bat_id,datalogger,download_date,date,time,channel,BPM,antenna,power,skin_temp,time_of_day,sex,repro,age,species
151.909,8443,6/3/2015,5/28/2015,0:00:00,7,29.6,AH0,167,31.7239488,Night,F,L,A,MYSE
151.909,8443,6/3/2015,6/1/2015,0:00:00,7,24.5,AH0,245,18.1619625,Night,F,L,A,MYSE
151.909,8443,6/3/2015,5/28/2015,0:00:02,7,29.7,AH0,164,31.9095509,Night,F,L,A,MYSE
151.909,8443,6/3/2015,6/1/2015,0:00:03,7,24.5,AH0,245,18.1619625,Night,F,L,A,MYSE
151.909,8443,6/3/2015,5/28/2015,0:00:04,7,29.6,AH0,167,31.7239488,Night,F,L,A,MYSE
151.909,8443,6/3/2015,6/1/2015,0:00:05,7,24.5,AH0,243,18.1619625,Night,F,L,A,MYSE
151.909,8443,6/3/2015,5/28/2015,0:00:18,7,29.7,AH0,161,31.9095509,Night,F,L,A,MYSE
151.909,8443,6/3/2015,5/28/2015,0:00:21,7,29.7,AH0,166,31.9095509,Night,F,L,A,MYSE
151.909,8443,6/3/2015,6/1/2015,0:00:22,7,24.5,AH0,247,18.1619625,Night,F,L,A,MYSE
151.909,8443,6/3/2015,5/28/2015,0:00:23,7,29.7,AH0,164,31.9095509,Night,F,L,A,MYSE
151.909,8443,6/3/2015,5/28/2015,0:00:25,7,29.7,AH0,166,31.9095509,Night,F,L,A,MYSE
151.909,8443,6/3/2015,6/1/2015,0:00:25,7,24.5,AH0,246,18.1619625,Night,F,L,A,MYSE
151.909,8443,6/3/2015,6/1/2015,0:00:27,7,24.5,AH0,243,18.1619625,Night,F,L,A,MYSE
151.909,8443,6/3/2015,5/28/2015,0:00:39,7,29.7,AH0,163,31.9095509,Night,F,L,A,MYSE
151.909,8443,6/3/2015,5/28/2015,0:00:41,7,29.7,AH0,167,31.9095509,Night,F,L,A,MYSE
151.909,8443,6/3/2015,6/1/2015,0:00:42,7,24.5,AH0,245,18.1619625,Night,F,L,A,MYSE
151.909,8443,6/3/2015,5/28/2015,0:00:43,7,29.8,AH0,167,32.0924136,Night,F,L,A,MYSE
151.909,8443,6/3/2015,6/1/2015,0:00:44,7,24.5,AH0,247,18.1619625,Night,F,L,A,MYSE
151.909,8443,6/3/2015,6/1/2015,0:00:47,7,24.5,AH0,245,18.1619625,Night,F,L,A,MYSE
151.909,8443,6/3/2015,5/28/2015,0:00:57,7,29.9,AH0,162,32.2725567,Night,F,L,A,MYSE
151.909,8443,6/3/2015,5/28/2015,0:00:59,7,29.9,AH0,168,32.2725567,Night,F,L,A,MYSE
151.909,8443,6/3/2015,5/28/2015,0:01:01,7,29.9,AH0,167,32.2725567,Night,F,L,A,MYSE
151.909,8443,6/3/2015,6/1/2015,0:01:02,7,24.5,AH0,244,18.1619625,Night,F,L,A,MYSE
151.909,8443,6/3/2015,5/28/2015,0:01:03,7,29.9,AH0,163,32.2725567,Night,F,L,A,MYSE
151.909,8443,6/3/2015,6/1/2015,0:01:04,7,24.5,AH0,240,18.1619625,Night,F,L,A,MYSE
151.909,8443,6/3/2015,6/1/2015,0:01:07,7,24.5,AH0,246,18.1619625,Night,F,L,A,MYSE
151.909,8443,6/3/2015,5/28/2015,0:01:17,7,29.9,AH0,160,32.2725567,Night,F,L,A,MYSE
151.909,8443,6/3/2015,5/28/2015,0:01:19,7,29.9,AH0,162,32.2725567,Night,F,L,A,MYSE
151.909,8443,6/3/2015,5/28/2015,0:01:21,7,30,AH0,163,32.45,Night,F,L,A,MYSE
151.909,8443,6/3/2015,6/1/2015,0:01:21,7,24.5,AH0,247,18.1619625,Night,F,L,A,MYSE
151.909,8443,6/3/2015,5/28/2015,0:01:23,7,30,AH0,163,32.45,Night,F,L,A,MYSE
151.909,8443,6/3/2015,6/1/2015,0:01:24,7,24.5,AH0,247,18.1619625,Night,F,L,A,MYSE
151.909,8443,6/3/2015,6/1/2015,0:01:26,7,24.5,AH0,245,18.1619625,Night,F,L,A,MYSE
151.909,8443,6/3/2015,5/28/2015,0:01:37,7,30,AH0,161,32.45,Night,F,L,A,MYSE
151.909,8443,6/3/2015,5/28/2015,0:01:39,7,30,AH0,166,32.45,Night,F,L,A,MYSE
151.909,8443,6/3/2015,5/28/2015,0:01:41,7,30,AH0,160,32.45,Night,F,L,A,MYSE
151.909,8443,6/3/2015,6/1/2015,0:01:41,7,24.5,AH0,247,18.1619625,Night,F,L,A,MYSE
151.909,8443,6/3/2015,5/28/2015,0:01:43,7,30,AH0,165,32.45,Night,F,L,A,MYSE
151.909,8443,6/3/2015,6/1/2015,0:01:43,7,24.5,AH0,246,18.1619625,Night,F,L,A,MYSE
151.909,8443,6/3/2015,6/1/2015,0:01:46,7,24.5,AH0,246,18.1619625,Night,F,L,A,MYSE
151.909,8443,6/3/2015,5/28/2015,0:01:57,7,30.1,AH0,163,32.6247633,Night,F,L,A,MYSE
151.909,8443,6/3/2015,5/28/2015,0:01:59,7,30.1,AH0,163,32.6247633,Night,F,L,A,MYSE
151.909,8443,6/3/2015,6/1/2015,0:02:00,7,24.5,AH0,246,18.1619625,Night,F,L,A,MYSE
151.909,8443,6/3/2015,5/28/2015,0:02:01,7,30.1,AH0,171,32.6247633,Night,F,L,A,MYSE
151.909,8443,6/3/2015,5/28/2015,0:02:03,7,30.1,AH0,172,32.6247633,Night,F,L,A,MYSE
151.909,8443,6/3/2015,6/1/2015,0:02:03,7,24.5,AH0,245,18.1619625,Night,F,L,A,MYSE
151.909,8443,6/3/2015,6/1/2015,0:02:05,7,24.5,AH0,247,18.1619625,Night,F,L,A,MYSE
151.909,8443,6/3/2015,5/28/2015,0:02:17,7,30,AH0,177,32.45,Night,F,L,A,MYSE
151.909,8443,6/3/2015,5/28/2015,0:02:19,7,30,AH0,175,32.45,Night,F,L,A,MYSE
151.909,8443,6/3/2015,5/28/2015,0:02:21,7,30,AH0,174,32.45,Night,F,L,A,MYSE
151.909,8443,6/3/2015,6/1/2015,0:02:22,7,24.5,AH0,244,18.1619625,Night,F,L,A,MYSE
151.909,8443,6/3/2015,5/28/2015,0:02:23,7,30,AH0,172,32.45,Night,F,L,A,MYSE
151.909,8443,6/3/2015,6/1/2015,0:02:25,7,24.5,AH0,246,18.1619625,Night,F,L,A,MYSE
151.909,8443,6/3/2015,6/1/2015,0:02:27,7,24.5,AH0,247,18.1619625,Night,F,L,A,MYSE
151.909,8443,6/3/2015,5/28/2015,0:02:37,7,30.5,AH0,121,33.2974125,Night,F,L,A,MYSE
151.909,8443,6/3/2015,5/28/2015,0:02:41,7,15.3,AH0,75,-32.8752859,Night,F,L,A,MYSE
151.909,8443,6/3/2015,6/1/2015,0:02:42,7,24.5,AH0,246,18.1619625,Night,F,L,A,MYSE
151.909,8443,6/3/2015,6/1/2015,0:02:44,7,24.5,AH0,247,18.1619625,Night,F,L,A,MYSE
151.909,8443,6/3/2015,6/1/2015,0:02:47,7,24.5,AH0,244,18.1619625,Night,F,L,A,MYSE
151.909,8443,6/3/2015,6/1/2015,0:03:02,7,24.5,AH0,246,18.1619625,Night,F,L,A,MYSE
151.909,8443,6/3/2015,6/1/2015,0:03:04,7,24.5,AH0,244,18.1619625,Night,F,L,A,MYSE
151.909,8443,6/3/2015,6/1/2015,0:03:06,7,24.5,AH0,247,18.1619625,Night,F,L,A,MYSE
151.909,8443,6/3/2015,6/1/2015,0:03:21,7,24.5,AH0,246,18.1619625,Night,F,L,A,MYSE
151.909,8443,6/3/2015,6/1/2015,0:03:24,7,24.5,AH0,247,18.1619625,Night,F,L,A,MYSE
151.909,8443,6/3/2015,6/1/2015,0:03:26,7,24.5,AH0,247,18.1619625,Night,F,L,A,MYSE
151.909,8443,6/3/2015,6/1/2015,0:03:41,7,24.5,AH0,246,18.1619625,Night,F,L,A,MYSE
151.909,8443,6/3/2015,6/1/2015,0:03:43,7,24.5,AH0,247,18.1619625,Night,F,L,A,MYSE
151.909,8443,6/3/2015,6/1/2015,0:03:46,7,24.5,AH0,248,18.1619625,Night,F,L,A,MYSE
151.909,8443,6/3/2015,6/1/2015,0:04:00,7,24.5,AH0,244,18.1619625,Night,F,L,A,MYSE
151.909,8443,6/3/2015,6/1/2015,0:04:03,7,24.5,AH0,246,18.1619625,Night,F,L,A,MYSE
151.909,8443,6/3/2015,6/1/2015,0:04:05,7,24.5,AH0,244,18.1619625,Night,F,L,A,MYSE
151.909,8443,6/3/2015,6/1/2015,0:04:22,7,24.5,AH0,248,18.1619625,Night,F,L,A,MYSE
151.909,8443,6/3/2015,6/1/2015,0:04:25,7,24.5,AH0,246,18.1619625,Night,F,L,A,MYSE
151.909,8443,6/3/2015,6/1/2015,0:04:27,7,24.5,AH0,248,18.1619625,Night,F,L,A,MYSE
151.909,8443,6/3/2015,6/1/2015,0:04:42,7,24.5,AH0,244,18.1619625,Night,F,L,A,MYSE
151.909,8443,6/3/2015,6/1/2015,0:04:44,7,24.5,AH0,246,18.1619625,Night,F,L,A,MYSE
151.909,8443,6/3/2015,6/1/2015,0:04:47,7,24.5,AH0,247,18.1619625,Night,F,L,A,MYSE
151.909,8443,6/3/2015,6/1/2015,0:05:01,7,24.5,AH0,245,18.1619625,Night,F,L,A,MYSE
151.909,8443,6/3/2015,6/1/2015,0:05:04,7,24.5,AH0,244,18.1619625,Night,F,L,A,MYSE
151.909,8443,6/3/2015,6/1/2015,0:05:06,7,24.5,AH0,246,18.1619625,Night,F,L,A,MYSE
151.909,8443,6/3/2015,6/1/2015,0:05:21,7,24.5,AH0,245,18.1619625,Night,F,L,A,MYSE
151.909,8443,6/3/2015,6/1/2015,0:05:23,7,24.5,AH0,246,18.1619625,Night,F,L,A,MYSE
151.909,8443,6/3/2015,6/1/2015,0:05:26,7,24.5,AH0,248,18.1619625,Night,F,L,A,MYSE
151.909,8443,6/3/2015,6/1/2015,0:05:41,7,24.5,AH0,248,18.1619625,Night,F,L,A,MYSE
151.909,8443,6/3/2015,6/1/2015,0:05:43,7,24.5,AH0,246,18.1619625,Night,F,L,A,MYSE
151.909,8443,6/3/2015,6/1/2015,0:05:46,7,24.5,AH0,244,18.1619625,Night,F,L,A,MYSE
151.909,8443,6/3/2015,6/1/2015,0:06:00,7,24.5,AH0,245,18.1619625,Night,F,L,A,MYSE
151.909,8443,6/3/2015,6/1/2015,0:06:03,7,24.5,AH0,247,18.1619625,Night,F,L,A,MYSE
151.909,8443,6/3/2015,6/1/2015,0:06:05,7,24.5,AH0,246,18.1619625,Night,F,L,A,MYSE
151.909,8443,6/3/2015,6/1/2015,0:06:08,7,24.5,AH0,245,18.1619625,Night,F,L,A,MYSE
151.909,8443,6/3/2015,6/1/2015,0:06:22,7,24.5,AH0,245,18.1619625,Night,F,L,A,MYSE
151.909,8443,6/3/2015,6/1/2015,0:06:25,7,24.5,AH0,246,18.1619625,Night,F,L,A,MYSE
151.909,8443,6/3/2015,6/1/2015,0:06:27,7,24.5,AH0,246,18.1619625,Night,F,L,A,MYSE
151.909,8443,6/3/2015,6/1/2015,0:06:42,7,24.5,AH0,246,18.1619625,Night,F,L,A,MYSE
151.909,8443,6/3/2015,6/1/2015,0:06:44,7,24.5,AH0,246,18.1619625,Night,F,L,A,MYSE
151.909,8443,6/3/2015,6/1/2015,0:06:47,7,24.5,AH0,246,18.1619625,Night,F,L,A,MYSE
151.909,8443,6/3/2015,6/1/2015,0:07:01,7,24.5,AH0,244,18.1619625,Night,F,L,A,MYSE
151.909,8443,6/3/2015,6/1/2015,0:07:04,7,24.5,AH0,244,18.1619625,Night,F,L,A,MYSE
151.909,8443,6/3/2015,6/1/2015,0:07:06,7,24.5,AH0,244,18.1619625,Night,F,L,A,MYSE
151.909,8443,6/3/2015,6/1/2015,0:07:21,7,24.5,AH0,245,18.1619625,Night,F,L,A,MYSE
151.909,8443,6/3/2015,6/1/2015,0:07:23,7,24.5,AH0,244,18.1619625,Night,F,L,A,MYSE
151.909,8443,6/3/2015,6/1/2015,0:07:26,7,24.5,AH0,244,18.1619625,Night,F,L,A,MYSE
151.909,8443,6/3/2015,6/1/2015,0:07:40,7,24.5,AH0,244,18.1619625,Night,F,L,A,MYSE
151.909,8443,6/3/2015,6/1/2015,0:07:43,7,24.5,AH0,246,18.1619625,Night,F,L,A,MYSE
151.909,8443,6/3/2015,6/1/2015,0:07:45,7,24.5,AH0,247,18.1619625,Night,F,L,A,MYSE
151.909,8443,6/3/2015,6/1/2015,0:08:00,7,24.5,AH0,247,18.1619625,Night,F,L,A,MYSE
151.909,8443,6/3/2015,6/1/2015,0:08:02,7,24.5,AH0,247,18.1619625,Night,F,L,A,MYSE
151.909,8443,6/3/2015,6/1/2015,0:08:05,7,24.5,AH0,243,18.1619625,Night,F,L,A,MYSE
151.909,8443,6/3/2015,6/1/2015,0:08:07,7,24.5,AH0,245,18.1619625,Night,F,L,A,MYSE
151.909,8443,6/3/2015,6/1/2015,0:08:22,7,24.5,AH0,244,18.1619625,Night,F,L,A,MYSE
151.909,8443,6/3/2015,6/1/2015,0:08:24,7,24.5,AH0,247,18.1619625,Night,F,L,A,MYSE
151.909,8443,6/3/2015,6/1/2015,0:08:27,7,24.5,AH0,246,18.1619625,Night,F,L,A,MYSE
151.909,8443,6/3/2015,6/1/2015,0:08:42,7,24.5,AH0,245,18.1619625,Night,F,L,A,MYSE
151.909,8443,6/3/2015,6/1/2015,0:08:44,7,24.5,AH0,245,18.1619625,Night,F,L,A,MYSE
151.909,8443,6/3/2015,6/1/2015,0:08:46,7,24.5,AH0,244,18.1619625,Night,F,L,A,MYSE
151.909,8443,6/3/2015,6/1/2015,0:09:01,7,24.5,AH0,245,18.1619625,Night,F,L,A,MYSE
151.909,8443,6/3/2015,6/1/2015,0:09:04,7,24.5,AH0,245,18.1619625,Night,F,L,A,MYSE
151.909,8443,6/3/2015,6/1/2015,0:09:06,7,24.5,AH0,247,18.1619625,Night,F,L,A,MYSE
151.909,8443,6/3/2015,6/1/2015,0:09:21,7,24.5,AH0,246,18.1619625,Night,F,L,A,MYSE
151.909,8443,6/3/2015,6/1/2015,0:09:23,7,24.5,AH0,245,18.1619625,Night,F,L,A,MYSE
151.909,8443,6/3/2015,6/1/2015,0:09:26,7,24.5,AH0,245,18.1619625,Night,F,L,A,MYSE
151.909,8443,6/3/2015,6/1/2015,0:09:40,7,24.5,AH0,246,18.1619625,Night,F,L,A,MYSE
151.909,8443,6/3/2015,6/1/2015,0:09:43,7,24.6,AH0,245,18.5135288,Night,F,L,A,MYSE
151.909,8443,6/3/2015,6/1/2015,0:09:45,7,24.5,AH0,247,18.1619625,Night,F,L,A,MYSE
151.909,8443,6/3/2015,6/1/2015,0:10:02,7,24.6,AH0,245,18.5135288,Night,F,L,A,MYSE
151.909,8443,6/3/2015,6/1/2015,0:10:05,7,24.5,AH0,246,18.1619625,Night,F,L,A,MYSE
151.909,8443,6/3/2015,6/1/2015,0:10:07,7,24.6,AH0,247,18.5135288,Night,F,L,A,MYSE
151.909,8443,6/3/2015,6/1/2015,0:10:23,7,24.5,AH0,243,18.1619625,Night,F,L,A,MYSE
151.909,8443,6/3/2015,6/1/2015,0:10:25,7,24.6,AH0,244,18.5135288,Night,F,L,A,MYSE
151.909,8443,6/3/2015,6/1/2015,0:10:28,7,24.6,AH0,248,18.5135288,Night,F,L,A,MYSE
151.909,8443,6/3/2015,6/1/2015,0:10:42,7,24.6,AH0,247,18.5135288,Night,F,L,A,MYSE
151.909,8443,6/3/2015,6/1/2015,0:10:45,7,24.6,AH0,246,18.5135288,Night,F,L,A,MYSE
151.909,8443,6/3/2015,6/1/2015,0:10:47,7,24.6,AH0,247,18.5135288,Night,F,L,A,MYSE
151.909,8443,6/3/2015,6/1/2015,0:11:02,7,24.5,AH0,245,18.1619625,Night,F,L,A,MYSE
151.909,8443,6/3/2015,6/1/2015,0:11:04,7,24.6,AH0,247,18.5135288,Night,F,L,A,MYSE
151.909,8443,6/3/2015,6/1/2015,0:11:07,7,24.6,AH0,243,18.5135288,Night,F,L,A,MYSE
151.909,8443,6/3/2015,6/1/2015,0:11:21,7,24.6,AH0,247,18.5135288,Night,F,L,A,MYSE
151.909,8443,6/3/2015,6/1/2015,0:11:24,7,24.6,AH0,246,18.5135288,Night,F,L,A,MYSE
151.909,8443,6/3/2015,6/1/2015,0:11:26,7,24.6,AH0,245,18.5135288,Night,F,L,A,MYSE
151.909,8443,6/3/2015,6/1/2015,0:11:41,7,24.6,AH0,245,18.5135288,Night,F,L,A,MYSE
151.909,8443,6/3/2015,6/1/2015,0:11:43,7,24.6,AH0,242,18.5135288,Night,F,L,A,MYSE
151.909,8443,6/3/2015,6/1/2015,0:11:46,7,24.6,AH0,247,18.5135288,Night,F,L,A,MYSE
151.909,8443,6/3/2015,6/1/2015,0:11:48,7,24.6,AH0,247,18.5135288,Night,F,L,A,MYSE
151.909,8443,6/3/2015,6/1/2015,0:12:03,7,24.6,AH0,246,18.5135288,Night,F,L,A,MYSE
151.909,8443,6/3/2015,6/1/2015,0:12:05,7,24.6,AH0,245,18.5135288,Night,F,L,A,MYSE
151.909,8443,6/3/2015,6/1/2015,0:12:08,7,24.6,AH0,245,18.5135288,Night,F,L,A,MYSE
151.909,8443,6/3/2015,6/1/2015,0:12:23,7,24.6,AH0,246,18.5135288,Night,F,L,A,MYSE
151.909,8443,6/3/2015,6/1/2015,0:12:25,7,24.6,AH0,244,18.5135288,Night,F,L,A,MYSE
151.909,8443,6/3/2015,6/1/2015,0:12:27,7,24.6,AH0,244,18.5135288,Night,F,L,A,MYSE
151.909,8443,6/3/2015,6/1/2015,0:12:42,7,24.6,AH0,245,18.5135288,Night,F,L,A,MYSE
151.909,8443,6/3/2015,6/1/2015,0:12:45,7,24.6,AH0,246,18.5135288,Night,F,L,A,MYSE
151.909,8443,6/3/2015,6/1/2015,0:12:47,7,24.6,AH0,247,18.5135288,Night,F,L,A,MYSE
151.909,8443,6/3/2015,6/1/2015,0:13:02,7,24.6,AH0,247,18.5135288,Night,F,L,A,MYSE
151.909,8443,6/3/2015,6/1/2015,0:13:04,7,24.6,AH0,247,18.5135288,Night,F,L,A,MYSE
151.909,8443,6/3/2015,6/1/2015,0:13:07,7,24.6,AH0,244,18.5135288,Night,F,L,A,MYSE
151.909,8443,6/3/2015,6/1/2015,0:13:21,7,24.6,AH0,247,18.5135288,Night,F,L,A,MYSE
151.909,8443,6/3/2015,6/1/2015,0:13:24,7,24.6,AH0,246,18.5135288,Night,F,L,A,MYSE
151.909,8443,6/3/2015,6/1/2015,0:13:26,7,24.6,AH0,246,18.5135288,Night,F,L,A,MYSE
151.909,8443,6/3/2015,6/1/2015,0:13:43,7,24.6,AH0,245,18.5135288,Night,F,L,A,MYSE
151.909,8443,6/3/2015,6/1/2015,0:13:46,7,24.6,AH0,246,18.5135288,Night,F,L,A,MYSE
151.909,8443,6/3/2015,6/1/2015,0:13:48,7,24.6,AH0,246,18.5135288,Night,F,L,A,MYSE
151.909,8443,6/3/2015,6/1/2015,0:14:03,7,24.6,AH0,246,18.5135288,Night,F,L,A,MYSE
151.909,8443,6/3/2015,6/1/2015,0:14:05,7,24.6,AH0,247,18.5135288,Night,F,L,A,MYSE
151.909,8443,6/3/2015,6/1/2015,0:14:08,7,24.6,AH0,246,18.5135288,Night,F,L,A,MYSE
151.909,8443,6/3/2015,6/1/2015,0:14:22,7,24.6,AH0,246,18.5135288,Night,F,L,A,MYSE
151.909,8443,6/3/2015,6/1/2015,0:14:25,7,24.6,AH0,245,18.5135288,Night,F,L,A,MYSE
151.909,8443,6/3/2015,6/1/2015,0:14:27,7,24.6,AH0,245,18.5135288,Night,F,L,A,MYSE
151.909,8443,6/3/2015,6/1/2015,0:14:42,7,24.6,AH0,246,18.5135288,Night,F,L,A,MYSE
151.909,8443,6/3/2015,6/1/2015,0:14:44,7,24.6,AH0,246,18.5135288,Night,F,L,A,MYSE
151.909,8443,6/3/2015,6/1/2015,0:14:47,7,24.6,AH0,247,18.5135288,Night,F,L,A,MYSE
151.909,8443,6/3/2015,6/1/2015,0:15:01,7,24.6,AH0,248,18.5135288,Night,F,L,A,MYSE
151.909,8443,6/3/2015,6/1/2015,0:15:04,7,24.6,AH0,246,18.5135288,Night,F,L,A,MYSE
151.909,8443,6/3/2015,6/1/2015,0:15:06,7,24.6,AH0,245,18.5135288,Night,F,L,A,MYSE
151.909,8443,6/3/2015,6/1/2015,0:15:21,7,24.7,AH0,247,18.8613459,Night,F,L,A,MYSE
151.909,8443,6/3/2015,6/1/2015,0:15:23,7,24.6,AH0,245,18.5135288,Night,F,L,A,MYSE
151.909,8443,6/3/2015,6/1/2015,0:15:26,7,24.6,AH0,246,18.5135288,Night,F,L,A,MYSE
151.909,8443,6/3/2015,6/1/2015,0:15:28,7,24.6,AH0,245,18.5135288,Night,F,L,A,MYSE
151.909,8443,6/3/2015,6/1/2015,0:15:43,7,24.6,AH0,246,18.5135288,Night,F,L,A,MYSE
151.909,8443,6/3/2015,6/1/2015,0:15:45,7,24.6,AH0,244,18.5135288,Night,F,L,A,MYSE
151.909,8443,6/3/2015,6/1/2015,0:15:48,7,24.6,AH0,244,18.5135288,Night,F,L,A,MYSE
151.909,8443,6/3/2015,6/1/2015,0:16:02,7,24.6,AH0,247,18.5135288,Night,F,L,A,MYSE
151.909,8443,6/3/2015,6/1/2015,0:16:05,7,24.6,AH0,247,18.5135288,Night,F,L,A,MYSE
151.909,8443,6/3/2015,6/1/2015,0:16:07,7,24.6,AH0,246,18.5135288,Night,F,L,A,MYSE
151.909,8443,6/3/2015,6/1/2015,0:16:22,7,24.6,AH0,247,18.5135288,Night,F,L,A,MYSE
151.909,8443,6/3/2015,6/1/2015,0:16:24,7,24.6,AH0,248,18.5135288,Night,F,L,A,MYSE
151.909,8443,6/3/2015,6/1/2015,0:16:27,7,24.6,AH0,246,18.5135288,Night,F,L,A,MYSE
151.909,8443,6/3/2015,6/1/2015,0:16:41,7,24.6,AH0,248,18.5135288,Night,F,L,A,MYSE
151.909,8443,6/3/2015,6/1/2015,0:16:44,7,24.6,AH0,245,18.5135288,Night,F,L,A,MYSE
151.909,8443,6/3/2015,6/1/2015,0:16:46,7,24.6,AH0,246,18.5135288,Night,F,L,A,MYSE
151.909,8443,6/3/2015,6/1/2015,0:17:01,7,24.6,AH0,244,18.5135288,Night,F,L,A,MYSE
151.909,8443,6/3/2015,6/1/2015,0:17:03,7,24.6,AH0,247,18.5135288,Night,F,L,A,MYSE
151.909,8443,6/3/2015,6/1/2015,0:17:06,7,24.6,AH0,245,18.5135288,Night,F,L,A,MYSE
151.909,8443,6/3/2015,6/1/2015,0:17:08,7,24.6,AH0,245,18.5135288,Night,F,L,A,MYSE
151.909,8443,6/3/2015,6/1/2015,0:17:23,7,24.6,AH0,244,18.5135288,Night,F,L,A,MYSE
151.909,8443,6/3/2015,6/1/2015,0:17:25,7,24.6,AH0,247,18.5135288,Night,F,L,A,MYSE
151.909,8443,6/3/2015,6/1/2015,0:17:28,7,24.6,AH0,243,18.5135288,Night,F,L,A,MYSE
151.909,8443,6/3/2015,6/1/2015,0:17:43,7,24.6,AH0,246,18.5135288,Night,F,L,A,MYSE
151.909,8443,6/3/2015,6/1/2015,0:17:45,7,24.6,AH0,248,18.5135288,Night,F,L,A,MYSE
151.909,8443,6/3/2015,6/1/2015,0:17:47,7,24.6,AH0,246,18.5135288,Night,F,L,A,MYSE
151.909,8443,6/3/2015,6/1/2015,0:18:02,7,24.6,AH0,246,18.5135288,Night,F,L,A,MYSE
151.909,8443,6/3/2015,6/1/2015,0:18:04,7,24.6,AH0,244,18.5135288,Night,F,L,A,MYSE
151.909,8443,6/3/2015,6/1/2015,0:18:07,7,24.6,AH0,247,18.5135288,Night,F,L,A,MYSE
151.909,8443,6/3/2015,6/1/2015,0:18:22,7,24.6,AH0,246,18.5135288,Night,F,L,A,MYSE
151.909,8443,6/3/2015,6/1/2015,0:18:24,7,24.6,AH0,246,18.5135288,Night,F,L,A,MYSE
151.909,8443,6/3/2015,6/1/2015,0:18:26,7,24.6,AH0,247,18.5135288,Night,F,L,A,MYSE
151.909,8443,6/3/2015,6/1/2015,0:18:41,7,24.6,AH0,243,18.5135288,Night,F,L,A,MYSE
151.909,8443,6/3/2015,6/1/2015,0:18:44,7,24.6,AH0,247,18.5135288,Night,F,L,A,MYSE
151.909,8443,6/3/2015,6/1/2015,0:18:46,7,24.6,AH0,245,18.5135288,Night,F,L,A,MYSE
151.909,8443,6/3/2015,6/1/2015,0:19:03,7,24.6,AH0,243,18.5135288,Night,F,L,A,MYSE
151.909,8443,6/3/2015,6/1/2015,0:19:06,7,24.6,AH0,245,18.5135288,Night,F,L,A,MYSE
151.909,8443,6/3/2015,6/1/2015,0:19:08,7,24.6,AH0,246,18.5135288,Night,F,L,A,MYSE
151.909,8443,6/3/2015,6/1/2015,0:19:23,7,24.6,AH0,245,18.5135288,Night,F,L,A,MYSE
151.909,8443,6/3/2015,6/1/2015,0:19:25,7,24.6,AH0,245,18.5135288,Night,F,L,A,MYSE
151.909,8443,6/3/2015,6/1/2015,0:19:27,7,24.6,AH0,245,18.5135288,Night,F,L,A,MYSE
151.909,8443,6/3/2015,6/1/2015,0:19:42,7,24.5,AH0,246,18.1619625,Night,F,L,A,MYSE
151.909,8443,6/3/2015,6/1/2015,0:19:45,7,24.5,AH0,248,18.1619625,Night,F,L,A,MYSE
151.909,8443,6/3/2015,6/1/2015,0:19:47,7,24.5,AH0,246,18.1619625,Night,F,L,A,MYSE
151.909,8443,6/3/2015,6/1/2015,0:20:02,7,24.5,AH0,246,18.1619625,Night,F,L,A,MYSE
151.909,8443,6/3/2015,6/1/2015,0:20:04,7,24.5,AH0,244,18.1619625,Night,F,L,A,MYSE
151.909,8443,6/3/2015,6/1/2015,0:20:07,7,24.5,AH0,247,18.1619625,Night,F,L,A,MYSE
151.909,8443,6/3/2015,6/1/2015,0:20:21,7,24.5,AH0,245,18.1619625,Night,F,L,A,MYSE
151.909,8443,6/3/2015,6/1/2015,0:20:24,7,24.5,AH0,246,18.1619625,Night,F,L,A,MYSE
151.909,8443,6/3/2015,6/1/2015,0:20:26,7,24.5,AH0,246,18.1619625,Night,F,L,A,MYSE
151.909,8443,6/3/2015,6/1/2015,0:20:41,7,24.5,AH0,243,18.1619625,Night,F,L,A,MYSE
151.909,8443,6/3/2015,6/1/2015,0:20:43,7,24.5,AH0,246,18.1619625,Night,F,L,A,MYSE
151.909,8443,6/3/2015,6/1/2015,0:20:46,7,24.5,AH0,245,18.1619625,Night,F,L,A,MYSE
151.909,8443,6/3/2015,6/1/2015,0:20:48,7,24.5,AH0,245,18.1619625,Night,F,L,A,MYSE
151.909,8443,6/3/2015,6/1/2015,0:21:03,7,24.4,AH0,246,17.8066272,Night,F,L,A,MYSE
151.909,8443,6/3/2015,6/1/2015,0:21:05,7,24.4,AH0,246,17.8066272,Night,F,L,A,MYSE
151.909,8443,6/3/2015,6/1/2015,0:21:08,7,24.4,AH0,243,17.8066272,Night,F,L,A,MYSE
151.909,8443,6/3/2015,6/1/2015,0:21:23,7,24.4,AH0,247,17.8066272,Night,F,L,A,MYSE
151.909,8443,6/3/2015,6/1/2015,0:21:25,7,24.4,AH0,245,17.8066272,Night,F,L,A,MYSE
151.909,8443,6/3/2015,6/1/2015,0:21:28,7,24.4,AH0,246,17.8066272,Night,F,L,A,MYSE
151.909,8443,6/3/2015,6/1/2015,0:21:42,7,24.4,AH0,245,17.8066272,Night,F,L,A,MYSE
151.909,8443,6/3/2015,6/1/2015,0:21:45,7,24.4,AH0,244,17.8066272,Night,F,L,A,MYSE
151.909,8443,6/3/2015,6/1/2015,0:21:47,7,24.4,AH0,246,17.8066272,Night,F,L,A,MYSE
151.909,8443,6/3/2015,6/1/2015,0:22:02,7,24.4,AH0,243,17.8066272,Night,F,L,A,MYSE
151.909,8443,6/3/2015,6/1/2015,0:22:04,7,24.4,AH0,244,17.8066272,Night,F,L,A,MYSE
151.909,8443,6/3/2015,6/1/2015,0:22:07,7,24.5,AH0,247,18.1619625,Night,F,L,A,MYSE
151.909,8443,6/3/2015,6/1/2015,0:22:22,7,24.5,AH0,244,18.1619625,Night,F,L,A,MYSE
151.909,8443,6/3/2015,6/1/2015,0:22:24,7,24.5,AH0,244,18.1619625,Night,F,L,A,MYSE
151.909,8443,6/3/2015,6/1/2015,0:22:26,7,24.4,AH0,247,17.8066272,Night,F,L,A,MYSE
151.909,8443,6/3/2015,6/1/2015,0:22:41,7,24.5,AH0,246,18.1619625,Night,F,L,A,MYSE
151.909,8443,6/3/2015,6/1/2015,0:22:44,7,24.5,AH0,241,18.1619625,Night,F,L,A,MYSE
151.909,8443,6/3/2015,6/1/2015,0:22:46,7,24.5,AH0,244,18.1619625,Night,F,L,A,MYSE
151.909,8443,6/3/2015,6/1/2015,0:23:01,7,24.5,AH0,246,18.1619625,Night,F,L,A,MYSE
151.909,8443,6/3/2015,6/1/2015,0:23:03,7,24.5,AH0,247,18.1619625,Night,F,L,A,MYSE
151.909,8443,6/3/2015,6/1/2015,0:23:06,7,24.5,AH0,246,18.1619625,Night,F,L,A,MYSE
151.909,8443,6/3/2015,6/1/2015,0:23:08,7,24.5,AH0,244,18.1619625,Night,F,L,A,MYSE
151.909,8443,6/3/2015,6/1/2015,0:23:23,7,24.5,AH0,245,18.1619625,Night,F,L,A,MYSE
151.909,8443,6/3/2015,6/1/2015,0:23:25,7,24.5,AH0,245,18.1619625,Night,F,L,A,MYSE
151.909,8443,6/3/2015,6/1/2015,0:23:28,7,24.5,AH0,245,18.1619625,Night,F,L,A,MYSE
151.909,8443,6/3/2015,6/1/2015,0:23:42,7,24.5,AH0,245,18.1619625,Night,F,L,A,MYSE
151.909,8443,6/3/2015,6/1/2015,0:23:45,7,24.5,AH0,247,18.1619625,Night,F,L,A,MYSE
151.909,8443,6/3/2015,6/1/2015,0:23:47,7,24.5,AH0,243,18.1619625,Night,F,L,A,MYSE
151.909,8443,6/3/2015,6/1/2015,0:24:02,7,24.5,AH0,244,18.1619625,Night,F,L,A,MYSE
151.909,8443,6/3/2015,6/1/2015,0:24:04,7,24.5,AH0,244,18.1619625,Night,F,L,A,MYSE
151.909,8443,6/3/2015,6/1/2015,0:24:07,7,24.5,AH0,244,18.1619625,Night,F,L,A,MYSE
151.909,8443,6/3/2015,6/1/2015,0:24:22,7,24.5,AH0,246,18.1619625,Night,F,L,A,MYSE
151.909,8443,6/3/2015,6/1/2015,0:24:24,7,24.5,AH0,244,18.1619625,Night,F,L,A,MYSE
151.909,8443,6/3/2015,6/1/2015,0:24:26,7,24.5,AH0,246,18.1619625,Night,F,L,A,MYSE
151.909,8443,6/3/2015,6/1/2015,0:24:41,7,24.5,AH0,244,18.1619625,Night,F,L,A,MYSE
151.909,8443,6/3/2015,6/1/2015,0:24:44,7,24.5,AH0,245,18.1619625,Night,F,L,A,MYSE
151.909,8443,6/3/2015,6/1/2015,0:24:46,7,24.5,AH0,243,18.1619625,Night,F,L,A,MYSE
151.909,8443,6/3/2015,6/1/2015,0:25:01,7,24.5,AH0,247,18.1619625,Night,F,L,A,MYSE
151.909,8443,6/3/2015,6/1/2015,0:25:03,7,24.5,AH0,245,18.1619625,Night,F,L,A,MYSE
151.909,8443,6/3/2015,6/1/2015,0:25:06,7,24.5,AH0,243,18.1619625,Night,F,L,A,MYSE
151.909,8443,6/3/2015,6/1/2015,0:25:08,7,24.5,AH0,248,18.1619625,Night,F,L,A,MYSE
151.909,8443,6/3/2015,6/1/2015,0:25:23,7,24.5,AH0,245,18.1619625,Night,F,L,A,MYSE
151.909,8443,6/3/2015,6/1/2015,0:25:25,7,24.4,AH0,244,17.8066272,Night,F,L,A,MYSE
151.909,8443,6/3/2015,6/1/2015,0:25:28,7,24.4,AH0,248,17.8066272,Night,F,L,A,MYSE
151.909,8443,6/3/2015,6/1/2015,0:25:42,7,24.4,AH0,245,17.8066272,Night,F,L,A,MYSE
151.909,8443,6/3/2015,6/1/2015,0:25:45,7,24.4,AH0,243,17.8066272,Night,F,L,A,MYSE
151.909,8443,6/3/2015,6/1/2015,0:25:47,7,24.4,AH0,246,17.8066272,Night,F,L,A,MYSE
151.909,8443,6/3/2015,6/1/2015,0:26:02,7,24.4,AH0,246,17.8066272,Night,F,L,A,MYSE
151.909,8443,6/3/2015,6/1/2015,0:26:05,7,24.4,AH0,245,17.8066272,Night,F,L,A,MYSE
151.909,8443,6/3/2015,6/1/2015,0:26:07,7,24.4,AH0,245,17.8066272,Night,F,L,A,MYSE
151.909,8443,6/3/2015,6/1/2015,0:26:22,7,24.5,AH0,243,18.1619625,Night,F,L,A,MYSE
151.909,8443,6/3/2015,6/1/2015,0:26:24,7,24.5,AH0,245,18.1619625,Night,F,L,A,MYSE
151.909,8443,6/3/2015,6/1/2015,0:26:27,7,24.5,AH0,243,18.1619625,Night,F,L,A,MYSE
151.909,8443,6/3/2015,6/1/2015,0:26:41,7,24.5,AH0,243,18.1619625,Night,F,L,A,MYSE
151.909,8443,6/3/2015,6/1/2015,0:26:44,7,24.5,AH0,244,18.1619625,Night,F,L,A,MYSE
151.909,8443,6/3/2015,6/1/2015,0:26:46,7,24.5,AH0,245,18.1619625,Night,F,L,A,MYSE
151.909,8443,6/3/2015,6/1/2015,0:27:01,7,24.5,AH0,245,18.1619625,Night,F,L,A,MYSE
151.909,8443,6/3/2015,6/1/2015,0:27:03,7,24.5,AH0,246,18.1619625,Night,F,L,A,MYSE
151.909,8443,6/3/2015,6/1/2015,0:27:06,7,24.5,AH0,245,18.1619625,Night,F,L,A,MYSE
151.909,8443,6/3/2015,6/1/2015,0:27:23,7,24.5,AH0,242,18.1619625,Night,F,L,A,MYSE
151.909,8443,6/3/2015,6/1/2015,0:27:26,7,24.5,AH0,244,18.1619625,Night,F,L,A,MYSE
151.909,8443,6/3/2015,6/1/2015,0:27:28,7,24.5,AH0,242,18.1619625,Night,F,L,A,MYSE
151.909,8443,6/3/2015,6/1/2015,0:27:43,7,24.5,AH0,245,18.1619625,Night,F,L,A,MYSE
151.909,8443,6/3/2015,6/1/2015,0:27:45,7,24.5,AH0,243,18.1619625,Night,F,L,A,MYSE
151.909,8443,6/3/2015,6/1/2015,0:27:48,7,24.5,AH0,242,18.1619625,Night,F,L,A,MYSE
151.909,8443,6/3/2015,6/1/2015,0:28:02,7,24.5,AH0,244,18.1619625,Night,F,L,A,MYSE
151.909,8443,6/3/2015,6/1/2015,0:28:05,7,24.5,AH0,245,18.1619625,Night,F,L,A,MYSE
151.909,8443,6/3/2015,6/1/2015,0:28:07,7,24.5,AH0,244,18.1619625,Night,F,L,A,MYSE
151.909,8443,6/3/2015,6/1/2015,0:28:22,7,24.5,AH0,244,18.1619625,Night,F,L,A,MYSE
151.909,8443,6/3/2015,6/1/2015,0:28:24,7,24.5,AH0,246,18.1619625,Night,F,L,A,MYSE
151.909,8443,6/3/2015,6/1/2015,0:28:27,7,24.5,AH0,246,18.1619625,Night,F,L,A,MYSE
151.909,8443,6/3/2015,6/1/2015,0:28:41,7,24.4,AH0,244,17.8066272,Night,F,L,A,MYSE
151.909,8443,6/3/2015,6/1/2015,0:28:44,7,24.5,AH0,245,18.1619625,Night,F,L,A,MYSE
151.909,8443,6/3/2015,6/1/2015,0:28:46,7,24.4,AH0,244,17.8066272,Night,F,L,A,MYSE
151.909,8443,6/3/2015,6/1/2015,0:29:01,7,24.4,AH0,247,17.8066272,Night,F,L,A,MYSE
151.909,8443,6/3/2015,6/1/2015,0:29:04,7,24.5,AH0,244,18.1619625,Night,F,L,A,MYSE
151.909,8443,6/3/2015,6/1/2015,0:29:06,7,24.4,AH0,245,17.8066272,Night,F,L,A,MYSE
151.909,8443,6/3/2015,6/1/2015,0:29:21,7,24.4,AH0,245,17.8066272,Night,F,L,A,MYSE
151.909,8443,6/3/2015,6/1/2015,0:29:23,7,24.5,AH0,245,18.1619625,Night,F,L,A,MYSE
151.909,8443,6/3/2015,6/1/2015,0:29:26,7,24.4,AH0,246,17.8066272,Night,F,L,A,MYSE
151.909,8443,6/3/2015,6/1/2015,0:29:28,7,24.5,AH0,243,18.1619625,Night,F,L,A,MYSE
151.909,8443,6/3/2015,6/1/2015,0:29:43,7,24.5,AH0,245,18.1619625,Night,F,L,A,MYSE
151.909,8443,6/3/2015,6/1/2015,0:29:45,7,24.4,AH0,243,17.8066272,Night,F,L,A,MYSE
151.909,8443,6/3/2015,6/1/2015,0:29:48,7,24.5,AH0,241,18.1619625,Night,F,L,A,MYSE
151.909,8443,6/3/2015,6/1/2015,0:30:02,7,24.4,AH0,243,17.8066272,Night,F,L,A,MYSE
151.909,8443,6/3/2015,6/1/2015,0:30:05,7,24.4,AH0,247,17.8066272,Night,F,L,A,MYSE
151.909,8443,6/3/2015,6/1/2015,0:30:07,7,24.4,AH0,248,17.8066272,Night,F,L,A,MYSE
151.909,8443,6/3/2015,6/1/2015,0:30:22,7,24.4,AH0,242,17.8066272,Night,F,L,A,MYSE
151.909,8443,6/3/2015,6/1/2015,0:30:25,7,24.4,AH0,244,17.8066272,Night,F,L,A,MYSE
151.909,8443,6/3/2015,6/1/2015,0:30:27,7,24.4,AH0,244,17.8066272,Night,F,L,A,MYSE
151.909,8443,6/3/2015,6/1/2015,0:30:42,7,24.4,AH0,244,17.8066272,Night,F,L,A,MYSE
151.909,8443,6/3/2015,6/1/2015,0:30:44,7,24.4,AH0,247,17.8066272,Night,F,L,A,MYSE
151.909,8443,6/3/2015,6/1/2015,0:30:47,7,24.4,AH0,242,17.8066272,Night,F,L,A,MYSE
151.909,8443,6/3/2015,6/1/2015,0:31:01,7,24.4,AH0,244,17.8066272,Night,F,L,A,MYSE
151.909,8443,6/3/2015,6/1/2015,0:31:04,7,24.4,AH0,247,17.8066272,Night,F,L,A,MYSE
151.909,8443,6/3/2015,6/1/2015,0:31:06,7,24.4,AH0,246,17.8066272,Night,F,L,A,MYSE
151.909,8443,6/3/2015,6/1/2015,0:31:21,7,24.4,AH0,245,17.8066272,Night,F,L,A,MYSE
151.909,8443,6/3/2015,6/1/2015,0:31:24,7,24.4,AH0,248,17.8066272,Night,F,L,A,MYSE
151.909,8443,6/3/2015,6/1/2015,0:31:26,7,24.4,AH0,241,17.8066272,Night,F,L,A,MYSE
151.909,8443,6/3/2015,6/1/2015,0:31:40,7,24.4,AH0,245,17.8066272,Night,F,L,A,MYSE
151.909,8443,6/3/2015,6/1/2015,0:31:42,7,24.4,AH0,247,17.8066272,Night,F,L,A,MYSE
151.909,8443,6/3/2015,6/1/2015,0:31:45,7,24.4,AH0,244,17.8066272,Night,F,L,A,MYSE
151.909,8443,6/3/2015,6/1/2015,0:31:47,7,24.4,AH0,246,17.8066272,Night,F,L,A,MYSE
151.909,8443,6/3/2015,6/1/2015,0:32:02,7,24.4,AH0,245,17.8066272,Night,F,L,A,MYSE
151.909,8443,6/3/2015,6/1/2015,0:32:04,7,24.4,AH0,244,17.8066272,Night,F,L,A,MYSE
151.909,8443,6/3/2015,6/1/2015,0:32:07,7,24.4,AH0,244,17.8066272,Night,F,L,A,MYSE
151.909,8443,6/3/2015,6/1/2015,0:32:22,7,24.4,AH0,247,17.8066272,Night,F,L,A,MYSE
151.909,8443,6/3/2015,6/1/2015,0:32:24,7,24.4,AH0,246,17.8066272,Night,F,L,A,MYSE
151.909,8443,6/3/2015,6/1/2015,0:32:26,7,24.4,AH0,246,17.8066272,Night,F,L,A,MYSE
151.909,8443,6/3/2015,6/1/2015,0:32:41,7,24.4,AH0,243,17.8066272,Night,F,L,A,MYSE
151.909,8443,6/3/2015,6/1/2015,0:32:44,7,24.4,AH0,246,17.8066272,Night,F,L,A,MYSE
151.909,8443,6/3/2015,6/1/2015,0:32:46,7,24.4,AH0,246,17.8066272,Night,F,L,A,MYSE
151.909,8443,6/3/2015,6/1/2015,0:33:01,7,24.4,AH0,247,17.8066272,Night,F,L,A,MYSE
151.909,8443,6/3/2015,6/1/2015,0:33:03,7,24.4,AH0,246,17.8066272,Night,F,L,A,MYSE
151.909,8443,6/3/2015,6/1/2015,0:33:06,7,24.4,AH0,246,17.8066272,Night,F,L,A,MYSE
151.909,8443,6/3/2015,6/1/2015,0:33:21,7,24.4,AH0,244,17.8066272,Night,F,L,A,MYSE
151.909,8443,6/3/2015,6/1/2015,0:33:23,7,24.4,AH0,243,17.8066272,Night,F,L,A,MYSE
151.909,8443,6/3/2015,6/1/2015,0:33:25,7,24.4,AH0,244,17.8066272,Night,F,L,A,MYSE
151.909,8443,6/3/2015,6/1/2015,0:33:40,7,24.4,AH0,245,17.8066272,Night,F,L,A,MYSE
151.909,8443,6/3/2015,6/1/2015,0:33:43,7,24.4,AH0,242,17.8066272,Night,F,L,A,MYSE
151.909,8443,6/3/2015,6/1/2015,0:33:45,7,24.4,AH0,243,17.8066272,Night,F,L,A,MYSE
151.909,8443,6/3/2015,6/1/2015,0:34:00,7,24.4,AH0,247,17.8066272,Night,F,L,A,MYSE
151.909,8443,6/3/2015,6/1/2015,0:34:02,7,24.5,AH0,245,18.1619625,Night,F,L,A,MYSE
151.909,8443,6/3/2015,6/1/2015,0:34:05,7,24.4,AH0,246,17.8066272,Night,F,L,A,MYSE
151.909,8443,6/3/2015,6/1/2015,0:34:22,7,24.4,AH0,246,17.8066272,Night,F,L,A,MYSE
151.909,8443,6/3/2015,6/1/2015,0:34:24,7,24.4,AH0,245,17.8066272,Night,F,L,A,MYSE
151.909,8443,6/3/2015,6/1/2015,0:34:27,7,24.4,AH0,243,17.8066272,Night,F,L,A,MYSE
151.909,8443,6/3/2015,6/1/2015,0:34:42,7,24.4,AH0,245,17.8066272,Night,F,L,A,MYSE
151.909,8443,6/3/2015,6/1/2015,0:34:44,7,24.4,AH0,247,17.8066272,Night,F,L,A,MYSE
151.909,8443,6/3/2015,6/1/2015,0:34:47,7,24.4,AH0,245,17.8066272,Night,F,L,A,MYSE
151.909,8443,6/3/2015,6/1/2015,0:35:01,7,24.4,AH0,246,17.8066272,Night,F,L,A,MYSE
151.909,8443,6/3/2015,6/1/2015,0:35:04,7,24.4,AH0,245,17.8066272,Night,F,L,A,MYSE
151.909,8443,6/3/2015,6/1/2015,0:35:06,7,24.4,AH0,245,17.8066272,Night,F,L,A,MYSE
151.909,8443,6/3/2015,6/1/2015,0:35:21,7,24.5,AH0,245,18.1619625,Night,F,L,A,MYSE
151.909,8443,6/3/2015,6/1/2015,0:35:23,7,24.4,AH0,245,17.8066272,Night,F,L,A,MYSE
151.909,8443,6/3/2015,6/1/2015,0:35:26,7,24.5,AH0,243,18.1619625,Night,F,L,A,MYSE
151.909,8443,6/3/2015,6/1/2015,0:35:41,7,24.5,AH0,245,18.1619625,Night,F,L,A,MYSE
151.909,8443,6/3/2015,6/1/2015,0:35:43,7,24.5,AH0,243,18.1619625,Night,F,L,A,MYSE
151.909,8443,6/3/2015,6/1/2015,0:35:45,7,24.5,AH0,246,18.1619625,Night,F,L,A,MYSE
151.909,8443,6/3/2015,6/1/2015,0:36:00,7,24.5,AH0,245,18.1619625,Night,F,L,A,MYSE
151.909,8443,6/3/2015,6/1/2015,0:36:03,7,24.5,AH0,246,18.1619625,Night,F,L,A,MYSE
151.909,8443,6/3/2015,6/1/2015,0:36:05,7,24.5,AH0,242,18.1619625,Night,F,L,A,MYSE
151.909,8443,6/3/2015,6/1/2015,0:36:20,7,24.5,AH0,244,18.1619625,Night,F,L,A,MYSE
151.909,8443,6/3/2015,6/1/2015,0:36:22,7,24.5,AH0,244,18.1619625,Night,F,L,A,MYSE
151.909,8443,6/3/2015,6/1/2015,0:36:25,7,24.5,AH0,246,18.1619625,Night,F,L,A,MYSE
151.909,8443,6/3/2015,6/1/2015,0:36:42,7,24.5,AH0,246,18.1619625,Night,F,L,A,MYSE
151.909,8443,6/3/2015,6/1/2015,0:36:44,7,24.5,AH0,242,18.1619625,Night,F,L,A,MYSE
151.909,8443,6/3/2015,6/1/2015,0:36:47,7,24.5,AH0,245,18.1619625,Night,F,L,A,MYSE
151.909,8443,6/3/2015,6/1/2015,0:37:01,7,24.5,AH0,245,18.1619625,Night,F,L,A,MYSE
151.909,8443,6/3/2015,6/1/2015,0:37:04,7,24.5,AH0,242,18.1619625,Night,F,L,A,MYSE
151.909,8443,6/3/2015,6/1/2015,0:37:06,7,24.5,AH0,243,18.1619625,Night,F,L,A,MYSE
151.909,8443,6/3/2015,6/1/2015,0:37:21,7,24.5,AH0,245,18.1619625,Night,F,L,A,MYSE
151.909,8443,6/3/2015,6/1/2015,0:37:24,7,24.5,AH0,245,18.1619625,Night,F,L,A,MYSE
151.909,8443,6/3/2015,6/1/2015,0:37:26,7,24.5,AH0,242,18.1619625,Night,F,L,A,MYSE
151.909,8443,6/3/2015,6/1/2015,0:37:41,7,24.5,AH0,246,18.1619625,Night,F,L,A,MYSE
151.909,8443,6/3/2015,6/1/2015,0:37:43,7,24.5,AH0,245,18.1619625,Night,F,L,A,MYSE
151.909,8443,6/3/2015,6/1/2015,0:37:46,7,24.5,AH0,245,18.1619625,Night,F,L,A,MYSE
151.909,8443,6/3/2015,6/1/2015,0:38:00,7,24.5,AH0,246,18.1619625,Night,F,L,A,MYSE
151.909,8443,6/3/2015,6/1/2015,0:38:03,7,24.5,AH0,244,18.1619625,Night,F,L,A,MYSE
151.909,8443,6/3/2015,6/1/2015,0:38:05,7,24.5,AH0,245,18.1619625,Night,F,L,A,MYSE
151.909,8443,6/3/2015,6/1/2015,0:38:20,7,24.5,AH0,245,18.1619625,Night,F,L,A,MYSE
151.909,8443,6/3/2015,6/1/2015,0:38:22,7,24.5,AH0,245,18.1619625,Night,F,L,A,MYSE
151.909,8443,6/3/2015,6/1/2015,0:38:25,7,24.5,AH0,246,18.1619625,Night,F,L,A,MYSE
151.909,8443,6/3/2015,6/1/2015,0:38:40,7,24.5,AH0,242,18.1619625,Night,F,L,A,MYSE
151.909,8443,6/3/2015,6/1/2015,0:38:42,7,24.5,AH0,244,18.1619625,Night,F,L,A,MYSE
151.909,8443,6/3/2015,6/1/2015,0:38:44,7,24.5,AH0,244,18.1619625,Night,F,L,A,MYSE
151.909,8443,6/3/2015,6/1/2015,0:38:47,7,24.5,AH0,247,18.1619625,Night,F,L,A,MYSE
151.909,8443,6/3/2015,6/1/2015,0:39:02,7,24.5,AH0,246,18.1619625,Night,F,L,A,MYSE
151.909,8443,6/3/2015,6/1/2015,0:39:04,7,24.5,AH0,247,18.1619625,Night,F,L,A,MYSE
151.909,8443,6/3/2015,6/1/2015,0:39:07,7,24.5,AH0,243,18.1619625,Night,F,L,A,MYSE
151.909,8443,6/3/2015,6/1/2015,0:39:21,7,24.5,AH0,245,18.1619625,Night,F,L,A,MYSE
151.909,8443,6/3/2015,6/1/2015,0:39:24,7,24.5,AH0,247,18.1619625,Night,F,L,A,MYSE
151.909,8443,6/3/2015,6/1/2015,0:39:26,7,24.5,AH0,244,18.1619625,Night,F,L,A,MYSE
151.909,8443,6/3/2015,6/1/2015,0:39:41,7,24.5,AH0,247,18.1619625,Night,F,L,A,MYSE
151.909,8443,6/3/2015,6/1/2015,0:39:43,7,24.5,AH0,244,18.1619625,Night,F,L,A,MYSE
151.909,8443,6/3/2015,6/1/2015,0:39:46,7,24.5,AH0,247,18.1619625,Night,F,L,A,MYSE
151.909,8443,6/3/2015,6/1/2015,0:40:00,7,24.5,AH0,244,18.1619625,Night,F,L,A,MYSE
151.909,8443,6/3/2015,6/1/2015,0:40:03,7,24.5,AH0,246,18.1619625,Night,F,L,A,MYSE
151.909,8443,6/3/2015,6/1/2015,0:40:05,7,24.5,AH0,245,18.1619625,Night,F,L,A,MYSE
151.909,8443,6/3/2015,6/1/2015,0:40:20,7,24.5,AH0,247,18.1619625,Night,F,L,A,MYSE
151.909,8443,6/3/2015,6/1/2015,0:40:22,7,24.5,AH0,246,18.1619625,Night,F,L,A,MYSE
151.909,8443,6/3/2015,6/1/2015,0:40:25,7,24.5,AH0,248,18.1619625,Night,F,L,A,MYSE
151.909,8443,6/3/2015,6/1/2015,0:40:40,7,24.5,AH0,245,18.1619625,Night,F,L,A,MYSE
151.909,8443,6/3/2015,6/1/2015,0:40:42,7,24.5,AH0,246,18.1619625,Night,F,L,A,MYSE
151.909,8443,6/3/2015,6/1/2015,0:40:45,7,24.5,AH0,246,18.1619625,Night,F,L,A,MYSE
151.909,8443,6/3/2015,6/1/2015,0:41:02,7,24.5,AH0,246,18.1619625,Night,F,L,A,MYSE
151.909,8443,6/3/2015,6/1/2015,0:41:04,7,24.4,AH0,245,17.8066272,Night,F,L,A,MYSE
151.909,8443,6/3/2015,6/1/2015,0:41:07,7,24.5,AH0,243,18.1619625,Night,F,L,A,MYSE
151.909,8443,6/3/2015,6/1/2015,0:41:21,7,24.5,AH0,247,18.1619625,Night,F,L,A,MYSE
151.909,8443,6/3/2015,6/1/2015,0:41:24,7,24.5,AH0,245,18.1619625,Night,F,L,A,MYSE
151.909,8443,6/3/2015,6/1/2015,0:41:26,7,24.4,AH0,244,17.8066272,Night,F,L,A,MYSE
151.909,8443,6/3/2015,6/1/2015,0:41:41,7,24.4,AH0,243,17.8066272,Night,F,L,A,MYSE
151.909,8443,6/3/2015,6/1/2015,0:41:43,7,24.4,AH0,246,17.8066272,Night,F,L,A,MYSE
151.909,8443,6/3/2015,6/1/2015,0:41:46,7,24.4,AH0,248,17.8066272,Night,F,L,A,MYSE
151.909,8443,6/3/2015,6/1/2015,0:42:01,7,24.4,AH0,245,17.8066272,Night,F,L,A,MYSE
151.909,8443,6/3/2015,6/1/2015,0:42:03,7,24.4,AH0,245,17.8066272,Night,F,L,A,MYSE
151.909,8443,6/3/2015,6/1/2015,0:42:06,7,24.4,AH0,246,17.8066272,Night,F,L,A,MYSE
151.909,8443,6/3/2015,6/1/2015,0:42:20,7,24.4,AH0,248,17.8066272,Night,F,L,A,MYSE
151.909,8443,6/3/2015,6/1/2015,0:42:23,7,24.4,AH0,246,17.8066272,Night,F,L,A,MYSE
151.909,8443,6/3/2015,6/1/2015,0:42:25,7,24.4,AH0,247,17.8066272,Night,F,L,A,MYSE
151.909,8443,6/3/2015,6/1/2015,0:42:40,7,24.5,AH0,246,18.1619625,Night,F,L,A,MYSE
151.909,8443,6/3/2015,6/1/2015,0:42:42,7,24.4,AH0,248,17.8066272,Night,F,L,A,MYSE
151.909,8443,6/3/2015,6/1/2015,0:42:45,7,24.5,AH0,244,18.1619625,Night,F,L,A,MYSE
151.909,8443,6/3/2015,6/1/2015,0:43:00,7,24.5,AH0,247,18.1619625,Night,F,L,A,MYSE
151.909,8443,6/3/2015,6/1/2015,0:43:02,7,24.5,AH0,247,18.1619625,Night,F,L,A,MYSE
151.909,8443,6/3/2015,6/1/2015,0:43:04,7,24.5,AH0,247,18.1619625,Night,F,L,A,MYSE
151.909,8443,6/3/2015,6/1/2015,0:43:07,7,24.5,AH0,244,18.1619625,Night,F,L,A,MYSE
151.909,8443,6/3/2015,6/1/2015,0:43:22,7,24.5,AH0,246,18.1619625,Night,F,L,A,MYSE
151.909,8443,6/3/2015,6/1/2015,0:43:24,7,24.5,AH0,247,18.1619625,Night,F,L,A,MYSE
151.909,8443,6/3/2015,6/1/2015,0:43:26,7,24.5,AH0,244,18.1619625,Night,F,L,A,MYSE
151.909,8443,6/3/2015,6/1/2015,0:43:41,7,24.5,AH0,248,18.1619625,Night,F,L,A,MYSE
151.909,8443,6/3/2015,6/1/2015,0:43:44,7,24.5,AH0,246,18.1619625,Night,F,L,A,MYSE
151.909,8443,6/3/2015,6/1/2015,0:43:46,7,24.5,AH0,246,18.1619625,Night,F,L,A,MYSE
151.909,8443,6/3/2015,6/1/2015,0:44:01,7,24.5,AH0,245,18.1619625,Night,F,L,A,MYSE
151.909,8443,6/3/2015,6/1/2015,0:44:03,7,24.5,AH0,247,18.1619625,Night,F,L,A,MYSE
151.909,8443,6/3/2015,6/1/2015,0:44:06,7,24.5,AH0,243,18.1619625,Night,F,L,A,MYSE
151.909,8443,6/3/2015,6/1/2015,0:44:20,7,24.4,AH0,246,17.8066272,Night,F,L,A,MYSE
151.909,8443,6/3/2015,6/1/2015,0:44:23,7,24.5,AH0,246,18.1619625,Night,F,L,A,MYSE
151.909,8443,6/3/2015,6/1/2015,0:44:25,7,24.4,AH0,244,17.8066272,Night,F,L,A,MYSE
151.909,8443,6/3/2015,6/1/2015,0:44:40,7,24.4,AH0,246,17.8066272,Night,F,L,A,MYSE
151.909,8443,6/3/2015,6/1/2015,0:44:43,7,24.4,AH0,245,17.8066272,Night,F,L,A,MYSE
151.909,8443,6/3/2015,6/1/2015,0:44:45,7,24.4,AH0,248,17.8066272,Night,F,L,A,MYSE
151.909,8443,6/3/2015,6/1/2015,0:45:00,7,24.5,AH0,245,18.1619625,Night,F,L,A,MYSE
151.909,8443,6/3/2015,6/1/2015,0:45:02,7,24.4,AH0,246,17.8066272,Night,F,L,A,MYSE
151.909,8443,6/3/2015,6/1/2015,0:45:05,7,24.4,AH0,247,17.8066272,Night,F,L,A,MYSE
151.909,8443,6/3/2015,6/1/2015,0:45:22,7,24.4,AH0,249,17.8066272,Night,F,L,A,MYSE
151.909,8443,6/3/2015,6/1/2015,0:45:24,7,24.4,AH0,249,17.8066272,Night,F,L,A,MYSE
151.909,8443,6/3/2015,6/1/2015,0:45:27,7,24.5,AH0,247,18.1619625,Night,F,L,A,MYSE
151.909,8443,6/3/2015,6/1/2015,0:45:41,7,24.5,AH0,246,18.1619625,Night,F,L,A,MYSE
151.909,8443,6/3/2015,6/1/2015,0:45:44,7,24.5,AH0,245,18.1619625,Night,F,L,A,MYSE
151.909,8443,6/3/2015,6/1/2015,0:45:46,7,24.5,AH0,246,18.1619625,Night,F,L,A,MYSE
151.909,8443,6/3/2015,6/1/2015,0:46:01,7,24.5,AH0,246,18.1619625,Night,F,L,A,MYSE
151.909,8443,6/3/2015,6/1/2015,0:46:04,7,24.5,AH0,245,18.1619625,Night,F,L,A,MYSE
151.909,8443,6/3/2015,6/1/2015,0:46:06,7,24.5,AH0,244,18.1619625,Night,F,L,A,MYSE
151.909,8443,6/3/2015,6/1/2015,0:46:21,7,24.5,AH0,245,18.1619625,Night,F,L,A,MYSE
151.909,8443,6/3/2015,6/1/2015,0:46:23,7,24.5,AH0,247,18.1619625,Night,F,L,A,MYSE
151.909,8443,6/3/2015,6/1/2015,0:46:26,7,24.5,AH0,245,18.1619625,Night,F,L,A,MYSE
151.909,8443,6/3/2015,6/1/2015,0:46:40,7,24.5,AH0,247,18.1619625,Night,F,L,A,MYSE
151.909,8443,6/3/2015,6/1/2015,0:46:43,7,24.5,AH0,244,18.1619625,Night,F,L,A,MYSE
151.909,8443,6/3/2015,6/1/2015,0:46:45,7,24.5,AH0,246,18.1619625,Night,F,L,A,MYSE
151.909,8443,6/3/2015,6/1/2015,0:47:00,7,24.5,AH0,245,18.1619625,Night,F,L,A,MYSE
151.909,8443,6/3/2015,6/1/2015,0:47:02,7,24.5,AH0,242,18.1619625,Night,F,L,A,MYSE
151.909,8443,6/3/2015,6/1/2015,0:47:05,7,24.5,AH0,244,18.1619625,Night,F,L,A,MYSE
151.909,8443,6/3/2015,6/1/2015,0:47:20,7,24.5,AH0,246,18.1619625,Night,F,L,A,MYSE
151.909,8443,6/3/2015,6/1/2015,0:47:22,7,24.5,AH0,246,18.1619625,Night,F,L,A,MYSE
151.909,8443,6/3/2015,6/1/2015,0:47:24,7,24.5,AH0,247,18.1619625,Night,F,L,A,MYSE
151.909,8443,6/3/2015,6/1/2015,0:47:27,7,24.5,AH0,246,18.1619625,Night,F,L,A,MYSE
151.909,8443,6/3/2015,6/1/2015,0:47:42,7,24.5,AH0,246,18.1619625,Night,F,L,A,MYSE
151.909,8443,6/3/2015,6/1/2015,0:47:44,7,24.5,AH0,244,18.1619625,Night,F,L,A,MYSE
151.909,8443,6/3/2015,6/1/2015,0:47:46,7,24.5,AH0,247,18.1619625,Night,F,L,A,MYSE
151.909,8443,6/3/2015,6/1/2015,0:48:01,7,24.5,AH0,247,18.1619625,Night,F,L,A,MYSE
151.909,8443,6/3/2015,6/1/2015,0:48:04,7,24.5,AH0,244,18.1619625,Night,F,L,A,MYSE
151.909,8443,6/3/2015,6/1/2015,0:48:06,7,24.5,AH0,245,18.1619625,Night,F,L,A,MYSE
151.909,8443,6/3/2015,6/1/2015,0:48:21,7,24.5,AH0,246,18.1619625,Night,F,L,A,MYSE
151.909,8443,6/3/2015,6/1/2015,0:48:23,7,24.5,AH0,247,18.1619625,Night,F,L,A,MYSE
151.909,8443,6/3/2015,6/1/2015,0:48:26,7,24.5,AH0,246,18.1619625,Night,F,L,A,MYSE
151.909,8443,6/3/2015,6/1/2015,0:48:40,7,24.5,AH0,245,18.1619625,Night,F,L,A,MYSE
151.909,8443,6/3/2015,6/1/2015,0:48:43,7,24.5,AH0,246,18.1619625,Night,F,L,A,MYSE
151.909,8443,6/3/2015,6/1/2015,0:48:45,7,24.5,AH0,246,18.1619625,Night,F,L,A,MYSE
151.909,8443,6/3/2015,6/1/2015,0:49:00,7,24.5,AH0,246,18.1619625,Night,F,L,A,MYSE
151.909,8443,6/3/2015,6/1/2015,0:49:02,7,24.5,AH0,243,18.1619625,Night,F,L,A,MYSE
151.909,8443,6/3/2015,6/1/2015,0:49:05,7,24.5,AH0,247,18.1619625,Night,F,L,A,MYSE
151.909,8443,6/3/2015,6/1/2015,0:49:20,7,24.5,AH0,246,18.1619625,Night,F,L,A,MYSE
151.909,8443,6/3/2015,6/1/2015,0:49:22,7,24.5,AH0,243,18.1619625,Night,F,L,A,MYSE
151.909,8443,6/3/2015,6/1/2015,0:49:24,7,24.5,AH0,246,18.1619625,Night,F,L,A,MYSE
151.909,8443,6/3/2015,6/1/2015,0:49:42,7,24.5,AH0,244,18.1619625,Night,F,L,A,MYSE
151.909,8443,6/3/2015,6/1/2015,0:49:44,7,24.5,AH0,246,18.1619625,Night,F,L,A,MYSE
151.909,8443,6/3/2015,6/1/2015,0:49:46,7,24.5,AH0,244,18.1619625,Night,F,L,A,MYSE
151.909,8443,6/3/2015,6/1/2015,0:50:01,7,24.5,AH0,246,18.1619625,Night,F,L,A,MYSE
151.909,8443,6/3/2015,6/1/2015,0:50:04,7,24.5,AH0,244,18.1619625,Night,F,L,A,MYSE
151.909,8443,6/3/2015,6/1/2015,0:50:06,7,24.5,AH0,248,18.1619625,Night,F,L,A,MYSE
151.909,8443,6/3/2015,6/1/2015,0:50:21,7,24.5,AH0,246,18.1619625,Night,F,L,A,MYSE
151.909,8443,6/3/2015,6/1/2015,0:50:23,7,24.5,AH0,248,18.1619625,Night,F,L,A,MYSE
151.909,8443,6/3/2015,6/1/2015,0:50:26,7,24.5,AH0,246,18.1619625,Night,F,L,A,MYSE
151.909,8443,6/3/2015,6/1/2015,0:50:40,7,24.5,AH0,246,18.1619625,Night,F,L,A,MYSE
151.909,8443,6/3/2015,6/1/2015,0:50:43,7,24.5,AH0,246,18.1619625,Night,F,L,A,MYSE
151.909,8443,6/3/2015,6/1/2015,0:50:45,7,24.5,AH0,243,18.1619625,Night,F,L,A,MYSE
151.909,8443,6/3/2015,6/1/2015,0:51:00,7,24.5,AH0,244,18.1619625,Night,F,L,A,MYSE
151.909,8443,6/3/2015,6/1/2015,0:51:02,7,24.5,AH0,245,18.1619625,Night,F,L,A,MYSE
151.909,8443,6/3/2015,6/1/2015,0:51:05,7,24.5,AH0,244,18.1619625,Night,F,L,A,MYSE
151.909,8443,6/3/2015,6/1/2015,0:51:19,7,24.5,AH0,245,18.1619625,Night,F,L,A,MYSE
151.909,8443,6/3/2015,6/1/2015,0:51:22,7,24.5,AH0,244,18.1619625,Night,F,L,A,MYSE
151.909,8443,6/3/2015,6/1/2015,0:51:24,7,24.5,AH0,247,18.1619625,Night,F,L,A,MYSE
151.909,8443,6/3/2015,6/1/2015,0:51:27,7,24.5,AH0,246,18.1619625,Night,F,L,A,MYSE
151.909,8443,6/3/2015,6/1/2015,0:51:42,7,24.5,AH0,247,18.1619625,Night,F,L,A,MYSE
151.909,8443,6/3/2015,6/1/2015,0:51:44,7,24.5,AH0,245,18.1619625,Night,F,L,A,MYSE
151.909,8443,6/3/2015,6/1/2015,0:51:46,7,24.5,AH0,245,18.1619625,Night,F,L,A,MYSE
151.909,8443,6/3/2015,6/1/2015,0:52:01,7,24.5,AH0,245,18.1619625,Night,F,L,A,MYSE
151.909,8443,6/3/2015,6/1/2015,0:52:04,7,24.5,AH0,245,18.1619625,Night,F,L,A,MYSE
151.909,8443,6/3/2015,6/1/2015,0:52:06,7,24.5,AH0,245,18.1619625,Night,F,L,A,MYSE
151.909,8443,6/3/2015,6/1/2015,0:52:21,7,24.5,AH0,244,18.1619625,Night,F,L,A,MYSE
151.909,8443,6/3/2015,6/1/2015,0:52:23,7,24.5,AH0,245,18.1619625,Night,F,L,A,MYSE
151.909,8443,6/3/2015,6/1/2015,0:52:26,7,24.5,AH0,245,18.1619625,Night,F,L,A,MYSE
151.909,8443,6/3/2015,6/1/2015,0:52:40,7,24.5,AH0,244,18.1619625,Night,F,L,A,MYSE
151.909,8443,6/3/2015,6/1/2015,0:52:43,7,24.5,AH0,245,18.1619625,Night,F,L,A,MYSE
151.909,8443,6/3/2015,6/1/2015,0:52:45,7,24.5,AH0,247,18.1619625,Night,F,L,A,MYSE
151.909,8443,6/3/2015,6/1/2015,0:53:00,7,24.5,AH0,246,18.1619625,Night,F,L,A,MYSE
151.909,8443,6/3/2015,6/1/2015,0:53:02,7,24.5,AH0,246,18.1619625,Night,F,L,A,MYSE
151.909,8443,6/3/2015,6/1/2015,0:53:05,7,24.5,AH0,246,18.1619625,Night,F,L,A,MYSE
151.909,8443,6/3/2015,6/1/2015,0:53:19,7,24.5,AH0,245,18.1619625,Night,F,L,A,MYSE
151.909,8443,6/3/2015,6/1/2015,0:53:22,7,24.5,AH0,243,18.1619625,Night,F,L,A,MYSE
151.909,8443,6/3/2015,6/1/2015,0:53:24,7,24.5,AH0,247,18.1619625,Night,F,L,A,MYSE
151.909,8443,6/3/2015,6/1/2015,0:53:27,7,24.5,AH0,245,18.1619625,Night,F,L,A,MYSE
151.909,8443,6/3/2015,6/1/2015,0:53:41,7,24.5,AH0,248,18.1619625,Night,F,L,A,MYSE
151.909,8443,6/3/2015,6/1/2015,0:53:44,7,24.5,AH0,245,18.1619625,Night,F,L,A,MYSE
151.909,8443,6/3/2015,6/1/2015,0:53:46,7,24.5,AH0,246,18.1619625,Night,F,L,A,MYSE
151.909,8443,6/3/2015,6/1/2015,0:54:01,7,24.5,AH0,247,18.1619625,Night,F,L,A,MYSE
151.909,8443,6/3/2015,6/1/2015,0:54:03,7,24.5,AH0,243,18.1619625,Night,F,L,A,MYSE
151.909,8443,6/3/2015,6/1/2015,0:54:06,7,24.5,AH0,246,18.1619625,Night,F,L,A,MYSE
151.909,8443,6/3/2015,6/1/2015,0:54:20,7,24.5,AH0,245,18.1619625,Night,F,L,A,MYSE
151.909,8443,6/3/2015,6/1/2015,0:54:23,7,24.5,AH0,246,18.1619625,Night,F,L,A,MYSE
151.909,8443,6/3/2015,6/1/2015,0:54:25,7,24.5,AH0,245,18.1619625,Night,F,L,A,MYSE
151.909,8443,6/3/2015,6/1/2015,0:54:40,7,24.6,AH0,246,18.5135288,Night,F,L,A,MYSE
151.909,8443,6/3/2015,6/1/2015,0:54:42,7,24.5,AH0,246,18.1619625,Night,F,L,A,MYSE
151.909,8443,6/3/2015,6/1/2015,0:54:45,7,24.5,AH0,245,18.1619625,Night,F,L,A,MYSE
151.909,8443,6/3/2015,6/1/2015,0:55:00,7,24.5,AH0,247,18.1619625,Night,F,L,A,MYSE
151.909,8443,6/3/2015,6/1/2015,0:55:02,7,24.5,AH0,244,18.1619625,Night,F,L,A,MYSE
151.909,8443,6/3/2015,6/1/2015,0:55:04,7,24.5,AH0,243,18.1619625,Night,F,L,A,MYSE
151.909,8443,6/3/2015,6/1/2015,0:55:22,7,24.5,AH0,247,18.1619625,Night,F,L,A,MYSE
151.909,8443,6/3/2015,6/1/2015,0:55:24,7,24.5,AH0,245,18.1619625,Night,F,L,A,MYSE
151.909,8443,6/3/2015,6/1/2015,0:55:26,7,24.5,AH0,246,18.1619625,Night,F,L,A,MYSE
151.909,8443,6/3/2015,6/1/2015,0:55:41,7,24.5,AH0,243,18.1619625,Night,F,L,A,MYSE
151.909,8443,6/3/2015,6/1/2015,0:55:44,7,24.6,AH0,243,18.5135288,Night,F,L,A,MYSE
151.909,8443,6/3/2015,6/1/2015,0:55:46,7,24.5,AH0,246,18.1619625,Night,F,L,A,MYSE
151.909,8443,6/3/2015,6/1/2015,0:56:01,7,24.6,AH0,248,18.5135288,Night,F,L,A,MYSE
151.909,8443,6/3/2015,6/1/2015,0:56:03,7,24.6,AH0,247,18.5135288,Night,F,L,A,MYSE
151.909,8443,6/3/2015,6/1/2015,0:56:06,7,24.6,AH0,245,18.5135288,Night,F,L,A,MYSE
151.909,8443,6/3/2015,6/1/2015,0:56:20,7,24.6,AH0,244,18.5135288,Night,F,L,A,MYSE
151.909,8443,6/3/2015,6/1/2015,0:56:23,7,24.6,AH0,245,18.5135288,Night,F,L,A,MYSE
151.909,8443,6/3/2015,6/1/2015,0:56:25,7,24.5,AH0,247,18.1619625,Night,F,L,A,MYSE
151.909,8443,6/3/2015,6/1/2015,0:56:40,7,24.6,AH0,246,18.5135288,Night,F,L,A,MYSE
151.909,8443,6/3/2015,6/1/2015,0:56:42,7,24.6,AH0,247,18.5135288,Night,F,L,A,MYSE
151.909,8443,6/3/2015,6/1/2015,0:56:45,7,24.6,AH0,244,18.5135288,Night,F,L,A,MYSE
151.909,8443,6/3/2015,6/1/2015,0:56:59,7,24.6,AH0,246,18.5135288,Night,F,L,A,MYSE
151.909,8443,6/3/2015,6/1/2015,0:57:02,7,24.5,AH0,246,18.1619625,Night,F,L,A,MYSE
151.909,8443,6/3/2015,6/1/2015,0:57:04,7,24.6,AH0,247,18.5135288,Night,F,L,A,MYSE
151.909,8443,6/3/2015,6/1/2015,0:57:07,7,24.6,AH0,245,18.5135288,Night,F,L,A,MYSE
151.909,8443,6/3/2015,6/1/2015,0:57:21,7,24.6,AH0,245,18.5135288,Night,F,L,A,MYSE
151.909,8443,6/3/2015,6/1/2015,0:57:24,7,24.5,AH0,245,18.1619625,Night,F,L,A,MYSE
151.909,8443,6/3/2015,6/1/2015,0:57:26,7,24.5,AH0,246,18.1619625,Night,F,L,A,MYSE
151.909,8443,6/3/2015,6/1/2015,0:57:41,7,24.6,AH0,243,18.5135288,Night,F,L,A,MYSE
151.909,8443,6/3/2015,6/1/2015,0:57:43,7,24.6,AH0,245,18.5135288,Night,F,L,A,MYSE
151.909,8443,6/3/2015,6/1/2015,0:57:46,7,24.6,AH0,246,18.5135288,Night,F,L,A,MYSE
151.909,8443,6/3/2015,6/1/2015,0:58:00,7,24.6,AH0,241,18.5135288,Night,F,L,A,MYSE
151.909,8443,6/3/2015,6/1/2015,0:58:03,7,24.6,AH0,246,18.5135288,Night,F,L,A,MYSE
151.909,8443,6/3/2015,6/1/2015,0:58:05,7,24.6,AH0,248,18.5135288,Night,F,L,A,MYSE
151.909,8443,6/3/2015,6/1/2015,0:58:20,7,24.6,AH0,245,18.5135288,Night,F,L,A,MYSE
151.909,8443,6/3/2015,6/1/2015,0:58:22,7,24.6,AH0,245,18.5135288,Night,F,L,A,MYSE
151.909,8443,6/3/2015,6/1/2015,0:58:25,7,24.6,AH0,246,18.5135288,Night,F,L,A,MYSE
151.909,8443,6/3/2015,6/1/2015,0:58:40,7,24.6,AH0,246,18.5135288,Night,F,L,A,MYSE
151.909,8443,6/3/2015,6/1/2015,0:58:42,7,24.6,AH0,246,18.5135288,Night,F,L,A,MYSE
151.909,8443,6/3/2015,6/1/2015,0:58:44,7,24.6,AH0,247,18.5135288,Night,F,L,A,MYSE
151.909,8443,6/3/2015,6/1/2015,0:59:02,7,24.6,AH0,246,18.5135288,Night,F,L,A,MYSE
151.909,8443,6/3/2015,6/1/2015,0:59:04,7,24.6,AH0,247,18.5135288,Night,F,L,A,MYSE
151.909,8443,6/3/2015,6/1/2015,0:59:06,7,24.6,AH0,246,18.5135288,Night,F,L,A,MYSE
151.909,8443,6/3/2015,6/1/2015,0:59:21,7,24.6,AH0,246,18.5135288,Night,F,L,A,MYSE
151.909,8443,6/3/2015,6/1/2015,0:59:23,7,24.6,AH0,244,18.5135288,Night,F,L,A,MYSE
151.909,8443,6/3/2015,6/1/2015,0:59:26,7,24.6,AH0,244,18.5135288,Night,F,L,A,MYSE
151.909,8443,6/3/2015,6/1/2015,0:59:41,7,24.6,AH0,246,18.5135288,Night,F,L,A,MYSE
151.909,8443,6/3/2015,6/1/2015,0:59:43,7,24.6,AH0,244,18.5135288,Night,F,L,A,MYSE
151.909,8443,6/3/2015,6/1/2015,0:59:45,7,24.6,AH0,246,18.5135288,Night,F,L,A,MYSE
151.909,8443,6/3/2015,6/1/2015,1:00:00,7,24.6,AH0,244,18.5135288,Night,F,L,A,MYSE
151.909,8443,6/3/2015,6/1/2015,1:00:03,7,24.6,AH0,247,18.5135288,Night,F,L,A,MYSE
151.909,8443,6/3/2015,6/1/2015,1:00:05,7,24.6,AH0,245,18.5135288,Night,F,L,A,MYSE
151.909,8443,6/3/2015,6/1/2015,1:00:20,7,24.6,AH0,246,18.5135288,Night,F,L,A,MYSE
151.909,8443,6/3/2015,6/1/2015,1:00:22,7,24.6,AH0,245,18.5135288,Night,F,L,A,MYSE
151.909,8443,6/3/2015,6/1/2015,1:00:25,7,24.6,AH0,243,18.5135288,Night,F,L,A,MYSE
151.909,8443,6/3/2015,6/1/2015,1:00:39,7,24.6,AH0,245,18.5135288,Night,F,L,A,MYSE
151.909,8443,6/3/2015,6/1/2015,1:00:42,7,24.6,AH0,245,18.5135288,Night,F,L,A,MYSE
151.909,8443,6/3/2015,6/1/2015,1:00:44,7,24.6,AH0,245,18.5135288,Night,F,L,A,MYSE
151.909,8443,6/3/2015,6/1/2015,1:00:47,7,24.6,AH0,247,18.5135288,Night,F,L,A,MYSE
151.909,8443,6/3/2015,6/1/2015,1:01:01,7,24.6,AH0,246,18.5135288,Night,F,L,A,MYSE
151.909,8443,6/3/2015,6/1/2015,1:01:04,7,24.6,AH0,247,18.5135288,Night,F,L,A,MYSE
151.909,8443,6/3/2015,6/1/2015,1:01:06,7,24.6,AH0,245,18.5135288,Night,F,L,A,MYSE
151.909,8443,6/3/2015,6/1/2015,1:01:21,7,24.6,AH0,245,18.5135288,Night,F,L,A,MYSE
151.909,8443,6/3/2015,6/1/2015,1:01:23,7,24.6,AH0,244,18.5135288,Night,F,L,A,MYSE
151.909,8443,6/3/2015,6/1/2015,1:01:26,7,24.6,AH0,245,18.5135288,Night,F,L,A,MYSE
151.909,8443,6/3/2015,6/1/2015,1:01:40,7,24.6,AH0,243,18.5135288,Night,F,L,A,MYSE
151.909,8443,6/3/2015,6/1/2015,1:01:43,7,24.6,AH0,245,18.5135288,Night,F,L,A,MYSE
151.909,8443,6/3/2015,6/1/2015,1:01:45,7,24.6,AH0,244,18.5135288,Night,F,L,A,MYSE
151.909,8443,6/3/2015,6/1/2015,1:02:00,7,24.6,AH0,244,18.5135288,Night,F,L,A,MYSE
151.909,8443,6/3/2015,6/1/2015,1:02:02,7,24.5,AH0,243,18.1619625,Night,F,L,A,MYSE
151.909,8443,6/3/2015,6/1/2015,1:02:05,7,24.5,AH0,244,18.1619625,Night,F,L,A,MYSE
151.909,8443,6/3/2015,6/1/2015,1:02:19,7,24.5,AH0,246,18.1619625,Night,F,L,A,MYSE
151.909,8443,6/3/2015,6/1/2015,1:02:22,7,24.5,AH0,245,18.1619625,Night,F,L,A,MYSE
151.909,8443,6/3/2015,6/1/2015,1:02:24,7,24.5,AH0,246,18.1619625,Night,F,L,A,MYSE
151.909,8443,6/3/2015,6/1/2015,1:02:41,7,24.5,AH0,244,18.1619625,Night,F,L,A,MYSE
151.909,8443,6/3/2015,6/1/2015,1:02:44,7,24.5,AH0,246,18.1619625,Night,F,L,A,MYSE
151.909,8443,6/3/2015,6/1/2015,1:02:46,7,24.5,AH0,246,18.1619625,Night,F,L,A,MYSE
151.909,8443,6/3/2015,6/1/2015,1:03:01,7,24.5,AH0,246,18.1619625,Night,F,L,A,MYSE
151.909,8443,6/3/2015,6/1/2015,1:03:03,7,24.5,AH0,247,18.1619625,Night,F,L,A,MYSE
151.909,8443,6/3/2015,6/1/2015,1:03:06,7,24.5,AH0,243,18.1619625,Night,F,L,A,MYSE
151.909,8443,6/3/2015,6/1/2015,1:03:21,7,24.5,AH0,244,18.1619625,Night,F,L,A,MYSE
151.909,8443,6/3/2015,6/1/2015,1:03:23,7,24.5,AH0,247,18.1619625,Night,F,L,A,MYSE
151.909,8443,6/3/2015,6/1/2015,1:03:25,7,24.5,AH0,245,18.1619625,Night,F,L,A,MYSE
151.909,8443,6/3/2015,6/1/2015,1:03:40,7,24.5,AH0,245,18.1619625,Night,F,L,A,MYSE
151.909,8443,6/3/2015,6/1/2015,1:03:43,7,24.5,AH0,242,18.1619625,Night,F,L,A,MYSE
151.909,8443,6/3/2015,6/1/2015,1:03:45,7,24.5,AH0,246,18.1619625,Night,F,L,A,MYSE
151.909,8443,6/3/2015,6/1/2015,1:04:00,7,24.5,AH0,246,18.1619625,Night,F,L,A,MYSE
151.909,8443,6/3/2015,6/1/2015,1:04:02,7,24.5,AH0,245,18.1619625,Night,F,L,A,MYSE
151.909,8443,6/3/2015,6/1/2015,1:04:05,7,24.5,AH0,246,18.1619625,Night,F,L,A,MYSE
151.909,8443,6/3/2015,6/1/2015,1:04:19,7,24.5,AH0,244,18.1619625,Night,F,L,A,MYSE
151.909,8443,6/3/2015,6/1/2015,1:04:22,7,24.5,AH0,244,18.1619625,Night,F,L,A,MYSE
151.909,8443,6/3/2015,6/1/2015,1:04:24,7,24.5,AH0,246,18.1619625,Night,F,L,A,MYSE
151.909,8443,6/3/2015,6/1/2015,1:04:27,7,24.5,AH0,246,18.1619625,Night,F,L,A,MYSE
151.909,8443,6/3/2015,6/1/2015,1:04:41,7,24.5,AH0,245,18.1619625,Night,F,L,A,MYSE
151.909,8443,6/3/2015,6/1/2015,1:04:44,7,24.5,AH0,246,18.1619625,Night,F,L,A,MYSE
151.909,8443,6/3/2015,6/1/2015,1:04:46,7,24.5,AH0,245,18.1619625,Night,F,L,A,MYSE
151.909,8443,6/3/2015,6/1/2015,1:05:01,7,24.5,AH0,247,18.1619625,Night,F,L,A,MYSE
151.909,8443,6/3/2015,6/1/2015,1:05:03,7,24.5,AH0,245,18.1619625,Night,F,L,A,MYSE
151.909,8443,6/3/2015,6/1/2015,1:05:06,7,24.5,AH0,246,18.1619625,Night,F,L,A,MYSE
151.909,8443,6/3/2015,6/1/2015,1:05:20,7,24.5,AH0,246,18.1619625,Night,F,L,A,MYSE
151.909,8443,6/3/2015,6/1/2015,1:05:23,7,24.5,AH0,247,18.1619625,Night,F,L,A,MYSE
151.909,8443,6/3/2015,6/1/2015,1:05:25,7,24.5,AH0,244,18.1619625,Night,F,L,A,MYSE
151.909,8443,6/3/2015,6/1/2015,1:05:40,7,24.5,AH0,245,18.1619625,Night,F,L,A,MYSE
151.909,8443,6/3/2015,6/1/2015,1:05:42,7,24.5,AH0,242,18.1619625,Night,F,L,A,MYSE
151.909,8443,6/3/2015,6/1/2015,1:05:45,7,24.5,AH0,246,18.1619625,Night,F,L,A,MYSE
151.909,8443,6/3/2015,6/1/2015,1:06:00,7,24.5,AH0,245,18.1619625,Night,F,L,A,MYSE
151.909,8443,6/3/2015,6/1/2015,1:06:02,7,24.5,AH0,247,18.1619625,Night,F,L,A,MYSE
151.909,8443,6/3/2015,6/1/2015,1:06:04,7,24.5,AH0,247,18.1619625,Night,F,L,A,MYSE
151.909,8443,6/3/2015,6/1/2015,1:06:19,7,24.5,AH0,246,18.1619625,Night,F,L,A,MYSE
151.909,8443,6/3/2015,6/1/2015,1:06:22,7,24.5,AH0,247,18.1619625,Night,F,L,A,MYSE
151.909,8443,6/3/2015,6/1/2015,1:06:24,7,24.5,AH0,246,18.1619625,Night,F,L,A,MYSE
151.909,8443,6/3/2015,6/1/2015,1:06:26,7,24.5,AH0,244,18.1619625,Night,F,L,A,MYSE
151.909,8443,6/3/2015,6/1/2015,1:06:41,7,24.5,AH0,244,18.1619625,Night,F,L,A,MYSE
151.909,8443,6/3/2015,6/1/2015,1:06:44,7,24.5,AH0,246,18.1619625,Night,F,L,A,MYSE
151.909,8443,6/3/2015,6/1/2015,1:06:46,7,24.5,AH0,245,18.1619625,Night,F,L,A,MYSE
151.909,8443,6/3/2015,6/1/2015,1:07:01,7,24.5,AH0,245,18.1619625,Night,F,L,A,MYSE
151.909,8443,6/3/2015,6/1/2015,1:07:03,7,24.5,AH0,246,18.1619625,Night,F,L,A,MYSE
151.909,8443,6/3/2015,6/1/2015,1:07:06,7,24.5,AH0,243,18.1619625,Night,F,L,A,MYSE
151.909,8443,6/3/2015,6/1/2015,1:07:20,7,24.5,AH0,245,18.1619625,Night,F,L,A,MYSE
151.909,8443,6/3/2015,6/1/2015,1:07:23,7,24.5,AH0,247,18.1619625,Night,F,L,A,MYSE
151.909,8443,6/3/2015,6/1/2015,1:07:25,7,24.5,AH0,244,18.1619625,Night,F,L,A,MYSE
151.909,8443,6/3/2015,6/1/2015,1:07:40,7,24.5,AH0,247,18.1619625,Night,F,L,A,MYSE
151.909,8443,6/3/2015,6/1/2015,1:07:42,7,24.5,AH0,247,18.1619625,Night,F,L,A,MYSE
151.909,8443,6/3/2015,6/1/2015,1:07:45,7,24.5,AH0,246,18.1619625,Night,F,L,A,MYSE
151.909,8443,6/3/2015,6/1/2015,1:07:59,7,24.5,AH0,247,18.1619625,Night,F,L,A,MYSE
151.909,8443,6/3/2015,6/1/2015,1:08:02,7,24.5,AH0,247,18.1619625,Night,F,L,A,MYSE
151.909,8443,6/3/2015,6/1/2015,1:08:04,7,24.5,AH0,244,18.1619625,Night,F,L,A,MYSE
151.909,8443,6/3/2015,6/1/2015,1:08:21,7,24.5,AH0,247,18.1619625,Night,F,L,A,MYSE
151.909,8443,6/3/2015,6/1/2015,1:08:24,7,24.5,AH0,246,18.1619625,Night,F,L,A,MYSE
151.909,8443,6/3/2015,6/1/2015,1:08:26,7,24.5,AH0,247,18.1619625,Night,F,L,A,MYSE
151.909,8443,6/3/2015,6/1/2015,1:08:41,7,24.5,AH0,246,18.1619625,Night,F,L,A,MYSE
151.909,8443,6/3/2015,6/1/2015,1:08:43,7,24.5,AH0,245,18.1619625,Night,F,L,A,MYSE
151.909,8443,6/3/2015,6/1/2015,1:08:46,7,24.5,AH0,247,18.1619625,Night,F,L,A,MYSE
151.909,8443,6/3/2015,6/1/2015,1:09:01,7,24.5,AH0,243,18.1619625,Night,F,L,A,MYSE
151.909,8443,6/3/2015,6/1/2015,1:09:03,7,24.5,AH0,244,18.1619625,Night,F,L,A,MYSE
151.909,8443,6/3/2015,6/1/2015,1:09:05,7,24.5,AH0,246,18.1619625,Night,F,L,A,MYSE
151.909,8443,6/3/2015,6/1/2015,1:09:20,7,24.5,AH0,246,18.1619625,Night,F,L,A,MYSE
151.909,8443,6/3/2015,6/1/2015,1:09:23,7,24.5,AH0,243,18.1619625,Night,F,L,A,MYSE
151.909,8443,6/3/2015,6/1/2015,1:09:25,7,24.5,AH0,243,18.1619625,Night,F,L,A,MYSE
151.909,8443,6/3/2015,6/1/2015,1:09:40,7,24.5,AH0,245,18.1619625,Night,F,L,A,MYSE
151.909,8443,6/3/2015,6/1/2015,1:09:42,7,24.5,AH0,244,18.1619625,Night,F,L,A,MYSE
151.909,8443,6/3/2015,6/1/2015,1:09:45,7,24.5,AH0,246,18.1619625,Night,F,L,A,MYSE
151.909,8443,6/3/2015,6/1/2015,1:09:59,7,24.5,AH0,247,18.1619625,Night,F,L,A,MYSE
151.909,8443,6/3/2015,6/1/2015,1:10:02,7,24.6,AH0,245,18.5135288,Night,F,L,A,MYSE
151.909,8443,6/3/2015,6/1/2015,1:10:04,7,24.5,AH0,242,18.1619625,Night,F,L,A,MYSE
151.909,8443,6/3/2015,6/1/2015,1:10:07,7,24.5,AH0,244,18.1619625,Night,F,L,A,MYSE
151.909,8443,6/3/2015,6/1/2015,1:10:21,7,24.5,AH0,246,18.1619625,Night,F,L,A,MYSE
151.909,8443,6/3/2015,6/1/2015,1:10:24,7,24.5,AH0,245,18.1619625,Night,F,L,A,MYSE
151.909,8443,6/3/2015,6/1/2015,1:10:26,7,24.5,AH0,245,18.1619625,Night,F,L,A,MYSE
151.909,8443,6/3/2015,6/1/2015,1:10:41,7,24.5,AH0,246,18.1619625,Night,F,L,A,MYSE
151.909,8443,6/3/2015,6/1/2015,1:10:43,7,24.5,AH0,245,18.1619625,Night,F,L,A,MYSE
151.909,8443,6/3/2015,6/1/2015,1:10:46,7,24.5,AH0,245,18.1619625,Night,F,L,A,MYSE
151.909,8443,6/3/2015,6/1/2015,1:11:00,7,24.5,AH0,245,18.1619625,Night,F,L,A,MYSE
151.909,8443,6/3/2015,6/1/2015,1:11:03,7,24.5,AH0,247,18.1619625,Night,F,L,A,MYSE
151.909,8443,6/3/2015,6/1/2015,1:11:05,7,24.5,AH0,245,18.1619625,Night,F,L,A,MYSE
151.909,8443,6/3/2015,6/1/2015,1:11:20,7,24.5,AH0,241,18.1619625,Night,F,L,A,MYSE
151.909,8443,6/3/2015,6/1/2015,1:11:22,7,24.5,AH0,245,18.1619625,Night,F,L,A,MYSE
151.909,8443,6/3/2015,6/1/2015,1:11:25,7,24.5,AH0,243,18.1619625,Night,F,L,A,MYSE
151.909,8443,6/3/2015,6/1/2015,1:11:40,7,24.5,AH0,245,18.1619625,Night,F,L,A,MYSE
151.909,8443,6/3/2015,6/1/2015,1:11:42,7,24.5,AH0,245,18.1619625,Night,F,L,A,MYSE
151.909,8443,6/3/2015,6/1/2015,1:11:45,7,24.5,AH0,246,18.1619625,Night,F,L,A,MYSE
151.909,8443,6/3/2015,6/1/2015,1:11:59,7,24.5,AH0,243,18.1619625,Night,F,L,A,MYSE
151.909,8443,6/3/2015,6/1/2015,1:12:02,7,24.5,AH0,245,18.1619625,Night,F,L,A,MYSE
151.909,8443,6/3/2015,6/1/2015,1:12:04,7,24.5,AH0,246,18.1619625,Night,F,L,A,MYSE
151.909,8443,6/3/2015,6/1/2015,1:12:21,7,24.5,AH0,244,18.1619625,Night,F,L,A,MYSE
151.909,8443,6/3/2015,6/1/2015,1:12:24,7,24.5,AH0,244,18.1619625,Night,F,L,A,MYSE
151.909,8443,6/3/2015,6/1/2015,1:12:26,7,24.5,AH0,245,18.1619625,Night,F,L,A,MYSE
151.909,8443,6/3/2015,6/1/2015,1:12:41,7,24.5,AH0,242,18.1619625,Night,F,L,A,MYSE
151.909,8443,6/3/2015,6/1/2015,1:12:43,7,24.5,AH0,244,18.1619625,Night,F,L,A,MYSE
151.909,8443,6/3/2015,6/1/2015,1:12:46,7,24.5,AH0,245,18.1619625,Night,F,L,A,MYSE
151.909,8443,6/3/2015,6/1/2015,1:13:01,7,24.5,AH0,247,18.1619625,Night,F,L,A,MYSE
151.909,8443,6/3/2015,6/1/2015,1:13:03,7,24.5,AH0,244,18.1619625,Night,F,L,A,MYSE
151.909,8443,6/3/2015,6/1/2015,1:13:05,7,24.4,AH0,246,17.8066272,Night,F,L,A,MYSE
151.909,8443,6/3/2015,6/1/2015,1:13:20,7,24.5,AH0,244,18.1619625,Night,F,L,A,MYSE
151.909,8443,6/3/2015,6/1/2015,1:13:23,7,24.5,AH0,241,18.1619625,Night,F,L,A,MYSE
151.909,8443,6/3/2015,6/1/2015,1:13:25,7,24.4,AH0,243,17.8066272,Night,F,L,A,MYSE
151.909,8443,6/3/2015,6/1/2015,1:13:40,7,24.4,AH0,246,17.8066272,Night,F,L,A,MYSE
151.909,8443,6/3/2015,6/1/2015,1:13:42,7,24.5,AH0,246,18.1619625,Night,F,L,A,MYSE
151.909,8443,6/3/2015,6/1/2015,1:13:45,7,24.5,AH0,245,18.1619625,Night,F,L,A,MYSE
151.909,8443,6/3/2015,6/1/2015,1:14:00,7,24.4,AH0,246,17.8066272,Night,F,L,A,MYSE
151.909,8443,6/3/2015,6/1/2015,1:14:03,7,24.4,AH0,245,17.8066272,Night,F,L,A,MYSE
151.909,8443,6/3/2015,6/1/2015,1:14:05,7,24.4,AH0,245,17.8066272,Night,F,L,A,MYSE
151.909,8443,6/3/2015,6/1/2015,1:14:20,7,24.4,AH0,243,17.8066272,Night,F,L,A,MYSE
151.909,8443,6/3/2015,6/1/2015,1:14:23,7,24.4,AH0,244,17.8066272,Night,F,L,A,MYSE
151.909,8443,6/3/2015,6/1/2015,1:14:25,7,24.4,AH0,246,17.8066272,Night,F,L,A,MYSE
151.909,8443,6/3/2015,6/1/2015,1:14:42,7,24.4,AH0,246,17.8066272,Night,F,L,A,MYSE
151.909,8443,6/3/2015,6/1/2015,1:14:45,7,24.4,AH0,245,17.8066272,Night,F,L,A,MYSE
151.909,8443,6/3/2015,6/1/2015,1:14:47,7,24.4,AH0,246,17.8066272,Night,F,L,A,MYSE
151.909,8443,6/3/2015,6/1/2015,1:15:02,7,24.4,AH0,244,17.8066272,Night,F,L,A,MYSE
151.909,8443,6/3/2015,6/1/2015,1:15:04,7,24.4,AH0,243,17.8066272,Night,F,L,A,MYSE
151.909,8443,6/3/2015,6/1/2015,1:15:07,7,24.4,AH0,243,17.8066272,Night,F,L,A,MYSE
151.909,8443,6/3/2015,6/1/2015,1:15:21,7,24.4,AH0,246,17.8066272,Night,F,L,A,MYSE
151.909,8443,6/3/2015,6/1/2015,1:15:24,7,24.4,AH0,247,17.8066272,Night,F,L,A,MYSE
151.909,8443,6/3/2015,6/1/2015,1:15:26,7,24.4,AH0,244,17.8066272,Night,F,L,A,MYSE
151.909,8443,6/3/2015,6/1/2015,1:15:41,7,24.5,AH0,246,18.1619625,Night,F,L,A,MYSE
151.909,8443,6/3/2015,6/1/2015,1:15:44,7,24.5,AH0,246,18.1619625,Night,F,L,A,MYSE
151.909,8443,6/3/2015,6/1/2015,1:15:46,7,24.5,AH0,246,18.1619625,Night,F,L,A,MYSE
151.909,8443,6/3/2015,6/1/2015,1:16:01,7,24.5,AH0,246,18.1619625,Night,F,L,A,MYSE
151.909,8443,6/3/2015,6/1/2015,1:16:03,7,24.5,AH0,245,18.1619625,Night,F,L,A,MYSE
151.909,8443,6/3/2015,6/1/2015,1:16:06,7,24.5,AH0,245,18.1619625,Night,F,L,A,MYSE
151.909,8443,6/3/2015,6/1/2015,1:16:20,7,24.5,AH0,246,18.1619625,Night,F,L,A,MYSE
151.909,8443,6/3/2015,6/1/2015,1:16:23,7,24.5,AH0,247,18.1619625,Night,F,L,A,MYSE
151.909,8443,6/3/2015,6/1/2015,1:16:25,7,24.5,AH0,243,18.1619625,Night,F,L,A,MYSE
151.909,8443,6/3/2015,6/1/2015,1:16:40,7,24.5,AH0,243,18.1619625,Night,F,L,A,MYSE
151.909,8443,6/3/2015,6/1/2015,1:16:42,7,24.5,AH0,246,18.1619625,Night,F,L,A,MYSE
151.909,8443,6/3/2015,6/1/2015,1:16:45,7,24.5,AH0,244,18.1619625,Night,F,L,A,MYSE
151.909,8443,6/3/2015,6/1/2015,1:16:47,7,24.5,AH0,243,18.1619625,Night,F,L,A,MYSE
151.909,8443,6/3/2015,6/1/2015,1:17:02,7,24.5,AH0,245,18.1619625,Night,F,L,A,MYSE
151.909,8443,6/3/2015,6/1/2015,1:17:04,7,24.5,AH0,243,18.1619625,Night,F,L,A,MYSE
151.909,8443,6/3/2015,6/1/2015,1:17:07,7,24.5,AH0,247,18.1619625,Night,F,L,A,MYSE
151.909,8443,6/3/2015,6/1/2015,1:17:22,7,24.5,AH0,244,18.1619625,Night,F,L,A,MYSE
151.909,8443,6/3/2015,6/1/2015,1:17:24,7,24.5,AH0,244,18.1619625,Night,F,L,A,MYSE
151.909,8443,6/3/2015,6/1/2015,1:17:27,7,24.5,AH0,246,18.1619625,Night,F,L,A,MYSE
151.909,8443,6/3/2015,6/1/2015,1:17:41,7,24.5,AH0,247,18.1619625,Night,F,L,A,MYSE
151.909,8443,6/3/2015,6/1/2015,1:17:44,7,24.5,AH0,246,18.1619625,Night,F,L,A,MYSE
151.909,8443,6/3/2015,6/1/2015,1:17:46,7,24.5,AH0,244,18.1619625,Night,F,L,A,MYSE
151.909,8443,6/3/2015,6/1/2015,1:18:01,7,24.5,AH0,247,18.1619625,Night,F,L,A,MYSE
151.909,8443,6/3/2015,6/1/2015,1:18:03,7,24.5,AH0,244,18.1619625,Night,F,L,A,MYSE
151.909,8443,6/3/2015,6/1/2015,1:18:06,7,24.5,AH0,246,18.1619625,Night,F,L,A,MYSE
151.909,8443,6/3/2015,6/1/2015,1:18:20,7,24.5,AH0,245,18.1619625,Night,F,L,A,MYSE
151.909,8443,6/3/2015,6/1/2015,1:18:23,7,24.5,AH0,245,18.1619625,Night,F,L,A,MYSE
151.909,8443,6/3/2015,6/1/2015,1:18:25,7,24.5,AH0,246,18.1619625,Night,F,L,A,MYSE
151.909,8443,6/3/2015,6/1/2015,1:18:40,7,24.5,AH0,246,18.1619625,Night,F,L,A,MYSE
151.909,8443,6/3/2015,6/1/2015,1:18:42,7,24.5,AH0,245,18.1619625,Night,F,L,A,MYSE
151.909,8443,6/3/2015,6/1/2015,1:18:45,7,24.5,AH0,245,18.1619625,Night,F,L,A,MYSE
151.909,8443,6/3/2015,6/1/2015,1:19:02,7,24.5,AH0,245,18.1619625,Night,F,L,A,MYSE
151.909,8443,6/3/2015,6/1/2015,1:19:05,7,24.5,AH0,244,18.1619625,Night,F,L,A,MYSE
151.909,8443,6/3/2015,6/1/2015,1:19:07,7,24.5,AH0,243,18.1619625,Night,F,L,A,MYSE
151.909,8443,6/3/2015,6/1/2015,1:19:22,7,24.5,AH0,244,18.1619625,Night,F,L,A,MYSE
151.909,8443,6/3/2015,6/1/2015,1:19:24,7,24.5,AH0,247,18.1619625,Night,F,L,A,MYSE
151.909,8443,6/3/2015,6/1/2015,1:19:27,7,24.5,AH0,244,18.1619625,Night,F,L,A,MYSE
151.909,8443,6/3/2015,6/1/2015,1:19:41,7,24.5,AH0,244,18.1619625,Night,F,L,A,MYSE
151.909,8443,6/3/2015,6/1/2015,1:19:44,7,24.5,AH0,243,18.1619625,Night,F,L,A,MYSE
151.909,8443,6/3/2015,6/1/2015,1:19:46,7,24.5,AH0,245,18.1619625,Night,F,L,A,MYSE
151.909,8443,6/3/2015,6/1/2015,1:20:01,7,24.5,AH0,245,18.1619625,Night,F,L,A,MYSE
151.909,8443,6/3/2015,6/1/2015,1:20:03,7,24.5,AH0,247,18.1619625,Night,F,L,A,MYSE
151.909,8443,6/3/2015,6/1/2015,1:20:06,7,24.5,AH0,245,18.1619625,Night,F,L,A,MYSE
151.909,8443,6/3/2015,6/1/2015,1:20:21,7,24.5,AH0,247,18.1619625,Night,F,L,A,MYSE
151.909,8443,6/3/2015,6/1/2015,1:20:23,7,24.5,AH0,246,18.1619625,Night,F,L,A,MYSE
151.909,8443,6/3/2015,6/1/2015,1:20:25,7,24.5,AH0,246,18.1619625,Night,F,L,A,MYSE
151.909,8443,6/3/2015,6/1/2015,1:20:40,7,24.5,AH0,244,18.1619625,Night,F,L,A,MYSE
151.909,8443,6/3/2015,6/1/2015,1:20:43,7,24.5,AH0,245,18.1619625,Night,F,L,A,MYSE
151.909,8443,6/3/2015,6/1/2015,1:20:45,7,24.5,AH0,244,18.1619625,Night,F,L,A,MYSE
151.909,8443,6/3/2015,6/1/2015,1:21:02,7,24.5,AH0,246,18.1619625,Night,F,L,A,MYSE
151.909,8443,6/3/2015,6/1/2015,1:21:05,7,24.5,AH0,247,18.1619625,Night,F,L,A,MYSE
151.909,8443,6/3/2015,6/1/2015,1:21:07,7,24.5,AH0,245,18.1619625,Night,F,L,A,MYSE
151.909,8443,6/3/2015,6/1/2015,1:21:22,7,24.5,AH0,246,18.1619625,Night,F,L,A,MYSE
151.909,8443,6/3/2015,6/1/2015,1:21:24,7,24.5,AH0,247,18.1619625,Night,F,L,A,MYSE
151.909,8443,6/3/2015,6/1/2015,1:21:27,7,24.5,AH0,246,18.1619625,Night,F,L,A,MYSE
151.909,8443,6/3/2015,6/1/2015,1:21:41,7,24.5,AH0,246,18.1619625,Night,F,L,A,MYSE
151.909,8443,6/3/2015,6/1/2015,1:21:44,7,24.5,AH0,247,18.1619625,Night,F,L,A,MYSE
151.909,8443,6/3/2015,6/1/2015,1:21:46,7,24.5,AH0,246,18.1619625,Night,F,L,A,MYSE
151.909,8443,6/3/2015,6/1/2015,1:22:01,7,24.5,AH0,246,18.1619625,Night,F,L,A,MYSE
151.909,8443,6/3/2015,6/1/2015,1:22:03,7,24.5,AH0,245,18.1619625,Night,F,L,A,MYSE
151.909,8443,6/3/2015,6/1/2015,1:22:06,7,24.5,AH0,244,18.1619625,Night,F,L,A,MYSE
151.909,8443,6/3/2015,6/1/2015,1:22:21,7,24.5,AH0,245,18.1619625,Night,F,L,A,MYSE
151.909,8443,6/3/2015,6/1/2015,1:22:23,7,24.5,AH0,248,18.1619625,Night,F,L,A,MYSE
151.909,8443,6/3/2015,6/1/2015,1:22:25,7,24.5,AH0,245,18.1619625,Night,F,L,A,MYSE
151.909,8443,6/3/2015,6/1/2015,1:22:40,7,24.5,AH0,246,18.1619625,Night,F,L,A,MYSE
151.909,8443,6/3/2015,6/1/2015,1:22:43,7,24.5,AH0,245,18.1619625,Night,F,L,A,MYSE
151.909,8443,6/3/2015,6/1/2015,1:22:45,7,24.5,AH0,247,18.1619625,Night,F,L,A,MYSE
151.909,8443,6/3/2015,6/1/2015,1:23:02,7,24.5,AH0,245,18.1619625,Night,F,L,A,MYSE
151.909,8443,6/3/2015,6/1/2015,1:23:05,7,24.5,AH0,246,18.1619625,Night,F,L,A,MYSE
151.909,8443,6/3/2015,6/1/2015,1:23:07,7,24.5,AH0,245,18.1619625,Night,F,L,A,MYSE
151.909,8443,6/3/2015,6/1/2015,1:23:22,7,24.5,AH0,247,18.1619625,Night,F,L,A,MYSE
151.909,8443,6/3/2015,6/1/2015,1:23:24,7,24.5,AH0,245,18.1619625,Night,F,L,A,MYSE
151.909,8443,6/3/2015,6/1/2015,1:23:27,7,24.5,AH0,246,18.1619625,Night,F,L,A,MYSE
151.909,8443,6/3/2015,6/1/2015,1:23:41,7,24.5,AH0,244,18.1619625,Night,F,L,A,MYSE
151.909,8443,6/3/2015,6/1/2015,1:23:44,7,24.5,AH0,246,18.1619625,Night,F,L,A,MYSE
151.909,8443,6/3/2015,6/1/2015,1:23:46,7,24.5,AH0,246,18.1619625,Night,F,L,A,MYSE
151.909,8443,6/3/2015,6/1/2015,1:24:01,7,24.5,AH0,246,18.1619625,Night,F,L,A,MYSE
151.909,8443,6/3/2015,6/1/2015,1:24:03,7,24.5,AH0,244,18.1619625,Night,F,L,A,MYSE
151.909,8443,6/3/2015,6/1/2015,1:24:06,7,24.5,AH0,242,18.1619625,Night,F,L,A,MYSE
151.909,8443,6/3/2015,6/1/2015,1:24:21,7,24.5,AH0,245,18.1619625,Night,F,L,A,MYSE
151.909,8443,6/3/2015,6/1/2015,1:24:23,7,24.5,AH0,245,18.1619625,Night,F,L,A,MYSE
151.909,8443,6/3/2015,6/1/2015,1:24:25,7,24.5,AH0,241,18.1619625,Night,F,L,A,MYSE
151.909,8443,6/3/2015,6/1/2015,1:24:40,7,24.5,AH0,244,18.1619625,Night,F,L,A,MYSE
151.909,8443,6/3/2015,6/1/2015,1:24:43,7,24.5,AH0,247,18.1619625,Night,F,L,A,MYSE
151.909,8443,6/3/2015,6/1/2015,1:24:45,7,24.5,AH0,245,18.1619625,Night,F,L,A,MYSE
151.909,8443,6/3/2015,6/1/2015,1:25:00,7,24.5,AH0,245,18.1619625,Night,F,L,A,MYSE
151.909,8443,6/3/2015,6/1/2015,1:25:02,7,24.5,AH0,245,18.1619625,Night,F,L,A,MYSE
151.909,8443,6/3/2015,6/1/2015,1:25:05,7,24.5,AH0,246,18.1619625,Night,F,L,A,MYSE
151.909,8443,6/3/2015,6/1/2015,1:25:07,7,24.5,AH0,243,18.1619625,Night,F,L,A,MYSE
151.909,8443,6/3/2015,6/1/2015,1:25:22,7,24.5,AH0,244,18.1619625,Night,F,L,A,MYSE
151.909,8443,6/3/2015,6/1/2015,1:25:24,7,24.5,AH0,244,18.1619625,Night,F,L,A,MYSE
151.909,8443,6/3/2015,6/1/2015,1:25:27,7,24.5,AH0,243,18.1619625,Night,F,L,A,MYSE
151.909,8443,6/3/2015,6/1/2015,1:25:41,7,24.5,AH0,243,18.1619625,Night,F,L,A,MYSE
151.909,8443,6/3/2015,6/1/2015,1:25:44,7,24.5,AH0,244,18.1619625,Night,F,L,A,MYSE
151.909,8443,6/3/2015,6/1/2015,1:25:46,7,24.5,AH0,246,18.1619625,Night,F,L,A,MYSE
151.909,8443,6/3/2015,6/1/2015,1:26:01,7,24.5,AH0,244,18.1619625,Night,F,L,A,MYSE
151.909,8443,6/3/2015,6/1/2015,1:26:03,7,24.5,AH0,244,18.1619625,Night,F,L,A,MYSE
151.909,8443,6/3/2015,6/1/2015,1:26:06,7,24.5,AH0,244,18.1619625,Night,F,L,A,MYSE
151.909,8443,6/3/2015,6/1/2015,1:26:21,7,24.5,AH0,246,18.1619625,Night,F,L,A,MYSE
151.909,8443,6/3/2015,6/1/2015,1:26:23,7,24.5,AH0,244,18.1619625,Night,F,L,A,MYSE
151.909,8443,6/3/2015,6/1/2015,1:26:26,7,24.5,AH0,245,18.1619625,Night,F,L,A,MYSE
151.909,8443,6/3/2015,6/1/2015,1:26:40,7,24.5,AH0,245,18.1619625,Night,F,L,A,MYSE
151.909,8443,6/3/2015,6/1/2015,1:26:43,7,24.5,AH0,242,18.1619625,Night,F,L,A,MYSE
151.909,8443,6/3/2015,6/1/2015,1:26:45,7,24.5,AH0,243,18.1619625,Night,F,L,A,MYSE
151.909,8443,6/3/2015,6/1/2015,1:27:00,7,24.5,AH0,246,18.1619625,Night,F,L,A,MYSE
151.909,8443,6/3/2015,6/1/2015,1:27:02,7,24.5,AH0,247,18.1619625,Night,F,L,A,MYSE
151.909,8443,6/3/2015,6/1/2015,1:27:05,7,24.5,AH0,245,18.1619625,Night,F,L,A,MYSE
151.909,8443,6/3/2015,6/1/2015,1:27:07,7,24.5,AH0,246,18.1619625,Night,F,L,A,MYSE
151.909,8443,6/3/2015,6/1/2015,1:27:22,7,24.5,AH0,246,18.1619625,Night,F,L,A,MYSE
151.909,8443,6/3/2015,6/1/2015,1:27:24,7,24.5,AH0,246,18.1619625,Night,F,L,A,MYSE
151.909,8443,6/3/2015,6/1/2015,1:27:27,7,24.5,AH0,244,18.1619625,Night,F,L,A,MYSE
151.909,8443,6/3/2015,6/1/2015,1:27:41,7,24.5,AH0,246,18.1619625,Night,F,L,A,MYSE
151.909,8443,6/3/2015,6/1/2015,1:27:44,7,24.5,AH0,246,18.1619625,Night,F,L,A,MYSE
151.909,8443,6/3/2015,6/1/2015,1:27:46,7,24.5,AH0,246,18.1619625,Night,F,L,A,MYSE
151.909,8443,6/3/2015,6/1/2015,1:28:01,7,24.5,AH0,245,18.1619625,Night,F,L,A,MYSE
151.909,8443,6/3/2015,6/1/2015,1:28:03,7,24.5,AH0,244,18.1619625,Night,F,L,A,MYSE
151.909,8443,6/3/2015,6/1/2015,1:28:06,7,24.5,AH0,243,18.1619625,Night,F,L,A,MYSE
151.909,8443,6/3/2015,6/1/2015,1:28:21,7,24.5,AH0,246,18.1619625,Night,F,L,A,MYSE
151.909,8443,6/3/2015,6/1/2015,1:28:23,7,24.5,AH0,243,18.1619625,Night,F,L,A,MYSE
151.909,8443,6/3/2015,6/1/2015,1:28:26,7,24.5,AH0,248,18.1619625,Night,F,L,A,MYSE
151.909,8443,6/3/2015,6/1/2015,1:28:40,7,24.5,AH0,246,18.1619625,Night,F,L,A,MYSE
151.909,8443,6/3/2015,6/1/2015,1:28:43,7,24.5,AH0,246,18.1619625,Night,F,L,A,MYSE
151.909,8443,6/3/2015,6/1/2015,1:28:45,7,24.5,AH0,246,18.1619625,Night,F,L,A,MYSE
151.909,8443,6/3/2015,6/1/2015,1:29:00,7,24.5,AH0,246,18.1619625,Night,F,L,A,MYSE
151.909,8443,6/3/2015,6/1/2015,1:29:02,7,24.5,AH0,244,18.1619625,Night,F,L,A,MYSE
151.909,8443,6/3/2015,6/1/2015,1:29:05,7,24.5,AH0,246,18.1619625,Night,F,L,A,MYSE
151.909,8443,6/3/2015,6/1/2015,1:29:07,7,24.5,AH0,245,18.1619625,Night,F,L,A,MYSE
151.909,8443,6/3/2015,6/1/2015,1:29:22,7,24.5,AH0,243,18.1619625,Night,F,L,A,MYSE
151.909,8443,6/3/2015,6/1/2015,1:29:24,7,24.5,AH0,244,18.1619625,Night,F,L,A,MYSE
151.909,8443,6/3/2015,6/1/2015,1:29:27,7,24.5,AH0,247,18.1619625,Night,F,L,A,MYSE
151.909,8443,6/3/2015,6/1/2015,1:29:41,7,24.5,AH0,245,18.1619625,Night,F,L,A,MYSE
151.909,8443,6/3/2015,6/1/2015,1:29:44,7,24.5,AH0,244,18.1619625,Night,F,L,A,MYSE
151.909,8443,6/3/2015,6/1/2015,1:29:46,7,24.5,AH0,243,18.1619625,Night,F,L,A,MYSE
151.909,8443,6/3/2015,6/1/2015,1:30:01,7,24.5,AH0,243,18.1619625,Night,F,L,A,MYSE
151.909,8443,6/3/2015,6/1/2015,1:30:04,7,24.5,AH0,247,18.1619625,Night,F,L,A,MYSE
151.909,8443,6/3/2015,6/1/2015,1:30:06,7,24.5,AH0,247,18.1619625,Night,F,L,A,MYSE
151.909,8443,6/3/2015,6/1/2015,1:30:21,7,24.5,AH0,247,18.1619625,Night,F,L,A,MYSE
151.909,8443,6/3/2015,6/1/2015,1:30:23,7,24.5,AH0,245,18.1619625,Night,F,L,A,MYSE
151.909,8443,6/3/2015,6/1/2015,1:30:26,7,24.5,AH0,243,18.1619625,Night,F,L,A,MYSE
151.909,8443,6/3/2015,6/1/2015,1:30:40,7,24.5,AH0,245,18.1619625,Night,F,L,A,MYSE
151.909,8443,6/3/2015,6/1/2015,1:30:43,7,24.5,AH0,247,18.1619625,Night,F,L,A,MYSE
151.909,8443,6/3/2015,6/1/2015,1:30:45,7,24.5,AH0,247,18.1619625,Night,F,L,A,MYSE
151.909,8443,6/3/2015,6/1/2015,1:31:00,7,24.5,AH0,245,18.1619625,Night,F,L,A,MYSE
151.909,8443,6/3/2015,6/1/2015,1:31:02,7,24.5,AH0,246,18.1619625,Night,F,L,A,MYSE
151.909,8443,6/3/2015,6/1/2015,1:31:05,7,24.5,AH0,245,18.1619625,Night,F,L,A,MYSE
151.909,8443,6/3/2015,6/1/2015,1:31:22,7,24.5,AH0,244,18.1619625,Night,F,L,A,MYSE
151.909,8443,6/3/2015,6/1/2015,1:31:24,7,24.5,AH0,245,18.1619625,Night,F,L,A,MYSE
151.909,8443,6/3/2015,6/1/2015,1:31:27,7,24.5,AH0,244,18.1619625,Night,F,L,A,MYSE
151.909,8443,6/3/2015,6/1/2015,1:31:42,7,24.5,AH0,246,18.1619625,Night,F,L,A,MYSE
151.909,8443,6/3/2015,6/1/2015,1:31:44,7,24.5,AH0,243,18.1619625,Night,F,L,A,MYSE
151.909,8443,6/3/2015,6/1/2015,1:31:46,7,24.5,AH0,246,18.1619625,Night,F,L,A,MYSE
151.909,8443,6/3/2015,6/1/2015,1:32:01,7,24.5,AH0,245,18.1619625,Night,F,L,A,MYSE
151.909,8443,6/3/2015,6/1/2015,1:32:04,7,24.5,AH0,244,18.1619625,Night,F,L,A,MYSE
151.909,8443,6/3/2015,6/1/2015,1:32:06,7,24.5,AH0,246,18.1619625,Night,F,L,A,MYSE
151.909,8443,6/3/2015,6/1/2015,1:32:21,7,24.5,AH0,246,18.1619625,Night,F,L,A,MYSE
151.909,8443,6/3/2015,6/1/2015,1:32:23,7,24.5,AH0,248,18.1619625,Night,F,L,A,MYSE
151.909,8443,6/3/2015,6/1/2015,1:32:26,7,24.5,AH0,247,18.1619625,Night,F,L,A,MYSE
151.909,8443,6/3/2015,6/1/2015,1:32:40,7,24.5,AH0,243,18.1619625,Night,F,L,A,MYSE
151.909,8443,6/3/2015,6/1/2015,1:32:43,7,24.5,AH0,242,18.1619625,Night,F,L,A,MYSE
151.909,8443,6/3/2015,6/1/2015,1:32:45,7,24.5,AH0,243,18.1619625,Night,F,L,A,MYSE
151.909,8443,6/3/2015,6/1/2015,1:33:00,7,24.5,AH0,243,18.1619625,Night,F,L,A,MYSE
151.909,8443,6/3/2015,6/1/2015,1:33:02,7,24.5,AH0,243,18.1619625,Night,F,L,A,MYSE
151.909,8443,6/3/2015,6/1/2015,1:33:05,7,24.5,AH0,246,18.1619625,Night,F,L,A,MYSE
151.909,8443,6/3/2015,6/1/2015,1:33:22,7,24.5,AH0,244,18.1619625,Night,F,L,A,MYSE
151.909,8443,6/3/2015,6/1/2015,1:33:24,7,24.5,AH0,247,18.1619625,Night,F,L,A,MYSE
151.909,8443,6/3/2015,6/1/2015,1:33:27,7,24.5,AH0,245,18.1619625,Night,F,L,A,MYSE
151.909,8443,6/3/2015,6/1/2015,1:33:42,7,24.5,AH0,244,18.1619625,Night,F,L,A,MYSE
151.909,8443,6/3/2015,6/1/2015,1:33:44,7,24.5,AH0,244,18.1619625,Night,F,L,A,MYSE
151.909,8443,6/3/2015,6/1/2015,1:33:47,7,24.5,AH0,243,18.1619625,Night,F,L,A,MYSE
151.909,8443,6/3/2015,6/1/2015,1:34:01,7,24.5,AH0,244,18.1619625,Night,F,L,A,MYSE
151.909,8443,6/3/2015,6/1/2015,1:34:04,7,24.5,AH0,245,18.1619625,Night,F,L,A,MYSE
151.909,8443,6/3/2015,6/1/2015,1:34:06,7,24.5,AH0,247,18.1619625,Night,F,L,A,MYSE
151.909,8443,6/3/2015,6/1/2015,1:34:21,7,24.5,AH0,243,18.1619625,Night,F,L,A,MYSE
151.909,8443,6/3/2015,6/1/2015,1:34:23,7,24.5,AH0,243,18.1619625,Night,F,L,A,MYSE
151.909,8443,6/3/2015,6/1/2015,1:34:26,7,24.5,AH0,246,18.1619625,Night,F,L,A,MYSE
151.909,8443,6/3/2015,6/1/2015,1:34:40,7,24.5,AH0,244,18.1619625,Night,F,L,A,MYSE
151.909,8443,6/3/2015,6/1/2015,1:34:43,7,24.5,AH0,245,18.1619625,Night,F,L,A,MYSE
151.909,8443,6/3/2015,6/1/2015,1:34:45,7,24.5,AH0,246,18.1619625,Night,F,L,A,MYSE
151.909,8443,6/3/2015,6/1/2015,1:35:00,7,24.5,AH0,246,18.1619625,Night,F,L,A,MYSE
151.909,8443,6/3/2015,6/1/2015,1:35:03,7,24.5,AH0,245,18.1619625,Night,F,L,A,MYSE
151.909,8443,6/3/2015,6/1/2015,1:35:05,7,24.5,AH0,243,18.1619625,Night,F,L,A,MYSE
151.909,8443,6/3/2015,6/1/2015,1:35:20,7,24.5,AH0,245,18.1619625,Night,F,L,A,MYSE
151.909,8443,6/3/2015,6/1/2015,1:35:22,7,24.5,AH0,246,18.1619625,Night,F,L,A,MYSE
151.909,8443,6/3/2015,6/1/2015,1:35:25,7,24.5,AH0,246,18.1619625,Night,F,L,A,MYSE
151.909,8443,6/3/2015,6/1/2015,1:35:27,7,24.5,AH0,243,18.1619625,Night,F,L,A,MYSE
151.909,8443,6/3/2015,6/1/2015,1:35:42,7,24.5,AH0,247,18.1619625,Night,F,L,A,MYSE
151.909,8443,6/3/2015,6/1/2015,1:35:44,7,24.5,AH0,245,18.1619625,Night,F,L,A,MYSE
151.909,8443,6/3/2015,6/1/2015,1:35:47,7,24.5,AH0,242,18.1619625,Night,F,L,A,MYSE
151.909,8443,6/3/2015,6/1/2015,1:36:01,7,24.5,AH0,244,18.1619625,Night,F,L,A,MYSE
151.909,8443,6/3/2015,6/1/2015,1:36:04,7,24.5,AH0,245,18.1619625,Night,F,L,A,MYSE
151.909,8443,6/3/2015,6/1/2015,1:36:06,7,24.5,AH0,245,18.1619625,Night,F,L,A,MYSE
151.909,8443,6/3/2015,6/1/2015,1:36:21,7,24.5,AH0,245,18.1619625,Night,F,L,A,MYSE
151.909,8443,6/3/2015,6/1/2015,1:36:23,7,24.5,AH0,246,18.1619625,Night,F,L,A,MYSE
151.909,8443,6/3/2015,6/1/2015,1:36:26,7,24.5,AH0,244,18.1619625,Night,F,L,A,MYSE
151.909,8443,6/3/2015,6/1/2015,1:36:41,7,24.5,AH0,245,18.1619625,Night,F,L,A,MYSE
151.909,8443,6/3/2015,6/1/2015,1:36:43,7,24.5,AH0,246,18.1619625,Night,F,L,A,MYSE
151.909,8443,6/3/2015,6/1/2015,1:36:45,7,24.5,AH0,244,18.1619625,Night,F,L,A,MYSE
151.909,8443,6/3/2015,6/1/2015,1:37:00,7,24.5,AH0,243,18.1619625,Night,F,L,A,MYSE
151.909,8443,6/3/2015,6/1/2015,1:37:03,7,24.5,AH0,244,18.1619625,Night,F,L,A,MYSE
151.909,8443,6/3/2015,6/1/2015,1:37:05,7,24.5,AH0,244,18.1619625,Night,F,L,A,MYSE
151.909,8443,6/3/2015,6/1/2015,1:37:20,7,24.5,AH0,244,18.1619625,Night,F,L,A,MYSE
151.909,8443,6/3/2015,6/1/2015,1:37:22,7,24.5,AH0,242,18.1619625,Night,F,L,A,MYSE
151.909,8443,6/3/2015,6/1/2015,1:37:25,7,24.5,AH0,243,18.1619625,Night,F,L,A,MYSE
151.909,8443,6/3/2015,6/1/2015,1:37:42,7,24.5,AH0,245,18.1619625,Night,F,L,A,MYSE
151.909,8443,6/3/2015,6/1/2015,1:37:44,7,24.5,AH0,245,18.1619625,Night,F,L,A,MYSE
151.909,8443,6/3/2015,6/1/2015,1:37:47,7,24.5,AH0,242,18.1619625,Night,F,L,A,MYSE
151.909,8443,6/3/2015,6/1/2015,1:38:01,7,24.5,AH0,245,18.1619625,Night,F,L,A,MYSE
151.909,8443,6/3/2015,6/1/2015,1:38:04,7,24.5,AH0,243,18.1619625,Night,F,L,A,MYSE
151.909,8443,6/3/2015,6/1/2015,1:38:06,7,24.5,AH0,245,18.1619625,Night,F,L,A,MYSE
151.909,8443,6/3/2015,6/1/2015,1:38:21,7,24.5,AH0,246,18.1619625,Night,F,L,A,MYSE
151.909,8443,6/3/2015,6/1/2015,1:38:23,7,24.5,AH0,244,18.1619625,Night,F,L,A,MYSE
151.909,8443,6/3/2015,6/1/2015,1:38:26,7,24.5,AH0,244,18.1619625,Night,F,L,A,MYSE
151.909,8443,6/3/2015,6/1/2015,1:38:41,7,24.5,AH0,244,18.1619625,Night,F,L,A,MYSE
151.909,8443,6/3/2015,6/1/2015,1:38:43,7,24.5,AH0,245,18.1619625,Night,F,L,A,MYSE
151.909,8443,6/3/2015,6/1/2015,1:38:46,7,24.5,AH0,244,18.1619625,Night,F,L,A,MYSE
151.909,8443,6/3/2015,6/1/2015,1:39:00,7,24.5,AH0,246,18.1619625,Night,F,L,A,MYSE
151.909,8443,6/3/2015,6/1/2015,1:39:03,7,24.5,AH0,245,18.1619625,Night,F,L,A,MYSE
151.909,8443,6/3/2015,6/1/2015,1:39:05,7,24.5,AH0,247,18.1619625,Night,F,L,A,MYSE
151.909,8443,6/3/2015,6/1/2015,1:39:20,7,24.5,AH0,247,18.1619625,Night,F,L,A,MYSE
151.909,8443,6/3/2015,6/1/2015,1:39:22,7,24.5,AH0,246,18.1619625,Night,F,L,A,MYSE
151.909,8443,6/3/2015,6/1/2015,1:39:25,7,24.5,AH0,244,18.1619625,Night,F,L,A,MYSE
151.909,8443,6/3/2015,6/1/2015,1:39:42,7,24.5,AH0,245,18.1619625,Night,F,L,A,MYSE
151.909,8443,6/3/2015,6/1/2015,1:39:44,7,24.5,AH0,247,18.1619625,Night,F,L,A,MYSE
151.909,8443,6/3/2015,6/1/2015,1:39:47,7,24.5,AH0,244,18.1619625,Night,F,L,A,MYSE
151.909,8443,6/3/2015,6/1/2015,1:40:01,7,24.5,AH0,246,18.1619625,Night,F,L,A,MYSE
151.909,8443,6/3/2015,6/1/2015,1:40:03,7,24.5,AH0,246,18.1619625,Night,F,L,A,MYSE
151.909,8443,6/3/2015,6/1/2015,1:40:05,7,24.5,AH0,247,18.1619625,Night,F,L,A,MYSE
151.909,8443,6/3/2015,6/1/2015,1:40:20,7,24.5,AH0,241,18.1619625,Night,F,L,A,MYSE
151.909,8443,6/3/2015,6/1/2015,1:40:23,7,24.5,AH0,246,18.1619625,Night,F,L,A,MYSE
151.909,8443,6/3/2015,6/1/2015,1:40:25,7,24.5,AH0,246,18.1619625,Night,F,L,A,MYSE
151.909,8443,6/3/2015,6/1/2015,1:40:40,7,24.5,AH0,246,18.1619625,Night,F,L,A,MYSE
151.909,8443,6/3/2015,6/1/2015,1:40:42,7,24.5,AH0,248,18.1619625,Night,F,L,A,MYSE
151.909,8443,6/3/2015,6/1/2015,1:40:45,7,24.5,AH0,246,18.1619625,Night,F,L,A,MYSE
151.909,8443,6/3/2015,6/1/2015,1:40:59,7,24.5,AH0,242,18.1619625,Night,F,L,A,MYSE
151.909,8443,6/3/2015,6/1/2015,1:41:02,7,24.5,AH0,245,18.1619625,Night,F,L,A,MYSE
151.909,8443,6/3/2015,6/1/2015,1:41:04,7,24.5,AH0,242,18.1619625,Night,F,L,A,MYSE
151.909,8443,6/3/2015,6/1/2015,1:41:19,7,24.5,AH0,247,18.1619625,Night,F,L,A,MYSE
151.909,8443,6/3/2015,6/1/2015,1:41:21,7,24.5,AH0,245,18.1619625,Night,F,L,A,MYSE
151.909,8443,6/3/2015,6/1/2015,1:41:24,7,24.5,AH0,245,18.1619625,Night,F,L,A,MYSE
151.909,8443,6/3/2015,6/1/2015,1:41:39,7,24.5,AH0,246,18.1619625,Night,F,L,A,MYSE
151.909,8443,6/3/2015,6/1/2015,1:41:41,7,24.5,AH0,246,18.1619625,Night,F,L,A,MYSE
151.909,8443,6/3/2015,6/1/2015,1:41:44,7,24.5,AH0,246,18.1619625,Night,F,L,A,MYSE
151.909,8443,6/3/2015,6/1/2015,1:41:46,7,24.5,AH0,245,18.1619625,Night,F,L,A,MYSE
151.909,8443,6/3/2015,6/1/2015,1:42:01,7,24.5,AH0,243,18.1619625,Night,F,L,A,MYSE
151.909,8443,6/3/2015,6/1/2015,1:42:03,7,24.5,AH0,246,18.1619625,Night,F,L,A,MYSE
151.909,8443,6/3/2015,6/1/2015,1:42:06,7,24.5,AH0,247,18.1619625,Night,F,L,A,MYSE
151.909,8443,6/3/2015,6/1/2015,1:42:20,7,24.5,AH0,243,18.1619625,Night,F,L,A,MYSE
151.909,8443,6/3/2015,6/1/2015,1:42:23,7,24.5,AH0,246,18.1619625,Night,F,L,A,MYSE
151.909,8443,6/3/2015,6/1/2015,1:42:25,7,24.5,AH0,243,18.1619625,Night,F,L,A,MYSE
151.909,8443,6/3/2015,6/1/2015,1:42:40,7,24.5,AH0,247,18.1619625,Night,F,L,A,MYSE
151.909,8443,6/3/2015,6/1/2015,1:42:42,7,24.5,AH0,243,18.1619625,Night,F,L,A,MYSE
151.909,8443,6/3/2015,6/1/2015,1:42:45,7,24.5,AH0,243,18.1619625,Night,F,L,A,MYSE
151.909,8443,6/3/2015,6/1/2015,1:43:00,7,24.5,AH0,243,18.1619625,Night,F,L,A,MYSE
151.909,8443,6/3/2015,6/1/2015,1:43:02,7,24.5,AH0,246,18.1619625,Night,F,L,A,MYSE
151.909,8443,6/3/2015,6/1/2015,1:43:04,7,24.5,AH0,241,18.1619625,Night,F,L,A,MYSE
151.909,8443,6/3/2015,6/1/2015,1:43:19,7,24.5,AH0,245,18.1619625,Night,F,L,A,MYSE
151.909,8443,6/3/2015,6/1/2015,1:43:22,7,24.5,AH0,244,18.1619625,Night,F,L,A,MYSE
151.909,8443,6/3/2015,6/1/2015,1:43:24,7,24.5,AH0,248,18.1619625,Night,F,L,A,MYSE
151.909,8443,6/3/2015,6/1/2015,1:43:39,7,24.5,AH0,245,18.1619625,Night,F,L,A,MYSE
151.909,8443,6/3/2015,6/1/2015,1:43:41,7,24.5,AH0,245,18.1619625,Night,F,L,A,MYSE
151.909,8443,6/3/2015,6/1/2015,1:43:44,7,24.5,AH0,244,18.1619625,Night,F,L,A,MYSE
151.909,8443,6/3/2015,6/1/2015,1:44:01,7,24.5,AH0,246,18.1619625,Night,F,L,A,MYSE
151.909,8443,6/3/2015,6/1/2015,1:44:03,7,24.5,AH0,248,18.1619625,Night,F,L,A,MYSE
151.909,8443,6/3/2015,6/1/2015,1:44:06,7,24.5,AH0,246,18.1619625,Night,F,L,A,MYSE
151.909,8443,6/3/2015,6/1/2015,1:44:20,7,24.5,AH0,243,18.1619625,Night,F,L,A,MYSE
151.909,8443,6/3/2015,6/1/2015,1:44:23,7,24.5,AH0,245,18.1619625,Night,F,L,A,MYSE
151.909,8443,6/3/2015,6/1/2015,1:44:25,7,24.5,AH0,242,18.1619625,Night,F,L,A,MYSE
151.909,8443,6/3/2015,6/1/2015,1:44:40,7,24.5,AH0,246,18.1619625,Night,F,L,A,MYSE
151.909,8443,6/3/2015,6/1/2015,1:44:42,7,24.5,AH0,246,18.1619625,Night,F,L,A,MYSE
151.909,8443,6/3/2015,6/1/2015,1:44:45,7,24.5,AH0,247,18.1619625,Night,F,L,A,MYSE
151.909,8443,6/3/2015,6/1/2015,1:45:00,7,24.5,AH0,244,18.1619625,Night,F,L,A,MYSE
151.909,8443,6/3/2015,6/1/2015,1:45:02,7,24.5,AH0,244,18.1619625,Night,F,L,A,MYSE
151.909,8443,6/3/2015,6/1/2015,1:45:05,7,24.5,AH0,240,18.1619625,Night,F,L,A,MYSE
151.909,8443,6/3/2015,6/1/2015,1:45:19,7,24.5,AH0,245,18.1619625,Night,F,L,A,MYSE
151.909,8443,6/3/2015,6/1/2015,1:45:22,7,24.5,AH0,247,18.1619625,Night,F,L,A,MYSE
151.909,8443,6/3/2015,6/1/2015,1:45:24,7,24.5,AH0,245,18.1619625,Night,F,L,A,MYSE
151.909,8443,6/3/2015,6/1/2015,1:45:39,7,24.5,AH0,247,18.1619625,Night,F,L,A,MYSE
151.909,8443,6/3/2015,6/1/2015,1:45:41,7,24.5,AH0,246,18.1619625,Night,F,L,A,MYSE
151.909,8443,6/3/2015,6/1/2015,1:45:44,7,24.5,AH0,247,18.1619625,Night,F,L,A,MYSE
151.909,8443,6/3/2015,6/1/2015,1:45:58,7,24.5,AH0,245,18.1619625,Night,F,L,A,MYSE
151.909,8443,6/3/2015,6/1/2015,1:46:01,7,24.5,AH0,245,18.1619625,Night,F,L,A,MYSE
151.909,8443,6/3/2015,6/1/2015,1:46:03,7,24.5,AH0,245,18.1619625,Night,F,L,A,MYSE
151.909,8443,6/3/2015,6/1/2015,1:46:06,7,24.5,AH0,247,18.1619625,Night,F,L,A,MYSE
151.909,8443,6/3/2015,6/1/2015,1:46:21,7,24.5,AH0,247,18.1619625,Night,F,L,A,MYSE
151.909,8443,6/3/2015,6/1/2015,1:46:23,7,24.5,AH0,243,18.1619625,Night,F,L,A,MYSE
151.909,8443,6/3/2015,6/1/2015,1:46:25,7,24.5,AH0,246,18.1619625,Night,F,L,A,MYSE
151.909,8443,6/3/2015,6/1/2015,1:46:40,7,24.5,AH0,242,18.1619625,Night,F,L,A,MYSE
151.909,8443,6/3/2015,6/1/2015,1:46:43,7,24.5,AH0,243,18.1619625,Night,F,L,A,MYSE
151.909,8443,6/3/2015,6/1/2015,1:46:45,7,24.5,AH0,245,18.1619625,Night,F,L,A,MYSE
151.909,8443,6/3/2015,6/1/2015,1:47:00,7,24.5,AH0,247,18.1619625,Night,F,L,A,MYSE
151.909,8443,6/3/2015,6/1/2015,1:47:02,7,24.5,AH0,244,18.1619625,Night,F,L,A,MYSE
151.909,8443,6/3/2015,6/1/2015,1:47:05,7,24.5,AH0,245,18.1619625,Night,F,L,A,MYSE
151.909,8443,6/3/2015,6/1/2015,1:47:19,7,24.5,AH0,244,18.1619625,Night,F,L,A,MYSE
151.909,8443,6/3/2015,6/1/2015,1:47:22,7,24.5,AH0,247,18.1619625,Night,F,L,A,MYSE
151.909,8443,6/3/2015,6/1/2015,1:47:24,7,24.5,AH0,245,18.1619625,Night,F,L,A,MYSE
151.909,8443,6/3/2015,6/1/2015,1:47:39,7,24.5,AH0,242,18.1619625,Night,F,L,A,MYSE
151.909,8443,6/3/2015,6/1/2015,1:47:41,7,24.5,AH0,246,18.1619625,Night,F,L,A,MYSE
151.909,8443,6/3/2015,6/1/2015,1:47:44,7,24.5,AH0,245,18.1619625,Night,F,L,A,MYSE
151.909,8443,6/3/2015,6/1/2015,1:47:59,7,24.5,AH0,245,18.1619625,Night,F,L,A,MYSE
151.909,8443,6/3/2015,6/1/2015,1:48:01,7,24.5,AH0,244,18.1619625,Night,F,L,A,MYSE
151.909,8443,6/3/2015,6/1/2015,1:48:04,7,24.5,AH0,244,18.1619625,Night,F,L,A,MYSE
151.909,8443,6/3/2015,6/1/2015,1:48:21,7,24.5,AH0,243,18.1619625,Night,F,L,A,MYSE
151.909,8443,6/3/2015,6/1/2015,1:48:23,7,24.5,AH0,245,18.1619625,Night,F,L,A,MYSE
151.909,8443,6/3/2015,6/1/2015,1:48:26,7,24.5,AH0,243,18.1619625,Night,F,L,A,MYSE
151.909,8443,6/3/2015,6/1/2015,1:48:40,7,24.5,AH0,244,18.1619625,Night,F,L,A,MYSE
151.909,8443,6/3/2015,6/1/2015,1:48:43,7,24.5,AH0,246,18.1619625,Night,F,L,A,MYSE
151.909,8443,6/3/2015,6/1/2015,1:48:45,7,24.5,AH0,241,18.1619625,Night,F,L,A,MYSE
151.909,8443,6/3/2015,6/1/2015,1:49:00,7,24.5,AH0,245,18.1619625,Night,F,L,A,MYSE
151.909,8443,6/3/2015,6/1/2015,1:49:02,7,24.5,AH0,243,18.1619625,Night,F,L,A,MYSE
151.909,8443,6/3/2015,6/1/2015,1:49:05,7,24.5,AH0,245,18.1619625,Night,F,L,A,MYSE
151.909,8443,6/3/2015,6/1/2015,1:49:20,7,24.5,AH0,245,18.1619625,Night,F,L,A,MYSE
151.909,8443,6/3/2015,6/1/2015,1:49:22,7,24.5,AH0,244,18.1619625,Night,F,L,A,MYSE
151.909,8443,6/3/2015,6/1/2015,1:49:24,7,24.5,AH0,246,18.1619625,Night,F,L,A,MYSE
151.909,8443,6/3/2015,6/1/2015,1:49:39,7,24.5,AH0,245,18.1619625,Night,F,L,A,MYSE
151.909,8443,6/3/2015,6/1/2015,1:49:42,7,24.5,AH0,245,18.1619625,Night,F,L,A,MYSE
151.909,8443,6/3/2015,6/1/2015,1:49:44,7,24.4,AH0,245,17.8066272,Night,F,L,A,MYSE
151.909,8443,6/3/2015,6/1/2015,1:49:59,7,24.4,AH0,245,17.8066272,Night,F,L,A,MYSE
151.909,8443,6/3/2015,6/1/2015,1:50:01,7,24.4,AH0,248,17.8066272,Night,F,L,A,MYSE
151.909,8443,6/3/2015,6/1/2015,1:50:04,7,24.4,AH0,245,17.8066272,Night,F,L,A,MYSE
151.909,8443,6/3/2015,6/1/2015,1:50:18,7,24.4,AH0,245,17.8066272,Night,F,L,A,MYSE
151.909,8443,6/3/2015,6/1/2015,1:50:21,7,24.4,AH0,247,17.8066272,Night,F,L,A,MYSE
151.909,8443,6/3/2015,6/1/2015,1:50:23,7,24.4,AH0,245,17.8066272,Night,F,L,A,MYSE
151.909,8443,6/3/2015,6/1/2015,1:50:26,7,24.4,AH0,246,17.8066272,Night,F,L,A,MYSE
151.909,8443,6/3/2015,6/1/2015,1:50:41,7,24.5,AH0,246,18.1619625,Night,F,L,A,MYSE
151.909,8443,6/3/2015,6/1/2015,1:50:43,7,24.4,AH0,245,17.8066272,Night,F,L,A,MYSE
151.909,8443,6/3/2015,6/1/2015,1:50:45,7,24.4,AH0,247,17.8066272,Night,F,L,A,MYSE
151.909,8443,6/3/2015,6/1/2015,1:51:00,7,24.5,AH0,242,18.1619625,Night,F,L,A,MYSE
151.909,8443,6/3/2015,6/1/2015,1:51:03,7,24.5,AH0,245,18.1619625,Night,F,L,A,MYSE
151.909,8443,6/3/2015,6/1/2015,1:51:05,7,24.4,AH0,243,17.8066272,Night,F,L,A,MYSE
151.909,8443,6/3/2015,6/1/2015,1:51:20,7,24.5,AH0,245,18.1619625,Night,F,L,A,MYSE
151.909,8443,6/3/2015,6/1/2015,1:51:22,7,24.5,AH0,246,18.1619625,Night,F,L,A,MYSE
151.909,8443,6/3/2015,6/1/2015,1:51:25,7,24.5,AH0,246,18.1619625,Night,F,L,A,MYSE
151.909,8443,6/3/2015,6/1/2015,1:51:39,7,24.5,AH0,246,18.1619625,Night,F,L,A,MYSE
151.909,8443,6/3/2015,6/1/2015,1:51:42,7,24.5,AH0,247,18.1619625,Night,F,L,A,MYSE
151.909,8443,6/3/2015,6/1/2015,1:51:44,7,24.5,AH0,246,18.1619625,Night,F,L,A,MYSE
151.909,8443,6/3/2015,6/1/2015,1:51:59,7,24.5,AH0,244,18.1619625,Night,F,L,A,MYSE
151.909,8443,6/3/2015,6/1/2015,1:52:01,7,24.5,AH0,246,18.1619625,Night,F,L,A,MYSE
151.909,8443,6/3/2015,6/1/2015,1:52:04,7,24.5,AH0,245,18.1619625,Night,F,L,A,MYSE
151.909,8443,6/3/2015,6/1/2015,1:52:19,7,24.5,AH0,244,18.1619625,Night,F,L,A,MYSE
151.909,8443,6/3/2015,6/1/2015,1:52:21,7,24.5,AH0,246,18.1619625,Night,F,L,A,MYSE
151.909,8443,6/3/2015,6/1/2015,1:52:24,7,24.5,AH0,246,18.1619625,Night,F,L,A,MYSE
151.909,8443,6/3/2015,6/1/2015,1:52:41,7,24.5,AH0,244,18.1619625,Night,F,L,A,MYSE
151.909,8443,6/3/2015,6/1/2015,1:52:43,7,24.5,AH0,246,18.1619625,Night,F,L,A,MYSE
151.909,8443,6/3/2015,6/1/2015,1:52:46,7,24.5,AH0,245,18.1619625,Night,F,L,A,MYSE
151.909,8443,6/3/2015,6/1/2015,1:53:00,7,24.5,AH0,245,18.1619625,Night,F,L,A,MYSE
151.909,8443,6/3/2015,6/1/2015,1:53:03,7,24.5,AH0,246,18.1619625,Night,F,L,A,MYSE
151.909,8443,6/3/2015,6/1/2015,1:53:05,7,24.5,AH0,247,18.1619625,Night,F,L,A,MYSE
151.909,8443,6/3/2015,6/1/2015,1:53:20,7,24.5,AH0,248,18.1619625,Night,F,L,A,MYSE
151.909,8443,6/3/2015,6/1/2015,1:53:22,7,24.5,AH0,246,18.1619625,Night,F,L,A,MYSE
151.909,8443,6/3/2015,6/1/2015,1:53:25,7,24.5,AH0,243,18.1619625,Night,F,L,A,MYSE
151.909,8443,6/3/2015,6/1/2015,1:53:40,7,24.5,AH0,246,18.1619625,Night,F,L,A,MYSE
151.909,8443,6/3/2015,6/1/2015,1:53:42,7,24.5,AH0,244,18.1619625,Night,F,L,A,MYSE
151.909,8443,6/3/2015,6/1/2015,1:53:44,7,24.5,AH0,247,18.1619625,Night,F,L,A,MYSE
151.909,8443,6/3/2015,6/1/2015,1:53:59,7,24.5,AH0,242,18.1619625,Night,F,L,A,MYSE
151.909,8443,6/3/2015,6/1/2015,1:54:02,7,24.5,AH0,246,18.1619625,Night,F,L,A,MYSE
151.909,8443,6/3/2015,6/1/2015,1:54:04,7,24.5,AH0,247,18.1619625,Night,F,L,A,MYSE
151.909,8443,6/3/2015,6/1/2015,1:54:19,7,24.5,AH0,245,18.1619625,Night,F,L,A,MYSE
151.909,8443,6/3/2015,6/1/2015,1:54:21,7,24.5,AH0,246,18.1619625,Night,F,L,A,MYSE
151.909,8443,6/3/2015,6/1/2015,1:54:24,7,24.5,AH0,246,18.1619625,Night,F,L,A,MYSE
151.909,8443,6/3/2015,6/1/2015,1:54:38,7,24.5,AH0,246,18.1619625,Night,F,L,A,MYSE
151.909,8443,6/3/2015,6/1/2015,1:54:41,7,24.5,AH0,244,18.1619625,Night,F,L,A,MYSE
151.909,8443,6/3/2015,6/1/2015,1:54:43,7,24.5,AH0,246,18.1619625,Night,F,L,A,MYSE
151.909,8443,6/3/2015,6/1/2015,1:54:46,7,24.5,AH0,245,18.1619625,Night,F,L,A,MYSE
151.909,8443,6/3/2015,6/1/2015,1:55:00,7,24.5,AH0,246,18.1619625,Night,F,L,A,MYSE
151.909,8443,6/3/2015,6/1/2015,1:55:03,7,24.5,AH0,245,18.1619625,Night,F,L,A,MYSE
151.909,8443,6/3/2015,6/1/2015,1:55:05,7,24.5,AH0,245,18.1619625,Night,F,L,A,MYSE
151.909,8443,6/3/2015,6/1/2015,1:55:20,7,24.5,AH0,247,18.1619625,Night,F,L,A,MYSE
151.909,8443,6/3/2015,6/1/2015,1:55:22,7,24.5,AH0,247,18.1619625,Night,F,L,A,MYSE
151.909,8443,6/3/2015,6/1/2015,1:55:25,7,24.5,AH0,246,18.1619625,Night,F,L,A,MYSE
151.909,8443,6/3/2015,6/1/2015,1:55:40,7,24.5,AH0,244,18.1619625,Night,F,L,A,MYSE
151.909,8443,6/3/2015,6/1/2015,1:55:42,7,24.5,AH0,247,18.1619625,Night,F,L,A,MYSE
151.909,8443,6/3/2015,6/1/2015,1:55:45,7,24.5,AH0,247,18.1619625,Night,F,L,A,MYSE
151.909,8443,6/3/2015,6/1/2015,1:55:59,7,24.5,AH0,245,18.1619625,Night,F,L,A,MYSE
151.909,8443,6/3/2015,6/1/2015,1:56:02,7,24.5,AH0,246,18.1619625,Night,F,L,A,MYSE
151.909,8443,6/3/2015,6/1/2015,1:56:04,7,24.5,AH0,244,18.1619625,Night,F,L,A,MYSE
151.909,8443,6/3/2015,6/1/2015,1:56:19,7,24.5,AH0,244,18.1619625,Night,F,L,A,MYSE
151.909,8443,6/3/2015,6/1/2015,1:56:21,7,24.5,AH0,246,18.1619625,Night,F,L,A,MYSE
151.909,8443,6/3/2015,6/1/2015,1:56:24,7,24.5,AH0,246,18.1619625,Night,F,L,A,MYSE
151.909,8443,6/3/2015,6/1/2015,1:56:38,7,24.5,AH0,246,18.1619625,Night,F,L,A,MYSE
151.909,8443,6/3/2015,6/1/2015,1:56:41,7,24.5,AH0,244,18.1619625,Night,F,L,A,MYSE
151.909,8443,6/3/2015,6/1/2015,1:56:43,7,24.5,AH0,245,18.1619625,Night,F,L,A,MYSE
151.909,8443,6/3/2015,6/1/2015,1:56:46,7,24.5,AH0,245,18.1619625,Night,F,L,A,MYSE
151.909,8443,6/3/2015,6/1/2015,1:57:01,7,24.5,AH0,245,18.1619625,Night,F,L,A,MYSE
151.909,8443,6/3/2015,6/1/2015,1:57:03,7,24.4,AH0,245,17.8066272,Night,F,L,A,MYSE
151.909,8443,6/3/2015,6/1/2015,1:57:05,7,24.5,AH0,247,18.1619625,Night,F,L,A,MYSE
151.909,8443,6/3/2015,6/1/2015,1:57:20,7,24.4,AH0,247,17.8066272,Night,F,L,A,MYSE
151.909,8443,6/3/2015,6/1/2015,1:57:23,7,24.5,AH0,244,18.1619625,Night,F,L,A,MYSE
151.909,8443,6/3/2015,6/1/2015,1:57:25,7,24.4,AH0,245,17.8066272,Night,F,L,A,MYSE
151.909,8443,6/3/2015,6/1/2015,1:57:40,7,24.5,AH0,247,18.1619625,Night,F,L,A,MYSE
151.909,8443,6/3/2015,6/1/2015,1:57:42,7,24.4,AH0,243,17.8066272,Night,F,L,A,MYSE
151.909,8443,6/3/2015,6/1/2015,1:57:45,7,24.4,AH0,246,17.8066272,Night,F,L,A,MYSE
151.909,8443,6/3/2015,6/1/2015,1:57:59,7,24.5,AH0,247,18.1619625,Night,F,L,A,MYSE
151.909,8443,6/3/2015,6/1/2015,1:58:02,7,24.4,AH0,246,17.8066272,Night,F,L,A,MYSE
151.909,8443,6/3/2015,6/1/2015,1:58:04,7,24.4,AH0,243,17.8066272,Night,F,L,A,MYSE
151.909,8443,6/3/2015,6/1/2015,1:58:19,7,24.4,AH0,248,17.8066272,Night,F,L,A,MYSE
151.909,8443,6/3/2015,6/1/2015,1:58:21,7,24.5,AH0,247,18.1619625,Night,F,L,A,MYSE
151.909,8443,6/3/2015,6/1/2015,1:58:24,7,24.4,AH0,245,17.8066272,Night,F,L,A,MYSE
151.909,8443,6/3/2015,6/1/2015,1:58:39,7,24.5,AH0,246,18.1619625,Night,F,L,A,MYSE
151.909,8443,6/3/2015,6/1/2015,1:58:41,7,24.5,AH0,244,18.1619625,Night,F,L,A,MYSE
151.909,8443,6/3/2015,6/1/2015,1:58:44,7,24.5,AH0,247,18.1619625,Night,F,L,A,MYSE
151.909,8443,6/3/2015,6/1/2015,1:58:58,7,24.5,AH0,244,18.1619625,Night,F,L,A,MYSE
151.909,8443,6/3/2015,6/1/2015,1:59:01,7,24.5,AH0,242,18.1619625,Night,F,L,A,MYSE
151.909,8443,6/3/2015,6/1/2015,1:59:03,7,24.5,AH0,244,18.1619625,Night,F,L,A,MYSE
151.909,8443,6/3/2015,6/1/2015,1:59:06,7,24.5,AH0,246,18.1619625,Night,F,L,A,MYSE
151.909,8443,6/3/2015,6/1/2015,1:59:20,7,24.5,AH0,247,18.1619625,Night,F,L,A,MYSE
151.909,8443,6/3/2015,6/1/2015,1:59:23,7,24.5,AH0,245,18.1619625,Night,F,L,A,MYSE
151.909,8443,6/3/2015,6/1/2015,1:59:25,7,24.5,AH0,246,18.1619625,Night,F,L,A,MYSE
151.909,8443,6/3/2015,6/1/2015,1:59:40,7,24.5,AH0,246,18.1619625,Night,F,L,A,MYSE
151.909,8443,6/3/2015,6/1/2015,1:59:42,7,24.5,AH0,244,18.1619625,Night,F,L,A,MYSE
151.909,8443,6/3/2015,6/1/2015,1:59:45,7,24.5,AH0,243,18.1619625,Night,F,L,A,MYSE
151.909,8443,6/3/2015,6/1/2015,2:00:00,7,24.5,AH0,245,18.1619625,Night,F,L,A,MYSE
151.909,8443,6/3/2015,6/1/2015,2:00:02,7,24.5,AH0,247,18.1619625,Night,F,L,A,MYSE
151.909,8443,6/3/2015,6/1/2015,2:00:04,7,24.5,AH0,245,18.1619625,Night,F,L,A,MYSE
151.909,8443,6/3/2015,6/1/2015,2:00:19,7,24.5,AH0,247,18.1619625,Night,F,L,A,MYSE
151.909,8443,6/3/2015,6/1/2015,2:00:22,7,24.5,AH0,244,18.1619625,Night,F,L,A,MYSE
151.909,8443,6/3/2015,6/1/2015,2:00:24,7,24.5,AH0,242,18.1619625,Night,F,L,A,MYSE
151.909,8443,6/3/2015,6/1/2015,2:00:39,7,24.5,AH0,246,18.1619625,Night,F,L,A,MYSE
151.909,8443,6/3/2015,6/1/2015,2:00:41,7,24.5,AH0,245,18.1619625,Night,F,L,A,MYSE
151.909,8443,6/3/2015,6/1/2015,2:00:44,7,24.5,AH0,246,18.1619625,Night,F,L,A,MYSE
151.909,8443,6/3/2015,6/1/2015,2:00:58,7,24.5,AH0,246,18.1619625,Night,F,L,A,MYSE
151.909,8443,6/3/2015,6/1/2015,2:01:01,7,24.5,AH0,246,18.1619625,Night,F,L,A,MYSE
151.909,8443,6/3/2015,6/1/2015,2:01:03,7,24.5,AH0,245,18.1619625,Night,F,L,A,MYSE
151.909,8443,6/3/2015,6/1/2015,2:01:20,7,24.5,AH0,247,18.1619625,Night,F,L,A,MYSE
151.909,8443,6/3/2015,6/1/2015,2:01:23,7,24.5,AH0,245,18.1619625,Night,F,L,A,MYSE
151.909,8443,6/3/2015,6/1/2015,2:01:25,7,24.5,AH0,246,18.1619625,Night,F,L,A,MYSE
151.909,8443,6/3/2015,6/1/2015,2:01:40,7,24.5,AH0,245,18.1619625,Night,F,L,A,MYSE
151.909,8443,6/3/2015,6/1/2015,2:01:43,7,24.5,AH0,244,18.1619625,Night,F,L,A,MYSE
151.909,8443,6/3/2015,6/1/2015,2:01:45,7,24.5,AH0,244,18.1619625,Night,F,L,A,MYSE
151.909,8443,6/3/2015,6/1/2015,2:02:00,7,24.5,AH0,247,18.1619625,Night,F,L,A,MYSE
151.909,8443,6/3/2015,6/1/2015,2:02:02,7,24.5,AH0,246,18.1619625,Night,F,L,A,MYSE
151.909,8443,6/3/2015,6/1/2015,2:02:05,7,24.5,AH0,245,18.1619625,Night,F,L,A,MYSE
151.909,8443,6/3/2015,6/1/2015,2:02:19,7,24.5,AH0,244,18.1619625,Night,F,L,A,MYSE
151.909,8443,6/3/2015,6/1/2015,2:02:22,7,24.5,AH0,246,18.1619625,Night,F,L,A,MYSE
151.909,8443,6/3/2015,6/1/2015,2:02:24,7,24.5,AH0,247,18.1619625,Night,F,L,A,MYSE
151.909,8443,6/3/2015,6/1/2015,2:02:39,7,24.5,AH0,245,18.1619625,Night,F,L,A,MYSE
151.909,8443,6/3/2015,6/1/2015,2:02:41,7,24.5,AH0,245,18.1619625,Night,F,L,A,MYSE
151.909,8443,6/3/2015,6/1/2015,2:02:44,7,24.5,AH0,245,18.1619625,Night,F,L,A,MYSE
151.909,8443,6/3/2015,6/1/2015,2:02:58,7,24.5,AH0,246,18.1619625,Night,F,L,A,MYSE
151.909,8443,6/3/2015,6/1/2015,2:03:01,7,24.5,AH0,246,18.1619625,Night,F,L,A,MYSE
151.909,8443,6/3/2015,6/1/2015,2:03:03,7,24.5,AH0,245,18.1619625,Night,F,L,A,MYSE
151.909,8443,6/3/2015,6/1/2015,2:03:21,7,24.5,AH0,246,18.1619625,Night,F,L,A,MYSE
151.909,8443,6/3/2015,6/1/2015,2:03:23,7,24.5,AH0,246,18.1619625,Night,F,L,A,MYSE
151.909,8443,6/3/2015,6/1/2015,2:03:25,7,24.5,AH0,241,18.1619625,Night,F,L,A,MYSE
151.909,8443,6/3/2015,6/1/2015,2:03:40,7,24.5,AH0,245,18.1619625,Night,F,L,A,MYSE
151.909,8443,6/3/2015,6/1/2015,2:03:43,7,24.5,AH0,245,18.1619625,Night,F,L,A,MYSE
151.909,8443,6/3/2015,6/1/2015,2:03:45,7,24.5,AH0,245,18.1619625,Night,F,L,A,MYSE
151.909,8443,6/3/2015,6/1/2015,2:04:00,7,24.5,AH0,247,18.1619625,Night,F,L,A,MYSE
151.909,8443,6/3/2015,6/1/2015,2:04:02,7,24.5,AH0,246,18.1619625,Night,F,L,A,MYSE
151.909,8443,6/3/2015,6/1/2015,2:04:05,7,24.5,AH0,245,18.1619625,Night,F,L,A,MYSE
151.909,8443,6/3/2015,6/1/2015,2:04:19,7,24.5,AH0,247,18.1619625,Night,F,L,A,MYSE
151.909,8443,6/3/2015,6/1/2015,2:04:22,7,24.5,AH0,246,18.1619625,Night,F,L,A,MYSE
151.909,8443,6/3/2015,6/1/2015,2:04:24,7,24.5,AH0,246,18.1619625,Night,F,L,A,MYSE
151.909,8443,6/3/2015,6/1/2015,2:04:39,7,24.5,AH0,247,18.1619625,Night,F,L,A,MYSE
151.909,8443,6/3/2015,6/1/2015,2:04:41,7,24.5,AH0,246,18.1619625,Night,F,L,A,MYSE
151.909,8443,6/3/2015,6/1/2015,2:04:44,7,24.5,AH0,245,18.1619625,Night,F,L,A,MYSE
151.909,8443,6/3/2015,6/1/2015,2:04:59,7,24.5,AH0,248,18.1619625,Night,F,L,A,MYSE
151.909,8443,6/3/2015,6/1/2015,2:05:01,7,24.5,AH0,245,18.1619625,Night,F,L,A,MYSE
151.909,8443,6/3/2015,6/1/2015,2:05:03,7,24.5,AH0,245,18.1619625,Night,F,L,A,MYSE
151.909,8443,6/3/2015,6/1/2015,2:05:18,7,24.5,AH0,247,18.1619625,Night,F,L,A,MYSE
151.909,8443,6/3/2015,6/1/2015,2:05:21,7,24.5,AH0,246,18.1619625,Night,F,L,A,MYSE
151.909,8443,6/3/2015,6/1/2015,2:05:23,7,24.5,AH0,247,18.1619625,Night,F,L,A,MYSE
151.909,8443,6/3/2015,6/1/2015,2:05:26,7,24.5,AH0,248,18.1619625,Night,F,L,A,MYSE
151.909,8443,6/3/2015,6/1/2015,2:05:40,7,24.5,AH0,247,18.1619625,Night,F,L,A,MYSE
151.909,8443,6/3/2015,6/1/2015,2:05:43,7,24.5,AH0,245,18.1619625,Night,F,L,A,MYSE
151.909,8443,6/3/2015,6/1/2015,2:05:45,7,24.5,AH0,244,18.1619625,Night,F,L,A,MYSE
151.909,8443,6/3/2015,6/1/2015,2:06:00,7,24.5,AH0,246,18.1619625,Night,F,L,A,MYSE
151.909,8443,6/3/2015,6/1/2015,2:06:02,7,24.5,AH0,246,18.1619625,Night,F,L,A,MYSE
151.909,8443,6/3/2015,6/1/2015,2:06:05,7,24.5,AH0,244,18.1619625,Night,F,L,A,MYSE
151.909,8443,6/3/2015,6/1/2015,2:06:19,7,24.5,AH0,246,18.1619625,Night,F,L,A,MYSE
151.909,8443,6/3/2015,6/1/2015,2:06:22,7,24.5,AH0,247,18.1619625,Night,F,L,A,MYSE
151.909,8443,6/3/2015,6/1/2015,2:06:24,7,24.5,AH0,245,18.1619625,Night,F,L,A,MYSE
151.909,8443,6/3/2015,6/1/2015,2:06:39,7,24.5,AH0,245,18.1619625,Night,F,L,A,MYSE
151.909,8443,6/3/2015,6/1/2015,2:06:41,7,24.5,AH0,245,18.1619625,Night,F,L,A,MYSE
151.909,8443,6/3/2015,6/1/2015,2:06:44,7,24.5,AH0,245,18.1619625,Night,F,L,A,MYSE
151.909,8443,6/3/2015,6/1/2015,2:06:59,7,24.5,AH0,247,18.1619625,Night,F,L,A,MYSE
151.909,8443,6/3/2015,6/1/2015,2:07:01,7,24.5,AH0,246,18.1619625,Night,F,L,A,MYSE
151.909,8443,6/3/2015,6/1/2015,2:07:04,7,24.5,AH0,245,18.1619625,Night,F,L,A,MYSE
151.909,8443,6/3/2015,6/1/2015,2:07:18,7,24.5,AH0,248,18.1619625,Night,F,L,A,MYSE
151.909,8443,6/3/2015,6/1/2015,2:07:21,7,24.5,AH0,247,18.1619625,Night,F,L,A,MYSE
151.909,8443,6/3/2015,6/1/2015,2:07:23,7,24.5,AH0,244,18.1619625,Night,F,L,A,MYSE
151.909,8443,6/3/2015,6/1/2015,2:07:26,7,24.5,AH0,246,18.1619625,Night,F,L,A,MYSE
151.909,8443,6/3/2015,6/1/2015,2:07:40,7,24.5,AH0,246,18.1619625,Night,F,L,A,MYSE
151.909,8443,6/3/2015,6/1/2015,2:07:43,7,24.5,AH0,246,18.1619625,Night,F,L,A,MYSE
151.909,8443,6/3/2015,6/1/2015,2:07:45,7,24.5,AH0,248,18.1619625,Night,F,L,A,MYSE
151.909,8443,6/3/2015,6/1/2015,2:08:00,7,24.5,AH0,244,18.1619625,Night,F,L,A,MYSE
151.909,8443,6/3/2015,6/1/2015,2:08:02,7,24.5,AH0,248,18.1619625,Night,F,L,A,MYSE
151.909,8443,6/3/2015,6/1/2015,2:08:05,7,24.5,AH0,247,18.1619625,Night,F,L,A,MYSE
151.909,8443,6/3/2015,6/1/2015,2:08:19,7,24.5,AH0,246,18.1619625,Night,F,L,A,MYSE
151.909,8443,6/3/2015,6/1/2015,2:08:22,7,24.5,AH0,247,18.1619625,Night,F,L,A,MYSE
151.909,8443,6/3/2015,6/1/2015,2:08:24,7,24.5,AH0,248,18.1619625,Night,F,L,A,MYSE
151.909,8443,6/3/2015,6/1/2015,2:08:39,7,24.5,AH0,245,18.1619625,Night,F,L,A,MYSE
151.909,8443,6/3/2015,6/1/2015,2:08:42,7,24.5,AH0,247,18.1619625,Night,F,L,A,MYSE
151.909,8443,6/3/2015,6/1/2015,2:08:44,7,24.5,AH0,245,18.1619625,Night,F,L,A,MYSE
151.909,8443,6/3/2015,6/1/2015,2:08:59,7,24.5,AH0,245,18.1619625,Night,F,L,A,MYSE
151.909,8443,6/3/2015,6/1/2015,2:09:01,7,24.5,AH0,245,18.1619625,Night,F,L,A,MYSE
151.909,8443,6/3/2015,6/1/2015,2:09:04,7,24.5,AH0,247,18.1619625,Night,F,L,A,MYSE
151.909,8443,6/3/2015,6/1/2015,2:09:18,7,24.5,AH0,246,18.1619625,Night,F,L,A,MYSE
151.909,8443,6/3/2015,6/1/2015,2:09:21,7,24.5,AH0,244,18.1619625,Night,F,L,A,MYSE
151.909,8443,6/3/2015,6/1/2015,2:09:23,7,24.5,AH0,247,18.1619625,Night,F,L,A,MYSE
151.909,8443,6/3/2015,6/1/2015,2:09:40,7,24.5,AH0,246,18.1619625,Night,F,L,A,MYSE
151.909,8443,6/3/2015,6/1/2015,2:09:43,7,24.5,AH0,246,18.1619625,Night,F,L,A,MYSE
151.909,8443,6/3/2015,6/1/2015,2:09:45,7,24.5,AH0,244,18.1619625,Night,F,L,A,MYSE
151.909,8443,6/3/2015,6/1/2015,2:10:00,7,24.5,AH0,245,18.1619625,Night,F,L,A,MYSE
151.909,8443,6/3/2015,6/1/2015,2:10:02,7,24.5,AH0,245,18.1619625,Night,F,L,A,MYSE
151.909,8443,6/3/2015,6/1/2015,2:10:05,7,24.5,AH0,245,18.1619625,Night,F,L,A,MYSE
151.909,8443,6/3/2015,6/1/2015,2:10:19,7,24.5,AH0,245,18.1619625,Night,F,L,A,MYSE
151.909,8443,6/3/2015,6/1/2015,2:10:22,7,24.5,AH0,244,18.1619625,Night,F,L,A,MYSE
151.909,8443,6/3/2015,6/1/2015,2:10:24,7,24.5,AH0,245,18.1619625,Night,F,L,A,MYSE
151.909,8443,6/3/2015,6/1/2015,2:10:39,7,24.5,AH0,244,18.1619625,Night,F,L,A,MYSE
151.909,8443,6/3/2015,6/1/2015,2:10:42,7,24.5,AH0,245,18.1619625,Night,F,L,A,MYSE
151.909,8443,6/3/2015,6/1/2015,2:10:44,7,24.5,AH0,248,18.1619625,Night,F,L,A,MYSE
151.909,8443,6/3/2015,6/1/2015,2:10:59,7,24.5,AH0,245,18.1619625,Night,F,L,A,MYSE
151.909,8443,6/3/2015,6/1/2015,2:11:01,7,24.5,AH0,247,18.1619625,Night,F,L,A,MYSE
151.909,8443,6/3/2015,6/1/2015,2:11:04,7,24.5,AH0,246,18.1619625,Night,F,L,A,MYSE
151.909,8443,6/3/2015,6/1/2015,2:11:18,7,24.5,AH0,247,18.1619625,Night,F,L,A,MYSE
151.909,8443,6/3/2015,6/1/2015,2:11:21,7,24.5,AH0,247,18.1619625,Night,F,L,A,MYSE
151.909,8443,6/3/2015,6/1/2015,2:11:23,7,24.5,AH0,247,18.1619625,Night,F,L,A,MYSE
151.909,8443,6/3/2015,6/1/2015,2:11:40,7,24.5,AH0,247,18.1619625,Night,F,L,A,MYSE
151.909,8443,6/3/2015,6/1/2015,2:11:43,7,24.5,AH0,247,18.1619625,Night,F,L,A,MYSE
151.909,8443,6/3/2015,6/1/2015,2:11:45,7,24.5,AH0,244,18.1619625,Night,F,L,A,MYSE
151.909,8443,6/3/2015,6/1/2015,2:12:00,7,24.5,AH0,246,18.1619625,Night,F,L,A,MYSE
151.909,8443,6/3/2015,6/1/2015,2:12:02,7,24.5,AH0,247,18.1619625,Night,F,L,A,MYSE
151.909,8443,6/3/2015,6/1/2015,2:12:05,7,24.5,AH0,247,18.1619625,Night,F,L,A,MYSE
151.909,8443,6/3/2015,6/1/2015,2:12:19,7,24.5,AH0,244,18.1619625,Night,F,L,A,MYSE
151.909,8443,6/3/2015,6/1/2015,2:12:22,7,24.5,AH0,248,18.1619625,Night,F,L,A,MYSE
151.909,8443,6/3/2015,6/1/2015,2:12:24,7,24.5,AH0,243,18.1619625,Night,F,L,A,MYSE
151.909,8443,6/3/2015,6/1/2015,2:12:39,7,24.5,AH0,244,18.1619625,Night,F,L,A,MYSE
151.909,8443,6/3/2015,6/1/2015,2:12:42,7,24.5,AH0,245,18.1619625,Night,F,L,A,MYSE
151.909,8443,6/3/2015,6/1/2015,2:12:44,7,24.5,AH0,240,18.1619625,Night,F,L,A,MYSE
151.909,8443,6/3/2015,6/1/2015,2:12:59,7,24.5,AH0,246,18.1619625,Night,F,L,A,MYSE
151.909,8443,6/3/2015,6/1/2015,2:13:01,7,24.5,AH0,246,18.1619625,Night,F,L,A,MYSE
151.909,8443,6/3/2015,6/1/2015,2:13:04,7,24.5,AH0,243,18.1619625,Night,F,L,A,MYSE
151.909,8443,6/3/2015,6/1/2015,2:13:18,7,24.5,AH0,246,18.1619625,Night,F,L,A,MYSE
151.909,8443,6/3/2015,6/1/2015,2:13:21,7,24.5,AH0,246,18.1619625,Night,F,L,A,MYSE
151.909,8443,6/3/2015,6/1/2015,2:13:23,7,24.5,AH0,247,18.1619625,Night,F,L,A,MYSE
151.909,8443,6/3/2015,6/1/2015,2:13:40,7,24.5,AH0,246,18.1619625,Night,F,L,A,MYSE
151.909,8443,6/3/2015,6/1/2015,2:13:43,7,24.5,AH0,244,18.1619625,Night,F,L,A,MYSE
151.909,8443,6/3/2015,6/1/2015,2:13:45,7,24.5,AH0,246,18.1619625,Night,F,L,A,MYSE
151.909,8443,6/3/2015,6/1/2015,2:14:00,7,24.5,AH0,246,18.1619625,Night,F,L,A,MYSE
151.909,8443,6/3/2015,6/1/2015,2:14:02,7,24.5,AH0,243,18.1619625,Night,F,L,A,MYSE
151.909,8443,6/3/2015,6/1/2015,2:14:05,7,24.5,AH0,248,18.1619625,Night,F,L,A,MYSE
151.909,8443,6/3/2015,6/1/2015,2:14:19,7,24.5,AH0,244,18.1619625,Night,F,L,A,MYSE
151.909,8443,6/3/2015,6/1/2015,2:14:22,7,24.5,AH0,247,18.1619625,Night,F,L,A,MYSE
151.909,8443,6/3/2015,6/1/2015,2:14:24,7,24.5,AH0,247,18.1619625,Night,F,L,A,MYSE
151.909,8443,6/3/2015,6/1/2015,2:14:39,7,24.5,AH0,246,18.1619625,Night,F,L,A,MYSE
151.909,8443,6/3/2015,6/1/2015,2:14:42,7,24.5,AH0,246,18.1619625,Night,F,L,A,MYSE
151.909,8443,6/3/2015,6/1/2015,2:14:44,7,24.5,AH0,247,18.1619625,Night,F,L,A,MYSE
151.909,8443,6/3/2015,6/1/2015,2:14:59,7,24.5,AH0,248,18.1619625,Night,F,L,A,MYSE
151.909,8443,6/3/2015,6/1/2015,2:15:01,7,24.5,AH0,246,18.1619625,Night,F,L,A,MYSE
151.909,8443,6/3/2015,6/1/2015,2:15:04,7,24.5,AH0,246,18.1619625,Night,F,L,A,MYSE
151.909,8443,6/3/2015,6/1/2015,2:15:18,7,24.5,AH0,247,18.1619625,Night,F,L,A,MYSE
151.909,8443,6/3/2015,6/1/2015,2:15:21,7,24.5,AH0,246,18.1619625,Night,F,L,A,MYSE
151.909,8443,6/3/2015,6/1/2015,2:15:23,7,24.5,AH0,246,18.1619625,Night,F,L,A,MYSE
151.909,8443,6/3/2015,6/1/2015,2:15:40,7,24.5,AH0,247,18.1619625,Night,F,L,A,MYSE
151.909,8443,6/3/2015,6/1/2015,2:15:43,7,24.5,AH0,243,18.1619625,Night,F,L,A,MYSE
151.909,8443,6/3/2015,6/1/2015,2:15:45,7,24.5,AH0,247,18.1619625,Night,F,L,A,MYSE
151.909,8443,6/3/2015,6/1/2015,2:16:00,7,24.5,AH0,244,18.1619625,Night,F,L,A,MYSE
151.909,8443,6/3/2015,6/1/2015,2:16:02,7,24.5,AH0,246,18.1619625,Night,F,L,A,MYSE
151.909,8443,6/3/2015,6/1/2015,2:16:05,7,24.5,AH0,243,18.1619625,Night,F,L,A,MYSE
151.909,8443,6/3/2015,6/1/2015,2:16:19,7,24.5,AH0,246,18.1619625,Night,F,L,A,MYSE
151.909,8443,6/3/2015,6/1/2015,2:16:22,7,24.5,AH0,245,18.1619625,Night,F,L,A,MYSE
151.909,8443,6/3/2015,6/1/2015,2:16:24,7,24.5,AH0,243,18.1619625,Night,F,L,A,MYSE
151.909,8443,6/3/2015,6/1/2015,2:16:39,7,24.5,AH0,245,18.1619625,Night,F,L,A,MYSE
151.909,8443,6/3/2015,6/1/2015,2:16:41,7,24.5,AH0,247,18.1619625,Night,F,L,A,MYSE
151.909,8443,6/3/2015,6/1/2015,2:16:44,7,24.5,AH0,248,18.1619625,Night,F,L,A,MYSE
151.909,8443,6/3/2015,6/1/2015,2:16:59,7,24.5,AH0,246,18.1619625,Night,F,L,A,MYSE
151.909,8443,6/3/2015,6/1/2015,2:17:01,7,24.5,AH0,245,18.1619625,Night,F,L,A,MYSE
151.909,8443,6/3/2015,6/1/2015,2:17:03,7,24.5,AH0,244,18.1619625,Night,F,L,A,MYSE
151.909,8443,6/3/2015,6/1/2015,2:17:18,7,24.5,AH0,244,18.1619625,Night,F,L,A,MYSE
151.909,8443,6/3/2015,6/1/2015,2:17:21,7,24.5,AH0,245,18.1619625,Night,F,L,A,MYSE
151.909,8443,6/3/2015,6/1/2015,2:17:23,7,24.5,AH0,245,18.1619625,Night,F,L,A,MYSE
151.909,8443,6/3/2015,6/1/2015,2:17:40,7,24.5,AH0,243,18.1619625,Night,F,L,A,MYSE
151.909,8443,6/3/2015,6/1/2015,2:17:43,7,24.5,AH0,244,18.1619625,Night,F,L,A,MYSE
151.909,8443,6/3/2015,6/1/2015,2:17:45,7,24.5,AH0,244,18.1619625,Night,F,L,A,MYSE
151.909,8443,6/3/2015,6/1/2015,2:18:01,7,24.5,AH0,245,18.1619625,Night,F,L,A,MYSE
151.909,8443,6/3/2015,6/1/2015,2:18:03,7,24.5,AH0,246,18.1619625,Night,F,L,A,MYSE
151.909,8443,6/3/2015,6/1/2015,2:18:06,7,24.5,AH0,247,18.1619625,Night,F,L,A,MYSE
151.909,8443,6/3/2015,6/1/2015,2:18:20,7,24.5,AH0,248,18.1619625,Night,F,L,A,MYSE
151.909,8443,6/3/2015,6/1/2015,2:18:23,7,24.5,AH0,245,18.1619625,Night,F,L,A,MYSE
151.909,8443,6/3/2015,6/1/2015,2:18:25,7,24.5,AH0,246,18.1619625,Night,F,L,A,MYSE
151.909,8443,6/3/2015,6/1/2015,2:18:40,7,24.5,AH0,245,18.1619625,Night,F,L,A,MYSE
151.909,8443,6/3/2015,6/1/2015,2:18:42,7,24.5,AH0,247,18.1619625,Night,F,L,A,MYSE
151.909,8443,6/3/2015,6/1/2015,2:18:45,7,24.5,AH0,246,18.1619625,Night,F,L,A,MYSE
151.909,8443,6/3/2015,6/1/2015,2:19:00,7,24.5,AH0,247,18.1619625,Night,F,L,A,MYSE
151.909,8443,6/3/2015,6/1/2015,2:19:02,7,24.5,AH0,247,18.1619625,Night,F,L,A,MYSE
151.909,8443,6/3/2015,6/1/2015,2:19:04,7,24.5,AH0,245,18.1619625,Night,F,L,A,MYSE
151.909,8443,6/3/2015,6/1/2015,2:19:19,7,24.5,AH0,246,18.1619625,Night,F,L,A,MYSE
151.909,8443,6/3/2015,6/1/2015,2:19:22,7,24.5,AH0,243,18.1619625,Night,F,L,A,MYSE
151.909,8443,6/3/2015,6/1/2015,2:19:24,7,24.5,AH0,247,18.1619625,Night,F,L,A,MYSE
151.909,8443,6/3/2015,6/1/2015,2:19:41,7,24.5,AH0,247,18.1619625,Night,F,L,A,MYSE
151.909,8443,6/3/2015,6/1/2015,2:19:44,7,24.5,AH0,244,18.1619625,Night,F,L,A,MYSE
151.909,8443,6/3/2015,6/1/2015,2:19:46,7,24.5,AH0,243,18.1619625,Night,F,L,A,MYSE
151.909,8443,6/3/2015,6/1/2015,2:20:01,7,24.5,AH0,248,18.1619625,Night,F,L,A,MYSE
151.909,8443,6/3/2015,6/1/2015,2:20:03,7,24.5,AH0,245,18.1619625,Night,F,L,A,MYSE
151.909,8443,6/3/2015,6/1/2015,2:20:06,7,24.5,AH0,246,18.1619625,Night,F,L,A,MYSE
151.909,8443,6/3/2015,6/1/2015,2:20:20,7,24.5,AH0,246,18.1619625,Night,F,L,A,MYSE
151.909,8443,6/3/2015,6/1/2015,2:20:23,7,24.5,AH0,246,18.1619625,Night,F,L,A,MYSE
151.909,8443,6/3/2015,6/1/2015,2:20:25,7,24.5,AH0,245,18.1619625,Night,F,L,A,MYSE
151.909,8443,6/3/2015,6/1/2015,2:20:40,7,24.5,AH0,246,18.1619625,Night,F,L,A,MYSE
151.909,8443,6/3/2015,6/1/2015,2:20:42,7,24.5,AH0,248,18.1619625,Night,F,L,A,MYSE
151.909,8443,6/3/2015,6/1/2015,2:20:45,7,24.5,AH0,245,18.1619625,Night,F,L,A,MYSE
151.909,8443,6/3/2015,6/1/2015,2:21:00,7,24.5,AH0,245,18.1619625,Night,F,L,A,MYSE
151.909,8443,6/3/2015,6/1/2015,2:21:02,7,24.5,AH0,246,18.1619625,Night,F,L,A,MYSE
151.909,8443,6/3/2015,6/1/2015,2:21:04,7,24.5,AH0,245,18.1619625,Night,F,L,A,MYSE
151.909,8443,6/3/2015,6/1/2015,2:21:19,7,24.5,AH0,245,18.1619625,Night,F,L,A,MYSE
151.909,8443,6/3/2015,6/1/2015,2:21:22,7,24.5,AH0,244,18.1619625,Night,F,L,A,MYSE
151.909,8443,6/3/2015,6/1/2015,2:21:24,7,24.5,AH0,245,18.1619625,Night,F,L,A,MYSE
151.909,8443,6/3/2015,6/1/2015,2:21:41,7,24.5,AH0,244,18.1619625,Night,F,L,A,MYSE
151.909,8443,6/3/2015,6/1/2015,2:21:44,7,24.5,AH0,247,18.1619625,Night,F,L,A,MYSE
151.909,8443,6/3/2015,6/1/2015,2:21:46,7,24.5,AH0,244,18.1619625,Night,F,L,A,MYSE
151.909,8443,6/3/2015,6/1/2015,2:22:01,7,24.5,AH0,246,18.1619625,Night,F,L,A,MYSE
151.909,8443,6/3/2015,6/1/2015,2:22:03,7,24.5,AH0,245,18.1619625,Night,F,L,A,MYSE
151.909,8443,6/3/2015,6/1/2015,2:22:06,7,24.5,AH0,246,18.1619625,Night,F,L,A,MYSE
151.909,8443,6/3/2015,6/1/2015,2:22:20,7,24.5,AH0,247,18.1619625,Night,F,L,A,MYSE
151.909,8443,6/3/2015,6/1/2015,2:22:23,7,24.5,AH0,246,18.1619625,Night,F,L,A,MYSE
151.909,8443,6/3/2015,6/1/2015,2:22:25,7,24.5,AH0,244,18.1619625,Night,F,L,A,MYSE
151.909,8443,6/3/2015,6/1/2015,2:22:40,7,24.5,AH0,246,18.1619625,Night,F,L,A,MYSE
151.909,8443,6/3/2015,6/1/2015,2:22:42,7,24.5,AH0,245,18.1619625,Night,F,L,A,MYSE
151.909,8443,6/3/2015,6/1/2015,2:22:45,7,24.5,AH0,246,18.1619625,Night,F,L,A,MYSE
151.909,8443,6/3/2015,6/1/2015,2:22:59,7,24.5,AH0,247,18.1619625,Night,F,L,A,MYSE
151.909,8443,6/3/2015,6/1/2015,2:23:02,7,24.5,AH0,245,18.1619625,Night,F,L,A,MYSE
151.909,8443,6/3/2015,6/1/2015,2:23:04,7,24.5,AH0,246,18.1619625,Night,F,L,A,MYSE
151.909,8443,6/3/2015,6/1/2015,2:23:19,7,24.5,AH0,245,18.1619625,Night,F,L,A,MYSE
151.909,8443,6/3/2015,6/1/2015,2:23:22,7,24.5,AH0,247,18.1619625,Night,F,L,A,MYSE
151.909,8443,6/3/2015,6/1/2015,2:23:24,7,24.5,AH0,246,18.1619625,Night,F,L,A,MYSE
151.909,8443,6/3/2015,6/1/2015,2:23:41,7,24.5,AH0,248,18.1619625,Night,F,L,A,MYSE
151.909,8443,6/3/2015,6/1/2015,2:23:44,7,24.5,AH0,247,18.1619625,Night,F,L,A,MYSE
151.909,8443,6/3/2015,6/1/2015,2:23:46,7,24.5,AH0,246,18.1619625,Night,F,L,A,MYSE
151.909,8443,6/3/2015,6/1/2015,2:24:01,7,24.5,AH0,246,18.1619625,Night,F,L,A,MYSE
151.909,8443,6/3/2015,6/1/2015,2:24:03,7,24.5,AH0,246,18.1619625,Night,F,L,A,MYSE
151.909,8443,6/3/2015,6/1/2015,2:24:06,7,24.5,AH0,245,18.1619625,Night,F,L,A,MYSE
151.909,8443,6/3/2015,6/1/2015,2:24:20,7,24.5,AH0,246,18.1619625,Night,F,L,A,MYSE
151.909,8443,6/3/2015,6/1/2015,2:24:23,7,24.5,AH0,247,18.1619625,Night,F,L,A,MYSE
151.909,8443,6/3/2015,6/1/2015,2:24:25,7,24.5,AH0,246,18.1619625,Night,F,L,A,MYSE
151.909,8443,6/3/2015,6/1/2015,2:24:40,7,24.5,AH0,247,18.1619625,Night,F,L,A,MYSE
151.909,8443,6/3/2015,6/1/2015,2:24:42,7,24.5,AH0,245,18.1619625,Night,F,L,A,MYSE
151.909,8443,6/3/2015,6/1/2015,2:24:45,7,24.5,AH0,244,18.1619625,Night,F,L,A,MYSE
151.909,8443,6/3/2015,6/1/2015,2:24:59,7,24.5,AH0,244,18.1619625,Night,F,L,A,MYSE
151.909,8443,6/3/2015,6/1/2015,2:25:02,7,24.5,AH0,246,18.1619625,Night,F,L,A,MYSE
151.909,8443,6/3/2015,6/1/2015,2:25:04,7,24.5,AH0,248,18.1619625,Night,F,L,A,MYSE
151.909,8443,6/3/2015,6/1/2015,2:25:19,7,24.5,AH0,246,18.1619625,Night,F,L,A,MYSE
151.909,8443,6/3/2015,6/1/2015,2:25:21,7,24.5,AH0,245,18.1619625,Night,F,L,A,MYSE
151.909,8443,6/3/2015,6/1/2015,2:25:24,7,24.5,AH0,247,18.1619625,Night,F,L,A,MYSE
151.909,8443,6/3/2015,6/1/2015,2:25:41,7,24.5,AH0,246,18.1619625,Night,F,L,A,MYSE
151.909,8443,6/3/2015,6/1/2015,2:25:43,7,24.5,AH0,245,18.1619625,Night,F,L,A,MYSE
151.909,8443,6/3/2015,6/1/2015,2:25:46,7,24.5,AH0,247,18.1619625,Night,F,L,A,MYSE
151.909,8443,6/3/2015,6/1/2015,2:26:01,7,24.5,AH0,245,18.1619625,Night,F,L,A,MYSE
151.909,8443,6/3/2015,6/1/2015,2:26:03,7,24.5,AH0,247,18.1619625,Night,F,L,A,MYSE
151.909,8443,6/3/2015,6/1/2015,2:26:06,7,24.5,AH0,247,18.1619625,Night,F,L,A,MYSE
151.909,8443,6/3/2015,6/1/2015,2:26:20,7,24.5,AH0,247,18.1619625,Night,F,L,A,MYSE
151.909,8443,6/3/2015,6/1/2015,2:26:23,7,24.5,AH0,246,18.1619625,Night,F,L,A,MYSE
151.909,8443,6/3/2015,6/1/2015,2:26:25,7,24.5,AH0,247,18.1619625,Night,F,L,A,MYSE
151.909,8443,6/3/2015,6/1/2015,2:26:40,7,24.5,AH0,243,18.1619625,Night,F,L,A,MYSE
151.909,8443,6/3/2015,6/1/2015,2:26:42,7,24.5,AH0,246,18.1619625,Night,F,L,A,MYSE
151.909,8443,6/3/2015,6/1/2015,2:26:45,7,24.5,AH0,247,18.1619625,Night,F,L,A,MYSE
151.909,8443,6/3/2015,6/1/2015,2:26:59,7,24.5,AH0,246,18.1619625,Night,F,L,A,MYSE
151.909,8443,6/3/2015,6/1/2015,2:27:02,7,24.5,AH0,245,18.1619625,Night,F,L,A,MYSE
151.909,8443,6/3/2015,6/1/2015,2:27:04,7,24.5,AH0,243,18.1619625,Night,F,L,A,MYSE
151.909,8443,6/3/2015,6/1/2015,2:27:19,7,24.5,AH0,245,18.1619625,Night,F,L,A,MYSE
151.909,8443,6/3/2015,6/1/2015,2:27:21,7,24.5,AH0,245,18.1619625,Night,F,L,A,MYSE
151.909,8443,6/3/2015,6/1/2015,2:27:24,7,24.5,AH0,247,18.1619625,Night,F,L,A,MYSE
151.909,8443,6/3/2015,6/1/2015,2:27:26,7,24.5,AH0,246,18.1619625,Night,F,L,A,MYSE
151.909,8443,6/3/2015,6/1/2015,2:27:41,7,24.5,AH0,244,18.1619625,Night,F,L,A,MYSE
151.909,8443,6/3/2015,6/1/2015,2:27:43,7,24.5,AH0,246,18.1619625,Night,F,L,A,MYSE
151.909,8443,6/3/2015,6/1/2015,2:27:46,7,24.5,AH0,246,18.1619625,Night,F,L,A,MYSE
151.909,8443,6/3/2015,6/1/2015,2:28:01,7,24.5,AH0,243,18.1619625,Night,F,L,A,MYSE
151.909,8443,6/3/2015,6/1/2015,2:28:03,7,24.5,AH0,244,18.1619625,Night,F,L,A,MYSE
151.909,8443,6/3/2015,6/1/2015,2:28:05,7,24.5,AH0,244,18.1619625,Night,F,L,A,MYSE
151.909,8443,6/3/2015,6/1/2015,2:28:20,7,24.5,AH0,246,18.1619625,Night,F,L,A,MYSE
151.909,8443,6/3/2015,6/1/2015,2:28:23,7,24.5,AH0,245,18.1619625,Night,F,L,A,MYSE
151.909,8443,6/3/2015,6/1/2015,2:28:25,7,24.5,AH0,243,18.1619625,Night,F,L,A,MYSE
151.909,8443,6/3/2015,6/1/2015,2:28:40,7,24.5,AH0,244,18.1619625,Night,F,L,A,MYSE
151.909,8443,6/3/2015,6/1/2015,2:28:42,7,24.5,AH0,247,18.1619625,Night,F,L,A,MYSE
151.909,8443,6/3/2015,6/1/2015,2:28:45,7,24.5,AH0,246,18.1619625,Night,F,L,A,MYSE
151.909,8443,6/3/2015,6/1/2015,2:28:59,7,24.5,AH0,244,18.1619625,Night,F,L,A,MYSE
151.909,8443,6/3/2015,6/1/2015,2:29:02,7,24.5,AH0,245,18.1619625,Night,F,L,A,MYSE
151.909,8443,6/3/2015,6/1/2015,2:29:04,7,24.5,AH0,246,18.1619625,Night,F,L,A,MYSE
151.909,8443,6/3/2015,6/1/2015,2:29:19,7,24.5,AH0,247,18.1619625,Night,F,L,A,MYSE
151.909,8443,6/3/2015,6/1/2015,2:29:21,7,24.5,AH0,245,18.1619625,Night,F,L,A,MYSE
151.909,8443,6/3/2015,6/1/2015,2:29:24,7,24.5,AH0,246,18.1619625,Night,F,L,A,MYSE
151.909,8443,6/3/2015,6/1/2015,2:29:26,7,24.5,AH0,247,18.1619625,Night,F,L,A,MYSE
151.909,8443,6/3/2015,6/1/2015,2:29:41,7,24.5,AH0,247,18.1619625,Night,F,L,A,MYSE
151.909,8443,6/3/2015,6/1/2015,2:29:43,7,24.5,AH0,242,18.1619625,Night,F,L,A,MYSE
151.909,8443,6/3/2015,6/1/2015,2:29:46,7,24.5,AH0,245,18.1619625,Night,F,L,A,MYSE
151.909,8443,6/3/2015,6/1/2015,2:30:01,7,24.5,AH0,248,18.1619625,Night,F,L,A,MYSE
151.909,8443,6/3/2015,6/1/2015,2:30:03,7,24.5,AH0,245,18.1619625,Night,F,L,A,MYSE
151.909,8443,6/3/2015,6/1/2015,2:30:05,7,24.5,AH0,246,18.1619625,Night,F,L,A,MYSE
151.909,8443,6/3/2015,6/1/2015,2:30:20,7,24.5,AH0,247,18.1619625,Night,F,L,A,MYSE
151.909,8443,6/3/2015,6/1/2015,2:30:23,7,24.5,AH0,241,18.1619625,Night,F,L,A,MYSE
151.909,8443,6/3/2015,6/1/2015,2:30:25,7,24.5,AH0,246,18.1619625,Night,F,L,A,MYSE
151.909,8443,6/3/2015,6/1/2015,2:30:40,7,24.5,AH0,245,18.1619625,Night,F,L,A,MYSE
151.909,8443,6/3/2015,6/1/2015,2:30:42,7,24.5,AH0,246,18.1619625,Night,F,L,A,MYSE
151.909,8443,6/3/2015,6/1/2015,2:30:45,7,24.5,AH0,245,18.1619625,Night,F,L,A,MYSE
151.909,8443,6/3/2015,6/1/2015,2:30:59,7,24.5,AH0,246,18.1619625,Night,F,L,A,MYSE
151.909,8443,6/3/2015,6/1/2015,2:31:02,7,24.5,AH0,246,18.1619625,Night,F,L,A,MYSE
151.909,8443,6/3/2015,6/1/2015,2:31:04,7,24.5,AH0,247,18.1619625,Night,F,L,A,MYSE
151.909,8443,6/3/2015,6/1/2015,2:31:19,7,24.5,AH0,242,18.1619625,Night,F,L,A,MYSE
151.909,8443,6/3/2015,6/1/2015,2:31:21,7,24.5,AH0,245,18.1619625,Night,F,L,A,MYSE
151.909,8443,6/3/2015,6/1/2015,2:31:24,7,24.5,AH0,246,18.1619625,Night,F,L,A,MYSE
151.909,8443,6/3/2015,6/1/2015,2:31:41,7,24.5,AH0,244,18.1619625,Night,F,L,A,MYSE
151.909,8443,6/3/2015,6/1/2015,2:31:43,7,24.5,AH0,245,18.1619625,Night,F,L,A,MYSE
151.909,8443,6/3/2015,6/1/2015,2:31:46,7,24.5,AH0,244,18.1619625,Night,F,L,A,MYSE
151.909,8443,6/3/2015,6/1/2015,2:32:01,7,24.5,AH0,247,18.1619625,Night,F,L,A,MYSE
151.909,8443,6/3/2015,6/1/2015,2:32:03,7,24.5,AH0,246,18.1619625,Night,F,L,A,MYSE
151.909,8443,6/3/2015,6/1/2015,2:32:06,7,24.5,AH0,246,18.1619625,Night,F,L,A,MYSE
151.909,8443,6/3/2015,6/1/2015,2:32:20,7,24.5,AH0,245,18.1619625,Night,F,L,A,MYSE
151.909,8443,6/3/2015,6/1/2015,2:32:23,7,24.5,AH0,245,18.1619625,Night,F,L,A,MYSE
151.909,8443,6/3/2015,6/1/2015,2:32:25,7,24.5,AH0,247,18.1619625,Night,F,L,A,MYSE
151.909,8443,6/3/2015,6/1/2015,2:32:40,7,24.5,AH0,246,18.1619625,Night,F,L,A,MYSE
151.909,8443,6/3/2015,6/1/2015,2:32:42,7,24.5,AH0,244,18.1619625,Night,F,L,A,MYSE
151.909,8443,6/3/2015,6/1/2015,2:32:45,7,24.5,AH0,247,18.1619625,Night,F,L,A,MYSE
151.909,8443,6/3/2015,6/1/2015,2:32:59,7,24.5,AH0,246,18.1619625,Night,F,L,A,MYSE
151.909,8443,6/3/2015,6/1/2015,2:33:02,7,24.5,AH0,247,18.1619625,Night,F,L,A,MYSE
151.909,8443,6/3/2015,6/1/2015,2:33:04,7,24.5,AH0,248,18.1619625,Night,F,L,A,MYSE
151.909,8443,6/3/2015,6/1/2015,2:33:19,7,24.5,AH0,246,18.1619625,Night,F,L,A,MYSE
151.909,8443,6/3/2015,6/1/2015,2:33:22,7,24.5,AH0,244,18.1619625,Night,F,L,A,MYSE
151.909,8443,6/3/2015,6/1/2015,2:33:24,7,24.5,AH0,246,18.1619625,Night,F,L,A,MYSE
151.909,8443,6/3/2015,6/1/2015,2:33:41,7,24.5,AH0,247,18.1619625,Night,F,L,A,MYSE
151.909,8443,6/3/2015,6/1/2015,2:33:44,7,24.5,AH0,247,18.1619625,Night,F,L,A,MYSE
151.909,8443,6/3/2015,6/1/2015,2:33:46,7,24.5,AH0,241,18.1619625,Night,F,L,A,MYSE
151.909,8443,6/3/2015,6/1/2015,2:34:01,7,24.5,AH0,247,18.1619625,Night,F,L,A,MYSE
151.909,8443,6/3/2015,6/1/2015,2:34:03,7,24.5,AH0,243,18.1619625,Night,F,L,A,MYSE
151.909,8443,6/3/2015,6/1/2015,2:34:06,7,24.5,AH0,247,18.1619625,Night,F,L,A,MYSE
151.909,8443,6/3/2015,6/1/2015,2:34:20,7,24.5,AH0,246,18.1619625,Night,F,L,A,MYSE
151.909,8443,6/3/2015,6/1/2015,2:34:23,7,24.5,AH0,246,18.1619625,Night,F,L,A,MYSE
151.909,8443,6/3/2015,6/1/2015,2:34:25,7,24.5,AH0,244,18.1619625,Night,F,L,A,MYSE
151.909,8443,6/3/2015,6/1/2015,2:34:40,7,24.5,AH0,245,18.1619625,Night,F,L,A,MYSE
151.909,8443,6/3/2015,6/1/2015,2:34:42,7,24.5,AH0,245,18.1619625,Night,F,L,A,MYSE
151.909,8443,6/3/2015,6/1/2015,2:34:45,7,24.5,AH0,243,18.1619625,Night,F,L,A,MYSE
151.909,8443,6/3/2015,6/1/2015,2:35:00,7,24.5,AH0,246,18.1619625,Night,F,L,A,MYSE
151.909,8443,6/3/2015,6/1/2015,2:35:02,7,24.5,AH0,246,18.1619625,Night,F,L,A,MYSE
151.909,8443,6/3/2015,6/1/2015,2:35:04,7,24.5,AH0,243,18.1619625,Night,F,L,A,MYSE
151.909,8443,6/3/2015,6/1/2015,2:35:19,7,24.5,AH0,244,18.1619625,Night,F,L,A,MYSE
151.909,8443,6/3/2015,6/1/2015,2:35:22,7,24.5,AH0,246,18.1619625,Night,F,L,A,MYSE
151.909,8443,6/3/2015,6/1/2015,2:35:24,7,24.5,AH0,247,18.1619625,Night,F,L,A,MYSE
151.909,8443,6/3/2015,6/1/2015,2:35:39,7,24.5,AH0,247,18.1619625,Night,F,L,A,MYSE
151.909,8443,6/3/2015,6/1/2015,2:35:41,7,24.5,AH0,245,18.1619625,Night,F,L,A,MYSE
151.909,8443,6/3/2015,6/1/2015,2:35:44,7,24.5,AH0,247,18.1619625,Night,F,L,A,MYSE
151.909,8443,6/3/2015,6/1/2015,2:35:46,7,24.5,AH0,247,18.1619625,Night,F,L,A,MYSE
151.909,8443,6/3/2015,6/1/2015,2:36:01,7,24.5,AH0,246,18.1619625,Night,F,L,A,MYSE
151.909,8443,6/3/2015,6/1/2015,2:36:03,7,24.5,AH0,247,18.1619625,Night,F,L,A,MYSE
151.909,8443,6/3/2015,6/1/2015,2:36:06,7,24.5,AH0,245,18.1619625,Night,F,L,A,MYSE
151.909,8443,6/3/2015,6/1/2015,2:36:20,7,24.4,AH0,246,17.8066272,Night,F,L,A,MYSE
151.909,8443,6/3/2015,6/1/2015,2:36:23,7,24.4,AH0,245,17.8066272,Night,F,L,A,MYSE
151.909,8443,6/3/2015,6/1/2015,2:36:25,7,24.4,AH0,247,17.8066272,Night,F,L,A,MYSE
151.909,8443,6/3/2015,6/1/2015,2:36:40,7,24.4,AH0,243,17.8066272,Night,F,L,A,MYSE
151.909,8443,6/3/2015,6/1/2015,2:36:43,7,24.4,AH0,243,17.8066272,Night,F,L,A,MYSE
151.909,8443,6/3/2015,6/1/2015,2:36:45,7,24.4,AH0,246,17.8066272,Night,F,L,A,MYSE
151.909,8443,6/3/2015,6/1/2015,2:37:00,7,24.4,AH0,246,17.8066272,Night,F,L,A,MYSE
151.909,8443,6/3/2015,5/26/2015,2:37:01,7,34.2,AH0,110,37.7269304,Night,F,L,A,MYSE
151.909,8443,6/3/2015,6/1/2015,2:37:02,7,24.4,AH0,247,17.8066272,Night,F,L,A,MYSE
151.909,8443,6/3/2015,5/26/2015,2:37:03,7,33.9,AH0,110,37.4755127,Night,F,L,A,MYSE
151.909,8443,6/3/2015,5/26/2015,2:37:04,7,33.9,AH0,141,37.4755127,Night,F,L,A,MYSE
151.909,8443,6/3/2015,6/1/2015,2:37:05,7,24.4,AH0,246,17.8066272,Night,F,L,A,MYSE
151.909,8443,6/3/2015,6/1/2015,2:37:19,7,24.4,AH0,248,17.8066272,Night,F,L,A,MYSE
151.909,8443,6/3/2015,5/26/2015,2:37:20,7,33.9,AH0,76,37.4755127,Night,F,L,A,MYSE
151.909,8443,6/3/2015,5/26/2015,2:37:22,7,33.9,AH0,97,37.4755127,Night,F,L,A,MYSE
151.909,8443,6/3/2015,6/1/2015,2:37:22,7,24.4,AH0,248,17.8066272,Night,F,L,A,MYSE
151.909,8443,6/3/2015,5/26/2015,2:37:24,7,33.9,AH0,81,37.4755127,Night,F,L,A,MYSE
151.909,8443,6/3/2015,6/1/2015,2:37:24,7,24.4,AH0,248,17.8066272,Night,F,L,A,MYSE
151.909,8443,6/3/2015,5/26/2015,2:37:26,7,33.9,AH0,65,37.4755127,Night,F,L,A,MYSE
151.909,8443,6/3/2015,5/26/2015,2:37:38,7,33.9,AH0,138,37.4755127,Night,F,L,A,MYSE
151.909,8443,6/3/2015,6/1/2015,2:37:39,7,24.4,AH0,246,17.8066272,Night,F,L,A,MYSE
151.909,8443,6/3/2015,5/26/2015,2:37:40,7,33.7,AH0,140,37.2983949,Night,F,L,A,MYSE
151.909,8443,6/3/2015,5/26/2015,2:37:42,7,33.8,AH0,116,37.3879176,Night,F,L,A,MYSE
151.909,8443,6/3/2015,6/1/2015,2:37:42,7,24.4,AH0,244,17.8066272,Night,F,L,A,MYSE
151.909,8443,6/3/2015,5/26/2015,2:37:43,7,33.7,AH0,124,37.2983949,Night,F,L,A,MYSE
151.909,8443,6/3/2015,6/1/2015,2:37:44,7,24.4,AH0,246,17.8066272,Night,F,L,A,MYSE
151.909,8443,6/3/2015,5/26/2015,2:37:45,7,33.7,AH0,116,37.2983949,Night,F,L,A,MYSE
151.909,8443,6/3/2015,6/1/2015,2:37:59,7,24.4,AH0,243,17.8066272,Night,F,L,A,MYSE
151.909,8443,6/3/2015,6/1/2015,2:38:01,7,24.4,AH0,247,17.8066272,Night,F,L,A,MYSE
151.909,8443,6/3/2015,6/1/2015,2:38:04,7,24.4,AH0,247,17.8066272,Night,F,L,A,MYSE
151.909,8443,6/3/2015,6/1/2015,2:38:06,7,24.4,AH0,246,17.8066272,Night,F,L,A,MYSE
151.909,8443,6/3/2015,6/1/2015,2:38:21,7,24.4,AH0,246,17.8066272,Night,F,L,A,MYSE
151.909,8443,6/3/2015,6/1/2015,2:38:23,7,24.4,AH0,246,17.8066272,Night,F,L,A,MYSE
151.909,8443,6/3/2015,6/1/2015,2:38:26,7,24.4,AH0,248,17.8066272,Night,F,L,A,MYSE
151.909,8443,6/3/2015,6/1/2015,2:38:40,7,24.4,AH0,247,17.8066272,Night,F,L,A,MYSE
151.909,8443,6/3/2015,6/1/2015,2:38:43,7,24.4,AH0,245,17.8066272,Night,F,L,A,MYSE
151.909,8443,6/3/2015,6/1/2015,2:38:45,7,24.4,AH0,250,17.8066272,Night,F,L,A,MYSE
151.909,8443,6/3/2015,6/1/2015,2:39:00,7,24.4,AH0,246,17.8066272,Night,F,L,A,MYSE
151.909,8443,6/3/2015,6/1/2015,2:39:03,7,24.4,AH0,247,17.8066272,Night,F,L,A,MYSE
151.909,8443,6/3/2015,5/26/2015,2:39:04,7,33.7,AH0,48,37.2983949,Night,F,L,A,MYSE
151.909,8443,6/3/2015,6/1/2015,2:39:05,7,24.4,AH0,243,17.8066272,Night,F,L,A,MYSE
151.909,8443,6/3/2015,6/1/2015,2:39:20,7,24.4,AH0,246,17.8066272,Night,F,L,A,MYSE
151.909,8443,6/3/2015,6/1/2015,2:39:22,7,24.4,AH0,247,17.8066272,Night,F,L,A,MYSE
151.909,8443,6/3/2015,6/1/2015,2:39:25,7,24.4,AH0,245,17.8066272,Night,F,L,A,MYSE
151.909,8443,6/3/2015,6/1/2015,2:39:39,7,24.4,AH0,247,17.8066272,Night,F,L,A,MYSE
151.909,8443,6/3/2015,6/1/2015,2:39:42,7,24.4,AH0,244,17.8066272,Night,F,L,A,MYSE
151.909,8443,6/3/2015,6/1/2015,2:39:44,7,24.4,AH0,246,17.8066272,Night,F,L,A,MYSE
151.909,8443,6/3/2015,5/26/2015,2:40:45,7,17,AH0,73,-20.3391,Night,F,L,A,MYSE
151.909,8443,6/3/2015,5/26/2015,2:48:58,7,32.6,AH0,55,36.1807608,Night,F,L,A,MYSE
151.909,8443,6/3/2015,5/26/2015,2:49:00,7,32.6,AH0,58,36.1807608,Night,F,L,A,MYSE
151.909,8443,6/3/2015,5/26/2015,2:49:02,7,32.5,AH0,54,36.0665625,Night,F,L,A,MYSE
151.909,8443,6/3/2015,5/26/2015,2:49:03,7,32.6,AH0,52,36.1807608,Night,F,L,A,MYSE
151.909,8443,6/3/2015,5/26/2015,2:49:05,7,32.5,AH0,50,36.0665625,Night,F,L,A,MYSE
151.909,8443,6/3/2015,5/26/2015,2:55:59,7,32,AH0,50,35.4624,Night,F,L,A,MYSE
151.909,8443,6/3/2015,5/26/2015,2:57:42,7,32.5,AH0,56,36.0665625,Night,F,L,A,MYSE
151.909,8443,6/3/2015,5/26/2015,2:58:39,7,32.4,AH0,47,35.9501792,Night,F,L,A,MYSE
151.909,8443,6/3/2015,5/26/2015,2:58:41,7,32.3,AH0,54,35.8315911,Night,F,L,A,MYSE
151.909,8443,6/3/2015,5/26/2015,2:58:43,7,32.4,AH0,50,35.9501792,Night,F,L,A,MYSE
151.909,8443,6/3/2015,5/26/2015,2:58:45,7,32.3,AH0,54,35.8315911,Night,F,L,A,MYSE
151.909,8443,6/3/2015,5/26/2015,2:59:00,7,32.2,AH0,59,35.7107784,Night,F,L,A,MYSE
151.909,8443,6/3/2015,5/26/2015,2:59:02,7,32.1,AH0,57,35.5877213,Night,F,L,A,MYSE
151.909,8443,6/3/2015,5/26/2015,2:59:04,7,32.1,AH0,56,35.5877213,Night,F,L,A,MYSE
151.909,8443,6/3/2015,5/26/2015,2:59:05,7,32.2,AH0,54,35.7107784,Night,F,L,A,MYSE
151.909,8443,6/3/2015,5/26/2015,2:59:19,7,31.9,AH0,52,35.3347947,Night,F,L,A,MYSE
151.909,8443,6/3/2015,5/26/2015,2:59:20,7,32.1,AH0,48,35.5877213,Night,F,L,A,MYSE
151.909,8443,6/3/2015,5/26/2015,2:59:22,7,32.1,AH0,51,35.5877213,Night,F,L,A,MYSE
151.909,8443,6/3/2015,5/26/2015,2:59:24,7,32.2,AH0,48,35.7107784,Night,F,L,A,MYSE
151.909,8443,6/3/2015,5/26/2015,2:59:26,7,32.2,AH0,52,35.7107784,Night,F,L,A,MYSE
151.909,8443,6/3/2015,5/26/2015,3:01:19,7,32,AH0,44,35.4624,Night,F,L,A,MYSE
151.909,8443,6/3/2015,5/26/2015,3:01:21,7,31.8,AH0,49,35.2048856,Night,F,L,A,MYSE
151.909,8443,6/3/2015,5/26/2015,3:01:23,7,31.8,AH0,45,35.2048856,Night,F,L,A,MYSE
151.909,8443,6/3/2015,5/26/2015,3:01:25,7,31.8,AH0,49,35.2048856,Night,F,L,A,MYSE
151.909,8443,6/3/2015,5/26/2015,3:01:44,7,31.8,AH0,47,35.2048856,Night,F,L,A,MYSE
151.909,8443,6/3/2015,5/26/2015,3:01:59,7,32.1,AH0,44,35.5877213,Night,F,L,A,MYSE
151.909,8443,6/3/2015,5/26/2015,3:02:01,7,31.9,AH0,43,35.3347947,Night,F,L,A,MYSE
151.909,8443,6/3/2015,5/26/2015,3:02:03,7,31.8,AH0,11,35.2048856,Night,F,L,A,MYSE
151.909,8443,6/3/2015,5/26/2015,3:02:04,7,32.1,AH0,49,35.5877213,Night,F,L,A,MYSE
151.909,8443,6/3/2015,5/26/2015,3:03:01,7,31.9,AH0,46,35.3347947,Night,F,L,A,MYSE
151.909,8443,6/3/2015,5/26/2015,3:03:03,7,32.1,AH0,51,35.5877213,Night,F,L,A,MYSE
151.909,8443,6/3/2015,5/26/2015,3:03:05,7,32,AH0,45,35.4624,Night,F,L,A,MYSE
151.909,8443,6/3/2015,5/26/2015,3:03:40,7,15.9,AH0,43,-28.2712693,Night,F,L,A,MYSE
151.909,8443,6/3/2015,5/26/2015,3:03:42,7,31.9,AH0,51,35.3347947,Night,F,L,A,MYSE
151.909,8443,6/3/2015,5/26/2015,3:03:44,7,32,AH0,42,35.4624,Night,F,L,A,MYSE
151.909,8443,6/3/2015,5/26/2015,3:03:46,7,31.9,AH0,48,35.3347947,Night,F,L,A,MYSE
151.909,8443,6/3/2015,5/26/2015,3:07:20,7,31.8,AH0,42,35.2048856,Night,F,L,A,MYSE
151.909,8443,6/3/2015,5/26/2015,3:07:22,7,31.6,AH0,46,34.9380768,Night,F,L,A,MYSE
151.909,8443,6/3/2015,5/26/2015,3:07:24,7,31.7,AH0,47,35.0726529,Night,F,L,A,MYSE
151.909,8443,6/3/2015,5/26/2015,3:07:26,7,31.5,AH0,46,34.8011375,Night,F,L,A,MYSE
151.909,8443,6/3/2015,5/26/2015,3:07:39,7,31.7,AH0,55,35.0726529,Night,F,L,A,MYSE
151.909,8443,6/3/2015,5/26/2015,3:08:43,7,32,AH0,56,35.4624,Night,F,L,A,MYSE
151.909,8443,6/3/2015,5/26/2015,3:08:45,7,31.8,AH0,57,35.2048856,Night,F,L,A,MYSE
151.909,8443,6/3/2015,5/26/2015,3:08:58,7,32.1,AH0,53,35.5877213,Night,F,L,A,MYSE
151.909,8443,6/3/2015,5/26/2015,3:09:00,7,31.9,AH0,48,35.3347947,Night,F,L,A,MYSE
151.909,8443,6/3/2015,5/26/2015,3:09:02,7,32,AH0,51,35.4624,Night,F,L,A,MYSE
151.909,8443,6/3/2015,5/31/2015,5:07:37,7,30.8,AH0,44,33.7747296,Night,F,L,A,MYSE
151.909,8443,6/3/2015,5/31/2015,5:07:39,7,31.3,AH0,106,34.5200901,Night,F,L,A,MYSE
151.909,8443,6/3/2015,5/31/2015,5:07:41,7,31,AH0,127,34.0803,Night,F,L,A,MYSE
151.909,8443,6/3/2015,5/31/2015,5:07:43,7,31,AH0,82,34.0803,Night,F,L,A,MYSE
151.909,8443,6/3/2015,5/31/2015,5:07:45,7,30.9,AH0,102,33.9287657,Night,F,L,A,MYSE
151.909,8443,6/3/2015,5/31/2015,5:08:03,7,30.6,AH0,91,33.4590728,Night,F,L,A,MYSE
151.909,8443,6/3/2015,5/28/2015,5:20:52,7,32.6,AH0,90,36.1807608,Night,F,L,A,MYSE
151.909,8443,6/3/2015,5/28/2015,5:20:53,7,32.6,AH0,98,36.1807608,Night,F,L,A,MYSE
151.909,8443,6/3/2015,5/28/2015,5:20:57,7,16.3,AH0,81,-25.3116249,Night,F,L,A,MYSE
151.909,8443,6/3/2015,5/28/2015,5:20:59,7,32.7,AH0,173,36.2927939,Night,F,L,A,MYSE
151.909,8443,6/3/2015,5/28/2015,5:21:12,7,32.7,AH0,109,36.2927939,Night,F,L,A,MYSE
151.909,8443,6/3/2015,5/28/2015,5:21:16,7,16.4,AH0,167,-24.5852448,Night,F,L,A,MYSE
151.909,8443,6/3/2015,5/28/2015,5:21:17,7,32.8,AH0,89,36.4026816,Night,F,L,A,MYSE
151.909,8443,6/3/2015,5/28/2015,5:21:38,7,32.7,AH0,126,36.2927939,Night,F,L,A,MYSE
151.909,8443,6/3/2015,5/28/2015,5:21:52,7,32.6,AH0,108,36.1807608,Night,F,L,A,MYSE
151.909,8443,6/3/2015,5/28/2015,5:21:54,7,32.6,AH0,138,36.1807608,Night,F,L,A,MYSE
151.909,8443,6/3/2015,5/28/2015,5:21:58,7,16.3,AH0,115,-25.3116249,Night,F,L,A,MYSE
151.909,8443,6/3/2015,5/28/2015,5:22:00,7,32.7,AH0,118,36.2927939,Night,F,L,A,MYSE
151.909,8443,6/3/2015,5/28/2015,5:22:12,7,32.9,AH0,217,36.5104437,Night,F,L,A,MYSE
151.909,8443,6/3/2015,5/28/2015,5:22:14,7,32.9,AH0,205,36.5104437,Night,F,L,A,MYSE
151.909,8443,6/3/2015,5/28/2015,5:22:18,7,16.4,AH0,179,-24.5852448,Night,F,L,A,MYSE
151.909,8443,6/3/2015,5/28/2015,5:22:33,7,32.5,AH0,142,36.0665625,Night,F,L,A,MYSE
151.909,8443,6/3/2015,5/28/2015,5:22:34,7,32.6,AH0,250,36.1807608,Night,F,L,A,MYSE
151.909,8443,6/3/2015,5/28/2015,5:22:36,7,32.6,AH0,233,36.1807608,Night,F,L,A,MYSE
151.909,8443,6/3/2015,5/28/2015,5:22:38,7,32.6,AH0,255,36.1807608,Night,F,L,A,MYSE
151.909,8443,6/3/2015,5/28/2015,5:22:53,7,32.5,AH0,252,36.0665625,Night,F,L,A,MYSE
151.909,8443,6/3/2015,5/28/2015,5:22:55,7,32.5,AH0,254,36.0665625,Night,F,L,A,MYSE
151.909,8443,6/3/2015,5/28/2015,5:22:57,7,32.5,AH0,255,36.0665625,Night,F,L,A,MYSE
151.909,8443,6/3/2015,5/28/2015,5:22:58,7,32.5,AH0,255,36.0665625,Night,F,L,A,MYSE
151.909,8443,6/3/2015,5/28/2015,5:23:13,7,32.6,AH0,223,36.1807608,Night,F,L,A,MYSE
151.909,8443,6/3/2015,5/28/2015,5:23:15,7,32.6,AH0,255,36.1807608,Night,F,L,A,MYSE
151.909,8443,6/3/2015,5/28/2015,5:23:17,7,32.6,AH0,255,36.1807608,Night,F,L,A,MYSE
151.909,8443,6/3/2015,5/28/2015,5:23:19,7,32.5,AH0,236,36.0665625,Night,F,L,A,MYSE
151.909,8443,6/3/2015,5/28/2015,5:23:32,7,32.6,AH0,219,36.1807608,Night,F,L,A,MYSE
151.909,8443,6/3/2015,5/28/2015,5:23:33,7,32.5,AH0,166,36.0665625,Night,F,L,A,MYSE
151.909,8443,6/3/2015,5/28/2015,5:23:35,7,32.5,AH0,255,36.0665625,Night,F,L,A,MYSE
151.909,8443,6/3/2015,5/28/2015,5:23:37,7,32.6,AH0,247,36.1807608,Night,F,L,A,MYSE
151.909,8443,6/3/2015,5/28/2015,5:23:39,7,32.6,AH0,230,36.1807608,Night,F,L,A,MYSE
151.909,8443,6/3/2015,5/28/2015,5:23:52,7,32.3,AH0,254,35.8315911,Night,F,L,A,MYSE
151.909,8443,6/3/2015,5/28/2015,5:23:54,7,32.2,AH0,253,35.7107784,Night,F,L,A,MYSE
151.909,8443,6/3/2015,5/28/2015,5:23:56,7,32.1,AH0,254,35.5877213,Night,F,L,A,MYSE
151.909,8443,6/3/2015,5/28/2015,5:23:57,7,32.1,AH0,179,35.5877213,Night,F,L,A,MYSE
151.909,8443,6/3/2015,5/28/2015,5:24:12,7,32.5,AH0,80,36.0665625,Night,F,L,A,MYSE
151.909,8443,6/3/2015,5/28/2015,5:24:18,7,10.9,AH0,58,-73.0636143,Night,F,L,A,MYSE
151.909,8443,6/3/2015,5/28/2015,5:24:38,7,16.3,AH0,55,-25.3116249,Night,F,L,A,MYSE
151.909,8443,6/3/2015,5/25/2015,5:25:22,7,33.1,AH0,59,36.7196703,Night,F,L,A,MYSE
151.909,8443,6/3/2015,5/25/2015,5:25:26,7,16.8,AH0,84,-21.7332544,Night,F,L,A,MYSE
151.909,8443,6/3/2015,5/25/2015,5:25:28,7,33.4,AH0,69,37.0180632,Night,F,L,A,MYSE
151.909,8443,6/3/2015,5/25/2015,5:25:49,7,16.8,AH0,55,-21.7332544,Night,F,L,A,MYSE
151.909,8443,6/3/2015,5/29/2015,5:26:01,7,32.5,AH0,91,36.0665625,Night,F,L,A,MYSE
151.909,8443,6/3/2015,5/29/2015,5:26:04,7,16.3,AH0,150,-25.3116249,Night,F,L,A,MYSE
151.909,8443,6/3/2015,5/29/2015,5:26:19,7,32.7,AH0,114,36.2927939,Night,F,L,A,MYSE
151.909,8443,6/3/2015,5/25/2015,5:26:23,7,33.7,AH0,68,37.2983949,Night,F,L,A,MYSE
151.909,8443,6/3/2015,5/29/2015,5:26:23,7,16.3,AH0,71,-25.3116249,Night,F,L,A,MYSE
151.909,8443,6/3/2015,5/25/2015,5:26:25,7,33.7,AH0,71,37.2983949,Night,F,L,A,MYSE
151.909,8443,6/3/2015,5/25/2015,5:26:27,7,33.5,AH0,147,37.1134875,Night,F,L,A,MYSE
151.909,8443,6/3/2015,5/25/2015,5:26:29,7,33.5,AH0,143,37.1134875,Night,F,L,A,MYSE
151.909,8443,6/3/2015,5/29/2015,5:26:39,7,32.7,AH0,98,36.2927939,Night,F,L,A,MYSE
151.909,8443,6/3/2015,5/29/2015,5:26:41,7,32.5,AH0,75,36.0665625,Night,F,L,A,MYSE
151.909,8443,6/3/2015,5/25/2015,5:26:46,7,33.4,AH0,103,37.0180632,Night,F,L,A,MYSE
151.909,8443,6/3/2015,5/25/2015,5:26:48,7,33.2,AH0,61,36.8211744,Night,F,L,A,MYSE
151.909,8443,6/3/2015,5/25/2015,5:27:24,7,33.4,AH0,64,37.0180632,Night,F,L,A,MYSE
151.909,8443,6/3/2015,5/25/2015,5:27:26,7,33.5,AH0,97,37.1134875,Night,F,L,A,MYSE
151.909,8443,6/3/2015,5/25/2015,5:27:28,7,33.3,AH0,123,36.9206321,Night,F,L,A,MYSE
151.909,8443,6/3/2015,5/25/2015,5:27:30,7,33.3,AH0,141,36.9206321,Night,F,L,A,MYSE
151.909,8443,6/3/2015,5/25/2015,5:27:42,7,33.2,AH0,255,36.8211744,Night,F,L,A,MYSE
151.909,8443,6/3/2015,5/25/2015,5:27:44,7,33.1,AH0,254,36.7196703,Night,F,L,A,MYSE
151.909,8443,6/3/2015,5/25/2015,5:27:46,7,33.1,AH0,254,36.7196703,Night,F,L,A,MYSE
151.909,8443,6/3/2015,5/25/2015,5:27:48,7,33.1,AH0,254,36.7196703,Night,F,L,A,MYSE
151.909,8443,6/3/2015,5/25/2015,5:27:49,7,33.1,AH0,254,36.7196703,Night,F,L,A,MYSE
151.909,8443,6/3/2015,5/28/2015,5:27:54,7,32.8,AH0,81,36.4026816,Night,F,L,A,MYSE
151.909,8443,6/3/2015,5/25/2015,5:28:02,7,33,AH0,255,36.6161,Night,F,L,A,MYSE
151.909,8443,6/3/2015,5/25/2015,5:28:04,7,33,AH0,255,36.6161,Night,F,L,A,MYSE
151.909,8443,6/3/2015,5/25/2015,5:28:06,7,33,AH0,255,36.6161,Night,F,L,A,MYSE
151.909,8443,6/3/2015,5/25/2015,5:28:08,7,32.9,AH0,255,36.5104437,Night,F,L,A,MYSE
151.909,8443,6/3/2015,5/25/2015,5:28:09,7,33,AH0,255,36.6161,Night,F,L,A,MYSE
151.909,8443,6/3/2015,5/29/2015,5:28:20,7,33.2,AH0,74,36.8211744,Night,F,L,A,MYSE
151.909,8443,6/3/2015,5/25/2015,5:28:22,7,33,AH0,255,36.6161,Night,F,L,A,MYSE
151.909,8443,6/3/2015,5/25/2015,5:28:24,7,33,AH0,255,36.6161,Night,F,L,A,MYSE
151.909,8443,6/3/2015,5/25/2015,5:28:26,7,33,AH0,255,36.6161,Night,F,L,A,MYSE
151.909,8443,6/3/2015,5/25/2015,5:28:28,7,33,AH0,255,36.6161,Night,F,L,A,MYSE
151.909,8443,6/3/2015,5/25/2015,5:28:29,7,33,AH0,255,36.6161,Night,F,L,A,MYSE
151.909,8443,6/3/2015,5/25/2015,5:28:42,7,32.9,AH0,255,36.5104437,Night,F,L,A,MYSE
151.909,8443,6/3/2015,5/25/2015,5:28:44,7,32.9,AH0,255,36.5104437,Night,F,L,A,MYSE
151.909,8443,6/3/2015,5/25/2015,5:28:46,7,32.9,AH0,255,36.5104437,Night,F,L,A,MYSE
151.909,8443,6/3/2015,5/25/2015,5:28:48,7,32.9,AH0,255,36.5104437,Night,F,L,A,MYSE
151.909,8443,6/3/2015,5/25/2015,5:28:49,7,32.9,AH0,255,36.5104437,Night,F,L,A,MYSE
151.909,8443,6/3/2015,5/28/2015,5:28:57,7,32.2,AH0,68,35.7107784,Night,F,L,A,MYSE
151.909,8443,6/3/2015,5/28/2015,5:28:59,7,32.2,AH0,63,35.7107784,Night,F,L,A,MYSE
151.909,8443,6/3/2015,5/25/2015,5:29:02,7,33,AH0,253,36.6161,Night,F,L,A,MYSE
151.909,8443,6/3/2015,5/25/2015,5:29:04,7,33,AH0,243,36.6161,Night,F,L,A,MYSE
151.909,8443,6/3/2015,5/25/2015,5:29:06,7,33,AH0,102,36.6161,Night,F,L,A,MYSE
151.909,8443,6/3/2015,5/25/2015,5:29:08,7,33.1,AH0,133,36.7196703,Night,F,L,A,MYSE
151.909,8443,6/3/2015,5/25/2015,5:29:10,7,33,AH0,151,36.6161,Night,F,L,A,MYSE
151.909,8443,6/3/2015,5/28/2015,5:29:11,7,32.6,AH0,158,36.1807608,Night,F,L,A,MYSE
151.909,8443,6/3/2015,5/28/2015,5:29:13,7,32.6,AH0,149,36.1807608,Night,F,L,A,MYSE
151.909,8443,6/3/2015,5/28/2015,5:29:15,7,32.6,AH0,207,36.1807608,Night,F,L,A,MYSE
151.909,8443,6/3/2015,5/28/2015,5:29:17,7,32.6,AH0,134,36.1807608,Night,F,L,A,MYSE
151.909,8443,6/3/2015,5/28/2015,5:29:19,7,32.6,AH0,121,36.1807608,Night,F,L,A,MYSE
151.909,8443,6/3/2015,5/25/2015,5:29:22,7,33,AH0,255,36.6161,Night,F,L,A,MYSE
151.909,8443,6/3/2015,5/25/2015,5:29:24,7,33.1,AH0,255,36.7196703,Night,F,L,A,MYSE
151.909,8443,6/3/2015,5/25/2015,5:29:26,7,33.1,AH0,255,36.7196703,Night,F,L,A,MYSE
151.909,8443,6/3/2015,5/25/2015,5:29:28,7,33.1,AH0,255,36.7196703,Night,F,L,A,MYSE
151.909,8443,6/3/2015,5/25/2015,5:29:29,7,33.1,AH0,255,36.7196703,Night,F,L,A,MYSE
151.909,8443,6/3/2015,5/28/2015,5:29:32,7,32.7,AH0,177,36.2927939,Night,F,L,A,MYSE
151.909,8443,6/3/2015,5/28/2015,5:29:34,7,32.7,AH0,118,36.2927939,Night,F,L,A,MYSE
151.909,8443,6/3/2015,5/28/2015,5:29:35,7,32.7,AH0,114,36.2927939,Night,F,L,A,MYSE
151.909,8443,6/3/2015,5/28/2015,5:29:37,7,32.6,AH0,201,36.1807608,Night,F,L,A,MYSE
151.909,8443,6/3/2015,5/25/2015,5:29:42,7,33.1,AH0,171,36.7196703,Night,F,L,A,MYSE
151.909,8443,6/3/2015,5/26/2015,5:29:42,7,10.5,AH0,44,-77.3120875,Night,F,L,A,MYSE
151.909,8443,6/3/2015,5/25/2015,5:29:44,7,33.1,AH0,226,36.7196703,Night,F,L,A,MYSE
151.909,8443,6/3/2015,5/26/2015,5:29:44,7,31.9,AH0,132,35.3347947,Night,F,L,A,MYSE
151.909,8443,6/3/2015,5/25/2015,5:29:46,7,33.1,AH0,215,36.7196703,Night,F,L,A,MYSE
151.909,8443,6/3/2015,5/25/2015,5:29:48,7,33.2,AH0,174,36.8211744,Night,F,L,A,MYSE
151.909,8443,6/3/2015,5/25/2015,5:29:49,7,33.2,AH0,227,36.8211744,Night,F,L,A,MYSE
151.909,8443,6/3/2015,5/28/2015,5:29:52,7,32.7,AH0,127,36.2927939,Night,F,L,A,MYSE
151.909,8443,6/3/2015,5/28/2015,5:29:54,7,32.7,AH0,76,36.2927939,Night,F,L,A,MYSE
151.909,8443,6/3/2015,5/28/2015,5:29:56,7,32.7,AH0,115,36.2927939,Night,F,L,A,MYSE
151.909,8443,6/3/2015,5/26/2015,5:29:59,7,15.8,AH0,77,-29.0248104,Night,F,L,A,MYSE
151.909,8443,6/3/2015,5/28/2015,5:29:59,7,16.4,AH0,165,-24.5852448,Night,F,L,A,MYSE
151.909,8443,6/3/2015,5/26/2015,5:30:01,7,31.4,AH0,50,34.6618152,Night,F,L,A,MYSE
151.909,8443,6/3/2015,5/25/2015,5:30:02,7,33.3,AH0,180,36.9206321,Night,F,L,A,MYSE
151.909,8443,6/3/2015,5/26/2015,5:30:03,7,31.7,AH0,110,35.0726529,Night,F,L,A,MYSE
151.909,8443,6/3/2015,5/25/2015,5:30:04,7,33.3,AH0,198,36.9206321,Night,F,L,A,MYSE
151.909,8443,6/3/2015,5/25/2015,5:30:06,7,33.3,AH0,101,36.9206321,Night,F,L,A,MYSE
151.909,8443,6/3/2015,5/25/2015,5:30:07,7,33.3,AH0,90,36.9206321,Night,F,L,A,MYSE
151.909,8443,6/3/2015,5/28/2015,5:30:12,7,32.6,AH0,206,36.1807608,Night,F,L,A,MYSE
151.909,8443,6/3/2015,5/28/2015,5:30:14,7,32.6,AH0,188,36.1807608,Night,F,L,A,MYSE
151.909,8443,6/3/2015,5/28/2015,5:30:16,7,32.5,AH0,78,36.0665625,Night,F,L,A,MYSE
151.909,8443,6/3/2015,5/28/2015,5:30:18,7,32.4,AH0,72,35.9501792,Night,F,L,A,MYSE
151.909,8443,6/3/2015,5/25/2015,5:30:22,7,33.1,AH0,117,36.7196703,Night,F,L,A,MYSE
151.909,8443,6/3/2015,5/25/2015,5:30:24,7,33.1,AH0,99,36.7196703,Night,F,L,A,MYSE
151.909,8443,6/3/2015,5/25/2015,5:30:26,7,33.1,AH0,98,36.7196703,Night,F,L,A,MYSE
151.909,8443,6/3/2015,5/25/2015,5:30:27,7,33.2,AH0,98,36.8211744,Night,F,L,A,MYSE
151.909,8443,6/3/2015,5/25/2015,5:30:29,7,33.2,AH0,97,36.8211744,Night,F,L,A,MYSE
151.909,8443,6/3/2015,5/28/2015,5:30:33,7,32.4,AH0,228,35.9501792,Night,F,L,A,MYSE
151.909,8443,6/3/2015,5/28/2015,5:30:34,7,32.4,AH0,231,35.9501792,Night,F,L,A,MYSE
151.909,8443,6/3/2015,5/28/2015,5:30:36,7,32.4,AH0,223,35.9501792,Night,F,L,A,MYSE
151.909,8443,6/3/2015,5/26/2015,5:30:37,7,31.6,AH0,119,34.9380768,Night,F,L,A,MYSE
151.909,8443,6/3/2015,5/28/2015,5:30:38,7,32.5,AH0,189,36.0665625,Night,F,L,A,MYSE
151.909,8443,6/3/2015,5/26/2015,5:30:39,7,31.6,AH0,125,34.9380768,Night,F,L,A,MYSE
151.909,8443,6/3/2015,5/26/2015,5:30:41,7,31.6,AH0,128,34.9380768,Night,F,L,A,MYSE
151.909,8443,6/3/2015,5/25/2015,5:30:42,7,33.4,AH0,96,37.0180632,Night,F,L,A,MYSE
151.909,8443,6/3/2015,5/26/2015,5:30:43,7,31.6,AH0,127,34.9380768,Night,F,L,A,MYSE
151.909,8443,6/3/2015,5/25/2015,5:30:44,7,33.2,AH0,92,36.8211744,Night,F,L,A,MYSE
151.909,8443,6/3/2015,5/25/2015,5:30:45,7,33.2,AH0,86,36.8211744,Night,F,L,A,MYSE
151.909,8443,6/3/2015,5/25/2015,5:30:47,7,33.2,AH0,98,36.8211744,Night,F,L,A,MYSE
151.909,8443,6/3/2015,5/25/2015,5:30:49,7,33.2,AH0,90,36.8211744,Night,F,L,A,MYSE
151.909,8443,6/3/2015,5/28/2015,5:30:53,7,32.5,AH0,207,36.0665625,Night,F,L,A,MYSE
151.909,8443,6/3/2015,5/28/2015,5:30:55,7,32.5,AH0,249,36.0665625,Night,F,L,A,MYSE
151.909,8443,6/3/2015,5/28/2015,5:30:57,7,32.5,AH0,146,36.0665625,Night,F,L,A,MYSE
151.909,8443,6/3/2015,5/26/2015,5:30:58,7,31.7,AH0,87,35.0726529,Night,F,L,A,MYSE
151.909,8443,6/3/2015,5/28/2015,5:30:58,7,32.4,AH0,91,35.9501792,Night,F,L,A,MYSE
151.909,8443,6/3/2015,5/26/2015,5:31:00,7,31.7,AH0,92,35.0726529,Night,F,L,A,MYSE
151.909,8443,6/3/2015,5/26/2015,5:31:02,7,31.7,AH0,97,35.0726529,Night,F,L,A,MYSE
151.909,8443,6/3/2015,5/26/2015,5:31:03,7,31.7,AH0,90,35.0726529,Night,F,L,A,MYSE
151.909,8443,6/3/2015,5/25/2015,5:31:04,7,33,AH0,118,36.6161,Night,F,L,A,MYSE
151.909,8443,6/3/2015,5/25/2015,5:31:05,7,33,AH0,107,36.6161,Night,F,L,A,MYSE
151.909,8443,6/3/2015,5/25/2015,5:31:07,7,33,AH0,92,36.6161,Night,F,L,A,MYSE
151.909,8443,6/3/2015,5/25/2015,5:31:09,7,33,AH0,105,36.6161,Night,F,L,A,MYSE
151.909,8443,6/3/2015,5/28/2015,5:31:13,7,16.2,AH0,100,-26.0433976,Night,F,L,A,MYSE
151.909,8443,6/3/2015,5/28/2015,5:31:15,7,32.5,AH0,105,36.0665625,Night,F,L,A,MYSE
151.909,8443,6/3/2015,5/26/2015,5:31:17,7,31.8,AH0,94,35.2048856,Night,F,L,A,MYSE
151.909,8443,6/3/2015,5/28/2015,5:31:17,7,32.5,AH0,135,36.0665625,Night,F,L,A,MYSE
151.909,8443,6/3/2015,5/26/2015,5:31:19,7,31.8,AH0,92,35.2048856,Night,F,L,A,MYSE
151.909,8443,6/3/2015,5/28/2015,5:31:19,7,32.5,AH0,98,36.0665625,Night,F,L,A,MYSE
151.909,8443,6/3/2015,5/26/2015,5:31:20,7,31.8,AH0,97,35.2048856,Night,F,L,A,MYSE
151.909,8443,6/3/2015,5/30/2015,5:31:21,7,30.1,AH0,55,32.6247633,Night,F,L,A,MYSE
151.909,8443,6/3/2015,5/26/2015,5:31:22,7,31.8,AH0,92,35.2048856,Night,F,L,A,MYSE
151.909,8443,6/3/2015,5/25/2015,5:31:24,7,32.8,AH0,254,36.4026816,Night,F,L,A,MYSE
151.909,8443,6/3/2015,5/25/2015,5:31:25,7,32.8,AH0,255,36.4026816,Night,F,L,A,MYSE
151.909,8443,6/3/2015,5/25/2015,5:31:27,7,32.8,AH0,255,36.4026816,Night,F,L,A,MYSE
151.909,8443,6/3/2015,5/25/2015,5:31:29,7,32.8,AH0,255,36.4026816,Night,F,L,A,MYSE
151.909,8443,6/3/2015,5/28/2015,5:31:33,7,32.5,AH0,170,36.0665625,Night,F,L,A,MYSE
151.909,8443,6/3/2015,5/28/2015,5:31:35,7,32.5,AH0,107,36.0665625,Night,F,L,A,MYSE
151.909,8443,6/3/2015,5/28/2015,5:31:36,7,32.6,AH0,235,36.1807608,Night,F,L,A,MYSE
151.909,8443,6/3/2015,5/26/2015,5:31:37,7,31.8,AH0,96,35.2048856,Night,F,L,A,MYSE
151.909,8443,6/3/2015,5/28/2015,5:31:38,7,32.6,AH0,227,36.1807608,Night,F,L,A,MYSE
151.909,8443,6/3/2015,5/26/2015,5:31:39,7,31.8,AH0,85,35.2048856,Night,F,L,A,MYSE
151.909,8443,6/3/2015,5/28/2015,5:31:40,7,32.6,AH0,217,36.1807608,Night,F,L,A,MYSE
151.909,8443,6/3/2015,5/26/2015,5:31:41,7,31.8,AH0,99,35.2048856,Night,F,L,A,MYSE
151.909,8443,6/3/2015,5/25/2015,5:31:42,7,32.7,AH0,255,36.2927939,Night,F,L,A,MYSE
151.909,8443,6/3/2015,5/26/2015,5:31:43,7,31.8,AH0,163,35.2048856,Night,F,L,A,MYSE
151.909,8443,6/3/2015,5/25/2015,5:31:44,7,32.7,AH0,255,36.2927939,Night,F,L,A,MYSE
151.909,8443,6/3/2015,5/25/2015,5:31:46,7,32.6,AH0,255,36.1807608,Night,F,L,A,MYSE
151.909,8443,6/3/2015,5/25/2015,5:31:47,7,32.6,AH0,255,36.1807608,Night,F,L,A,MYSE
151.909,8443,6/3/2015,5/25/2015,5:31:49,7,32.6,AH0,211,36.1807608,Night,F,L,A,MYSE
151.909,8443,6/3/2015,5/28/2015,5:31:53,7,32.6,AH0,218,36.1807608,Night,F,L,A,MYSE
151.909,8443,6/3/2015,5/28/2015,5:31:55,7,32.6,AH0,179,36.1807608,Night,F,L,A,MYSE
151.909,8443,6/3/2015,5/28/2015,5:31:57,7,32.6,AH0,238,36.1807608,Night,F,L,A,MYSE
151.909,8443,6/3/2015,5/28/2015,5:31:58,7,32.6,AH0,186,36.1807608,Night,F,L,A,MYSE
151.909,8443,6/3/2015,5/28/2015,5:32:00,7,32.6,AH0,144,36.1807608,Night,F,L,A,MYSE
151.909,8443,6/3/2015,5/25/2015,5:32:02,7,32.6,AH0,255,36.1807608,Night,F,L,A,MYSE
151.909,8443,6/3/2015,5/25/2015,5:32:04,7,32.7,AH0,254,36.2927939,Night,F,L,A,MYSE
151.909,8443,6/3/2015,5/25/2015,5:32:06,7,32.7,AH0,249,36.2927939,Night,F,L,A,MYSE
151.909,8443,6/3/2015,5/25/2015,5:32:08,7,32.7,AH0,135,36.2927939,Night,F,L,A,MYSE
151.909,8443,6/3/2015,5/25/2015,5:32:10,7,32.7,AH0,127,36.2927939,Night,F,L,A,MYSE
151.909,8443,6/3/2015,5/28/2015,5:32:13,7,32.6,AH0,98,36.1807608,Night,F,L,A,MYSE
151.909,8443,6/3/2015,5/28/2015,5:32:15,7,32.6,AH0,178,36.1807608,Night,F,L,A,MYSE
151.909,8443,6/3/2015,5/28/2015,5:32:17,7,32.6,AH0,175,36.1807608,Night,F,L,A,MYSE
151.909,8443,6/3/2015,5/28/2015,5:32:19,7,32.6,AH0,166,36.1807608,Night,F,L,A,MYSE
151.909,8443,6/3/2015,5/25/2015,5:32:22,7,32.7,AH0,68,36.2927939,Night,F,L,A,MYSE
151.909,8443,6/3/2015,5/26/2015,5:32:23,7,31.9,AH0,127,35.3347947,Night,F,L,A,MYSE
151.909,8443,6/3/2015,5/25/2015,5:32:24,7,32.7,AH0,52,36.2927939,Night,F,L,A,MYSE
151.909,8443,6/3/2015,5/25/2015,5:32:28,7,16.3,AH0,62,-25.3116249,Night,F,L,A,MYSE
151.909,8443,6/3/2015,5/25/2015,5:32:30,7,33,AH0,75,36.6161,Night,F,L,A,MYSE
151.909,8443,6/3/2015,5/28/2015,5:32:35,7,32.8,AH0,103,36.4026816,Night,F,L,A,MYSE
151.909,8443,6/3/2015,5/28/2015,5:32:37,7,32.8,AH0,74,36.4026816,Night,F,L,A,MYSE
151.909,8443,6/3/2015,5/25/2015,5:32:50,7,33.1,AH0,97,36.7196703,Night,F,L,A,MYSE
151.909,8443,6/3/2015,5/28/2015,5:32:55,7,16.4,AH0,56,-24.5852448,Night,F,L,A,MYSE
151.909,8443,6/3/2015,5/28/2015,5:32:59,7,16.4,AH0,60,-24.5852448,Night,F,L,A,MYSE
151.909,8443,6/3/2015,5/26/2015,5:33:02,7,31.7,AH0,104,35.0726529,Night,F,L,A,MYSE
151.909,8443,6/3/2015,5/25/2015,5:33:03,7,32.8,AH0,50,36.4026816,Night,F,L,A,MYSE
151.909,8443,6/3/2015,5/25/2015,5:33:06,7,16.5,AH0,111,-23.8642375,Night,F,L,A,MYSE
151.909,8443,6/3/2015,5/25/2015,5:33:10,7,16.4,AH0,112,-24.5852448,Night,F,L,A,MYSE
151.909,8443,6/3/2015,5/25/2015,5:33:28,7,16.4,AH0,71,-24.5852448,Night,F,L,A,MYSE
151.909,8443,6/3/2015,5/28/2015,5:33:39,7,33,AH0,82,36.6161,Night,F,L,A,MYSE
151.909,8443,6/3/2015,5/26/2015,5:34:01,7,31.8,AH0,74,35.2048856,Night,F,L,A,MYSE
151.909,8443,6/3/2015,5/26/2015,5:34:37,7,32,AH0,51,35.4624,Night,F,L,A,MYSE
151.909,8443,6/3/2015,5/26/2015,5:34:39,7,32,AH0,56,35.4624,Night,F,L,A,MYSE
151.909,8443,6/3/2015,5/26/2015,5:34:41,7,32.1,AH0,48,35.5877213,Night,F,L,A,MYSE
151.909,8443,6/3/2015,5/26/2015,5:34:43,7,32.1,AH0,50,35.5877213,Night,F,L,A,MYSE
151.909,8443,6/3/2015,5/30/2015,5:36:39,7,31.7,AH0,59,35.0726529,Night,F,L,A,MYSE
151.909,8443,6/3/2015,5/30/2015,5:36:41,7,32.1,AH0,79,35.5877213,Night,F,L,A,MYSE
151.909,8443,6/3/2015,5/30/2015,5:36:58,7,15.8,AH0,72,-29.0248104,Night,F,L,A,MYSE
151.909,8443,6/3/2015,5/30/2015,5:37:00,7,31.6,AH0,108,34.9380768,Night,F,L,A,MYSE
151.909,8443,6/3/2015,5/30/2015,5:37:02,7,31.6,AH0,213,34.9380768,Night,F,L,A,MYSE
151.909,8443,6/3/2015,5/30/2015,5:37:04,7,31.5,AH0,137,34.8011375,Night,F,L,A,MYSE
151.909,8443,6/3/2015,5/30/2015,5:37:17,7,31.2,AH0,192,34.3759424,Night,F,L,A,MYSE
151.909,8443,6/3/2015,5/30/2015,5:37:19,7,31.2,AH0,143,34.3759424,Night,F,L,A,MYSE
151.909,8443,6/3/2015,5/30/2015,5:37:21,7,31.1,AH0,190,34.2293523,Night,F,L,A,MYSE
151.909,8443,6/3/2015,5/30/2015,5:37:23,7,31,AH0,187,34.0803,Night,F,L,A,MYSE
151.909,8443,6/3/2015,5/30/2015,5:37:37,7,31.2,AH0,54,34.3759424,Night,F,L,A,MYSE
151.909,8443,6/3/2015,5/30/2015,5:37:39,7,31.3,AH0,131,34.5200901,Night,F,L,A,MYSE
151.909,8443,6/3/2015,5/30/2015,5:37:40,7,31,AH0,84,34.0803,Night,F,L,A,MYSE
151.909,8443,6/3/2015,5/30/2015,5:37:42,7,31,AH0,123,34.0803,Night,F,L,A,MYSE
151.909,8443,6/3/2015,5/28/2015,5:37:53,7,32.8,AH0,76,36.4026816,Night,F,L,A,MYSE
151.909,8443,6/3/2015,5/28/2015,5:37:54,7,33.1,AH0,95,36.7196703,Night,F,L,A,MYSE
151.909,8443,6/3/2015,5/28/2015,5:37:56,7,32.9,AH0,141,36.5104437,Night,F,L,A,MYSE
151.909,8443,6/3/2015,5/28/2015,5:37:58,7,32.9,AH0,190,36.5104437,Night,F,L,A,MYSE
151.909,8443,6/3/2015,5/28/2015,5:38:00,7,32.9,AH0,199,36.5104437,Night,F,L,A,MYSE
151.909,8443,6/3/2015,5/30/2015,5:38:02,7,31.1,AH0,51,34.2293523,Night,F,L,A,MYSE
151.909,8443,6/3/2015,5/28/2015,5:38:13,7,32.9,AH0,254,36.5104437,Night,F,L,A,MYSE
151.909,8443,6/3/2015,5/28/2015,5:38:15,7,32.9,AH0,210,36.5104437,Night,F,L,A,MYSE
151.909,8443,6/3/2015,5/28/2015,5:38:16,7,32.9,AH0,209,36.5104437,Night,F,L,A,MYSE
151.909,8443,6/3/2015,5/28/2015,5:38:18,7,32.9,AH0,255,36.5104437,Night,F,L,A,MYSE
151.909,8443,6/3/2015,5/28/2015,5:38:20,7,32.9,AH0,119,36.5104437,Night,F,L,A,MYSE
151.909,8443,6/3/2015,5/28/2015,5:38:33,7,32.7,AH0,240,36.2927939,Night,F,L,A,MYSE
151.909,8443,6/3/2015,5/28/2015,5:38:35,7,32.7,AH0,221,36.2927939,Night,F,L,A,MYSE
151.909,8443,6/3/2015,5/28/2015,5:38:36,7,32.6,AH0,238,36.1807608,Night,F,L,A,MYSE
151.909,8443,6/3/2015,5/28/2015,5:38:38,7,32.5,AH0,244,36.0665625,Night,F,L,A,MYSE
151.909,8443,6/3/2015,5/28/2015,5:38:40,7,32.3,AH0,254,35.8315911,Night,F,L,A,MYSE
151.909,8443,6/3/2015,5/30/2015,5:38:41,7,15.6,AH0,68,-30.5483872,Night,F,L,A,MYSE
151.909,8443,6/3/2015,5/28/2015,5:38:53,7,32.2,AH0,248,35.7107784,Night,F,L,A,MYSE
151.909,8443,6/3/2015,5/28/2015,5:38:55,7,32.2,AH0,239,35.7107784,Night,F,L,A,MYSE
151.909,8443,6/3/2015,5/28/2015,5:38:57,7,32.2,AH0,240,35.7107784,Night,F,L,A,MYSE
151.909,8443,6/3/2015,5/30/2015,5:38:58,7,31.4,AH0,73,34.6618152,Night,F,L,A,MYSE
151.909,8443,6/3/2015,5/28/2015,5:38:59,7,32.3,AH0,249,35.8315911,Night,F,L,A,MYSE
151.909,8443,6/3/2015,5/30/2015,5:39:04,7,10.4,AH0,61,-78.3905088,Night,F,L,A,MYSE
151.909,8443,6/3/2015,5/28/2015,5:39:14,7,32.5,AH0,243,36.0665625,Night,F,L,A,MYSE
151.909,8443,6/3/2015,5/28/2015,5:39:15,7,32.6,AH0,241,36.1807608,Night,F,L,A,MYSE
151.909,8443,6/3/2015,5/28/2015,5:39:17,7,32.6,AH0,240,36.1807608,Night,F,L,A,MYSE
151.909,8443,6/3/2015,5/28/2015,5:39:19,7,32.6,AH0,232,36.1807608,Night,F,L,A,MYSE
151.909,8443,6/3/2015,5/28/2015,5:39:34,7,32.6,AH0,244,36.1807608,Night,F,L,A,MYSE
151.909,8443,6/3/2015,5/28/2015,5:39:36,7,32.6,AH0,233,36.1807608,Night,F,L,A,MYSE
151.909,8443,6/3/2015,5/28/2015,5:39:38,7,32.7,AH0,221,36.2927939,Night,F,L,A,MYSE
151.909,8443,6/3/2015,5/28/2015,5:39:39,7,32.7,AH0,224,36.2927939,Night,F,L,A,MYSE
151.909,8443,6/3/2015,5/28/2015,5:39:52,7,32.3,AH0,251,35.8315911,Night,F,L,A,MYSE
151.909,8443,6/3/2015,5/28/2015,5:39:54,7,32.2,AH0,250,35.7107784,Night,F,L,A,MYSE
151.909,8443,6/3/2015,5/28/2015,5:39:56,7,32.1,AH0,252,35.5877213,Night,F,L,A,MYSE
151.909,8443,6/3/2015,5/28/2015,5:39:58,7,32.1,AH0,251,35.5877213,Night,F,L,A,MYSE
151.909,8443,6/3/2015,5/28/2015,5:40:00,7,32,AH0,248,35.4624,Night,F,L,A,MYSE
151.909,8443,6/3/2015,5/28/2015,5:40:13,7,31.8,AH0,248,35.2048856,Night,F,L,A,MYSE
151.909,8443,6/3/2015,5/28/2015,5:40:15,7,31.7,AH0,248,35.0726529,Night,F,L,A,MYSE
151.909,8443,6/3/2015,5/28/2015,5:40:17,7,31.7,AH0,252,35.0726529,Night,F,L,A,MYSE
151.909,8443,6/3/2015,5/28/2015,5:40:19,7,31.7,AH0,250,35.0726529,Night,F,L,A,MYSE
151.909,8443,6/3/2015,5/28/2015,5:40:34,7,31.7,AH0,252,35.0726529,Night,F,L,A,MYSE
151.909,8443,6/3/2015,5/28/2015,5:40:36,7,31.7,AH0,247,35.0726529,Night,F,L,A,MYSE
151.909,8443,6/3/2015,5/28/2015,5:40:38,7,31.7,AH0,251,35.0726529,Night,F,L,A,MYSE
151.909,8443,6/3/2015,5/28/2015,5:40:39,7,31.7,AH0,254,35.0726529,Night,F,L,A,MYSE
151.909,8443,6/3/2015,5/28/2015,5:40:53,7,31.6,AH0,252,34.9380768,Night,F,L,A,MYSE
151.909,8443,6/3/2015,5/28/2015,5:40:55,7,31.5,AH0,251,34.8011375,Night,F,L,A,MYSE
151.909,8443,6/3/2015,5/28/2015,5:40:57,7,31.5,AH0,252,34.8011375,Night,F,L,A,MYSE
151.909,8443,6/3/2015,5/28/2015,5:40:58,7,31.5,AH0,253,34.8011375,Night,F,L,A,MYSE
151.909,8443,6/3/2015,5/29/2015,5:40:58,7,32.6,AH0,153,36.1807608,Night,F,L,A,MYSE
151.909,8443,6/3/2015,5/28/2015,5:41:00,7,31.5,AH0,250,34.8011375,Night,F,L,A,MYSE
151.909,8443,6/3/2015,5/29/2015,5:41:00,7,32.6,AH0,85,36.1807608,Night,F,L,A,MYSE
151.909,8443,6/3/2015,5/29/2015,5:41:04,7,16.3,AH0,120,-25.3116249,Night,F,L,A,MYSE
151.909,8443,6/3/2015,5/28/2015,5:41:14,7,31.3,AH0,252,34.5200901,Night,F,L,A,MYSE
151.909,8443,6/3/2015,5/28/2015,5:41:16,7,31.3,AH0,251,34.5200901,Night,F,L,A,MYSE
151.909,8443,6/3/2015,5/26/2015,5:41:18,7,33.3,AH0,53,36.9206321,Night,F,L,A,MYSE
151.909,8443,6/3/2015,5/28/2015,5:41:18,7,31.3,AH0,246,34.5200901,Night,F,L,A,MYSE
151.909,8443,6/3/2015,5/29/2015,5:41:18,7,32.2,AH0,85,35.7107784,Night,F,L,A,MYSE
151.909,8443,6/3/2015,5/28/2015,5:41:19,7,31.3,AH0,252,34.5200901,Night,F,L,A,MYSE
151.909,8443,6/3/2015,5/29/2015,5:41:20,7,32.2,AH0,76,35.7107784,Night,F,L,A,MYSE
151.909,8443,6/3/2015,5/29/2015,5:41:24,7,16,AH0,72,-27.5232,Night,F,L,A,MYSE
151.909,8443,6/3/2015,5/28/2015,5:41:33,7,31,AH0,240,34.0803,Night,F,L,A,MYSE
151.909,8443,6/3/2015,5/28/2015,5:41:35,7,31,AH0,237,34.0803,Night,F,L,A,MYSE
151.909,8443,6/3/2015,5/28/2015,5:41:37,7,31,AH0,243,34.0803,Night,F,L,A,MYSE
151.909,8443,6/3/2015,5/29/2015,5:41:37,7,32,AH0,132,35.4624,Night,F,L,A,MYSE
151.909,8443,6/3/2015,5/28/2015,5:41:39,7,31,AH0,240,34.0803,Night,F,L,A,MYSE
151.909,8443,6/3/2015,5/29/2015,5:41:41,7,15.9,AH0,58,-28.2712693,Night,F,L,A,MYSE
151.909,8443,6/3/2015,5/29/2015,5:41:43,7,32,AH0,169,35.4624,Night,F,L,A,MYSE
151.909,8443,6/3/2015,5/29/2015,5:41:45,7,31.9,AH0,160,35.3347947,Night,F,L,A,MYSE
151.909,8443,6/3/2015,5/28/2015,5:41:52,7,31,AH0,247,34.0803,Night,F,L,A,MYSE
151.909,8443,6/3/2015,5/28/2015,5:41:54,7,31,AH0,244,34.0803,Night,F,L,A,MYSE
151.909,8443,6/3/2015,5/28/2015,5:41:56,7,31,AH0,241,34.0803,Night,F,L,A,MYSE
151.909,8443,6/3/2015,5/28/2015,5:41:58,7,31,AH0,239,34.0803,Night,F,L,A,MYSE
151.909,8443,6/3/2015,5/29/2015,5:41:58,7,32,AH0,255,35.4624,Night,F,L,A,MYSE
151.909,8443,6/3/2015,5/28/2015,5:42:00,7,31,AH0,251,34.0803,Night,F,L,A,MYSE
151.909,8443,6/3/2015,5/29/2015,5:42:00,7,32,AH0,229,35.4624,Night,F,L,A,MYSE
151.909,8443,6/3/2015,5/29/2015,5:42:01,7,32,AH0,243,35.4624,Night,F,L,A,MYSE
151.909,8443,6/3/2015,5/29/2015,5:42:03,7,32,AH0,255,35.4624,Night,F,L,A,MYSE
151.909,8443,6/3/2015,5/28/2015,5:42:14,7,31,AH0,243,34.0803,Night,F,L,A,MYSE
151.909,8443,6/3/2015,5/28/2015,5:42:16,7,31,AH0,248,34.0803,Night,F,L,A,MYSE
151.909,8443,6/3/2015,5/26/2015,5:42:17,7,16.8,AH0,57,-21.7332544,Night,F,L,A,MYSE
151.909,8443,6/3/2015,5/28/2015,5:42:17,7,31,AH0,248,34.0803,Night,F,L,A,MYSE
151.909,8443,6/3/2015,5/29/2015,5:42:18,7,31.8,AH0,245,35.2048856,Night,F,L,A,MYSE
151.909,8443,6/3/2015,5/26/2015,5:42:19,7,33.4,AH0,46,37.0180632,Night,F,L,A,MYSE
151.909,8443,6/3/2015,5/28/2015,5:42:19,7,31,AH0,248,34.0803,Night,F,L,A,MYSE
151.909,8443,6/3/2015,5/29/2015,5:42:20,7,31.8,AH0,237,35.2048856,Night,F,L,A,MYSE
151.909,8443,6/3/2015,5/29/2015,5:42:22,7,31.9,AH0,255,35.3347947,Night,F,L,A,MYSE
151.909,8443,6/3/2015,5/29/2015,5:42:24,7,31.9,AH0,255,35.3347947,Night,F,L,A,MYSE
151.909,8443,6/3/2015,5/28/2015,5:42:33,7,31,AH0,242,34.0803,Night,F,L,A,MYSE
151.909,8443,6/3/2015,5/28/2015,5:42:35,7,31,AH0,246,34.0803,Night,F,L,A,MYSE
151.909,8443,6/3/2015,5/28/2015,5:42:37,7,31,AH0,247,34.0803,Night,F,L,A,MYSE
151.909,8443,6/3/2015,5/29/2015,5:42:37,7,31.8,AH0,221,35.2048856,Night,F,L,A,MYSE
151.909,8443,6/3/2015,5/28/2015,5:42:39,7,31,AH0,251,34.0803,Night,F,L,A,MYSE
151.909,8443,6/3/2015,5/29/2015,5:42:39,7,31.8,AH0,180,35.2048856,Night,F,L,A,MYSE
151.909,8443,6/3/2015,5/29/2015,5:42:41,7,31.8,AH0,227,35.2048856,Night,F,L,A,MYSE
151.909,8443,6/3/2015,5/29/2015,5:42:43,7,31.8,AH0,224,35.2048856,Night,F,L,A,MYSE
151.909,8443,6/3/2015,5/28/2015,5:42:52,7,30.9,AH0,251,33.9287657,Night,F,L,A,MYSE
151.909,8443,6/3/2015,5/28/2015,5:42:54,7,30.9,AH0,249,33.9287657,Night,F,L,A,MYSE
151.909,8443,6/3/2015,5/28/2015,5:42:56,7,30.9,AH0,245,33.9287657,Night,F,L,A,MYSE
151.909,8443,6/3/2015,5/28/2015,5:42:58,7,30.9,AH0,246,33.9287657,Night,F,L,A,MYSE
151.909,8443,6/3/2015,5/29/2015,5:42:58,7,31.9,AH0,254,35.3347947,Night,F,L,A,MYSE
151.909,8443,6/3/2015,5/28/2015,5:43:00,7,31,AH0,252,34.0803,Night,F,L,A,MYSE
151.909,8443,6/3/2015,5/29/2015,5:43:00,7,31.9,AH0,232,35.3347947,Night,F,L,A,MYSE
151.909,8443,6/3/2015,5/29/2015,5:43:02,7,31.9,AH0,211,35.3347947,Night,F,L,A,MYSE
151.909,8443,6/3/2015,5/29/2015,5:43:04,7,31.9,AH0,205,35.3347947,Night,F,L,A,MYSE
151.909,8443,6/3/2015,5/28/2015,5:43:14,7,31.2,AH0,255,34.3759424,Night,F,L,A,MYSE
151.909,8443,6/3/2015,5/28/2015,5:43:16,7,31.3,AH0,255,34.5200901,Night,F,L,A,MYSE
151.909,8443,6/3/2015,5/28/2015,5:43:17,7,31.3,AH0,255,34.5200901,Night,F,L,A,MYSE
151.909,8443,6/3/2015,5/29/2015,5:43:17,7,32,AH0,88,35.4624,Night,F,L,A,MYSE
151.909,8443,6/3/2015,5/28/2015,5:43:19,7,31.3,AH0,255,34.5200901,Night,F,L,A,MYSE
151.909,8443,6/3/2015,5/29/2015,5:43:19,7,32,AH0,72,35.4624,Night,F,L,A,MYSE
151.909,8443,6/3/2015,5/29/2015,5:43:21,7,31.9,AH0,88,35.3347947,Night,F,L,A,MYSE
151.909,8443,6/3/2015,5/29/2015,5:43:24,7,15.9,AH0,145,-28.2712693,Night,F,L,A,MYSE
151.909,8443,6/3/2015,5/28/2015,5:43:33,7,31.5,AH0,255,34.8011375,Night,F,L,A,MYSE
151.909,8443,6/3/2015,5/28/2015,5:43:35,7,31.5,AH0,255,34.8011375,Night,F,L,A,MYSE
151.909,8443,6/3/2015,5/28/2015,5:43:36,7,31.6,AH0,254,34.9380768,Night,F,L,A,MYSE
151.909,8443,6/3/2015,5/29/2015,5:43:37,7,32,AH0,165,35.4624,Night,F,L,A,MYSE
151.909,8443,6/3/2015,5/28/2015,5:43:38,7,31.6,AH0,214,34.9380768,Night,F,L,A,MYSE
151.909,8443,6/3/2015,5/29/2015,5:43:39,7,31.8,AH0,92,35.2048856,Night,F,L,A,MYSE
151.909,8443,6/3/2015,5/29/2015,5:43:41,7,31.6,AH0,62,34.9380768,Night,F,L,A,MYSE
151.909,8443,6/3/2015,5/29/2015,5:43:43,7,31.6,AH0,49,34.9380768,Night,F,L,A,MYSE
151.909,8443,6/3/2015,5/28/2015,5:43:54,7,31.7,AH0,83,35.0726529,Night,F,L,A,MYSE
151.909,8443,6/3/2015,5/28/2015,5:43:59,7,10.6,AH0,61,-76.2402072,Night,F,L,A,MYSE
151.909,8443,6/3/2015,5/29/2015,5:44:00,7,31.3,AH0,117,34.5200901,Night,F,L,A,MYSE
151.909,8443,6/3/2015,5/29/2015,5:44:02,7,31.2,AH0,94,34.3759424,Night,F,L,A,MYSE
151.909,8443,6/3/2015,5/29/2015,5:44:18,7,31.4,AH0,68,34.6618152,Night,F,L,A,MYSE
151.909,8443,6/3/2015,5/29/2015,5:44:20,7,31.4,AH0,155,34.6618152,Night,F,L,A,MYSE
151.909,8443,6/3/2015,5/29/2015,5:44:21,7,31.4,AH0,43,34.6618152,Night,F,L,A,MYSE
151.909,8443,6/3/2015,5/29/2015,5:44:23,7,31.7,AH0,196,35.0726529,Night,F,L,A,MYSE
151.909,8443,6/3/2015,5/29/2015,5:44:37,7,31.8,AH0,196,35.2048856,Night,F,L,A,MYSE
151.909,8443,6/3/2015,5/29/2015,5:44:39,7,31.8,AH0,242,35.2048856,Night,F,L,A,MYSE
151.909,8443,6/3/2015,5/29/2015,5:44:40,7,31.9,AH0,234,35.3347947,Night,F,L,A,MYSE
151.909,8443,6/3/2015,5/29/2015,5:44:42,7,31.9,AH0,224,35.3347947,Night,F,L,A,MYSE
151.909,8443,6/3/2015,5/29/2015,5:44:44,7,31.9,AH0,79,35.3347947,Night,F,L,A,MYSE
151.909,8443,6/3/2015,5/29/2015,5:45:01,7,10.5,AH0,118,-77.3120875,Night,F,L,A,MYSE
151.909,8443,6/3/2015,5/29/2015,5:45:03,7,31.6,AH0,86,34.9380768,Night,F,L,A,MYSE
151.909,8443,6/3/2015,5/26/2015,5:45:17,7,33.7,AH0,51,37.2983949,Night,F,L,A,MYSE
151.909,8443,6/3/2015,5/29/2015,5:45:18,7,31.4,AH0,73,34.6618152,Night,F,L,A,MYSE
151.909,8443,6/3/2015,5/29/2015,5:45:20,7,31.4,AH0,63,34.6618152,Night,F,L,A,MYSE
151.909,8443,6/3/2015,5/26/2015,5:45:21,7,16.8,AH0,98,-21.7332544,Night,F,L,A,MYSE
151.909,8443,6/3/2015,5/26/2015,5:45:22,7,33.4,AH0,108,37.0180632,Night,F,L,A,MYSE
151.909,8443,6/3/2015,5/26/2015,5:45:39,7,16.6,AH0,57,-23.1485832,Night,F,L,A,MYSE
151.909,8443,6/3/2015,5/26/2015,5:45:42,7,16.7,AH0,91,-22.4382621,Night,F,L,A,MYSE
151.909,8443,6/3/2015,5/26/2015,5:45:57,7,33.1,AH0,69,36.7196703,Night,F,L,A,MYSE
151.909,8443,6/3/2015,5/26/2015,5:45:59,7,33.1,AH0,208,36.7196703,Night,F,L,A,MYSE
151.909,8443,6/3/2015,5/26/2015,5:46:00,7,33.1,AH0,254,36.7196703,Night,F,L,A,MYSE
151.909,8443,6/3/2015,5/26/2015,5:46:02,7,33,AH0,165,36.6161,Night,F,L,A,MYSE
151.909,8443,6/3/2015,5/26/2015,5:46:17,7,33,AH0,254,36.6161,Night,F,L,A,MYSE
151.909,8443,6/3/2015,5/26/2015,5:46:19,7,33,AH0,255,36.6161,Night,F,L,A,MYSE
151.909,8443,6/3/2015,5/26/2015,5:46:20,7,33,AH0,255,36.6161,Night,F,L,A,MYSE
151.909,8443,6/3/2015,5/26/2015,5:46:22,7,33,AH0,255,36.6161,Night,F,L,A,MYSE
151.909,8443,6/3/2015,5/26/2015,5:46:37,7,32.8,AH0,218,36.4026816,Night,F,L,A,MYSE
151.909,8443,6/3/2015,5/26/2015,5:46:39,7,32.8,AH0,217,36.4026816,Night,F,L,A,MYSE
151.909,8443,6/3/2015,5/26/2015,5:46:40,7,32.8,AH0,239,36.4026816,Night,F,L,A,MYSE
151.909,8443,6/3/2015,5/26/2015,5:46:42,7,32.8,AH0,218,36.4026816,Night,F,L,A,MYSE
151.909,8443,6/3/2015,5/26/2015,5:46:57,7,32.8,AH0,155,36.4026816,Night,F,L,A,MYSE
151.909,8443,6/3/2015,5/26/2015,5:46:59,7,32.8,AH0,67,36.4026816,Night,F,L,A,MYSE
151.909,8443,6/3/2015,5/26/2015,5:47:01,7,32.8,AH0,242,36.4026816,Night,F,L,A,MYSE
151.909,8443,6/3/2015,5/26/2015,5:47:02,7,32.8,AH0,252,36.4026816,Night,F,L,A,MYSE
151.909,8443,6/3/2015,5/26/2015,5:47:17,7,32.3,AH0,219,35.8315911,Night,F,L,A,MYSE
151.909,8443,6/3/2015,5/26/2015,5:47:19,7,32.2,AH0,250,35.7107784,Night,F,L,A,MYSE
151.909,8443,6/3/2015,5/26/2015,5:47:21,7,32.1,AH0,255,35.5877213,Night,F,L,A,MYSE
151.909,8443,6/3/2015,5/26/2015,5:47:23,7,32,AH0,255,35.4624,Night,F,L,A,MYSE
151.909,8443,6/3/2015,5/26/2015,5:47:36,7,31.7,AH0,241,35.0726529,Night,F,L,A,MYSE
151.909,8443,6/3/2015,5/26/2015,5:47:38,7,31.7,AH0,249,35.0726529,Night,F,L,A,MYSE
151.909,8443,6/3/2015,5/26/2015,5:47:40,7,31.7,AH0,249,35.0726529,Night,F,L,A,MYSE
151.909,8443,6/3/2015,5/26/2015,5:47:42,7,31.7,AH0,255,35.0726529,Night,F,L,A,MYSE
151.909,8443,6/3/2015,5/26/2015,5:47:44,7,31.7,AH0,237,35.0726529,Night,F,L,A,MYSE
151.909,8443,6/3/2015,5/26/2015,5:47:57,7,31.7,AH0,254,35.0726529,Night,F,L,A,MYSE
151.909,8443,6/3/2015,5/26/2015,5:47:59,7,31.8,AH0,255,35.2048856,Night,F,L,A,MYSE
151.909,8443,6/3/2015,5/26/2015,5:48:01,7,31.8,AH0,253,35.2048856,Night,F,L,A,MYSE
151.909,8443,6/3/2015,5/26/2015,5:48:02,7,31.8,AH0,254,35.2048856,Night,F,L,A,MYSE
151.909,8443,6/3/2015,5/28/2015,5:48:15,7,32.6,AH0,13,36.1807608,Night,F,L,A,MYSE
151.909,8443,6/3/2015,5/26/2015,5:48:16,7,31.9,AH0,254,35.3347947,Night,F,L,A,MYSE
151.909,8443,6/3/2015,5/28/2015,5:48:17,7,32.8,AH0,35,36.4026816,Night,F,L,A,MYSE
151.909,8443,6/3/2015,5/26/2015,5:48:18,7,31.9,AH0,254,35.3347947,Night,F,L,A,MYSE
151.909,8443,6/3/2015,5/26/2015,5:48:19,7,31.9,AH0,254,35.3347947,Night,F,L,A,MYSE
151.909,8443,6/3/2015,5/26/2015,5:48:21,7,32,AH0,254,35.4624,Night,F,L,A,MYSE
151.909,8443,6/3/2015,5/26/2015,5:48:23,7,32,AH0,255,35.4624,Night,F,L,A,MYSE
151.909,8443,6/3/2015,5/28/2015,5:48:33,7,32.8,AH0,254,36.4026816,Night,F,L,A,MYSE
151.909,8443,6/3/2015,5/28/2015,5:48:35,7,32.8,AH0,255,36.4026816,Night,F,L,A,MYSE
151.909,8443,6/3/2015,5/26/2015,5:48:36,7,32.1,AH0,255,35.5877213,Night,F,L,A,MYSE
151.909,8443,6/3/2015,5/28/2015,5:48:37,7,32.8,AH0,255,36.4026816,Night,F,L,A,MYSE
151.909,8443,6/3/2015,5/26/2015,5:48:38,7,32.1,AH0,255,35.5877213,Night,F,L,A,MYSE
151.909,8443,6/3/2015,5/28/2015,5:48:39,7,32.8,AH0,255,36.4026816,Night,F,L,A,MYSE
151.909,8443,6/3/2015,5/26/2015,5:48:40,7,32.1,AH0,255,35.5877213,Night,F,L,A,MYSE
151.909,8443,6/3/2015,5/26/2015,5:48:42,7,32.2,AH0,255,35.7107784,Night,F,L,A,MYSE
151.909,8443,6/3/2015,5/28/2015,5:48:53,7,32.9,AH0,255,36.5104437,Night,F,L,A,MYSE
151.909,8443,6/3/2015,5/28/2015,5:48:55,7,32.9,AH0,228,36.5104437,Night,F,L,A,MYSE
151.909,8443,6/3/2015,5/26/2015,5:48:57,7,32.1,AH0,255,35.5877213,Night,F,L,A,MYSE
151.909,8443,6/3/2015,5/28/2015,5:48:57,7,32.9,AH0,254,36.5104437,Night,F,L,A,MYSE
151.909,8443,6/3/2015,5/26/2015,5:48:59,7,32,AH0,255,35.4624,Night,F,L,A,MYSE
151.909,8443,6/3/2015,5/28/2015,5:48:59,7,32.9,AH0,133,36.5104437,Night,F,L,A,MYSE
151.909,8443,6/3/2015,5/26/2015,5:49:01,7,32,AH0,255,35.4624,Night,F,L,A,MYSE
151.909,8443,6/3/2015,5/26/2015,5:49:03,7,32,AH0,255,35.4624,Night,F,L,A,MYSE
151.909,8443,6/3/2015,5/28/2015,5:49:13,7,32.6,AH0,250,36.1807608,Night,F,L,A,MYSE
151.909,8443,6/3/2015,5/28/2015,5:49:15,7,32.6,AH0,243,36.1807608,Night,F,L,A,MYSE
151.909,8443,6/3/2015,5/26/2015,5:49:16,7,31.9,AH0,255,35.3347947,Night,F,L,A,MYSE
151.909,8443,6/3/2015,5/28/2015,5:49:17,7,32.5,AH0,246,36.0665625,Night,F,L,A,MYSE
151.909,8443,6/3/2015,5/26/2015,5:49:18,7,31.9,AH0,255,35.3347947,Night,F,L,A,MYSE
151.909,8443,6/3/2015,5/26/2015,5:49:19,7,31.9,AH0,255,35.3347947,Night,F,L,A,MYSE
151.909,8443,6/3/2015,5/28/2015,5:49:19,7,32.4,AH0,248,35.9501792,Night,F,L,A,MYSE
151.909,8443,6/3/2015,5/26/2015,5:49:21,7,31.9,AH0,255,35.3347947,Night,F,L,A,MYSE
151.909,8443,6/3/2015,5/26/2015,5:49:23,7,31.9,AH0,255,35.3347947,Night,F,L,A,MYSE
151.909,8443,6/3/2015,5/28/2015,5:49:34,7,32.1,AH0,254,35.5877213,Night,F,L,A,MYSE
151.909,8443,6/3/2015,5/26/2015,5:49:36,7,31.8,AH0,255,35.2048856,Night,F,L,A,MYSE
151.909,8443,6/3/2015,5/28/2015,5:49:36,7,32.1,AH0,254,35.5877213,Night,F,L,A,MYSE
151.909,8443,6/3/2015,5/28/2015,5:49:37,7,32.1,AH0,254,35.5877213,Night,F,L,A,MYSE
151.909,8443,6/3/2015,5/26/2015,5:49:38,7,31.8,AH0,255,35.2048856,Night,F,L,A,MYSE
151.909,8443,6/3/2015,5/28/2015,5:49:39,7,32.1,AH0,255,35.5877213,Night,F,L,A,MYSE
151.909,8443,6/3/2015,5/26/2015,5:49:40,7,31.8,AH0,255,35.2048856,Night,F,L,A,MYSE
151.909,8443,6/3/2015,5/26/2015,5:49:42,7,31.8,AH0,255,35.2048856,Night,F,L,A,MYSE
151.909,8443,6/3/2015,5/28/2015,5:49:52,7,31.9,AH0,228,35.3347947,Night,F,L,A,MYSE
151.909,8443,6/3/2015,5/28/2015,5:49:54,7,31.9,AH0,244,35.3347947,Night,F,L,A,MYSE
151.909,8443,6/3/2015,5/28/2015,5:49:56,7,31.9,AH0,232,35.3347947,Night,F,L,A,MYSE
151.909,8443,6/3/2015,5/26/2015,5:49:57,7,32.3,AH0,255,35.8315911,Night,F,L,A,MYSE
151.909,8443,6/3/2015,5/28/2015,5:49:58,7,31.8,AH0,230,35.2048856,Night,F,L,A,MYSE
151.909,8443,6/3/2015,5/26/2015,5:49:59,7,32.3,AH0,255,35.8315911,Night,F,L,A,MYSE
151.909,8443,6/3/2015,5/28/2015,5:50:00,7,31.8,AH0,221,35.2048856,Night,F,L,A,MYSE
151.909,8443,6/3/2015,5/26/2015,5:50:01,7,32.3,AH0,255,35.8315911,Night,F,L,A,MYSE
151.909,8443,6/3/2015,5/26/2015,5:50:03,7,32.4,AH0,255,35.9501792,Night,F,L,A,MYSE
151.909,8443,6/3/2015,5/28/2015,5:50:13,7,31.7,AH0,244,35.0726529,Night,F,L,A,MYSE
151.909,8443,6/3/2015,5/28/2015,5:50:15,7,31.7,AH0,250,35.0726529,Night,F,L,A,MYSE
151.909,8443,6/3/2015,5/26/2015,5:50:16,7,32.2,AH0,255,35.7107784,Night,F,L,A,MYSE
151.909,8443,6/3/2015,5/26/2015,5:50:17,7,32.1,AH0,255,35.5877213,Night,F,L,A,MYSE
151.909,8443,6/3/2015,5/28/2015,5:50:17,7,31.7,AH0,253,35.0726529,Night,F,L,A,MYSE
151.909,8443,6/3/2015,5/26/2015,5:50:19,7,32.1,AH0,255,35.5877213,Night,F,L,A,MYSE
151.909,8443,6/3/2015,5/28/2015,5:50:19,7,31.7,AH0,254,35.0726529,Night,F,L,A,MYSE
151.909,8443,6/3/2015,5/26/2015,5:50:21,7,32.1,AH0,255,35.5877213,Night,F,L,A,MYSE
151.909,8443,6/3/2015,5/26/2015,5:50:23,7,32.1,AH0,255,35.5877213,Night,F,L,A,MYSE
151.909,8443,6/3/2015,5/28/2015,5:50:32,7,31.5,AH0,254,34.8011375,Night,F,L,A,MYSE
151.909,8443,6/3/2015,5/28/2015,5:50:34,7,31.5,AH0,254,34.8011375,Night,F,L,A,MYSE
151.909,8443,6/3/2015,5/26/2015,5:50:36,7,31.8,AH0,255,35.2048856,Night,F,L,A,MYSE
151.909,8443,6/3/2015,5/28/2015,5:50:36,7,31.4,AH0,255,34.6618152,Night,F,L,A,MYSE
151.909,8443,6/3/2015,5/26/2015,5:50:38,7,31.7,AH0,255,35.0726529,Night,F,L,A,MYSE
151.909,8443,6/3/2015,5/28/2015,5:50:38,7,31.4,AH0,254,34.6618152,Night,F,L,A,MYSE
151.909,8443,6/3/2015,5/26/2015,5:50:40,7,31.7,AH0,255,35.0726529,Night,F,L,A,MYSE
151.909,8443,6/3/2015,5/28/2015,5:50:40,7,31.3,AH0,254,34.5200901,Night,F,L,A,MYSE
151.909,8443,6/3/2015,5/26/2015,5:50:42,7,31.7,AH0,255,35.0726529,Night,F,L,A,MYSE
151.909,8443,6/3/2015,5/28/2015,5:50:53,7,31.3,AH0,221,34.5200901,Night,F,L,A,MYSE
151.909,8443,6/3/2015,5/28/2015,5:50:55,7,31.3,AH0,228,34.5200901,Night,F,L,A,MYSE
151.909,8443,6/3/2015,5/30/2015,5:50:56,7,32.2,AH0,116,35.7107784,Night,F,L,A,MYSE
151.909,8443,6/3/2015,5/26/2015,5:50:57,7,31.3,AH0,255,34.5200901,Night,F,L,A,MYSE
151.909,8443,6/3/2015,5/28/2015,5:50:57,7,31.4,AH0,225,34.6618152,Night,F,L,A,MYSE
151.909,8443,6/3/2015,5/30/2015,5:50:58,7,32.2,AH0,110,35.7107784,Night,F,L,A,MYSE
151.909,8443,6/3/2015,5/26/2015,5:50:59,7,31.3,AH0,255,34.5200901,Night,F,L,A,MYSE
151.909,8443,6/3/2015,5/28/2015,5:50:59,7,31.5,AH0,227,34.8011375,Night,F,L,A,MYSE
151.909,8443,6/3/2015,5/26/2015,5:51:01,7,31.3,AH0,255,34.5200901,Night,F,L,A,MYSE
151.909,8443,6/3/2015,5/26/2015,5:51:03,7,31.2,AH0,255,34.3759424,Night,F,L,A,MYSE
151.909,8443,6/3/2015,5/30/2015,5:51:04,7,10.7,AH0,94,-75.1748481,Night,F,L,A,MYSE
151.909,8443,6/3/2015,5/28/2015,5:51:12,7,31.6,AH0,239,34.9380768,Night,F,L,A,MYSE
151.909,8443,6/3/2015,5/28/2015,5:51:14,7,31.6,AH0,122,34.9380768,Night,F,L,A,MYSE
151.909,8443,6/3/2015,5/28/2015,5:51:16,7,31.6,AH0,227,34.9380768,Night,F,L,A,MYSE
151.909,8443,6/3/2015,5/26/2015,5:51:17,7,30.6,AH0,255,33.4590728,Night,F,L,A,MYSE
151.909,8443,6/3/2015,5/28/2015,5:51:18,7,31.6,AH0,203,34.9380768,Night,F,L,A,MYSE
151.909,8443,6/3/2015,5/26/2015,5:51:19,7,30.5,AH0,255,33.2974125,Night,F,L,A,MYSE
151.909,8443,6/3/2015,5/26/2015,5:51:20,7,30.4,AH0,255,33.1331712,Night,F,L,A,MYSE
151.909,8443,6/3/2015,5/28/2015,5:51:20,7,31.7,AH0,254,35.0726529,Night,F,L,A,MYSE
151.909,8443,6/3/2015,5/30/2015,5:51:21,7,15.8,AH0,57,-29.0248104,Night,F,L,A,MYSE
151.909,8443,6/3/2015,5/26/2015,5:51:22,7,30.4,AH0,255,33.1331712,Night,F,L,A,MYSE
151.909,8443,6/3/2015,5/30/2015,5:51:22,7,31.8,AH0,98,35.2048856,Night,F,L,A,MYSE
151.909,8443,6/3/2015,5/28/2015,5:51:33,7,31.9,AH0,255,35.3347947,Night,F,L,A,MYSE
151.909,8443,6/3/2015,5/28/2015,5:51:35,7,31.9,AH0,255,35.3347947,Night,F,L,A,MYSE
151.909,8443,6/3/2015,5/26/2015,5:51:36,7,30,AH0,255,32.45,Night,F,L,A,MYSE
151.909,8443,6/3/2015,5/28/2015,5:51:37,7,31.9,AH0,206,35.3347947,Night,F,L,A,MYSE
151.909,8443,6/3/2015,5/26/2015,5:51:38,7,30,AH0,255,32.45,Night,F,L,A,MYSE
151.909,8443,6/3/2015,5/28/2015,5:51:39,7,31.9,AH0,255,35.3347947,Night,F,L,A,MYSE
151.909,8443,6/3/2015,5/26/2015,5:51:40,7,30,AH0,255,32.45,Night,F,L,A,MYSE
151.909,8443,6/3/2015,5/26/2015,5:51:42,7,30,AH0,255,32.45,Night,F,L,A,MYSE
151.909,8443,6/3/2015,5/27/2015,5:51:54,7,32.2,AH0,110,35.7107784,Night,F,L,A,MYSE
151.909,8443,6/3/2015,5/28/2015,5:51:54,7,32.1,AH0,207,35.5877213,Night,F,L,A,MYSE
151.909,8443,6/3/2015,5/26/2015,5:51:56,7,30,AH0,255,32.45,Night,F,L,A,MYSE
151.909,8443,6/3/2015,5/28/2015,5:51:56,7,32.1,AH0,197,35.5877213,Night,F,L,A,MYSE
151.909,8443,6/3/2015,5/28/2015,5:51:57,7,32.1,AH0,160,35.5877213,Night,F,L,A,MYSE
151.909,8443,6/3/2015,5/26/2015,5:51:58,7,30,AH0,255,32.45,Night,F,L,A,MYSE
151.909,8443,6/3/2015,5/28/2015,5:51:59,7,32.1,AH0,191,35.5877213,Night,F,L,A,MYSE
151.909,8443,6/3/2015,5/26/2015,5:52:00,7,30.1,AH0,255,32.6247633,Night,F,L,A,MYSE
151.909,8443,6/3/2015,5/26/2015,5:52:02,7,30.1,AH0,255,32.6247633,Night,F,L,A,MYSE
151.909,8443,6/3/2015,5/27/2015,5:52:07,7,32,AH0,69,35.4624,Night,F,L,A,MYSE
151.909,8443,6/3/2015,5/27/2015,5:52:09,7,32.1,AH0,156,35.5877213,Night,F,L,A,MYSE
151.909,8443,6/3/2015,5/27/2015,5:52:10,7,32.1,AH0,179,35.5877213,Night,F,L,A,MYSE
151.909,8443,6/3/2015,5/27/2015,5:52:12,7,32.1,AH0,133,35.5877213,Night,F,L,A,MYSE
151.909,8443,6/3/2015,5/28/2015,5:52:12,7,32.3,AH0,94,35.8315911,Night,F,L,A,MYSE
151.909,8443,6/3/2015,5/27/2015,5:52:14,7,32.1,AH0,96,35.5877213,Night,F,L,A,MYSE
151.909,8443,6/3/2015,5/28/2015,5:52:14,7,32.3,AH0,120,35.8315911,Night,F,L,A,MYSE
151.909,8443,6/3/2015,5/26/2015,5:52:16,7,30.2,AH0,255,32.7968664,Night,F,L,A,MYSE
151.909,8443,6/3/2015,5/28/2015,5:52:16,7,32.3,AH0,62,35.8315911,Night,F,L,A,MYSE
151.909,8443,6/3/2015,5/26/2015,5:52:18,7,30.2,AH0,255,32.7968664,Night,F,L,A,MYSE
151.909,8443,6/3/2015,5/28/2015,5:52:18,7,32.6,AH0,92,36.1807608,Night,F,L,A,MYSE
151.909,8443,6/3/2015,5/26/2015,5:52:20,7,30.2,AH0,255,32.7968664,Night,F,L,A,MYSE
151.909,8443,6/3/2015,5/26/2015,5:52:22,7,30.2,AH0,255,32.7968664,Night,F,L,A,MYSE
151.909,8443,6/3/2015,5/27/2015,5:52:27,7,32.1,AH0,247,35.5877213,Night,F,L,A,MYSE
151.909,8443,6/3/2015,5/27/2015,5:52:29,7,32.1,AH0,238,35.5877213,Night,F,L,A,MYSE
151.909,8443,6/3/2015,5/27/2015,5:52:31,7,32.2,AH0,155,35.7107784,Night,F,L,A,MYSE
151.909,8443,6/3/2015,5/27/2015,5:52:33,7,32.1,AH0,72,35.5877213,Night,F,L,A,MYSE
151.909,8443,6/3/2015,5/27/2015,5:52:35,7,32.2,AH0,176,35.7107784,Night,F,L,A,MYSE
151.909,8443,6/3/2015,5/26/2015,5:52:36,7,30.2,AH0,255,32.7968664,Night,F,L,A,MYSE
151.909,8443,6/3/2015,5/26/2015,5:52:38,7,30.2,AH0,255,32.7968664,Night,F,L,A,MYSE
151.909,8443,6/3/2015,5/26/2015,5:52:40,7,30.1,AH0,255,32.6247633,Night,F,L,A,MYSE
151.909,8443,6/3/2015,5/26/2015,5:52:42,7,30.1,AH0,255,32.6247633,Night,F,L,A,MYSE
151.909,8443,6/3/2015,5/26/2015,5:52:56,7,30,AH0,255,32.45,Night,F,L,A,MYSE
151.909,8443,6/3/2015,5/26/2015,5:52:58,7,30,AH0,255,32.45,Night,F,L,A,MYSE
151.909,8443,6/3/2015,5/26/2015,5:53:00,7,30,AH0,255,32.45,Night,F,L,A,MYSE
151.909,8443,6/3/2015,5/26/2015,5:53:02,7,29.9,AH0,255,32.2725567,Night,F,L,A,MYSE
151.909,8443,6/3/2015,5/26/2015,5:53:16,7,29.8,AH0,255,32.0924136,Night,F,L,A,MYSE
151.909,8443,6/3/2015,5/26/2015,5:53:18,7,29.8,AH0,255,32.0924136,Night,F,L,A,MYSE
151.909,8443,6/3/2015,5/26/2015,5:53:20,7,29.7,AH0,255,31.9095509,Night,F,L,A,MYSE
151.909,8443,6/3/2015,5/26/2015,5:53:22,7,29.7,AH0,255,31.9095509,Night,F,L,A,MYSE
151.909,8443,6/3/2015,5/26/2015,5:53:36,7,30.1,AH0,255,32.6247633,Night,F,L,A,MYSE
151.909,8443,6/3/2015,5/26/2015,5:53:38,7,30.3,AH0,255,32.9663291,Night,F,L,A,MYSE
151.909,8443,6/3/2015,5/26/2015,5:53:40,7,30.4,AH0,255,33.1331712,Night,F,L,A,MYSE
151.909,8443,6/3/2015,5/26/2015,5:53:42,7,30.5,AH0,255,33.2974125,Night,F,L,A,MYSE
151.909,8443,6/3/2015,5/28/2015,5:53:52,7,32.8,AH0,77,36.4026816,Night,F,L,A,MYSE
151.909,8443,6/3/2015,5/28/2015,5:53:54,7,32.8,AH0,134,36.4026816,Night,F,L,A,MYSE
151.909,8443,6/3/2015,5/26/2015,5:53:56,7,30.6,AH0,255,33.4590728,Night,F,L,A,MYSE
151.909,8443,6/3/2015,5/28/2015,5:53:56,7,32.8,AH0,79,36.4026816,Night,F,L,A,MYSE
151.909,8443,6/3/2015,5/28/2015,5:53:57,7,32.8,AH0,142,36.4026816,Night,F,L,A,MYSE
151.909,8443,6/3/2015,5/26/2015,5:53:58,7,30.6,AH0,255,33.4590728,Night,F,L,A,MYSE
151.909,8443,6/3/2015,5/28/2015,5:53:59,7,32.8,AH0,139,36.4026816,Night,F,L,A,MYSE
151.909,8443,6/3/2015,5/26/2015,5:54:00,7,30.6,AH0,255,33.4590728,Night,F,L,A,MYSE
151.909,8443,6/3/2015,5/26/2015,5:54:02,7,30.6,AH0,255,33.4590728,Night,F,L,A,MYSE
151.909,8443,6/3/2015,5/28/2015,5:54:12,7,32.9,AH0,129,36.5104437,Night,F,L,A,MYSE
151.909,8443,6/3/2015,5/28/2015,5:54:14,7,32.9,AH0,155,36.5104437,Night,F,L,A,MYSE
151.909,8443,6/3/2015,5/26/2015,5:54:16,7,30.5,AH0,255,33.2974125,Night,F,L,A,MYSE
151.909,8443,6/3/2015,5/28/2015,5:54:16,7,32.9,AH0,130,36.5104437,Night,F,L,A,MYSE
151.909,8443,6/3/2015,5/26/2015,5:54:18,7,30.5,AH0,255,33.2974125,Night,F,L,A,MYSE
151.909,8443,6/3/2015,5/28/2015,5:54:18,7,32.9,AH0,165,36.5104437,Night,F,L,A,MYSE
151.909,8443,6/3/2015,5/28/2015,5:54:19,7,32.9,AH0,200,36.5104437,Night,F,L,A,MYSE
151.909,8443,6/3/2015,5/26/2015,5:54:20,7,30.5,AH0,255,33.2974125,Night,F,L,A,MYSE
151.909,8443,6/3/2015,5/26/2015,5:54:22,7,30.4,AH0,255,33.1331712,Night,F,L,A,MYSE
151.909,8443,6/3/2015,5/26/2015,5:54:24,7,30.4,AH0,255,33.1331712,Night,F,L,A,MYSE
151.909,8443,6/3/2015,5/28/2015,5:54:32,7,33,AH0,194,36.6161,Night,F,L,A,MYSE
151.909,8443,6/3/2015,5/28/2015,5:54:34,7,33,AH0,67,36.6161,Night,F,L,A,MYSE
151.909,8443,6/3/2015,5/28/2015,5:54:36,7,33,AH0,220,36.6161,Night,F,L,A,MYSE
151.909,8443,6/3/2015,5/26/2015,5:54:37,7,30.2,AH0,255,32.7968664,Night,F,L,A,MYSE
151.909,8443,6/3/2015,5/28/2015,5:54:38,7,33,AH0,61,36.6161,Night,F,L,A,MYSE
151.909,8443,6/3/2015,5/26/2015,5:54:39,7,30.2,AH0,255,32.7968664,Night,F,L,A,MYSE
151.909,8443,6/3/2015,5/28/2015,5:54:39,7,33.3,AH0,182,36.9206321,Night,F,L,A,MYSE
151.909,8443,6/3/2015,5/26/2015,5:54:41,7,30.2,AH0,255,32.7968664,Night,F,L,A,MYSE
151.909,8443,6/3/2015,5/26/2015,5:54:43,7,30.2,AH0,255,32.7968664,Night,F,L,A,MYSE
151.909,8443,6/3/2015,5/26/2015,5:54:57,7,30.1,AH0,255,32.6247633,Night,F,L,A,MYSE
151.909,8443,6/3/2015,5/26/2015,5:54:59,7,30.1,AH0,255,32.6247633,Night,F,L,A,MYSE
151.909,8443,6/3/2015,5/26/2015,5:55:01,7,30.1,AH0,255,32.6247633,Night,F,L,A,MYSE
151.909,8443,6/3/2015,5/26/2015,5:55:03,7,30.1,AH0,255,32.6247633,Night,F,L,A,MYSE
151.909,8443,6/3/2015,5/26/2015,5:55:17,7,30.2,AH0,255,32.7968664,Night,F,L,A,MYSE
151.909,8443,6/3/2015,5/26/2015,5:55:19,7,30.3,AH0,255,32.9663291,Night,F,L,A,MYSE
151.909,8443,6/3/2015,5/29/2015,5:55:20,7,32.5,AH0,169,36.0665625,Night,F,L,A,MYSE
151.909,8443,6/3/2015,5/26/2015,5:55:21,7,30.3,AH0,255,32.9663291,Night,F,L,A,MYSE
151.909,8443,6/3/2015,5/29/2015,5:55:22,7,32.5,AH0,151,36.0665625,Night,F,L,A,MYSE
151.909,8443,6/3/2015,5/26/2015,5:55:23,7,30.4,AH0,255,33.1331712,Night,F,L,A,MYSE
151.909,8443,6/3/2015,5/29/2015,5:55:24,7,32.6,AH0,194,36.1807608,Night,F,L,A,MYSE
151.909,8443,6/3/2015,5/26/2015,5:55:37,7,30.7,AH0,255,33.6181719,Night,F,L,A,MYSE
151.909,8443,6/3/2015,5/26/2015,5:55:39,7,30.7,AH0,255,33.6181719,Night,F,L,A,MYSE
151.909,8443,6/3/2015,5/29/2015,5:55:39,7,32.7,AH0,187,36.2927939,Night,F,L,A,MYSE
151.909,8443,6/3/2015,5/26/2015,5:55:41,7,30.8,AH0,255,33.7747296,Night,F,L,A,MYSE
151.909,8443,6/3/2015,5/29/2015,5:55:41,7,32.8,AH0,64,36.4026816,Night,F,L,A,MYSE
151.909,8443,6/3/2015,5/29/2015,5:55:42,7,33,AH0,180,36.6161,Night,F,L,A,MYSE
151.909,8443,6/3/2015,5/26/2015,5:55:43,7,30.7,AH0,255,33.6181719,Night,F,L,A,MYSE
151.909,8443,6/3/2015,5/29/2015,5:55:44,7,32.8,AH0,190,36.4026816,Night,F,L,A,MYSE
151.909,8443,6/3/2015,5/26/2015,5:55:56,7,30.9,AH0,255,33.9287657,Night,F,L,A,MYSE
151.909,8443,6/3/2015,5/26/2015,5:55:58,7,30.9,AH0,255,33.9287657,Night,F,L,A,MYSE
151.909,8443,6/3/2015,5/29/2015,5:55:59,7,32.8,AH0,213,36.4026816,Night,F,L,A,MYSE
151.909,8443,6/3/2015,5/26/2015,5:56:00,7,31,AH0,255,34.0803,Night,F,L,A,MYSE
151.909,8443,6/3/2015,5/29/2015,5:56:01,7,32.8,AH0,220,36.4026816,Night,F,L,A,MYSE
151.909,8443,6/3/2015,5/26/2015,5:56:02,7,31,AH0,255,34.0803,Night,F,L,A,MYSE
151.909,8443,6/3/2015,5/29/2015,5:56:03,7,32.7,AH0,214,36.2927939,Night,F,L,A,MYSE
151.909,8443,6/3/2015,5/29/2015,5:56:04,7,32.7,AH0,232,36.2927939,Night,F,L,A,MYSE
151.909,8443,6/3/2015,5/26/2015,5:56:16,7,31.4,AH0,255,34.6618152,Night,F,L,A,MYSE
151.909,8443,6/3/2015,5/26/2015,5:56:18,7,31.4,AH0,255,34.6618152,Night,F,L,A,MYSE
151.909,8443,6/3/2015,5/26/2015,5:56:19,7,31.4,AH0,255,34.6618152,Night,F,L,A,MYSE
151.909,8443,6/3/2015,5/29/2015,5:56:19,7,32.5,AH0,95,36.0665625,Night,F,L,A,MYSE
151.909,8443,6/3/2015,5/26/2015,5:56:21,7,31.4,AH0,255,34.6618152,Night,F,L,A,MYSE
151.909,8443,6/3/2015,5/29/2015,5:56:21,7,32.4,AH0,59,35.9501792,Night,F,L,A,MYSE
151.909,8443,6/3/2015,5/26/2015,5:56:23,7,31.4,AH0,255,34.6618152,Night,F,L,A,MYSE
151.909,8443,6/3/2015,5/29/2015,5:56:23,7,32.8,AH0,116,36.4026816,Night,F,L,A,MYSE
151.909,8443,6/3/2015,5/30/2015,5:56:36,7,31.8,AH0,75,35.2048856,Night,F,L,A,MYSE
151.909,8443,6/3/2015,5/26/2015,5:56:37,7,31.6,AH0,255,34.9380768,Night,F,L,A,MYSE
151.909,8443,6/3/2015,5/26/2015,5:56:38,7,31.6,AH0,255,34.9380768,Night,F,L,A,MYSE
151.909,8443,6/3/2015,5/30/2015,5:56:38,7,32.1,AH0,109,35.5877213,Night,F,L,A,MYSE
151.909,8443,6/3/2015,5/26/2015,5:56:40,7,31.6,AH0,255,34.9380768,Night,F,L,A,MYSE
151.909,8443,6/3/2015,5/30/2015,5:56:40,7,31.8,AH0,99,35.2048856,Night,F,L,A,MYSE
151.909,8443,6/3/2015,5/26/2015,5:56:42,7,31.7,AH0,255,35.0726529,Night,F,L,A,MYSE
151.909,8443,6/3/2015,5/30/2015,5:56:42,7,31.9,AH0,180,35.3347947,Night,F,L,A,MYSE
151.909,8443,6/3/2015,5/29/2015,5:56:43,7,16.2,AH0,72,-26.0433976,Night,F,L,A,MYSE
151.909,8443,6/3/2015,5/26/2015,5:56:56,7,31.8,AH0,255,35.2048856,Night,F,L,A,MYSE
151.909,8443,6/3/2015,5/26/2015,5:56:57,7,31.7,AH0,255,35.0726529,Night,F,L,A,MYSE
151.909,8443,6/3/2015,5/30/2015,5:56:57,7,31.5,AH0,217,34.8011375,Night,F,L,A,MYSE
151.909,8443,6/3/2015,5/29/2015,5:56:58,7,32.6,AH0,137,36.1807608,Night,F,L,A,MYSE
151.909,8443,6/3/2015,5/26/2015,5:56:59,7,31.6,AH0,255,34.9380768,Night,F,L,A,MYSE
151.909,8443,6/3/2015,5/30/2015,5:56:59,7,31.5,AH0,193,34.8011375,Night,F,L,A,MYSE
151.909,8443,6/3/2015,5/29/2015,5:57:00,7,32.6,AH0,231,36.1807608,Night,F,L,A,MYSE
151.909,8443,6/3/2015,5/26/2015,5:57:01,7,31.6,AH0,255,34.9380768,Night,F,L,A,MYSE
151.909,8443,6/3/2015,5/30/2015,5:57:01,7,31.5,AH0,254,34.8011375,Night,F,L,A,MYSE
151.909,8443,6/3/2015,5/29/2015,5:57:02,7,32.6,AH0,253,36.1807608,Night,F,L,A,MYSE
151.909,8443,6/3/2015,5/26/2015,5:57:03,7,31.6,AH0,255,34.9380768,Night,F,L,A,MYSE
151.909,8443,6/3/2015,5/29/2015,5:57:03,7,32.6,AH0,226,36.1807608,Night,F,L,A,MYSE
151.909,8443,6/3/2015,5/30/2015,5:57:03,7,31.3,AH0,255,34.5200901,Night,F,L,A,MYSE
151.909,8443,6/3/2015,5/29/2015,5:57:05,7,32.6,AH0,243,36.1807608,Night,F,L,A,MYSE
151.909,8443,6/3/2015,5/26/2015,5:57:16,7,31.4,AH0,255,34.6618152,Night,F,L,A,MYSE
151.909,8443,6/3/2015,5/30/2015,5:57:16,7,31.4,AH0,240,34.6618152,Night,F,L,A,MYSE
151.909,8443,6/3/2015,5/26/2015,5:57:18,7,31.4,AH0,255,34.6618152,Night,F,L,A,MYSE
151.909,8443,6/3/2015,5/29/2015,5:57:18,7,32.6,AH0,237,36.1807608,Night,F,L,A,MYSE
151.909,8443,6/3/2015,5/30/2015,5:57:18,7,31.4,AH0,224,34.6618152,Night,F,L,A,MYSE
151.909,8443,6/3/2015,5/26/2015,5:57:20,7,31.4,AH0,255,34.6618152,Night,F,L,A,MYSE
151.909,8443,6/3/2015,5/29/2015,5:57:20,7,32.6,AH0,255,36.1807608,Night,F,L,A,MYSE
151.909,8443,6/3/2015,5/30/2015,5:57:20,7,31.4,AH0,254,34.6618152,Night,F,L,A,MYSE
151.909,8443,6/3/2015,5/26/2015,5:57:22,7,31.5,AH0,255,34.8011375,Night,F,L,A,MYSE
151.909,8443,6/3/2015,5/29/2015,5:57:22,7,32.6,AH0,255,36.1807608,Night,F,L,A,MYSE
151.909,8443,6/3/2015,5/30/2015,5:57:22,7,31.3,AH0,210,34.5200901,Night,F,L,A,MYSE
151.909,8443,6/3/2015,5/29/2015,5:57:24,7,32.6,AH0,235,36.1807608,Night,F,L,A,MYSE
151.909,8443,6/3/2015,5/26/2015,5:57:36,7,31.5,AH0,255,34.8011375,Night,F,L,A,MYSE
151.909,8443,6/3/2015,5/26/2015,5:57:37,7,31.5,AH0,255,34.8011375,Night,F,L,A,MYSE
151.909,8443,6/3/2015,5/30/2015,5:57:37,7,31.3,AH0,207,34.5200901,Night,F,L,A,MYSE
151.909,8443,6/3/2015,5/29/2015,5:57:38,7,32.4,AH0,245,35.9501792,Night,F,L,A,MYSE
151.909,8443,6/3/2015,5/26/2015,5:57:39,7,31.5,AH0,255,34.8011375,Night,F,L,A,MYSE
151.909,8443,6/3/2015,5/30/2015,5:57:39,7,31.3,AH0,170,34.5200901,Night,F,L,A,MYSE
151.909,8443,6/3/2015,5/29/2015,5:57:40,7,32.1,AH0,221,35.5877213,Night,F,L,A,MYSE
151.909,8443,6/3/2015,5/26/2015,5:57:41,7,31.5,AH0,255,34.8011375,Night,F,L,A,MYSE
151.909,8443,6/3/2015,5/30/2015,5:57:41,7,31.3,AH0,185,34.5200901,Night,F,L,A,MYSE
151.909,8443,6/3/2015,5/29/2015,5:57:42,7,32.1,AH0,239,35.5877213,Night,F,L,A,MYSE
151.909,8443,6/3/2015,5/26/2015,5:57:43,7,31.4,AH0,255,34.6618152,Night,F,L,A,MYSE
151.909,8443,6/3/2015,5/30/2015,5:57:43,7,31.2,AH0,226,34.3759424,Night,F,L,A,MYSE
151.909,8443,6/3/2015,5/29/2015,5:57:44,7,32.2,AH0,152,35.7107784,Night,F,L,A,MYSE
151.909,8443,6/3/2015,5/26/2015,5:57:57,7,31.5,AH0,255,34.8011375,Night,F,L,A,MYSE
151.909,8443,6/3/2015,5/30/2015,5:57:57,7,30.3,AH0,215,32.9663291,Night,F,L,A,MYSE
151.909,8443,6/3/2015,5/26/2015,5:57:58,7,31.5,AH0,255,34.8011375,Night,F,L,A,MYSE
151.909,8443,6/3/2015,5/26/2015,5:57:59,7,71.6,AH0,255,111.3838368,Night,F,L,A,MYSE
151.909,8443,6/3/2015,5/30/2015,5:57:59,7,30.2,AH0,217,32.7968664,Night,F,L,A,MYSE
151.909,8443,6/3/2015,5/26/2015,5:58:00,7,81.4,AH0,255,217.0720152,Night,F,L,A,MYSE
151.909,8443,6/3/2015,5/29/2015,5:58:01,7,32.4,AH0,147,35.9501792,Night,F,L,A,MYSE
151.909,8443,6/3/2015,5/30/2015,5:58:01,7,30.1,AH0,214,32.6247633,Night,F,L,A,MYSE
151.909,8443,6/3/2015,5/26/2015,5:58:02,7,61.3,AH0,255,57.4830201,Night,F,L,A,MYSE
151.909,8443,6/3/2015,5/29/2015,5:58:03,7,32.4,AH0,170,35.9501792,Night,F,L,A,MYSE
151.909,8443,6/3/2015,5/30/2015,5:58:03,7,30,AH0,189,32.45,Night,F,L,A,MYSE
151.909,8443,6/3/2015,5/29/2015,5:58:05,7,32.4,AH0,171,35.9501792,Night,F,L,A,MYSE
151.909,8443,6/3/2015,5/26/2015,5:58:17,7,31.1,AH0,255,34.2293523,Night,F,L,A,MYSE
151.909,8443,6/3/2015,5/29/2015,5:58:17,7,32.6,AH0,203,36.1807608,Night,F,L,A,MYSE
151.909,8443,6/3/2015,5/30/2015,5:58:17,7,29.4,AH0,154,31.3444472,Night,F,L,A,MYSE
151.909,8443,6/3/2015,5/26/2015,5:58:19,7,31.1,AH0,255,34.2293523,Night,F,L,A,MYSE
151.909,8443,6/3/2015,5/29/2015,5:58:19,7,32.5,AH0,230,36.0665625,Night,F,L,A,MYSE
151.909,8443,6/3/2015,5/30/2015,5:58:19,7,29.4,AH0,141,31.3444472,Night,F,L,A,MYSE
151.909,8443,6/3/2015,5/26/2015,5:58:21,7,31.1,AH0,255,34.2293523,Night,F,L,A,MYSE
151.909,8443,6/3/2015,5/29/2015,5:58:21,7,32.6,AH0,151,36.1807608,Night,F,L,A,MYSE
151.909,8443,6/3/2015,5/30/2015,5:58:21,7,29.5,AH0,181,31.5355875,Night,F,L,A,MYSE
151.909,8443,6/3/2015,5/26/2015,5:58:23,7,31,AH0,255,34.0803,Night,F,L,A,MYSE
151.909,8443,6/3/2015,5/29/2015,5:58:23,7,32.6,AH0,254,36.1807608,Night,F,L,A,MYSE
151.909,8443,6/3/2015,5/30/2015,5:58:23,7,29.3,AH0,141,31.1505081,Night,F,L,A,MYSE
151.909,8443,6/3/2015,5/29/2015,5:58:25,7,32.6,AH0,236,36.1807608,Night,F,L,A,MYSE
151.909,8443,6/3/2015,5/26/2015,5:58:36,7,31.1,AH0,255,34.2293523,Night,F,L,A,MYSE
151.909,8443,6/3/2015,5/30/2015,5:58:37,7,29.5,AH0,169,31.5355875,Night,F,L,A,MYSE
151.909,8443,6/3/2015,5/26/2015,5:58:38,7,31.1,AH0,255,34.2293523,Night,F,L,A,MYSE
151.909,8443,6/3/2015,5/29/2015,5:58:38,7,32.7,AH0,238,36.2927939,Night,F,L,A,MYSE
151.909,8443,6/3/2015,5/30/2015,5:58:39,7,29.6,AH0,168,31.7239488,Night,F,L,A,MYSE
151.909,8443,6/3/2015,5/26/2015,5:58:40,7,31.1,AH0,255,34.2293523,Night,F,L,A,MYSE
151.909,8443,6/3/2015,5/29/2015,5:58:40,7,32.7,AH0,183,36.2927939,Night,F,L,A,MYSE
151.909,8443,6/3/2015,5/29/2015,5:58:41,7,32.7,AH0,127,36.2927939,Night,F,L,A,MYSE
151.909,8443,6/3/2015,5/30/2015,5:58:41,7,29.7,AH0,171,31.9095509,Night,F,L,A,MYSE
151.909,8443,6/3/2015,5/26/2015,5:58:42,7,31.1,AH0,255,34.2293523,Night,F,L,A,MYSE
151.909,8443,6/3/2015,5/29/2015,5:58:43,7,32.7,AH0,246,36.2927939,Night,F,L,A,MYSE
151.909,8443,6/3/2015,5/30/2015,5:58:43,7,29.7,AH0,131,31.9095509,Night,F,L,A,MYSE
151.909,8443,6/3/2015,5/29/2015,5:58:45,7,32.7,AH0,229,36.2927939,Night,F,L,A,MYSE
151.909,8443,6/3/2015,5/26/2015,5:58:55,7,31.5,AH0,255,34.8011375,Night,F,L,A,MYSE
151.909,8443,6/3/2015,5/26/2015,5:58:57,7,31.3,AH0,255,34.5200901,Night,F,L,A,MYSE
151.909,8443,6/3/2015,5/29/2015,5:58:58,7,32.7,AH0,248,36.2927939,Night,F,L,A,MYSE
151.909,8443,6/3/2015,5/30/2015,5:58:58,7,29.1,AH0,87,30.7541543,Night,F,L,A,MYSE
151.909,8443,6/3/2015,5/26/2015,5:58:59,7,31.3,AH0,255,34.5200901,Night,F,L,A,MYSE
151.909,8443,6/3/2015,5/29/2015,5:59:00,7,32.6,AH0,213,36.1807608,Night,F,L,A,MYSE
151.909,8443,6/3/2015,5/30/2015,5:59:00,7,29.2,AH0,82,30.9537504,Night,F,L,A,MYSE
151.909,8443,6/3/2015,5/26/2015,5:59:01,7,31.3,AH0,255,34.5200901,Night,F,L,A,MYSE
151.909,8443,6/3/2015,5/29/2015,5:59:02,7,32.6,AH0,98,36.1807608,Night,F,L,A,MYSE
151.909,8443,6/3/2015,5/30/2015,5:59:02,7,29.2,AH0,88,30.9537504,Night,F,L,A,MYSE
151.909,8443,6/3/2015,5/26/2015,5:59:03,7,31.3,AH0,255,34.5200901,Night,F,L,A,MYSE
151.909,8443,6/3/2015,5/29/2015,5:59:03,7,32.6,AH0,252,36.1807608,Night,F,L,A,MYSE
151.909,8443,6/3/2015,5/29/2015,5:59:05,7,32.5,AH0,255,36.0665625,Night,F,L,A,MYSE
151.909,8443,6/3/2015,5/30/2015,5:59:16,7,29.7,AH0,106,31.9095509,Night,F,L,A,MYSE
151.909,8443,6/3/2015,5/26/2015,5:59:17,7,31.3,AH0,255,34.5200901,Night,F,L,A,MYSE
151.909,8443,6/3/2015,5/26/2015,5:59:18,7,31.4,AH0,255,34.6618152,Night,F,L,A,MYSE
151.909,8443,6/3/2015,5/29/2015,5:59:18,7,32.7,AH0,205,36.2927939,Night,F,L,A,MYSE
151.909,8443,6/3/2015,5/30/2015,5:59:18,7,29.5,AH0,84,31.5355875,Night,F,L,A,MYSE
151.909,8443,6/3/2015,5/26/2015,5:59:20,7,31.5,AH0,255,34.8011375,Night,F,L,A,MYSE
151.909,8443,6/3/2015,5/29/2015,5:59:20,7,32.7,AH0,156,36.2927939,Night,F,L,A,MYSE
151.909,8443,6/3/2015,5/30/2015,5:59:20,7,29.3,AH0,89,31.1505081,Night,F,L,A,MYSE
151.909,8443,6/3/2015,5/26/2015,5:59:22,7,31.5,AH0,255,34.8011375,Night,F,L,A,MYSE
151.909,8443,6/3/2015,5/30/2015,5:59:22,7,29.1,AH0,144,30.7541543,Night,F,L,A,MYSE
151.909,8443,6/3/2015,5/26/2015,5:59:35,7,31.7,AH0,255,35.0726529,Night,F,L,A,MYSE
151.909,8443,6/3/2015,5/28/2015,5:59:35,7,16.7,AH0,82,-22.4382621,Night,F,L,A,MYSE
151.909,8443,6/3/2015,5/26/2015,5:59:36,7,31.7,AH0,255,35.0726529,Night,F,L,A,MYSE
151.909,8443,6/3/2015,5/28/2015,5:59:37,7,33.5,AH0,82,37.1134875,Night,F,L,A,MYSE
151.909,8443,6/3/2015,5/30/2015,5:59:37,7,28.4,AH0,82,29.2758432,Night,F,L,A,MYSE
151.909,8443,6/3/2015,5/26/2015,5:59:38,7,31.8,AH0,255,35.2048856,Night,F,L,A,MYSE
151.909,8443,6/3/2015,5/30/2015,5:59:39,7,28.4,AH0,167,29.2758432,Night,F,L,A,MYSE
151.909,8443,6/3/2015,5/26/2015,5:59:40,7,31.8,AH0,255,35.2048856,Night,F,L,A,MYSE
151.909,8443,6/3/2015,5/30/2015,5:59:41,7,28.3,AH0,176,29.0528271,Night,F,L,A,MYSE
151.909,8443,6/3/2015,5/26/2015,5:59:42,7,31.8,AH0,255,35.2048856,Night,F,L,A,MYSE
151.909,8443,6/3/2015,5/30/2015,5:59:43,7,28.2,AH0,160,28.8267944,Night,F,L,A,MYSE
151.909,8443,6/3/2015,5/27/2015,5:59:50,7,32.8,AH0,62,36.4026816,Night,F,L,A,MYSE
151.909,8443,6/3/2015,5/27/2015,5:59:52,7,33,AH0,90,36.6161,Night,F,L,A,MYSE
151.909,8443,6/3/2015,5/26/2015,5:59:55,7,31.6,AH0,255,34.9380768,Night,F,L,A,MYSE
151.909,8443,6/3/2015,5/30/2015,5:59:56,7,27.9,AH0,167,28.1303987,Night,F,L,A,MYSE
151.909,8443,6/3/2015,5/26/2015,5:59:57,7,31.7,AH0,255,35.0726529,Night,F,L,A,MYSE
151.909,8443,6/3/2015,5/29/2015,5:59:58,7,32.9,AH0,81,36.5104437,Night,F,L,A,MYSE
151.909,8443,6/3/2015,5/30/2015,5:59:58,7,27.8,AH0,176,27.8921016,Night,F,L,A,MYSE
151.909,8443,6/3/2015,5/26/2015,5:59:59,7,31.7,AH0,255,35.0726529,Night,F,L,A,MYSE
151.909,8443,6/3/2015,5/29/2015,6:00:00,7,32.9,AH0,112,36.5104437,Day,F,L,A,MYSE
151.909,8443,6/3/2015,5/26/2015,6:00:01,7,31.7,AH0,255,35.0726529,Day,F,L,A,MYSE
151.909,8443,6/3/2015,5/30/2015,6:00:01,7,27.9,AH0,198,28.1303987,Day,F,L,A,MYSE
151.909,8443,6/3/2015,5/29/2015,6:00:02,7,32.8,AH0,117,36.4026816,Day,F,L,A,MYSE
151.909,8443,6/3/2015,5/30/2015,6:00:03,7,27.9,AH0,145,28.1303987,Day,F,L,A,MYSE
151.909,8443,6/3/2015,5/27/2015,6:00:07,7,32.8,AH0,154,36.4026816,Day,F,L,A,MYSE
151.909,8443,6/3/2015,5/27/2015,6:00:09,7,32.8,AH0,151,36.4026816,Day,F,L,A,MYSE
151.909,8443,6/3/2015,5/27/2015,6:00:10,7,32.8,AH0,155,36.4026816,Day,F,L,A,MYSE
151.909,8443,6/3/2015,5/27/2015,6:00:12,7,32.8,AH0,76,36.4026816,Day,F,L,A,MYSE
151.909,8443,6/3/2015,5/28/2015,6:00:13,7,33.4,AH0,123,37.0180632,Day,F,L,A,MYSE
151.909,8443,6/3/2015,5/28/2015,6:00:15,7,33.4,AH0,77,37.0180632,Day,F,L,A,MYSE
151.909,8443,6/3/2015,5/26/2015,6:00:16,7,31.7,AH0,255,35.0726529,Day,F,L,A,MYSE
151.909,8443,6/3/2015,5/28/2015,6:00:16,7,33.4,AH0,127,37.0180632,Day,F,L,A,MYSE
151.909,8443,6/3/2015,5/26/2015,6:00:18,7,31.7,AH0,255,35.0726529,Day,F,L,A,MYSE
151.909,8443,6/3/2015,5/28/2015,6:00:18,7,33.4,AH0,90,37.0180632,Day,F,L,A,MYSE
151.909,8443,6/3/2015,5/30/2015,6:00:18,7,28.7,AH0,117,29.9269899,Day,F,L,A,MYSE
151.909,8443,6/3/2015,5/29/2015,6:00:19,7,32.7,AH0,206,36.2927939,Day,F,L,A,MYSE
151.909,8443,6/3/2015,5/26/2015,6:00:20,7,31.8,AH0,255,35.2048856,Day,F,L,A,MYSE
151.909,8443,6/3/2015,5/29/2015,6:00:20,7,32.7,AH0,199,36.2927939,Day,F,L,A,MYSE
151.909,8443,6/3/2015,5/30/2015,6:00:20,7,28.8,AH0,127,30.1381376,Day,F,L,A,MYSE
151.909,8443,6/3/2015,5/26/2015,6:00:22,7,31.8,AH0,255,35.2048856,Day,F,L,A,MYSE
151.909,8443,6/3/2015,5/29/2015,6:00:22,7,32.7,AH0,213,36.2927939,Day,F,L,A,MYSE
151.909,8443,6/3/2015,5/30/2015,6:00:22,7,28.9,AH0,105,30.3463677,Day,F,L,A,MYSE
151.909,8443,6/3/2015,5/29/2015,6:00:24,7,32.7,AH0,211,36.2927939,Day,F,L,A,MYSE
151.909,8443,6/3/2015,5/27/2015,6:00:27,7,32.9,AH0,255,36.5104437,Day,F,L,A,MYSE
151.909,8443,6/3/2015,5/27/2015,6:00:29,7,32.8,AH0,255,36.4026816,Day,F,L,A,MYSE
151.909,8443,6/3/2015,5/27/2015,6:00:30,7,32.8,AH0,242,36.4026816,Day,F,L,A,MYSE
151.909,8443,6/3/2015,5/27/2015,6:00:32,7,32.8,AH0,255,36.4026816,Day,F,L,A,MYSE
151.909,8443,6/3/2015,5/28/2015,6:00:33,7,33.5,AH0,189,37.1134875,Day,F,L,A,MYSE
151.909,8443,6/3/2015,5/28/2015,6:00:34,7,33.5,AH0,232,37.1134875,Day,F,L,A,MYSE
151.909,8443,6/3/2015,5/26/2015,6:00:35,7,32,AH0,255,35.4624,Day,F,L,A,MYSE
151.909,8443,6/3/2015,5/28/2015,6:00:36,7,33.5,AH0,206,37.1134875,Day,F,L,A,MYSE
151.909,8443,6/3/2015,5/30/2015,6:00:36,7,29.3,AH0,104,31.1505081,Day,F,L,A,MYSE
151.909,8443,6/3/2015,5/26/2015,6:00:37,7,32,AH0,255,35.4624,Day,F,L,A,MYSE
151.909,8443,6/3/2015,5/28/2015,6:00:38,7,33.5,AH0,233,37.1134875,Day,F,L,A,MYSE
151.909,8443,6/3/2015,5/30/2015,6:00:38,7,29.4,AH0,105,31.3444472,Day,F,L,A,MYSE
151.909,8443,6/3/2015,5/26/2015,6:00:39,7,32,AH0,255,35.4624,Day,F,L,A,MYSE
151.909,8443,6/3/2015,5/29/2015,6:00:39,7,32.7,AH0,184,36.2927939,Day,F,L,A,MYSE
151.909,8443,6/3/2015,5/28/2015,6:00:40,7,33.5,AH0,255,37.1134875,Day,F,L,A,MYSE
151.909,8443,6/3/2015,5/30/2015,6:00:40,7,29.4,AH0,88,31.3444472,Day,F,L,A,MYSE
151.909,8443,6/3/2015,5/26/2015,6:00:41,7,32.1,AH0,255,35.5877213,Day,F,L,A,MYSE
151.909,8443,6/3/2015,5/29/2015,6:00:41,7,32.7,AH0,200,36.2927939,Day,F,L,A,MYSE
151.909,8443,6/3/2015,5/26/2015,6:00:42,7,32.1,AH0,255,35.5877213,Day,F,L,A,MYSE
151.909,8443,6/3/2015,5/29/2015,6:00:42,7,32.7,AH0,176,36.2927939,Day,F,L,A,MYSE
151.909,8443,6/3/2015,5/30/2015,6:00:42,7,29.4,AH0,109,31.3444472,Day,F,L,A,MYSE
151.909,8443,6/3/2015,5/29/2015,6:00:44,7,32.7,AH0,167,36.2927939,Day,F,L,A,MYSE
151.909,8443,6/3/2015,5/27/2015,6:00:47,7,32.8,AH0,215,36.4026816,Day,F,L,A,MYSE
151.909,8443,6/3/2015,5/27/2015,6:00:49,7,32.9,AH0,95,36.5104437,Day,F,L,A,MYSE
151.909,8443,6/3/2015,5/27/2015,6:00:51,7,32.9,AH0,112,36.5104437,Day,F,L,A,MYSE
151.909,8443,6/3/2015,5/27/2015,6:00:52,7,32.8,AH0,71,36.4026816,Day,F,L,A,MYSE
151.909,8443,6/3/2015,5/28/2015,6:00:52,7,33.4,AH0,255,37.0180632,Day,F,L,A,MYSE
151.909,8443,6/3/2015,5/28/2015,6:00:54,7,33.3,AH0,254,36.9206321,Day,F,L,A,MYSE
151.909,8443,6/3/2015,5/26/2015,6:00:56,7,32.1,AH0,255,35.5877213,Day,F,L,A,MYSE
151.909,8443,6/3/2015,5/28/2015,6:00:56,7,33.3,AH0,255,36.9206321,Day,F,L,A,MYSE
151.909,8443,6/3/2015,5/26/2015,6:00:57,7,32,AH0,255,35.4624,Day,F,L,A,MYSE
151.909,8443,6/3/2015,5/30/2015,6:00:57,7,29.6,AH0,142,31.7239488,Day,F,L,A,MYSE
151.909,8443,6/3/2015,5/28/2015,6:00:58,7,33.3,AH0,222,36.9206321,Day,F,L,A,MYSE
151.909,8443,6/3/2015,5/26/2015,6:00:59,7,31.9,AH0,255,35.3347947,Day,F,L,A,MYSE
151.909,8443,6/3/2015,5/29/2015,6:00:59,7,32.6,AH0,166,36.1807608,Day,F,L,A,MYSE
151.909,8443,6/3/2015,5/30/2015,6:00:59,7,29.7,AH0,109,31.9095509,Day,F,L,A,MYSE
151.909,8443,6/3/2015,5/28/2015,6:01:00,7,33.3,AH0,255,36.9206321,Day,F,L,A,MYSE
151.909,8443,6/3/2015,5/26/2015,6:01:01,7,31.9,AH0,255,35.3347947,Day,F,L,A,MYSE
151.909,8443,6/3/2015,5/29/2015,6:01:01,7,32.6,AH0,138,36.1807608,Day,F,L,A,MYSE
151.909,8443,6/3/2015,5/30/2015,6:01:01,7,29.7,AH0,105,31.9095509,Day,F,L,A,MYSE
151.909,8443,6/3/2015,5/29/2015,6:01:03,7,32.7,AH0,112,36.2927939,Day,F,L,A,MYSE
151.909,8443,6/3/2015,5/30/2015,6:01:03,7,29.6,AH0,84,31.7239488,Day,F,L,A,MYSE
151.909,8443,6/3/2015,5/29/2015,6:01:04,7,32.7,AH0,108,36.2927939,Day,F,L,A,MYSE
151.909,8443,6/3/2015,5/27/2015,6:01:07,7,32.8,AH0,107,36.4026816,Day,F,L,A,MYSE
151.909,8443,6/3/2015,5/27/2015,6:01:11,7,16.4,AH0,86,-24.5852448,Day,F,L,A,MYSE
151.909,8443,6/3/2015,5/28/2015,6:01:12,7,33.2,AH0,255,36.8211744,Day,F,L,A,MYSE
151.909,8443,6/3/2015,5/28/2015,6:01:14,7,33.2,AH0,254,36.8211744,Day,F,L,A,MYSE
151.909,8443,6/3/2015,5/26/2015,6:01:16,7,32.2,AH0,255,35.7107784,Day,F,L,A,MYSE
151.909,8443,6/3/2015,5/28/2015,6:01:16,7,33.2,AH0,255,36.8211744,Day,F,L,A,MYSE
151.909,8443,6/3/2015,5/30/2015,6:01:17,7,29.3,AH0,77,31.1505081,Day,F,L,A,MYSE
151.909,8443,6/3/2015,5/26/2015,6:01:18,7,32.3,AH0,255,35.8315911,Day,F,L,A,MYSE
151.909,8443,6/3/2015,5/28/2015,6:01:18,7,33.2,AH0,181,36.8211744,Day,F,L,A,MYSE
151.909,8443,6/3/2015,5/28/2015,6:01:19,7,33.2,AH0,255,36.8211744,Day,F,L,A,MYSE
151.909,8443,6/3/2015,5/29/2015,6:01:19,7,32.6,AH0,192,36.1807608,Day,F,L,A,MYSE
151.909,8443,6/3/2015,5/30/2015,6:01:19,7,29.3,AH0,75,31.1505081,Day,F,L,A,MYSE
151.909,8443,6/3/2015,5/26/2015,6:01:20,7,32.3,AH0,255,35.8315911,Day,F,L,A,MYSE
151.909,8443,6/3/2015,5/29/2015,6:01:21,7,32.4,AH0,58,35.9501792,Day,F,L,A,MYSE
151.909,8443,6/3/2015,5/30/2015,6:01:21,7,29.3,AH0,79,31.1505081,Day,F,L,A,MYSE
151.909,8443,6/3/2015,5/26/2015,6:01:22,7,32.3,AH0,255,35.8315911,Day,F,L,A,MYSE
151.909,8443,6/3/2015,5/29/2015,6:01:23,7,32.9,AH0,112,36.5104437,Day,F,L,A,MYSE
151.909,8443,6/3/2015,5/30/2015,6:01:23,7,29.3,AH0,74,31.1505081,Day,F,L,A,MYSE
151.909,8443,6/3/2015,5/29/2015,6:01:25,7,32.8,AH0,158,36.4026816,Day,F,L,A,MYSE
151.909,8443,6/3/2015,5/28/2015,6:01:32,7,33.3,AH0,253,36.9206321,Day,F,L,A,MYSE
151.909,8443,6/3/2015,5/28/2015,6:01:34,7,33.3,AH0,246,36.9206321,Day,F,L,A,MYSE
151.909,8443,6/3/2015,5/26/2015,6:01:35,7,32.4,AH0,255,35.9501792,Day,F,L,A,MYSE
151.909,8443,6/3/2015,5/28/2015,6:01:36,7,33.3,AH0,251,36.9206321,Day,F,L,A,MYSE
151.909,8443,6/3/2015,5/26/2015,6:01:37,7,32.4,AH0,255,35.9501792,Day,F,L,A,MYSE
151.909,8443,6/3/2015,5/28/2015,6:01:37,7,33.2,AH0,123,36.8211744,Day,F,L,A,MYSE
151.909,8443,6/3/2015,5/30/2015,6:01:37,7,29,AH0,116,30.5517,Day,F,L,A,MYSE
151.909,8443,6/3/2015,5/26/2015,6:01:38,7,32.4,AH0,255,35.9501792,Day,F,L,A,MYSE
151.909,8443,6/3/2015,5/29/2015,6:01:38,7,32.8,AH0,224,36.4026816,Day,F,L,A,MYSE
151.909,8443,6/3/2015,5/28/2015,6:01:39,7,33.3,AH0,157,36.9206321,Day,F,L,A,MYSE
151.909,8443,6/3/2015,5/29/2015,6:01:39,7,32.4,AH0,16,35.9501792,Day,F,L,A,MYSE
151.909,8443,6/3/2015,5/26/2015,6:01:40,7,32.4,AH0,255,35.9501792,Day,F,L,A,MYSE
151.909,8443,6/3/2015,5/30/2015,6:01:40,7,28.9,AH0,98,30.3463677,Day,F,L,A,MYSE
151.909,8443,6/3/2015,5/29/2015,6:01:41,7,33.1,AH0,255,36.7196703,Day,F,L,A,MYSE
151.909,8443,6/3/2015,5/26/2015,6:01:42,7,32.4,AH0,255,35.9501792,Day,F,L,A,MYSE
151.909,8443,6/3/2015,5/30/2015,6:01:42,7,28.8,AH0,115,30.1381376,Day,F,L,A,MYSE
151.909,8443,6/3/2015,5/29/2015,6:01:43,7,32.7,AH0,255,36.2927939,Day,F,L,A,MYSE
151.909,8443,6/3/2015,5/30/2015,6:01:44,7,28.7,AH0,114,29.9269899,Day,F,L,A,MYSE
151.909,8443,6/3/2015,5/29/2015,6:01:45,7,32.7,AH0,253,36.2927939,Day,F,L,A,MYSE
151.909,8443,6/3/2015,5/28/2015,6:01:52,7,33.3,AH0,103,36.9206321,Day,F,L,A,MYSE
151.909,8443,6/3/2015,5/26/2015,6:01:55,7,31.8,AH0,255,35.2048856,Day,F,L,A,MYSE
151.909,8443,6/3/2015,5/30/2015,6:01:56,7,28.2,AH0,118,28.8267944,Day,F,L,A,MYSE
151.909,8443,6/3/2015,5/26/2015,6:01:57,7,31.8,AH0,255,35.2048856,Day,F,L,A,MYSE
151.909,8443,6/3/2015,5/28/2015,6:01:57,7,11.1,AH0,71,-70.9782277,Day,F,L,A,MYSE
151.909,8443,6/3/2015,5/29/2015,6:01:58,7,32.9,AH0,204,36.5104437,Day,F,L,A,MYSE
151.909,8443,6/3/2015,5/26/2015,6:01:59,7,31.8,AH0,255,35.2048856,Day,F,L,A,MYSE
151.909,8443,6/3/2015,5/28/2015,6:01:59,7,33.4,AH0,102,37.0180632,Day,F,L,A,MYSE
151.909,8443,6/3/2015,5/30/2015,6:01:59,7,28.1,AH0,118,28.5977253,Day,F,L,A,MYSE
151.909,8443,6/3/2015,5/29/2015,6:02:00,7,32.9,AH0,176,36.5104437,Day,F,L,A,MYSE
151.909,8443,6/3/2015,5/26/2015,6:02:01,7,31.7,AH0,255,35.0726529,Day,F,L,A,MYSE
151.909,8443,6/3/2015,5/29/2015,6:02:01,7,32.9,AH0,218,36.5104437,Day,F,L,A,MYSE
151.909,8443,6/3/2015,5/30/2015,6:02:01,7,28.1,AH0,113,28.5977253,Day,F,L,A,MYSE
151.909,8443,6/3/2015,5/29/2015,6:02:03,7,32.9,AH0,137,36.5104437,Day,F,L,A,MYSE
151.909,8443,6/3/2015,5/30/2015,6:02:03,7,28,AH0,116,28.3656,Day,F,L,A,MYSE
151.909,8443,6/3/2015,5/29/2015,6:02:05,7,32.9,AH0,158,36.5104437,Day,F,L,A,MYSE
151.909,8443,6/3/2015,5/26/2015,6:02:16,7,31.6,AH0,255,34.9380768,Day,F,L,A,MYSE
151.909,8443,6/3/2015,5/26/2015,6:02:18,7,31.6,AH0,255,34.9380768,Day,F,L,A,MYSE
151.909,8443,6/3/2015,5/29/2015,6:02:18,7,33,AH0,173,36.6161,Day,F,L,A,MYSE
151.909,8443,6/3/2015,5/30/2015,6:02:18,7,27.7,AH0,113,27.6506889,Day,F,L,A,MYSE
151.909,8443,6/3/2015,5/26/2015,6:02:20,7,31.7,AH0,255,35.0726529,Day,F,L,A,MYSE
151.909,8443,6/3/2015,5/29/2015,6:02:20,7,33,AH0,181,36.6161,Day,F,L,A,MYSE
151.909,8443,6/3/2015,5/30/2015,6:02:20,7,27.7,AH0,111,27.6506889,Day,F,L,A,MYSE
151.909,8443,6/3/2015,5/29/2015,6:02:21,7,32.9,AH0,230,36.5104437,Day,F,L,A,MYSE
151.909,8443,6/3/2015,5/26/2015,6:02:22,7,31.7,AH0,255,35.0726529,Day,F,L,A,MYSE
151.909,8443,6/3/2015,5/30/2015,6:02:22,7,27.6,AH0,113,27.4061408,Day,F,L,A,MYSE
151.909,8443,6/3/2015,5/29/2015,6:02:23,7,32.9,AH0,203,36.5104437,Day,F,L,A,MYSE
151.909,8443,6/3/2015,5/29/2015,6:02:25,7,32.9,AH0,164,36.5104437,Day,F,L,A,MYSE
151.909,8443,6/3/2015,5/26/2015,6:02:35,7,31.9,AH0,255,35.3347947,Day,F,L,A,MYSE
151.909,8443,6/3/2015,5/26/2015,6:02:37,7,31.9,AH0,255,35.3347947,Day,F,L,A,MYSE
151.909,8443,6/3/2015,5/29/2015,6:02:38,7,32.7,AH0,186,36.2927939,Day,F,L,A,MYSE
151.909,8443,6/3/2015,5/30/2015,6:02:38,7,27.1,AH0,128,26.1356763,Day,F,L,A,MYSE
151.909,8443,6/3/2015,5/26/2015,6:02:39,7,32,AH0,255,35.4624,Day,F,L,A,MYSE
151.909,8443,6/3/2015,5/29/2015,6:02:40,7,32.7,AH0,217,36.2927939,Day,F,L,A,MYSE
151.909,8443,6/3/2015,5/30/2015,6:02:40,7,27.1,AH0,119,26.1356763,Day,F,L,A,MYSE
151.909,8443,6/3/2015,5/26/2015,6:02:41,7,32,AH0,255,35.4624,Day,F,L,A,MYSE
151.909,8443,6/3/2015,5/26/2015,6:02:42,7,32.1,AH0,255,35.5877213,Day,F,L,A,MYSE
151.909,8443,6/3/2015,5/29/2015,6:02:42,7,32.7,AH0,234,36.2927939,Day,F,L,A,MYSE
151.909,8443,6/3/2015,5/30/2015,6:02:42,7,26.9,AH0,102,25.6048497,Day,F,L,A,MYSE
151.909,8443,6/3/2015,5/29/2015,6:02:43,7,32.7,AH0,195,36.2927939,Day,F,L,A,MYSE
151.909,8443,6/3/2015,5/29/2015,6:02:45,7,32.7,AH0,151,36.2927939,Day,F,L,A,MYSE
151.909,8443,6/3/2015,5/26/2015,6:02:56,7,32.2,AH0,255,35.7107784,Day,F,L,A,MYSE
151.909,8443,6/3/2015,5/26/2015,6:02:57,7,32.2,AH0,255,35.7107784,Day,F,L,A,MYSE
151.909,8443,6/3/2015,5/30/2015,6:02:58,7,26.8,AH0,65,25.3345056,Day,F,L,A,MYSE
151.909,8443,6/3/2015,5/26/2015,6:02:59,7,32.3,AH0,255,35.8315911,Day,F,L,A,MYSE
151.909,8443,6/3/2015,5/30/2015,6:03:00,7,26.8,AH0,130,25.3345056,Day,F,L,A,MYSE
151.909,8443,6/3/2015,5/26/2015,6:03:01,7,32.3,AH0,255,35.8315911,Day,F,L,A,MYSE
151.909,8443,6/3/2015,5/30/2015,6:03:02,7,26.8,AH0,70,25.3345056,Day,F,L,A,MYSE
151.909,8443,6/3/2015,5/26/2015,6:03:17,7,32.3,AH0,255,35.8315911,Day,F,L,A,MYSE
151.909,8443,6/3/2015,5/30/2015,6:03:18,7,26.9,AH0,116,25.6048497,Day,F,L,A,MYSE
151.909,8443,6/3/2015,5/26/2015,6:03:19,7,32.3,AH0,255,35.8315911,Day,F,L,A,MYSE
151.909,8443,6/3/2015,5/29/2015,6:03:20,7,16.3,AH0,70,-25.3116249,Day,F,L,A,MYSE
151.909,8443,6/3/2015,5/30/2015,6:03:20,7,26.8,AH0,118,25.3345056,Day,F,L,A,MYSE
151.909,8443,6/3/2015,5/26/2015,6:03:21,7,32.3,AH0,255,35.8315911,Day,F,L,A,MYSE
151.909,8443,6/3/2015,5/30/2015,6:03:22,7,26.9,AH0,121,25.6048497,Day,F,L,A,MYSE
151.909,8443,6/3/2015,5/26/2015,6:03:23,7,32.3,AH0,255,35.8315911,Day,F,L,A,MYSE
151.909,8443,6/3/2015,5/29/2015,6:03:24,7,16.3,AH0,105,-25.3116249,Day,F,L,A,MYSE
151.909,8443,6/3/2015,5/26/2015,6:03:36,7,32.4,AH0,255,35.9501792,Day,F,L,A,MYSE
151.909,8443,6/3/2015,5/26/2015,6:03:37,7,32.4,AH0,255,35.9501792,Day,F,L,A,MYSE
151.909,8443,6/3/2015,5/30/2015,6:03:38,7,26.8,AH0,131,25.3345056,Day,F,L,A,MYSE
151.909,8443,6/3/2015,5/26/2015,6:03:39,7,32.4,AH0,255,35.9501792,Day,F,L,A,MYSE
151.909,8443,6/3/2015,5/29/2015,6:03:39,7,32.7,AH0,183,36.2927939,Day,F,L,A,MYSE
151.909,8443,6/3/2015,5/29/2015,6:03:40,7,32.7,AH0,216,36.2927939,Day,F,L,A,MYSE
151.909,8443,6/3/2015,5/30/2015,6:03:40,7,26.8,AH0,137,25.3345056,Day,F,L,A,MYSE
151.909,8443,6/3/2015,5/26/2015,6:03:41,7,32.4,AH0,255,35.9501792,Day,F,L,A,MYSE
151.909,8443,6/3/2015,5/29/2015,6:03:42,7,32.6,AH0,162,36.1807608,Day,F,L,A,MYSE
151.909,8443,6/3/2015,5/30/2015,6:03:42,7,26.8,AH0,127,25.3345056,Day,F,L,A,MYSE
151.909,8443,6/3/2015,5/26/2015,6:03:43,7,32.4,AH0,255,35.9501792,Day,F,L,A,MYSE
151.909,8443,6/3/2015,5/29/2015,6:03:44,7,32.7,AH0,208,36.2927939,Day,F,L,A,MYSE
151.909,8443,6/3/2015,5/26/2015,6:03:56,7,32.4,AH0,255,35.9501792,Day,F,L,A,MYSE
151.909,8443,6/3/2015,5/26/2015,6:03:58,7,32.4,AH0,255,35.9501792,Day,F,L,A,MYSE
151.909,8443,6/3/2015,5/30/2015,6:03:58,7,27.2,AH0,97,26.3961984,Day,F,L,A,MYSE
151.909,8443,6/3/2015,5/29/2015,6:03:59,7,32.7,AH0,72,36.2927939,Day,F,L,A,MYSE
151.909,8443,6/3/2015,5/26/2015,6:04:00,7,32.4,AH0,255,35.9501792,Day,F,L,A,MYSE
151.909,8443,6/3/2015,5/30/2015,6:04:00,7,27.3,AH0,95,26.6534861,Day,F,L,A,MYSE
151.909,8443,6/3/2015,5/26/2015,6:04:01,7,32.4,AH0,255,35.9501792,Day,F,L,A,MYSE
151.909,8443,6/3/2015,5/29/2015,6:04:01,7,32.7,AH0,238,36.2927939,Day,F,L,A,MYSE
151.909,8443,6/3/2015,5/29/2015,6:04:02,7,32.6,AH0,66,36.1807608,Day,F,L,A,MYSE
151.909,8443,6/3/2015,5/30/2015,6:04:02,7,27.4,AH0,189,26.9075592,Day,F,L,A,MYSE
151.909,8443,6/3/2015,5/26/2015,6:04:03,7,32.4,AH0,255,35.9501792,Day,F,L,A,MYSE
151.909,8443,6/3/2015,5/29/2015,6:04:04,7,32.9,AH0,208,36.5104437,Day,F,L,A,MYSE
151.909,8443,6/3/2015,5/26/2015,6:04:16,7,32.5,AH0,255,36.0665625,Day,F,L,A,MYSE
151.909,8443,6/3/2015,5/26/2015,6:04:18,7,32.5,AH0,255,36.0665625,Day,F,L,A,MYSE
151.909,8443,6/3/2015,5/30/2015,6:04:18,7,27.2,AH0,176,26.3961984,Day,F,L,A,MYSE
151.909,8443,6/3/2015,5/29/2015,6:04:19,7,32.7,AH0,74,36.2927939,Day,F,L,A,MYSE
151.909,8443,6/3/2015,5/26/2015,6:04:20,7,32.5,AH0,255,36.0665625,Day,F,L,A,MYSE
151.909,8443,6/3/2015,5/30/2015,6:04:20,7,27.2,AH0,182,26.3961984,Day,F,L,A,MYSE
151.909,8443,6/3/2015,5/26/2015,6:04:22,7,32.5,AH0,255,36.0665625,Day,F,L,A,MYSE
151.909,8443,6/3/2015,5/30/2015,6:04:22,7,27.2,AH0,181,26.3961984,Day,F,L,A,MYSE
151.909,8443,6/3/2015,5/29/2015,6:04:23,7,16.3,AH0,91,-25.3116249,Day,F,L,A,MYSE
151.909,8443,6/3/2015,5/29/2015,6:04:24,7,32.7,AH0,97,36.2927939,Day,F,L,A,MYSE
151.909,8443,6/3/2015,5/26/2015,6:04:37,7,32.5,AH0,255,36.0665625,Day,F,L,A,MYSE
151.909,8443,6/3/2015,5/26/2015,6:04:38,7,32.6,AH0,255,36.1807608,Day,F,L,A,MYSE
151.909,8443,6/3/2015,5/30/2015,6:04:38,7,27.1,AH0,181,26.1356763,Day,F,L,A,MYSE
151.909,8443,6/3/2015,5/26/2015,6:04:40,7,32.6,AH0,255,36.1807608,Day,F,L,A,MYSE
151.909,8443,6/3/2015,5/30/2015,6:04:40,7,27.1,AH0,183,26.1356763,Day,F,L,A,MYSE
151.909,8443,6/3/2015,5/26/2015,6:04:42,7,32.6,AH0,255,36.1807608,Day,F,L,A,MYSE
151.909,8443,6/3/2015,5/30/2015,6:04:42,7,27.1,AH0,189,26.1356763,Day,F,L,A,MYSE
151.909,8443,6/3/2015,5/28/2015,6:04:53,7,33.5,AH0,255,37.1134875,Day,F,L,A,MYSE
151.909,8443,6/3/2015,5/28/2015,6:04:55,7,33.5,AH0,255,37.1134875,Day,F,L,A,MYSE
151.909,8443,6/3/2015,5/26/2015,6:04:57,7,32.6,AH0,255,36.1807608,Day,F,L,A,MYSE
151.909,8443,6/3/2015,5/28/2015,6:04:57,7,33.5,AH0,255,37.1134875,Day,F,L,A,MYSE
151.909,8443,6/3/2015,5/30/2015,6:04:58,7,27,AH0,183,25.8719,Day,F,L,A,MYSE
151.909,8443,6/3/2015,5/26/2015,6:04:59,7,32.6,AH0,255,36.1807608,Day,F,L,A,MYSE
151.909,8443,6/3/2015,5/28/2015,6:04:59,7,33.6,AH0,252,37.2069248,Day,F,L,A,MYSE
151.909,8443,6/3/2015,5/26/2015,6:05:00,7,32.6,AH0,255,36.1807608,Day,F,L,A,MYSE
151.909,8443,6/3/2015,5/30/2015,6:05:00,7,26.9,AH0,185,25.6048497,Day,F,L,A,MYSE
151.909,8443,6/3/2015,5/26/2015,6:05:02,7,32.7,AH0,255,36.2927939,Day,F,L,A,MYSE
151.909,8443,6/3/2015,5/30/2015,6:05:02,7,26.9,AH0,195,25.6048497,Day,F,L,A,MYSE
151.909,8443,6/3/2015,5/29/2015,6:05:05,7,10.9,AH0,73,-73.0636143,Day,F,L,A,MYSE
151.909,8443,6/3/2015,5/28/2015,6:05:13,7,33.3,AH0,255,36.9206321,Day,F,L,A,MYSE
151.909,8443,6/3/2015,5/28/2015,6:05:15,7,33.3,AH0,255,36.9206321,Day,F,L,A,MYSE
151.909,8443,6/3/2015,5/26/2015,6:05:17,7,32.7,AH0,255,36.2927939,Day,F,L,A,MYSE
151.909,8443,6/3/2015,5/28/2015,6:05:17,7,33.2,AH0,255,36.8211744,Day,F,L,A,MYSE
151.909,8443,6/3/2015,5/30/2015,6:05:18,7,26.7,AH0,184,25.0608479,Day,F,L,A,MYSE
151.909,8443,6/3/2015,5/26/2015,6:05:19,7,32.7,AH0,255,36.2927939,Day,F,L,A,MYSE
151.909,8443,6/3/2015,5/28/2015,6:05:19,7,33.1,AH0,255,36.7196703,Day,F,L,A,MYSE
151.909,8443,6/3/2015,5/30/2015,6:05:20,7,26.7,AH0,184,25.0608479,Day,F,L,A,MYSE
151.909,8443,6/3/2015,5/26/2015,6:05:21,7,32.7,AH0,255,36.2927939,Day,F,L,A,MYSE
151.909,8443,6/3/2015,5/30/2015,6:05:22,7,26.7,AH0,186,25.0608479,Day,F,L,A,MYSE
151.909,8443,6/3/2015,5/26/2015,6:05:23,7,32.7,AH0,255,36.2927939,Day,F,L,A,MYSE
151.909,8443,6/3/2015,5/28/2015,6:05:33,7,33.2,AH0,255,36.8211744,Day,F,L,A,MYSE
151.909,8443,6/3/2015,5/26/2015,6:05:35,7,32.6,AH0,255,36.1807608,Day,F,L,A,MYSE
151.909,8443,6/3/2015,5/28/2015,6:05:35,7,33.3,AH0,255,36.9206321,Day,F,L,A,MYSE
151.909,8443,6/3/2015,5/26/2015,6:05:37,7,32.6,AH0,255,36.1807608,Day,F,L,A,MYSE
151.909,8443,6/3/2015,5/28/2015,6:05:37,7,33.3,AH0,255,36.9206321,Day,F,L,A,MYSE
151.909,8443,6/3/2015,5/28/2015,6:05:38,7,33.3,AH0,225,36.9206321,Day,F,L,A,MYSE
151.909,8443,6/3/2015,5/30/2015,6:05:38,7,26.4,AH0,185,24.2197952,Day,F,L,A,MYSE
151.909,8443,6/3/2015,5/26/2015,6:05:39,7,32.6,AH0,255,36.1807608,Day,F,L,A,MYSE
151.909,8443,6/3/2015,5/26/2015,6:05:41,7,32.6,AH0,255,36.1807608,Day,F,L,A,MYSE
151.909,8443,6/3/2015,5/30/2015,6:05:41,7,26.4,AH0,180,24.2197952,Day,F,L,A,MYSE
151.909,8443,6/3/2015,5/26/2015,6:05:43,7,32.6,AH0,255,36.1807608,Day,F,L,A,MYSE
151.909,8443,6/3/2015,5/30/2015,6:05:43,7,26.4,AH0,183,24.2197952,Day,F,L,A,MYSE
151.909,8443,6/3/2015,5/28/2015,6:05:53,7,33.3,AH0,232,36.9206321,Day,F,L,A,MYSE
151.909,8443,6/3/2015,5/28/2015,6:05:55,7,33.3,AH0,252,36.9206321,Day,F,L,A,MYSE
151.909,8443,6/3/2015,5/26/2015,6:05:56,7,32.5,AH0,255,36.0665625,Day,F,L,A,MYSE
151.909,8443,6/3/2015,5/28/2015,6:05:56,7,33.3,AH0,255,36.9206321,Day,F,L,A,MYSE
151.909,8443,6/3/2015,5/30/2015,6:05:56,7,26.4,AH0,168,24.2197952,Day,F,L,A,MYSE
151.909,8443,6/3/2015,5/26/2015,6:05:57,7,32.5,AH0,255,36.0665625,Day,F,L,A,MYSE
151.909,8443,6/3/2015,5/28/2015,6:05:58,7,33.3,AH0,152,36.9206321,Day,F,L,A,MYSE
151.909,8443,6/3/2015,5/26/2015,6:05:59,7,32.5,AH0,255,36.0665625,Day,F,L,A,MYSE
151.909,8443,6/3/2015,5/30/2015,6:05:59,7,26.4,AH0,182,24.2197952,Day,F,L,A,MYSE
151.909,8443,6/3/2015,5/26/2015,6:06:01,7,32.5,AH0,255,36.0665625,Day,F,L,A,MYSE
151.909,8443,6/3/2015,5/30/2015,6:06:01,7,26.5,AH0,133,24.5035125,Day,F,L,A,MYSE
151.909,8443,6/3/2015,5/26/2015,6:06:03,7,32.5,AH0,255,36.0665625,Day,F,L,A,MYSE
151.909,8443,6/3/2015,5/29/2015,6:06:03,7,16.5,AH0,65,-23.8642375,Day,F,L,A,MYSE
151.909,8443,6/3/2015,5/30/2015,6:06:03,7,26.5,AH0,157,24.5035125,Day,F,L,A,MYSE
151.909,8443,6/3/2015,5/28/2015,6:06:13,7,33.1,AH0,228,36.7196703,Day,F,L,A,MYSE
151.909,8443,6/3/2015,5/28/2015,6:06:15,7,33.1,AH0,222,36.7196703,Day,F,L,A,MYSE
151.909,8443,6/3/2015,5/26/2015,6:06:16,7,32.5,AH0,255,36.0665625,Day,F,L,A,MYSE
151.909,8443,6/3/2015,5/28/2015,6:06:16,7,33.1,AH0,140,36.7196703,Day,F,L,A,MYSE
151.909,8443,6/3/2015,5/30/2015,6:06:17,7,27,AH0,222,25.8719,Day,F,L,A,MYSE
151.909,8443,6/3/2015,5/26/2015,6:06:18,7,32.5,AH0,255,36.0665625,Day,F,L,A,MYSE
151.909,8443,6/3/2015,5/28/2015,6:06:18,7,33.1,AH0,133,36.7196703,Day,F,L,A,MYSE
151.909,8443,6/3/2015,5/30/2015,6:06:19,7,27.1,AH0,155,26.1356763,Day,F,L,A,MYSE
151.909,8443,6/3/2015,5/26/2015,6:06:20,7,32.5,AH0,255,36.0665625,Day,F,L,A,MYSE
151.909,8443,6/3/2015,5/26/2015,6:06:21,7,32.5,AH0,255,36.0665625,Day,F,L,A,MYSE
151.909,8443,6/3/2015,5/30/2015,6:06:21,7,27.2,AH0,101,26.3961984,Day,F,L,A,MYSE
151.909,8443,6/3/2015,5/26/2015,6:06:23,7,32.5,AH0,255,36.0665625,Day,F,L,A,MYSE
151.909,8443,6/3/2015,5/30/2015,6:06:23,7,27.2,AH0,230,26.3961984,Day,F,L,A,MYSE
151.909,8443,6/3/2015,5/28/2015,6:06:33,7,33.2,AH0,181,36.8211744,Day,F,L,A,MYSE
151.909,8443,6/3/2015,5/28/2015,6:06:34,7,33.2,AH0,138,36.8211744,Day,F,L,A,MYSE
151.909,8443,6/3/2015,5/26/2015,6:06:36,7,32.5,AH0,255,36.0665625,Day,F,L,A,MYSE
151.909,8443,6/3/2015,5/28/2015,6:06:36,7,33.3,AH0,107,36.9206321,Day,F,L,A,MYSE
151.909,8443,6/3/2015,5/30/2015,6:06:36,7,27.8,AH0,207,27.8921016,Day,F,L,A,MYSE
151.909,8443,6/3/2015,5/26/2015,6:06:38,7,32.5,AH0,255,36.0665625,Day,F,L,A,MYSE
151.909,8443,6/3/2015,5/28/2015,6:06:38,7,33.3,AH0,126,36.9206321,Day,F,L,A,MYSE
151.909,8443,6/3/2015,5/30/2015,6:06:39,7,27.9,AH0,210,28.1303987,Day,F,L,A,MYSE
151.909,8443,6/3/2015,5/26/2015,6:06:40,7,32.5,AH0,255,36.0665625,Day,F,L,A,MYSE
151.909,8443,6/3/2015,5/28/2015,6:06:40,7,33.3,AH0,209,36.9206321,Day,F,L,A,MYSE
151.909,8443,6/3/2015,5/29/2015,6:06:41,7,16.6,AH0,79,-23.1485832,Day,F,L,A,MYSE
151.909,8443,6/3/2015,5/30/2015,6:06:41,7,27.9,AH0,224,28.1303987,Day,F,L,A,MYSE
151.909,8443,6/3/2015,5/26/2015,6:06:42,7,32.5,AH0,255,36.0665625,Day,F,L,A,MYSE
151.909,8443,6/3/2015,5/29/2015,6:06:43,7,33.1,AH0,127,36.7196703,Day,F,L,A,MYSE
151.909,8443,6/3/2015,5/30/2015,6:06:43,7,28,AH0,230,28.3656,Day,F,L,A,MYSE
151.909,8443,6/3/2015,5/28/2015,6:06:53,7,33.2,AH0,126,36.8211744,Day,F,L,A,MYSE
151.909,8443,6/3/2015,5/28/2015,6:06:54,7,33.1,AH0,177,36.7196703,Day,F,L,A,MYSE
151.909,8443,6/3/2015,5/28/2015,6:06:56,7,33.1,AH0,103,36.7196703,Day,F,L,A,MYSE
151.909,8443,6/3/2015,5/26/2015,6:06:57,7,32.4,AH0,255,35.9501792,Day,F,L,A,MYSE
151.909,8443,6/3/2015,5/26/2015,6:06:58,7,32.4,AH0,255,35.9501792,Day,F,L,A,MYSE
151.909,8443,6/3/2015,5/28/2015,6:06:58,7,33.1,AH0,122,36.7196703,Day,F,L,A,MYSE
151.909,8443,6/3/2015,5/30/2015,6:06:58,7,28.4,AH0,254,29.2758432,Day,F,L,A,MYSE
151.909,8443,6/3/2015,5/26/2015,6:07:00,7,32.4,AH0,255,35.9501792,Day,F,L,A,MYSE
151.909,8443,6/3/2015,5/28/2015,6:07:00,7,33.1,AH0,151,36.7196703,Day,F,L,A,MYSE
151.909,8443,6/3/2015,5/30/2015,6:07:00,7,28.5,AH0,215,29.4958625,Day,F,L,A,MYSE
151.909,8443,6/3/2015,5/26/2015,6:07:02,7,32.4,AH0,255,35.9501792,Day,F,L,A,MYSE
151.909,8443,6/3/2015,5/30/2015,6:07:02,7,28.6,AH0,232,29.7129048,Day,F,L,A,MYSE
151.909,8443,6/3/2015,5/28/2015,6:07:14,7,16.4,AH0,100,-24.5852448,Day,F,L,A,MYSE
151.909,8443,6/3/2015,5/28/2015,6:07:16,7,32.8,AH0,143,36.4026816,Day,F,L,A,MYSE
151.909,8443,6/3/2015,5/26/2015,6:07:17,7,32.3,AH0,255,35.8315911,Day,F,L,A,MYSE
151.909,8443,6/3/2015,5/30/2015,6:07:17,7,29,AH0,107,30.5517,Day,F,L,A,MYSE
151.909,8443,6/3/2015,5/28/2015,6:07:18,7,32.8,AH0,117,36.4026816,Day,F,L,A,MYSE
151.909,8443,6/3/2015,5/29/2015,6:07:18,7,32.7,AH0,66,36.2927939,Day,F,L,A,MYSE
151.909,8443,6/3/2015,5/26/2015,6:07:19,7,32.3,AH0,255,35.8315911,Day,F,L,A,MYSE
151.909,8443,6/3/2015,5/30/2015,6:07:19,7,29.1,AH0,205,30.7541543,Day,F,L,A,MYSE
151.909,8443,6/3/2015,5/28/2015,6:07:20,7,32.8,AH0,170,36.4026816,Day,F,L,A,MYSE
151.909,8443,6/3/2015,5/29/2015,6:07:20,7,32.8,AH0,78,36.4026816,Day,F,L,A,MYSE
151.909,8443,6/3/2015,5/26/2015,6:07:21,7,32.3,AH0,255,35.8315911,Day,F,L,A,MYSE
151.909,8443,6/3/2015,5/26/2015,6:07:23,7,32.3,AH0,255,35.8315911,Day,F,L,A,MYSE
151.909,8443,6/3/2015,5/29/2015,6:07:23,7,16.3,AH0,61,-25.3116249,Day,F,L,A,MYSE
151.909,8443,6/3/2015,5/30/2015,6:07:23,7,14.6,AH0,159,-38.5013112,Day,F,L,A,MYSE
151.909,8443,6/3/2015,5/28/2015,6:07:34,7,32.7,AH0,90,36.2927939,Day,F,L,A,MYSE
151.909,8443,6/3/2015,5/26/2015,6:07:36,7,32.3,AH0,255,35.8315911,Day,F,L,A,MYSE
151.909,8443,6/3/2015,5/28/2015,6:07:36,7,32.8,AH0,88,36.4026816,Day,F,L,A,MYSE
151.909,8443,6/3/2015,5/26/2015,6:07:37,7,32.3,AH0,255,35.8315911,Day,F,L,A,MYSE
151.909,8443,6/3/2015,5/30/2015,6:07:37,7,29.4,AH0,84,31.3444472,Day,F,L,A,MYSE
151.909,8443,6/3/2015,5/28/2015,6:07:38,7,32.8,AH0,194,36.4026816,Day,F,L,A,MYSE
151.909,8443,6/3/2015,5/29/2015,6:07:38,7,32.4,AH0,102,35.9501792,Day,F,L,A,MYSE
151.909,8443,6/3/2015,5/26/2015,6:07:39,7,32.3,AH0,255,35.8315911,Day,F,L,A,MYSE
151.909,8443,6/3/2015,5/30/2015,6:07:39,7,29.5,AH0,178,31.5355875,Day,F,L,A,MYSE
151.909,8443,6/3/2015,5/29/2015,6:07:40,7,32.4,AH0,74,35.9501792,Day,F,L,A,MYSE
151.909,8443,6/3/2015,5/26/2015,6:07:41,7,32.3,AH0,255,35.8315911,Day,F,L,A,MYSE
151.909,8443,6/3/2015,5/30/2015,6:07:41,7,29.6,AH0,159,31.7239488,Day,F,L,A,MYSE
151.909,8443,6/3/2015,5/29/2015,6:07:42,7,32.4,AH0,87,35.9501792,Day,F,L,A,MYSE
151.909,8443,6/3/2015,5/26/2015,6:07:43,7,32.3,AH0,255,35.8315911,Day,F,L,A,MYSE
151.909,8443,6/3/2015,5/30/2015,6:07:43,7,29.6,AH0,86,31.7239488,Day,F,L,A,MYSE
151.909,8443,6/3/2015,5/29/2015,6:07:44,7,32.2,AH0,57,35.7107784,Day,F,L,A,MYSE
151.909,8443,6/3/2015,5/28/2015,6:07:53,7,33,AH0,94,36.6161,Day,F,L,A,MYSE
151.909,8443,6/3/2015,5/28/2015,6:07:55,7,33,AH0,131,36.6161,Day,F,L,A,MYSE
151.909,8443,6/3/2015,5/26/2015,6:07:56,7,32.3,AH0,255,35.8315911,Day,F,L,A,MYSE
151.909,8443,6/3/2015,5/28/2015,6:07:56,7,33,AH0,129,36.6161,Day,F,L,A,MYSE
151.909,8443,6/3/2015,5/30/2015,6:07:57,7,29.7,AH0,117,31.9095509,Day,F,L,A,MYSE
151.909,8443,6/3/2015,5/26/2015,6:07:58,7,32.3,AH0,255,35.8315911,Day,F,L,A,MYSE
151.909,8443,6/3/2015,5/28/2015,6:07:58,7,32.8,AH0,126,36.4026816,Day,F,L,A,MYSE
151.909,8443,6/3/2015,5/29/2015,6:07:59,7,32.6,AH0,254,36.1807608,Day,F,L,A,MYSE
151.909,8443,6/3/2015,5/30/2015,6:07:59,7,29.7,AH0,88,31.9095509,Day,F,L,A,MYSE
151.909,8443,6/3/2015,5/26/2015,6:08:00,7,32.3,AH0,255,35.8315911,Day,F,L,A,MYSE
151.909,8443,6/3/2015,5/29/2015,6:08:00,7,32.5,AH0,253,36.0665625,Day,F,L,A,MYSE
151.909,8443,6/3/2015,5/30/2015,6:08:01,7,29.7,AH0,180,31.9095509,Day,F,L,A,MYSE
151.909,8443,6/3/2015,5/26/2015,6:08:02,7,32.3,AH0,255,35.8315911,Day,F,L,A,MYSE
151.909,8443,6/3/2015,5/29/2015,6:08:02,7,32.5,AH0,247,36.0665625,Day,F,L,A,MYSE
151.909,8443,6/3/2015,5/30/2015,6:08:03,7,29.7,AH0,54,31.9095509,Day,F,L,A,MYSE
151.909,8443,6/3/2015,5/29/2015,6:08:04,7,32.5,AH0,255,36.0665625,Day,F,L,A,MYSE
151.909,8443,6/3/2015,5/28/2015,6:08:13,7,32.8,AH0,144,36.4026816,Day,F,L,A,MYSE
151.909,8443,6/3/2015,5/28/2015,6:08:15,7,32.6,AH0,146,36.1807608,Day,F,L,A,MYSE
151.909,8443,6/3/2015,5/26/2015,6:08:16,7,32.3,AH0,255,35.8315911,Day,F,L,A,MYSE
151.909,8443,6/3/2015,5/28/2015,6:08:17,7,32.6,AH0,146,36.1807608,Day,F,L,A,MYSE
151.909,8443,6/3/2015,5/30/2015,6:08:17,7,29.8,AH0,146,32.0924136,Day,F,L,A,MYSE
151.909,8443,6/3/2015,5/26/2015,6:08:18,7,32.3,AH0,255,35.8315911,Day,F,L,A,MYSE
151.909,8443,6/3/2015,5/28/2015,6:08:18,7,32.5,AH0,148,36.0665625,Day,F,L,A,MYSE
151.909,8443,6/3/2015,5/29/2015,6:08:19,7,32.5,AH0,162,36.0665625,Day,F,L,A,MYSE
151.909,8443,6/3/2015,5/26/2015,6:08:20,7,32.3,AH0,255,35.8315911,Day,F,L,A,MYSE
151.909,8443,6/3/2015,5/30/2015,6:08:20,7,29.9,AH0,69,32.2725567,Day,F,L,A,MYSE
151.909,8443,6/3/2015,5/29/2015,6:08:21,7,32.5,AH0,167,36.0665625,Day,F,L,A,MYSE
151.909,8443,6/3/2015,5/26/2015,6:08:22,7,32.3,AH0,255,35.8315911,Day,F,L,A,MYSE
151.909,8443,6/3/2015,5/30/2015,6:08:22,7,29.9,AH0,161,32.2725567,Day,F,L,A,MYSE
151.909,8443,6/3/2015,5/29/2015,6:08:23,7,32.5,AH0,193,36.0665625,Day,F,L,A,MYSE
151.909,8443,6/3/2015,5/29/2015,6:08:24,7,32.4,AH0,227,35.9501792,Day,F,L,A,MYSE
151.909,8443,6/3/2015,5/30/2015,6:08:24,7,30,AH0,122,32.45,Day,F,L,A,MYSE
151.909,8443,6/3/2015,5/28/2015,6:08:33,7,32.1,AH0,154,35.5877213,Day,F,L,A,MYSE
151.909,8443,6/3/2015,5/28/2015,6:08:35,7,32.1,AH0,155,35.5877213,Day,F,L,A,MYSE
151.909,8443,6/3/2015,5/26/2015,6:08:37,7,32.3,AH0,255,35.8315911,Day,F,L,A,MYSE
151.909,8443,6/3/2015,5/28/2015,6:08:37,7,32,AH0,153,35.4624,Day,F,L,A,MYSE
151.909,8443,6/3/2015,5/29/2015,6:08:37,7,32.5,AH0,139,36.0665625,Day,F,L,A,MYSE
151.909,8443,6/3/2015,5/30/2015,6:08:38,7,30,AH0,130,32.45,Day,F,L,A,MYSE
151.909,8443,6/3/2015,5/26/2015,6:08:39,7,32.3,AH0,255,35.8315911,Day,F,L,A,MYSE
151.909,8443,6/3/2015,5/28/2015,6:08:39,7,31.9,AH0,153,35.3347947,Day,F,L,A,MYSE
151.909,8443,6/3/2015,5/29/2015,6:08:39,7,32.5,AH0,91,36.0665625,Day,F,L,A,MYSE
151.909,8443,6/3/2015,5/30/2015,6:08:40,7,30.1,AH0,130,32.6247633,Day,F,L,A,MYSE
151.909,8443,6/3/2015,5/26/2015,6:08:41,7,32.3,AH0,255,35.8315911,Day,F,L,A,MYSE
151.909,8443,6/3/2015,5/29/2015,6:08:41,7,32.5,AH0,197,36.0665625,Day,F,L,A,MYSE
151.909,8443,6/3/2015,5/26/2015,6:08:42,7,32.3,AH0,255,35.8315911,Day,F,L,A,MYSE
151.909,8443,6/3/2015,5/30/2015,6:08:42,7,30,AH0,134,32.45,Day,F,L,A,MYSE
151.909,8443,6/3/2015,5/29/2015,6:08:43,7,32.5,AH0,109,36.0665625,Day,F,L,A,MYSE
151.909,8443,6/3/2015,5/30/2015,6:08:44,7,30,AH0,137,32.45,Day,F,L,A,MYSE
151.909,8443,6/3/2015,5/28/2015,6:08:52,7,32.3,AH0,141,35.8315911,Day,F,L,A,MYSE
151.909,8443,6/3/2015,5/28/2015,6:08:54,7,32.4,AH0,129,35.9501792,Day,F,L,A,MYSE
151.909,8443,6/3/2015,5/26/2015,6:08:55,7,32.3,AH0,255,35.8315911,Day,F,L,A,MYSE
151.909,8443,6/3/2015,5/28/2015,6:08:56,7,32.5,AH0,111,36.0665625,Day,F,L,A,MYSE
151.909,8443,6/3/2015,5/26/2015,6:08:57,7,32.3,AH0,255,35.8315911,Day,F,L,A,MYSE
151.909,8443,6/3/2015,5/28/2015,6:08:58,7,32.5,AH0,101,36.0665625,Day,F,L,A,MYSE
151.909,8443,6/3/2015,5/30/2015,6:08:58,7,29.7,AH0,117,31.9095509,Day,F,L,A,MYSE
151.909,8443,6/3/2015,5/26/2015,6:08:59,7,32.3,AH0,255,35.8315911,Day,F,L,A,MYSE
151.909,8443,6/3/2015,5/28/2015,6:08:59,7,32.6,AH0,106,36.1807608,Day,F,L,A,MYSE
151.909,8443,6/3/2015,5/29/2015,6:09:00,7,32.7,AH0,230,36.2927939,Day,F,L,A,MYSE
151.909,8443,6/3/2015,5/30/2015,6:09:00,7,29.7,AH0,142,31.9095509,Day,F,L,A,MYSE
151.909,8443,6/3/2015,5/26/2015,6:09:01,7,32.3,AH0,255,35.8315911,Day,F,L,A,MYSE
151.909,8443,6/3/2015,5/29/2015,6:09:01,7,32.4,AH0,215,35.9501792,Day,F,L,A,MYSE
151.909,8443,6/3/2015,5/30/2015,6:09:02,7,29.6,AH0,152,31.7239488,Day,F,L,A,MYSE
151.909,8443,6/3/2015,5/26/2015,6:09:03,7,32.3,AH0,255,35.8315911,Day,F,L,A,MYSE
151.909,8443,6/3/2015,5/29/2015,6:09:03,7,32.4,AH0,169,35.9501792,Day,F,L,A,MYSE
151.909,8443,6/3/2015,5/29/2015,6:09:05,7,32.4,AH0,156,35.9501792,Day,F,L,A,MYSE
151.909,8443,6/3/2015,5/26/2015,6:09:16,7,32.3,AH0,255,35.8315911,Day,F,L,A,MYSE
151.909,8443,6/3/2015,5/30/2015,6:09:16,7,29.2,AH0,136,30.9537504,Day,F,L,A,MYSE
151.909,8443,6/3/2015,5/26/2015,6:09:18,7,32.4,AH0,255,35.9501792,Day,F,L,A,MYSE
151.909,8443,6/3/2015,5/29/2015,6:09:18,7,32.4,AH0,192,35.9501792,Day,F,L,A,MYSE
151.909,8443,6/3/2015,5/30/2015,6:09:18,7,29.2,AH0,172,30.9537504,Day,F,L,A,MYSE
151.909,8443,6/3/2015,5/26/2015,6:09:20,7,32.3,AH0,255,35.8315911,Day,F,L,A,MYSE
151.909,8443,6/3/2015,5/29/2015,6:09:20,7,32.4,AH0,223,35.9501792,Day,F,L,A,MYSE
151.909,8443,6/3/2015,5/30/2015,6:09:20,7,29.5,AH0,163,31.5355875,Day,F,L,A,MYSE
151.909,8443,6/3/2015,5/26/2015,6:09:21,7,32.4,AH0,255,35.9501792,Day,F,L,A,MYSE
151.909,8443,6/3/2015,5/29/2015,6:09:22,7,32.4,AH0,99,35.9501792,Day,F,L,A,MYSE
151.909,8443,6/3/2015,5/30/2015,6:09:22,7,29.4,AH0,151,31.3444472,Day,F,L,A,MYSE
151.909,8443,6/3/2015,5/26/2015,6:09:23,7,32.4,AH0,255,35.9501792,Day,F,L,A,MYSE
151.909,8443,6/3/2015,5/29/2015,6:09:24,7,32.5,AH0,195,36.0665625,Day,F,L,A,MYSE
151.909,8443,6/3/2015,5/26/2015,6:09:36,7,32.3,AH0,255,35.8315911,Day,F,L,A,MYSE
151.909,8443,6/3/2015,5/30/2015,6:09:36,7,29.4,AH0,152,31.3444472,Day,F,L,A,MYSE
151.909,8443,6/3/2015,5/26/2015,6:09:38,7,32.3,AH0,255,35.8315911,Day,F,L,A,MYSE
151.909,8443,6/3/2015,5/29/2015,6:09:38,7,32.5,AH0,187,36.0665625,Day,F,L,A,MYSE
151.909,8443,6/3/2015,5/30/2015,6:09:38,7,29.5,AH0,136,31.5355875,Day,F,L,A,MYSE
151.909,8443,6/3/2015,5/26/2015,6:09:40,7,32.3,AH0,255,35.8315911,Day,F,L,A,MYSE
151.909,8443,6/3/2015,5/29/2015,6:09:40,7,32.5,AH0,177,36.0665625,Day,F,L,A,MYSE
151.909,8443,6/3/2015,5/30/2015,6:09:41,7,29.5,AH0,141,31.5355875,Day,F,L,A,MYSE
151.909,8443,6/3/2015,5/26/2015,6:09:42,7,32.3,AH0,255,35.8315911,Day,F,L,A,MYSE
151.909,8443,6/3/2015,5/29/2015,6:09:42,7,32.5,AH0,239,36.0665625,Day,F,L,A,MYSE
151.909,8443,6/3/2015,5/30/2015,6:09:43,7,29.4,AH0,138,31.3444472,Day,F,L,A,MYSE
151.909,8443,6/3/2015,5/29/2015,6:09:44,7,32.5,AH0,210,36.0665625,Day,F,L,A,MYSE
151.909,8443,6/3/2015,5/26/2015,6:09:57,7,32.3,AH0,255,35.8315911,Day,F,L,A,MYSE
151.909,8443,6/3/2015,5/30/2015,6:09:57,7,29.1,AH0,138,30.7541543,Day,F,L,A,MYSE
151.909,8443,6/3/2015,5/26/2015,6:09:59,7,32.3,AH0,255,35.8315911,Day,F,L,A,MYSE
151.909,8443,6/3/2015,5/29/2015,6:09:59,7,32.6,AH0,255,36.1807608,Day,F,L,A,MYSE
151.909,8443,6/3/2015,5/30/2015,6:09:59,7,29.1,AH0,143,30.7541543,Day,F,L,A,MYSE
151.909,8443,6/3/2015,5/26/2015,6:10:00,7,32.3,AH0,255,35.8315911,Day,F,L,A,MYSE
151.909,8443,6/3/2015,5/29/2015,6:10:00,7,32.7,AH0,247,36.2927939,Day,F,L,A,MYSE
151.909,8443,6/3/2015,5/30/2015,6:10:01,7,29.1,AH0,143,30.7541543,Day,F,L,A,MYSE
151.909,8443,6/3/2015,5/26/2015,6:10:02,7,32.3,AH0,255,35.8315911,Day,F,L,A,MYSE
151.909,8443,6/3/2015,5/29/2015,6:10:02,7,32.6,AH0,255,36.1807608,Day,F,L,A,MYSE
151.909,8443,6/3/2015,5/30/2015,6:10:03,7,29.2,AH0,143,30.9537504,Day,F,L,A,MYSE
151.909,8443,6/3/2015,5/29/2015,6:10:04,7,32.5,AH0,254,36.0665625,Day,F,L,A,MYSE
151.909,8443,6/3/2015,5/26/2015,6:10:15,7,32.3,AH0,255,35.8315911,Day,F,L,A,MYSE
151.909,8443,6/3/2015,5/26/2015,6:10:17,7,32.3,AH0,255,35.8315911,Day,F,L,A,MYSE
151.909,8443,6/3/2015,5/29/2015,6:10:17,7,32.5,AH0,206,36.0665625,Day,F,L,A,MYSE
151.909,8443,6/3/2015,5/30/2015,6:10:17,7,29.3,AH0,146,31.1505081,Day,F,L,A,MYSE
151.909,8443,6/3/2015,5/26/2015,6:10:19,7,32.3,AH0,255,35.8315911,Day,F,L,A,MYSE
151.909,8443,6/3/2015,5/29/2015,6:10:19,7,32.4,AH0,223,35.9501792,Day,F,L,A,MYSE
151.909,8443,6/3/2015,5/30/2015,6:10:20,7,29.3,AH0,147,31.1505081,Day,F,L,A,MYSE
151.909,8443,6/3/2015,5/26/2015,6:10:21,7,32.3,AH0,255,35.8315911,Day,F,L,A,MYSE
151.909,8443,6/3/2015,5/29/2015,6:10:21,7,32.4,AH0,248,35.9501792,Day,F,L,A,MYSE
151.909,8443,6/3/2015,5/30/2015,6:10:22,7,29.3,AH0,144,31.1505081,Day,F,L,A,MYSE
151.909,8443,6/3/2015,5/26/2015,6:10:23,7,32.3,AH0,255,35.8315911,Day,F,L,A,MYSE
151.909,8443,6/3/2015,5/29/2015,6:10:23,7,32.4,AH0,212,35.9501792,Day,F,L,A,MYSE
151.909,8443,6/3/2015,5/30/2015,6:10:24,7,29.3,AH0,142,31.1505081,Day,F,L,A,MYSE
151.909,8443,6/3/2015,5/29/2015,6:10:25,7,32.4,AH0,245,35.9501792,Day,F,L,A,MYSE
151.909,8443,6/3/2015,5/26/2015,6:10:36,7,32.3,AH0,255,35.8315911,Day,F,L,A,MYSE
151.909,8443,6/3/2015,5/30/2015,6:10:36,7,29.2,AH0,159,30.9537504,Day,F,L,A,MYSE
151.909,8443,6/3/2015,5/29/2015,6:10:37,7,32.5,AH0,212,36.0665625,Day,F,L,A,MYSE
151.909,8443,6/3/2015,5/26/2015,6:10:38,7,32.3,AH0,255,35.8315911,Day,F,L,A,MYSE
151.909,8443,6/3/2015,5/30/2015,6:10:38,7,29.2,AH0,161,30.9537504,Day,F,L,A,MYSE
151.909,8443,6/3/2015,5/26/2015,6:10:39,7,32.3,AH0,255,35.8315911,Day,F,L,A,MYSE
151.909,8443,6/3/2015,5/29/2015,6:10:39,7,32.5,AH0,227,36.0665625,Day,F,L,A,MYSE
151.909,8443,6/3/2015,5/30/2015,6:10:40,7,29.2,AH0,164,30.9537504,Day,F,L,A,MYSE
151.909,8443,6/3/2015,5/26/2015,6:10:41,7,32.3,AH0,255,35.8315911,Day,F,L,A,MYSE
151.909,8443,6/3/2015,5/29/2015,6:10:41,7,32.5,AH0,201,36.0665625,Day,F,L,A,MYSE
151.909,8443,6/3/2015,5/30/2015,6:10:42,7,29.2,AH0,164,30.9537504,Day,F,L,A,MYSE
151.909,8443,6/3/2015,5/26/2015,6:10:43,7,32.3,AH0,255,35.8315911,Day,F,L,A,MYSE
151.909,8443,6/3/2015,5/29/2015,6:10:43,7,32.5,AH0,235,36.0665625,Day,F,L,A,MYSE
151.909,8443,6/3/2015,5/29/2015,6:10:45,7,32.5,AH0,147,36.0665625,Day,F,L,A,MYSE
151.909,8443,6/3/2015,5/26/2015,6:10:56,7,32.4,AH0,255,35.9501792,Day,F,L,A,MYSE
151.909,8443,6/3/2015,5/30/2015,6:10:57,7,29.1,AH0,154,30.7541543,Day,F,L,A,MYSE
151.909,8443,6/3/2015,5/26/2015,6:10:58,7,32.4,AH0,255,35.9501792,Day,F,L,A,MYSE
151.909,8443,6/3/2015,5/29/2015,6:10:58,7,32.7,AH0,114,36.2927939,Day,F,L,A,MYSE
151.909,8443,6/3/2015,5/30/2015,6:10:59,7,29.1,AH0,164,30.7541543,Day,F,L,A,MYSE
151.909,8443,6/3/2015,5/26/2015,6:11:00,7,32.4,AH0,255,35.9501792,Day,F,L,A,MYSE
151.909,8443,6/3/2015,5/29/2015,6:11:00,7,32.7,AH0,179,36.2927939,Day,F,L,A,MYSE
151.909,8443,6/3/2015,5/29/2015,6:11:01,7,32.6,AH0,149,36.1807608,Day,F,L,A,MYSE
151.909,8443,6/3/2015,5/30/2015,6:11:01,7,29,AH0,134,30.5517,Day,F,L,A,MYSE
151.909,8443,6/3/2015,5/26/2015,6:11:02,7,32.4,AH0,255,35.9501792,Day,F,L,A,MYSE
151.909,8443,6/3/2015,5/29/2015,6:11:03,7,32.6,AH0,160,36.1807608,Day,F,L,A,MYSE
151.909,8443,6/3/2015,5/30/2015,6:11:03,7,28.9,AH0,131,30.3463677,Day,F,L,A,MYSE
151.909,8443,6/3/2015,5/29/2015,6:11:05,7,32.7,AH0,187,36.2927939,Day,F,L,A,MYSE
151.909,8443,6/3/2015,5/26/2015,6:11:17,7,32.4,AH0,255,35.9501792,Day,F,L,A,MYSE
151.909,8443,6/3/2015,5/30/2015,6:11:17,7,28.8,AH0,169,30.1381376,Day,F,L,A,MYSE
151.909,8443,6/3/2015,5/26/2015,6:11:18,7,32.5,AH0,255,36.0665625,Day,F,L,A,MYSE
151.909,8443,6/3/2015,5/30/2015,6:11:19,7,28.8,AH0,163,30.1381376,Day,F,L,A,MYSE
151.909,8443,6/3/2015,5/26/2015,6:11:20,7,32.5,AH0,255,36.0665625,Day,F,L,A,MYSE
151.909,8443,6/3/2015,5/30/2015,6:11:21,7,28.8,AH0,169,30.1381376,Day,F,L,A,MYSE
151.909,8443,6/3/2015,5/26/2015,6:11:22,7,32.5,AH0,255,36.0665625,Day,F,L,A,MYSE
151.909,8443,6/3/2015,5/30/2015,6:11:24,7,28.8,AH0,166,30.1381376,Day,F,L,A,MYSE
151.909,8443,6/3/2015,5/30/2015,6:11:36,7,28.9,AH0,170,30.3463677,Day,F,L,A,MYSE
151.909,8443,6/3/2015,5/26/2015,6:11:37,7,32.5,AH0,255,36.0665625,Day,F,L,A,MYSE
151.909,8443,6/3/2015,5/30/2015,6:11:38,7,28.9,AH0,167,30.3463677,Day,F,L,A,MYSE
151.909,8443,6/3/2015,5/26/2015,6:11:39,7,32.5,AH0,255,36.0665625,Day,F,L,A,MYSE
151.909,8443,6/3/2015,5/30/2015,6:11:40,7,28.9,AH0,166,30.3463677,Day,F,L,A,MYSE
151.909,8443,6/3/2015,5/26/2015,6:11:41,7,32.5,AH0,255,36.0665625,Day,F,L,A,MYSE
151.909,8443,6/3/2015,5/26/2015,6:11:42,7,32.6,AH0,255,36.1807608,Day,F,L,A,MYSE
151.909,8443,6/3/2015,5/30/2015,6:11:42,7,29,AH0,169,30.5517,Day,F,L,A,MYSE
151.909,8443,6/3/2015,5/26/2015,6:11:55,7,32.6,AH0,255,36.1807608,Day,F,L,A,MYSE
151.909,8443,6/3/2015,5/26/2015,6:11:57,7,32.6,AH0,255,36.1807608,Day,F,L,A,MYSE
151.909,8443,6/3/2015,5/30/2015,6:11:57,7,29.1,AH0,173,30.7541543,Day,F,L,A,MYSE
151.909,8443,6/3/2015,5/26/2015,6:11:59,7,32.6,AH0,255,36.1807608,Day,F,L,A,MYSE
151.909,8443,6/3/2015,5/30/2015,6:11:59,7,29.1,AH0,172,30.7541543,Day,F,L,A,MYSE
151.909,8443,6/3/2015,5/26/2015,6:12:01,7,32.6,AH0,255,36.1807608,Day,F,L,A,MYSE
151.909,8443,6/3/2015,5/30/2015,6:12:01,7,29.1,AH0,172,30.7541543,Day,F,L,A,MYSE
151.909,8443,6/3/2015,5/26/2015,6:12:03,7,32.6,AH0,255,36.1807608,Day,F,L,A,MYSE
151.909,8443,6/3/2015,5/30/2015,6:12:03,7,29.1,AH0,173,30.7541543,Day,F,L,A,MYSE
151.909,8443,6/3/2015,5/26/2015,6:12:16,7,32.6,AH0,255,36.1807608,Day,F,L,A,MYSE
151.909,8443,6/3/2015,5/26/2015,6:12:17,7,32.7,AH0,255,36.2927939,Day,F,L,A,MYSE
151.909,8443,6/3/2015,5/30/2015,6:12:17,7,29.3,AH0,174,31.1505081,Day,F,L,A,MYSE
151.909,8443,6/3/2015,5/26/2015,6:12:19,7,32.7,AH0,255,36.2927939,Day,F,L,A,MYSE
151.909,8443,6/3/2015,5/30/2015,6:12:19,7,29.3,AH0,175,31.1505081,Day,F,L,A,MYSE
151.909,8443,6/3/2015,5/26/2015,6:12:21,7,32.6,AH0,255,36.1807608,Day,F,L,A,MYSE
151.909,8443,6/3/2015,5/30/2015,6:12:21,7,29.3,AH0,172,31.1505081,Day,F,L,A,MYSE
151.909,8443,6/3/2015,5/26/2015,6:12:23,7,32.7,AH0,255,36.2927939,Day,F,L,A,MYSE
151.909,8443,6/3/2015,5/30/2015,6:12:23,7,29.3,AH0,170,31.1505081,Day,F,L,A,MYSE
151.909,8443,6/3/2015,5/26/2015,6:12:36,7,32.7,AH0,255,36.2927939,Day,F,L,A,MYSE
151.909,8443,6/3/2015,5/30/2015,6:12:36,7,29.5,AH0,166,31.5355875,Day,F,L,A,MYSE
151.909,8443,6/3/2015,5/26/2015,6:12:38,7,32.7,AH0,255,36.2927939,Day,F,L,A,MYSE
151.909,8443,6/3/2015,5/30/2015,6:12:38,7,29.5,AH0,167,31.5355875,Day,F,L,A,MYSE
151.909,8443,6/3/2015,5/26/2015,6:12:39,7,32.7,AH0,255,36.2927939,Day,F,L,A,MYSE
151.909,8443,6/3/2015,5/30/2015,6:12:40,7,29.5,AH0,165,31.5355875,Day,F,L,A,MYSE
151.909,8443,6/3/2015,5/26/2015,6:12:41,7,32.7,AH0,255,36.2927939,Day,F,L,A,MYSE
151.909,8443,6/3/2015,5/30/2015,6:12:42,7,29.5,AH0,162,31.5355875,Day,F,L,A,MYSE
151.909,8443,6/3/2015,5/26/2015,6:12:43,7,32.7,AH0,255,36.2927939,Day,F,L,A,MYSE
151.909,8443,6/3/2015,5/26/2015,6:12:56,7,32.7,AH0,255,36.2927939,Day,F,L,A,MYSE
151.909,8443,6/3/2015,5/30/2015,6:12:56,7,29.6,AH0,168,31.7239488,Day,F,L,A,MYSE
151.909,8443,6/3/2015,5/26/2015,6:12:58,7,32.6,AH0,255,36.1807608,Day,F,L,A,MYSE
151.909,8443,6/3/2015,5/30/2015,6:12:58,7,29.6,AH0,165,31.7239488,Day,F,L,A,MYSE
151.909,8443,6/3/2015,5/26/2015,6:13:00,7,32.7,AH0,255,36.2927939,Day,F,L,A,MYSE
151.909,8443,6/3/2015,5/30/2015,6:13:00,7,29.6,AH0,170,31.7239488,Day,F,L,A,MYSE
151.909,8443,6/3/2015,5/26/2015,6:13:01,7,32.7,AH0,255,36.2927939,Day,F,L,A,MYSE
151.909,8443,6/3/2015,5/30/2015,6:13:02,7,29.6,AH0,170,31.7239488,Day,F,L,A,MYSE
151.909,8443,6/3/2015,5/26/2015,6:13:03,7,32.7,AH0,255,36.2927939,Day,F,L,A,MYSE
151.909,8443,6/3/2015,5/26/2015,6:13:16,7,32.7,AH0,255,36.2927939,Day,F,L,A,MYSE
151.909,8443,6/3/2015,5/30/2015,6:13:16,7,29.6,AH0,168,31.7239488,Day,F,L,A,MYSE
151.909,8443,6/3/2015,5/26/2015,6:13:18,7,32.7,AH0,255,36.2927939,Day,F,L,A,MYSE
151.909,8443,6/3/2015,5/30/2015,6:13:18,7,29.6,AH0,168,31.7239488,Day,F,L,A,MYSE
151.909,8443,6/3/2015,5/26/2015,6:13:20,7,32.7,AH0,255,36.2927939,Day,F,L,A,MYSE
151.909,8443,6/3/2015,5/30/2015,6:13:20,7,29.6,AH0,168,31.7239488,Day,F,L,A,MYSE
151.909,8443,6/3/2015,5/26/2015,6:13:22,7,32.7,AH0,255,36.2927939,Day,F,L,A,MYSE
151.909,8443,6/3/2015,5/30/2015,6:13:22,7,29.6,AH0,165,31.7239488,Day,F,L,A,MYSE
151.909,8443,6/3/2015,5/29/2015,6:13:23,7,16.6,AH0,141,-23.1485832,Day,F,L,A,MYSE
151.909,8443,6/3/2015,5/29/2015,6:13:25,7,33,AH0,61,36.6161,Day,F,L,A,MYSE
151.909,8443,6/3/2015,5/26/2015,6:13:36,7,32.7,AH0,255,36.2927939,Day,F,L,A,MYSE
151.909,8443,6/3/2015,5/30/2015,6:13:37,7,29.5,AH0,170,31.5355875,Day,F,L,A,MYSE
151.909,8443,6/3/2015,5/26/2015,6:13:38,7,32.7,AH0,255,36.2927939,Day,F,L,A,MYSE
151.909,8443,6/3/2015,5/29/2015,6:13:38,7,32.9,AH0,181,36.5104437,Day,F,L,A,MYSE
151.909,8443,6/3/2015,5/30/2015,6:13:39,7,29.5,AH0,174,31.5355875,Day,F,L,A,MYSE
151.909,8443,6/3/2015,5/26/2015,6:13:40,7,32.7,AH0,255,36.2927939,Day,F,L,A,MYSE
151.909,8443,6/3/2015,5/29/2015,6:13:40,7,32.9,AH0,255,36.5104437,Day,F,L,A,MYSE
151.909,8443,6/3/2015,5/30/2015,6:13:41,7,29.5,AH0,172,31.5355875,Day,F,L,A,MYSE
151.909,8443,6/3/2015,5/26/2015,6:13:42,7,32.7,AH0,255,36.2927939,Day,F,L,A,MYSE
151.909,8443,6/3/2015,5/29/2015,6:13:42,7,32.8,AH0,254,36.4026816,Day,F,L,A,MYSE
151.909,8443,6/3/2015,5/29/2015,6:13:43,7,32.8,AH0,255,36.4026816,Day,F,L,A,MYSE
151.909,8443,6/3/2015,5/30/2015,6:13:43,7,29.5,AH0,171,31.5355875,Day,F,L,A,MYSE
151.909,8443,6/3/2015,5/26/2015,6:13:57,7,32.7,AH0,255,36.2927939,Day,F,L,A,MYSE
151.909,8443,6/3/2015,5/30/2015,6:13:57,7,29.7,AH0,174,31.9095509,Day,F,L,A,MYSE
151.909,8443,6/3/2015,5/26/2015,6:13:58,7,32.7,AH0,255,36.2927939,Day,F,L,A,MYSE
151.909,8443,6/3/2015,5/29/2015,6:13:58,7,32.6,AH0,185,36.1807608,Day,F,L,A,MYSE
151.909,8443,6/3/2015,5/30/2015,6:13:59,7,29.7,AH0,173,31.9095509,Day,F,L,A,MYSE
151.909,8443,6/3/2015,5/26/2015,6:14:00,7,32.7,AH0,255,36.2927939,Day,F,L,A,MYSE
151.909,8443,6/3/2015,5/29/2015,6:14:00,7,32.5,AH0,207,36.0665625,Day,F,L,A,MYSE
151.909,8443,6/3/2015,5/30/2015,6:14:01,7,29.8,AH0,174,32.0924136,Day,F,L,A,MYSE
151.909,8443,6/3/2015,5/26/2015,6:14:02,7,32.7,AH0,255,36.2927939,Day,F,L,A,MYSE
151.909,8443,6/3/2015,5/29/2015,6:14:02,7,32.5,AH0,244,36.0665625,Day,F,L,A,MYSE
151.909,8443,6/3/2015,5/30/2015,6:14:03,7,29.8,AH0,173,32.0924136,Day,F,L,A,MYSE
151.909,8443,6/3/2015,5/29/2015,6:14:04,7,32.5,AH0,255,36.0665625,Day,F,L,A,MYSE
151.909,8443,6/3/2015,5/26/2015,6:14:17,7,32.7,AH0,255,36.2927939,Day,F,L,A,MYSE
151.909,8443,6/3/2015,5/30/2015,6:14:17,7,30,AH0,174,32.45,Day,F,L,A,MYSE
151.909,8443,6/3/2015,5/29/2015,6:14:18,7,32.2,AH0,255,35.7107784,Day,F,L,A,MYSE
151.909,8443,6/3/2015,5/26/2015,6:14:19,7,32.7,AH0,255,36.2927939,Day,F,L,A,MYSE
151.909,8443,6/3/2015,5/30/2015,6:14:19,7,30,AH0,176,32.45,Day,F,L,A,MYSE
151.909,8443,6/3/2015,5/26/2015,6:14:20,7,32.7,AH0,255,36.2927939,Day,F,L,A,MYSE
151.909,8443,6/3/2015,5/29/2015,6:14:20,7,32.3,AH0,252,35.8315911,Day,F,L,A,MYSE
151.909,8443,6/3/2015,5/30/2015,6:14:21,7,30.1,AH0,176,32.6247633,Day,F,L,A,MYSE
151.909,8443,6/3/2015,5/26/2015,6:14:22,7,32.7,AH0,255,36.2927939,Day,F,L,A,MYSE
151.909,8443,6/3/2015,5/29/2015,6:14:22,7,32.3,AH0,210,35.8315911,Day,F,L,A,MYSE
151.909,8443,6/3/2015,5/30/2015,6:14:23,7,30.1,AH0,175,32.6247633,Day,F,L,A,MYSE
151.909,8443,6/3/2015,5/29/2015,6:14:24,7,32.3,AH0,220,35.8315911,Day,F,L,A,MYSE
151.909,8443,6/3/2015,5/26/2015,6:14:37,7,32.7,AH0,255,36.2927939,Day,F,L,A,MYSE
151.909,8443,6/3/2015,5/29/2015,6:14:37,7,32.3,AH0,254,35.8315911,Day,F,L,A,MYSE
151.909,8443,6/3/2015,5/30/2015,6:14:37,7,30.2,AH0,179,32.7968664,Day,F,L,A,MYSE
151.909,8443,6/3/2015,5/26/2015,6:14:39,7,32.7,AH0,255,36.2927939,Day,F,L,A,MYSE
151.909,8443,6/3/2015,5/29/2015,6:14:39,7,32.1,AH0,217,35.5877213,Day,F,L,A,MYSE
151.909,8443,6/3/2015,5/30/2015,6:14:39,7,30.3,AH0,179,32.9663291,Day,F,L,A,MYSE
151.909,8443,6/3/2015,5/26/2015,6:14:41,7,32.7,AH0,255,36.2927939,Day,F,L,A,MYSE
151.909,8443,6/3/2015,5/29/2015,6:14:41,7,32,AH0,252,35.4624,Day,F,L,A,MYSE
151.909,8443,6/3/2015,5/30/2015,6:14:41,7,30.3,AH0,175,32.9663291,Day,F,L,A,MYSE
151.909,8443,6/3/2015,5/26/2015,6:14:42,7,32.7,AH0,255,36.2927939,Day,F,L,A,MYSE
151.909,8443,6/3/2015,5/29/2015,6:14:43,7,32,AH0,255,35.4624,Day,F,L,A,MYSE
151.909,8443,6/3/2015,5/30/2015,6:14:43,7,30.3,AH0,176,32.9663291,Day,F,L,A,MYSE
151.909,8443,6/3/2015,5/29/2015,6:14:45,7,32,AH0,255,35.4624,Day,F,L,A,MYSE
151.909,8443,6/3/2015,5/26/2015,6:14:55,7,32.8,AH0,255,36.4026816,Day,F,L,A,MYSE
151.909,8443,6/3/2015,5/26/2015,6:14:57,7,32.8,AH0,255,36.4026816,Day,F,L,A,MYSE
151.909,8443,6/3/2015,5/30/2015,6:14:57,7,30.5,AH0,179,33.2974125,Day,F,L,A,MYSE
151.909,8443,6/3/2015,5/29/2015,6:14:58,7,32,AH0,91,35.4624,Day,F,L,A,MYSE
151.909,8443,6/3/2015,5/26/2015,6:14:59,7,32.8,AH0,255,36.4026816,Day,F,L,A,MYSE
151.909,8443,6/3/2015,5/30/2015,6:14:59,7,30.5,AH0,176,33.2974125,Day,F,L,A,MYSE
151.909,8443,6/3/2015,5/29/2015,6:15:00,7,32,AH0,217,35.4624,Day,F,L,A,MYSE
151.909,8443,6/3/2015,5/26/2015,6:15:01,7,32.8,AH0,255,36.4026816,Day,F,L,A,MYSE
151.909,8443,6/3/2015,5/29/2015,6:15:01,7,32.1,AH0,238,35.5877213,Day,F,L,A,MYSE
151.909,8443,6/3/2015,5/30/2015,6:15:01,7,30.5,AH0,180,33.2974125,Day,F,L,A,MYSE
151.909,8443,6/3/2015,5/26/2015,6:15:03,7,32.8,AH0,255,36.4026816,Day,F,L,A,MYSE
151.909,8443,6/3/2015,5/29/2015,6:15:03,7,32.1,AH0,177,35.5877213,Day,F,L,A,MYSE
151.909,8443,6/3/2015,5/30/2015,6:15:03,7,30.5,AH0,179,33.2974125,Day,F,L,A,MYSE
151.909,8443,6/3/2015,5/26/2015,6:15:15,7,32.8,AH0,255,36.4026816,Day,F,L,A,MYSE
151.909,8443,6/3/2015,5/30/2015,6:15:16,7,30.7,AH0,179,33.6181719,Day,F,L,A,MYSE
151.909,8443,6/3/2015,5/26/2015,6:15:17,7,32.8,AH0,255,36.4026816,Day,F,L,A,MYSE
151.909,8443,6/3/2015,5/29/2015,6:15:18,7,32.2,AH0,189,35.7107784,Day,F,L,A,MYSE
151.909,8443,6/3/2015,5/30/2015,6:15:18,7,30.7,AH0,179,33.6181719,Day,F,L,A,MYSE
151.909,8443,6/3/2015,5/26/2015,6:15:19,7,32.8,AH0,255,36.4026816,Day,F,L,A,MYSE
151.909,8443,6/3/2015,5/29/2015,6:15:20,7,32.2,AH0,111,35.7107784,Day,F,L,A,MYSE
151.909,8443,6/3/2015,5/30/2015,6:15:20,7,30.7,AH0,180,33.6181719,Day,F,L,A,MYSE
151.909,8443,6/3/2015,5/26/2015,6:15:21,7,32.8,AH0,255,36.4026816,Day,F,L,A,MYSE
151.909,8443,6/3/2015,5/29/2015,6:15:22,7,32.3,AH0,117,35.8315911,Day,F,L,A,MYSE
151.909,8443,6/3/2015,5/30/2015,6:15:22,7,30.7,AH0,178,33.6181719,Day,F,L,A,MYSE
151.909,8443,6/3/2015,5/26/2015,6:15:23,7,32.8,AH0,255,36.4026816,Day,F,L,A,MYSE
151.909,8443,6/3/2015,5/29/2015,6:15:24,7,32.3,AH0,78,35.8315911,Day,F,L,A,MYSE
151.909,8443,6/3/2015,5/26/2015,6:15:35,7,32.8,AH0,255,36.4026816,Day,F,L,A,MYSE
151.909,8443,6/3/2015,5/30/2015,6:15:36,7,30.8,AH0,177,33.7747296,Day,F,L,A,MYSE
151.909,8443,6/3/2015,5/26/2015,6:15:37,7,32.8,AH0,255,36.4026816,Day,F,L,A,MYSE
151.909,8443,6/3/2015,5/30/2015,6:15:38,7,30.8,AH0,179,33.7747296,Day,F,L,A,MYSE
151.909,8443,6/3/2015,5/26/2015,6:15:39,7,32.8,AH0,255,36.4026816,Day,F,L,A,MYSE
151.909,8443,6/3/2015,5/29/2015,6:15:39,7,32,AH0,87,35.4624,Day,F,L,A,MYSE
151.909,8443,6/3/2015,5/30/2015,6:15:40,7,30.8,AH0,178,33.7747296,Day,F,L,A,MYSE
151.909,8443,6/3/2015,5/26/2015,6:15:41,7,32.8,AH0,255,36.4026816,Day,F,L,A,MYSE
151.909,8443,6/3/2015,5/29/2015,6:15:41,7,31.9,AH0,78,35.3347947,Day,F,L,A,MYSE
151.909,8443,6/3/2015,5/29/2015,6:15:42,7,31.8,AH0,98,35.2048856,Day,F,L,A,MYSE
151.909,8443,6/3/2015,5/30/2015,6:15:42,7,30.8,AH0,177,33.7747296,Day,F,L,A,MYSE
151.909,8443,6/3/2015,5/26/2015,6:15:43,7,32.8,AH0,255,36.4026816,Day,F,L,A,MYSE
151.909,8443,6/3/2015,5/29/2015,6:15:44,7,31.7,AH0,98,35.0726529,Day,F,L,A,MYSE
151.909,8443,6/3/2015,5/26/2015,6:15:56,7,32.8,AH0,255,36.4026816,Day,F,L,A,MYSE
151.909,8443,6/3/2015,5/26/2015,6:15:57,7,32.8,AH0,255,36.4026816,Day,F,L,A,MYSE
151.909,8443,6/3/2015,5/30/2015,6:15:57,7,30.8,AH0,179,33.7747296,Day,F,L,A,MYSE
151.909,8443,6/3/2015,5/26/2015,6:15:59,7,32.8,AH0,255,36.4026816,Day,F,L,A,MYSE
151.909,8443,6/3/2015,5/30/2015,6:15:59,7,30.8,AH0,180,33.7747296,Day,F,L,A,MYSE
151.909,8443,6/3/2015,5/26/2015,6:16:01,7,32.8,AH0,255,36.4026816,Day,F,L,A,MYSE
151.909,8443,6/3/2015,5/30/2015,6:16:01,7,30.8,AH0,177,33.7747296,Day,F,L,A,MYSE
151.909,8443,6/3/2015,5/26/2015,6:16:03,7,32.8,AH0,255,36.4026816,Day,F,L,A,MYSE
151.909,8443,6/3/2015,5/29/2015,6:16:03,7,32,AH0,60,35.4624,Day,F,L,A,MYSE
151.909,8443,6/3/2015,5/30/2015,6:16:03,7,30.8,AH0,180,33.7747296,Day,F,L,A,MYSE
151.909,8443,6/3/2015,5/26/2015,6:16:16,7,32.8,AH0,255,36.4026816,Day,F,L,A,MYSE
151.909,8443,6/3/2015,5/30/2015,6:16:17,7,30.9,AH0,174,33.9287657,Day,F,L,A,MYSE
151.909,8443,6/3/2015,5/26/2015,6:16:18,7,32.8,AH0,255,36.4026816,Day,F,L,A,MYSE
151.909,8443,6/3/2015,5/26/2015,6:16:19,7,32.8,AH0,255,36.4026816,Day,F,L,A,MYSE
151.909,8443,6/3/2015,5/30/2015,6:16:19,7,30.9,AH0,174,33.9287657,Day,F,L,A,MYSE
151.909,8443,6/3/2015,5/26/2015,6:16:21,7,32.8,AH0,255,36.4026816,Day,F,L,A,MYSE
151.909,8443,6/3/2015,5/30/2015,6:16:21,7,30.9,AH0,176,33.9287657,Day,F,L,A,MYSE
151.909,8443,6/3/2015,5/29/2015,6:16:22,7,32.3,AH0,96,35.8315911,Day,F,L,A,MYSE
151.909,8443,6/3/2015,5/30/2015,6:16:22,7,30.9,AH0,177,33.9287657,Day,F,L,A,MYSE
151.909,8443,6/3/2015,5/26/2015,6:16:23,7,32.8,AH0,255,36.4026816,Day,F,L,A,MYSE
151.909,8443,6/3/2015,5/29/2015,6:16:24,7,32.2,AH0,66,35.7107784,Day,F,L,A,MYSE
151.909,8443,6/3/2015,5/26/2015,6:16:36,7,32.8,AH0,255,36.4026816,Day,F,L,A,MYSE
151.909,8443,6/3/2015,5/30/2015,6:16:36,7,30.8,AH0,176,33.7747296,Day,F,L,A,MYSE
151.909,8443,6/3/2015,5/29/2015,6:16:37,7,31.3,AH0,133,34.5200901,Day,F,L,A,MYSE
151.909,8443,6/3/2015,5/26/2015,6:16:38,7,32.8,AH0,255,36.4026816,Day,F,L,A,MYSE
151.909,8443,6/3/2015,5/30/2015,6:16:38,7,30.8,AH0,176,33.7747296,Day,F,L,A,MYSE
151.909,8443,6/3/2015,5/26/2015,6:16:39,7,32.8,AH0,255,36.4026816,Day,F,L,A,MYSE
151.909,8443,6/3/2015,5/29/2015,6:16:39,7,31.2,AH0,127,34.3759424,Day,F,L,A,MYSE
151.909,8443,6/3/2015,5/30/2015,6:16:40,7,30.8,AH0,178,33.7747296,Day,F,L,A,MYSE
151.909,8443,6/3/2015,5/26/2015,6:16:41,7,32.8,AH0,255,36.4026816,Day,F,L,A,MYSE
151.909,8443,6/3/2015,5/29/2015,6:16:41,7,31.1,AH0,129,34.2293523,Day,F,L,A,MYSE
151.909,8443,6/3/2015,5/30/2015,6:16:42,7,30.8,AH0,175,33.7747296,Day,F,L,A,MYSE
151.909,8443,6/3/2015,5/26/2015,6:16:43,7,32.8,AH0,255,36.4026816,Day,F,L,A,MYSE
151.909,8443,6/3/2015,5/29/2015,6:16:43,7,31,AH0,123,34.0803,Day,F,L,A,MYSE
151.909,8443,6/3/2015,5/29/2015,6:16:45,7,31,AH0,114,34.0803,Day,F,L,A,MYSE
151.909,8443,6/3/2015,5/26/2015,6:16:56,7,32.8,AH0,255,36.4026816,Day,F,L,A,MYSE
151.909,8443,6/3/2015,5/30/2015,6:16:56,7,30.8,AH0,174,33.7747296,Day,F,L,A,MYSE
151.909,8443,6/3/2015,5/26/2015,6:16:58,7,32.8,AH0,255,36.4026816,Day,F,L,A,MYSE
151.909,8443,6/3/2015,5/30/2015,6:16:58,7,30.8,AH0,177,33.7747296,Day,F,L,A,MYSE
151.909,8443,6/3/2015,5/29/2015,6:16:59,7,30.4,AH0,141,33.1331712,Day,F,L,A,MYSE
151.909,8443,6/3/2015,5/30/2015,6:16:59,7,30.8,AH0,174,33.7747296,Day,F,L,A,MYSE
151.909,8443,6/3/2015,5/26/2015,6:17:00,7,32.8,AH0,255,36.4026816,Day,F,L,A,MYSE
151.909,8443,6/3/2015,5/26/2015,6:17:01,7,32.8,AH0,255,36.4026816,Day,F,L,A,MYSE
151.909,8443,6/3/2015,5/29/2015,6:17:01,7,30.3,AH0,134,32.9663291,Day,F,L,A,MYSE
151.909,8443,6/3/2015,5/30/2015,6:17:01,7,30.8,AH0,173,33.7747296,Day,F,L,A,MYSE
151.909,8443,6/3/2015,5/29/2015,6:17:03,7,30.4,AH0,106,33.1331712,Day,F,L,A,MYSE
151.909,8443,6/3/2015,5/30/2015,6:17:03,7,30.7,AH0,174,33.6181719,Day,F,L,A,MYSE
151.909,8443,6/3/2015,5/29/2015,6:17:05,7,30.5,AH0,65,33.2974125,Day,F,L,A,MYSE
151.909,8443,6/3/2015,5/26/2015,6:17:16,7,32.6,AH0,255,36.1807608,Day,F,L,A,MYSE
151.909,8443,6/3/2015,5/30/2015,6:17:17,7,30.7,AH0,176,33.6181719,Day,F,L,A,MYSE
151.909,8443,6/3/2015,5/26/2015,6:17:18,7,32.6,AH0,255,36.1807608,Day,F,L,A,MYSE
151.909,8443,6/3/2015,5/29/2015,6:17:18,7,30.9,AH0,60,33.9287657,Day,F,L,A,MYSE
151.909,8443,6/3/2015,5/30/2015,6:17:19,7,30.7,AH0,173,33.6181719,Day,F,L,A,MYSE
151.909,8443,6/3/2015,5/26/2015,6:17:20,7,32.6,AH0,255,36.1807608,Day,F,L,A,MYSE
151.909,8443,6/3/2015,5/29/2015,6:17:20,7,30.7,AH0,67,33.6181719,Day,F,L,A,MYSE
151.909,8443,6/3/2015,5/30/2015,6:17:21,7,30.7,AH0,176,33.6181719,Day,F,L,A,MYSE
151.909,8443,6/3/2015,5/26/2015,6:17:22,7,32.6,AH0,255,36.1807608,Day,F,L,A,MYSE
151.909,8443,6/3/2015,5/29/2015,6:17:22,7,30.7,AH0,58,33.6181719,Day,F,L,A,MYSE
151.909,8443,6/3/2015,5/30/2015,6:17:23,7,30.7,AH0,172,33.6181719,Day,F,L,A,MYSE
151.909,8443,6/3/2015,5/29/2015,6:17:24,7,31,AH0,75,34.0803,Day,F,L,A,MYSE
151.909,8443,6/3/2015,5/26/2015,6:17:36,7,32.6,AH0,255,36.1807608,Day,F,L,A,MYSE
151.909,8443,6/3/2015,5/30/2015,6:17:37,7,30.6,AH0,177,33.4590728,Day,F,L,A,MYSE
151.909,8443,6/3/2015,5/26/2015,6:17:38,7,32.6,AH0,255,36.1807608,Day,F,L,A,MYSE
151.909,8443,6/3/2015,5/30/2015,6:17:39,7,30.6,AH0,177,33.4590728,Day,F,L,A,MYSE
151.909,8443,6/3/2015,5/26/2015,6:17:40,7,32.6,AH0,255,36.1807608,Day,F,L,A,MYSE
151.909,8443,6/3/2015,5/29/2015,6:17:40,7,31.1,AH0,60,34.2293523,Day,F,L,A,MYSE
151.909,8443,6/3/2015,5/30/2015,6:17:41,7,30.6,AH0,175,33.4590728,Day,F,L,A,MYSE
151.909,8443,6/3/2015,5/26/2015,6:17:42,7,32.6,AH0,255,36.1807608,Day,F,L,A,MYSE
151.909,8443,6/3/2015,5/30/2015,6:17:43,7,30.6,AH0,176,33.4590728,Day,F,L,A,MYSE
151.909,8443,6/3/2015,5/29/2015,6:17:44,7,15.4,AH0,51,-32.0940888,Day,F,L,A,MYSE
151.909,8443,6/3/2015,5/30/2015,6:17:56,7,30.6,AH0,175,33.4590728,Day,F,L,A,MYSE
151.909,8443,6/3/2015,5/26/2015,6:17:57,7,32.6,AH0,255,36.1807608,Day,F,L,A,MYSE
151.909,8443,6/3/2015,5/29/2015,6:17:57,7,31.1,AH0,70,34.2293523,Day,F,L,A,MYSE
151.909,8443,6/3/2015,5/26/2015,6:17:58,7,32.6,AH0,255,36.1807608,Day,F,L,A,MYSE
151.909,8443,6/3/2015,5/30/2015,6:17:58,7,30.6,AH0,177,33.4590728,Day,F,L,A,MYSE
151.909,8443,6/3/2015,5/29/2015,6:17:59,7,31.2,AH0,74,34.3759424,Day,F,L,A,MYSE
151.909,8443,6/3/2015,5/26/2015,6:18:00,7,32.6,AH0,255,36.1807608,Day,F,L,A,MYSE
151.909,8443,6/3/2015,5/30/2015,6:18:00,7,30.6,AH0,175,33.4590728,Day,F,L,A,MYSE
151.909,8443,6/3/2015,5/29/2015,6:18:01,7,31.2,AH0,190,34.3759424,Day,F,L,A,MYSE
151.909,8443,6/3/2015,5/26/2015,6:18:02,7,32.6,AH0,255,36.1807608,Day,F,L,A,MYSE
151.909,8443,6/3/2015,5/30/2015,6:18:02,7,30.6,AH0,178,33.4590728,Day,F,L,A,MYSE
151.909,8443,6/3/2015,5/29/2015,6:18:03,7,31.3,AH0,110,34.5200901,Day,F,L,A,MYSE
151.909,8443,6/3/2015,5/29/2015,6:18:05,7,31.3,AH0,231,34.5200901,Day,F,L,A,MYSE
151.909,8443,6/3/2015,5/30/2015,6:18:16,7,30.5,AH0,178,33.2974125,Day,F,L,A,MYSE
151.909,8443,6/3/2015,5/26/2015,6:18:17,7,32.6,AH0,255,36.1807608,Day,F,L,A,MYSE
151.909,8443,6/3/2015,5/29/2015,6:18:18,7,31.4,AH0,239,34.6618152,Day,F,L,A,MYSE
151.909,8443,6/3/2015,5/30/2015,6:18:18,7,30.5,AH0,178,33.2974125,Day,F,L,A,MYSE
151.909,8443,6/3/2015,5/26/2015,6:18:19,7,32.6,AH0,255,36.1807608,Day,F,L,A,MYSE
151.909,8443,6/3/2015,5/29/2015,6:18:20,7,31.5,AH0,238,34.8011375,Day,F,L,A,MYSE
151.909,8443,6/3/2015,5/30/2015,6:18:20,7,30.5,AH0,176,33.2974125,Day,F,L,A,MYSE
151.909,8443,6/3/2015,5/26/2015,6:18:21,7,32.6,AH0,255,36.1807608,Day,F,L,A,MYSE
151.909,8443,6/3/2015,5/26/2015,6:18:22,7,32.6,AH0,255,36.1807608,Day,F,L,A,MYSE
151.909,8443,6/3/2015,5/29/2015,6:18:22,7,31.5,AH0,239,34.8011375,Day,F,L,A,MYSE
151.909,8443,6/3/2015,5/30/2015,6:18:22,7,30.5,AH0,178,33.2974125,Day,F,L,A,MYSE
151.909,8443,6/3/2015,5/29/2015,6:18:24,7,31.4,AH0,254,34.6618152,Day,F,L,A,MYSE
151.909,8443,6/3/2015,5/26/2015,6:18:35,7,32.6,AH0,255,36.1807608,Day,F,L,A,MYSE
151.909,8443,6/3/2015,5/30/2015,6:18:36,7,30.5,AH0,171,33.2974125,Day,F,L,A,MYSE
151.909,8443,6/3/2015,5/26/2015,6:18:37,7,32.6,AH0,255,36.1807608,Day,F,L,A,MYSE
151.909,8443,6/3/2015,5/29/2015,6:18:37,7,31.2,AH0,248,34.3759424,Day,F,L,A,MYSE
151.909,8443,6/3/2015,5/30/2015,6:18:38,7,30.5,AH0,170,33.2974125,Day,F,L,A,MYSE
151.909,8443,6/3/2015,5/26/2015,6:18:39,7,32.6,AH0,255,36.1807608,Day,F,L,A,MYSE
151.909,8443,6/3/2015,5/29/2015,6:18:39,7,31.2,AH0,239,34.3759424,Day,F,L,A,MYSE
151.909,8443,6/3/2015,5/30/2015,6:18:39,7,30.5,AH0,170,33.2974125,Day,F,L,A,MYSE
151.909,8443,6/3/2015,5/26/2015,6:18:41,7,32.6,AH0,255,36.1807608,Day,F,L,A,MYSE
151.909,8443,6/3/2015,5/29/2015,6:18:41,7,31.2,AH0,242,34.3759424,Day,F,L,A,MYSE
151.909,8443,6/3/2015,5/30/2015,6:18:41,7,30.5,AH0,167,33.2974125,Day,F,L,A,MYSE
151.909,8443,6/3/2015,5/26/2015,6:18:43,7,32.6,AH0,255,36.1807608,Day,F,L,A,MYSE
151.909,8443,6/3/2015,5/29/2015,6:18:43,7,31.3,AH0,243,34.5200901,Day,F,L,A,MYSE
151.909,8443,6/3/2015,5/30/2015,6:18:43,7,30.5,AH0,169,33.2974125,Day,F,L,A,MYSE
151.909,8443,6/3/2015,5/26/2015,6:18:55,7,32.7,AH0,255,36.2927939,Day,F,L,A,MYSE
151.909,8443,6/3/2015,5/26/2015,6:18:57,7,32.7,AH0,255,36.2927939,Day,F,L,A,MYSE
151.909,8443,6/3/2015,5/30/2015,6:18:57,7,30.3,AH0,170,32.9663291,Day,F,L,A,MYSE
151.909,8443,6/3/2015,5/26/2015,6:18:59,7,32.7,AH0,255,36.2927939,Day,F,L,A,MYSE
151.909,8443,6/3/2015,5/29/2015,6:18:59,7,31.2,AH0,241,34.3759424,Day,F,L,A,MYSE
151.909,8443,6/3/2015,5/30/2015,6:18:59,7,30.3,AH0,167,32.9663291,Day,F,L,A,MYSE
151.909,8443,6/3/2015,5/29/2015,6:19:00,7,31.3,AH0,238,34.5200901,Day,F,L,A,MYSE
151.909,8443,6/3/2015,5/26/2015,6:19:01,7,32.7,AH0,255,36.2927939,Day,F,L,A,MYSE
151.909,8443,6/3/2015,5/30/2015,6:19:01,7,30.2,AH0,172,32.7968664,Day,F,L,A,MYSE
151.909,8443,6/3/2015,5/29/2015,6:19:02,7,31.1,AH0,249,34.2293523,Day,F,L,A,MYSE
151.909,8443,6/3/2015,5/26/2015,6:19:03,7,32.7,AH0,255,36.2927939,Day,F,L,A,MYSE
151.909,8443,6/3/2015,5/30/2015,6:19:03,7,30.2,AH0,172,32.7968664,Day,F,L,A,MYSE
151.909,8443,6/3/2015,5/29/2015,6:19:04,7,31,AH0,249,34.0803,Day,F,L,A,MYSE
151.909,8443,6/3/2015,5/26/2015,6:19:16,7,32.7,AH0,255,36.2927939,Day,F,L,A,MYSE
151.909,8443,6/3/2015,5/30/2015,6:19:17,7,30.2,AH0,171,32.7968664,Day,F,L,A,MYSE
151.909,8443,6/3/2015,5/26/2015,6:19:18,7,32.7,AH0,255,36.2927939,Day,F,L,A,MYSE
151.909,8443,6/3/2015,5/29/2015,6:19:18,7,30.7,AH0,230,33.6181719,Day,F,L,A,MYSE
151.909,8443,6/3/2015,5/26/2015,6:19:19,7,32.7,AH0,255,36.2927939,Day,F,L,A,MYSE
151.909,8443,6/3/2015,5/30/2015,6:19:19,7,30.2,AH0,165,32.7968664,Day,F,L,A,MYSE
151.909,8443,6/3/2015,5/29/2015,6:19:20,7,30.7,AH0,225,33.6181719,Day,F,L,A,MYSE
151.909,8443,6/3/2015,5/26/2015,6:19:21,7,32.7,AH0,255,36.2927939,Day,F,L,A,MYSE
151.909,8443,6/3/2015,5/30/2015,6:19:21,7,30.2,AH0,165,32.7968664,Day,F,L,A,MYSE
151.909,8443,6/3/2015,5/29/2015,6:19:22,7,30.6,AH0,230,33.4590728,Day,F,L,A,MYSE
151.909,8443,6/3/2015,5/26/2015,6:19:23,7,32.7,AH0,255,36.2927939,Day,F,L,A,MYSE
151.909,8443,6/3/2015,5/30/2015,6:19:23,7,30.2,AH0,169,32.7968664,Day,F,L,A,MYSE
151.909,8443,6/3/2015,5/29/2015,6:19:24,7,30.6,AH0,217,33.4590728,Day,F,L,A,MYSE
151.909,8443,6/3/2015,5/26/2015,6:19:36,7,32.7,AH0,255,36.2927939,Day,F,L,A,MYSE
151.909,8443,6/3/2015,5/29/2015,6:19:37,7,31.3,AH0,196,34.5200901,Day,F,L,A,MYSE
151.909,8443,6/3/2015,5/30/2015,6:19:37,7,30.2,AH0,168,32.7968664,Day,F,L,A,MYSE
151.909,8443,6/3/2015,5/26/2015,6:19:38,7,32.8,AH0,255,36.4026816,Day,F,L,A,MYSE
151.909,8443,6/3/2015,5/29/2015,6:19:39,7,31.3,AH0,197,34.5200901,Day,F,L,A,MYSE
151.909,8443,6/3/2015,5/30/2015,6:19:39,7,30.2,AH0,164,32.7968664,Day,F,L,A,MYSE
151.909,8443,6/3/2015,5/26/2015,6:19:40,7,32.7,AH0,255,36.2927939,Day,F,L,A,MYSE
151.909,8443,6/3/2015,5/26/2015,6:19:41,7,32.8,AH0,255,36.4026816,Day,F,L,A,MYSE
151.909,8443,6/3/2015,5/29/2015,6:19:41,7,31.4,AH0,199,34.6618152,Day,F,L,A,MYSE
151.909,8443,6/3/2015,5/30/2015,6:19:41,7,30.2,AH0,168,32.7968664,Day,F,L,A,MYSE
151.909,8443,6/3/2015,5/26/2015,6:19:43,7,32.7,AH0,255,36.2927939,Day,F,L,A,MYSE
151.909,8443,6/3/2015,5/29/2015,6:19:43,7,31.4,AH0,144,34.6618152,Day,F,L,A,MYSE
151.909,8443,6/3/2015,5/30/2015,6:19:43,7,30.2,AH0,166,32.7968664,Day,F,L,A,MYSE
151.909,8443,6/3/2015,5/29/2015,6:19:45,7,31.4,AH0,116,34.6618152,Day,F,L,A,MYSE
151.909,8443,6/3/2015,5/26/2015,6:19:56,7,32.8,AH0,255,36.4026816,Day,F,L,A,MYSE
151.909,8443,6/3/2015,5/30/2015,6:19:57,7,30.2,AH0,167,32.7968664,Day,F,L,A,MYSE
151.909,8443,6/3/2015,5/26/2015,6:19:58,7,32.8,AH0,255,36.4026816,Day,F,L,A,MYSE
151.909,8443,6/3/2015,5/29/2015,6:19:58,7,31,AH0,134,34.0803,Day,F,L,A,MYSE
151.909,8443,6/3/2015,5/30/2015,6:19:59,7,30.2,AH0,163,32.7968664,Day,F,L,A,MYSE
151.909,8443,6/3/2015,5/26/2015,6:20:00,7,32.8,AH0,255,36.4026816,Day,F,L,A,MYSE
151.909,8443,6/3/2015,5/29/2015,6:20:00,7,30.9,AH0,119,33.9287657,Day,F,L,A,MYSE
151.909,8443,6/3/2015,5/30/2015,6:20:01,7,30.2,AH0,164,32.7968664,Day,F,L,A,MYSE
151.909,8443,6/3/2015,5/26/2015,6:20:02,7,32.8,AH0,255,36.4026816,Day,F,L,A,MYSE
151.909,8443,6/3/2015,5/29/2015,6:20:02,7,30.8,AH0,100,33.7747296,Day,F,L,A,MYSE
151.909,8443,6/3/2015,5/30/2015,6:20:03,7,30.2,AH0,167,32.7968664,Day,F,L,A,MYSE
151.909,8443,6/3/2015,5/29/2015,6:20:04,7,30.7,AH0,134,33.6181719,Day,F,L,A,MYSE
151.909,8443,6/3/2015,5/28/2015,6:20:15,7,34.4,AH0,78,37.8852672,Day,F,L,A,MYSE
151.909,8443,6/3/2015,5/26/2015,6:20:16,7,32.8,AH0,255,36.4026816,Day,F,L,A,MYSE
151.909,8443,6/3/2015,5/28/2015,6:20:17,7,34.3,AH0,60,37.8070131,Day,F,L,A,MYSE
151.909,8443,6/3/2015,5/30/2015,6:20:17,7,30.1,AH0,167,32.6247633,Day,F,L,A,MYSE
151.909,8443,6/3/2015,5/26/2015,6:20:18,7,32.8,AH0,255,36.4026816,Day,F,L,A,MYSE
151.909,8443,6/3/2015,5/29/2015,6:20:18,7,30.1,AH0,166,32.6247633,Day,F,L,A,MYSE
151.909,8443,6/3/2015,5/28/2015,6:20:19,7,34.3,AH0,72,37.8070131,Day,F,L,A,MYSE
151.909,8443,6/3/2015,5/30/2015,6:20:19,7,30.1,AH0,163,32.6247633,Day,F,L,A,MYSE
151.909,8443,6/3/2015,5/26/2015,6:20:20,7,32.8,AH0,255,36.4026816,Day,F,L,A,MYSE
151.909,8443,6/3/2015,5/29/2015,6:20:20,7,30,AH0,173,32.45,Day,F,L,A,MYSE
151.909,8443,6/3/2015,5/30/2015,6:20:21,7,30.2,AH0,165,32.7968664,Day,F,L,A,MYSE
151.909,8443,6/3/2015,5/26/2015,6:20:22,7,32.8,AH0,255,36.4026816,Day,F,L,A,MYSE
151.909,8443,6/3/2015,5/29/2015,6:20:22,7,29.9,AH0,156,32.2725567,Day,F,L,A,MYSE
151.909,8443,6/3/2015,5/30/2015,6:20:23,7,30.1,AH0,165,32.6247633,Day,F,L,A,MYSE
151.909,8443,6/3/2015,5/29/2015,6:20:24,7,29.8,AH0,160,32.0924136,Day,F,L,A,MYSE
151.909,8443,6/3/2015,5/28/2015,6:20:31,7,33.9,AH0,59,37.4755127,Day,F,L,A,MYSE
151.909,8443,6/3/2015,5/28/2015,6:20:33,7,33.7,AH0,58,37.2983949,Day,F,L,A,MYSE
151.909,8443,6/3/2015,5/28/2015,6:20:35,7,33.7,AH0,63,37.2983949,Day,F,L,A,MYSE
151.909,8443,6/3/2015,5/26/2015,6:20:36,7,32.8,AH0,255,36.4026816,Day,F,L,A,MYSE
151.909,8443,6/3/2015,5/28/2015,6:20:36,7,33.7,AH0,57,37.2983949,Day,F,L,A,MYSE
151.909,8443,6/3/2015,5/30/2015,6:20:37,7,30.1,AH0,169,32.6247633,Day,F,L,A,MYSE
151.909,8443,6/3/2015,5/26/2015,6:20:38,7,32.8,AH0,255,36.4026816,Day,F,L,A,MYSE
151.909,8443,6/3/2015,5/28/2015,6:20:38,7,33.6,AH0,62,37.2069248,Day,F,L,A,MYSE
151.909,8443,6/3/2015,5/29/2015,6:20:38,7,29.3,AH0,141,31.1505081,Day,F,L,A,MYSE
151.909,8443,6/3/2015,5/30/2015,6:20:39,7,30.1,AH0,172,32.6247633,Day,F,L,A,MYSE
151.909,8443,6/3/2015,5/26/2015,6:20:40,7,32.8,AH0,255,36.4026816,Day,F,L,A,MYSE
151.909,8443,6/3/2015,5/29/2015,6:20:40,7,29.1,AH0,131,30.7541543,Day,F,L,A,MYSE
151.909,8443,6/3/2015,5/30/2015,6:20:41,7,30.1,AH0,168,32.6247633,Day,F,L,A,MYSE
151.909,8443,6/3/2015,5/26/2015,6:20:42,7,32.8,AH0,255,36.4026816,Day,F,L,A,MYSE
151.909,8443,6/3/2015,5/29/2015,6:20:43,7,29,AH0,138,30.5517,Day,F,L,A,MYSE
151.909,8443,6/3/2015,5/30/2015,6:20:43,7,30.1,AH0,165,32.6247633,Day,F,L,A,MYSE
151.909,8443,6/3/2015,5/29/2015,6:20:45,7,28.9,AH0,117,30.3463677,Day,F,L,A,MYSE
151.909,8443,6/3/2015,5/28/2015,6:20:51,7,32.8,AH0,74,36.4026816,Day,F,L,A,MYSE
151.909,8443,6/3/2015,5/28/2015,6:20:53,7,32.7,AH0,78,36.2927939,Day,F,L,A,MYSE
151.909,8443,6/3/2015,5/28/2015,6:20:54,7,32.6,AH0,77,36.1807608,Day,F,L,A,MYSE
151.909,8443,6/3/2015,5/26/2015,6:20:56,7,32.8,AH0,255,36.4026816,Day,F,L,A,MYSE
151.909,8443,6/3/2015,5/28/2015,6:20:56,7,32.4,AH0,77,35.9501792,Day,F,L,A,MYSE
151.909,8443,6/3/2015,5/30/2015,6:20:57,7,30.1,AH0,167,32.6247633,Day,F,L,A,MYSE
151.909,8443,6/3/2015,5/26/2015,6:20:58,7,32.8,AH0,255,36.4026816,Day,F,L,A,MYSE
151.909,8443,6/3/2015,5/28/2015,6:20:58,7,32.3,AH0,78,35.8315911,Day,F,L,A,MYSE
151.909,8443,6/3/2015,5/29/2015,6:20:59,7,28.6,AH0,146,29.7129048,Day,F,L,A,MYSE
151.909,8443,6/3/2015,5/30/2015,6:20:59,7,30.1,AH0,165,32.6247633,Day,F,L,A,MYSE
151.909,8443,6/3/2015,5/26/2015,6:21:00,7,32.8,AH0,255,36.4026816,Day,F,L,A,MYSE
151.909,8443,6/3/2015,5/29/2015,6:21:01,7,28.6,AH0,141,29.7129048,Day,F,L,A,MYSE
151.909,8443,6/3/2015,5/30/2015,6:21:01,7,30.1,AH0,168,32.6247633,Day,F,L,A,MYSE
151.909,8443,6/3/2015,5/26/2015,6:21:02,7,32.8,AH0,255,36.4026816,Day,F,L,A,MYSE
151.909,8443,6/3/2015,5/29/2015,6:21:03,7,28.5,AH0,141,29.4958625,Day,F,L,A,MYSE
151.909,8443,6/3/2015,5/30/2015,6:21:03,7,30.1,AH0,168,32.6247633,Day,F,L,A,MYSE
151.909,8443,6/3/2015,5/28/2015,6:21:11,7,31.5,AH0,63,34.8011375,Day,F,L,A,MYSE
151.909,8443,6/3/2015,5/28/2015,6:21:13,7,31.6,AH0,77,34.9380768,Day,F,L,A,MYSE
151.909,8443,6/3/2015,5/28/2015,6:21:15,7,31.3,AH0,72,34.5200901,Day,F,L,A,MYSE
151.909,8443,6/3/2015,5/26/2015,6:21:17,7,32.8,AH0,255,36.4026816,Day,F,L,A,MYSE
151.909,8443,6/3/2015,5/28/2015,6:21:17,7,31.1,AH0,59,34.2293523,Day,F,L,A,MYSE
151.909,8443,6/3/2015,5/30/2015,6:21:17,7,30.1,AH0,167,32.6247633,Day,F,L,A,MYSE
151.909,8443,6/3/2015,5/26/2015,6:21:18,7,32.8,AH0,255,36.4026816,Day,F,L,A,MYSE
151.909,8443,6/3/2015,5/29/2015,6:21:18,7,28.6,AH0,203,29.7129048,Day,F,L,A,MYSE
151.909,8443,6/3/2015,5/30/2015,6:21:19,7,30.1,AH0,162,32.6247633,Day,F,L,A,MYSE
151.909,8443,6/3/2015,5/26/2015,6:21:20,7,32.8,AH0,255,36.4026816,Day,F,L,A,MYSE
151.909,8443,6/3/2015,5/29/2015,6:21:20,7,28.7,AH0,223,29.9269899,Day,F,L,A,MYSE
151.909,8443,6/3/2015,5/30/2015,6:21:21,7,30.1,AH0,166,32.6247633,Day,F,L,A,MYSE
151.909,8443,6/3/2015,5/26/2015,6:21:22,7,32.8,AH0,255,36.4026816,Day,F,L,A,MYSE
151.909,8443,6/3/2015,5/29/2015,6:21:22,7,28.8,AH0,226,30.1381376,Day,F,L,A,MYSE
151.909,8443,6/3/2015,5/30/2015,6:21:23,7,30.1,AH0,164,32.6247633,Day,F,L,A,MYSE
151.909,8443,6/3/2015,5/29/2015,6:21:24,7,28.9,AH0,232,30.3463677,Day,F,L,A,MYSE
151.909,8443,6/3/2015,5/28/2015,6:21:35,7,30.4,AH0,47,33.1331712,Day,F,L,A,MYSE
151.909,8443,6/3/2015,5/26/2015,6:21:37,7,32.8,AH0,255,36.4026816,Day,F,L,A,MYSE
151.909,8443,6/3/2015,5/28/2015,6:21:37,7,30.5,AH0,47,33.2974125,Day,F,L,A,MYSE
151.909,8443,6/3/2015,5/30/2015,6:21:37,7,30,AH0,165,32.45,Day,F,L,A,MYSE
151.909,8443,6/3/2015,5/26/2015,6:21:39,7,32.8,AH0,255,36.4026816,Day,F,L,A,MYSE
151.909,8443,6/3/2015,5/28/2015,6:21:39,7,30.6,AH0,50,33.4590728,Day,F,L,A,MYSE
151.909,8443,6/3/2015,5/29/2015,6:21:39,7,30.1,AH0,246,32.6247633,Day,F,L,A,MYSE
151.909,8443,6/3/2015,5/30/2015,6:21:39,7,30,AH0,165,32.45,Day,F,L,A,MYSE
151.909,8443,6/3/2015,5/26/2015,6:21:40,7,32.8,AH0,255,36.4026816,Day,F,L,A,MYSE
151.909,8443,6/3/2015,5/29/2015,6:21:41,7,30.2,AH0,250,32.7968664,Day,F,L,A,MYSE
151.909,8443,6/3/2015,5/30/2015,6:21:41,7,30,AH0,167,32.45,Day,F,L,A,MYSE
151.909,8443,6/3/2015,5/26/2015,6:21:42,7,32.8,AH0,255,36.4026816,Day,F,L,A,MYSE
151.909,8443,6/3/2015,5/29/2015,6:21:43,7,30.2,AH0,246,32.7968664,Day,F,L,A,MYSE
151.909,8443,6/3/2015,5/30/2015,6:21:43,7,30,AH0,162,32.45,Day,F,L,A,MYSE
151.909,8443,6/3/2015,5/29/2015,6:21:45,7,30.1,AH0,251,32.6247633,Day,F,L,A,MYSE
151.909,8443,6/3/2015,5/28/2015,6:21:53,7,30.4,AH0,60,33.1331712,Day,F,L,A,MYSE
151.909,8443,6/3/2015,5/28/2015,6:21:55,7,30.2,AH0,56,32.7968664,Day,F,L,A,MYSE
151.909,8443,6/3/2015,5/26/2015,6:21:57,7,32.8,AH0,255,36.4026816,Day,F,L,A,MYSE
151.909,8443,6/3/2015,5/28/2015,6:21:57,7,30.4,AH0,64,33.1331712,Day,F,L,A,MYSE
151.909,8443,6/3/2015,5/30/2015,6:21:57,7,30,AH0,162,32.45,Day,F,L,A,MYSE
151.909,8443,6/3/2015,5/29/2015,6:21:58,7,30.5,AH0,254,33.2974125,Day,F,L,A,MYSE
151.909,8443,6/3/2015,5/26/2015,6:21:59,7,32.9,AH0,255,36.5104437,Day,F,L,A,MYSE
151.909,8443,6/3/2015,5/28/2015,6:21:59,7,30.1,AH0,77,32.6247633,Day,F,L,A,MYSE
151.909,8443,6/3/2015,5/30/2015,6:21:59,7,29.9,AH0,162,32.2725567,Day,F,L,A,MYSE
151.909,8443,6/3/2015,5/26/2015,6:22:00,7,32.8,AH0,255,36.4026816,Day,F,L,A,MYSE
151.909,8443,6/3/2015,5/29/2015,6:22:00,7,30.5,AH0,253,33.2974125,Day,F,L,A,MYSE
151.909,8443,6/3/2015,5/30/2015,6:22:01,7,29.9,AH0,164,32.2725567,Day,F,L,A,MYSE
151.909,8443,6/3/2015,5/26/2015,6:22:02,7,32.9,AH0,255,36.5104437,Day,F,L,A,MYSE
151.909,8443,6/3/2015,5/29/2015,6:22:02,7,30.5,AH0,243,33.2974125,Day,F,L,A,MYSE
151.909,8443,6/3/2015,5/30/2015,6:22:03,7,29.9,AH0,159,32.2725567,Day,F,L,A,MYSE
151.909,8443,6/3/2015,5/29/2015,6:22:04,7,30.4,AH0,70,33.1331712,Day,F,L,A,MYSE
151.909,8443,6/3/2015,5/28/2015,6:22:12,7,30.2,AH0,60,32.7968664,Day,F,L,A,MYSE
151.909,8443,6/3/2015,5/28/2015,6:22:14,7,30.1,AH0,57,32.6247633,Day,F,L,A,MYSE
151.909,8443,6/3/2015,5/26/2015,6:22:15,7,32.8,AH0,255,36.4026816,Day,F,L,A,MYSE
151.909,8443,6/3/2015,5/28/2015,6:22:16,7,30.1,AH0,57,32.6247633,Day,F,L,A,MYSE
151.909,8443,6/3/2015,5/26/2015,6:22:17,7,32.8,AH0,255,36.4026816,Day,F,L,A,MYSE
151.909,8443,6/3/2015,5/28/2015,6:22:18,7,30.1,AH0,57,32.6247633,Day,F,L,A,MYSE
151.909,8443,6/3/2015,5/29/2015,6:22:18,7,29.9,AH0,168,32.2725567,Day,F,L,A,MYSE
151.909,8443,6/3/2015,5/30/2015,6:22:18,7,29.9,AH0,164,32.2725567,Day,F,L,A,MYSE
151.909,8443,6/3/2015,5/26/2015,6:22:19,7,32.8,AH0,255,36.4026816,Day,F,L,A,MYSE
151.909,8443,6/3/2015,5/29/2015,6:22:20,7,29.9,AH0,170,32.2725567,Day,F,L,A,MYSE
151.909,8443,6/3/2015,5/30/2015,6:22:20,7,29.9,AH0,163,32.2725567,Day,F,L,A,MYSE
151.909,8443,6/3/2015,5/26/2015,6:22:21,7,32.8,AH0,255,36.4026816,Day,F,L,A,MYSE
151.909,8443,6/3/2015,5/26/2015,6:22:22,7,32.8,AH0,255,36.4026816,Day,F,L,A,MYSE
151.909,8443,6/3/2015,5/29/2015,6:22:22,7,29.9,AH0,173,32.2725567,Day,F,L,A,MYSE
151.909,8443,6/3/2015,5/30/2015,6:22:22,7,29.9,AH0,164,32.2725567,Day,F,L,A,MYSE
151.909,8443,6/3/2015,5/29/2015,6:22:24,7,29.9,AH0,171,32.2725567,Day,F,L,A,MYSE
151.909,8443,6/3/2015,5/30/2015,6:22:24,7,29.9,AH0,167,32.2725567,Day,F,L,A,MYSE
151.909,8443,6/3/2015,5/28/2015,6:22:32,7,30.2,AH0,53,32.7968664,Day,F,L,A,MYSE
151.909,8443,6/3/2015,5/28/2015,6:22:34,7,30.2,AH0,54,32.7968664,Day,F,L,A,MYSE
151.909,8443,6/3/2015,5/26/2015,6:22:35,7,32.8,AH0,255,36.4026816,Day,F,L,A,MYSE
151.909,8443,6/3/2015,5/28/2015,6:22:36,7,30.2,AH0,51,32.7968664,Day,F,L,A,MYSE
151.909,8443,6/3/2015,5/26/2015,6:22:37,7,32.8,AH0,255,36.4026816,Day,F,L,A,MYSE
151.909,8443,6/3/2015,5/28/2015,6:22:38,7,30.2,AH0,49,32.7968664,Day,F,L,A,MYSE
151.909,8443,6/3/2015,5/29/2015,6:22:38,7,29.9,AH0,175,32.2725567,Day,F,L,A,MYSE
151.909,8443,6/3/2015,5/30/2015,6:22:38,7,29.8,AH0,165,32.0924136,Day,F,L,A,MYSE
151.909,8443,6/3/2015,5/26/2015,6:22:39,7,32.8,AH0,255,36.4026816,Day,F,L,A,MYSE
151.909,8443,6/3/2015,5/29/2015,6:22:40,7,30,AH0,184,32.45,Day,F,L,A,MYSE
151.909,8443,6/3/2015,5/30/2015,6:22:40,7,29.9,AH0,165,32.2725567,Day,F,L,A,MYSE
151.909,8443,6/3/2015,5/26/2015,6:22:41,7,32.8,AH0,255,36.4026816,Day,F,L,A,MYSE
151.909,8443,6/3/2015,5/29/2015,6:22:42,7,30,AH0,186,32.45,Day,F,L,A,MYSE
151.909,8443,6/3/2015,5/30/2015,6:22:42,7,29.9,AH0,165,32.2725567,Day,F,L,A,MYSE
151.909,8443,6/3/2015,5/26/2015,6:22:43,7,32.8,AH0,255,36.4026816,Day,F,L,A,MYSE
151.909,8443,6/3/2015,5/29/2015,6:22:44,7,30,AH0,186,32.45,Day,F,L,A,MYSE
151.909,8443,6/3/2015,5/30/2015,6:22:44,7,29.8,AH0,161,32.0924136,Day,F,L,A,MYSE
151.909,8443,6/3/2015,5/26/2015,6:22:55,7,32.8,AH0,255,36.4026816,Day,F,L,A,MYSE
151.909,8443,6/3/2015,5/26/2015,6:22:57,7,32.8,AH0,255,36.4026816,Day,F,L,A,MYSE
151.909,8443,6/3/2015,5/29/2015,6:22:58,7,29.9,AH0,129,32.2725567,Day,F,L,A,MYSE
151.909,8443,6/3/2015,5/30/2015,6:22:58,7,29.8,AH0,163,32.0924136,Day,F,L,A,MYSE
151.909,8443,6/3/2015,5/26/2015,6:22:59,7,32.8,AH0,255,36.4026816,Day,F,L,A,MYSE
151.909,8443,6/3/2015,5/29/2015,6:23:00,7,29.8,AH0,134,32.0924136,Day,F,L,A,MYSE
151.909,8443,6/3/2015,5/30/2015,6:23:00,7,29.8,AH0,168,32.0924136,Day,F,L,A,MYSE
151.909,8443,6/3/2015,5/26/2015,6:23:01,7,32.9,AH0,255,36.5104437,Day,F,L,A,MYSE
151.909,8443,6/3/2015,5/29/2015,6:23:02,7,29.7,AH0,134,31.9095509,Day,F,L,A,MYSE
151.909,8443,6/3/2015,5/30/2015,6:23:02,7,29.8,AH0,166,32.0924136,Day,F,L,A,MYSE
151.909,8443,6/3/2015,5/26/2015,6:23:03,7,32.8,AH0,255,36.4026816,Day,F,L,A,MYSE
151.909,8443,6/3/2015,5/29/2015,6:23:04,7,29.6,AH0,135,31.7239488,Day,F,L,A,MYSE
151.909,8443,6/3/2015,5/30/2015,6:23:04,7,29.8,AH0,161,32.0924136,Day,F,L,A,MYSE
151.909,8443,6/3/2015,5/28/2015,6:23:13,7,29.7,AH0,60,31.9095509,Day,F,L,A,MYSE
151.909,8443,6/3/2015,5/26/2015,6:23:15,7,32.9,AH0,255,36.5104437,Day,F,L,A,MYSE
151.909,8443,6/3/2015,5/28/2015,6:23:15,7,29.7,AH0,60,31.9095509,Day,F,L,A,MYSE
151.909,8443,6/3/2015,5/26/2015,6:23:17,7,32.9,AH0,255,36.5104437,Day,F,L,A,MYSE
151.909,8443,6/3/2015,5/28/2015,6:23:17,7,29.7,AH0,57,31.9095509,Day,F,L,A,MYSE
151.909,8443,6/3/2015,5/30/2015,6:23:18,7,29.8,AH0,165,32.0924136,Day,F,L,A,MYSE
151.909,8443,6/3/2015,5/26/2015,6:23:19,7,32.9,AH0,255,36.5104437,Day,F,L,A,MYSE
151.909,8443,6/3/2015,5/28/2015,6:23:19,7,29.7,AH0,54,31.9095509,Day,F,L,A,MYSE
151.909,8443,6/3/2015,5/29/2015,6:23:19,7,29.2,AH0,127,30.9537504,Day,F,L,A,MYSE
151.909,8443,6/3/2015,5/30/2015,6:23:20,7,29.8,AH0,165,32.0924136,Day,F,L,A,MYSE
151.909,8443,6/3/2015,5/26/2015,6:23:21,7,32.9,AH0,255,36.5104437,Day,F,L,A,MYSE
151.909,8443,6/3/2015,5/29/2015,6:23:21,7,29.2,AH0,128,30.9537504,Day,F,L,A,MYSE
151.909,8443,6/3/2015,5/30/2015,6:23:22,7,29.7,AH0,166,31.9095509,Day,F,L,A,MYSE
151.909,8443,6/3/2015,5/26/2015,6:23:23,7,32.9,AH0,255,36.5104437,Day,F,L,A,MYSE
151.909,8443,6/3/2015,5/29/2015,6:23:23,7,29.1,AH0,135,30.7541543,Day,F,L,A,MYSE
151.909,8443,6/3/2015,5/30/2015,6:23:24,7,29.7,AH0,166,31.9095509,Day,F,L,A,MYSE
151.909,8443,6/3/2015,5/29/2015,6:23:25,7,29.1,AH0,133,30.7541543,Day,F,L,A,MYSE
151.909,8443,6/3/2015,5/28/2015,6:23:31,7,29.8,AH0,52,32.0924136,Day,F,L,A,MYSE
151.909,8443,6/3/2015,5/28/2015,6:23:33,7,29.7,AH0,52,31.9095509,Day,F,L,A,MYSE
151.909,8443,6/3/2015,5/26/2015,6:23:35,7,32.9,AH0,255,36.5104437,Day,F,L,A,MYSE
151.909,8443,6/3/2015,5/28/2015,6:23:35,7,29.5,AH0,51,31.5355875,Day,F,L,A,MYSE
151.909,8443,6/3/2015,5/26/2015,6:23:37,7,32.9,AH0,255,36.5104437,Day,F,L,A,MYSE
151.909,8443,6/3/2015,5/28/2015,6:23:37,7,29.4,AH0,48,31.3444472,Day,F,L,A,MYSE
151.909,8443,6/3/2015,5/29/2015,6:23:37,7,28.7,AH0,162,29.9269899,Day,F,L,A,MYSE
151.909,8443,6/3/2015,5/30/2015,6:23:38,7,29.7,AH0,166,31.9095509,Day,F,L,A,MYSE
151.909,8443,6/3/2015,5/26/2015,6:23:39,7,32.9,AH0,255,36.5104437,Day,F,L,A,MYSE
151.909,8443,6/3/2015,5/29/2015,6:23:39,7,28.7,AH0,176,29.9269899,Day,F,L,A,MYSE
151.909,8443,6/3/2015,5/30/2015,6:23:40,7,29.7,AH0,166,31.9095509,Day,F,L,A,MYSE
151.909,8443,6/3/2015,5/26/2015,6:23:41,7,32.9,AH0,255,36.5104437,Day,F,L,A,MYSE
151.909,8443,6/3/2015,5/29/2015,6:23:42,7,28.7,AH0,183,29.9269899,Day,F,L,A,MYSE
151.909,8443,6/3/2015,5/30/2015,6:23:42,7,29.7,AH0,165,31.9095509,Day,F,L,A,MYSE
151.909,8443,6/3/2015,5/26/2015,6:23:43,7,32.9,AH0,255,36.5104437,Day,F,L,A,MYSE
151.909,8443,6/3/2015,5/29/2015,6:23:44,7,28.7,AH0,192,29.9269899,Day,F,L,A,MYSE
151.909,8443,6/3/2015,5/30/2015,6:23:44,7,29.7,AH0,164,31.9095509,Day,F,L,A,MYSE
151.909,8443,6/3/2015,5/28/2015,6:23:51,7,29.3,AH0,48,31.1505081,Day,F,L,A,MYSE
151.909,8443,6/3/2015,5/28/2015,6:23:53,7,29.2,AH0,45,30.9537504,Day,F,L,A,MYSE
151.909,8443,6/3/2015,5/26/2015,6:23:56,7,32.9,AH0,255,36.5104437,Day,F,L,A,MYSE
151.909,8443,6/3/2015,5/26/2015,6:23:57,7,32.9,AH0,255,36.5104437,Day,F,L,A,MYSE
151.909,8443,6/3/2015,5/28/2015,6:23:57,7,14.5,AH0,42,-39.3277875,Day,F,L,A,MYSE
151.909,8443,6/3/2015,5/29/2015,6:23:58,7,29.2,AH0,161,30.9537504,Day,F,L,A,MYSE
151.909,8443,6/3/2015,5/30/2015,6:23:58,7,29.7,AH0,159,31.9095509,Day,F,L,A,MYSE
151.909,8443,6/3/2015,5/26/2015,6:23:59,7,32.9,AH0,255,36.5104437,Day,F,L,A,MYSE
151.909,8443,6/3/2015,5/29/2015,6:24:00,7,29.2,AH0,163,30.9537504,Day,F,L,A,MYSE
151.909,8443,6/3/2015,5/30/2015,6:24:00,7,29.7,AH0,166,31.9095509,Day,F,L,A,MYSE
151.909,8443,6/3/2015,5/26/2015,6:24:01,7,32.9,AH0,255,36.5104437,Day,F,L,A,MYSE
151.909,8443,6/3/2015,5/29/2015,6:24:02,7,29.3,AH0,179,31.1505081,Day,F,L,A,MYSE
151.909,8443,6/3/2015,5/30/2015,6:24:02,7,29.7,AH0,166,31.9095509,Day,F,L,A,MYSE
151.909,8443,6/3/2015,5/26/2015,6:24:03,7,32.9,AH0,255,36.5104437,Day,F,L,A,MYSE
151.909,8443,6/3/2015,5/29/2015,6:24:04,7,29.3,AH0,169,31.1505081,Day,F,L,A,MYSE
151.909,8443,6/3/2015,5/30/2015,6:24:04,7,29.7,AH0,161,31.9095509,Day,F,L,A,MYSE
151.909,8443,6/3/2015,5/26/2015,6:24:16,7,32.9,AH0,255,36.5104437,Day,F,L,A,MYSE
151.909,8443,6/3/2015,5/26/2015,6:24:17,7,32.9,AH0,255,36.5104437,Day,F,L,A,MYSE
151.909,8443,6/3/2015,5/30/2015,6:24:17,7,29.7,AH0,163,31.9095509,Day,F,L,A,MYSE
151.909,8443,6/3/2015,5/26/2015,6:24:19,7,32.9,AH0,255,36.5104437,Day,F,L,A,MYSE
151.909,8443,6/3/2015,5/29/2015,6:24:19,7,29.5,AH0,148,31.5355875,Day,F,L,A,MYSE
151.909,8443,6/3/2015,5/30/2015,6:24:19,7,29.7,AH0,162,31.9095509,Day,F,L,A,MYSE
151.909,8443,6/3/2015,5/26/2015,6:24:21,7,32.9,AH0,255,36.5104437,Day,F,L,A,MYSE
151.909,8443,6/3/2015,5/29/2015,6:24:21,7,29.6,AH0,140,31.7239488,Day,F,L,A,MYSE
151.909,8443,6/3/2015,5/30/2015,6:24:21,7,29.7,AH0,163,31.9095509,Day,F,L,A,MYSE
151.909,8443,6/3/2015,5/26/2015,6:24:23,7,32.9,AH0,255,36.5104437,Day,F,L,A,MYSE
151.909,8443,6/3/2015,5/29/2015,6:24:23,7,29.6,AH0,139,31.7239488,Day,F,L,A,MYSE
151.909,8443,6/3/2015,5/30/2015,6:24:23,7,29.7,AH0,163,31.9095509,Day,F,L,A,MYSE
151.909,8443,6/3/2015,5/29/2015,6:24:25,7,29.7,AH0,146,31.9095509,Day,F,L,A,MYSE
151.909,8443,6/3/2015,5/28/2015,6:24:33,7,28.6,AH0,52,29.7129048,Day,F,L,A,MYSE
151.909,8443,6/3/2015,5/28/2015,6:24:35,7,28.6,AH0,47,29.7129048,Day,F,L,A,MYSE
151.909,8443,6/3/2015,5/26/2015,6:24:36,7,32.9,AH0,255,36.5104437,Day,F,L,A,MYSE
151.909,8443,6/3/2015,5/28/2015,6:24:37,7,28.7,AH0,54,29.9269899,Day,F,L,A,MYSE
151.909,8443,6/3/2015,5/30/2015,6:24:37,7,29.7,AH0,164,31.9095509,Day,F,L,A,MYSE
151.909,8443,6/3/2015,5/26/2015,6:24:38,7,32.9,AH0,255,36.5104437,Day,F,L,A,MYSE
151.909,8443,6/3/2015,5/26/2015,6:24:39,7,32.9,AH0,255,36.5104437,Day,F,L,A,MYSE
151.909,8443,6/3/2015,5/29/2015,6:24:39,7,29.8,AH0,163,32.0924136,Day,F,L,A,MYSE
151.909,8443,6/3/2015,5/30/2015,6:24:39,7,29.7,AH0,166,31.9095509,Day,F,L,A,MYSE
151.909,8443,6/3/2015,5/26/2015,6:24:41,7,32.9,AH0,255,36.5104437,Day,F,L,A,MYSE
151.909,8443,6/3/2015,5/29/2015,6:24:41,7,29.8,AH0,153,32.0924136,Day,F,L,A,MYSE
151.909,8443,6/3/2015,5/30/2015,6:24:41,7,29.7,AH0,164,31.9095509,Day,F,L,A,MYSE
151.909,8443,6/3/2015,5/26/2015,6:24:43,7,32.9,AH0,255,36.5104437,Day,F,L,A,MYSE
151.909,8443,6/3/2015,5/29/2015,6:24:43,7,29.8,AH0,149,32.0924136,Day,F,L,A,MYSE
151.909,8443,6/3/2015,5/30/2015,6:24:43,7,29.7,AH0,160,31.9095509,Day,F,L,A,MYSE
151.909,8443,6/3/2015,5/29/2015,6:24:45,7,29.9,AH0,152,32.2725567,Day,F,L,A,MYSE
151.909,8443,6/3/2015,5/26/2015,6:24:56,7,32.9,AH0,255,36.5104437,Day,F,L,A,MYSE
151.909,8443,6/3/2015,5/30/2015,6:24:57,7,29.7,AH0,161,31.9095509,Day,F,L,A,MYSE
151.909,8443,6/3/2015,5/26/2015,6:24:58,7,32.9,AH0,255,36.5104437,Day,F,L,A,MYSE
151.909,8443,6/3/2015,5/26/2015,6:24:59,7,32.9,AH0,255,36.5104437,Day,F,L,A,MYSE
151.909,8443,6/3/2015,5/29/2015,6:24:59,7,30,AH0,151,32.45,Day,F,L,A,MYSE
151.909,8443,6/3/2015,5/30/2015,6:24:59,7,29.7,AH0,164,31.9095509,Day,F,L,A,MYSE
151.909,8443,6/3/2015,5/26/2015,6:25:01,7,32.9,AH0,255,36.5104437,Day,F,L,A,MYSE
151.909,8443,6/3/2015,5/29/2015,6:25:01,7,30,AH0,156,32.45,Day,F,L,A,MYSE
151.909,8443,6/3/2015,5/30/2015,6:25:01,7,29.7,AH0,165,31.9095509,Day,F,L,A,MYSE
151.909,8443,6/3/2015,5/26/2015,6:25:03,7,33,AH0,255,36.6161,Day,F,L,A,MYSE
151.909,8443,6/3/2015,5/29/2015,6:25:03,7,30,AH0,155,32.45,Day,F,L,A,MYSE
151.909,8443,6/3/2015,5/30/2015,6:25:03,7,29.7,AH0,162,31.9095509,Day,F,L,A,MYSE
151.909,8443,6/3/2015,5/29/2015,6:25:05,7,30,AH0,150,32.45,Day,F,L,A,MYSE
151.909,8443,6/3/2015,5/28/2015,6:25:13,7,28.1,AH0,41,28.5977253,Day,F,L,A,MYSE
151.909,8443,6/3/2015,5/28/2015,6:25:15,7,28.4,AH0,41,29.2758432,Day,F,L,A,MYSE
151.909,8443,6/3/2015,5/26/2015,6:25:16,7,32.9,AH0,255,36.5104437,Day,F,L,A,MYSE
151.909,8443,6/3/2015,5/28/2015,6:25:17,7,28.7,AH0,55,29.9269899,Day,F,L,A,MYSE
151.909,8443,6/3/2015,5/30/2015,6:25:17,7,29.7,AH0,164,31.9095509,Day,F,L,A,MYSE
151.909,8443,6/3/2015,5/26/2015,6:25:18,7,33,AH0,255,36.6161,Day,F,L,A,MYSE
151.909,8443,6/3/2015,5/26/2015,6:25:19,7,33,AH0,255,36.6161,Day,F,L,A,MYSE
151.909,8443,6/3/2015,5/29/2015,6:25:19,7,30.2,AH0,153,32.7968664,Day,F,L,A,MYSE
151.909,8443,6/3/2015,5/30/2015,6:25:19,7,29.7,AH0,163,31.9095509,Day,F,L,A,MYSE
151.909,8443,6/3/2015,5/26/2015,6:25:21,7,32.9,AH0,255,36.5104437,Day,F,L,A,MYSE
151.909,8443,6/3/2015,5/29/2015,6:25:21,7,30.2,AH0,151,32.7968664,Day,F,L,A,MYSE
151.909,8443,6/3/2015,5/30/2015,6:25:21,7,29.7,AH0,162,31.9095509,Day,F,L,A,MYSE
151.909,8443,6/3/2015,5/26/2015,6:25:23,7,33,AH0,255,36.6161,Day,F,L,A,MYSE
151.909,8443,6/3/2015,5/29/2015,6:25:23,7,30.2,AH0,161,32.7968664,Day,F,L,A,MYSE
151.909,8443,6/3/2015,5/30/2015,6:25:23,7,29.7,AH0,162,31.9095509,Day,F,L,A,MYSE
151.909,8443,6/3/2015,5/29/2015,6:25:25,7,30.2,AH0,162,32.7968664,Day,F,L,A,MYSE
151.909,8443,6/3/2015,5/26/2015,6:25:36,7,33,AH0,255,36.6161,Day,F,L,A,MYSE
151.909,8443,6/3/2015,5/30/2015,6:25:37,7,29.6,AH0,165,31.7239488,Day,F,L,A,MYSE
151.909,8443,6/3/2015,5/26/2015,6:25:38,7,33,AH0,255,36.6161,Day,F,L,A,MYSE
151.909,8443,6/3/2015,5/26/2015,6:25:39,7,33,AH0,255,36.6161,Day,F,L,A,MYSE
151.909,8443,6/3/2015,5/29/2015,6:25:39,7,30.3,AH0,154,32.9663291,Day,F,L,A,MYSE
151.909,8443,6/3/2015,5/30/2015,6:25:39,7,29.7,AH0,161,31.9095509,Day,F,L,A,MYSE
151.909,8443,6/3/2015,5/26/2015,6:25:41,7,33,AH0,255,36.6161,Day,F,L,A,MYSE
151.909,8443,6/3/2015,5/29/2015,6:25:41,7,30.3,AH0,153,32.9663291,Day,F,L,A,MYSE
151.909,8443,6/3/2015,5/30/2015,6:25:41,7,29.7,AH0,164,31.9095509,Day,F,L,A,MYSE
151.909,8443,6/3/2015,5/26/2015,6:25:43,7,33,AH0,255,36.6161,Day,F,L,A,MYSE
151.909,8443,6/3/2015,5/29/2015,6:25:43,7,30.3,AH0,158,32.9663291,Day,F,L,A,MYSE
151.909,8443,6/3/2015,5/30/2015,6:25:43,7,29.6,AH0,164,31.7239488,Day,F,L,A,MYSE
151.909,8443,6/3/2015,5/29/2015,6:25:45,7,30.3,AH0,152,32.9663291,Day,F,L,A,MYSE
151.909,8443,6/3/2015,5/26/2015,6:25:56,7,33,AH0,255,36.6161,Day,F,L,A,MYSE
151.909,8443,6/3/2015,5/26/2015,6:25:58,7,33,AH0,255,36.6161,Day,F,L,A,MYSE
151.909,8443,6/3/2015,5/29/2015,6:25:58,7,30.3,AH0,153,32.9663291,Day,F,L,A,MYSE
151.909,8443,6/3/2015,5/30/2015,6:25:58,7,29.6,AH0,166,31.7239488,Day,F,L,A,MYSE
151.909,8443,6/3/2015,5/26/2015,6:25:59,7,33,AH0,255,36.6161,Day,F,L,A,MYSE
151.909,8443,6/3/2015,5/29/2015,6:26:00,7,30.3,AH0,149,32.9663291,Day,F,L,A,MYSE
151.909,8443,6/3/2015,5/30/2015,6:26:00,7,29.6,AH0,165,31.7239488,Day,F,L,A,MYSE
151.909,8443,6/3/2015,5/26/2015,6:26:01,7,33,AH0,255,36.6161,Day,F,L,A,MYSE
151.909,8443,6/3/2015,5/29/2015,6:26:02,7,30.3,AH0,150,32.9663291,Day,F,L,A,MYSE
151.909,8443,6/3/2015,5/30/2015,6:26:02,7,29.6,AH0,163,31.7239488,Day,F,L,A,MYSE
151.909,8443,6/3/2015,5/26/2015,6:26:03,7,33,AH0,255,36.6161,Day,F,L,A,MYSE
151.909,8443,6/3/2015,5/29/2015,6:26:04,7,30.3,AH0,157,32.9663291,Day,F,L,A,MYSE
151.909,8443,6/3/2015,5/30/2015,6:26:04,7,29.6,AH0,162,31.7239488,Day,F,L,A,MYSE
151.909,8443,6/3/2015,5/26/2015,6:26:16,7,33,AH0,255,36.6161,Day,F,L,A,MYSE
151.909,8443,6/3/2015,5/26/2015,6:26:18,7,33,AH0,255,36.6161,Day,F,L,A,MYSE
151.909,8443,6/3/2015,5/29/2015,6:26:18,7,30.5,AH0,158,33.2974125,Day,F,L,A,MYSE
151.909,8443,6/3/2015,5/30/2015,6:26:18,7,29.6,AH0,165,31.7239488,Day,F,L,A,MYSE
151.909,8443,6/3/2015,5/26/2015,6:26:19,7,33,AH0,255,36.6161,Day,F,L,A,MYSE
151.909,8443,6/3/2015,5/29/2015,6:26:20,7,30.5,AH0,151,33.2974125,Day,F,L,A,MYSE
151.909,8443,6/3/2015,5/30/2015,6:26:20,7,29.6,AH0,164,31.7239488,Day,F,L,A,MYSE
151.909,8443,6/3/2015,5/26/2015,6:26:21,7,33,AH0,255,36.6161,Day,F,L,A,MYSE
151.909,8443,6/3/2015,5/29/2015,6:26:22,7,30.5,AH0,158,33.2974125,Day,F,L,A,MYSE
151.909,8443,6/3/2015,5/30/2015,6:26:22,7,29.6,AH0,163,31.7239488,Day,F,L,A,MYSE
151.909,8443,6/3/2015,5/26/2015,6:26:23,7,33,AH0,255,36.6161,Day,F,L,A,MYSE
151.909,8443,6/3/2015,5/29/2015,6:26:24,7,30.5,AH0,161,33.2974125,Day,F,L,A,MYSE
151.909,8443,6/3/2015,5/30/2015,6:26:24,7,29.6,AH0,161,31.7239488,Day,F,L,A,MYSE
151.909,8443,6/3/2015,5/28/2015,6:26:31,7,29.5,AH0,55,31.5355875,Day,F,L,A,MYSE
151.909,8443,6/3/2015,5/28/2015,6:26:33,7,29.4,AH0,59,31.3444472,Day,F,L,A,MYSE
151.909,8443,6/3/2015,5/28/2015,6:26:35,7,29.4,AH0,57,31.3444472,Day,F,L,A,MYSE
151.909,8443,6/3/2015,5/26/2015,6:26:36,7,33,AH0,255,36.6161,Day,F,L,A,MYSE
151.909,8443,6/3/2015,5/28/2015,6:26:37,7,29.3,AH0,55,31.1505081,Day,F,L,A,MYSE
151.909,8443,6/3/2015,5/26/2015,6:26:38,7,33,AH0,255,36.6161,Day,F,L,A,MYSE
151.909,8443,6/3/2015,5/29/2015,6:26:38,7,30.5,AH0,155,33.2974125,Day,F,L,A,MYSE
151.909,8443,6/3/2015,5/30/2015,6:26:38,7,29.6,AH0,157,31.7239488,Day,F,L,A,MYSE
151.909,8443,6/3/2015,5/26/2015,6:26:39,7,33,AH0,255,36.6161,Day,F,L,A,MYSE
151.909,8443,6/3/2015,5/29/2015,6:26:40,7,30.5,AH0,157,33.2974125,Day,F,L,A,MYSE
151.909,8443,6/3/2015,5/30/2015,6:26:40,7,29.6,AH0,165,31.7239488,Day,F,L,A,MYSE
151.909,8443,6/3/2015,5/26/2015,6:26:41,7,33,AH0,255,36.6161,Day,F,L,A,MYSE
151.909,8443,6/3/2015,5/29/2015,6:26:42,7,30.5,AH0,159,33.2974125,Day,F,L,A,MYSE
151.909,8443,6/3/2015,5/30/2015,6:26:42,7,29.6,AH0,164,31.7239488,Day,F,L,A,MYSE
151.909,8443,6/3/2015,5/26/2015,6:26:43,7,33,AH0,255,36.6161,Day,F,L,A,MYSE
151.909,8443,6/3/2015,5/29/2015,6:26:44,7,30.5,AH0,158,33.2974125,Day,F,L,A,MYSE
151.909,8443,6/3/2015,5/30/2015,6:26:44,7,29.6,AH0,163,31.7239488,Day,F,L,A,MYSE
151.909,8443,6/3/2015,5/28/2015,6:26:52,7,29.3,AH0,58,31.1505081,Day,F,L,A,MYSE
151.909,8443,6/3/2015,5/28/2015,6:26:54,7,29.3,AH0,66,31.1505081,Day,F,L,A,MYSE
151.909,8443,6/3/2015,5/26/2015,6:26:56,7,33,AH0,255,36.6161,Day,F,L,A,MYSE
151.909,8443,6/3/2015,5/28/2015,6:26:56,7,29.3,AH0,68,31.1505081,Day,F,L,A,MYSE
151.909,8443,6/3/2015,5/30/2015,6:26:56,7,29.9,AH0,166,32.2725567,Day,F,L,A,MYSE
151.909,8443,6/3/2015,5/26/2015,6:26:58,7,33,AH0,255,36.6161,Day,F,L,A,MYSE
151.909,8443,6/3/2015,5/28/2015,6:26:58,7,29.3,AH0,65,31.1505081,Day,F,L,A,MYSE
151.909,8443,6/3/2015,5/29/2015,6:26:58,7,30.6,AH0,161,33.4590728,Day,F,L,A,MYSE
151.909,8443,6/3/2015,5/30/2015,6:26:58,7,29.6,AH0,164,31.7239488,Day,F,L,A,MYSE
151.909,8443,6/3/2015,5/26/2015,6:26:59,7,33,AH0,255,36.6161,Day,F,L,A,MYSE
151.909,8443,6/3/2015,5/29/2015,6:26:59,7,30.6,AH0,160,33.4590728,Day,F,L,A,MYSE
151.909,8443,6/3/2015,5/30/2015,6:27:00,7,29.6,AH0,160,31.7239488,Day,F,L,A,MYSE
151.909,8443,6/3/2015,5/26/2015,6:27:01,7,33,AH0,255,36.6161,Day,F,L,A,MYSE
151.909,8443,6/3/2015,5/29/2015,6:27:01,7,30.6,AH0,155,33.4590728,Day,F,L,A,MYSE
151.909,8443,6/3/2015,5/26/2015,6:27:03,7,33,AH0,255,36.6161,Day,F,L,A,MYSE
151.909,8443,6/3/2015,5/29/2015,6:27:03,7,30.6,AH0,159,33.4590728,Day,F,L,A,MYSE
151.909,8443,6/3/2015,5/30/2015,6:27:03,7,29.6,AH0,166,31.7239488,Day,F,L,A,MYSE
151.909,8443,6/3/2015,5/28/2015,6:27:12,7,29.4,AH0,70,31.3444472,Day,F,L,A,MYSE
151.909,8443,6/3/2015,5/28/2015,6:27:14,7,29.5,AH0,76,31.5355875,Day,F,L,A,MYSE
151.909,8443,6/3/2015,5/26/2015,6:27:16,7,33,AH0,255,36.6161,Day,F,L,A,MYSE
151.909,8443,6/3/2015,5/28/2015,6:27:16,7,29.4,AH0,66,31.3444472,Day,F,L,A,MYSE
151.909,8443,6/3/2015,5/29/2015,6:27:17,7,30.6,AH0,157,33.4590728,Day,F,L,A,MYSE
151.909,8443,6/3/2015,5/30/2015,6:27:17,7,29.6,AH0,164,31.7239488,Day,F,L,A,MYSE
151.909,8443,6/3/2015,5/26/2015,6:27:18,7,33,AH0,255,36.6161,Day,F,L,A,MYSE
151.909,8443,6/3/2015,5/28/2015,6:27:18,7,29.5,AH0,73,31.5355875,Day,F,L,A,MYSE
151.909,8443,6/3/2015,5/26/2015,6:27:19,7,33,AH0,255,36.6161,Day,F,L,A,MYSE
151.909,8443,6/3/2015,5/29/2015,6:27:19,7,30.6,AH0,160,33.4590728,Day,F,L,A,MYSE
151.909,8443,6/3/2015,5/30/2015,6:27:19,7,29.6,AH0,164,31.7239488,Day,F,L,A,MYSE
151.909,8443,6/3/2015,5/26/2015,6:27:21,7,33,AH0,255,36.6161,Day,F,L,A,MYSE
151.909,8443,6/3/2015,5/29/2015,6:27:21,7,30.6,AH0,161,33.4590728,Day,F,L,A,MYSE
151.909,8443,6/3/2015,5/30/2015,6:27:21,7,29.6,AH0,165,31.7239488,Day,F,L,A,MYSE
151.909,8443,6/3/2015,5/26/2015,6:27:23,7,33,AH0,255,36.6161,Day,F,L,A,MYSE
151.909,8443,6/3/2015,5/29/2015,6:27:23,7,30.6,AH0,155,33.4590728,Day,F,L,A,MYSE
151.909,8443,6/3/2015,5/30/2015,6:27:23,7,29.6,AH0,162,31.7239488,Day,F,L,A,MYSE
151.909,8443,6/3/2015,5/28/2015,6:27:32,7,29.5,AH0,72,31.5355875,Day,F,L,A,MYSE
151.909,8443,6/3/2015,5/28/2015,6:27:34,7,29.5,AH0,71,31.5355875,Day,F,L,A,MYSE
151.909,8443,6/3/2015,5/26/2015,6:27:36,7,32.9,AH0,255,36.5104437,Day,F,L,A,MYSE
151.909,8443,6/3/2015,5/28/2015,6:27:36,7,29.5,AH0,72,31.5355875,Day,F,L,A,MYSE
151.909,8443,6/3/2015,5/30/2015,6:27:37,7,29.6,AH0,163,31.7239488,Day,F,L,A,MYSE
151.909,8443,6/3/2015,5/26/2015,6:27:38,7,32.9,AH0,255,36.5104437,Day,F,L,A,MYSE
151.909,8443,6/3/2015,5/28/2015,6:27:38,7,29.6,AH0,72,31.7239488,Day,F,L,A,MYSE
151.909,8443,6/3/2015,5/26/2015,6:27:39,7,32.9,AH0,255,36.5104437,Day,F,L,A,MYSE
151.909,8443,6/3/2015,5/29/2015,6:27:39,7,30.6,AH0,158,33.4590728,Day,F,L,A,MYSE
151.909,8443,6/3/2015,5/30/2015,6:27:39,7,29.6,AH0,167,31.7239488,Day,F,L,A,MYSE
151.909,8443,6/3/2015,5/26/2015,6:27:41,7,32.9,AH0,255,36.5104437,Day,F,L,A,MYSE
151.909,8443,6/3/2015,5/29/2015,6:27:41,7,30.6,AH0,163,33.4590728,Day,F,L,A,MYSE
151.909,8443,6/3/2015,5/30/2015,6:27:41,7,29.6,AH0,164,31.7239488,Day,F,L,A,MYSE
151.909,8443,6/3/2015,5/29/2015,6:27:43,7,30.6,AH0,160,33.4590728,Day,F,L,A,MYSE
151.909,8443,6/3/2015,5/30/2015,6:27:43,7,29.6,AH0,164,31.7239488,Day,F,L,A,MYSE
151.909,8443,6/3/2015,5/29/2015,6:27:45,7,30.6,AH0,160,33.4590728,Day,F,L,A,MYSE
151.909,8443,6/3/2015,5/28/2015,6:27:51,7,29.4,AH0,83,31.3444472,Day,F,L,A,MYSE
151.909,8443,6/3/2015,5/28/2015,6:27:53,7,29.4,AH0,81,31.3444472,Day,F,L,A,MYSE
151.909,8443,6/3/2015,5/28/2015,6:27:55,7,29.4,AH0,82,31.3444472,Day,F,L,A,MYSE
151.909,8443,6/3/2015,5/26/2015,6:27:56,7,32.9,AH0,255,36.5104437,Day,F,L,A,MYSE
151.909,8443,6/3/2015,5/28/2015,6:27:57,7,29.4,AH0,80,31.3444472,Day,F,L,A,MYSE
151.909,8443,6/3/2015,5/30/2015,6:27:57,7,29.6,AH0,163,31.7239488,Day,F,L,A,MYSE
151.909,8443,6/3/2015,5/26/2015,6:27:58,7,32.9,AH0,255,36.5104437,Day,F,L,A,MYSE
151.909,8443,6/3/2015,5/29/2015,6:27:58,7,30.7,AH0,157,33.6181719,Day,F,L,A,MYSE
151.909,8443,6/3/2015,5/30/2015,6:27:59,7,29.6,AH0,163,31.7239488,Day,F,L,A,MYSE
151.909,8443,6/3/2015,5/26/2015,6:28:00,7,32.9,AH0,255,36.5104437,Day,F,L,A,MYSE
151.909,8443,6/3/2015,5/29/2015,6:28:00,7,30.7,AH0,161,33.6181719,Day,F,L,A,MYSE
151.909,8443,6/3/2015,5/26/2015,6:28:01,7,32.9,AH0,255,36.5104437,Day,F,L,A,MYSE
151.909,8443,6/3/2015,5/30/2015,6:28:01,7,29.6,AH0,162,31.7239488,Day,F,L,A,MYSE
151.909,8443,6/3/2015,5/29/2015,6:28:02,7,30.7,AH0,160,33.6181719,Day,F,L,A,MYSE
151.909,8443,6/3/2015,5/30/2015,6:28:03,7,29.6,AH0,160,31.7239488,Day,F,L,A,MYSE
151.909,8443,6/3/2015,5/29/2015,6:28:04,7,30.7,AH0,160,33.6181719,Day,F,L,A,MYSE
151.909,8443,6/3/2015,5/28/2015,6:28:11,7,29.2,AH0,82,30.9537504,Day,F,L,A,MYSE
151.909,8443,6/3/2015,5/28/2015,6:28:13,7,29.2,AH0,82,30.9537504,Day,F,L,A,MYSE
151.909,8443,6/3/2015,5/28/2015,6:28:15,7,29.2,AH0,83,30.9537504,Day,F,L,A,MYSE
151.909,8443,6/3/2015,5/26/2015,6:28:16,7,32.9,AH0,255,36.5104437,Day,F,L,A,MYSE
151.909,8443,6/3/2015,5/28/2015,6:28:17,7,29.2,AH0,88,30.9537504,Day,F,L,A,MYSE
151.909,8443,6/3/2015,5/30/2015,6:28:17,7,29.6,AH0,165,31.7239488,Day,F,L,A,MYSE
151.909,8443,6/3/2015,5/26/2015,6:28:18,7,32.9,AH0,255,36.5104437,Day,F,L,A,MYSE
151.909,8443,6/3/2015,5/29/2015,6:28:18,7,30.7,AH0,160,33.6181719,Day,F,L,A,MYSE
151.909,8443,6/3/2015,5/26/2015,6:28:20,7,32.9,AH0,255,36.5104437,Day,F,L,A,MYSE
151.909,8443,6/3/2015,5/29/2015,6:28:20,7,30.7,AH0,157,33.6181719,Day,F,L,A,MYSE
151.909,8443,6/3/2015,5/30/2015,6:28:20,7,29.6,AH0,164,31.7239488,Day,F,L,A,MYSE
151.909,8443,6/3/2015,5/26/2015,6:28:21,7,32.9,AH0,255,36.5104437,Day,F,L,A,MYSE
151.909,8443,6/3/2015,5/29/2015,6:28:22,7,30.7,AH0,156,33.6181719,Day,F,L,A,MYSE
151.909,8443,6/3/2015,5/30/2015,6:28:22,7,29.6,AH0,164,31.7239488,Day,F,L,A,MYSE
151.909,8443,6/3/2015,5/29/2015,6:28:24,7,30.7,AH0,156,33.6181719,Day,F,L,A,MYSE
151.909,8443,6/3/2015,5/30/2015,6:28:24,7,29.6,AH0,163,31.7239488,Day,F,L,A,MYSE
151.909,8443,6/3/2015,5/28/2015,6:28:32,7,29.2,AH0,93,30.9537504,Day,F,L,A,MYSE
151.909,8443,6/3/2015,5/28/2015,6:28:34,7,29.1,AH0,96,30.7541543,Day,F,L,A,MYSE
151.909,8443,6/3/2015,5/26/2015,6:28:36,7,32.9,AH0,255,36.5104437,Day,F,L,A,MYSE
151.909,8443,6/3/2015,5/28/2015,6:28:36,7,29.1,AH0,92,30.7541543,Day,F,L,A,MYSE
151.909,8443,6/3/2015,5/29/2015,6:28:37,7,30.7,AH0,162,33.6181719,Day,F,L,A,MYSE
151.909,8443,6/3/2015,5/26/2015,6:28:38,7,32.9,AH0,255,36.5104437,Day,F,L,A,MYSE
151.909,8443,6/3/2015,5/28/2015,6:28:38,7,29.1,AH0,92,30.7541543,Day,F,L,A,MYSE
151.909,8443,6/3/2015,5/30/2015,6:28:38,7,29.6,AH0,163,31.7239488,Day,F,L,A,MYSE
151.909,8443,6/3/2015,5/29/2015,6:28:39,7,30.7,AH0,155,33.6181719,Day,F,L,A,MYSE
151.909,8443,6/3/2015,5/26/2015,6:28:40,7,32.9,AH0,255,36.5104437,Day,F,L,A,MYSE
151.909,8443,6/3/2015,5/30/2015,6:28:40,7,29.6,AH0,166,31.7239488,Day,F,L,A,MYSE
151.909,8443,6/3/2015,5/26/2015,6:28:41,7,32.9,AH0,255,36.5104437,Day,F,L,A,MYSE
151.909,8443,6/3/2015,5/29/2015,6:28:41,7,30.7,AH0,160,33.6181719,Day,F,L,A,MYSE
151.909,8443,6/3/2015,5/30/2015,6:28:42,7,29.6,AH0,163,31.7239488,Day,F,L,A,MYSE
151.909,8443,6/3/2015,5/29/2015,6:28:43,7,30.7,AH0,158,33.6181719,Day,F,L,A,MYSE
151.909,8443,6/3/2015,5/30/2015,6:28:44,7,29.6,AH0,163,31.7239488,Day,F,L,A,MYSE
151.909,8443,6/3/2015,5/28/2015,6:28:52,7,29.1,AH0,96,30.7541543,Day,F,L,A,MYSE
151.909,8443,6/3/2015,5/28/2015,6:28:54,7,29.1,AH0,91,30.7541543,Day,F,L,A,MYSE
151.909,8443,6/3/2015,5/26/2015,6:28:56,7,32.9,AH0,255,36.5104437,Day,F,L,A,MYSE
151.909,8443,6/3/2015,5/28/2015,6:28:56,7,29.1,AH0,90,30.7541543,Day,F,L,A,MYSE
151.909,8443,6/3/2015,5/29/2015,6:28:57,7,30.7,AH0,161,33.6181719,Day,F,L,A,MYSE
151.909,8443,6/3/2015,5/26/2015,6:28:58,7,32.9,AH0,255,36.5104437,Day,F,L,A,MYSE
151.909,8443,6/3/2015,5/30/2015,6:28:58,7,29.6,AH0,163,31.7239488,Day,F,L,A,MYSE
151.909,8443,6/3/2015,5/28/2015,6:28:59,7,29.1,AH0,91,30.7541543,Day,F,L,A,MYSE
151.909,8443,6/3/2015,5/29/2015,6:28:59,7,30.7,AH0,154,33.6181719,Day,F,L,A,MYSE
151.909,8443,6/3/2015,5/26/2015,6:29:00,7,32.9,AH0,255,36.5104437,Day,F,L,A,MYSE
151.909,8443,6/3/2015,5/30/2015,6:29:00,7,29.6,AH0,160,31.7239488,Day,F,L,A,MYSE
151.909,8443,6/3/2015,5/29/2015,6:29:01,7,30.7,AH0,156,33.6181719,Day,F,L,A,MYSE
151.909,8443,6/3/2015,5/26/2015,6:29:02,7,32.9,AH0,255,36.5104437,Day,F,L,A,MYSE
151.909,8443,6/3/2015,5/30/2015,6:29:02,7,29.6,AH0,162,31.7239488,Day,F,L,A,MYSE
151.909,8443,6/3/2015,5/29/2015,6:29:03,7,30.7,AH0,160,33.6181719,Day,F,L,A,MYSE
151.909,8443,6/3/2015,5/30/2015,6:29:04,7,29.6,AH0,163,31.7239488,Day,F,L,A,MYSE
151.909,8443,6/3/2015,5/29/2015,6:29:05,7,30.7,AH0,159,33.6181719,Day,F,L,A,MYSE
151.909,8443,6/3/2015,5/28/2015,6:29:11,7,29.1,AH0,95,30.7541543,Day,F,L,A,MYSE
151.909,8443,6/3/2015,5/28/2015,6:29:13,7,29.2,AH0,99,30.9537504,Day,F,L,A,MYSE
151.909,8443,6/3/2015,5/28/2015,6:29:15,7,29.2,AH0,97,30.9537504,Day,F,L,A,MYSE
151.909,8443,6/3/2015,5/26/2015,6:29:16,7,32.9,AH0,255,36.5104437,Day,F,L,A,MYSE
151.909,8443,6/3/2015,5/28/2015,6:29:17,7,29.2,AH0,97,30.9537504,Day,F,L,A,MYSE
151.909,8443,6/3/2015,5/26/2015,6:29:18,7,32.9,AH0,255,36.5104437,Day,F,L,A,MYSE
151.909,8443,6/3/2015,5/29/2015,6:29:18,7,30.7,AH0,160,33.6181719,Day,F,L,A,MYSE
151.909,8443,6/3/2015,5/30/2015,6:29:18,7,29.6,AH0,159,31.7239488,Day,F,L,A,MYSE
151.909,8443,6/3/2015,5/26/2015,6:29:20,7,32.9,AH0,255,36.5104437,Day,F,L,A,MYSE
151.909,8443,6/3/2015,5/29/2015,6:29:20,7,30.7,AH0,157,33.6181719,Day,F,L,A,MYSE
151.909,8443,6/3/2015,5/30/2015,6:29:20,7,29.6,AH0,165,31.7239488,Day,F,L,A,MYSE
151.909,8443,6/3/2015,5/26/2015,6:29:22,7,32.9,AH0,255,36.5104437,Day,F,L,A,MYSE
151.909,8443,6/3/2015,5/29/2015,6:29:22,7,30.7,AH0,157,33.6181719,Day,F,L,A,MYSE
151.909,8443,6/3/2015,5/30/2015,6:29:22,7,29.6,AH0,164,31.7239488,Day,F,L,A,MYSE
151.909,8443,6/3/2015,5/29/2015,6:29:24,7,30.7,AH0,158,33.6181719,Day,F,L,A,MYSE
151.909,8443,6/3/2015,5/28/2015,6:29:32,7,29.1,AH0,95,30.7541543,Day,F,L,A,MYSE
151.909,8443,6/3/2015,5/28/2015,6:29:34,7,29.1,AH0,90,30.7541543,Day,F,L,A,MYSE
151.909,8443,6/3/2015,5/26/2015,6:29:36,7,32.9,AH0,255,36.5104437,Day,F,L,A,MYSE
151.909,8443,6/3/2015,5/28/2015,6:29:36,7,29.1,AH0,92,30.7541543,Day,F,L,A,MYSE
151.909,8443,6/3/2015,5/30/2015,6:29:37,7,29.6,AH0,163,31.7239488,Day,F,L,A,MYSE
151.909,8443,6/3/2015,5/26/2015,6:29:38,7,32.9,AH0,255,36.5104437,Day,F,L,A,MYSE
151.909,8443,6/3/2015,5/28/2015,6:29:38,7,29.1,AH0,94,30.7541543,Day,F,L,A,MYSE
151.909,8443,6/3/2015,5/29/2015,6:29:38,7,30.7,AH0,166,33.6181719,Day,F,L,A,MYSE
151.909,8443,6/3/2015,5/30/2015,6:29:39,7,29.6,AH0,159,31.7239488,Day,F,L,A,MYSE
151.909,8443,6/3/2015,5/26/2015,6:29:40,7,32.9,AH0,255,36.5104437,Day,F,L,A,MYSE
151.909,8443,6/3/2015,5/29/2015,6:29:40,7,30.7,AH0,166,33.6181719,Day,F,L,A,MYSE
151.909,8443,6/3/2015,5/30/2015,6:29:41,7,29.6,AH0,167,31.7239488,Day,F,L,A,MYSE
151.909,8443,6/3/2015,5/26/2015,6:29:42,7,32.9,AH0,255,36.5104437,Day,F,L,A,MYSE
151.909,8443,6/3/2015,5/29/2015,6:29:42,7,30.7,AH0,168,33.6181719,Day,F,L,A,MYSE
151.909,8443,6/3/2015,5/30/2015,6:29:43,7,29.6,AH0,163,31.7239488,Day,F,L,A,MYSE
151.909,8443,6/3/2015,5/29/2015,6:29:44,7,30.7,AH0,168,33.6181719,Day,F,L,A,MYSE
151.909,8443,6/3/2015,5/28/2015,6:29:52,7,29.2,AH0,93,30.9537504,Day,F,L,A,MYSE
151.909,8443,6/3/2015,5/28/2015,6:29:54,7,29.2,AH0,96,30.9537504,Day,F,L,A,MYSE
151.909,8443,6/3/2015,5/26/2015,6:29:56,7,33,AH0,255,36.6161,Day,F,L,A,MYSE
151.909,8443,6/3/2015,5/28/2015,6:29:56,7,29.2,AH0,94,30.9537504,Day,F,L,A,MYSE
151.909,8443,6/3/2015,5/30/2015,6:29:57,7,29.6,AH0,160,31.7239488,Day,F,L,A,MYSE
151.909,8443,6/3/2015,5/26/2015,6:29:58,7,33,AH0,255,36.6161,Day,F,L,A,MYSE
151.909,8443,6/3/2015,5/28/2015,6:29:58,7,29.2,AH0,86,30.9537504,Day,F,L,A,MYSE
151.909,8443,6/3/2015,5/29/2015,6:29:58,7,30.7,AH0,166,33.6181719,Day,F,L,A,MYSE
151.909,8443,6/3/2015,5/29/2015,6:29:59,7,30.7,AH0,166,33.6181719,Day,F,L,A,MYSE
151.909,8443,6/3/2015,5/30/2015,6:29:59,7,29.6,AH0,159,31.7239488,Day,F,L,A,MYSE
151.909,8443,6/3/2015,5/26/2015,6:30:00,7,33,AH0,255,36.6161,Day,F,L,A,MYSE
151.909,8443,6/3/2015,5/29/2015,6:30:01,7,30.7,AH0,166,33.6181719,Day,F,L,A,MYSE
151.909,8443,6/3/2015,5/30/2015,6:30:01,7,29.6,AH0,162,31.7239488,Day,F,L,A,MYSE
151.909,8443,6/3/2015,5/26/2015,6:30:02,7,33,AH0,255,36.6161,Day,F,L,A,MYSE
151.909,8443,6/3/2015,5/29/2015,6:30:03,7,30.7,AH0,166,33.6181719,Day,F,L,A,MYSE
151.909,8443,6/3/2015,5/30/2015,6:30:03,7,29.6,AH0,162,31.7239488,Day,F,L,A,MYSE
151.909,8443,6/3/2015,5/28/2015,6:30:11,7,29.3,AH0,93,31.1505081,Day,F,L,A,MYSE
151.909,8443,6/3/2015,5/28/2015,6:30:13,7,29.2,AH0,95,30.9537504,Day,F,L,A,MYSE
151.909,8443,6/3/2015,5/28/2015,6:30:15,7,29.2,AH0,90,30.9537504,Day,F,L,A,MYSE
151.909,8443,6/3/2015,5/26/2015,6:30:16,7,33,AH0,255,36.6161,Day,F,L,A,MYSE
151.909,8443,6/3/2015,5/28/2015,6:30:17,7,29.2,AH0,93,30.9537504,Day,F,L,A,MYSE
151.909,8443,6/3/2015,5/29/2015,6:30:17,7,30.7,AH0,153,33.6181719,Day,F,L,A,MYSE
151.909,8443,6/3/2015,5/30/2015,6:30:17,7,29.6,AH0,161,31.7239488,Day,F,L,A,MYSE
151.909,8443,6/3/2015,5/26/2015,6:30:18,7,33,AH0,255,36.6161,Day,F,L,A,MYSE
151.909,8443,6/3/2015,5/29/2015,6:30:19,7,30.7,AH0,152,33.6181719,Day,F,L,A,MYSE
151.909,8443,6/3/2015,5/30/2015,6:30:19,7,29.6,AH0,163,31.7239488,Day,F,L,A,MYSE
151.909,8443,6/3/2015,5/26/2015,6:30:20,7,33,AH0,255,36.6161,Day,F,L,A,MYSE
151.909,8443,6/3/2015,5/29/2015,6:30:21,7,30.7,AH0,157,33.6181719,Day,F,L,A,MYSE
151.909,8443,6/3/2015,5/30/2015,6:30:21,7,29.6,AH0,164,31.7239488,Day,F,L,A,MYSE
151.909,8443,6/3/2015,5/26/2015,6:30:22,7,33,AH0,255,36.6161,Day,F,L,A,MYSE
151.909,8443,6/3/2015,5/29/2015,6:30:23,7,30.7,AH0,158,33.6181719,Day,F,L,A,MYSE
151.909,8443,6/3/2015,5/30/2015,6:30:23,7,29.6,AH0,158,31.7239488,Day,F,L,A,MYSE
151.909,8443,6/3/2015,5/29/2015,6:30:25,7,30.7,AH0,154,33.6181719,Day,F,L,A,MYSE
151.909,8443,6/3/2015,5/28/2015,6:30:31,7,29.2,AH0,92,30.9537504,Day,F,L,A,MYSE
151.909,8443,6/3/2015,5/28/2015,6:30:33,7,29.2,AH0,84,30.9537504,Day,F,L,A,MYSE
151.909,8443,6/3/2015,5/28/2015,6:30:35,7,29.2,AH0,92,30.9537504,Day,F,L,A,MYSE
151.909,8443,6/3/2015,5/26/2015,6:30:36,7,32.9,AH0,255,36.5104437,Day,F,L,A,MYSE
151.909,8443,6/3/2015,5/28/2015,6:30:37,7,29.3,AH0,88,31.1505081,Day,F,L,A,MYSE
151.909,8443,6/3/2015,5/30/2015,6:30:37,7,29.6,AH0,162,31.7239488,Day,F,L,A,MYSE
151.909,8443,6/3/2015,5/26/2015,6:30:38,7,32.9,AH0,255,36.5104437,Day,F,L,A,MYSE
151.909,8443,6/3/2015,5/29/2015,6:30:39,7,30.6,AH0,167,33.4590728,Day,F,L,A,MYSE
151.909,8443,6/3/2015,5/26/2015,6:30:40,7,32.9,AH0,255,36.5104437,Day,F,L,A,MYSE
151.909,8443,6/3/2015,5/30/2015,6:30:40,7,29.6,AH0,165,31.7239488,Day,F,L,A,MYSE
151.909,8443,6/3/2015,5/29/2015,6:30:41,7,30.6,AH0,163,33.4590728,Day,F,L,A,MYSE
151.909,8443,6/3/2015,5/26/2015,6:30:42,7,32.9,AH0,255,36.5104437,Day,F,L,A,MYSE
151.909,8443,6/3/2015,5/30/2015,6:30:42,7,29.6,AH0,159,31.7239488,Day,F,L,A,MYSE
151.909,8443,6/3/2015,5/29/2015,6:30:43,7,30.5,AH0,157,33.2974125,Day,F,L,A,MYSE
151.909,8443,6/3/2015,5/29/2015,6:30:44,7,30.5,AH0,161,33.2974125,Day,F,L,A,MYSE
151.909,8443,6/3/2015,5/30/2015,6:30:44,7,29.6,AH0,161,31.7239488,Day,F,L,A,MYSE
151.909,8443,6/3/2015,5/28/2015,6:30:52,7,29.4,AH0,93,31.3444472,Day,F,L,A,MYSE
151.909,8443,6/3/2015,5/28/2015,6:30:54,7,29.3,AH0,93,31.1505081,Day,F,L,A,MYSE
151.909,8443,6/3/2015,5/26/2015,6:30:56,7,32.9,AH0,255,36.5104437,Day,F,L,A,MYSE
151.909,8443,6/3/2015,5/28/2015,6:30:56,7,29.4,AH0,97,31.3444472,Day,F,L,A,MYSE
151.909,8443,6/3/2015,5/26/2015,6:30:58,7,32.9,AH0,255,36.5104437,Day,F,L,A,MYSE
151.909,8443,6/3/2015,5/28/2015,6:30:58,7,29.4,AH0,97,31.3444472,Day,F,L,A,MYSE
151.909,8443,6/3/2015,5/29/2015,6:30:58,7,30.4,AH0,162,33.1331712,Day,F,L,A,MYSE
151.909,8443,6/3/2015,5/30/2015,6:30:58,7,29.6,AH0,160,31.7239488,Day,F,L,A,MYSE
151.909,8443,6/3/2015,5/26/2015,6:31:00,7,32.9,AH0,255,36.5104437,Day,F,L,A,MYSE
151.909,8443,6/3/2015,5/29/2015,6:31:00,7,30.4,AH0,161,33.1331712,Day,F,L,A,MYSE
151.909,8443,6/3/2015,5/30/2015,6:31:00,7,29.5,AH0,159,31.5355875,Day,F,L,A,MYSE
151.909,8443,6/3/2015,5/26/2015,6:31:02,7,32.9,AH0,255,36.5104437,Day,F,L,A,MYSE
151.909,8443,6/3/2015,5/29/2015,6:31:02,7,30.4,AH0,157,33.1331712,Day,F,L,A,MYSE
151.909,8443,6/3/2015,5/30/2015,6:31:02,7,29.6,AH0,161,31.7239488,Day,F,L,A,MYSE
151.909,8443,6/3/2015,5/29/2015,6:31:04,7,30.4,AH0,163,33.1331712,Day,F,L,A,MYSE
151.909,8443,6/3/2015,5/30/2015,6:31:04,7,29.6,AH0,163,31.7239488,Day,F,L,A,MYSE
151.909,8443,6/3/2015,5/28/2015,6:31:12,7,29.4,AH0,89,31.3444472,Day,F,L,A,MYSE
151.909,8443,6/3/2015,5/28/2015,6:31:14,7,29.4,AH0,96,31.3444472,Day,F,L,A,MYSE
151.909,8443,6/3/2015,5/26/2015,6:31:16,7,32.9,AH0,255,36.5104437,Day,F,L,A,MYSE
151.909,8443,6/3/2015,5/28/2015,6:31:16,7,29.4,AH0,103,31.3444472,Day,F,L,A,MYSE
151.909,8443,6/3/2015,5/26/2015,6:31:18,7,32.9,AH0,255,36.5104437,Day,F,L,A,MYSE
151.909,8443,6/3/2015,5/28/2015,6:31:18,7,29.5,AH0,108,31.5355875,Day,F,L,A,MYSE
151.909,8443,6/3/2015,5/29/2015,6:31:18,7,30.4,AH0,164,33.1331712,Day,F,L,A,MYSE
151.909,8443,6/3/2015,5/30/2015,6:31:18,7,29.5,AH0,161,31.5355875,Day,F,L,A,MYSE
151.909,8443,6/3/2015,5/26/2015,6:31:20,7,32.9,AH0,255,36.5104437,Day,F,L,A,MYSE
151.909,8443,6/3/2015,5/29/2015,6:31:20,7,30.4,AH0,155,33.1331712,Day,F,L,A,MYSE
151.909,8443,6/3/2015,5/30/2015,6:31:20,7,29.5,AH0,161,31.5355875,Day,F,L,A,MYSE
151.909,8443,6/3/2015,5/26/2015,6:31:22,7,32.9,AH0,255,36.5104437,Day,F,L,A,MYSE
151.909,8443,6/3/2015,5/29/2015,6:31:22,7,30.5,AH0,150,33.2974125,Day,F,L,A,MYSE
151.909,8443,6/3/2015,5/30/2015,6:31:22,7,29.5,AH0,160,31.5355875,Day,F,L,A,MYSE
151.909,8443,6/3/2015,5/29/2015,6:31:24,7,30.5,AH0,152,33.2974125,Day,F,L,A,MYSE
151.909,8443,6/3/2015,5/30/2015,6:31:24,7,29.5,AH0,162,31.5355875,Day,F,L,A,MYSE
151.909,8443,6/3/2015,5/28/2015,6:31:32,7,29.7,AH0,102,31.9095509,Day,F,L,A,MYSE
151.909,8443,6/3/2015,5/28/2015,6:31:34,7,29.7,AH0,82,31.9095509,Day,F,L,A,MYSE
151.909,8443,6/3/2015,5/26/2015,6:31:36,7,32.9,AH0,255,36.5104437,Day,F,L,A,MYSE
151.909,8443,6/3/2015,5/28/2015,6:31:36,7,29.8,AH0,101,32.0924136,Day,F,L,A,MYSE
151.909,8443,6/3/2015,5/30/2015,6:31:36,7,29.5,AH0,158,31.5355875,Day,F,L,A,MYSE
151.909,8443,6/3/2015,5/26/2015,6:31:38,7,32.9,AH0,255,36.5104437,Day,F,L,A,MYSE
151.909,8443,6/3/2015,5/28/2015,6:31:38,7,29.9,AH0,112,32.2725567,Day,F,L,A,MYSE
151.909,8443,6/3/2015,5/29/2015,6:31:38,7,30.5,AH0,163,33.2974125,Day,F,L,A,MYSE
151.909,8443,6/3/2015,5/30/2015,6:31:38,7,29.5,AH0,157,31.5355875,Day,F,L,A,MYSE
151.909,8443,6/3/2015,5/26/2015,6:31:40,7,32.9,AH0,255,36.5104437,Day,F,L,A,MYSE
151.909,8443,6/3/2015,5/29/2015,6:31:40,7,30.6,AH0,153,33.4590728,Day,F,L,A,MYSE
151.909,8443,6/3/2015,5/30/2015,6:31:40,7,29.5,AH0,161,31.5355875,Day,F,L,A,MYSE
151.909,8443,6/3/2015,5/26/2015,6:31:42,7,32.9,AH0,255,36.5104437,Day,F,L,A,MYSE
151.909,8443,6/3/2015,5/29/2015,6:31:42,7,30.7,AH0,154,33.6181719,Day,F,L,A,MYSE
151.909,8443,6/3/2015,5/30/2015,6:31:43,7,29.5,AH0,162,31.5355875,Day,F,L,A,MYSE
151.909,8443,6/3/2015,5/29/2015,6:31:44,7,30.7,AH0,142,33.6181719,Day,F,L,A,MYSE
151.909,8443,6/3/2015,5/28/2015,6:31:52,7,30,AH0,115,32.45,Day,F,L,A,MYSE
151.909,8443,6/3/2015,5/28/2015,6:31:54,7,30,AH0,119,32.45,Day,F,L,A,MYSE
151.909,8443,6/3/2015,5/26/2015,6:31:56,7,33,AH0,255,36.6161,Day,F,L,A,MYSE
151.909,8443,6/3/2015,5/28/2015,6:31:56,7,30.1,AH0,116,32.6247633,Day,F,L,A,MYSE
151.909,8443,6/3/2015,5/29/2015,6:31:57,7,30.5,AH0,146,33.2974125,Day,F,L,A,MYSE
151.909,8443,6/3/2015,5/30/2015,6:31:57,7,29.5,AH0,159,31.5355875,Day,F,L,A,MYSE
151.909,8443,6/3/2015,5/26/2015,6:31:58,7,33,AH0,255,36.6161,Day,F,L,A,MYSE
151.909,8443,6/3/2015,5/28/2015,6:31:58,7,30.2,AH0,117,32.7968664,Day,F,L,A,MYSE
151.909,8443,6/3/2015,5/29/2015,6:31:59,7,30.5,AH0,198,33.2974125,Day,F,L,A,MYSE
151.909,8443,6/3/2015,5/30/2015,6:31:59,7,29.5,AH0,154,31.5355875,Day,F,L,A,MYSE
151.909,8443,6/3/2015,5/26/2015,6:32:00,7,33,AH0,255,36.6161,Day,F,L,A,MYSE
151.909,8443,6/3/2015,5/29/2015,6:32:01,7,30.4,AH0,221,33.1331712,Day,F,L,A,MYSE
151.909,8443,6/3/2015,5/30/2015,6:32:01,7,29.5,AH0,162,31.5355875,Day,F,L,A,MYSE
151.909,8443,6/3/2015,5/26/2015,6:32:02,7,33,AH0,255,36.6161,Day,F,L,A,MYSE
151.909,8443,6/3/2015,5/29/2015,6:32:03,7,30.4,AH0,233,33.1331712,Day,F,L,A,MYSE
151.909,8443,6/3/2015,5/30/2015,6:32:03,7,29.5,AH0,160,31.5355875,Day,F,L,A,MYSE
151.909,8443,6/3/2015,5/28/2015,6:32:12,7,30.3,AH0,69,32.9663291,Day,F,L,A,MYSE
151.909,8443,6/3/2015,5/28/2015,6:32:14,7,30.3,AH0,86,32.9663291,Day,F,L,A,MYSE
151.909,8443,6/3/2015,5/26/2015,6:32:16,7,33,AH0,255,36.6161,Day,F,L,A,MYSE
151.909,8443,6/3/2015,5/28/2015,6:32:16,7,30.4,AH0,108,33.1331712,Day,F,L,A,MYSE
151.909,8443,6/3/2015,5/29/2015,6:32:17,7,30,AH0,234,32.45,Day,F,L,A,MYSE
151.909,8443,6/3/2015,5/30/2015,6:32:17,7,29.5,AH0,158,31.5355875,Day,F,L,A,MYSE
151.909,8443,6/3/2015,5/26/2015,6:32:18,7,33,AH0,255,36.6161,Day,F,L,A,MYSE
151.909,8443,6/3/2015,5/28/2015,6:32:18,7,30.5,AH0,100,33.2974125,Day,F,L,A,MYSE
151.909,8443,6/3/2015,5/29/2015,6:32:19,7,30,AH0,233,32.45,Day,F,L,A,MYSE
151.909,8443,6/3/2015,5/30/2015,6:32:19,7,29.5,AH0,159,31.5355875,Day,F,L,A,MYSE
151.909,8443,6/3/2015,5/26/2015,6:32:20,7,33,AH0,255,36.6161,Day,F,L,A,MYSE
151.909,8443,6/3/2015,5/29/2015,6:32:21,7,29.9,AH0,231,32.2725567,Day,F,L,A,MYSE
151.909,8443,6/3/2015,5/30/2015,6:32:21,7,29.5,AH0,160,31.5355875,Day,F,L,A,MYSE
151.909,8443,6/3/2015,5/26/2015,6:32:22,7,33,AH0,255,36.6161,Day,F,L,A,MYSE
151.909,8443,6/3/2015,5/29/2015,6:32:23,7,29.9,AH0,221,32.2725567,Day,F,L,A,MYSE
151.909,8443,6/3/2015,5/30/2015,6:32:23,7,29.5,AH0,160,31.5355875,Day,F,L,A,MYSE
151.909,8443,6/3/2015,5/28/2015,6:32:32,7,30.1,AH0,87,32.6247633,Day,F,L,A,MYSE
151.909,8443,6/3/2015,5/28/2015,6:32:34,7,30.1,AH0,84,32.6247633,Day,F,L,A,MYSE
151.909,8443,6/3/2015,5/26/2015,6:32:36,7,33,AH0,255,36.6161,Day,F,L,A,MYSE
151.909,8443,6/3/2015,5/28/2015,6:32:36,7,30,AH0,92,32.45,Day,F,L,A,MYSE
151.909,8443,6/3/2015,5/29/2015,6:32:37,7,30.2,AH0,230,32.7968664,Day,F,L,A,MYSE
151.909,8443,6/3/2015,5/30/2015,6:32:37,7,29.5,AH0,160,31.5355875,Day,F,L,A,MYSE
151.909,8443,6/3/2015,5/26/2015,6:32:38,7,33,AH0,255,36.6161,Day,F,L,A,MYSE
151.909,8443,6/3/2015,5/28/2015,6:32:38,7,30,AH0,89,32.45,Day,F,L,A,MYSE
151.909,8443,6/3/2015,5/29/2015,6:32:39,7,30.2,AH0,232,32.7968664,Day,F,L,A,MYSE
151.909,8443,6/3/2015,5/30/2015,6:32:39,7,29.5,AH0,162,31.5355875,Day,F,L,A,MYSE
151.909,8443,6/3/2015,5/26/2015,6:32:40,7,33,AH0,255,36.6161,Day,F,L,A,MYSE
151.909,8443,6/3/2015,5/29/2015,6:32:41,7,30.2,AH0,230,32.7968664,Day,F,L,A,MYSE
151.909,8443,6/3/2015,5/30/2015,6:32:41,7,29.5,AH0,161,31.5355875,Day,F,L,A,MYSE
151.909,8443,6/3/2015,5/26/2015,6:32:42,7,33,AH0,255,36.6161,Day,F,L,A,MYSE
151.909,8443,6/3/2015,5/29/2015,6:32:43,7,30.2,AH0,233,32.7968664,Day,F,L,A,MYSE
151.909,8443,6/3/2015,5/30/2015,6:32:43,7,29.5,AH0,161,31.5355875,Day,F,L,A,MYSE
151.909,8443,6/3/2015,5/28/2015,6:32:52,7,29.8,AH0,63,32.0924136,Day,F,L,A,MYSE
151.909,8443,6/3/2015,5/28/2015,6:32:54,7,29.8,AH0,57,32.0924136,Day,F,L,A,MYSE
151.909,8443,6/3/2015,5/26/2015,6:32:56,7,32.9,AH0,255,36.5104437,Day,F,L,A,MYSE
151.909,8443,6/3/2015,5/28/2015,6:32:56,7,29.8,AH0,63,32.0924136,Day,F,L,A,MYSE
151.909,8443,6/3/2015,5/29/2015,6:32:57,7,30.1,AH0,231,32.6247633,Day,F,L,A,MYSE
151.909,8443,6/3/2015,5/26/2015,6:32:58,7,32.9,AH0,255,36.5104437,Day,F,L,A,MYSE
151.909,8443,6/3/2015,5/28/2015,6:32:58,7,29.8,AH0,65,32.0924136,Day,F,L,A,MYSE
151.909,8443,6/3/2015,5/30/2015,6:32:58,7,29.5,AH0,156,31.5355875,Day,F,L,A,MYSE
151.909,8443,6/3/2015,5/29/2015,6:32:59,7,30.1,AH0,234,32.6247633,Day,F,L,A,MYSE
151.909,8443,6/3/2015,5/26/2015,6:33:00,7,32.9,AH0,255,36.5104437,Day,F,L,A,MYSE
151.909,8443,6/3/2015,5/30/2015,6:33:00,7,29.5,AH0,157,31.5355875,Day,F,L,A,MYSE
151.909,8443,6/3/2015,5/29/2015,6:33:01,7,30.1,AH0,233,32.6247633,Day,F,L,A,MYSE
151.909,8443,6/3/2015,5/26/2015,6:33:02,7,32.9,AH0,255,36.5104437,Day,F,L,A,MYSE
151.909,8443,6/3/2015,5/30/2015,6:33:02,7,29.5,AH0,160,31.5355875,Day,F,L,A,MYSE
151.909,8443,6/3/2015,5/29/2015,6:33:03,7,30.1,AH0,233,32.6247633,Day,F,L,A,MYSE
151.909,8443,6/3/2015,5/30/2015,6:33:04,7,29.5,AH0,159,31.5355875,Day,F,L,A,MYSE
151.909,8443,6/3/2015,5/28/2015,6:33:12,7,29.8,AH0,61,32.0924136,Day,F,L,A,MYSE
151.909,8443,6/3/2015,5/28/2015,6:33:14,7,29.8,AH0,49,32.0924136,Day,F,L,A,MYSE
151.909,8443,6/3/2015,5/28/2015,6:33:16,7,30,AH0,56,32.45,Day,F,L,A,MYSE
151.909,8443,6/3/2015,5/26/2015,6:33:17,7,32.9,AH0,255,36.5104437,Day,F,L,A,MYSE
151.909,8443,6/3/2015,5/29/2015,6:33:17,7,29.8,AH0,220,32.0924136,Day,F,L,A,MYSE
151.909,8443,6/3/2015,5/26/2015,6:33:18,7,32.9,AH0,255,36.5104437,Day,F,L,A,MYSE
151.909,8443,6/3/2015,5/28/2015,6:33:18,7,29.8,AH0,53,32.0924136,Day,F,L,A,MYSE
151.909,8443,6/3/2015,5/30/2015,6:33:18,7,29.5,AH0,157,31.5355875,Day,F,L,A,MYSE
151.909,8443,6/3/2015,5/29/2015,6:33:19,7,29.8,AH0,221,32.0924136,Day,F,L,A,MYSE
151.909,8443,6/3/2015,5/26/2015,6:33:20,7,32.9,AH0,255,36.5104437,Day,F,L,A,MYSE
151.909,8443,6/3/2015,5/30/2015,6:33:20,7,29.5,AH0,161,31.5355875,Day,F,L,A,MYSE
151.909,8443,6/3/2015,5/29/2015,6:33:21,7,29.8,AH0,226,32.0924136,Day,F,L,A,MYSE
151.909,8443,6/3/2015,5/26/2015,6:33:22,7,32.9,AH0,255,36.5104437,Day,F,L,A,MYSE
151.909,8443,6/3/2015,5/30/2015,6:33:22,7,29.5,AH0,161,31.5355875,Day,F,L,A,MYSE
151.909,8443,6/3/2015,5/29/2015,6:33:23,7,29.8,AH0,223,32.0924136,Day,F,L,A,MYSE
151.909,8443,6/3/2015,5/30/2015,6:33:24,7,29.5,AH0,159,31.5355875,Day,F,L,A,MYSE
151.909,8443,6/3/2015,5/28/2015,6:33:32,7,29.9,AH0,65,32.2725567,Day,F,L,A,MYSE
151.909,8443,6/3/2015,5/28/2015,6:33:34,7,29.9,AH0,62,32.2725567,Day,F,L,A,MYSE
151.909,8443,6/3/2015,5/28/2015,6:33:36,7,29.9,AH0,51,32.2725567,Day,F,L,A,MYSE
151.909,8443,6/3/2015,5/30/2015,6:33:36,7,29.7,AH0,161,31.9095509,Day,F,L,A,MYSE
151.909,8443,6/3/2015,5/26/2015,6:33:37,7,33,AH0,255,36.6161,Day,F,L,A,MYSE
151.909,8443,6/3/2015,5/29/2015,6:33:37,7,29.7,AH0,221,31.9095509,Day,F,L,A,MYSE
151.909,8443,6/3/2015,5/26/2015,6:33:38,7,33,AH0,255,36.6161,Day,F,L,A,MYSE
151.909,8443,6/3/2015,5/28/2015,6:33:38,7,30,AH0,87,32.45,Day,F,L,A,MYSE
151.909,8443,6/3/2015,5/30/2015,6:33:38,7,29.5,AH0,161,31.5355875,Day,F,L,A,MYSE
151.909,8443,6/3/2015,5/29/2015,6:33:39,7,29.7,AH0,225,31.9095509,Day,F,L,A,MYSE
151.909,8443,6/3/2015,5/26/2015,6:33:40,7,32.9,AH0,255,36.5104437,Day,F,L,A,MYSE
151.909,8443,6/3/2015,5/30/2015,6:33:40,7,29.5,AH0,159,31.5355875,Day,F,L,A,MYSE
151.909,8443,6/3/2015,5/29/2015,6:33:41,7,29.7,AH0,227,31.9095509,Day,F,L,A,MYSE
151.909,8443,6/3/2015,5/26/2015,6:33:42,7,33,AH0,255,36.6161,Day,F,L,A,MYSE
151.909,8443,6/3/2015,5/30/2015,6:33:42,7,29.5,AH0,158,31.5355875,Day,F,L,A,MYSE
151.909,8443,6/3/2015,5/29/2015,6:33:43,7,29.7,AH0,228,31.9095509,Day,F,L,A,MYSE
151.909,8443,6/3/2015,5/28/2015,6:33:52,7,31.1,AH0,46,34.2293523,Day,F,L,A,MYSE
151.909,8443,6/3/2015,5/28/2015,6:33:56,7,15.5,AH0,66,-31.3184625,Day,F,L,A,MYSE
151.909,8443,6/3/2015,5/26/2015,6:33:57,7,33,AH0,255,36.6161,Day,F,L,A,MYSE
151.909,8443,6/3/2015,5/29/2015,6:33:57,7,29.6,AH0,230,31.7239488,Day,F,L,A,MYSE
151.909,8443,6/3/2015,5/30/2015,6:33:57,7,29.5,AH0,152,31.5355875,Day,F,L,A,MYSE
151.909,8443,6/3/2015,5/26/2015,6:33:58,7,33,AH0,255,36.6161,Day,F,L,A,MYSE
151.909,8443,6/3/2015,5/28/2015,6:33:58,7,30.8,AH0,68,33.7747296,Day,F,L,A,MYSE
151.909,8443,6/3/2015,5/29/2015,6:33:59,7,29.6,AH0,232,31.7239488,Day,F,L,A,MYSE
151.909,8443,6/3/2015,5/30/2015,6:33:59,7,29.5,AH0,154,31.5355875,Day,F,L,A,MYSE
151.909,8443,6/3/2015,5/26/2015,6:34:00,7,33,AH0,255,36.6161,Day,F,L,A,MYSE
151.909,8443,6/3/2015,5/29/2015,6:34:01,7,29.7,AH0,226,31.9095509,Day,F,L,A,MYSE
151.909,8443,6/3/2015,5/30/2015,6:34:01,7,29.5,AH0,153,31.5355875,Day,F,L,A,MYSE
151.909,8443,6/3/2015,5/26/2015,6:34:02,7,33,AH0,255,36.6161,Day,F,L,A,MYSE
151.909,8443,6/3/2015,5/29/2015,6:34:03,7,29.6,AH0,221,31.7239488,Day,F,L,A,MYSE
151.909,8443,6/3/2015,5/30/2015,6:34:03,7,29.5,AH0,153,31.5355875,Day,F,L,A,MYSE
151.909,8443,6/3/2015,5/28/2015,6:34:12,7,30.6,AH0,94,33.4590728,Day,F,L,A,MYSE
151.909,8443,6/3/2015,5/28/2015,6:34:14,7,30.6,AH0,76,33.4590728,Day,F,L,A,MYSE
151.909,8443,6/3/2015,5/28/2015,6:34:16,7,30.6,AH0,62,33.4590728,Day,F,L,A,MYSE
151.909,8443,6/3/2015,5/26/2015,6:34:17,7,33,AH0,255,36.6161,Day,F,L,A,MYSE
151.909,8443,6/3/2015,5/30/2015,6:34:17,7,29.5,AH0,160,31.5355875,Day,F,L,A,MYSE
151.909,8443,6/3/2015,5/26/2015,6:34:18,7,33,AH0,255,36.6161,Day,F,L,A,MYSE
151.909,8443,6/3/2015,5/28/2015,6:34:18,7,30.7,AH0,98,33.6181719,Day,F,L,A,MYSE
151.909,8443,6/3/2015,5/29/2015,6:34:18,7,29.6,AH0,246,31.7239488,Day,F,L,A,MYSE
151.909,8443,6/3/2015,5/30/2015,6:34:19,7,29.5,AH0,158,31.5355875,Day,F,L,A,MYSE
151.909,8443,6/3/2015,5/26/2015,6:34:20,7,33,AH0,255,36.6161,Day,F,L,A,MYSE
151.909,8443,6/3/2015,5/29/2015,6:34:20,7,29.6,AH0,246,31.7239488,Day,F,L,A,MYSE
151.909,8443,6/3/2015,5/30/2015,6:34:21,7,29.5,AH0,162,31.5355875,Day,F,L,A,MYSE
151.909,8443,6/3/2015,5/26/2015,6:34:22,7,33,AH0,255,36.6161,Day,F,L,A,MYSE
151.909,8443,6/3/2015,5/29/2015,6:34:22,7,29.6,AH0,246,31.7239488,Day,F,L,A,MYSE
151.909,8443,6/3/2015,5/30/2015,6:34:23,7,29.5,AH0,161,31.5355875,Day,F,L,A,MYSE
151.909,8443,6/3/2015,5/29/2015,6:34:24,7,29.5,AH0,248,31.5355875,Day,F,L,A,MYSE
151.909,8443,6/3/2015,5/26/2015,6:34:37,7,33,AH0,255,36.6161,Day,F,L,A,MYSE
151.909,8443,6/3/2015,5/30/2015,6:34:37,7,29.5,AH0,163,31.5355875,Day,F,L,A,MYSE
151.909,8443,6/3/2015,5/26/2015,6:34:38,7,33,AH0,255,36.6161,Day,F,L,A,MYSE
151.909,8443,6/3/2015,5/29/2015,6:34:38,7,29.4,AH0,245,31.3444472,Day,F,L,A,MYSE
151.909,8443,6/3/2015,5/30/2015,6:34:39,7,29.5,AH0,159,31.5355875,Day,F,L,A,MYSE
151.909,8443,6/3/2015,5/26/2015,6:34:40,7,33,AH0,255,36.6161,Day,F,L,A,MYSE
151.909,8443,6/3/2015,5/29/2015,6:34:40,7,29.5,AH0,245,31.5355875,Day,F,L,A,MYSE
151.909,8443,6/3/2015,5/30/2015,6:34:41,7,29.5,AH0,161,31.5355875,Day,F,L,A,MYSE
151.909,8443,6/3/2015,5/26/2015,6:34:42,7,33,AH0,255,36.6161,Day,F,L,A,MYSE
151.909,8443,6/3/2015,5/29/2015,6:34:42,7,29.4,AH0,245,31.3444472,Day,F,L,A,MYSE
151.909,8443,6/3/2015,5/30/2015,6:34:43,7,29.5,AH0,163,31.5355875,Day,F,L,A,MYSE
151.909,8443,6/3/2015,5/29/2015,6:34:44,7,29.4,AH0,243,31.3444472,Day,F,L,A,MYSE
151.909,8443,6/3/2015,5/26/2015,6:34:57,7,33,AH0,255,36.6161,Day,F,L,A,MYSE
151.909,8443,6/3/2015,5/26/2015,6:34:58,7,32.9,AH0,255,36.5104437,Day,F,L,A,MYSE
151.909,8443,6/3/2015,5/29/2015,6:34:58,7,29.4,AH0,244,31.3444472,Day,F,L,A,MYSE
151.909,8443,6/3/2015,5/30/2015,6:34:58,7,29.5,AH0,161,31.5355875,Day,F,L,A,MYSE
151.909,8443,6/3/2015,5/26/2015,6:35:00,7,32.9,AH0,255,36.5104437,Day,F,L,A,MYSE
151.909,8443,6/3/2015,5/29/2015,6:35:00,7,29.4,AH0,245,31.3444472,Day,F,L,A,MYSE
151.909,8443,6/3/2015,5/30/2015,6:35:00,7,29.5,AH0,160,31.5355875,Day,F,L,A,MYSE
151.909,8443,6/3/2015,5/26/2015,6:35:02,7,33,AH0,255,36.6161,Day,F,L,A,MYSE
151.909,8443,6/3/2015,5/30/2015,6:35:02,7,29.5,AH0,160,31.5355875,Day,F,L,A,MYSE
151.909,8443,6/3/2015,5/29/2015,6:35:03,7,29.4,AH0,246,31.3444472,Day,F,L,A,MYSE
151.909,8443,6/3/2015,5/30/2015,6:35:04,7,29.5,AH0,163,31.5355875,Day,F,L,A,MYSE
151.909,8443,6/3/2015,5/29/2015,6:35:05,7,29.4,AH0,246,31.3444472,Day,F,L,A,MYSE
151.909,8443,6/3/2015,5/26/2015,6:35:15,7,32.9,AH0,255,36.5104437,Day,F,L,A,MYSE
151.909,8443,6/3/2015,5/26/2015,6:35:17,7,32.9,AH0,255,36.5104437,Day,F,L,A,MYSE
151.909,8443,6/3/2015,5/26/2015,6:35:18,7,32.9,AH0,255,36.5104437,Day,F,L,A,MYSE
151.909,8443,6/3/2015,5/30/2015,6:35:18,7,29.5,AH0,161,31.5355875,Day,F,L,A,MYSE
151.909,8443,6/3/2015,5/29/2015,6:35:19,7,29.4,AH0,244,31.3444472,Day,F,L,A,MYSE
151.909,8443,6/3/2015,5/26/2015,6:35:20,7,32.9,AH0,255,36.5104437,Day,F,L,A,MYSE
151.909,8443,6/3/2015,5/30/2015,6:35:20,7,29.5,AH0,161,31.5355875,Day,F,L,A,MYSE
151.909,8443,6/3/2015,5/29/2015,6:35:21,7,29.5,AH0,242,31.5355875,Day,F,L,A,MYSE
151.909,8443,6/3/2015,5/26/2015,6:35:22,7,32.9,AH0,255,36.5104437,Day,F,L,A,MYSE
151.909,8443,6/3/2015,5/30/2015,6:35:22,7,29.5,AH0,162,31.5355875,Day,F,L,A,MYSE
151.909,8443,6/3/2015,5/29/2015,6:35:23,7,29.4,AH0,246,31.3444472,Day,F,L,A,MYSE
151.909,8443,6/3/2015,5/30/2015,6:35:24,7,29.5,AH0,159,31.5355875,Day,F,L,A,MYSE
151.909,8443,6/3/2015,5/26/2015,6:35:35,7,32.9,AH0,255,36.5104437,Day,F,L,A,MYSE
151.909,8443,6/3/2015,5/26/2015,6:35:37,7,33,AH0,255,36.6161,Day,F,L,A,MYSE
151.909,8443,6/3/2015,5/29/2015,6:35:37,7,29.5,AH0,245,31.5355875,Day,F,L,A,MYSE
151.909,8443,6/3/2015,5/30/2015,6:35:38,7,29.5,AH0,164,31.5355875,Day,F,L,A,MYSE
151.909,8443,6/3/2015,5/26/2015,6:35:39,7,33,AH0,255,36.6161,Day,F,L,A,MYSE
151.909,8443,6/3/2015,5/29/2015,6:35:39,7,29.5,AH0,245,31.5355875,Day,F,L,A,MYSE
151.909,8443,6/3/2015,5/26/2015,6:35:40,7,33,AH0,255,36.6161,Day,F,L,A,MYSE
151.909,8443,6/3/2015,5/30/2015,6:35:40,7,29.5,AH0,161,31.5355875,Day,F,L,A,MYSE
151.909,8443,6/3/2015,5/29/2015,6:35:41,7,29.5,AH0,245,31.5355875,Day,F,L,A,MYSE
151.909,8443,6/3/2015,5/26/2015,6:35:42,7,33,AH0,255,36.6161,Day,F,L,A,MYSE
151.909,8443,6/3/2015,5/30/2015,6:35:42,7,29.5,AH0,160,31.5355875,Day,F,L,A,MYSE
151.909,8443,6/3/2015,5/29/2015,6:35:43,7,29.5,AH0,244,31.5355875,Day,F,L,A,MYSE
151.909,8443,6/3/2015,5/26/2015,6:35:55,7,33,AH0,255,36.6161,Day,F,L,A,MYSE
151.909,8443,6/3/2015,5/26/2015,6:35:57,7,33,AH0,255,36.6161,Day,F,L,A,MYSE
151.909,8443,6/3/2015,5/30/2015,6:35:57,7,29.5,AH0,160,31.5355875,Day,F,L,A,MYSE
151.909,8443,6/3/2015,5/29/2015,6:35:58,7,29.5,AH0,238,31.5355875,Day,F,L,A,MYSE
151.909,8443,6/3/2015,5/26/2015,6:35:59,7,33,AH0,255,36.6161,Day,F,L,A,MYSE
151.909,8443,6/3/2015,5/30/2015,6:35:59,7,29.5,AH0,160,31.5355875,Day,F,L,A,MYSE
151.909,8443,6/3/2015,5/26/2015,6:36:00,7,33,AH0,255,36.6161,Day,F,L,A,MYSE
151.909,8443,6/3/2015,5/29/2015,6:36:00,7,29.6,AH0,239,31.7239488,Day,F,L,A,MYSE
151.909,8443,6/3/2015,5/30/2015,6:36:01,7,29.5,AH0,158,31.5355875,Day,F,L,A,MYSE
151.909,8443,6/3/2015,5/26/2015,6:36:02,7,33,AH0,255,36.6161,Day,F,L,A,MYSE
151.909,8443,6/3/2015,5/29/2015,6:36:02,7,29.6,AH0,231,31.7239488,Day,F,L,A,MYSE
151.909,8443,6/3/2015,5/30/2015,6:36:03,7,29.5,AH0,158,31.5355875,Day,F,L,A,MYSE
151.909,8443,6/3/2015,5/29/2015,6:36:04,7,29.6,AH0,236,31.7239488,Day,F,L,A,MYSE
151.909,8443,6/3/2015,5/26/2015,6:36:15,7,33,AH0,255,36.6161,Day,F,L,A,MYSE
151.909,8443,6/3/2015,5/26/2015,6:36:17,7,33,AH0,255,36.6161,Day,F,L,A,MYSE
151.909,8443,6/3/2015,5/30/2015,6:36:17,7,29.5,AH0,161,31.5355875,Day,F,L,A,MYSE
151.909,8443,6/3/2015,5/29/2015,6:36:18,7,29.7,AH0,228,31.9095509,Day,F,L,A,MYSE
151.909,8443,6/3/2015,5/26/2015,6:36:19,7,33,AH0,255,36.6161,Day,F,L,A,MYSE
151.909,8443,6/3/2015,5/30/2015,6:36:19,7,29.5,AH0,156,31.5355875,Day,F,L,A,MYSE
151.909,8443,6/3/2015,5/26/2015,6:36:20,7,33,AH0,255,36.6161,Day,F,L,A,MYSE
151.909,8443,6/3/2015,5/29/2015,6:36:20,7,29.7,AH0,223,31.9095509,Day,F,L,A,MYSE
151.909,8443,6/3/2015,5/30/2015,6:36:21,7,29.5,AH0,161,31.5355875,Day,F,L,A,MYSE
151.909,8443,6/3/2015,5/26/2015,6:36:22,7,33,AH0,255,36.6161,Day,F,L,A,MYSE
151.909,8443,6/3/2015,5/29/2015,6:36:22,7,29.7,AH0,229,31.9095509,Day,F,L,A,MYSE
151.909,8443,6/3/2015,5/30/2015,6:36:23,7,29.5,AH0,161,31.5355875,Day,F,L,A,MYSE
151.909,8443,6/3/2015,5/29/2015,6:36:24,7,29.7,AH0,228,31.9095509,Day,F,L,A,MYSE
151.909,8443,6/3/2015,5/26/2015,6:36:35,7,33,AH0,255,36.6161,Day,F,L,A,MYSE
151.909,8443,6/3/2015,5/26/2015,6:36:37,7,33.1,AH0,255,36.7196703,Day,F,L,A,MYSE
151.909,8443,6/3/2015,5/30/2015,6:36:37,7,29.5,AH0,160,31.5355875,Day,F,L,A,MYSE
151.909,8443,6/3/2015,5/29/2015,6:36:38,7,29.8,AH0,234,32.0924136,Day,F,L,A,MYSE
151.909,8443,6/3/2015,5/26/2015,6:36:39,7,33.1,AH0,255,36.7196703,Day,F,L,A,MYSE
151.909,8443,6/3/2015,5/30/2015,6:36:39,7,29.5,AH0,158,31.5355875,Day,F,L,A,MYSE
151.909,8443,6/3/2015,5/26/2015,6:36:40,7,33.1,AH0,255,36.7196703,Day,F,L,A,MYSE
151.909,8443,6/3/2015,5/29/2015,6:36:40,7,29.8,AH0,233,32.0924136,Day,F,L,A,MYSE
151.909,8443,6/3/2015,5/30/2015,6:36:41,7,29.6,AH0,161,31.7239488,Day,F,L,A,MYSE
151.909,8443,6/3/2015,5/26/2015,6:36:42,7,33,AH0,255,36.6161,Day,F,L,A,MYSE
151.909,8443,6/3/2015,5/29/2015,6:36:42,7,29.8,AH0,230,32.0924136,Day,F,L,A,MYSE
151.909,8443,6/3/2015,5/30/2015,6:36:43,7,29.5,AH0,156,31.5355875,Day,F,L,A,MYSE
151.909,8443,6/3/2015,5/29/2015,6:36:44,7,29.8,AH0,229,32.0924136,Day,F,L,A,MYSE
151.909,8443,6/3/2015,5/26/2015,6:36:55,7,33.1,AH0,255,36.7196703,Day,F,L,A,MYSE
151.909,8443,6/3/2015,5/26/2015,6:36:57,7,33.1,AH0,255,36.7196703,Day,F,L,A,MYSE
151.909,8443,6/3/2015,5/26/2015,6:36:58,7,33.1,AH0,255,36.7196703,Day,F,L,A,MYSE
151.909,8443,6/3/2015,5/29/2015,6:36:58,7,30.1,AH0,235,32.6247633,Day,F,L,A,MYSE
151.909,8443,6/3/2015,5/30/2015,6:36:58,7,29.6,AH0,159,31.7239488,Day,F,L,A,MYSE
151.909,8443,6/3/2015,5/26/2015,6:37:00,7,33.1,AH0,255,36.7196703,Day,F,L,A,MYSE
151.909,8443,6/3/2015,5/29/2015,6:37:00,7,30.2,AH0,236,32.7968664,Day,F,L,A,MYSE
151.909,8443,6/3/2015,5/30/2015,6:37:00,7,29.6,AH0,161,31.7239488,Day,F,L,A,MYSE
151.909,8443,6/3/2015,5/26/2015,6:37:02,7,33.1,AH0,255,36.7196703,Day,F,L,A,MYSE
151.909,8443,6/3/2015,5/29/2015,6:37:02,7,30.2,AH0,236,32.7968664,Day,F,L,A,MYSE
151.909,8443,6/3/2015,5/30/2015,6:37:02,7,29.5,AH0,160,31.5355875,Day,F,L,A,MYSE
151.909,8443,6/3/2015,5/29/2015,6:37:04,7,30.2,AH0,233,32.7968664,Day,F,L,A,MYSE
151.909,8443,6/3/2015,5/30/2015,6:37:04,7,29.6,AH0,159,31.7239488,Day,F,L,A,MYSE
151.909,8443,6/3/2015,5/26/2015,6:37:15,7,33.2,AH0,255,36.8211744,Day,F,L,A,MYSE
151.909,8443,6/3/2015,5/26/2015,6:37:17,7,33.1,AH0,255,36.7196703,Day,F,L,A,MYSE
151.909,8443,6/3/2015,5/30/2015,6:37:17,7,29.6,AH0,164,31.7239488,Day,F,L,A,MYSE
151.909,8443,6/3/2015,5/26/2015,6:37:18,7,33.1,AH0,255,36.7196703,Day,F,L,A,MYSE
151.909,8443,6/3/2015,5/29/2015,6:37:18,7,30.3,AH0,234,32.9663291,Day,F,L,A,MYSE
151.909,8443,6/3/2015,5/30/2015,6:37:19,7,29.6,AH0,160,31.7239488,Day,F,L,A,MYSE
151.909,8443,6/3/2015,5/26/2015,6:37:20,7,33.1,AH0,255,36.7196703,Day,F,L,A,MYSE
151.909,8443,6/3/2015,5/29/2015,6:37:20,7,30.3,AH0,235,32.9663291,Day,F,L,A,MYSE
151.909,8443,6/3/2015,5/30/2015,6:37:21,7,29.6,AH0,161,31.7239488,Day,F,L,A,MYSE
151.909,8443,6/3/2015,5/26/2015,6:37:22,7,33.1,AH0,255,36.7196703,Day,F,L,A,MYSE
151.909,8443,6/3/2015,5/29/2015,6:37:22,7,30.3,AH0,235,32.9663291,Day,F,L,A,MYSE
151.909,8443,6/3/2015,5/30/2015,6:37:23,7,29.6,AH0,159,31.7239488,Day,F,L,A,MYSE
151.909,8443,6/3/2015,5/29/2015,6:37:24,7,30.3,AH0,235,32.9663291,Day,F,L,A,MYSE
151.909,8443,6/3/2015,5/26/2015,6:37:36,7,33.2,AH0,255,36.8211744,Day,F,L,A,MYSE
151.909,8443,6/3/2015,5/30/2015,6:37:37,7,29.6,AH0,160,31.7239488,Day,F,L,A,MYSE
151.909,8443,6/3/2015,5/26/2015,6:37:38,7,33.2,AH0,255,36.8211744,Day,F,L,A,MYSE
151.909,8443,6/3/2015,5/29/2015,6:37:38,7,30.4,AH0,236,33.1331712,Day,F,L,A,MYSE
151.909,8443,6/3/2015,5/30/2015,6:37:39,7,29.6,AH0,164,31.7239488,Day,F,L,A,MYSE
151.909,8443,6/3/2015,5/26/2015,6:37:40,7,33.2,AH0,255,36.8211744,Day,F,L,A,MYSE
151.909,8443,6/3/2015,5/29/2015,6:37:40,7,30.5,AH0,232,33.2974125,Day,F,L,A,MYSE
151.909,8443,6/3/2015,5/30/2015,6:37:41,7,29.6,AH0,162,31.7239488,Day,F,L,A,MYSE
151.909,8443,6/3/2015,5/26/2015,6:37:42,7,33.2,AH0,255,36.8211744,Day,F,L,A,MYSE
151.909,8443,6/3/2015,5/29/2015,6:37:42,7,30.5,AH0,235,33.2974125,Day,F,L,A,MYSE
151.909,8443,6/3/2015,5/29/2015,6:37:44,7,30.4,AH0,237,33.1331712,Day,F,L,A,MYSE
151.909,8443,6/3/2015,5/30/2015,6:37:55,7,29.6,AH0,158,31.7239488,Day,F,L,A,MYSE
151.909,8443,6/3/2015,5/26/2015,6:37:56,7,33,AH0,255,36.6161,Day,F,L,A,MYSE
151.909,8443,6/3/2015,5/29/2015,6:37:57,7,31.1,AH0,233,34.2293523,Day,F,L,A,MYSE
151.909,8443,6/3/2015,5/30/2015,6:37:57,7,29.6,AH0,164,31.7239488,Day,F,L,A,MYSE
151.909,8443,6/3/2015,5/26/2015,6:37:58,7,33,AH0,255,36.6161,Day,F,L,A,MYSE
151.909,8443,6/3/2015,5/29/2015,6:37:59,7,31.2,AH0,238,34.3759424,Day,F,L,A,MYSE
151.909,8443,6/3/2015,5/26/2015,6:38:00,7,33,AH0,255,36.6161,Day,F,L,A,MYSE
151.909,8443,6/3/2015,5/30/2015,6:38:00,7,29.6,AH0,156,31.7239488,Day,F,L,A,MYSE
151.909,8443,6/3/2015,5/29/2015,6:38:01,7,31.2,AH0,233,34.3759424,Day,F,L,A,MYSE
151.909,8443,6/3/2015,5/26/2015,6:38:02,7,33,AH0,255,36.6161,Day,F,L,A,MYSE
151.909,8443,6/3/2015,5/30/2015,6:38:02,7,29.6,AH0,159,31.7239488,Day,F,L,A,MYSE
151.909,8443,6/3/2015,5/29/2015,6:38:03,7,31.3,AH0,239,34.5200901,Day,F,L,A,MYSE
151.909,8443,6/3/2015,5/26/2015,6:38:16,7,32.9,AH0,255,36.5104437,Day,F,L,A,MYSE
151.909,8443,6/3/2015,5/30/2015,6:38:16,7,29.6,AH0,159,31.7239488,Day,F,L,A,MYSE
151.909,8443,6/3/2015,5/26/2015,6:38:18,7,32.8,AH0,255,36.4026816,Day,F,L,A,MYSE
151.909,8443,6/3/2015,5/29/2015,6:38:18,7,30.9,AH0,240,33.9287657,Day,F,L,A,MYSE
151.909,8443,6/3/2015,5/30/2015,6:38:18,7,29.6,AH0,161,31.7239488,Day,F,L,A,MYSE
151.909,8443,6/3/2015,5/26/2015,6:38:20,7,32.8,AH0,255,36.4026816,Day,F,L,A,MYSE
151.909,8443,6/3/2015,5/29/2015,6:38:20,7,30.9,AH0,237,33.9287657,Day,F,L,A,MYSE
151.909,8443,6/3/2015,5/30/2015,6:38:20,7,29.6,AH0,160,31.7239488,Day,F,L,A,MYSE
151.909,8443,6/3/2015,5/26/2015,6:38:22,7,32.8,AH0,255,36.4026816,Day,F,L,A,MYSE
151.909,8443,6/3/2015,5/29/2015,6:38:22,7,30.9,AH0,240,33.9287657,Day,F,L,A,MYSE
151.909,8443,6/3/2015,5/30/2015,6:38:22,7,29.6,AH0,160,31.7239488,Day,F,L,A,MYSE
151.909,8443,6/3/2015,5/29/2015,6:38:24,7,30.9,AH0,239,33.9287657,Day,F,L,A,MYSE
151.909,8443,6/3/2015,5/30/2015,6:38:36,7,29.6,AH0,163,31.7239488,Day,F,L,A,MYSE
151.909,8443,6/3/2015,5/26/2015,6:38:37,7,32.8,AH0,255,36.4026816,Day,F,L,A,MYSE
151.909,8443,6/3/2015,5/26/2015,6:38:38,7,32.8,AH0,255,36.4026816,Day,F,L,A,MYSE
151.909,8443,6/3/2015,5/29/2015,6:38:38,7,30.9,AH0,239,33.9287657,Day,F,L,A,MYSE
151.909,8443,6/3/2015,5/30/2015,6:38:38,7,29.6,AH0,162,31.7239488,Day,F,L,A,MYSE
151.909,8443,6/3/2015,5/26/2015,6:38:40,7,32.8,AH0,255,36.4026816,Day,F,L,A,MYSE
151.909,8443,6/3/2015,5/29/2015,6:38:40,7,30.9,AH0,241,33.9287657,Day,F,L,A,MYSE
151.909,8443,6/3/2015,5/30/2015,6:38:40,7,29.6,AH0,162,31.7239488,Day,F,L,A,MYSE
151.909,8443,6/3/2015,5/26/2015,6:38:42,7,32.8,AH0,255,36.4026816,Day,F,L,A,MYSE
151.909,8443,6/3/2015,5/29/2015,6:38:42,7,30.9,AH0,238,33.9287657,Day,F,L,A,MYSE
151.909,8443,6/3/2015,5/30/2015,6:38:42,7,29.6,AH0,160,31.7239488,Day,F,L,A,MYSE
151.909,8443,6/3/2015,5/29/2015,6:38:44,7,30.9,AH0,239,33.9287657,Day,F,L,A,MYSE
151.909,8443,6/3/2015,5/26/2015,6:38:55,7,32.9,AH0,255,36.5104437,Day,F,L,A,MYSE
151.909,8443,6/3/2015,5/30/2015,6:38:56,7,29.6,AH0,161,31.7239488,Day,F,L,A,MYSE
151.909,8443,6/3/2015,5/26/2015,6:38:57,7,32.8,AH0,255,36.4026816,Day,F,L,A,MYSE
151.909,8443,6/3/2015,5/29/2015,6:38:57,7,31,AH0,237,34.0803,Day,F,L,A,MYSE
151.909,8443,6/3/2015,5/30/2015,6:38:58,7,29.6,AH0,157,31.7239488,Day,F,L,A,MYSE
151.909,8443,6/3/2015,5/26/2015,6:38:59,7,32.9,AH0,255,36.5104437,Day,F,L,A,MYSE
151.909,8443,6/3/2015,5/29/2015,6:38:59,7,31,AH0,235,34.0803,Day,F,L,A,MYSE
151.909,8443,6/3/2015,5/26/2015,6:39:00,7,32.9,AH0,255,36.5104437,Day,F,L,A,MYSE
151.909,8443,6/3/2015,5/30/2015,6:39:00,7,29.6,AH0,159,31.7239488,Day,F,L,A,MYSE
151.909,8443,6/3/2015,5/29/2015,6:39:01,7,31,AH0,238,34.0803,Day,F,L,A,MYSE
151.909,8443,6/3/2015,5/26/2015,6:39:02,7,32.9,AH0,255,36.5104437,Day,F,L,A,MYSE
151.909,8443,6/3/2015,5/30/2015,6:39:02,7,29.6,AH0,161,31.7239488,Day,F,L,A,MYSE
151.909,8443,6/3/2015,5/29/2015,6:39:03,7,31,AH0,239,34.0803,Day,F,L,A,MYSE
151.909,8443,6/3/2015,5/26/2015,6:39:15,7,32.9,AH0,255,36.5104437,Day,F,L,A,MYSE
151.909,8443,6/3/2015,5/26/2015,6:39:17,7,32.9,AH0,255,36.5104437,Day,F,L,A,MYSE
151.909,8443,6/3/2015,5/30/2015,6:39:17,7,29.5,AH0,155,31.5355875,Day,F,L,A,MYSE
151.909,8443,6/3/2015,5/26/2015,6:39:19,7,32.9,AH0,255,36.5104437,Day,F,L,A,MYSE
151.909,8443,6/3/2015,5/29/2015,6:39:19,7,31,AH0,239,34.0803,Day,F,L,A,MYSE
151.909,8443,6/3/2015,5/30/2015,6:39:19,7,29.6,AH0,160,31.7239488,Day,F,L,A,MYSE
151.909,8443,6/3/2015,5/26/2015,6:39:20,7,32.9,AH0,255,36.5104437,Day,F,L,A,MYSE
151.909,8443,6/3/2015,5/29/2015,6:39:21,7,31,AH0,238,34.0803,Day,F,L,A,MYSE
151.909,8443,6/3/2015,5/30/2015,6:39:21,7,29.5,AH0,158,31.5355875,Day,F,L,A,MYSE
151.909,8443,6/3/2015,5/26/2015,6:39:22,7,32.9,AH0,255,36.5104437,Day,F,L,A,MYSE
151.909,8443,6/3/2015,5/29/2015,6:39:22,7,30.9,AH0,241,33.9287657,Day,F,L,A,MYSE
151.909,8443,6/3/2015,5/30/2015,6:39:23,7,29.6,AH0,161,31.7239488,Day,F,L,A,MYSE
151.909,8443,6/3/2015,5/29/2015,6:39:24,7,30.9,AH0,240,33.9287657,Day,F,L,A,MYSE
151.909,8443,6/3/2015,5/26/2015,6:39:35,7,33,AH0,255,36.6161,Day,F,L,A,MYSE
151.909,8443,6/3/2015,5/26/2015,6:39:37,7,33,AH0,255,36.6161,Day,F,L,A,MYSE
151.909,8443,6/3/2015,5/30/2015,6:39:37,7,29.6,AH0,161,31.7239488,Day,F,L,A,MYSE
151.909,8443,6/3/2015,5/29/2015,6:39:38,7,30.7,AH0,242,33.6181719,Day,F,L,A,MYSE
151.909,8443,6/3/2015,5/26/2015,6:39:39,7,33,AH0,255,36.6161,Day,F,L,A,MYSE
151.909,8443,6/3/2015,5/30/2015,6:39:39,7,29.5,AH0,156,31.5355875,Day,F,L,A,MYSE
151.909,8443,6/3/2015,5/26/2015,6:39:40,7,33,AH0,255,36.6161,Day,F,L,A,MYSE
151.909,8443,6/3/2015,5/29/2015,6:39:40,7,30.6,AH0,242,33.4590728,Day,F,L,A,MYSE
151.909,8443,6/3/2015,5/30/2015,6:39:41,7,29.5,AH0,160,31.5355875,Day,F,L,A,MYSE
151.909,8443,6/3/2015,5/26/2015,6:39:42,7,33,AH0,255,36.6161,Day,F,L,A,MYSE
151.909,8443,6/3/2015,5/29/2015,6:39:42,7,30.6,AH0,240,33.4590728,Day,F,L,A,MYSE
151.909,8443,6/3/2015,5/30/2015,6:39:43,7,29.6,AH0,161,31.7239488,Day,F,L,A,MYSE
151.909,8443,6/3/2015,5/29/2015,6:39:44,7,30.6,AH0,239,33.4590728,Day,F,L,A,MYSE
151.909,8443,6/3/2015,5/26/2015,6:39:55,7,33,AH0,255,36.6161,Day,F,L,A,MYSE
151.909,8443,6/3/2015,5/26/2015,6:39:57,7,33,AH0,255,36.6161,Day,F,L,A,MYSE
151.909,8443,6/3/2015,5/30/2015,6:39:57,7,29.5,AH0,159,31.5355875,Day,F,L,A,MYSE
151.909,8443,6/3/2015,5/29/2015,6:39:58,7,30.4,AH0,237,33.1331712,Day,F,L,A,MYSE
151.909,8443,6/3/2015,5/26/2015,6:39:59,7,33,AH0,255,36.6161,Day,F,L,A,MYSE
151.909,8443,6/3/2015,5/30/2015,6:39:59,7,29.5,AH0,158,31.5355875,Day,F,L,A,MYSE
151.909,8443,6/3/2015,5/26/2015,6:40:00,7,33,AH0,255,36.6161,Day,F,L,A,MYSE
151.909,8443,6/3/2015,5/29/2015,6:40:00,7,30.3,AH0,238,32.9663291,Day,F,L,A,MYSE
151.909,8443,6/3/2015,5/30/2015,6:40:01,7,29.5,AH0,161,31.5355875,Day,F,L,A,MYSE
151.909,8443,6/3/2015,5/26/2015,6:40:02,7,33,AH0,255,36.6161,Day,F,L,A,MYSE
151.909,8443,6/3/2015,5/29/2015,6:40:02,7,30.3,AH0,238,32.9663291,Day,F,L,A,MYSE
151.909,8443,6/3/2015,5/29/2015,6:40:04,7,30.3,AH0,239,32.9663291,Day,F,L,A,MYSE
151.909,8443,6/3/2015,5/26/2015,6:40:15,7,33.1,AH0,255,36.7196703,Day,F,L,A,MYSE
151.909,8443,6/3/2015,5/30/2015,6:40:16,7,29.5,AH0,155,31.5355875,Day,F,L,A,MYSE
151.909,8443,6/3/2015,5/26/2015,6:40:17,7,33.1,AH0,255,36.7196703,Day,F,L,A,MYSE
151.909,8443,6/3/2015,5/29/2015,6:40:18,7,30.1,AH0,237,32.6247633,Day,F,L,A,MYSE
151.909,8443,6/3/2015,5/30/2015,6:40:18,7,29.5,AH0,159,31.5355875,Day,F,L,A,MYSE
151.909,8443,6/3/2015,5/26/2015,6:40:19,7,33.1,AH0,255,36.7196703,Day,F,L,A,MYSE
151.909,8443,6/3/2015,5/26/2015,6:40:20,7,33.1,AH0,255,36.7196703,Day,F,L,A,MYSE
151.909,8443,6/3/2015,5/29/2015,6:40:20,7,30.1,AH0,240,32.6247633,Day,F,L,A,MYSE
151.909,8443,6/3/2015,5/30/2015,6:40:20,7,29.5,AH0,158,31.5355875,Day,F,L,A,MYSE
151.909,8443,6/3/2015,5/26/2015,6:40:22,7,33.1,AH0,255,36.7196703,Day,F,L,A,MYSE
151.909,8443,6/3/2015,5/29/2015,6:40:22,7,30,AH0,236,32.45,Day,F,L,A,MYSE
151.909,8443,6/3/2015,5/30/2015,6:40:22,7,29.5,AH0,158,31.5355875,Day,F,L,A,MYSE
151.909,8443,6/3/2015,5/29/2015,6:40:24,7,30,AH0,239,32.45,Day,F,L,A,MYSE
151.909,8443,6/3/2015,5/26/2015,6:40:35,7,33,AH0,255,36.6161,Day,F,L,A,MYSE
151.909,8443,6/3/2015,5/30/2015,6:40:36,7,29.5,AH0,160,31.5355875,Day,F,L,A,MYSE
151.909,8443,6/3/2015,5/26/2015,6:40:37,7,33.1,AH0,255,36.7196703,Day,F,L,A,MYSE
151.909,8443,6/3/2015,5/29/2015,6:40:38,7,29.9,AH0,235,32.2725567,Day,F,L,A,MYSE
151.909,8443,6/3/2015,5/30/2015,6:40:38,7,29.5,AH0,159,31.5355875,Day,F,L,A,MYSE
151.909,8443,6/3/2015,5/26/2015,6:40:39,7,33,AH0,255,36.6161,Day,F,L,A,MYSE
151.909,8443,6/3/2015,5/26/2015,6:40:40,7,33,AH0,255,36.6161,Day,F,L,A,MYSE
151.909,8443,6/3/2015,5/29/2015,6:40:40,7,29.9,AH0,233,32.2725567,Day,F,L,A,MYSE
151.909,8443,6/3/2015,5/30/2015,6:40:40,7,29.5,AH0,158,31.5355875,Day,F,L,A,MYSE
151.909,8443,6/3/2015,5/26/2015,6:40:42,7,33,AH0,255,36.6161,Day,F,L,A,MYSE
151.909,8443,6/3/2015,5/29/2015,6:40:42,7,29.9,AH0,232,32.2725567,Day,F,L,A,MYSE
151.909,8443,6/3/2015,5/30/2015,6:40:42,7,29.5,AH0,161,31.5355875,Day,F,L,A,MYSE
151.909,8443,6/3/2015,5/29/2015,6:40:44,7,29.9,AH0,235,32.2725567,Day,F,L,A,MYSE
151.909,8443,6/3/2015,5/26/2015,6:40:55,7,32.6,AH0,255,36.1807608,Day,F,L,A,MYSE
151.909,8443,6/3/2015,5/30/2015,6:40:56,7,29.6,AH0,158,31.7239488,Day,F,L,A,MYSE
151.909,8443,6/3/2015,5/26/2015,6:40:57,7,32.6,AH0,255,36.1807608,Day,F,L,A,MYSE
151.909,8443,6/3/2015,5/29/2015,6:40:58,7,29.9,AH0,249,32.2725567,Day,F,L,A,MYSE
151.909,8443,6/3/2015,5/30/2015,6:40:58,7,29.6,AH0,161,31.7239488,Day,F,L,A,MYSE
151.909,8443,6/3/2015,5/26/2015,6:40:59,7,32.5,AH0,255,36.0665625,Day,F,L,A,MYSE
151.909,8443,6/3/2015,5/29/2015,6:41:00,7,29.9,AH0,250,32.2725567,Day,F,L,A,MYSE
151.909,8443,6/3/2015,5/30/2015,6:41:00,7,29.6,AH0,159,31.7239488,Day,F,L,A,MYSE
151.909,8443,6/3/2015,5/26/2015,6:41:01,7,32.5,AH0,255,36.0665625,Day,F,L,A,MYSE
151.909,8443,6/3/2015,5/26/2015,6:41:02,7,32.4,AH0,255,35.9501792,Day,F,L,A,MYSE
151.909,8443,6/3/2015,5/29/2015,6:41:02,7,29.9,AH0,246,32.2725567,Day,F,L,A,MYSE
151.909,8443,6/3/2015,5/30/2015,6:41:02,7,29.6,AH0,160,31.7239488,Day,F,L,A,MYSE
151.909,8443,6/3/2015,5/29/2015,6:41:04,7,29.9,AH0,227,32.2725567,Day,F,L,A,MYSE
151.909,8443,6/3/2015,5/26/2015,6:41:15,7,32.2,AH0,255,35.7107784,Day,F,L,A,MYSE
151.909,8443,6/3/2015,5/30/2015,6:41:16,7,29.6,AH0,162,31.7239488,Day,F,L,A,MYSE
151.909,8443,6/3/2015,5/26/2015,6:41:17,7,32.2,AH0,255,35.7107784,Day,F,L,A,MYSE
151.909,8443,6/3/2015,5/29/2015,6:41:18,7,29.9,AH0,139,32.2725567,Day,F,L,A,MYSE
151.909,8443,6/3/2015,5/26/2015,6:41:19,7,32.2,AH0,255,35.7107784,Day,F,L,A,MYSE
151.909,8443,6/3/2015,5/30/2015,6:41:19,7,29.6,AH0,161,31.7239488,Day,F,L,A,MYSE
151.909,8443,6/3/2015,5/29/2015,6:41:20,7,30,AH0,200,32.45,Day,F,L,A,MYSE
151.909,8443,6/3/2015,5/26/2015,6:41:21,7,32.1,AH0,255,35.5877213,Day,F,L,A,MYSE
151.909,8443,6/3/2015,5/30/2015,6:41:21,7,29.6,AH0,156,31.7239488,Day,F,L,A,MYSE
151.909,8443,6/3/2015,5/29/2015,6:41:22,7,30,AH0,211,32.45,Day,F,L,A,MYSE
151.909,8443,6/3/2015,5/30/2015,6:41:23,7,29.6,AH0,159,31.7239488,Day,F,L,A,MYSE
151.909,8443,6/3/2015,5/29/2015,6:41:24,7,30,AH0,203,32.45,Day,F,L,A,MYSE
151.909,8443,6/3/2015,5/26/2015,6:41:36,7,32,AH0,255,35.4624,Day,F,L,A,MYSE
151.909,8443,6/3/2015,5/30/2015,6:41:37,7,29.6,AH0,158,31.7239488,Day,F,L,A,MYSE
151.909,8443,6/3/2015,5/26/2015,6:41:38,7,32,AH0,255,35.4624,Day,F,L,A,MYSE
151.909,8443,6/3/2015,5/29/2015,6:41:38,7,30.1,AH0,198,32.6247633,Day,F,L,A,MYSE
151.909,8443,6/3/2015,5/30/2015,6:41:39,7,29.6,AH0,159,31.7239488,Day,F,L,A,MYSE
151.909,8443,6/3/2015,5/26/2015,6:41:40,7,32,AH0,255,35.4624,Day,F,L,A,MYSE
151.909,8443,6/3/2015,5/29/2015,6:41:40,7,30.1,AH0,198,32.6247633,Day,F,L,A,MYSE
151.909,8443,6/3/2015,5/30/2015,6:41:41,7,29.5,AH0,160,31.5355875,Day,F,L,A,MYSE
151.909,8443,6/3/2015,5/26/2015,6:41:42,7,32,AH0,255,35.4624,Day,F,L,A,MYSE
151.909,8443,6/3/2015,5/29/2015,6:41:42,7,30.2,AH0,198,32.7968664,Day,F,L,A,MYSE
151.909,8443,6/3/2015,5/30/2015,6:41:43,7,29.5,AH0,162,31.5355875,Day,F,L,A,MYSE
151.909,8443,6/3/2015,5/29/2015,6:41:44,7,30.2,AH0,196,32.7968664,Day,F,L,A,MYSE
151.909,8443,6/3/2015,5/26/2015,6:41:55,7,32.1,AH0,255,35.5877213,Day,F,L,A,MYSE
151.909,8443,6/3/2015,5/26/2015,6:41:57,7,32,AH0,253,35.4624,Day,F,L,A,MYSE
151.909,8443,6/3/2015,5/30/2015,6:41:57,7,29.5,AH0,162,31.5355875,Day,F,L,A,MYSE
151.909,8443,6/3/2015,5/29/2015,6:41:58,7,30.3,AH0,195,32.9663291,Day,F,L,A,MYSE
151.909,8443,6/3/2015,5/26/2015,6:41:59,7,32,AH0,253,35.4624,Day,F,L,A,MYSE
151.909,8443,6/3/2015,5/30/2015,6:41:59,7,29.5,AH0,164,31.5355875,Day,F,L,A,MYSE
151.909,8443,6/3/2015,5/26/2015,6:42:00,7,32.1,AH0,253,35.5877213,Day,F,L,A,MYSE
151.909,8443,6/3/2015,5/29/2015,6:42:00,7,30.3,AH0,196,32.9663291,Day,F,L,A,MYSE
151.909,8443,6/3/2015,5/30/2015,6:42:01,7,29.5,AH0,162,31.5355875,Day,F,L,A,MYSE
151.909,8443,6/3/2015,5/26/2015,6:42:02,7,32.2,AH0,253,35.7107784,Day,F,L,A,MYSE
151.909,8443,6/3/2015,5/29/2015,6:42:02,7,30.3,AH0,191,32.9663291,Day,F,L,A,MYSE
151.909,8443,6/3/2015,5/29/2015,6:42:04,7,30.3,AH0,194,32.9663291,Day,F,L,A,MYSE
151.909,8443,6/3/2015,5/26/2015,6:42:15,7,32.4,AH0,255,35.9501792,Day,F,L,A,MYSE
151.909,8443,6/3/2015,5/30/2015,6:42:15,7,29.5,AH0,161,31.5355875,Day,F,L,A,MYSE
151.909,8443,6/3/2015,5/26/2015,6:42:17,7,32.4,AH0,255,35.9501792,Day,F,L,A,MYSE
151.909,8443,6/3/2015,5/29/2015,6:42:17,7,30.3,AH0,193,32.9663291,Day,F,L,A,MYSE
151.909,8443,6/3/2015,5/30/2015,6:42:17,7,29.5,AH0,161,31.5355875,Day,F,L,A,MYSE
151.909,8443,6/3/2015,5/26/2015,6:42:19,7,32.3,AH0,254,35.8315911,Day,F,L,A,MYSE
151.909,8443,6/3/2015,5/29/2015,6:42:19,7,30.3,AH0,193,32.9663291,Day,F,L,A,MYSE
151.909,8443,6/3/2015,5/30/2015,6:42:19,7,29.5,AH0,160,31.5355875,Day,F,L,A,MYSE
151.909,8443,6/3/2015,5/26/2015,6:42:21,7,32.2,AH0,254,35.7107784,Day,F,L,A,MYSE
151.909,8443,6/3/2015,5/29/2015,6:42:21,7,30.3,AH0,193,32.9663291,Day,F,L,A,MYSE
151.909,8443,6/3/2015,5/30/2015,6:42:21,7,29.5,AH0,158,31.5355875,Day,F,L,A,MYSE
151.909,8443,6/3/2015,5/26/2015,6:42:23,7,32.1,AH0,254,35.5877213,Day,F,L,A,MYSE
151.909,8443,6/3/2015,5/29/2015,6:42:23,7,30.3,AH0,196,32.9663291,Day,F,L,A,MYSE
151.909,8443,6/3/2015,5/26/2015,6:42:36,7,31.5,AH0,251,34.8011375,Day,F,L,A,MYSE
151.909,8443,6/3/2015,5/30/2015,6:42:36,7,29.5,AH0,159,31.5355875,Day,F,L,A,MYSE
151.909,8443,6/3/2015,5/29/2015,6:42:37,7,30.3,AH0,203,32.9663291,Day,F,L,A,MYSE
151.909,8443,6/3/2015,5/26/2015,6:42:38,7,31.5,AH0,254,34.8011375,Day,F,L,A,MYSE
151.909,8443,6/3/2015,5/30/2015,6:42:38,7,29.5,AH0,160,31.5355875,Day,F,L,A,MYSE
151.909,8443,6/3/2015,5/29/2015,6:42:39,7,30.3,AH0,197,32.9663291,Day,F,L,A,MYSE
151.909,8443,6/3/2015,5/26/2015,6:42:40,7,31.4,AH0,255,34.6618152,Day,F,L,A,MYSE
151.909,8443,6/3/2015,5/30/2015,6:42:40,7,29.5,AH0,156,31.5355875,Day,F,L,A,MYSE
151.909,8443,6/3/2015,5/29/2015,6:42:41,7,30.3,AH0,193,32.9663291,Day,F,L,A,MYSE
151.909,8443,6/3/2015,5/26/2015,6:42:42,7,31.3,AH0,254,34.5200901,Day,F,L,A,MYSE
151.909,8443,6/3/2015,5/30/2015,6:42:42,7,29.5,AH0,158,31.5355875,Day,F,L,A,MYSE
151.909,8443,6/3/2015,5/29/2015,6:42:43,7,30.3,AH0,193,32.9663291,Day,F,L,A,MYSE
151.909,8443,6/3/2015,5/26/2015,6:42:55,7,30.9,AH0,255,33.9287657,Day,F,L,A,MYSE
151.909,8443,6/3/2015,5/30/2015,6:42:56,7,29.5,AH0,161,31.5355875,Day,F,L,A,MYSE
151.909,8443,6/3/2015,5/26/2015,6:42:57,7,30.9,AH0,255,33.9287657,Day,F,L,A,MYSE
151.909,8443,6/3/2015,5/29/2015,6:42:57,7,30.3,AH0,193,32.9663291,Day,F,L,A,MYSE
151.909,8443,6/3/2015,5/30/2015,6:42:58,7,29.5,AH0,157,31.5355875,Day,F,L,A,MYSE
151.909,8443,6/3/2015,5/26/2015,6:42:59,7,30.9,AH0,255,33.9287657,Day,F,L,A,MYSE
151.909,8443,6/3/2015,5/29/2015,6:42:59,7,30.3,AH0,191,32.9663291,Day,F,L,A,MYSE
151.909,8443,6/3/2015,5/30/2015,6:43:00,7,29.5,AH0,161,31.5355875,Day,F,L,A,MYSE
151.909,8443,6/3/2015,5/26/2015,6:43:01,7,30.9,AH0,255,33.9287657,Day,F,L,A,MYSE
151.909,8443,6/3/2015,5/29/2015,6:43:01,7,30.3,AH0,193,32.9663291,Day,F,L,A,MYSE
151.909,8443,6/3/2015,5/30/2015,6:43:02,7,29.5,AH0,159,31.5355875,Day,F,L,A,MYSE
151.909,8443,6/3/2015,5/29/2015,6:43:03,7,30.3,AH0,193,32.9663291,Day,F,L,A,MYSE
151.909,8443,6/3/2015,5/30/2015,6:43:16,7,29.5,AH0,157,31.5355875,Day,F,L,A,MYSE
151.909,8443,6/3/2015,5/26/2015,6:43:17,7,30.7,AH0,255,33.6181719,Day,F,L,A,MYSE
151.909,8443,6/3/2015,5/29/2015,6:43:17,7,30.3,AH0,191,32.9663291,Day,F,L,A,MYSE
151.909,8443,6/3/2015,5/30/2015,6:43:18,7,29.5,AH0,157,31.5355875,Day,F,L,A,MYSE
151.909,8443,6/3/2015,5/26/2015,6:43:19,7,30.6,AH0,241,33.4590728,Day,F,L,A,MYSE
151.909,8443,6/3/2015,5/29/2015,6:43:19,7,30.3,AH0,193,32.9663291,Day,F,L,A,MYSE
151.909,8443,6/3/2015,5/26/2015,6:43:21,7,30.6,AH0,242,33.4590728,Day,F,L,A,MYSE
151.909,8443,6/3/2015,5/29/2015,6:43:21,7,30.3,AH0,193,32.9663291,Day,F,L,A,MYSE
151.909,8443,6/3/2015,5/30/2015,6:43:21,7,29.5,AH0,159,31.5355875,Day,F,L,A,MYSE
151.909,8443,6/3/2015,5/26/2015,6:43:22,7,30.6,AH0,239,33.4590728,Day,F,L,A,MYSE
151.909,8443,6/3/2015,5/29/2015,6:43:23,7,30.3,AH0,191,32.9663291,Day,F,L,A,MYSE
151.909,8443,6/3/2015,5/30/2015,6:43:23,7,29.5,AH0,160,31.5355875,Day,F,L,A,MYSE
151.909,8443,6/3/2015,5/26/2015,6:43:36,7,30.5,AH0,237,33.2974125,Day,F,L,A,MYSE
151.909,8443,6/3/2015,5/30/2015,6:43:37,7,29.5,AH0,164,31.5355875,Day,F,L,A,MYSE
151.909,8443,6/3/2015,5/26/2015,6:43:38,7,30.5,AH0,240,33.2974125,Day,F,L,A,MYSE
151.909,8443,6/3/2015,5/29/2015,6:43:38,7,30.3,AH0,189,32.9663291,Day,F,L,A,MYSE
151.909,8443,6/3/2015,5/30/2015,6:43:39,7,29.5,AH0,159,31.5355875,Day,F,L,A,MYSE
151.909,8443,6/3/2015,5/26/2015,6:43:40,7,30.5,AH0,233,33.2974125,Day,F,L,A,MYSE
151.909,8443,6/3/2015,5/29/2015,6:43:40,7,30.3,AH0,192,32.9663291,Day,F,L,A,MYSE
151.909,8443,6/3/2015,5/30/2015,6:43:41,7,29.5,AH0,158,31.5355875,Day,F,L,A,MYSE
151.909,8443,6/3/2015,5/26/2015,6:43:42,7,30.5,AH0,235,33.2974125,Day,F,L,A,MYSE
151.909,8443,6/3/2015,5/29/2015,6:43:42,7,30.3,AH0,192,32.9663291,Day,F,L,A,MYSE
151.909,8443,6/3/2015,5/30/2015,6:43:43,7,29.5,AH0,162,31.5355875,Day,F,L,A,MYSE
151.909,8443,6/3/2015,5/29/2015,6:43:44,7,30.3,AH0,191,32.9663291,Day,F,L,A,MYSE
151.909,8443,6/3/2015,5/26/2015,6:43:56,7,30.3,AH0,228,32.9663291,Day,F,L,A,MYSE
151.909,8443,6/3/2015,5/29/2015,6:43:57,7,30.3,AH0,192,32.9663291,Day,F,L,A,MYSE
151.909,8443,6/3/2015,5/30/2015,6:43:57,7,29.5,AH0,160,31.5355875,Day,F,L,A,MYSE
151.909,8443,6/3/2015,5/26/2015,6:43:58,7,30.3,AH0,230,32.9663291,Day,F,L,A,MYSE
151.909,8443,6/3/2015,5/29/2015,6:43:59,7,30.2,AH0,189,32.7968664,Day,F,L,A,MYSE
151.909,8443,6/3/2015,5/30/2015,6:43:59,7,29.5,AH0,163,31.5355875,Day,F,L,A,MYSE
151.909,8443,6/3/2015,5/26/2015,6:44:00,7,30.3,AH0,228,32.9663291,Day,F,L,A,MYSE
151.909,8443,6/3/2015,5/29/2015,6:44:01,7,30.3,AH0,195,32.9663291,Day,F,L,A,MYSE
151.909,8443,6/3/2015,5/30/2015,6:44:01,7,29.5,AH0,159,31.5355875,Day,F,L,A,MYSE
151.909,8443,6/3/2015,5/26/2015,6:44:02,7,30.3,AH0,231,32.9663291,Day,F,L,A,MYSE
151.909,8443,6/3/2015,5/29/2015,6:44:03,7,30.3,AH0,195,32.9663291,Day,F,L,A,MYSE
151.909,8443,6/3/2015,5/30/2015,6:44:15,7,29.5,AH0,164,31.5355875,Day,F,L,A,MYSE
151.909,8443,6/3/2015,5/26/2015,6:44:16,7,30.3,AH0,220,32.9663291,Day,F,L,A,MYSE
151.909,8443,6/3/2015,5/29/2015,6:44:17,7,30.2,AH0,191,32.7968664,Day,F,L,A,MYSE
151.909,8443,6/3/2015,5/26/2015,6:44:18,7,30.3,AH0,228,32.9663291,Day,F,L,A,MYSE
151.909,8443,6/3/2015,5/30/2015,6:44:18,7,29.5,AH0,162,31.5355875,Day,F,L,A,MYSE
151.909,8443,6/3/2015,5/29/2015,6:44:19,7,30.2,AH0,188,32.7968664,Day,F,L,A,MYSE
151.909,8443,6/3/2015,5/26/2015,6:44:20,7,30.3,AH0,208,32.9663291,Day,F,L,A,MYSE
151.909,8443,6/3/2015,5/30/2015,6:44:20,7,29.5,AH0,162,31.5355875,Day,F,L,A,MYSE
151.909,8443,6/3/2015,5/29/2015,6:44:21,7,30.2,AH0,190,32.7968664,Day,F,L,A,MYSE
151.909,8443,6/3/2015,5/26/2015,6:44:22,7,30.3,AH0,223,32.9663291,Day,F,L,A,MYSE
151.909,8443,6/3/2015,5/30/2015,6:44:22,7,29.5,AH0,160,31.5355875,Day,F,L,A,MYSE
151.909,8443,6/3/2015,5/29/2015,6:44:23,7,30.2,AH0,192,32.7968664,Day,F,L,A,MYSE
151.909,8443,6/3/2015,5/26/2015,6:44:36,7,30.2,AH0,243,32.7968664,Day,F,L,A,MYSE
151.909,8443,6/3/2015,5/30/2015,6:44:36,7,29.5,AH0,160,31.5355875,Day,F,L,A,MYSE
151.909,8443,6/3/2015,5/29/2015,6:44:37,7,30.1,AH0,190,32.6247633,Day,F,L,A,MYSE
151.909,8443,6/3/2015,5/26/2015,6:44:38,7,30.1,AH0,243,32.6247633,Day,F,L,A,MYSE
151.909,8443,6/3/2015,5/30/2015,6:44:38,7,29.5,AH0,159,31.5355875,Day,F,L,A,MYSE
151.909,8443,6/3/2015,5/29/2015,6:44:39,7,30.1,AH0,189,32.6247633,Day,F,L,A,MYSE
151.909,8443,6/3/2015,5/26/2015,6:44:40,7,30.1,AH0,241,32.6247633,Day,F,L,A,MYSE
151.909,8443,6/3/2015,5/30/2015,6:44:40,7,29.5,AH0,163,31.5355875,Day,F,L,A,MYSE
151.909,8443,6/3/2015,5/29/2015,6:44:41,7,30.1,AH0,189,32.6247633,Day,F,L,A,MYSE
151.909,8443,6/3/2015,5/26/2015,6:44:42,7,30.1,AH0,232,32.6247633,Day,F,L,A,MYSE
151.909,8443,6/3/2015,5/30/2015,6:44:42,7,29.5,AH0,163,31.5355875,Day,F,L,A,MYSE
151.909,8443,6/3/2015,5/29/2015,6:44:43,7,30.1,AH0,186,32.6247633,Day,F,L,A,MYSE
151.909,8443,6/3/2015,5/26/2015,6:44:56,7,30,AH0,242,32.45,Day,F,L,A,MYSE
151.909,8443,6/3/2015,5/30/2015,6:44:56,7,29.5,AH0,161,31.5355875,Day,F,L,A,MYSE
151.909,8443,6/3/2015,5/29/2015,6:44:57,7,30.1,AH0,188,32.6247633,Day,F,L,A,MYSE
151.909,8443,6/3/2015,5/26/2015,6:44:58,7,30,AH0,241,32.45,Day,F,L,A,MYSE
151.909,8443,6/3/2015,5/30/2015,6:44:58,7,29.5,AH0,157,31.5355875,Day,F,L,A,MYSE
151.909,8443,6/3/2015,5/29/2015,6:44:59,7,30.1,AH0,192,32.6247633,Day,F,L,A,MYSE
151.909,8443,6/3/2015,5/26/2015,6:45:00,7,30,AH0,243,32.45,Day,F,L,A,MYSE
151.909,8443,6/3/2015,5/30/2015,6:45:00,7,29.5,AH0,159,31.5355875,Day,F,L,A,MYSE
151.909,8443,6/3/2015,5/29/2015,6:45:01,7,30.1,AH0,192,32.6247633,Day,F,L,A,MYSE
151.909,8443,6/3/2015,5/26/2015,6:45:02,7,30,AH0,243,32.45,Day,F,L,A,MYSE
151.909,8443,6/3/2015,5/30/2015,6:45:02,7,29.5,AH0,161,31.5355875,Day,F,L,A,MYSE
151.909,8443,6/3/2015,5/29/2015,6:45:03,7,30.1,AH0,190,32.6247633,Day,F,L,A,MYSE
151.909,8443,6/3/2015,5/26/2015,6:45:16,7,29.9,AH0,245,32.2725567,Day,F,L,A,MYSE
151.909,8443,6/3/2015,5/30/2015,6:45:16,7,29.5,AH0,159,31.5355875,Day,F,L,A,MYSE
151.909,8443,6/3/2015,5/29/2015,6:45:17,7,30.1,AH0,188,32.6247633,Day,F,L,A,MYSE
151.909,8443,6/3/2015,5/26/2015,6:45:18,7,29.9,AH0,247,32.2725567,Day,F,L,A,MYSE
151.909,8443,6/3/2015,5/30/2015,6:45:18,7,29.5,AH0,159,31.5355875,Day,F,L,A,MYSE
151.909,8443,6/3/2015,5/29/2015,6:45:19,7,30.1,AH0,188,32.6247633,Day,F,L,A,MYSE
151.909,8443,6/3/2015,5/26/2015,6:45:20,7,29.9,AH0,245,32.2725567,Day,F,L,A,MYSE
151.909,8443,6/3/2015,5/29/2015,6:45:21,7,30,AH0,188,32.45,Day,F,L,A,MYSE
151.909,8443,6/3/2015,5/30/2015,6:45:21,7,29.5,AH0,159,31.5355875,Day,F,L,A,MYSE
151.909,8443,6/3/2015,5/26/2015,6:45:22,7,29.9,AH0,243,32.2725567,Day,F,L,A,MYSE
151.909,8443,6/3/2015,5/29/2015,6:45:23,7,30,AH0,190,32.45,Day,F,L,A,MYSE
151.909,8443,6/3/2015,5/30/2015,6:45:23,7,29.5,AH0,158,31.5355875,Day,F,L,A,MYSE
151.909,8443,6/3/2015,5/26/2015,6:45:36,7,29.9,AH0,255,32.2725567,Day,F,L,A,MYSE
151.909,8443,6/3/2015,5/29/2015,6:45:37,7,30,AH0,189,32.45,Day,F,L,A,MYSE
151.909,8443,6/3/2015,5/30/2015,6:45:37,7,29.5,AH0,161,31.5355875,Day,F,L,A,MYSE
151.909,8443,6/3/2015,5/26/2015,6:45:38,7,30,AH0,255,32.45,Day,F,L,A,MYSE
151.909,8443,6/3/2015,5/29/2015,6:45:39,7,30,AH0,212,32.45,Day,F,L,A,MYSE
151.909,8443,6/3/2015,5/30/2015,6:45:39,7,29.5,AH0,158,31.5355875,Day,F,L,A,MYSE
151.909,8443,6/3/2015,5/26/2015,6:45:40,7,30,AH0,255,32.45,Day,F,L,A,MYSE
151.909,8443,6/3/2015,5/29/2015,6:45:41,7,30.1,AH0,204,32.6247633,Day,F,L,A,MYSE
151.909,8443,6/3/2015,5/30/2015,6:45:41,7,29.5,AH0,162,31.5355875,Day,F,L,A,MYSE
151.909,8443,6/3/2015,5/26/2015,6:45:42,7,30.1,AH0,255,32.6247633,Day,F,L,A,MYSE
151.909,8443,6/3/2015,5/29/2015,6:45:43,7,30.1,AH0,199,32.6247633,Day,F,L,A,MYSE
151.909,8443,6/3/2015,5/30/2015,6:45:43,7,29.5,AH0,160,31.5355875,Day,F,L,A,MYSE
151.909,8443,6/3/2015,5/26/2015,6:45:56,7,30.3,AH0,255,32.9663291,Day,F,L,A,MYSE
151.909,8443,6/3/2015,5/29/2015,6:45:57,7,30.2,AH0,215,32.7968664,Day,F,L,A,MYSE
151.909,8443,6/3/2015,5/30/2015,6:45:57,7,29.5,AH0,160,31.5355875,Day,F,L,A,MYSE
151.909,8443,6/3/2015,5/26/2015,6:45:58,7,30.3,AH0,255,32.9663291,Day,F,L,A,MYSE
151.909,8443,6/3/2015,5/29/2015,6:45:59,7,30.2,AH0,208,32.7968664,Day,F,L,A,MYSE
151.909,8443,6/3/2015,5/30/2015,6:45:59,7,29.5,AH0,161,31.5355875,Day,F,L,A,MYSE
151.909,8443,6/3/2015,5/26/2015,6:46:00,7,30.3,AH0,255,32.9663291,Day,F,L,A,MYSE
151.909,8443,6/3/2015,5/29/2015,6:46:01,7,30.2,AH0,206,32.7968664,Day,F,L,A,MYSE
151.909,8443,6/3/2015,5/30/2015,6:46:01,7,29.5,AH0,158,31.5355875,Day,F,L,A,MYSE
151.909,8443,6/3/2015,5/26/2015,6:46:02,7,30.3,AH0,255,32.9663291,Day,F,L,A,MYSE
151.909,8443,6/3/2015,5/29/2015,6:46:03,7,30.2,AH0,212,32.7968664,Day,F,L,A,MYSE
151.909,8443,6/3/2015,5/26/2015,6:46:15,7,30.3,AH0,255,32.9663291,Day,F,L,A,MYSE
151.909,8443,6/3/2015,5/30/2015,6:46:15,7,29.5,AH0,159,31.5355875,Day,F,L,A,MYSE
151.909,8443,6/3/2015,5/26/2015,6:46:17,7,30.4,AH0,255,33.1331712,Day,F,L,A,MYSE
151.909,8443,6/3/2015,5/29/2015,6:46:17,7,30.4,AH0,226,33.1331712,Day,F,L,A,MYSE
151.909,8443,6/3/2015,5/30/2015,6:46:17,7,29.5,AH0,163,31.5355875,Day,F,L,A,MYSE
151.909,8443,6/3/2015,5/26/2015,6:46:19,7,30.4,AH0,255,33.1331712,Day,F,L,A,MYSE
151.909,8443,6/3/2015,5/29/2015,6:46:19,7,30.4,AH0,220,33.1331712,Day,F,L,A,MYSE
151.909,8443,6/3/2015,5/30/2015,6:46:20,7,29.5,AH0,161,31.5355875,Day,F,L,A,MYSE
151.909,8443,6/3/2015,5/26/2015,6:46:21,7,30.4,AH0,255,33.1331712,Day,F,L,A,MYSE
151.909,8443,6/3/2015,5/29/2015,6:46:21,7,30.5,AH0,222,33.2974125,Day,F,L,A,MYSE
151.909,8443,6/3/2015,5/30/2015,6:46:22,7,29.5,AH0,159,31.5355875,Day,F,L,A,MYSE
151.909,8443,6/3/2015,5/29/2015,6:46:23,7,30.5,AH0,230,33.2974125,Day,F,L,A,MYSE
151.909,8443,6/3/2015,5/26/2015,6:46:35,7,30.6,AH0,255,33.4590728,Day,F,L,A,MYSE
151.909,8443,6/3/2015,5/29/2015,6:46:36,7,30.6,AH0,228,33.4590728,Day,F,L,A,MYSE
151.909,8443,6/3/2015,5/30/2015,6:46:36,7,29.5,AH0,159,31.5355875,Day,F,L,A,MYSE
151.909,8443,6/3/2015,5/26/2015,6:46:37,7,30.6,AH0,255,33.4590728,Day,F,L,A,MYSE
151.909,8443,6/3/2015,5/29/2015,6:46:38,7,30.6,AH0,233,33.4590728,Day,F,L,A,MYSE
151.909,8443,6/3/2015,5/30/2015,6:46:38,7,29.5,AH0,162,31.5355875,Day,F,L,A,MYSE
151.909,8443,6/3/2015,5/26/2015,6:46:39,7,30.6,AH0,255,33.4590728,Day,F,L,A,MYSE
151.909,8443,6/3/2015,5/29/2015,6:46:40,7,30.6,AH0,234,33.4590728,Day,F,L,A,MYSE
151.909,8443,6/3/2015,5/30/2015,6:46:40,7,29.5,AH0,162,31.5355875,Day,F,L,A,MYSE
151.909,8443,6/3/2015,5/26/2015,6:46:41,7,30.7,AH0,255,33.6181719,Day,F,L,A,MYSE
151.909,8443,6/3/2015,5/29/2015,6:46:42,7,30.6,AH0,232,33.4590728,Day,F,L,A,MYSE
151.909,8443,6/3/2015,5/30/2015,6:46:42,7,29.5,AH0,159,31.5355875,Day,F,L,A,MYSE
151.909,8443,6/3/2015,5/29/2015,6:46:56,7,30.7,AH0,231,33.6181719,Day,F,L,A,MYSE
151.909,8443,6/3/2015,5/30/2015,6:46:56,7,29.5,AH0,162,31.5355875,Day,F,L,A,MYSE
151.909,8443,6/3/2015,5/26/2015,6:46:57,7,30.8,AH0,255,33.7747296,Day,F,L,A,MYSE
151.909,8443,6/3/2015,5/29/2015,6:46:58,7,30.8,AH0,232,33.7747296,Day,F,L,A,MYSE
151.909,8443,6/3/2015,5/30/2015,6:46:58,7,29.5,AH0,161,31.5355875,Day,F,L,A,MYSE
151.909,8443,6/3/2015,5/26/2015,6:46:59,7,30.8,AH0,255,33.7747296,Day,F,L,A,MYSE
151.909,8443,6/3/2015,5/26/2015,6:47:00,7,30.8,AH0,255,33.7747296,Day,F,L,A,MYSE
151.909,8443,6/3/2015,5/29/2015,6:47:00,7,30.8,AH0,232,33.7747296,Day,F,L,A,MYSE
151.909,8443,6/3/2015,5/30/2015,6:47:00,7,29.5,AH0,162,31.5355875,Day,F,L,A,MYSE
151.909,8443,6/3/2015,5/26/2015,6:47:02,7,30.8,AH0,255,33.7747296,Day,F,L,A,MYSE
151.909,8443,6/3/2015,5/29/2015,6:47:02,7,30.8,AH0,231,33.7747296,Day,F,L,A,MYSE
151.909,8443,6/3/2015,5/30/2015,6:47:02,7,29.5,AH0,161,31.5355875,Day,F,L,A,MYSE
151.909,8443,6/3/2015,5/26/2015,6:47:16,7,30.9,AH0,255,33.9287657,Day,F,L,A,MYSE
151.909,8443,6/3/2015,5/30/2015,6:47:16,7,29.5,AH0,159,31.5355875,Day,F,L,A,MYSE
151.909,8443,6/3/2015,5/29/2015,6:47:17,7,30.8,AH0,231,33.7747296,Day,F,L,A,MYSE
151.909,8443,6/3/2015,5/26/2015,6:47:18,7,30.9,AH0,255,33.9287657,Day,F,L,A,MYSE
151.909,8443,6/3/2015,5/29/2015,6:47:19,7,30.8,AH0,231,33.7747296,Day,F,L,A,MYSE
151.909,8443,6/3/2015,5/30/2015,6:47:19,7,29.5,AH0,161,31.5355875,Day,F,L,A,MYSE
151.909,8443,6/3/2015,5/26/2015,6:47:20,7,31,AH0,255,34.0803,Day,F,L,A,MYSE
151.909,8443,6/3/2015,5/29/2015,6:47:21,7,30.9,AH0,231,33.9287657,Day,F,L,A,MYSE
151.909,8443,6/3/2015,5/30/2015,6:47:21,7,29.5,AH0,160,31.5355875,Day,F,L,A,MYSE
151.909,8443,6/3/2015,5/26/2015,6:47:22,7,31,AH0,255,34.0803,Day,F,L,A,MYSE
151.909,8443,6/3/2015,5/29/2015,6:47:23,7,30.9,AH0,231,33.9287657,Day,F,L,A,MYSE
151.909,8443,6/3/2015,5/30/2015,6:47:23,7,29.5,AH0,162,31.5355875,Day,F,L,A,MYSE
151.909,8443,6/3/2015,5/26/2015,6:47:35,7,31,AH0,255,34.0803,Day,F,L,A,MYSE
151.909,8443,6/3/2015,5/26/2015,6:47:37,7,31,AH0,255,34.0803,Day,F,L,A,MYSE
151.909,8443,6/3/2015,5/29/2015,6:47:37,7,30.9,AH0,233,33.9287657,Day,F,L,A,MYSE
151.909,8443,6/3/2015,5/30/2015,6:47:37,7,29.5,AH0,161,31.5355875,Day,F,L,A,MYSE
151.909,8443,6/3/2015,5/26/2015,6:47:39,7,31,AH0,255,34.0803,Day,F,L,A,MYSE
151.909,8443,6/3/2015,5/29/2015,6:47:39,7,30.9,AH0,228,33.9287657,Day,F,L,A,MYSE
151.909,8443,6/3/2015,5/30/2015,6:47:39,7,29.5,AH0,161,31.5355875,Day,F,L,A,MYSE
151.909,8443,6/3/2015,5/26/2015,6:47:41,7,31,AH0,255,34.0803,Day,F,L,A,MYSE
151.909,8443,6/3/2015,5/29/2015,6:47:41,7,30.9,AH0,229,33.9287657,Day,F,L,A,MYSE
151.909,8443,6/3/2015,5/30/2015,6:47:41,7,29.5,AH0,161,31.5355875,Day,F,L,A,MYSE
151.909,8443,6/3/2015,5/29/2015,6:47:43,7,30.9,AH0,231,33.9287657,Day,F,L,A,MYSE
151.909,8443,6/3/2015,5/30/2015,6:47:43,7,29.5,AH0,162,31.5355875,Day,F,L,A,MYSE
151.909,8443,6/3/2015,5/26/2015,6:47:55,7,31.3,AH0,255,34.5200901,Day,F,L,A,MYSE
151.909,8443,6/3/2015,5/30/2015,6:47:55,7,29.6,AH0,156,31.7239488,Day,F,L,A,MYSE
151.909,8443,6/3/2015,5/29/2015,6:47:56,7,31.1,AH0,231,34.2293523,Day,F,L,A,MYSE
151.909,8443,6/3/2015,5/26/2015,6:47:57,7,31,AH0,255,34.0803,Day,F,L,A,MYSE
151.909,8443,6/3/2015,5/30/2015,6:47:57,7,29.5,AH0,159,31.5355875,Day,F,L,A,MYSE
151.909,8443,6/3/2015,5/29/2015,6:47:58,7,31.1,AH0,228,34.2293523,Day,F,L,A,MYSE
151.909,8443,6/3/2015,5/26/2015,6:47:59,7,31.1,AH0,255,34.2293523,Day,F,L,A,MYSE
151.909,8443,6/3/2015,5/30/2015,6:47:59,7,29.5,AH0,163,31.5355875,Day,F,L,A,MYSE
151.909,8443,6/3/2015,5/29/2015,6:48:00,7,31.1,AH0,228,34.2293523,Day,F,L,A,MYSE
151.909,8443,6/3/2015,5/26/2015,6:48:01,7,31.1,AH0,255,34.2293523,Day,F,L,A,MYSE
151.909,8443,6/3/2015,5/30/2015,6:48:01,7,29.5,AH0,157,31.5355875,Day,F,L,A,MYSE
151.909,8443,6/3/2015,5/26/2015,6:48:02,7,31.1,AH0,255,34.2293523,Day,F,L,A,MYSE
151.909,8443,6/3/2015,5/29/2015,6:48:02,7,31.1,AH0,230,34.2293523,Day,F,L,A,MYSE
151.909,8443,6/3/2015,5/30/2015,6:48:15,7,29.5,AH0,155,31.5355875,Day,F,L,A,MYSE
151.909,8443,6/3/2015,5/26/2015,6:48:16,7,31.1,AH0,255,34.2293523,Day,F,L,A,MYSE
151.909,8443,6/3/2015,5/29/2015,6:48:16,7,30.9,AH0,234,33.9287657,Day,F,L,A,MYSE
151.909,8443,6/3/2015,5/30/2015,6:48:17,7,29.5,AH0,154,31.5355875,Day,F,L,A,MYSE
151.909,8443,6/3/2015,5/26/2015,6:48:18,7,31.1,AH0,255,34.2293523,Day,F,L,A,MYSE
151.909,8443,6/3/2015,5/29/2015,6:48:18,7,30.9,AH0,232,33.9287657,Day,F,L,A,MYSE
151.909,8443,6/3/2015,5/26/2015,6:48:20,7,31.1,AH0,255,34.2293523,Day,F,L,A,MYSE
151.909,8443,6/3/2015,5/29/2015,6:48:20,7,30.9,AH0,239,33.9287657,Day,F,L,A,MYSE
151.909,8443,6/3/2015,5/30/2015,6:48:20,7,29.5,AH0,156,31.5355875,Day,F,L,A,MYSE
151.909,8443,6/3/2015,5/29/2015,6:48:21,7,30.9,AH0,237,33.9287657,Day,F,L,A,MYSE
151.909,8443,6/3/2015,5/26/2015,6:48:22,7,31.1,AH0,255,34.2293523,Day,F,L,A,MYSE
151.909,8443,6/3/2015,5/30/2015,6:48:22,7,29.5,AH0,157,31.5355875,Day,F,L,A,MYSE
151.909,8443,6/3/2015,5/29/2015,6:48:23,7,30.9,AH0,234,33.9287657,Day,F,L,A,MYSE
151.909,8443,6/3/2015,5/26/2015,6:48:35,7,31.2,AH0,255,34.3759424,Day,F,L,A,MYSE
151.909,8443,6/3/2015,5/30/2015,6:48:36,7,29.5,AH0,163,31.5355875,Day,F,L,A,MYSE
151.909,8443,6/3/2015,5/26/2015,6:48:37,7,31.2,AH0,255,34.3759424,Day,F,L,A,MYSE
151.909,8443,6/3/2015,5/29/2015,6:48:37,7,30.7,AH0,232,33.6181719,Day,F,L,A,MYSE
151.909,8443,6/3/2015,5/30/2015,6:48:38,7,29.6,AH0,160,31.7239488,Day,F,L,A,MYSE
151.909,8443,6/3/2015,5/26/2015,6:48:39,7,31.2,AH0,255,34.3759424,Day,F,L,A,MYSE
151.909,8443,6/3/2015,5/29/2015,6:48:39,7,30.7,AH0,228,33.6181719,Day,F,L,A,MYSE
151.909,8443,6/3/2015,5/30/2015,6:48:40,7,29.5,AH0,158,31.5355875,Day,F,L,A,MYSE
151.909,8443,6/3/2015,5/26/2015,6:48:41,7,31.2,AH0,255,34.3759424,Day,F,L,A,MYSE
151.909,8443,6/3/2015,5/29/2015,6:48:41,7,30.7,AH0,233,33.6181719,Day,F,L,A,MYSE
151.909,8443,6/3/2015,5/30/2015,6:48:42,7,29.6,AH0,159,31.7239488,Day,F,L,A,MYSE
151.909,8443,6/3/2015,5/29/2015,6:48:43,7,30.7,AH0,233,33.6181719,Day,F,L,A,MYSE
151.909,8443,6/3/2015,5/26/2015,6:48:56,7,31.2,AH0,255,34.3759424,Day,F,L,A,MYSE
151.909,8443,6/3/2015,5/30/2015,6:48:56,7,29.6,AH0,159,31.7239488,Day,F,L,A,MYSE
151.909,8443,6/3/2015,5/29/2015,6:48:57,7,30.6,AH0,235,33.4590728,Day,F,L,A,MYSE
151.909,8443,6/3/2015,5/26/2015,6:48:58,7,31.2,AH0,255,34.3759424,Day,F,L,A,MYSE
151.909,8443,6/3/2015,5/30/2015,6:48:58,7,29.6,AH0,158,31.7239488,Day,F,L,A,MYSE
151.909,8443,6/3/2015,5/29/2015,6:48:59,7,30.6,AH0,232,33.4590728,Day,F,L,A,MYSE
151.909,8443,6/3/2015,5/26/2015,6:49:00,7,31.2,AH0,255,34.3759424,Day,F,L,A,MYSE
151.909,8443,6/3/2015,5/30/2015,6:49:00,7,29.5,AH0,164,31.5355875,Day,F,L,A,MYSE
151.909,8443,6/3/2015,5/29/2015,6:49:01,7,30.6,AH0,234,33.4590728,Day,F,L,A,MYSE
151.909,8443,6/3/2015,5/26/2015,6:49:02,7,31.2,AH0,255,34.3759424,Day,F,L,A,MYSE
151.909,8443,6/3/2015,5/30/2015,6:49:02,7,29.6,AH0,162,31.7239488,Day,F,L,A,MYSE
151.909,8443,6/3/2015,5/29/2015,6:49:03,7,30.6,AH0,232,33.4590728,Day,F,L,A,MYSE
151.909,8443,6/3/2015,5/26/2015,6:49:16,7,31.2,AH0,255,34.3759424,Day,F,L,A,MYSE
151.909,8443,6/3/2015,5/29/2015,6:49:16,7,30.5,AH0,239,33.2974125,Day,F,L,A,MYSE
151.909,8443,6/3/2015,5/30/2015,6:49:16,7,29.6,AH0,159,31.7239488,Day,F,L,A,MYSE
151.909,8443,6/3/2015,5/26/2015,6:49:18,7,31.2,AH0,255,34.3759424,Day,F,L,A,MYSE
151.909,8443,6/3/2015,5/29/2015,6:49:18,7,30.6,AH0,242,33.4590728,Day,F,L,A,MYSE
151.909,8443,6/3/2015,5/30/2015,6:49:18,7,29.6,AH0,159,31.7239488,Day,F,L,A,MYSE
151.909,8443,6/3/2015,5/26/2015,6:49:19,7,31.2,AH0,255,34.3759424,Day,F,L,A,MYSE
151.909,8443,6/3/2015,5/29/2015,6:49:20,7,30.5,AH0,241,33.2974125,Day,F,L,A,MYSE
151.909,8443,6/3/2015,5/30/2015,6:49:20,7,29.6,AH0,162,31.7239488,Day,F,L,A,MYSE
151.909,8443,6/3/2015,5/26/2015,6:49:21,7,31.2,AH0,255,34.3759424,Day,F,L,A,MYSE
151.909,8443,6/3/2015,5/29/2015,6:49:22,7,30.5,AH0,242,33.2974125,Day,F,L,A,MYSE
151.909,8443,6/3/2015,5/30/2015,6:49:22,7,29.6,AH0,162,31.7239488,Day,F,L,A,MYSE
151.909,8443,6/3/2015,5/26/2015,6:49:35,7,31.6,AH0,255,34.9380768,Day,F,L,A,MYSE
151.909,8443,6/3/2015,5/29/2015,6:49:36,7,30.5,AH0,240,33.2974125,Day,F,L,A,MYSE
151.909,8443,6/3/2015,5/26/2015,6:49:37,7,31.6,AH0,255,34.9380768,Day,F,L,A,MYSE
151.909,8443,6/3/2015,5/30/2015,6:49:37,7,29.6,AH0,160,31.7239488,Day,F,L,A,MYSE
151.909,8443,6/3/2015,5/29/2015,6:49:38,7,30.5,AH0,239,33.2974125,Day,F,L,A,MYSE
151.909,8443,6/3/2015,5/26/2015,6:49:39,7,31.5,AH0,255,34.8011375,Day,F,L,A,MYSE
151.909,8443,6/3/2015,5/30/2015,6:49:39,7,29.6,AH0,160,31.7239488,Day,F,L,A,MYSE
151.909,8443,6/3/2015,5/26/2015,6:49:40,7,31.5,AH0,255,34.8011375,Day,F,L,A,MYSE
151.909,8443,6/3/2015,5/29/2015,6:49:40,7,30.5,AH0,241,33.2974125,Day,F,L,A,MYSE
151.909,8443,6/3/2015,5/30/2015,6:49:41,7,29.6,AH0,160,31.7239488,Day,F,L,A,MYSE
151.909,8443,6/3/2015,5/26/2015,6:49:42,7,31.5,AH0,255,34.8011375,Day,F,L,A,MYSE
151.909,8443,6/3/2015,5/29/2015,6:49:42,7,30.5,AH0,239,33.2974125,Day,F,L,A,MYSE
151.909,8443,6/3/2015,5/30/2015,6:49:43,7,29.6,AH0,162,31.7239488,Day,F,L,A,MYSE
151.909,8443,6/3/2015,5/26/2015,6:49:56,7,31.6,AH0,255,34.9380768,Day,F,L,A,MYSE
151.909,8443,6/3/2015,5/29/2015,6:49:56,7,30.5,AH0,241,33.2974125,Day,F,L,A,MYSE
151.909,8443,6/3/2015,5/30/2015,6:49:57,7,29.6,AH0,162,31.7239488,Day,F,L,A,MYSE
151.909,8443,6/3/2015,5/26/2015,6:49:58,7,31.6,AH0,255,34.9380768,Day,F,L,A,MYSE
151.909,8443,6/3/2015,5/29/2015,6:49:58,7,30.5,AH0,241,33.2974125,Day,F,L,A,MYSE
151.909,8443,6/3/2015,5/26/2015,6:49:59,7,31.7,AH0,255,35.0726529,Day,F,L,A,MYSE
151.909,8443,6/3/2015,5/30/2015,6:49:59,7,29.6,AH0,162,31.7239488,Day,F,L,A,MYSE
151.909,8443,6/3/2015,5/29/2015,6:50:00,7,30.5,AH0,241,33.2974125,Day,F,L,A,MYSE
151.909,8443,6/3/2015,5/26/2015,6:50:01,7,31.7,AH0,255,35.0726529,Day,F,L,A,MYSE
151.909,8443,6/3/2015,5/30/2015,6:50:01,7,29.6,AH0,159,31.7239488,Day,F,L,A,MYSE
151.909,8443,6/3/2015,5/29/2015,6:50:02,7,30.5,AH0,240,33.2974125,Day,F,L,A,MYSE
151.909,8443,6/3/2015,5/29/2015,6:50:03,7,30.5,AH0,241,33.2974125,Day,F,L,A,MYSE
151.909,8443,6/3/2015,5/30/2015,6:50:15,7,29.6,AH0,159,31.7239488,Day,F,L,A,MYSE
151.909,8443,6/3/2015,5/26/2015,6:50:17,7,31.6,AH0,255,34.9380768,Day,F,L,A,MYSE
151.909,8443,6/3/2015,5/29/2015,6:50:17,7,30.6,AH0,238,33.4590728,Day,F,L,A,MYSE
151.909,8443,6/3/2015,5/30/2015,6:50:17,7,29.6,AH0,158,31.7239488,Day,F,L,A,MYSE
151.909,8443,6/3/2015,5/26/2015,6:50:18,7,31.6,AH0,255,34.9380768,Day,F,L,A,MYSE
151.909,8443,6/3/2015,5/29/2015,6:50:19,7,30.6,AH0,240,33.4590728,Day,F,L,A,MYSE
151.909,8443,6/3/2015,5/30/2015,6:50:19,7,29.6,AH0,162,31.7239488,Day,F,L,A,MYSE
151.909,8443,6/3/2015,5/26/2015,6:50:20,7,31.5,AH0,255,34.8011375,Day,F,L,A,MYSE
151.909,8443,6/3/2015,5/29/2015,6:50:21,7,30.7,AH0,243,33.6181719,Day,F,L,A,MYSE
151.909,8443,6/3/2015,5/30/2015,6:50:21,7,29.6,AH0,161,31.7239488,Day,F,L,A,MYSE
151.909,8443,6/3/2015,5/26/2015,6:50:22,7,31.5,AH0,255,34.8011375,Day,F,L,A,MYSE
151.909,8443,6/3/2015,5/29/2015,6:50:23,7,30.7,AH0,241,33.6181719,Day,F,L,A,MYSE
151.909,8443,6/3/2015,5/30/2015,6:50:35,7,29.6,AH0,160,31.7239488,Day,F,L,A,MYSE
151.909,8443,6/3/2015,5/26/2015,6:50:36,7,31.3,AH0,255,34.5200901,Day,F,L,A,MYSE
151.909,8443,6/3/2015,5/29/2015,6:50:37,7,30.7,AH0,241,33.6181719,Day,F,L,A,MYSE
151.909,8443,6/3/2015,5/30/2015,6:50:37,7,29.7,AH0,163,31.9095509,Day,F,L,A,MYSE
151.909,8443,6/3/2015,5/26/2015,6:50:38,7,31.2,AH0,255,34.3759424,Day,F,L,A,MYSE
151.909,8443,6/3/2015,5/26/2015,6:50:39,7,31.2,AH0,255,34.3759424,Day,F,L,A,MYSE
151.909,8443,6/3/2015,5/29/2015,6:50:39,7,30.6,AH0,243,33.4590728,Day,F,L,A,MYSE
151.909,8443,6/3/2015,5/30/2015,6:50:39,7,29.6,AH0,160,31.7239488,Day,F,L,A,MYSE
151.909,8443,6/3/2015,5/26/2015,6:50:41,7,31.2,AH0,255,34.3759424,Day,F,L,A,MYSE
151.909,8443,6/3/2015,5/29/2015,6:50:41,7,30.6,AH0,243,33.4590728,Day,F,L,A,MYSE
151.909,8443,6/3/2015,5/30/2015,6:50:42,7,29.7,AH0,161,31.9095509,Day,F,L,A,MYSE
151.909,8443,6/3/2015,5/29/2015,6:50:43,7,30.6,AH0,236,33.4590728,Day,F,L,A,MYSE
151.909,8443,6/3/2015,5/26/2015,6:50:55,7,31.2,AH0,255,34.3759424,Day,F,L,A,MYSE
151.909,8443,6/3/2015,5/29/2015,6:50:56,7,30.7,AH0,238,33.6181719,Day,F,L,A,MYSE
151.909,8443,6/3/2015,5/30/2015,6:50:56,7,29.7,AH0,159,31.9095509,Day,F,L,A,MYSE
151.909,8443,6/3/2015,5/26/2015,6:50:57,7,31.2,AH0,255,34.3759424,Day,F,L,A,MYSE
151.909,8443,6/3/2015,5/29/2015,6:50:58,7,30.7,AH0,241,33.6181719,Day,F,L,A,MYSE
151.909,8443,6/3/2015,5/30/2015,6:50:58,7,29.7,AH0,159,31.9095509,Day,F,L,A,MYSE
151.909,8443,6/3/2015,5/26/2015,6:50:59,7,31.2,AH0,255,34.3759424,Day,F,L,A,MYSE
151.909,8443,6/3/2015,5/29/2015,6:51:00,7,30.7,AH0,238,33.6181719,Day,F,L,A,MYSE
151.909,8443,6/3/2015,5/30/2015,6:51:00,7,29.7,AH0,163,31.9095509,Day,F,L,A,MYSE
151.909,8443,6/3/2015,5/26/2015,6:51:01,7,31.2,AH0,255,34.3759424,Day,F,L,A,MYSE
151.909,8443,6/3/2015,5/29/2015,6:51:02,7,30.7,AH0,240,33.6181719,Day,F,L,A,MYSE
151.909,8443,6/3/2015,5/30/2015,6:51:02,7,29.7,AH0,159,31.9095509,Day,F,L,A,MYSE
151.909,8443,6/3/2015,5/26/2015,6:51:03,7,31.2,AH0,255,34.3759424,Day,F,L,A,MYSE
151.909,8443,6/3/2015,5/26/2015,6:51:16,7,31.2,AH0,255,34.3759424,Day,F,L,A,MYSE
151.909,8443,6/3/2015,5/29/2015,6:51:16,7,30.7,AH0,235,33.6181719,Day,F,L,A,MYSE
151.909,8443,6/3/2015,5/30/2015,6:51:16,7,29.7,AH0,160,31.9095509,Day,F,L,A,MYSE
151.909,8443,6/3/2015,5/26/2015,6:51:18,7,31.2,AH0,255,34.3759424,Day,F,L,A,MYSE
151.909,8443,6/3/2015,5/29/2015,6:51:18,7,30.7,AH0,233,33.6181719,Day,F,L,A,MYSE
151.909,8443,6/3/2015,5/30/2015,6:51:18,7,29.7,AH0,162,31.9095509,Day,F,L,A,MYSE
151.909,8443,6/3/2015,5/26/2015,6:51:20,7,31.2,AH0,255,34.3759424,Day,F,L,A,MYSE
151.909,8443,6/3/2015,5/29/2015,6:51:20,7,30.7,AH0,234,33.6181719,Day,F,L,A,MYSE
151.909,8443,6/3/2015,5/30/2015,6:51:20,7,29.7,AH0,159,31.9095509,Day,F,L,A,MYSE
151.909,8443,6/3/2015,5/26/2015,6:51:22,7,31.2,AH0,255,34.3759424,Day,F,L,A,MYSE
151.909,8443,6/3/2015,5/29/2015,6:51:22,7,30.7,AH0,233,33.6181719,Day,F,L,A,MYSE
151.909,8443,6/3/2015,5/30/2015,6:51:22,7,29.7,AH0,158,31.9095509,Day,F,L,A,MYSE
151.909,8443,6/3/2015,5/26/2015,6:51:35,7,31.2,AH0,255,34.3759424,Day,F,L,A,MYSE
151.909,8443,6/3/2015,5/30/2015,6:51:36,7,29.7,AH0,160,31.9095509,Day,F,L,A,MYSE
151.909,8443,6/3/2015,5/26/2015,6:51:37,7,31.2,AH0,255,34.3759424,Day,F,L,A,MYSE
151.909,8443,6/3/2015,5/29/2015,6:51:37,7,30.7,AH0,239,33.6181719,Day,F,L,A,MYSE
151.909,8443,6/3/2015,5/30/2015,6:51:38,7,29.7,AH0,155,31.9095509,Day,F,L,A,MYSE
151.909,8443,6/3/2015,5/26/2015,6:51:39,7,31.2,AH0,255,34.3759424,Day,F,L,A,MYSE
151.909,8443,6/3/2015,5/29/2015,6:51:39,7,30.7,AH0,237,33.6181719,Day,F,L,A,MYSE
151.909,8443,6/3/2015,5/30/2015,6:51:40,7,29.7,AH0,159,31.9095509,Day,F,L,A,MYSE
151.909,8443,6/3/2015,5/26/2015,6:51:41,7,31.2,AH0,255,34.3759424,Day,F,L,A,MYSE
151.909,8443,6/3/2015,5/29/2015,6:51:41,7,30.7,AH0,236,33.6181719,Day,F,L,A,MYSE
151.909,8443,6/3/2015,5/30/2015,6:51:42,7,29.7,AH0,158,31.9095509,Day,F,L,A,MYSE
151.909,8443,6/3/2015,5/29/2015,6:51:43,7,30.7,AH0,234,33.6181719,Day,F,L,A,MYSE
151.909,8443,6/3/2015,5/26/2015,6:51:56,7,31.2,AH0,255,34.3759424,Day,F,L,A,MYSE
151.909,8443,6/3/2015,5/30/2015,6:51:56,7,29.7,AH0,159,31.9095509,Day,F,L,A,MYSE
151.909,8443,6/3/2015,5/29/2015,6:51:57,7,30.5,AH0,234,33.2974125,Day,F,L,A,MYSE
151.909,8443,6/3/2015,5/26/2015,6:51:58,7,31.2,AH0,255,34.3759424,Day,F,L,A,MYSE
151.909,8443,6/3/2015,5/30/2015,6:51:58,7,29.7,AH0,158,31.9095509,Day,F,L,A,MYSE
151.909,8443,6/3/2015,5/29/2015,6:51:59,7,30.5,AH0,234,33.2974125,Day,F,L,A,MYSE
151.909,8443,6/3/2015,5/26/2015,6:52:00,7,31.2,AH0,255,34.3759424,Day,F,L,A,MYSE
151.909,8443,6/3/2015,5/30/2015,6:52:00,7,29.7,AH0,156,31.9095509,Day,F,L,A,MYSE
151.909,8443,6/3/2015,5/29/2015,6:52:01,7,30.5,AH0,236,33.2974125,Day,F,L,A,MYSE
151.909,8443,6/3/2015,5/26/2015,6:52:02,7,31.2,AH0,255,34.3759424,Day,F,L,A,MYSE
151.909,8443,6/3/2015,5/30/2015,6:52:02,7,29.7,AH0,158,31.9095509,Day,F,L,A,MYSE
151.909,8443,6/3/2015,5/29/2015,6:52:03,7,30.5,AH0,233,33.2974125,Day,F,L,A,MYSE
151.909,8443,6/3/2015,5/26/2015,6:52:16,7,31.1,AH0,255,34.2293523,Day,F,L,A,MYSE
151.909,8443,6/3/2015,5/29/2015,6:52:17,7,30.4,AH0,230,33.1331712,Day,F,L,A,MYSE
151.909,8443,6/3/2015,5/30/2015,6:52:17,7,29.7,AH0,155,31.9095509,Day,F,L,A,MYSE
151.909,8443,6/3/2015,5/26/2015,6:52:18,7,31.1,AH0,255,34.2293523,Day,F,L,A,MYSE
151.909,8443,6/3/2015,5/29/2015,6:52:19,7,30.4,AH0,232,33.1331712,Day,F,L,A,MYSE
151.909,8443,6/3/2015,5/30/2015,6:52:19,7,29.7,AH0,159,31.9095509,Day,F,L,A,MYSE
151.909,8443,6/3/2015,5/26/2015,6:52:20,7,31.1,AH0,255,34.2293523,Day,F,L,A,MYSE
151.909,8443,6/3/2015,5/26/2015,6:52:21,7,31.1,AH0,255,34.2293523,Day,F,L,A,MYSE
151.909,8443,6/3/2015,5/29/2015,6:52:21,7,30.4,AH0,234,33.1331712,Day,F,L,A,MYSE
151.909,8443,6/3/2015,5/30/2015,6:52:21,7,29.7,AH0,157,31.9095509,Day,F,L,A,MYSE
151.909,8443,6/3/2015,5/29/2015,6:52:23,7,30.4,AH0,235,33.1331712,Day,F,L,A,MYSE
151.909,8443,6/3/2015,5/30/2015,6:52:23,7,29.7,AH0,159,31.9095509,Day,F,L,A,MYSE
151.909,8443,6/3/2015,5/26/2015,6:52:35,7,31,AH0,239,34.0803,Day,F,L,A,MYSE
151.909,8443,6/3/2015,5/26/2015,6:52:37,7,31,AH0,238,34.0803,Day,F,L,A,MYSE
151.909,8443,6/3/2015,5/29/2015,6:52:37,7,30.2,AH0,232,32.7968664,Day,F,L,A,MYSE
151.909,8443,6/3/2015,5/30/2015,6:52:37,7,29.6,AH0,157,31.7239488,Day,F,L,A,MYSE
151.909,8443,6/3/2015,5/29/2015,6:52:38,7,30.2,AH0,236,32.7968664,Day,F,L,A,MYSE
151.909,8443,6/3/2015,5/26/2015,6:52:39,7,31.1,AH0,247,34.2293523,Day,F,L,A,MYSE
151.909,8443,6/3/2015,5/30/2015,6:52:39,7,29.6,AH0,157,31.7239488,Day,F,L,A,MYSE
151.909,8443,6/3/2015,5/29/2015,6:52:40,7,30.2,AH0,233,32.7968664,Day,F,L,A,MYSE
151.909,8443,6/3/2015,5/26/2015,6:52:41,7,31.1,AH0,254,34.2293523,Day,F,L,A,MYSE
151.909,8443,6/3/2015,5/30/2015,6:52:41,7,29.6,AH0,161,31.7239488,Day,F,L,A,MYSE
151.909,8443,6/3/2015,5/29/2015,6:52:42,7,30.2,AH0,234,32.7968664,Day,F,L,A,MYSE
151.909,8443,6/3/2015,5/30/2015,6:52:43,7,29.6,AH0,155,31.7239488,Day,F,L,A,MYSE
151.909,8443,6/3/2015,5/30/2015,6:52:55,7,29.8,AH0,155,32.0924136,Day,F,L,A,MYSE
151.909,8443,6/3/2015,5/26/2015,6:52:56,7,31.1,AH0,255,34.2293523,Day,F,L,A,MYSE
151.909,8443,6/3/2015,5/29/2015,6:52:56,7,30.1,AH0,232,32.6247633,Day,F,L,A,MYSE
151.909,8443,6/3/2015,5/30/2015,6:52:57,7,29.6,AH0,163,31.7239488,Day,F,L,A,MYSE
151.909,8443,6/3/2015,5/26/2015,6:52:58,7,31.1,AH0,255,34.2293523,Day,F,L,A,MYSE
151.909,8443,6/3/2015,5/29/2015,6:52:58,7,30.1,AH0,232,32.6247633,Day,F,L,A,MYSE
151.909,8443,6/3/2015,5/30/2015,6:52:59,7,29.6,AH0,154,31.7239488,Day,F,L,A,MYSE
151.909,8443,6/3/2015,5/26/2015,6:53:00,7,31.1,AH0,255,34.2293523,Day,F,L,A,MYSE
151.909,8443,6/3/2015,5/29/2015,6:53:00,7,30.1,AH0,233,32.6247633,Day,F,L,A,MYSE
151.909,8443,6/3/2015,5/30/2015,6:53:01,7,29.6,AH0,159,31.7239488,Day,F,L,A,MYSE
151.909,8443,6/3/2015,5/26/2015,6:53:02,7,31.1,AH0,251,34.2293523,Day,F,L,A,MYSE
151.909,8443,6/3/2015,5/29/2015,6:53:02,7,30.1,AH0,233,32.6247633,Day,F,L,A,MYSE
151.909,8443,6/3/2015,5/30/2015,6:53:15,7,29.6,AH0,157,31.7239488,Day,F,L,A,MYSE
151.909,8443,6/3/2015,5/26/2015,6:53:16,7,30.8,AH0,255,33.7747296,Day,F,L,A,MYSE
151.909,8443,6/3/2015,5/29/2015,6:53:16,7,30,AH0,234,32.45,Day,F,L,A,MYSE
151.909,8443,6/3/2015,5/30/2015,6:53:17,7,29.6,AH0,160,31.7239488,Day,F,L,A,MYSE
151.909,8443,6/3/2015,5/26/2015,6:53:18,7,30.8,AH0,255,33.7747296,Day,F,L,A,MYSE
151.909,8443,6/3/2015,5/29/2015,6:53:18,7,30,AH0,237,32.45,Day,F,L,A,MYSE
151.909,8443,6/3/2015,5/30/2015,6:53:19,7,29.6,AH0,160,31.7239488,Day,F,L,A,MYSE
151.909,8443,6/3/2015,5/26/2015,6:53:20,7,30.8,AH0,255,33.7747296,Day,F,L,A,MYSE
151.909,8443,6/3/2015,5/29/2015,6:53:20,7,29.9,AH0,233,32.2725567,Day,F,L,A,MYSE
151.909,8443,6/3/2015,5/30/2015,6:53:21,7,29.6,AH0,156,31.7239488,Day,F,L,A,MYSE
151.909,8443,6/3/2015,5/26/2015,6:53:22,7,30.7,AH0,255,33.6181719,Day,F,L,A,MYSE
151.909,8443,6/3/2015,5/29/2015,6:53:22,7,29.9,AH0,234,32.2725567,Day,F,L,A,MYSE
151.909,8443,6/3/2015,5/26/2015,6:53:35,7,30.6,AH0,255,33.4590728,Day,F,L,A,MYSE
151.909,8443,6/3/2015,5/29/2015,6:53:36,7,29.8,AH0,233,32.0924136,Day,F,L,A,MYSE
151.909,8443,6/3/2015,5/30/2015,6:53:36,7,29.6,AH0,159,31.7239488,Day,F,L,A,MYSE
151.909,8443,6/3/2015,5/26/2015,6:53:37,7,30.6,AH0,255,33.4590728,Day,F,L,A,MYSE
151.909,8443,6/3/2015,5/29/2015,6:53:38,7,29.8,AH0,233,32.0924136,Day,F,L,A,MYSE
151.909,8443,6/3/2015,5/30/2015,6:53:38,7,29.6,AH0,156,31.7239488,Day,F,L,A,MYSE
151.909,8443,6/3/2015,5/26/2015,6:53:39,7,30.6,AH0,255,33.4590728,Day,F,L,A,MYSE
151.909,8443,6/3/2015,5/29/2015,6:53:40,7,29.8,AH0,243,32.0924136,Day,F,L,A,MYSE
151.909,8443,6/3/2015,5/30/2015,6:53:40,7,29.6,AH0,158,31.7239488,Day,F,L,A,MYSE
151.909,8443,6/3/2015,5/26/2015,6:53:41,7,30.5,AH0,255,33.2974125,Day,F,L,A,MYSE
151.909,8443,6/3/2015,5/30/2015,6:53:42,7,29.5,AH0,158,31.5355875,Day,F,L,A,MYSE
151.909,8443,6/3/2015,5/29/2015,6:53:43,7,29.8,AH0,239,32.0924136,Day,F,L,A,MYSE
151.909,8443,6/3/2015,5/26/2015,6:53:55,7,30.5,AH0,255,33.2974125,Day,F,L,A,MYSE
151.909,8443,6/3/2015,5/30/2015,6:53:56,7,29.5,AH0,159,31.5355875,Day,F,L,A,MYSE
151.909,8443,6/3/2015,5/26/2015,6:53:57,7,30.5,AH0,255,33.2974125,Day,F,L,A,MYSE
151.909,8443,6/3/2015,5/29/2015,6:53:57,7,29.7,AH0,235,31.9095509,Day,F,L,A,MYSE
151.909,8443,6/3/2015,5/30/2015,6:53:58,7,29.5,AH0,159,31.5355875,Day,F,L,A,MYSE
151.909,8443,6/3/2015,5/26/2015,6:53:59,7,30.4,AH0,255,33.1331712,Day,F,L,A,MYSE
151.909,8443,6/3/2015,5/29/2015,6:53:59,7,29.7,AH0,239,31.9095509,Day,F,L,A,MYSE
151.909,8443,6/3/2015,5/30/2015,6:54:00,7,29.5,AH0,157,31.5355875,Day,F,L,A,MYSE
151.909,8443,6/3/2015,5/26/2015,6:54:01,7,30.4,AH0,255,33.1331712,Day,F,L,A,MYSE
151.909,8443,6/3/2015,5/29/2015,6:54:01,7,29.6,AH0,238,31.7239488,Day,F,L,A,MYSE
151.909,8443,6/3/2015,5/30/2015,6:54:02,7,29.5,AH0,160,31.5355875,Day,F,L,A,MYSE
151.909,8443,6/3/2015,5/29/2015,6:54:03,7,29.6,AH0,240,31.7239488,Day,F,L,A,MYSE
151.909,8443,6/3/2015,5/30/2015,6:54:16,7,29.5,AH0,157,31.5355875,Day,F,L,A,MYSE
151.909,8443,6/3/2015,5/26/2015,6:54:17,7,30.5,AH0,255,33.2974125,Day,F,L,A,MYSE
151.909,8443,6/3/2015,5/29/2015,6:54:17,7,29.5,AH0,237,31.5355875,Day,F,L,A,MYSE
151.909,8443,6/3/2015,5/30/2015,6:54:18,7,29.5,AH0,160,31.5355875,Day,F,L,A,MYSE
151.909,8443,6/3/2015,5/26/2015,6:54:19,7,30.5,AH0,255,33.2974125,Day,F,L,A,MYSE
151.909,8443,6/3/2015,5/29/2015,6:54:19,7,29.5,AH0,241,31.5355875,Day,F,L,A,MYSE
151.909,8443,6/3/2015,5/26/2015,6:54:20,7,30.5,AH0,255,33.2974125,Day,F,L,A,MYSE
151.909,8443,6/3/2015,5/30/2015,6:54:20,7,29.5,AH0,158,31.5355875,Day,F,L,A,MYSE
151.909,8443,6/3/2015,5/29/2015,6:54:21,7,29.6,AH0,241,31.7239488,Day,F,L,A,MYSE
151.909,8443,6/3/2015,5/26/2015,6:54:22,7,30.5,AH0,255,33.2974125,Day,F,L,A,MYSE
151.909,8443,6/3/2015,5/30/2015,6:54:22,7,29.5,AH0,153,31.5355875,Day,F,L,A,MYSE
151.909,8443,6/3/2015,5/29/2015,6:54:23,7,29.5,AH0,241,31.5355875,Day,F,L,A,MYSE
151.909,8443,6/3/2015,5/26/2015,6:54:36,7,30.6,AH0,255,33.4590728,Day,F,L,A,MYSE
151.909,8443,6/3/2015,5/29/2015,6:54:37,7,29.5,AH0,237,31.5355875,Day,F,L,A,MYSE
151.909,8443,6/3/2015,5/30/2015,6:54:37,7,29.5,AH0,157,31.5355875,Day,F,L,A,MYSE
151.909,8443,6/3/2015,5/26/2015,6:54:38,7,30.6,AH0,255,33.4590728,Day,F,L,A,MYSE
151.909,8443,6/3/2015,5/29/2015,6:54:39,7,29.5,AH0,238,31.5355875,Day,F,L,A,MYSE
151.909,8443,6/3/2015,5/30/2015,6:54:39,7,29.5,AH0,155,31.5355875,Day,F,L,A,MYSE
151.909,8443,6/3/2015,5/26/2015,6:54:40,7,30.6,AH0,255,33.4590728,Day,F,L,A,MYSE
151.909,8443,6/3/2015,5/29/2015,6:54:41,7,29.5,AH0,236,31.5355875,Day,F,L,A,MYSE
151.909,8443,6/3/2015,5/30/2015,6:54:41,7,29.5,AH0,159,31.5355875,Day,F,L,A,MYSE
151.909,8443,6/3/2015,5/26/2015,6:54:42,7,30.6,AH0,255,33.4590728,Day,F,L,A,MYSE
151.909,8443,6/3/2015,5/29/2015,6:54:43,7,29.5,AH0,239,31.5355875,Day,F,L,A,MYSE
151.909,8443,6/3/2015,5/30/2015,6:54:43,7,29.6,AH0,162,31.7239488,Day,F,L,A,MYSE
151.909,8443,6/3/2015,5/26/2015,6:54:56,7,30.7,AH0,255,33.6181719,Day,F,L,A,MYSE
151.909,8443,6/3/2015,5/30/2015,6:54:57,7,29.6,AH0,159,31.7239488,Day,F,L,A,MYSE
151.909,8443,6/3/2015,5/26/2015,6:54:58,7,30.7,AH0,255,33.6181719,Day,F,L,A,MYSE
151.909,8443,6/3/2015,5/29/2015,6:54:58,7,29.6,AH0,236,31.7239488,Day,F,L,A,MYSE
151.909,8443,6/3/2015,5/30/2015,6:54:59,7,29.6,AH0,156,31.7239488,Day,F,L,A,MYSE
151.909,8443,6/3/2015,5/26/2015,6:55:00,7,30.7,AH0,255,33.6181719,Day,F,L,A,MYSE
151.909,8443,6/3/2015,5/29/2015,6:55:00,7,29.6,AH0,237,31.7239488,Day,F,L,A,MYSE
151.909,8443,6/3/2015,5/30/2015,6:55:01,7,29.6,AH0,157,31.7239488,Day,F,L,A,MYSE
151.909,8443,6/3/2015,5/26/2015,6:55:02,7,30.7,AH0,255,33.6181719,Day,F,L,A,MYSE
151.909,8443,6/3/2015,5/29/2015,6:55:02,7,29.6,AH0,235,31.7239488,Day,F,L,A,MYSE
151.909,8443,6/3/2015,5/26/2015,6:55:15,7,30.7,AH0,255,33.6181719,Day,F,L,A,MYSE
151.909,8443,6/3/2015,5/30/2015,6:55:15,7,29.6,AH0,158,31.7239488,Day,F,L,A,MYSE
151.909,8443,6/3/2015,5/29/2015,6:55:16,7,29.6,AH0,233,31.7239488,Day,F,L,A,MYSE
151.909,8443,6/3/2015,5/26/2015,6:55:17,7,30.7,AH0,255,33.6181719,Day,F,L,A,MYSE
151.909,8443,6/3/2015,5/30/2015,6:55:17,7,29.6,AH0,156,31.7239488,Day,F,L,A,MYSE
151.909,8443,6/3/2015,5/29/2015,6:55:18,7,29.6,AH0,233,31.7239488,Day,F,L,A,MYSE
151.909,8443,6/3/2015,5/26/2015,6:55:19,7,30.7,AH0,255,33.6181719,Day,F,L,A,MYSE
151.909,8443,6/3/2015,5/30/2015,6:55:19,7,29.6,AH0,162,31.7239488,Day,F,L,A,MYSE
151.909,8443,6/3/2015,5/29/2015,6:55:20,7,29.6,AH0,232,31.7239488,Day,F,L,A,MYSE
151.909,8443,6/3/2015,5/26/2015,6:55:21,7,30.7,AH0,255,33.6181719,Day,F,L,A,MYSE
151.909,8443,6/3/2015,5/30/2015,6:55:21,7,29.6,AH0,161,31.7239488,Day,F,L,A,MYSE
151.909,8443,6/3/2015,5/29/2015,6:55:22,7,29.6,AH0,231,31.7239488,Day,F,L,A,MYSE
151.909,8443,6/3/2015,5/26/2015,6:55:35,7,30.7,AH0,255,33.6181719,Day,F,L,A,MYSE
151.909,8443,6/3/2015,5/30/2015,6:55:35,7,29.6,AH0,156,31.7239488,Day,F,L,A,MYSE
151.909,8443,6/3/2015,5/29/2015,6:55:36,7,29.5,AH0,235,31.5355875,Day,F,L,A,MYSE
151.909,8443,6/3/2015,5/26/2015,6:55:37,7,30.7,AH0,255,33.6181719,Day,F,L,A,MYSE
151.909,8443,6/3/2015,5/30/2015,6:55:37,7,29.6,AH0,160,31.7239488,Day,F,L,A,MYSE
151.909,8443,6/3/2015,5/29/2015,6:55:38,7,29.5,AH0,235,31.5355875,Day,F,L,A,MYSE
151.909,8443,6/3/2015,5/26/2015,6:55:39,7,30.7,AH0,255,33.6181719,Day,F,L,A,MYSE
151.909,8443,6/3/2015,5/30/2015,6:55:39,7,29.6,AH0,158,31.7239488,Day,F,L,A,MYSE
151.909,8443,6/3/2015,5/29/2015,6:55:40,7,29.5,AH0,234,31.5355875,Day,F,L,A,MYSE
151.909,8443,6/3/2015,5/26/2015,6:55:41,7,30.7,AH0,255,33.6181719,Day,F,L,A,MYSE
151.909,8443,6/3/2015,5/30/2015,6:55:41,7,29.6,AH0,158,31.7239488,Day,F,L,A,MYSE
151.909,8443,6/3/2015,5/29/2015,6:55:42,7,29.5,AH0,233,31.5355875,Day,F,L,A,MYSE
151.909,8443,6/3/2015,5/26/2015,6:55:56,7,30.7,AH0,255,33.6181719,Day,F,L,A,MYSE
151.909,8443,6/3/2015,5/29/2015,6:55:56,7,29.5,AH0,233,31.5355875,Day,F,L,A,MYSE
151.909,8443,6/3/2015,5/30/2015,6:55:56,7,29.6,AH0,156,31.7239488,Day,F,L,A,MYSE
151.909,8443,6/3/2015,5/26/2015,6:55:58,7,30.7,AH0,255,33.6181719,Day,F,L,A,MYSE
151.909,8443,6/3/2015,5/29/2015,6:55:58,7,29.5,AH0,232,31.5355875,Day,F,L,A,MYSE
151.909,8443,6/3/2015,5/30/2015,6:55:58,7,29.6,AH0,155,31.7239488,Day,F,L,A,MYSE
151.909,8443,6/3/2015,5/26/2015,6:56:00,7,30.7,AH0,255,33.6181719,Day,F,L,A,MYSE
151.909,8443,6/3/2015,5/29/2015,6:56:00,7,29.5,AH0,234,31.5355875,Day,F,L,A,MYSE
151.909,8443,6/3/2015,5/30/2015,6:56:00,7,29.6,AH0,156,31.7239488,Day,F,L,A,MYSE
151.909,8443,6/3/2015,5/26/2015,6:56:02,7,30.7,AH0,255,33.6181719,Day,F,L,A,MYSE
151.909,8443,6/3/2015,5/30/2015,6:56:02,7,29.6,AH0,163,31.7239488,Day,F,L,A,MYSE
151.909,8443,6/3/2015,5/29/2015,6:56:03,7,29.5,AH0,233,31.5355875,Day,F,L,A,MYSE
151.909,8443,6/3/2015,5/26/2015,6:56:16,7,30.7,AH0,255,33.6181719,Day,F,L,A,MYSE
151.909,8443,6/3/2015,5/30/2015,6:56:16,7,29.6,AH0,159,31.7239488,Day,F,L,A,MYSE
151.909,8443,6/3/2015,5/29/2015,6:56:17,7,29.5,AH0,232,31.5355875,Day,F,L,A,MYSE
151.909,8443,6/3/2015,5/26/2015,6:56:18,7,30.7,AH0,255,33.6181719,Day,F,L,A,MYSE
151.909,8443,6/3/2015,5/30/2015,6:56:18,7,29.6,AH0,161,31.7239488,Day,F,L,A,MYSE
151.909,8443,6/3/2015,5/29/2015,6:56:19,7,29.5,AH0,234,31.5355875,Day,F,L,A,MYSE
151.909,8443,6/3/2015,5/26/2015,6:56:20,7,30.7,AH0,255,33.6181719,Day,F,L,A,MYSE
151.909,8443,6/3/2015,5/30/2015,6:56:20,7,29.6,AH0,160,31.7239488,Day,F,L,A,MYSE
151.909,8443,6/3/2015,5/29/2015,6:56:21,7,29.5,AH0,232,31.5355875,Day,F,L,A,MYSE
151.909,8443,6/3/2015,5/26/2015,6:56:22,7,30.7,AH0,255,33.6181719,Day,F,L,A,MYSE
151.909,8443,6/3/2015,5/30/2015,6:56:22,7,29.6,AH0,158,31.7239488,Day,F,L,A,MYSE
151.909,8443,6/3/2015,5/29/2015,6:56:23,7,29.5,AH0,235,31.5355875,Day,F,L,A,MYSE
151.909,8443,6/3/2015,5/26/2015,6:56:35,7,30.6,AH0,255,33.4590728,Day,F,L,A,MYSE
151.909,8443,6/3/2015,5/30/2015,6:56:36,7,29.6,AH0,157,31.7239488,Day,F,L,A,MYSE
151.909,8443,6/3/2015,5/26/2015,6:56:37,7,30.7,AH0,255,33.6181719,Day,F,L,A,MYSE
151.909,8443,6/3/2015,5/29/2015,6:56:37,7,29.5,AH0,235,31.5355875,Day,F,L,A,MYSE
151.909,8443,6/3/2015,5/30/2015,6:56:38,7,29.6,AH0,158,31.7239488,Day,F,L,A,MYSE
151.909,8443,6/3/2015,5/26/2015,6:56:39,7,30.7,AH0,255,33.6181719,Day,F,L,A,MYSE
151.909,8443,6/3/2015,5/29/2015,6:56:39,7,29.5,AH0,238,31.5355875,Day,F,L,A,MYSE
151.909,8443,6/3/2015,5/30/2015,6:56:40,7,29.6,AH0,162,31.7239488,Day,F,L,A,MYSE
151.909,8443,6/3/2015,5/26/2015,6:56:41,7,30.7,AH0,255,33.6181719,Day,F,L,A,MYSE
151.909,8443,6/3/2015,5/29/2015,6:56:41,7,29.5,AH0,237,31.5355875,Day,F,L,A,MYSE
151.909,8443,6/3/2015,5/30/2015,6:56:42,7,29.6,AH0,158,31.7239488,Day,F,L,A,MYSE
151.909,8443,6/3/2015,5/29/2015,6:56:43,7,29.6,AH0,232,31.7239488,Day,F,L,A,MYSE
151.909,8443,6/3/2015,5/26/2015,6:56:55,7,30.7,AH0,255,33.6181719,Day,F,L,A,MYSE
151.909,8443,6/3/2015,5/30/2015,6:56:56,7,29.6,AH0,162,31.7239488,Day,F,L,A,MYSE
151.909,8443,6/3/2015,5/26/2015,6:56:57,7,30.7,AH0,255,33.6181719,Day,F,L,A,MYSE
151.909,8443,6/3/2015,5/29/2015,6:56:57,7,29.6,AH0,230,31.7239488,Day,F,L,A,MYSE
151.909,8443,6/3/2015,5/30/2015,6:56:58,7,29.6,AH0,157,31.7239488,Day,F,L,A,MYSE
151.909,8443,6/3/2015,5/26/2015,6:56:59,7,30.7,AH0,255,33.6181719,Day,F,L,A,MYSE
151.909,8443,6/3/2015,5/29/2015,6:56:59,7,29.6,AH0,232,31.7239488,Day,F,L,A,MYSE
151.909,8443,6/3/2015,5/30/2015,6:57:00,7,29.6,AH0,159,31.7239488,Day,F,L,A,MYSE
151.909,8443,6/3/2015,5/26/2015,6:57:01,7,30.7,AH0,255,33.6181719,Day,F,L,A,MYSE
151.909,8443,6/3/2015,5/29/2015,6:57:01,7,29.6,AH0,234,31.7239488,Day,F,L,A,MYSE
151.909,8443,6/3/2015,5/30/2015,6:57:02,7,29.6,AH0,161,31.7239488,Day,F,L,A,MYSE
151.909,8443,6/3/2015,5/29/2015,6:57:03,7,29.6,AH0,233,31.7239488,Day,F,L,A,MYSE
151.909,8443,6/3/2015,5/26/2015,6:57:15,7,30.8,AH0,255,33.7747296,Day,F,L,A,MYSE
151.909,8443,6/3/2015,5/29/2015,6:57:16,7,29.6,AH0,232,31.7239488,Day,F,L,A,MYSE
151.909,8443,6/3/2015,5/26/2015,6:57:17,7,30.6,AH0,255,33.4590728,Day,F,L,A,MYSE
151.909,8443,6/3/2015,5/30/2015,6:57:17,7,29.6,AH0,158,31.7239488,Day,F,L,A,MYSE
151.909,8443,6/3/2015,5/29/2015,6:57:18,7,29.6,AH0,229,31.7239488,Day,F,L,A,MYSE
151.909,8443,6/3/2015,5/26/2015,6:57:19,7,30.6,AH0,255,33.4590728,Day,F,L,A,MYSE
151.909,8443,6/3/2015,5/30/2015,6:57:19,7,29.6,AH0,159,31.7239488,Day,F,L,A,MYSE
151.909,8443,6/3/2015,5/26/2015,6:57:20,7,30.6,AH0,255,33.4590728,Day,F,L,A,MYSE
151.909,8443,6/3/2015,5/29/2015,6:57:20,7,29.6,AH0,229,31.7239488,Day,F,L,A,MYSE
151.909,8443,6/3/2015,5/30/2015,6:57:21,7,29.6,AH0,159,31.7239488,Day,F,L,A,MYSE
151.909,8443,6/3/2015,5/26/2015,6:57:22,7,30.5,AH0,255,33.2974125,Day,F,L,A,MYSE
151.909,8443,6/3/2015,5/29/2015,6:57:22,7,29.6,AH0,230,31.7239488,Day,F,L,A,MYSE
151.909,8443,6/3/2015,5/30/2015,6:57:23,7,29.6,AH0,163,31.7239488,Day,F,L,A,MYSE
151.909,8443,6/3/2015,5/26/2015,6:57:36,7,30.5,AH0,255,33.2974125,Day,F,L,A,MYSE
151.909,8443,6/3/2015,5/29/2015,6:57:36,7,29.6,AH0,228,31.7239488,Day,F,L,A,MYSE
151.909,8443,6/3/2015,5/30/2015,6:57:37,7,29.6,AH0,160,31.7239488,Day,F,L,A,MYSE
151.909,8443,6/3/2015,5/26/2015,6:57:38,7,30.4,AH0,255,33.1331712,Day,F,L,A,MYSE
151.909,8443,6/3/2015,5/29/2015,6:57:38,7,29.6,AH0,229,31.7239488,Day,F,L,A,MYSE
151.909,8443,6/3/2015,5/30/2015,6:57:39,7,29.6,AH0,161,31.7239488,Day,F,L,A,MYSE
151.909,8443,6/3/2015,5/26/2015,6:57:40,7,30.4,AH0,255,33.1331712,Day,F,L,A,MYSE
151.909,8443,6/3/2015,5/29/2015,6:57:40,7,29.6,AH0,229,31.7239488,Day,F,L,A,MYSE
151.909,8443,6/3/2015,5/30/2015,6:57:41,7,29.6,AH0,159,31.7239488,Day,F,L,A,MYSE
151.909,8443,6/3/2015,5/26/2015,6:57:42,7,30.4,AH0,255,33.1331712,Day,F,L,A,MYSE
151.909,8443,6/3/2015,5/29/2015,6:57:42,7,29.6,AH0,227,31.7239488,Day,F,L,A,MYSE
151.909,8443,6/3/2015,5/30/2015,6:57:55,7,29.6,AH0,159,31.7239488,Day,F,L,A,MYSE
151.909,8443,6/3/2015,5/26/2015,6:57:56,7,30.3,AH0,248,32.9663291,Day,F,L,A,MYSE
151.909,8443,6/3/2015,5/29/2015,6:57:56,7,29.6,AH0,226,31.7239488,Day,F,L,A,MYSE
151.909,8443,6/3/2015,5/30/2015,6:57:57,7,29.6,AH0,159,31.7239488,Day,F,L,A,MYSE
151.909,8443,6/3/2015,5/26/2015,6:57:58,7,30.3,AH0,250,32.9663291,Day,F,L,A,MYSE
151.909,8443,6/3/2015,5/29/2015,6:57:58,7,29.6,AH0,225,31.7239488,Day,F,L,A,MYSE
151.909,8443,6/3/2015,5/30/2015,6:57:59,7,29.6,AH0,159,31.7239488,Day,F,L,A,MYSE
151.909,8443,6/3/2015,5/26/2015,6:58:00,7,30.3,AH0,247,32.9663291,Day,F,L,A,MYSE
151.909,8443,6/3/2015,5/29/2015,6:58:00,7,29.6,AH0,227,31.7239488,Day,F,L,A,MYSE
151.909,8443,6/3/2015,5/30/2015,6:58:01,7,29.6,AH0,157,31.7239488,Day,F,L,A,MYSE
151.909,8443,6/3/2015,5/26/2015,6:58:02,7,30.3,AH0,248,32.9663291,Day,F,L,A,MYSE
151.909,8443,6/3/2015,5/29/2015,6:58:02,7,29.6,AH0,226,31.7239488,Day,F,L,A,MYSE
151.909,8443,6/3/2015,5/30/2015,6:58:15,7,29.6,AH0,162,31.7239488,Day,F,L,A,MYSE
151.909,8443,6/3/2015,5/26/2015,6:58:16,7,30.2,AH0,254,32.7968664,Day,F,L,A,MYSE
151.909,8443,6/3/2015,5/26/2015,6:58:18,7,30.3,AH0,252,32.9663291,Day,F,L,A,MYSE
151.909,8443,6/3/2015,5/29/2015,6:58:18,7,29.5,AH0,226,31.5355875,Day,F,L,A,MYSE
151.909,8443,6/3/2015,5/30/2015,6:58:18,7,29.6,AH0,159,31.7239488,Day,F,L,A,MYSE
151.909,8443,6/3/2015,5/26/2015,6:58:20,7,30.3,AH0,255,32.9663291,Day,F,L,A,MYSE
151.909,8443,6/3/2015,5/29/2015,6:58:20,7,29.5,AH0,228,31.5355875,Day,F,L,A,MYSE
151.909,8443,6/3/2015,5/30/2015,6:58:20,7,29.6,AH0,156,31.7239488,Day,F,L,A,MYSE
151.909,8443,6/3/2015,5/26/2015,6:58:22,7,30.4,AH0,253,33.1331712,Day,F,L,A,MYSE
151.909,8443,6/3/2015,5/29/2015,6:58:22,7,29.5,AH0,224,31.5355875,Day,F,L,A,MYSE
151.909,8443,6/3/2015,5/30/2015,6:58:22,7,29.6,AH0,159,31.7239488,Day,F,L,A,MYSE
151.909,8443,6/3/2015,5/29/2015,6:58:24,7,29.5,AH0,225,31.5355875,Day,F,L,A,MYSE
151.909,8443,6/3/2015,5/26/2015,6:58:36,7,30.4,AH0,254,33.1331712,Day,F,L,A,MYSE
151.909,8443,6/3/2015,5/30/2015,6:58:36,7,29.6,AH0,159,31.7239488,Day,F,L,A,MYSE
151.909,8443,6/3/2015,5/26/2015,6:58:38,7,30.4,AH0,252,33.1331712,Day,F,L,A,MYSE
151.909,8443,6/3/2015,5/29/2015,6:58:38,7,29.5,AH0,225,31.5355875,Day,F,L,A,MYSE
151.909,8443,6/3/2015,5/30/2015,6:58:38,7,29.6,AH0,160,31.7239488,Day,F,L,A,MYSE
151.909,8443,6/3/2015,5/26/2015,6:58:40,7,30.3,AH0,254,32.9663291,Day,F,L,A,MYSE
151.909,8443,6/3/2015,5/29/2015,6:58:40,7,29.5,AH0,226,31.5355875,Day,F,L,A,MYSE
151.909,8443,6/3/2015,5/30/2015,6:58:40,7,29.6,AH0,158,31.7239488,Day,F,L,A,MYSE
151.909,8443,6/3/2015,5/26/2015,6:58:42,7,30.3,AH0,254,32.9663291,Day,F,L,A,MYSE
151.909,8443,6/3/2015,5/29/2015,6:58:42,7,29.5,AH0,227,31.5355875,Day,F,L,A,MYSE
151.909,8443,6/3/2015,5/30/2015,6:58:42,7,29.6,AH0,162,31.7239488,Day,F,L,A,MYSE
151.909,8443,6/3/2015,5/29/2015,6:58:44,7,29.5,AH0,228,31.5355875,Day,F,L,A,MYSE
151.909,8443,6/3/2015,5/26/2015,6:58:55,7,30.3,AH0,253,32.9663291,Day,F,L,A,MYSE
151.909,8443,6/3/2015,5/30/2015,6:58:56,7,29.6,AH0,157,31.7239488,Day,F,L,A,MYSE
151.909,8443,6/3/2015,5/26/2015,6:58:57,7,30.3,AH0,253,32.9663291,Day,F,L,A,MYSE
151.909,8443,6/3/2015,5/29/2015,6:58:58,7,29.6,AH0,225,31.7239488,Day,F,L,A,MYSE
151.909,8443,6/3/2015,5/30/2015,6:58:58,7,29.6,AH0,158,31.7239488,Day,F,L,A,MYSE
151.909,8443,6/3/2015,5/26/2015,6:58:59,7,30.4,AH0,244,33.1331712,Day,F,L,A,MYSE
151.909,8443,6/3/2015,5/29/2015,6:59:00,7,29.6,AH0,226,31.7239488,Day,F,L,A,MYSE
151.909,8443,6/3/2015,5/30/2015,6:59:00,7,29.6,AH0,157,31.7239488,Day,F,L,A,MYSE
151.909,8443,6/3/2015,5/26/2015,6:59:01,7,30.4,AH0,245,33.1331712,Day,F,L,A,MYSE
151.909,8443,6/3/2015,5/29/2015,6:59:02,7,29.6,AH0,227,31.7239488,Day,F,L,A,MYSE
151.909,8443,6/3/2015,5/30/2015,6:59:02,7,29.6,AH0,157,31.7239488,Day,F,L,A,MYSE
151.909,8443,6/3/2015,5/29/2015,6:59:04,7,29.6,AH0,224,31.7239488,Day,F,L,A,MYSE
151.909,8443,6/3/2015,5/28/2015,6:59:13,7,32.5,AH0,88,36.0665625,Day,F,L,A,MYSE
151.909,8443,6/3/2015,5/28/2015,6:59:14,7,32.4,AH0,63,35.9501792,Day,F,L,A,MYSE
151.909,8443,6/3/2015,5/26/2015,6:59:15,7,30.2,AH0,255,32.7968664,Day,F,L,A,MYSE
151.909,8443,6/3/2015,5/28/2015,6:59:16,7,32.3,AH0,61,35.8315911,Day,F,L,A,MYSE
151.909,8443,6/3/2015,5/30/2015,6:59:16,7,29.6,AH0,155,31.7239488,Day,F,L,A,MYSE
151.909,8443,6/3/2015,5/26/2015,6:59:17,7,30.2,AH0,255,32.7968664,Day,F,L,A,MYSE
151.909,8443,6/3/2015,5/28/2015,6:59:18,7,32.4,AH0,67,35.9501792,Day,F,L,A,MYSE
151.909,8443,6/3/2015,5/29/2015,6:59:18,7,29.6,AH0,223,31.7239488,Day,F,L,A,MYSE
151.909,8443,6/3/2015,5/30/2015,6:59:18,7,29.6,AH0,154,31.7239488,Day,F,L,A,MYSE
151.909,8443,6/3/2015,5/26/2015,6:59:19,7,30.2,AH0,255,32.7968664,Day,F,L,A,MYSE
151.909,8443,6/3/2015,5/29/2015,6:59:20,7,29.6,AH0,226,31.7239488,Day,F,L,A,MYSE
151.909,8443,6/3/2015,5/30/2015,6:59:20,7,29.6,AH0,155,31.7239488,Day,F,L,A,MYSE
151.909,8443,6/3/2015,5/26/2015,6:59:21,7,30.2,AH0,255,32.7968664,Day,F,L,A,MYSE
151.909,8443,6/3/2015,5/30/2015,6:59:22,7,29.6,AH0,157,31.7239488,Day,F,L,A,MYSE
151.909,8443,6/3/2015,5/29/2015,6:59:23,7,29.6,AH0,223,31.7239488,Day,F,L,A,MYSE
151.909,8443,6/3/2015,5/26/2015,6:59:35,7,30.1,AH0,254,32.6247633,Day,F,L,A,MYSE
151.909,8443,6/3/2015,5/26/2015,6:59:37,7,30.1,AH0,254,32.6247633,Day,F,L,A,MYSE
151.909,8443,6/3/2015,5/29/2015,6:59:37,7,29.6,AH0,223,31.7239488,Day,F,L,A,MYSE
151.909,8443,6/3/2015,5/30/2015,6:59:37,7,29.6,AH0,156,31.7239488,Day,F,L,A,MYSE
151.909,8443,6/3/2015,5/26/2015,6:59:39,7,30.1,AH0,255,32.6247633,Day,F,L,A,MYSE
151.909,8443,6/3/2015,5/28/2015,6:59:39,7,15.8,AH0,54,-29.0248104,Day,F,L,A,MYSE
151.909,8443,6/3/2015,5/29/2015,6:59:39,7,29.6,AH0,225,31.7239488,Day,F,L,A,MYSE
151.909,8443,6/3/2015,5/30/2015,6:59:39,7,29.6,AH0,159,31.7239488,Day,F,L,A,MYSE
151.909,8443,6/3/2015,5/26/2015,6:59:41,7,30,AH0,254,32.45,Day,F,L,A,MYSE
151.909,8443,6/3/2015,5/29/2015,6:59:41,7,29.6,AH0,224,31.7239488,Day,F,L,A,MYSE
151.909,8443,6/3/2015,5/30/2015,6:59:41,7,29.6,AH0,157,31.7239488,Day,F,L,A,MYSE
151.909,8443,6/3/2015,5/29/2015,6:59:43,7,29.6,AH0,226,31.7239488,Day,F,L,A,MYSE
151.909,8443,6/3/2015,5/30/2015,6:59:43,7,29.6,AH0,159,31.7239488,Day,F,L,A,MYSE
151.909,8443,6/3/2015,5/26/2015,6:59:55,7,30,AH0,250,32.45,Day,F,L,A,MYSE
151.909,8443,6/3/2015,5/26/2015,6:59:57,7,30,AH0,251,32.45,Day,F,L,A,MYSE
151.909,8443,6/3/2015,5/29/2015,6:59:57,7,29.5,AH0,223,31.5355875,Day,F,L,A,MYSE
151.909,8443,6/3/2015,5/30/2015,6:59:57,7,29.6,AH0,159,31.7239488,Day,F,L,A,MYSE
151.909,8443,6/3/2015,5/26/2015,6:59:59,7,30,AH0,254,32.45,Day,F,L,A,MYSE
151.909,8443,6/3/2015,5/29/2015,6:59:59,7,29.5,AH0,223,31.5355875,Day,F,L,A,MYSE
151.909,8443,6/3/2015,5/30/2015,6:59:59,7,29.6,AH0,161,31.7239488,Day,F,L,A,MYSE
151.909,8443,6/3/2015,5/26/2015,7:00:01,7,30,AH0,249,32.45,Day,F,L,A,MYSE
151.909,8443,6/3/2015,5/29/2015,7:00:01,7,29.5,AH0,226,31.5355875,Day,F,L,A,MYSE
151.909,8443,6/3/2015,5/30/2015,7:00:01,7,29.6,AH0,156,31.7239488,Day,F,L,A,MYSE
151.909,8443,6/3/2015,5/29/2015,7:00:03,7,29.5,AH0,225,31.5355875,Day,F,L,A,MYSE
151.909,8443,6/3/2015,5/26/2015,7:00:15,7,29.7,AH0,249,31.9095509,Day,F,L,A,MYSE
151.909,8443,6/3/2015,5/30/2015,7:00:15,7,29.6,AH0,158,31.7239488,Day,F,L,A,MYSE
151.909,8443,6/3/2015,5/26/2015,7:00:17,7,29.7,AH0,246,31.9095509,Day,F,L,A,MYSE
151.909,8443,6/3/2015,5/29/2015,7:00:17,7,29.6,AH0,224,31.7239488,Day,F,L,A,MYSE
151.909,8443,6/3/2015,5/30/2015,7:00:17,7,29.6,AH0,162,31.7239488,Day,F,L,A,MYSE
151.909,8443,6/3/2015,5/26/2015,7:00:19,7,29.7,AH0,247,31.9095509,Day,F,L,A,MYSE
151.909,8443,6/3/2015,5/29/2015,7:00:19,7,29.6,AH0,227,31.7239488,Day,F,L,A,MYSE
151.909,8443,6/3/2015,5/30/2015,7:00:19,7,29.6,AH0,158,31.7239488,Day,F,L,A,MYSE
151.909,8443,6/3/2015,5/26/2015,7:00:21,7,29.6,AH0,244,31.7239488,Day,F,L,A,MYSE
151.909,8443,6/3/2015,5/29/2015,7:00:21,7,29.6,AH0,226,31.7239488,Day,F,L,A,MYSE
151.909,8443,6/3/2015,5/30/2015,7:00:21,7,29.6,AH0,161,31.7239488,Day,F,L,A,MYSE
151.909,8443,6/3/2015,5/29/2015,7:00:23,7,29.6,AH0,224,31.7239488,Day,F,L,A,MYSE
151.909,8443,6/3/2015,5/26/2015,7:00:35,7,29.4,AH0,188,31.3444472,Day,F,L,A,MYSE
151.909,8443,6/3/2015,5/30/2015,7:00:35,7,29.6,AH0,161,31.7239488,Day,F,L,A,MYSE
151.909,8443,6/3/2015,5/30/2015,7:00:37,7,29.6,AH0,156,31.7239488,Day,F,L,A,MYSE
151.909,8443,6/3/2015,5/26/2015,7:00:38,7,29.4,AH0,197,31.3444472,Day,F,L,A,MYSE
151.909,8443,6/3/2015,5/29/2015,7:00:38,7,29.6,AH0,221,31.7239488,Day,F,L,A,MYSE
151.909,8443,6/3/2015,5/30/2015,7:00:39,7,29.6,AH0,158,31.7239488,Day,F,L,A,MYSE
151.909,8443,6/3/2015,5/26/2015,7:00:40,7,29.4,AH0,191,31.3444472,Day,F,L,A,MYSE
151.909,8443,6/3/2015,5/29/2015,7:00:40,7,29.6,AH0,223,31.7239488,Day,F,L,A,MYSE
151.909,8443,6/3/2015,5/30/2015,7:00:41,7,29.6,AH0,160,31.7239488,Day,F,L,A,MYSE
151.909,8443,6/3/2015,5/26/2015,7:00:42,7,29.4,AH0,189,31.3444472,Day,F,L,A,MYSE
151.909,8443,6/3/2015,5/29/2015,7:00:42,7,29.6,AH0,222,31.7239488,Day,F,L,A,MYSE
151.909,8443,6/3/2015,5/29/2015,7:00:44,7,29.6,AH0,224,31.7239488,Day,F,L,A,MYSE
151.909,8443,6/3/2015,5/26/2015,7:00:56,7,29.5,AH0,155,31.5355875,Day,F,L,A,MYSE
151.909,8443,6/3/2015,5/30/2015,7:00:56,7,29.7,AH0,160,31.9095509,Day,F,L,A,MYSE
151.909,8443,6/3/2015,5/26/2015,7:00:58,7,29.5,AH0,157,31.5355875,Day,F,L,A,MYSE
151.909,8443,6/3/2015,5/29/2015,7:00:58,7,29.6,AH0,222,31.7239488,Day,F,L,A,MYSE
151.909,8443,6/3/2015,5/30/2015,7:00:58,7,29.7,AH0,156,31.9095509,Day,F,L,A,MYSE
151.909,8443,6/3/2015,5/26/2015,7:01:00,7,29.6,AH0,162,31.7239488,Day,F,L,A,MYSE
151.909,8443,6/3/2015,5/29/2015,7:01:00,7,29.6,AH0,225,31.7239488,Day,F,L,A,MYSE
151.909,8443,6/3/2015,5/30/2015,7:01:00,7,29.7,AH0,160,31.9095509,Day,F,L,A,MYSE
151.909,8443,6/3/2015,5/26/2015,7:01:02,7,29.6,AH0,141,31.7239488,Day,F,L,A,MYSE
151.909,8443,6/3/2015,5/29/2015,7:01:02,7,29.6,AH0,223,31.7239488,Day,F,L,A,MYSE
151.909,8443,6/3/2015,5/30/2015,7:01:02,7,29.7,AH0,160,31.9095509,Day,F,L,A,MYSE
151.909,8443,6/3/2015,5/29/2015,7:01:04,7,29.6,AH0,221,31.7239488,Day,F,L,A,MYSE
151.909,8443,6/3/2015,5/26/2015,7:01:16,7,29.8,AH0,158,32.0924136,Day,F,L,A,MYSE
151.909,8443,6/3/2015,5/30/2015,7:01:16,7,29.7,AH0,161,31.9095509,Day,F,L,A,MYSE
151.909,8443,6/3/2015,5/26/2015,7:01:18,7,29.8,AH0,178,32.0924136,Day,F,L,A,MYSE
151.909,8443,6/3/2015,5/29/2015,7:01:18,7,29.5,AH0,224,31.5355875,Day,F,L,A,MYSE
151.909,8443,6/3/2015,5/30/2015,7:01:18,7,29.7,AH0,160,31.9095509,Day,F,L,A,MYSE
151.909,8443,6/3/2015,5/26/2015,7:01:20,7,29.8,AH0,174,32.0924136,Day,F,L,A,MYSE
151.909,8443,6/3/2015,5/29/2015,7:01:20,7,29.5,AH0,225,31.5355875,Day,F,L,A,MYSE
151.909,8443,6/3/2015,5/30/2015,7:01:20,7,29.7,AH0,163,31.9095509,Day,F,L,A,MYSE
151.909,8443,6/3/2015,5/26/2015,7:01:22,7,29.8,AH0,166,32.0924136,Day,F,L,A,MYSE
151.909,8443,6/3/2015,5/29/2015,7:01:22,7,29.5,AH0,224,31.5355875,Day,F,L,A,MYSE
151.909,8443,6/3/2015,5/30/2015,7:01:22,7,29.7,AH0,157,31.9095509,Day,F,L,A,MYSE
151.909,8443,6/3/2015,5/29/2015,7:01:24,7,29.5,AH0,221,31.5355875,Day,F,L,A,MYSE
151.909,8443,6/3/2015,5/26/2015,7:01:36,7,29.7,AH0,172,31.9095509,Day,F,L,A,MYSE
151.909,8443,6/3/2015,5/29/2015,7:01:36,7,29.5,AH0,221,31.5355875,Day,F,L,A,MYSE
151.909,8443,6/3/2015,5/30/2015,7:01:36,7,29.7,AH0,160,31.9095509,Day,F,L,A,MYSE
151.909,8443,6/3/2015,5/26/2015,7:01:38,7,29.7,AH0,183,31.9095509,Day,F,L,A,MYSE
151.909,8443,6/3/2015,5/30/2015,7:01:38,7,29.7,AH0,160,31.9095509,Day,F,L,A,MYSE
151.909,8443,6/3/2015,5/29/2015,7:01:39,7,29.5,AH0,226,31.5355875,Day,F,L,A,MYSE
151.909,8443,6/3/2015,5/26/2015,7:01:40,7,29.7,AH0,179,31.9095509,Day,F,L,A,MYSE
151.909,8443,6/3/2015,5/30/2015,7:01:40,7,29.7,AH0,158,31.9095509,Day,F,L,A,MYSE
151.909,8443,6/3/2015,5/29/2015,7:01:41,7,29.5,AH0,221,31.5355875,Day,F,L,A,MYSE
151.909,8443,6/3/2015,5/26/2015,7:01:42,7,29.6,AH0,194,31.7239488,Day,F,L,A,MYSE
151.909,8443,6/3/2015,5/30/2015,7:01:42,7,29.7,AH0,158,31.9095509,Day,F,L,A,MYSE
151.909,8443,6/3/2015,5/29/2015,7:01:43,7,29.5,AH0,224,31.5355875,Day,F,L,A,MYSE
151.909,8443,6/3/2015,5/30/2015,7:01:56,7,29.7,AH0,162,31.9095509,Day,F,L,A,MYSE
151.909,8443,6/3/2015,5/26/2015,7:01:57,7,29.7,AH0,185,31.9095509,Day,F,L,A,MYSE
151.909,8443,6/3/2015,5/29/2015,7:01:57,7,29.5,AH0,225,31.5355875,Day,F,L,A,MYSE
151.909,8443,6/3/2015,5/30/2015,7:01:58,7,29.7,AH0,160,31.9095509,Day,F,L,A,MYSE
151.909,8443,6/3/2015,5/26/2015,7:01:59,7,29.7,AH0,233,31.9095509,Day,F,L,A,MYSE
151.909,8443,6/3/2015,5/29/2015,7:01:59,7,29.5,AH0,223,31.5355875,Day,F,L,A,MYSE
151.909,8443,6/3/2015,5/30/2015,7:02:00,7,29.7,AH0,161,31.9095509,Day,F,L,A,MYSE
151.909,8443,6/3/2015,5/26/2015,7:02:01,7,29.7,AH0,228,31.9095509,Day,F,L,A,MYSE
151.909,8443,6/3/2015,5/29/2015,7:02:01,7,29.5,AH0,224,31.5355875,Day,F,L,A,MYSE
151.909,8443,6/3/2015,5/30/2015,7:02:02,7,29.7,AH0,161,31.9095509,Day,F,L,A,MYSE
151.909,8443,6/3/2015,5/29/2015,7:02:03,7,29.5,AH0,224,31.5355875,Day,F,L,A,MYSE
151.909,8443,6/3/2015,5/26/2015,7:02:15,7,29.4,AH0,213,31.3444472,Day,F,L,A,MYSE
151.909,8443,6/3/2015,5/26/2015,7:02:17,7,29.4,AH0,225,31.3444472,Day,F,L,A,MYSE
151.909,8443,6/3/2015,5/29/2015,7:02:17,7,29.5,AH0,224,31.5355875,Day,F,L,A,MYSE
151.909,8443,6/3/2015,5/30/2015,7:02:17,7,29.7,AH0,156,31.9095509,Day,F,L,A,MYSE
151.909,8443,6/3/2015,5/26/2015,7:02:19,7,29.4,AH0,223,31.3444472,Day,F,L,A,MYSE
151.909,8443,6/3/2015,5/29/2015,7:02:19,7,29.5,AH0,226,31.5355875,Day,F,L,A,MYSE
151.909,8443,6/3/2015,5/30/2015,7:02:19,7,29.7,AH0,162,31.9095509,Day,F,L,A,MYSE
151.909,8443,6/3/2015,5/26/2015,7:02:21,7,29.5,AH0,223,31.5355875,Day,F,L,A,MYSE
151.909,8443,6/3/2015,5/29/2015,7:02:21,7,29.5,AH0,224,31.5355875,Day,F,L,A,MYSE
151.909,8443,6/3/2015,5/30/2015,7:02:21,7,29.7,AH0,156,31.9095509,Day,F,L,A,MYSE
151.909,8443,6/3/2015,5/29/2015,7:02:23,7,29.5,AH0,225,31.5355875,Day,F,L,A,MYSE
151.909,8443,6/3/2015,5/30/2015,7:02:23,7,29.7,AH0,157,31.9095509,Day,F,L,A,MYSE
151.909,8443,6/3/2015,5/26/2015,7:02:35,7,29.5,AH0,236,31.5355875,Day,F,L,A,MYSE
151.909,8443,6/3/2015,5/28/2015,7:02:36,7,10,AH0,30,-82.77,Day,F,L,A,MYSE
151.909,8443,6/3/2015,5/26/2015,7:02:37,7,29.5,AH0,224,31.5355875,Day,F,L,A,MYSE
151.909,8443,6/3/2015,5/29/2015,7:02:37,7,29.5,AH0,227,31.5355875,Day,F,L,A,MYSE
151.909,8443,6/3/2015,5/30/2015,7:02:37,7,29.7,AH0,157,31.9095509,Day,F,L,A,MYSE
151.909,8443,6/3/2015,5/26/2015,7:02:39,7,29.5,AH0,225,31.5355875,Day,F,L,A,MYSE
151.909,8443,6/3/2015,5/30/2015,7:02:39,7,29.7,AH0,159,31.9095509,Day,F,L,A,MYSE
151.909,8443,6/3/2015,5/29/2015,7:02:40,7,29.5,AH0,225,31.5355875,Day,F,L,A,MYSE
151.909,8443,6/3/2015,5/26/2015,7:02:41,7,29.6,AH0,225,31.7239488,Day,F,L,A,MYSE
151.909,8443,6/3/2015,5/30/2015,7:02:41,7,29.7,AH0,158,31.9095509,Day,F,L,A,MYSE
151.909,8443,6/3/2015,5/29/2015,7:02:42,7,29.5,AH0,224,31.5355875,Day,F,L,A,MYSE
151.909,8443,6/3/2015,5/30/2015,7:02:43,7,29.7,AH0,160,31.9095509,Day,F,L,A,MYSE
151.909,8443,6/3/2015,5/29/2015,7:02:44,7,29.5,AH0,226,31.5355875,Day,F,L,A,MYSE
151.909,8443,6/3/2015,5/26/2015,7:02:55,7,29.5,AH0,228,31.5355875,Day,F,L,A,MYSE
151.909,8443,6/3/2015,5/30/2015,7:02:55,7,29.7,AH0,156,31.9095509,Day,F,L,A,MYSE
151.909,8443,6/3/2015,5/30/2015,7:02:57,7,29.7,AH0,157,31.9095509,Day,F,L,A,MYSE
151.909,8443,6/3/2015,5/26/2015,7:02:58,7,29.5,AH0,227,31.5355875,Day,F,L,A,MYSE
151.909,8443,6/3/2015,5/29/2015,7:02:58,7,29.5,AH0,227,31.5355875,Day,F,L,A,MYSE
151.909,8443,6/3/2015,5/30/2015,7:02:59,7,29.7,AH0,161,31.9095509,Day,F,L,A,MYSE
151.909,8443,6/3/2015,5/26/2015,7:03:00,7,29.5,AH0,227,31.5355875,Day,F,L,A,MYSE
151.909,8443,6/3/2015,5/29/2015,7:03:00,7,29.5,AH0,225,31.5355875,Day,F,L,A,MYSE
151.909,8443,6/3/2015,5/30/2015,7:03:01,7,29.7,AH0,159,31.9095509,Day,F,L,A,MYSE
151.909,8443,6/3/2015,5/26/2015,7:03:02,7,29.5,AH0,221,31.5355875,Day,F,L,A,MYSE
151.909,8443,6/3/2015,5/29/2015,7:03:02,7,29.5,AH0,225,31.5355875,Day,F,L,A,MYSE
151.909,8443,6/3/2015,5/29/2015,7:03:04,7,29.5,AH0,226,31.5355875,Day,F,L,A,MYSE
151.909,8443,6/3/2015,5/30/2015,7:03:15,7,29.7,AH0,157,31.9095509,Day,F,L,A,MYSE
151.909,8443,6/3/2015,5/26/2015,7:03:16,7,29.5,AH0,224,31.5355875,Day,F,L,A,MYSE
151.909,8443,6/3/2015,5/30/2015,7:03:17,7,29.7,AH0,161,31.9095509,Day,F,L,A,MYSE
151.909,8443,6/3/2015,5/26/2015,7:03:18,7,29.5,AH0,225,31.5355875,Day,F,L,A,MYSE
151.909,8443,6/3/2015,5/28/2015,7:03:18,7,30.3,AH0,57,32.9663291,Day,F,L,A,MYSE
151.909,8443,6/3/2015,5/29/2015,7:03:18,7,29.5,AH0,226,31.5355875,Day,F,L,A,MYSE
151.909,8443,6/3/2015,5/30/2015,7:03:19,7,29.7,AH0,160,31.9095509,Day,F,L,A,MYSE
151.909,8443,6/3/2015,5/26/2015,7:03:20,7,29.5,AH0,225,31.5355875,Day,F,L,A,MYSE
151.909,8443,6/3/2015,5/29/2015,7:03:20,7,29.5,AH0,224,31.5355875,Day,F,L,A,MYSE
151.909,8443,6/3/2015,5/30/2015,7:03:21,7,29.7,AH0,152,31.9095509,Day,F,L,A,MYSE
151.909,8443,6/3/2015,5/26/2015,7:03:22,7,29.5,AH0,226,31.5355875,Day,F,L,A,MYSE
151.909,8443,6/3/2015,5/29/2015,7:03:22,7,29.5,AH0,226,31.5355875,Day,F,L,A,MYSE
151.909,8443,6/3/2015,5/29/2015,7:03:24,7,29.4,AH0,228,31.3444472,Day,F,L,A,MYSE
151.909,8443,6/3/2015,5/28/2015,7:03:32,7,30.3,AH0,53,32.9663291,Day,F,L,A,MYSE
151.909,8443,6/3/2015,5/28/2015,7:03:34,7,30.3,AH0,52,32.9663291,Day,F,L,A,MYSE
151.909,8443,6/3/2015,5/30/2015,7:03:35,7,29.7,AH0,163,31.9095509,Day,F,L,A,MYSE
151.909,8443,6/3/2015,5/26/2015,7:03:36,7,29.4,AH0,251,31.3444472,Day,F,L,A,MYSE
151.909,8443,6/3/2015,5/28/2015,7:03:36,7,30.3,AH0,51,32.9663291,Day,F,L,A,MYSE
151.909,8443,6/3/2015,5/29/2015,7:03:37,7,29.4,AH0,224,31.3444472,Day,F,L,A,MYSE
151.909,8443,6/3/2015,5/30/2015,7:03:37,7,29.7,AH0,159,31.9095509,Day,F,L,A,MYSE
151.909,8443,6/3/2015,5/26/2015,7:03:38,7,29.4,AH0,252,31.3444472,Day,F,L,A,MYSE
151.909,8443,6/3/2015,5/28/2015,7:03:38,7,30.2,AH0,44,32.7968664,Day,F,L,A,MYSE
151.909,8443,6/3/2015,5/29/2015,7:03:39,7,29.4,AH0,224,31.3444472,Day,F,L,A,MYSE
151.909,8443,6/3/2015,5/30/2015,7:03:39,7,29.7,AH0,157,31.9095509,Day,F,L,A,MYSE
151.909,8443,6/3/2015,5/26/2015,7:03:40,7,29.4,AH0,254,31.3444472,Day,F,L,A,MYSE
151.909,8443,6/3/2015,5/29/2015,7:03:41,7,29.4,AH0,226,31.3444472,Day,F,L,A,MYSE
151.909,8443,6/3/2015,5/30/2015,7:03:41,7,29.7,AH0,159,31.9095509,Day,F,L,A,MYSE
151.909,8443,6/3/2015,5/26/2015,7:03:42,7,29.4,AH0,254,31.3444472,Day,F,L,A,MYSE
151.909,8443,6/3/2015,5/29/2015,7:03:43,7,29.4,AH0,225,31.3444472,Day,F,L,A,MYSE
151.909,8443,6/3/2015,5/30/2015,7:03:56,7,29.7,AH0,160,31.9095509,Day,F,L,A,MYSE
151.909,8443,6/3/2015,5/26/2015,7:03:57,7,29.5,AH0,236,31.5355875,Day,F,L,A,MYSE
151.909,8443,6/3/2015,5/29/2015,7:03:57,7,29.4,AH0,226,31.3444472,Day,F,L,A,MYSE
151.909,8443,6/3/2015,5/30/2015,7:03:58,7,29.7,AH0,155,31.9095509,Day,F,L,A,MYSE
151.909,8443,6/3/2015,5/26/2015,7:03:59,7,29.5,AH0,240,31.5355875,Day,F,L,A,MYSE
151.909,8443,6/3/2015,5/29/2015,7:03:59,7,29.4,AH0,228,31.3444472,Day,F,L,A,MYSE
151.909,8443,6/3/2015,5/30/2015,7:04:00,7,29.7,AH0,158,31.9095509,Day,F,L,A,MYSE
151.909,8443,6/3/2015,5/26/2015,7:04:01,7,29.5,AH0,239,31.5355875,Day,F,L,A,MYSE
151.909,8443,6/3/2015,5/29/2015,7:04:01,7,29.4,AH0,227,31.3444472,Day,F,L,A,MYSE
151.909,8443,6/3/2015,5/30/2015,7:04:02,7,29.7,AH0,155,31.9095509,Day,F,L,A,MYSE
151.909,8443,6/3/2015,5/29/2015,7:04:03,7,29.4,AH0,227,31.3444472,Day,F,L,A,MYSE
151.909,8443,6/3/2015,5/28/2015,7:04:12,7,30,AH0,57,32.45,Day,F,L,A,MYSE
151.909,8443,6/3/2015,5/28/2015,7:04:14,7,30.3,AH0,64,32.9663291,Day,F,L,A,MYSE
151.909,8443,6/3/2015,5/26/2015,7:04:15,7,29.4,AH0,255,31.3444472,Day,F,L,A,MYSE
151.909,8443,6/3/2015,5/30/2015,7:04:16,7,29.7,AH0,160,31.9095509,Day,F,L,A,MYSE
151.909,8443,6/3/2015,5/26/2015,7:04:17,7,29.4,AH0,255,31.3444472,Day,F,L,A,MYSE
151.909,8443,6/3/2015,5/29/2015,7:04:17,7,29.3,AH0,226,31.1505081,Day,F,L,A,MYSE
151.909,8443,6/3/2015,5/28/2015,7:04:18,7,15.1,AH0,53,-34.4544717,Day,F,L,A,MYSE
151.909,8443,6/3/2015,5/30/2015,7:04:18,7,29.7,AH0,156,31.9095509,Day,F,L,A,MYSE
151.909,8443,6/3/2015,5/26/2015,7:04:19,7,29.4,AH0,255,31.3444472,Day,F,L,A,MYSE
151.909,8443,6/3/2015,5/29/2015,7:04:19,7,29.3,AH0,223,31.1505081,Day,F,L,A,MYSE
151.909,8443,6/3/2015,5/30/2015,7:04:20,7,29.7,AH0,156,31.9095509,Day,F,L,A,MYSE
151.909,8443,6/3/2015,5/26/2015,7:04:21,7,29.4,AH0,255,31.3444472,Day,F,L,A,MYSE
151.909,8443,6/3/2015,5/29/2015,7:04:22,7,29.3,AH0,226,31.1505081,Day,F,L,A,MYSE
151.909,8443,6/3/2015,5/30/2015,7:04:22,7,29.7,AH0,157,31.9095509,Day,F,L,A,MYSE
151.909,8443,6/3/2015,5/29/2015,7:04:24,7,29.3,AH0,227,31.1505081,Day,F,L,A,MYSE
151.909,8443,6/3/2015,5/28/2015,7:04:32,7,30.2,AH0,45,32.7968664,Day,F,L,A,MYSE
151.909,8443,6/3/2015,5/28/2015,7:04:34,7,30.2,AH0,50,32.7968664,Day,F,L,A,MYSE
151.909,8443,6/3/2015,5/26/2015,7:04:35,7,29.6,AH0,253,31.7239488,Day,F,L,A,MYSE
151.909,8443,6/3/2015,5/30/2015,7:04:36,7,29.6,AH0,156,31.7239488,Day,F,L,A,MYSE
151.909,8443,6/3/2015,5/26/2015,7:04:37,7,29.6,AH0,253,31.7239488,Day,F,L,A,MYSE
151.909,8443,6/3/2015,5/28/2015,7:04:38,7,15.1,AH0,47,-34.4544717,Day,F,L,A,MYSE
151.909,8443,6/3/2015,5/29/2015,7:04:38,7,29.3,AH0,225,31.1505081,Day,F,L,A,MYSE
151.909,8443,6/3/2015,5/30/2015,7:04:38,7,29.6,AH0,159,31.7239488,Day,F,L,A,MYSE
151.909,8443,6/3/2015,5/26/2015,7:04:39,7,29.6,AH0,254,31.7239488,Day,F,L,A,MYSE
151.909,8443,6/3/2015,5/29/2015,7:04:40,7,29.3,AH0,226,31.1505081,Day,F,L,A,MYSE
151.909,8443,6/3/2015,5/30/2015,7:04:40,7,29.6,AH0,159,31.7239488,Day,F,L,A,MYSE
151.909,8443,6/3/2015,5/26/2015,7:04:41,7,29.6,AH0,253,31.7239488,Day,F,L,A,MYSE
151.909,8443,6/3/2015,5/29/2015,7:04:42,7,29.3,AH0,226,31.1505081,Day,F,L,A,MYSE
151.909,8443,6/3/2015,5/30/2015,7:04:42,7,29.6,AH0,156,31.7239488,Day,F,L,A,MYSE
151.909,8443,6/3/2015,5/29/2015,7:04:44,7,29.3,AH0,225,31.1505081,Day,F,L,A,MYSE
151.909,8443,6/3/2015,5/26/2015,7:04:56,7,29.7,AH0,255,31.9095509,Day,F,L,A,MYSE
151.909,8443,6/3/2015,5/30/2015,7:04:56,7,29.6,AH0,157,31.7239488,Day,F,L,A,MYSE
151.909,8443,6/3/2015,5/26/2015,7:04:58,7,29.7,AH0,255,31.9095509,Day,F,L,A,MYSE
151.909,8443,6/3/2015,5/29/2015,7:04:58,7,29.3,AH0,225,31.1505081,Day,F,L,A,MYSE
151.909,8443,6/3/2015,5/30/2015,7:04:58,7,29.6,AH0,159,31.7239488,Day,F,L,A,MYSE
151.909,8443,6/3/2015,5/26/2015,7:05:00,7,29.7,AH0,255,31.9095509,Day,F,L,A,MYSE
151.909,8443,6/3/2015,5/29/2015,7:05:00,7,29.3,AH0,226,31.1505081,Day,F,L,A,MYSE
151.909,8443,6/3/2015,5/30/2015,7:05:00,7,29.6,AH0,156,31.7239488,Day,F,L,A,MYSE
151.909,8443,6/3/2015,5/26/2015,7:05:02,7,29.7,AH0,254,31.9095509,Day,F,L,A,MYSE
151.909,8443,6/3/2015,5/29/2015,7:05:02,7,29.3,AH0,225,31.1505081,Day,F,L,A,MYSE
151.909,8443,6/3/2015,5/30/2015,7:05:02,7,29.6,AH0,158,31.7239488,Day,F,L,A,MYSE
151.909,8443,6/3/2015,5/26/2015,7:05:16,7,30.7,AH0,255,33.6181719,Day,F,L,A,MYSE
151.909,8443,6/3/2015,5/29/2015,7:05:17,7,29.3,AH0,225,31.1505081,Day,F,L,A,MYSE
151.909,8443,6/3/2015,5/30/2015,7:05:17,7,29.6,AH0,157,31.7239488,Day,F,L,A,MYSE
151.909,8443,6/3/2015,5/26/2015,7:05:18,7,30.6,AH0,255,33.4590728,Day,F,L,A,MYSE
151.909,8443,6/3/2015,5/26/2015,7:05:19,7,30.5,AH0,255,33.2974125,Day,F,L,A,MYSE
151.909,8443,6/3/2015,5/29/2015,7:05:19,7,29.3,AH0,221,31.1505081,Day,F,L,A,MYSE
151.909,8443,6/3/2015,5/30/2015,7:05:19,7,29.6,AH0,161,31.7239488,Day,F,L,A,MYSE
151.909,8443,6/3/2015,5/26/2015,7:05:21,7,30.5,AH0,255,33.2974125,Day,F,L,A,MYSE
151.909,8443,6/3/2015,5/29/2015,7:05:21,7,29.3,AH0,221,31.1505081,Day,F,L,A,MYSE
151.909,8443,6/3/2015,5/30/2015,7:05:21,7,29.6,AH0,156,31.7239488,Day,F,L,A,MYSE
151.909,8443,6/3/2015,5/29/2015,7:05:23,7,29.3,AH0,224,31.1505081,Day,F,L,A,MYSE
151.909,8443,6/3/2015,5/30/2015,7:05:23,7,29.6,AH0,159,31.7239488,Day,F,L,A,MYSE
151.909,8443,6/3/2015,5/28/2015,7:05:34,7,30.2,AH0,13,32.7968664,Day,F,L,A,MYSE
151.909,8443,6/3/2015,5/26/2015,7:05:35,7,30.3,AH0,255,32.9663291,Day,F,L,A,MYSE
151.909,8443,6/3/2015,5/30/2015,7:05:35,7,29.9,AH0,160,32.2725567,Day,F,L,A,MYSE
151.909,8443,6/3/2015,5/26/2015,7:05:37,7,30.3,AH0,255,32.9663291,Day,F,L,A,MYSE
151.909,8443,6/3/2015,5/29/2015,7:05:37,7,29.3,AH0,225,31.1505081,Day,F,L,A,MYSE
151.909,8443,6/3/2015,5/30/2015,7:05:37,7,29.6,AH0,159,31.7239488,Day,F,L,A,MYSE
151.909,8443,6/3/2015,5/26/2015,7:05:39,7,30.3,AH0,255,32.9663291,Day,F,L,A,MYSE
151.909,8443,6/3/2015,5/29/2015,7:05:39,7,29.3,AH0,225,31.1505081,Day,F,L,A,MYSE
151.909,8443,6/3/2015,5/30/2015,7:05:39,7,29.6,AH0,156,31.7239488,Day,F,L,A,MYSE
151.909,8443,6/3/2015,5/26/2015,7:05:41,7,30.3,AH0,255,32.9663291,Day,F,L,A,MYSE
151.909,8443,6/3/2015,5/29/2015,7:05:41,7,29.3,AH0,221,31.1505081,Day,F,L,A,MYSE
151.909,8443,6/3/2015,5/30/2015,7:05:41,7,29.6,AH0,156,31.7239488,Day,F,L,A,MYSE
151.909,8443,6/3/2015,5/29/2015,7:05:43,7,29.3,AH0,224,31.1505081,Day,F,L,A,MYSE
151.909,8443,6/3/2015,5/26/2015,7:05:55,7,30.3,AH0,255,32.9663291,Day,F,L,A,MYSE
151.909,8443,6/3/2015,5/30/2015,7:05:55,7,29.7,AH0,161,31.9095509,Day,F,L,A,MYSE
151.909,8443,6/3/2015,5/26/2015,7:05:57,7,30.2,AH0,254,32.7968664,Day,F,L,A,MYSE
151.909,8443,6/3/2015,5/30/2015,7:05:57,7,29.6,AH0,161,31.7239488,Day,F,L,A,MYSE
151.909,8443,6/3/2015,5/29/2015,7:05:58,7,29.3,AH0,223,31.1505081,Day,F,L,A,MYSE
151.909,8443,6/3/2015,5/26/2015,7:05:59,7,30.2,AH0,251,32.7968664,Day,F,L,A,MYSE
151.909,8443,6/3/2015,5/30/2015,7:05:59,7,29.6,AH0,163,31.7239488,Day,F,L,A,MYSE
151.909,8443,6/3/2015,5/29/2015,7:06:00,7,29.3,AH0,222,31.1505081,Day,F,L,A,MYSE
151.909,8443,6/3/2015,5/26/2015,7:06:01,7,30.2,AH0,251,32.7968664,Day,F,L,A,MYSE
151.909,8443,6/3/2015,5/30/2015,7:06:01,7,29.7,AH0,162,31.9095509,Day,F,L,A,MYSE
151.909,8443,6/3/2015,5/29/2015,7:06:02,7,29.3,AH0,224,31.1505081,Day,F,L,A,MYSE
151.909,8443,6/3/2015,5/29/2015,7:06:04,7,29.3,AH0,222,31.1505081,Day,F,L,A,MYSE
151.909,8443,6/3/2015,5/26/2015,7:06:15,7,30.1,AH0,253,32.6247633,Day,F,L,A,MYSE
151.909,8443,6/3/2015,5/30/2015,7:06:15,7,29.7,AH0,160,31.9095509,Day,F,L,A,MYSE
151.909,8443,6/3/2015,5/26/2015,7:06:17,7,30.1,AH0,254,32.6247633,Day,F,L,A,MYSE
151.909,8443,6/3/2015,5/30/2015,7:06:17,7,29.7,AH0,161,31.9095509,Day,F,L,A,MYSE
151.909,8443,6/3/2015,5/29/2015,7:06:18,7,29.3,AH0,224,31.1505081,Day,F,L,A,MYSE
151.909,8443,6/3/2015,5/26/2015,7:06:19,7,30,AH0,255,32.45,Day,F,L,A,MYSE
151.909,8443,6/3/2015,5/30/2015,7:06:19,7,29.7,AH0,163,31.9095509,Day,F,L,A,MYSE
151.909,8443,6/3/2015,5/29/2015,7:06:20,7,29.3,AH0,224,31.1505081,Day,F,L,A,MYSE
151.909,8443,6/3/2015,5/26/2015,7:06:21,7,30,AH0,253,32.45,Day,F,L,A,MYSE
151.909,8443,6/3/2015,5/30/2015,7:06:21,7,29.7,AH0,163,31.9095509,Day,F,L,A,MYSE
151.909,8443,6/3/2015,5/29/2015,7:06:22,7,29.3,AH0,224,31.1505081,Day,F,L,A,MYSE
151.909,8443,6/3/2015,5/26/2015,7:06:35,7,30,AH0,254,32.45,Day,F,L,A,MYSE
151.909,8443,6/3/2015,5/30/2015,7:06:35,7,29.7,AH0,173,31.9095509,Day,F,L,A,MYSE
151.909,8443,6/3/2015,5/26/2015,7:06:37,7,29.9,AH0,254,32.2725567,Day,F,L,A,MYSE
151.909,8443,6/3/2015,5/29/2015,7:06:37,7,29.4,AH0,227,31.3444472,Day,F,L,A,MYSE
151.909,8443,6/3/2015,5/30/2015,7:06:38,7,29.8,AH0,171,32.0924136,Day,F,L,A,MYSE
151.909,8443,6/3/2015,5/26/2015,7:06:39,7,29.9,AH0,255,32.2725567,Day,F,L,A,MYSE
151.909,8443,6/3/2015,5/29/2015,7:06:39,7,29.4,AH0,225,31.3444472,Day,F,L,A,MYSE
151.909,8443,6/3/2015,5/30/2015,7:06:40,7,29.8,AH0,170,32.0924136,Day,F,L,A,MYSE
151.909,8443,6/3/2015,5/26/2015,7:06:41,7,29.9,AH0,255,32.2725567,Day,F,L,A,MYSE
151.909,8443,6/3/2015,5/29/2015,7:06:41,7,29.4,AH0,223,31.3444472,Day,F,L,A,MYSE
151.909,8443,6/3/2015,5/30/2015,7:06:42,7,29.8,AH0,167,32.0924136,Day,F,L,A,MYSE
151.909,8443,6/3/2015,5/29/2015,7:06:43,7,29.4,AH0,225,31.3444472,Day,F,L,A,MYSE
151.909,8443,6/3/2015,5/26/2015,7:06:55,7,29.9,AH0,255,32.2725567,Day,F,L,A,MYSE
151.909,8443,6/3/2015,5/30/2015,7:06:56,7,29.8,AH0,169,32.0924136,Day,F,L,A,MYSE
151.909,8443,6/3/2015,5/26/2015,7:06:57,7,29.9,AH0,255,32.2725567,Day,F,L,A,MYSE
151.909,8443,6/3/2015,5/29/2015,7:06:57,7,29.4,AH0,221,31.3444472,Day,F,L,A,MYSE
151.909,8443,6/3/2015,5/30/2015,7:06:58,7,29.9,AH0,163,32.2725567,Day,F,L,A,MYSE
151.909,8443,6/3/2015,5/26/2015,7:06:59,7,29.9,AH0,255,32.2725567,Day,F,L,A,MYSE
151.909,8443,6/3/2015,5/29/2015,7:06:59,7,29.4,AH0,222,31.3444472,Day,F,L,A,MYSE
151.909,8443,6/3/2015,5/30/2015,7:07:00,7,29.9,AH0,168,32.2725567,Day,F,L,A,MYSE
151.909,8443,6/3/2015,5/26/2015,7:07:01,7,29.9,AH0,253,32.2725567,Day,F,L,A,MYSE
151.909,8443,6/3/2015,5/29/2015,7:07:01,7,29.4,AH0,224,31.3444472,Day,F,L,A,MYSE
151.909,8443,6/3/2015,5/30/2015,7:07:02,7,29.9,AH0,170,32.2725567,Day,F,L,A,MYSE
151.909,8443,6/3/2015,5/29/2015,7:07:03,7,29.4,AH0,224,31.3444472,Day,F,L,A,MYSE
151.909,8443,6/3/2015,5/26/2015,7:07:16,7,29.9,AH0,252,32.2725567,Day,F,L,A,MYSE
151.909,8443,6/3/2015,5/30/2015,7:07:16,7,30.1,AH0,158,32.6247633,Day,F,L,A,MYSE
151.909,8443,6/3/2015,5/29/2015,7:07:17,7,29.5,AH0,228,31.5355875,Day,F,L,A,MYSE
151.909,8443,6/3/2015,5/26/2015,7:07:18,7,29.9,AH0,247,32.2725567,Day,F,L,A,MYSE
151.909,8443,6/3/2015,5/30/2015,7:07:18,7,30.1,AH0,154,32.6247633,Day,F,L,A,MYSE
151.909,8443,6/3/2015,5/29/2015,7:07:19,7,29.5,AH0,234,31.5355875,Day,F,L,A,MYSE
151.909,8443,6/3/2015,5/26/2015,7:07:20,7,29.9,AH0,251,32.2725567,Day,F,L,A,MYSE
151.909,8443,6/3/2015,5/30/2015,7:07:20,7,30.1,AH0,155,32.6247633,Day,F,L,A,MYSE
151.909,8443,6/3/2015,5/29/2015,7:07:21,7,29.6,AH0,230,31.7239488,Day,F,L,A,MYSE
151.909,8443,6/3/2015,5/26/2015,7:07:22,7,30,AH0,246,32.45,Day,F,L,A,MYSE
151.909,8443,6/3/2015,5/30/2015,7:07:22,7,30.1,AH0,160,32.6247633,Day,F,L,A,MYSE
151.909,8443,6/3/2015,5/29/2015,7:07:23,7,29.6,AH0,233,31.7239488,Day,F,L,A,MYSE
151.909,8443,6/3/2015,5/26/2015,7:07:36,7,30.1,AH0,253,32.6247633,Day,F,L,A,MYSE
151.909,8443,6/3/2015,5/28/2015,7:07:36,7,10.2,AH0,40,-80.5670536,Day,F,L,A,MYSE
151.909,8443,6/3/2015,5/30/2015,7:07:36,7,30,AH0,161,32.45,Day,F,L,A,MYSE
151.909,8443,6/3/2015,5/26/2015,7:07:38,7,30.1,AH0,253,32.6247633,Day,F,L,A,MYSE
151.909,8443,6/3/2015,5/29/2015,7:07:38,7,29.8,AH0,229,32.0924136,Day,F,L,A,MYSE
151.909,8443,6/3/2015,5/30/2015,7:07:38,7,30.1,AH0,159,32.6247633,Day,F,L,A,MYSE
151.909,8443,6/3/2015,5/26/2015,7:07:40,7,30.1,AH0,252,32.6247633,Day,F,L,A,MYSE
151.909,8443,6/3/2015,5/29/2015,7:07:40,7,29.8,AH0,228,32.0924136,Day,F,L,A,MYSE
151.909,8443,6/3/2015,5/30/2015,7:07:40,7,30,AH0,159,32.45,Day,F,L,A,MYSE
151.909,8443,6/3/2015,5/26/2015,7:07:42,7,30.1,AH0,255,32.6247633,Day,F,L,A,MYSE
151.909,8443,6/3/2015,5/29/2015,7:07:42,7,29.9,AH0,230,32.2725567,Day,F,L,A,MYSE
151.909,8443,6/3/2015,5/30/2015,7:07:42,7,30,AH0,159,32.45,Day,F,L,A,MYSE
151.909,8443,6/3/2015,5/29/2015,7:07:44,7,29.9,AH0,231,32.2725567,Day,F,L,A,MYSE
151.909,8443,6/3/2015,5/26/2015,7:07:55,7,30.8,AH0,255,33.7747296,Day,F,L,A,MYSE
151.909,8443,6/3/2015,5/30/2015,7:07:56,7,30,AH0,147,32.45,Day,F,L,A,MYSE
151.909,8443,6/3/2015,5/26/2015,7:07:57,7,30.8,AH0,255,33.7747296,Day,F,L,A,MYSE
151.909,8443,6/3/2015,5/29/2015,7:07:58,7,30.1,AH0,234,32.6247633,Day,F,L,A,MYSE
151.909,8443,6/3/2015,5/30/2015,7:07:58,7,30,AH0,147,32.45,Day,F,L,A,MYSE
151.909,8443,6/3/2015,5/26/2015,7:07:59,7,30.8,AH0,255,33.7747296,Day,F,L,A,MYSE
151.909,8443,6/3/2015,5/29/2015,7:08:00,7,30.1,AH0,230,32.6247633,Day,F,L,A,MYSE
151.909,8443,6/3/2015,5/30/2015,7:08:00,7,30,AH0,153,32.45,Day,F,L,A,MYSE
151.909,8443,6/3/2015,5/26/2015,7:08:01,7,30.9,AH0,255,33.9287657,Day,F,L,A,MYSE
151.909,8443,6/3/2015,5/29/2015,7:08:02,7,30.2,AH0,227,32.7968664,Day,F,L,A,MYSE
151.909,8443,6/3/2015,5/30/2015,7:08:02,7,30,AH0,151,32.45,Day,F,L,A,MYSE
151.909,8443,6/3/2015,5/29/2015,7:08:04,7,30.2,AH0,229,32.7968664,Day,F,L,A,MYSE
151.909,8443,6/3/2015,5/26/2015,7:08:16,7,31.1,AH0,255,34.2293523,Day,F,L,A,MYSE
151.909,8443,6/3/2015,5/30/2015,7:08:16,7,30,AH0,152,32.45,Day,F,L,A,MYSE
151.909,8443,6/3/2015,5/26/2015,7:08:18,7,31.1,AH0,255,34.2293523,Day,F,L,A,MYSE
151.909,8443,6/3/2015,5/29/2015,7:08:18,7,30.2,AH0,232,32.7968664,Day,F,L,A,MYSE
151.909,8443,6/3/2015,5/30/2015,7:08:18,7,30,AH0,149,32.45,Day,F,L,A,MYSE
151.909,8443,6/3/2015,5/26/2015,7:08:20,7,31.1,AH0,255,34.2293523,Day,F,L,A,MYSE
151.909,8443,6/3/2015,5/29/2015,7:08:20,7,30.2,AH0,231,32.7968664,Day,F,L,A,MYSE
151.909,8443,6/3/2015,5/30/2015,7:08:20,7,30,AH0,147,32.45,Day,F,L,A,MYSE
151.909,8443,6/3/2015,5/26/2015,7:08:22,7,31.1,AH0,255,34.2293523,Day,F,L,A,MYSE
151.909,8443,6/3/2015,5/29/2015,7:08:22,7,30.2,AH0,230,32.7968664,Day,F,L,A,MYSE
151.909,8443,6/3/2015,5/30/2015,7:08:22,7,30,AH0,150,32.45,Day,F,L,A,MYSE
151.909,8443,6/3/2015,5/29/2015,7:08:24,7,30.2,AH0,228,32.7968664,Day,F,L,A,MYSE
151.909,8443,6/3/2015,5/28/2015,7:08:31,7,30.2,AH0,59,32.7968664,Day,F,L,A,MYSE
151.909,8443,6/3/2015,5/28/2015,7:08:33,7,30,AH0,58,32.45,Day,F,L,A,MYSE
151.909,8443,6/3/2015,5/26/2015,7:08:35,7,31.2,AH0,255,34.3759424,Day,F,L,A,MYSE
151.909,8443,6/3/2015,5/28/2015,7:08:35,7,30.1,AH0,58,32.6247633,Day,F,L,A,MYSE
151.909,8443,6/3/2015,5/30/2015,7:08:36,7,29.8,AH0,151,32.0924136,Day,F,L,A,MYSE
151.909,8443,6/3/2015,5/26/2015,7:08:37,7,31.2,AH0,255,34.3759424,Day,F,L,A,MYSE
151.909,8443,6/3/2015,5/28/2015,7:08:37,7,30,AH0,59,32.45,Day,F,L,A,MYSE
151.909,8443,6/3/2015,5/29/2015,7:08:37,7,30.1,AH0,228,32.6247633,Day,F,L,A,MYSE
151.909,8443,6/3/2015,5/30/2015,7:08:38,7,29.8,AH0,153,32.0924136,Day,F,L,A,MYSE
151.909,8443,6/3/2015,5/26/2015,7:08:39,7,31.2,AH0,255,34.3759424,Day,F,L,A,MYSE
151.909,8443,6/3/2015,5/29/2015,7:08:39,7,30.1,AH0,231,32.6247633,Day,F,L,A,MYSE
151.909,8443,6/3/2015,5/30/2015,7:08:40,7,29.7,AH0,157,31.9095509,Day,F,L,A,MYSE
151.909,8443,6/3/2015,5/26/2015,7:08:41,7,31.2,AH0,255,34.3759424,Day,F,L,A,MYSE
151.909,8443,6/3/2015,5/29/2015,7:08:41,7,30.1,AH0,230,32.6247633,Day,F,L,A,MYSE
151.909,8443,6/3/2015,5/30/2015,7:08:42,7,29.7,AH0,154,31.9095509,Day,F,L,A,MYSE
151.909,8443,6/3/2015,5/29/2015,7:08:43,7,30.1,AH0,233,32.6247633,Day,F,L,A,MYSE
151.909,8443,6/3/2015,5/26/2015,7:08:55,7,31.3,AH0,255,34.5200901,Day,F,L,A,MYSE
151.909,8443,6/3/2015,5/30/2015,7:08:56,7,29.5,AH0,156,31.5355875,Day,F,L,A,MYSE
151.909,8443,6/3/2015,5/26/2015,7:08:57,7,31.3,AH0,255,34.5200901,Day,F,L,A,MYSE
151.909,8443,6/3/2015,5/29/2015,7:08:57,7,30.1,AH0,229,32.6247633,Day,F,L,A,MYSE
151.909,8443,6/3/2015,5/30/2015,7:08:58,7,29.4,AH0,150,31.3444472,Day,F,L,A,MYSE
151.909,8443,6/3/2015,5/26/2015,7:08:59,7,31.3,AH0,255,34.5200901,Day,F,L,A,MYSE
151.909,8443,6/3/2015,5/29/2015,7:08:59,7,30,AH0,229,32.45,Day,F,L,A,MYSE
151.909,8443,6/3/2015,5/26/2015,7:09:00,7,31.3,AH0,255,34.5200901,Day,F,L,A,MYSE
151.909,8443,6/3/2015,5/30/2015,7:09:00,7,29.4,AH0,151,31.3444472,Day,F,L,A,MYSE
151.909,8443,6/3/2015,5/29/2015,7:09:01,7,30,AH0,230,32.45,Day,F,L,A,MYSE
151.909,8443,6/3/2015,5/26/2015,7:09:02,7,31.4,AH0,255,34.6618152,Day,F,L,A,MYSE
151.909,8443,6/3/2015,5/30/2015,7:09:02,7,29.4,AH0,151,31.3444472,Day,F,L,A,MYSE
151.909,8443,6/3/2015,5/29/2015,7:09:03,7,30,AH0,229,32.45,Day,F,L,A,MYSE
151.909,8443,6/3/2015,5/28/2015,7:09:11,7,30.2,AH0,67,32.7968664,Day,F,L,A,MYSE
151.909,8443,6/3/2015,5/28/2015,7:09:13,7,30,AH0,59,32.45,Day,F,L,A,MYSE
151.909,8443,6/3/2015,5/28/2015,7:09:15,7,30.1,AH0,58,32.6247633,Day,F,L,A,MYSE
151.909,8443,6/3/2015,5/26/2015,7:09:16,7,31.4,AH0,255,34.6618152,Day,F,L,A,MYSE
151.909,8443,6/3/2015,5/30/2015,7:09:16,7,29.3,AH0,155,31.1505081,Day,F,L,A,MYSE
151.909,8443,6/3/2015,5/29/2015,7:09:17,7,30,AH0,227,32.45,Day,F,L,A,MYSE
151.909,8443,6/3/2015,5/26/2015,7:09:18,7,31.4,AH0,255,34.6618152,Day,F,L,A,MYSE
151.909,8443,6/3/2015,5/28/2015,7:09:18,7,29.8,AH0,43,32.0924136,Day,F,L,A,MYSE
151.909,8443,6/3/2015,5/30/2015,7:09:18,7,29.3,AH0,155,31.1505081,Day,F,L,A,MYSE
151.909,8443,6/3/2015,5/29/2015,7:09:19,7,29.9,AH0,229,32.2725567,Day,F,L,A,MYSE
151.909,8443,6/3/2015,5/26/2015,7:09:20,7,31.5,AH0,255,34.8011375,Day,F,L,A,MYSE
151.909,8443,6/3/2015,5/30/2015,7:09:20,7,29.3,AH0,150,31.1505081,Day,F,L,A,MYSE
151.909,8443,6/3/2015,5/26/2015,7:09:21,7,31.5,AH0,255,34.8011375,Day,F,L,A,MYSE
151.909,8443,6/3/2015,5/29/2015,7:09:21,7,29.9,AH0,226,32.2725567,Day,F,L,A,MYSE
151.909,8443,6/3/2015,5/29/2015,7:09:23,7,29.9,AH0,229,32.2725567,Day,F,L,A,MYSE
151.909,8443,6/3/2015,5/30/2015,7:09:23,7,29.3,AH0,152,31.1505081,Day,F,L,A,MYSE
151.909,8443,6/3/2015,5/26/2015,7:09:35,7,31.5,AH0,255,34.8011375,Day,F,L,A,MYSE
151.909,8443,6/3/2015,5/30/2015,7:09:35,7,29.2,AH0,150,30.9537504,Day,F,L,A,MYSE
151.909,8443,6/3/2015,5/26/2015,7:09:37,7,31.5,AH0,255,34.8011375,Day,F,L,A,MYSE
151.909,8443,6/3/2015,5/30/2015,7:09:37,7,29.2,AH0,150,30.9537504,Day,F,L,A,MYSE
151.909,8443,6/3/2015,5/29/2015,7:09:38,7,29.9,AH0,225,32.2725567,Day,F,L,A,MYSE
151.909,8443,6/3/2015,5/26/2015,7:09:39,7,31.5,AH0,255,34.8011375,Day,F,L,A,MYSE
151.909,8443,6/3/2015,5/30/2015,7:09:39,7,29.1,AH0,146,30.7541543,Day,F,L,A,MYSE
151.909,8443,6/3/2015,5/26/2015,7:09:40,7,31.5,AH0,255,34.8011375,Day,F,L,A,MYSE
151.909,8443,6/3/2015,5/29/2015,7:09:40,7,29.9,AH0,228,32.2725567,Day,F,L,A,MYSE
151.909,8443,6/3/2015,5/30/2015,7:09:41,7,29.1,AH0,152,30.7541543,Day,F,L,A,MYSE
151.909,8443,6/3/2015,5/26/2015,7:09:42,7,31.6,AH0,255,34.9380768,Day,F,L,A,MYSE
151.909,8443,6/3/2015,5/29/2015,7:09:42,7,29.8,AH0,228,32.0924136,Day,F,L,A,MYSE
151.909,8443,6/3/2015,5/29/2015,7:09:44,7,29.8,AH0,228,32.0924136,Day,F,L,A,MYSE
151.909,8443,6/3/2015,5/28/2015,7:09:51,7,29.9,AH0,52,32.2725567,Day,F,L,A,MYSE
151.909,8443,6/3/2015,5/28/2015,7:09:53,7,29.9,AH0,52,32.2725567,Day,F,L,A,MYSE
151.909,8443,6/3/2015,5/28/2015,7:09:55,7,29.9,AH0,50,32.2725567,Day,F,L,A,MYSE
151.909,8443,6/3/2015,5/30/2015,7:09:55,7,29,AH0,147,30.5517,Day,F,L,A,MYSE
151.909,8443,6/3/2015,5/26/2015,7:09:56,7,31.6,AH0,255,34.9380768,Day,F,L,A,MYSE
151.909,8443,6/3/2015,5/26/2015,7:09:58,7,31.6,AH0,255,34.9380768,Day,F,L,A,MYSE
151.909,8443,6/3/2015,5/28/2015,7:09:58,7,29.8,AH0,53,32.0924136,Day,F,L,A,MYSE
151.909,8443,6/3/2015,5/29/2015,7:09:58,7,29.7,AH0,227,31.9095509,Day,F,L,A,MYSE
151.909,8443,6/3/2015,5/30/2015,7:09:58,7,29,AH0,150,30.5517,Day,F,L,A,MYSE
151.909,8443,6/3/2015,5/26/2015,7:09:59,7,31.7,AH0,255,35.0726529,Day,F,L,A,MYSE
151.909,8443,6/3/2015,5/29/2015,7:10:00,7,29.6,AH0,230,31.7239488,Day,F,L,A,MYSE
151.909,8443,6/3/2015,5/30/2015,7:10:00,7,29,AH0,146,30.5517,Day,F,L,A,MYSE
151.909,8443,6/3/2015,5/26/2015,7:10:01,7,31.7,AH0,255,35.0726529,Day,F,L,A,MYSE
151.909,8443,6/3/2015,5/29/2015,7:10:02,7,29.6,AH0,226,31.7239488,Day,F,L,A,MYSE
151.909,8443,6/3/2015,5/30/2015,7:10:02,7,29,AH0,152,30.5517,Day,F,L,A,MYSE
151.909,8443,6/3/2015,5/29/2015,7:10:04,7,29.6,AH0,226,31.7239488,Day,F,L,A,MYSE
151.909,8443,6/3/2015,5/28/2015,7:10:14,7,29.5,AH0,46,31.5355875,Day,F,L,A,MYSE
151.909,8443,6/3/2015,5/26/2015,7:10:15,7,31.8,AH0,255,35.2048856,Day,F,L,A,MYSE
151.909,8443,6/3/2015,5/26/2015,7:10:16,7,31.7,AH0,255,35.0726529,Day,F,L,A,MYSE
151.909,8443,6/3/2015,5/28/2015,7:10:16,7,29.5,AH0,41,31.5355875,Day,F,L,A,MYSE
151.909,8443,6/3/2015,5/30/2015,7:10:16,7,28.9,AH0,147,30.3463677,Day,F,L,A,MYSE
151.909,8443,6/3/2015,5/26/2015,7:10:18,7,31.6,AH0,255,34.9380768,Day,F,L,A,MYSE
151.909,8443,6/3/2015,5/28/2015,7:10:18,7,29.5,AH0,50,31.5355875,Day,F,L,A,MYSE
151.909,8443,6/3/2015,5/29/2015,7:10:18,7,29.5,AH0,230,31.5355875,Day,F,L,A,MYSE
151.909,8443,6/3/2015,5/30/2015,7:10:18,7,28.9,AH0,149,30.3463677,Day,F,L,A,MYSE
151.909,8443,6/3/2015,5/26/2015,7:10:20,7,31.5,AH0,254,34.8011375,Day,F,L,A,MYSE
151.909,8443,6/3/2015,5/29/2015,7:10:20,7,29.5,AH0,229,31.5355875,Day,F,L,A,MYSE
151.909,8443,6/3/2015,5/30/2015,7:10:20,7,28.9,AH0,147,30.3463677,Day,F,L,A,MYSE
151.909,8443,6/3/2015,5/26/2015,7:10:22,7,31.4,AH0,255,34.6618152,Day,F,L,A,MYSE
151.909,8443,6/3/2015,5/29/2015,7:10:22,7,29.5,AH0,227,31.5355875,Day,F,L,A,MYSE
151.909,8443,6/3/2015,5/30/2015,7:10:22,7,28.9,AH0,148,30.3463677,Day,F,L,A,MYSE
151.909,8443,6/3/2015,5/29/2015,7:10:24,7,29.5,AH0,230,31.5355875,Day,F,L,A,MYSE
151.909,8443,6/3/2015,5/28/2015,7:10:32,7,29.6,AH0,42,31.7239488,Day,F,L,A,MYSE
151.909,8443,6/3/2015,5/30/2015,7:10:35,7,28.6,AH0,151,29.7129048,Day,F,L,A,MYSE
151.909,8443,6/3/2015,5/26/2015,7:10:36,7,31.3,AH0,255,34.5200901,Day,F,L,A,MYSE
151.909,8443,6/3/2015,5/26/2015,7:10:37,7,31.3,AH0,255,34.5200901,Day,F,L,A,MYSE
151.909,8443,6/3/2015,5/30/2015,7:10:37,7,28.6,AH0,150,29.7129048,Day,F,L,A,MYSE
151.909,8443,6/3/2015,5/29/2015,7:10:38,7,29.5,AH0,228,31.5355875,Day,F,L,A,MYSE
151.909,8443,6/3/2015,5/26/2015,7:10:39,7,31.3,AH0,255,34.5200901,Day,F,L,A,MYSE
151.909,8443,6/3/2015,5/30/2015,7:10:39,7,28.6,AH0,154,29.7129048,Day,F,L,A,MYSE
151.909,8443,6/3/2015,5/29/2015,7:10:40,7,29.5,AH0,229,31.5355875,Day,F,L,A,MYSE
151.909,8443,6/3/2015,5/26/2015,7:10:41,7,31.3,AH0,254,34.5200901,Day,F,L,A,MYSE
151.909,8443,6/3/2015,5/30/2015,7:10:41,7,28.5,AH0,149,29.4958625,Day,F,L,A,MYSE
151.909,8443,6/3/2015,5/29/2015,7:10:42,7,29.5,AH0,229,31.5355875,Day,F,L,A,MYSE
151.909,8443,6/3/2015,5/26/2015,7:10:55,7,31.1,AH0,255,34.2293523,Day,F,L,A,MYSE
151.909,8443,6/3/2015,5/30/2015,7:10:56,7,28.4,AH0,157,29.2758432,Day,F,L,A,MYSE
151.909,8443,6/3/2015,5/26/2015,7:10:57,7,31.1,AH0,255,34.2293523,Day,F,L,A,MYSE
151.909,8443,6/3/2015,5/29/2015,7:10:57,7,29.5,AH0,230,31.5355875,Day,F,L,A,MYSE
151.909,8443,6/3/2015,5/30/2015,7:10:58,7,28.5,AH0,157,29.4958625,Day,F,L,A,MYSE
151.909,8443,6/3/2015,5/26/2015,7:10:59,7,31.1,AH0,255,34.2293523,Day,F,L,A,MYSE
151.909,8443,6/3/2015,5/29/2015,7:10:59,7,29.4,AH0,228,31.3444472,Day,F,L,A,MYSE
151.909,8443,6/3/2015,5/30/2015,7:11:00,7,28.5,AH0,149,29.4958625,Day,F,L,A,MYSE
151.909,8443,6/3/2015,5/26/2015,7:11:01,7,31,AH0,255,34.0803,Day,F,L,A,MYSE
151.909,8443,6/3/2015,5/29/2015,7:11:01,7,29.4,AH0,224,31.3444472,Day,F,L,A,MYSE
151.909,8443,6/3/2015,5/30/2015,7:11:02,7,28.5,AH0,153,29.4958625,Day,F,L,A,MYSE
151.909,8443,6/3/2015,5/29/2015,7:11:03,7,29.4,AH0,227,31.3444472,Day,F,L,A,MYSE
151.909,8443,6/3/2015,5/30/2015,7:11:15,7,28.6,AH0,155,29.7129048,Day,F,L,A,MYSE
151.909,8443,6/3/2015,5/26/2015,7:11:16,7,30.8,AH0,254,33.7747296,Day,F,L,A,MYSE
151.909,8443,6/3/2015,5/29/2015,7:11:17,7,29.4,AH0,227,31.3444472,Day,F,L,A,MYSE
151.909,8443,6/3/2015,5/30/2015,7:11:17,7,28.6,AH0,148,29.7129048,Day,F,L,A,MYSE
151.909,8443,6/3/2015,5/26/2015,7:11:18,7,30.8,AH0,255,33.7747296,Day,F,L,A,MYSE
151.909,8443,6/3/2015,5/29/2015,7:11:19,7,29.4,AH0,229,31.3444472,Day,F,L,A,MYSE
151.909,8443,6/3/2015,5/30/2015,7:11:19,7,28.6,AH0,144,29.7129048,Day,F,L,A,MYSE
151.909,8443,6/3/2015,5/26/2015,7:11:20,7,30.7,AH0,254,33.6181719,Day,F,L,A,MYSE
151.909,8443,6/3/2015,5/29/2015,7:11:21,7,29.4,AH0,228,31.3444472,Day,F,L,A,MYSE
151.909,8443,6/3/2015,5/30/2015,7:11:21,7,28.7,AH0,144,29.9269899,Day,F,L,A,MYSE
151.909,8443,6/3/2015,5/26/2015,7:11:22,7,30.7,AH0,255,33.6181719,Day,F,L,A,MYSE
151.909,8443,6/3/2015,5/29/2015,7:11:23,7,29.4,AH0,226,31.3444472,Day,F,L,A,MYSE
151.909,8443,6/3/2015,5/26/2015,7:11:36,7,30.6,AH0,255,33.4590728,Day,F,L,A,MYSE
151.909,8443,6/3/2015,5/30/2015,7:11:36,7,28.7,AH0,165,29.9269899,Day,F,L,A,MYSE
151.909,8443,6/3/2015,5/29/2015,7:11:37,7,29.3,AH0,222,31.1505081,Day,F,L,A,MYSE
151.909,8443,6/3/2015,5/26/2015,7:11:38,7,30.6,AH0,255,33.4590728,Day,F,L,A,MYSE
151.909,8443,6/3/2015,5/30/2015,7:11:38,7,28.7,AH0,163,29.9269899,Day,F,L,A,MYSE
151.909,8443,6/3/2015,5/26/2015,7:11:40,7,30.5,AH0,254,33.2974125,Day,F,L,A,MYSE
151.909,8443,6/3/2015,5/29/2015,7:11:40,7,29.3,AH0,227,31.1505081,Day,F,L,A,MYSE
151.909,8443,6/3/2015,5/30/2015,7:11:40,7,28.7,AH0,164,29.9269899,Day,F,L,A,MYSE
151.909,8443,6/3/2015,5/26/2015,7:11:42,7,30.5,AH0,254,33.2974125,Day,F,L,A,MYSE
151.909,8443,6/3/2015,5/29/2015,7:11:42,7,29.3,AH0,225,31.1505081,Day,F,L,A,MYSE
151.909,8443,6/3/2015,5/30/2015,7:11:42,7,28.7,AH0,163,29.9269899,Day,F,L,A,MYSE
151.909,8443,6/3/2015,5/29/2015,7:11:44,7,29.3,AH0,226,31.1505081,Day,F,L,A,MYSE
151.909,8443,6/3/2015,5/26/2015,7:11:55,7,30.4,AH0,251,33.1331712,Day,F,L,A,MYSE
151.909,8443,6/3/2015,5/26/2015,7:11:57,7,30.3,AH0,252,32.9663291,Day,F,L,A,MYSE
151.909,8443,6/3/2015,5/30/2015,7:11:57,7,28.7,AH0,160,29.9269899,Day,F,L,A,MYSE
151.909,8443,6/3/2015,5/29/2015,7:11:58,7,29.3,AH0,229,31.1505081,Day,F,L,A,MYSE
151.909,8443,6/3/2015,5/26/2015,7:11:59,7,30.3,AH0,251,32.9663291,Day,F,L,A,MYSE
151.909,8443,6/3/2015,5/30/2015,7:11:59,7,28.8,AH0,150,30.1381376,Day,F,L,A,MYSE
151.909,8443,6/3/2015,5/29/2015,7:12:00,7,29.3,AH0,226,31.1505081,Day,F,L,A,MYSE
151.909,8443,6/3/2015,5/26/2015,7:12:01,7,30.3,AH0,253,32.9663291,Day,F,L,A,MYSE
151.909,8443,6/3/2015,5/30/2015,7:12:01,7,28.8,AH0,156,30.1381376,Day,F,L,A,MYSE
151.909,8443,6/3/2015,5/29/2015,7:12:02,7,29.3,AH0,227,31.1505081,Day,F,L,A,MYSE
151.909,8443,6/3/2015,5/29/2015,7:12:04,7,29.3,AH0,228,31.1505081,Day,F,L,A,MYSE
151.909,8443,6/3/2015,5/28/2015,7:12:11,7,29.9,AH0,41,32.2725567,Day,F,L,A,MYSE
151.909,8443,6/3/2015,5/28/2015,7:12:13,7,29.6,AH0,28,31.7239488,Day,F,L,A,MYSE
151.909,8443,6/3/2015,5/26/2015,7:12:15,7,30.2,AH0,251,32.7968664,Day,F,L,A,MYSE
151.909,8443,6/3/2015,5/28/2015,7:12:15,7,29.9,AH0,41,32.2725567,Day,F,L,A,MYSE
151.909,8443,6/3/2015,5/29/2015,7:12:16,7,29.3,AH0,226,31.1505081,Day,F,L,A,MYSE
151.909,8443,6/3/2015,5/30/2015,7:12:16,7,28.7,AH0,164,29.9269899,Day,F,L,A,MYSE
151.909,8443,6/3/2015,5/26/2015,7:12:17,7,30.2,AH0,253,32.7968664,Day,F,L,A,MYSE
151.909,8443,6/3/2015,5/29/2015,7:12:18,7,29.3,AH0,228,31.1505081,Day,F,L,A,MYSE
151.909,8443,6/3/2015,5/30/2015,7:12:18,7,28.8,AH0,163,30.1381376,Day,F,L,A,MYSE
151.909,8443,6/3/2015,5/26/2015,7:12:19,7,30.2,AH0,253,32.7968664,Day,F,L,A,MYSE
151.909,8443,6/3/2015,5/29/2015,7:12:20,7,29.3,AH0,229,31.1505081,Day,F,L,A,MYSE
151.909,8443,6/3/2015,5/30/2015,7:12:20,7,28.8,AH0,164,30.1381376,Day,F,L,A,MYSE
151.909,8443,6/3/2015,5/26/2015,7:12:21,7,30.1,AH0,254,32.6247633,Day,F,L,A,MYSE
151.909,8443,6/3/2015,5/30/2015,7:12:22,7,28.8,AH0,160,30.1381376,Day,F,L,A,MYSE
151.909,8443,6/3/2015,5/29/2015,7:12:23,7,29.3,AH0,229,31.1505081,Day,F,L,A,MYSE
151.909,8443,6/3/2015,5/26/2015,7:12:35,7,30,AH0,254,32.45,Day,F,L,A,MYSE
151.909,8443,6/3/2015,5/30/2015,7:12:36,7,29,AH0,164,30.5517,Day,F,L,A,MYSE
151.909,8443,6/3/2015,5/26/2015,7:12:37,7,30,AH0,254,32.45,Day,F,L,A,MYSE
151.909,8443,6/3/2015,5/29/2015,7:12:37,7,29.2,AH0,225,30.9537504,Day,F,L,A,MYSE
151.909,8443,6/3/2015,5/30/2015,7:12:38,7,29,AH0,157,30.5517,Day,F,L,A,MYSE
151.909,8443,6/3/2015,5/26/2015,7:12:39,7,30,AH0,254,32.45,Day,F,L,A,MYSE
151.909,8443,6/3/2015,5/29/2015,7:12:39,7,29.2,AH0,228,30.9537504,Day,F,L,A,MYSE
151.909,8443,6/3/2015,5/26/2015,7:12:41,7,30,AH0,249,32.45,Day,F,L,A,MYSE
151.909,8443,6/3/2015,5/29/2015,7:12:41,7,29.2,AH0,226,30.9537504,Day,F,L,A,MYSE
151.909,8443,6/3/2015,5/30/2015,7:12:41,7,29,AH0,162,30.5517,Day,F,L,A,MYSE
151.909,8443,6/3/2015,5/29/2015,7:12:43,7,29.2,AH0,227,30.9537504,Day,F,L,A,MYSE
151.909,8443,6/3/2015,5/30/2015,7:12:43,7,29,AH0,167,30.5517,Day,F,L,A,MYSE
151.909,8443,6/3/2015,5/26/2015,7:12:55,7,29.9,AH0,255,32.2725567,Day,F,L,A,MYSE
151.909,8443,6/3/2015,5/28/2015,7:12:55,7,29.8,AH0,38,32.0924136,Day,F,L,A,MYSE
151.909,8443,6/3/2015,5/30/2015,7:12:55,7,29.1,AH0,162,30.7541543,Day,F,L,A,MYSE
151.909,8443,6/3/2015,5/26/2015,7:12:57,7,29.8,AH0,255,32.0924136,Day,F,L,A,MYSE
151.909,8443,6/3/2015,5/29/2015,7:12:57,7,29.2,AH0,227,30.9537504,Day,F,L,A,MYSE
151.909,8443,6/3/2015,5/30/2015,7:12:57,7,29.1,AH0,165,30.7541543,Day,F,L,A,MYSE
151.909,8443,6/3/2015,5/26/2015,7:12:59,7,29.7,AH0,255,31.9095509,Day,F,L,A,MYSE
151.909,8443,6/3/2015,5/30/2015,7:12:59,7,29.1,AH0,162,30.7541543,Day,F,L,A,MYSE
151.909,8443,6/3/2015,5/29/2015,7:13:00,7,29.2,AH0,225,30.9537504,Day,F,L,A,MYSE
151.909,8443,6/3/2015,5/26/2015,7:13:01,7,29.7,AH0,255,31.9095509,Day,F,L,A,MYSE
151.909,8443,6/3/2015,5/30/2015,7:13:01,7,29.2,AH0,165,30.9537504,Day,F,L,A,MYSE
151.909,8443,6/3/2015,5/29/2015,7:13:02,7,29.2,AH0,227,30.9537504,Day,F,L,A,MYSE
151.909,8443,6/3/2015,5/29/2015,7:13:04,7,29.2,AH0,228,30.9537504,Day,F,L,A,MYSE
151.909,8443,6/3/2015,5/28/2015,7:13:12,7,29.9,AH0,40,32.2725567,Day,F,L,A,MYSE
151.909,8443,6/3/2015,5/28/2015,7:13:14,7,29.9,AH0,44,32.2725567,Day,F,L,A,MYSE
151.909,8443,6/3/2015,5/26/2015,7:13:15,7,29.6,AH0,255,31.7239488,Day,F,L,A,MYSE
151.909,8443,6/3/2015,5/28/2015,7:13:16,7,29.8,AH0,44,32.0924136,Day,F,L,A,MYSE
151.909,8443,6/3/2015,5/30/2015,7:13:16,7,29.2,AH0,165,30.9537504,Day,F,L,A,MYSE
151.909,8443,6/3/2015,5/26/2015,7:13:17,7,29.6,AH0,255,31.7239488,Day,F,L,A,MYSE
151.909,8443,6/3/2015,5/28/2015,7:13:18,7,29.9,AH0,50,32.2725567,Day,F,L,A,MYSE
151.909,8443,6/3/2015,5/29/2015,7:13:18,7,29.2,AH0,226,30.9537504,Day,F,L,A,MYSE
151.909,8443,6/3/2015,5/30/2015,7:13:18,7,29.3,AH0,162,31.1505081,Day,F,L,A,MYSE
151.909,8443,6/3/2015,5/26/2015,7:13:19,7,29.7,AH0,255,31.9095509,Day,F,L,A,MYSE
151.909,8443,6/3/2015,5/29/2015,7:13:20,7,29.2,AH0,229,30.9537504,Day,F,L,A,MYSE
151.909,8443,6/3/2015,5/30/2015,7:13:20,7,29.3,AH0,166,31.1505081,Day,F,L,A,MYSE
151.909,8443,6/3/2015,5/26/2015,7:13:21,7,29.7,AH0,255,31.9095509,Day,F,L,A,MYSE
151.909,8443,6/3/2015,5/29/2015,7:13:22,7,29.1,AH0,227,30.7541543,Day,F,L,A,MYSE
151.909,8443,6/3/2015,5/30/2015,7:13:22,7,29.3,AH0,161,31.1505081,Day,F,L,A,MYSE
151.909,8443,6/3/2015,5/29/2015,7:13:24,7,29.2,AH0,229,30.9537504,Day,F,L,A,MYSE
151.909,8443,6/3/2015,5/26/2015,7:13:36,7,29.6,AH0,255,31.7239488,Day,F,L,A,MYSE
151.909,8443,6/3/2015,5/30/2015,7:13:36,7,29.3,AH0,163,31.1505081,Day,F,L,A,MYSE
151.909,8443,6/3/2015,5/29/2015,7:13:37,7,29.1,AH0,229,30.7541543,Day,F,L,A,MYSE
151.909,8443,6/3/2015,5/26/2015,7:13:38,7,29.6,AH0,255,31.7239488,Day,F,L,A,MYSE
151.909,8443,6/3/2015,5/30/2015,7:13:38,7,29.4,AH0,163,31.3444472,Day,F,L,A,MYSE
151.909,8443,6/3/2015,5/29/2015,7:13:39,7,29.1,AH0,227,30.7541543,Day,F,L,A,MYSE
151.909,8443,6/3/2015,5/26/2015,7:13:40,7,29.6,AH0,255,31.7239488,Day,F,L,A,MYSE
151.909,8443,6/3/2015,5/30/2015,7:13:40,7,29.3,AH0,166,31.1505081,Day,F,L,A,MYSE
151.909,8443,6/3/2015,5/29/2015,7:13:41,7,29.1,AH0,228,30.7541543,Day,F,L,A,MYSE
151.909,8443,6/3/2015,5/26/2015,7:13:42,7,29.6,AH0,255,31.7239488,Day,F,L,A,MYSE
151.909,8443,6/3/2015,5/30/2015,7:13:42,7,29.4,AH0,163,31.3444472,Day,F,L,A,MYSE
151.909,8443,6/3/2015,5/29/2015,7:13:43,7,29.1,AH0,229,30.7541543,Day,F,L,A,MYSE
151.909,8443,6/3/2015,5/26/2015,7:13:56,7,29.7,AH0,255,31.9095509,Day,F,L,A,MYSE
151.909,8443,6/3/2015,5/30/2015,7:13:56,7,29.4,AH0,164,31.3444472,Day,F,L,A,MYSE
151.909,8443,6/3/2015,5/29/2015,7:13:57,7,29.1,AH0,230,30.7541543,Day,F,L,A,MYSE
151.909,8443,6/3/2015,5/26/2015,7:13:58,7,29.7,AH0,255,31.9095509,Day,F,L,A,MYSE
151.909,8443,6/3/2015,5/29/2015,7:13:59,7,29.1,AH0,227,30.7541543,Day,F,L,A,MYSE
151.909,8443,6/3/2015,5/30/2015,7:13:59,7,29.4,AH0,164,31.3444472,Day,F,L,A,MYSE
151.909,8443,6/3/2015,5/26/2015,7:14:00,7,29.7,AH0,255,31.9095509,Day,F,L,A,MYSE
151.909,8443,6/3/2015,5/29/2015,7:14:01,7,29.1,AH0,229,30.7541543,Day,F,L,A,MYSE
151.909,8443,6/3/2015,5/30/2015,7:14:01,7,29.4,AH0,169,31.3444472,Day,F,L,A,MYSE
151.909,8443,6/3/2015,5/26/2015,7:14:02,7,29.7,AH0,255,31.9095509,Day,F,L,A,MYSE
151.909,8443,6/3/2015,5/29/2015,7:14:03,7,29.1,AH0,229,30.7541543,Day,F,L,A,MYSE
151.909,8443,6/3/2015,5/30/2015,7:14:03,7,29.4,AH0,163,31.3444472,Day,F,L,A,MYSE
151.909,8443,6/3/2015,5/28/2015,7:14:12,7,29.7,AH0,43,31.9095509,Day,F,L,A,MYSE
151.909,8443,6/3/2015,5/28/2015,7:14:14,7,29.9,AH0,39,32.2725567,Day,F,L,A,MYSE
151.909,8443,6/3/2015,5/30/2015,7:14:15,7,29.4,AH0,164,31.3444472,Day,F,L,A,MYSE
151.909,8443,6/3/2015,5/26/2015,7:14:16,7,29.9,AH0,255,32.2725567,Day,F,L,A,MYSE
151.909,8443,6/3/2015,5/28/2015,7:14:16,7,29.8,AH0,42,32.0924136,Day,F,L,A,MYSE
151.909,8443,6/3/2015,5/30/2015,7:14:17,7,29.4,AH0,165,31.3444472,Day,F,L,A,MYSE
151.909,8443,6/3/2015,5/26/2015,7:14:18,7,29.9,AH0,255,32.2725567,Day,F,L,A,MYSE
151.909,8443,6/3/2015,5/28/2015,7:14:18,7,29.7,AH0,35,31.9095509,Day,F,L,A,MYSE
151.909,8443,6/3/2015,5/29/2015,7:14:18,7,29.1,AH0,227,30.7541543,Day,F,L,A,MYSE
151.909,8443,6/3/2015,5/30/2015,7:14:19,7,29.4,AH0,163,31.3444472,Day,F,L,A,MYSE
151.909,8443,6/3/2015,5/26/2015,7:14:20,7,29.9,AH0,255,32.2725567,Day,F,L,A,MYSE
151.909,8443,6/3/2015,5/29/2015,7:14:20,7,29.1,AH0,229,30.7541543,Day,F,L,A,MYSE
151.909,8443,6/3/2015,5/30/2015,7:14:21,7,29.4,AH0,167,31.3444472,Day,F,L,A,MYSE
151.909,8443,6/3/2015,5/26/2015,7:14:22,7,30,AH0,255,32.45,Day,F,L,A,MYSE
151.909,8443,6/3/2015,5/29/2015,7:14:22,7,29.1,AH0,230,30.7541543,Day,F,L,A,MYSE
151.909,8443,6/3/2015,5/29/2015,7:14:24,7,29.1,AH0,228,30.7541543,Day,F,L,A,MYSE
151.909,8443,6/3/2015,5/30/2015,7:14:35,7,29.5,AH0,164,31.5355875,Day,F,L,A,MYSE
151.909,8443,6/3/2015,5/26/2015,7:14:36,7,30.3,AH0,255,32.9663291,Day,F,L,A,MYSE
151.909,8443,6/3/2015,5/29/2015,7:14:36,7,29.1,AH0,225,30.7541543,Day,F,L,A,MYSE
151.909,8443,6/3/2015,5/30/2015,7:14:37,7,29.5,AH0,166,31.5355875,Day,F,L,A,MYSE
151.909,8443,6/3/2015,5/26/2015,7:14:38,7,30.3,AH0,255,32.9663291,Day,F,L,A,MYSE
151.909,8443,6/3/2015,5/29/2015,7:14:38,7,29.1,AH0,230,30.7541543,Day,F,L,A,MYSE
151.909,8443,6/3/2015,5/30/2015,7:14:39,7,29.5,AH0,163,31.5355875,Day,F,L,A,MYSE
151.909,8443,6/3/2015,5/26/2015,7:14:40,7,30.4,AH0,255,33.1331712,Day,F,L,A,MYSE
151.909,8443,6/3/2015,5/29/2015,7:14:40,7,29.1,AH0,229,30.7541543,Day,F,L,A,MYSE
151.909,8443,6/3/2015,5/30/2015,7:14:41,7,29.5,AH0,166,31.5355875,Day,F,L,A,MYSE
151.909,8443,6/3/2015,5/26/2015,7:14:42,7,30.4,AH0,255,33.1331712,Day,F,L,A,MYSE
151.909,8443,6/3/2015,5/29/2015,7:14:43,7,29.1,AH0,225,30.7541543,Day,F,L,A,MYSE
151.909,8443,6/3/2015,5/28/2015,7:14:54,7,29.7,AH0,37,31.9095509,Day,F,L,A,MYSE
151.909,8443,6/3/2015,5/26/2015,7:14:56,7,30.7,AH0,255,33.6181719,Day,F,L,A,MYSE
151.909,8443,6/3/2015,5/28/2015,7:14:56,7,29.9,AH0,46,32.2725567,Day,F,L,A,MYSE
151.909,8443,6/3/2015,5/30/2015,7:14:56,7,29.5,AH0,160,31.5355875,Day,F,L,A,MYSE
151.909,8443,6/3/2015,5/29/2015,7:14:57,7,29.2,AH0,230,30.9537504,Day,F,L,A,MYSE
151.909,8443,6/3/2015,5/26/2015,7:14:58,7,30.7,AH0,255,33.6181719,Day,F,L,A,MYSE
151.909,8443,6/3/2015,5/28/2015,7:14:58,7,29.7,AH0,44,31.9095509,Day,F,L,A,MYSE
151.909,8443,6/3/2015,5/30/2015,7:14:58,7,29.5,AH0,164,31.5355875,Day,F,L,A,MYSE
151.909,8443,6/3/2015,5/29/2015,7:14:59,7,29.2,AH0,231,30.9537504,Day,F,L,A,MYSE
151.909,8443,6/3/2015,5/26/2015,7:15:00,7,30.7,AH0,255,33.6181719,Day,F,L,A,MYSE
151.909,8443,6/3/2015,5/30/2015,7:15:00,7,29.5,AH0,164,31.5355875,Day,F,L,A,MYSE
151.909,8443,6/3/2015,5/29/2015,7:15:01,7,29.2,AH0,232,30.9537504,Day,F,L,A,MYSE
151.909,8443,6/3/2015,5/26/2015,7:15:02,7,30.8,AH0,255,33.7747296,Day,F,L,A,MYSE
151.909,8443,6/3/2015,5/30/2015,7:15:02,7,29.5,AH0,167,31.5355875,Day,F,L,A,MYSE
151.909,8443,6/3/2015,5/29/2015,7:15:03,7,29.2,AH0,232,30.9537504,Day,F,L,A,MYSE
151.909,8443,6/3/2015,5/26/2015,7:15:15,7,31,AH0,255,34.0803,Day,F,L,A,MYSE
151.909,8443,6/3/2015,5/30/2015,7:15:16,7,29.5,AH0,161,31.5355875,Day,F,L,A,MYSE
151.909,8443,6/3/2015,5/26/2015,7:15:17,7,31,AH0,255,34.0803,Day,F,L,A,MYSE
151.909,8443,6/3/2015,5/29/2015,7:15:18,7,29.1,AH0,228,30.7541543,Day,F,L,A,MYSE
151.909,8443,6/3/2015,5/30/2015,7:15:18,7,29.5,AH0,163,31.5355875,Day,F,L,A,MYSE
151.909,8443,6/3/2015,5/26/2015,7:15:19,7,31,AH0,255,34.0803,Day,F,L,A,MYSE
151.909,8443,6/3/2015,5/29/2015,7:15:20,7,29.1,AH0,230,30.7541543,Day,F,L,A,MYSE
151.909,8443,6/3/2015,5/30/2015,7:15:20,7,29.5,AH0,168,31.5355875,Day,F,L,A,MYSE
151.909,8443,6/3/2015,5/26/2015,7:15:21,7,31.1,AH0,255,34.2293523,Day,F,L,A,MYSE
151.909,8443,6/3/2015,5/29/2015,7:15:22,7,29.1,AH0,230,30.7541543,Day,F,L,A,MYSE
151.909,8443,6/3/2015,5/30/2015,7:15:22,7,29.5,AH0,164,31.5355875,Day,F,L,A,MYSE
151.909,8443,6/3/2015,5/29/2015,7:15:24,7,29.1,AH0,230,30.7541543,Day,F,L,A,MYSE
151.909,8443,6/3/2015,5/26/2015,7:15:34,7,31.2,AH0,255,34.3759424,Day,F,L,A,MYSE
151.909,8443,6/3/2015,5/28/2015,7:15:35,7,14.9,AH0,44,-36.0561783,Day,F,L,A,MYSE
151.909,8443,6/3/2015,5/26/2015,7:15:36,7,31.2,AH0,255,34.3759424,Day,F,L,A,MYSE
151.909,8443,6/3/2015,5/30/2015,7:15:36,7,29.4,AH0,166,31.3444472,Day,F,L,A,MYSE
151.909,8443,6/3/2015,5/28/2015,7:15:37,7,29.8,AH0,43,32.0924136,Day,F,L,A,MYSE
151.909,8443,6/3/2015,5/26/2015,7:15:38,7,31.3,AH0,255,34.5200901,Day,F,L,A,MYSE
151.909,8443,6/3/2015,5/29/2015,7:15:38,7,29.1,AH0,226,30.7541543,Day,F,L,A,MYSE
151.909,8443,6/3/2015,5/30/2015,7:15:38,7,29.4,AH0,162,31.3444472,Day,F,L,A,MYSE
151.909,8443,6/3/2015,5/26/2015,7:15:40,7,31.3,AH0,255,34.5200901,Day,F,L,A,MYSE
151.909,8443,6/3/2015,5/29/2015,7:15:40,7,29.1,AH0,229,30.7541543,Day,F,L,A,MYSE
151.909,8443,6/3/2015,5/30/2015,7:15:40,7,29.4,AH0,168,31.3444472,Day,F,L,A,MYSE
151.909,8443,6/3/2015,5/26/2015,7:15:42,7,31.3,AH0,255,34.5200901,Day,F,L,A,MYSE
151.909,8443,6/3/2015,5/29/2015,7:15:42,7,29.1,AH0,229,30.7541543,Day,F,L,A,MYSE
151.909,8443,6/3/2015,5/30/2015,7:15:42,7,29.3,AH0,166,31.1505081,Day,F,L,A,MYSE
151.909,8443,6/3/2015,5/30/2015,7:15:55,7,29.6,AH0,167,31.7239488,Day,F,L,A,MYSE
151.909,8443,6/3/2015,5/26/2015,7:15:56,7,31.4,AH0,255,34.6618152,Day,F,L,A,MYSE
151.909,8443,6/3/2015,5/26/2015,7:15:57,7,31.4,AH0,255,34.6618152,Day,F,L,A,MYSE
151.909,8443,6/3/2015,5/29/2015,7:15:57,7,29.1,AH0,227,30.7541543,Day,F,L,A,MYSE
151.909,8443,6/3/2015,5/30/2015,7:15:57,7,29.3,AH0,166,31.1505081,Day,F,L,A,MYSE
151.909,8443,6/3/2015,5/26/2015,7:15:59,7,31.4,AH0,255,34.6618152,Day,F,L,A,MYSE
151.909,8443,6/3/2015,5/29/2015,7:15:59,7,29.1,AH0,229,30.7541543,Day,F,L,A,MYSE
151.909,8443,6/3/2015,5/30/2015,7:15:59,7,29.3,AH0,164,31.1505081,Day,F,L,A,MYSE
151.909,8443,6/3/2015,5/26/2015,7:16:01,7,31.5,AH0,255,34.8011375,Day,F,L,A,MYSE
151.909,8443,6/3/2015,5/29/2015,7:16:01,7,29.1,AH0,226,30.7541543,Day,F,L,A,MYSE
151.909,8443,6/3/2015,5/30/2015,7:16:01,7,29.3,AH0,166,31.1505081,Day,F,L,A,MYSE
151.909,8443,6/3/2015,5/29/2015,7:16:03,7,29.1,AH0,229,30.7541543,Day,F,L,A,MYSE
151.909,8443,6/3/2015,5/28/2015,7:16:11,7,29.7,AH0,43,31.9095509,Day,F,L,A,MYSE
151.909,8443,6/3/2015,5/28/2015,7:16:13,7,29.8,AH0,44,32.0924136,Day,F,L,A,MYSE
151.909,8443,6/3/2015,5/26/2015,7:16:15,7,31.6,AH0,255,34.9380768,Day,F,L,A,MYSE
151.909,8443,6/3/2015,5/28/2015,7:16:15,7,29.8,AH0,45,32.0924136,Day,F,L,A,MYSE
151.909,8443,6/3/2015,5/30/2015,7:16:15,7,29.3,AH0,161,31.1505081,Day,F,L,A,MYSE
151.909,8443,6/3/2015,5/26/2015,7:16:17,7,31.6,AH0,255,34.9380768,Day,F,L,A,MYSE
151.909,8443,6/3/2015,5/29/2015,7:16:17,7,29.1,AH0,228,30.7541543,Day,F,L,A,MYSE
151.909,8443,6/3/2015,5/30/2015,7:16:17,7,29.4,AH0,161,31.3444472,Day,F,L,A,MYSE
151.909,8443,6/3/2015,5/26/2015,7:16:18,7,31.6,AH0,255,34.9380768,Day,F,L,A,MYSE
151.909,8443,6/3/2015,5/29/2015,7:16:19,7,29.1,AH0,226,30.7541543,Day,F,L,A,MYSE
151.909,8443,6/3/2015,5/30/2015,7:16:19,7,29.4,AH0,162,31.3444472,Day,F,L,A,MYSE
151.909,8443,6/3/2015,5/26/2015,7:16:20,7,31.6,AH0,255,34.9380768,Day,F,L,A,MYSE
151.909,8443,6/3/2015,5/29/2015,7:16:21,7,29.1,AH0,227,30.7541543,Day,F,L,A,MYSE
151.909,8443,6/3/2015,5/30/2015,7:16:21,7,29.4,AH0,164,31.3444472,Day,F,L,A,MYSE
151.909,8443,6/3/2015,5/26/2015,7:16:22,7,31.6,AH0,255,34.9380768,Day,F,L,A,MYSE
151.909,8443,6/3/2015,5/29/2015,7:16:23,7,29.1,AH0,227,30.7541543,Day,F,L,A,MYSE
151.909,8443,6/3/2015,5/26/2015,7:16:35,7,31.7,AH0,255,35.0726529,Day,F,L,A,MYSE
151.909,8443,6/3/2015,5/30/2015,7:16:36,7,29.4,AH0,168,31.3444472,Day,F,L,A,MYSE
151.909,8443,6/3/2015,5/26/2015,7:16:37,7,31.7,AH0,255,35.0726529,Day,F,L,A,MYSE
151.909,8443,6/3/2015,5/29/2015,7:16:38,7,29.1,AH0,228,30.7541543,Day,F,L,A,MYSE
151.909,8443,6/3/2015,5/30/2015,7:16:38,7,29.4,AH0,168,31.3444472,Day,F,L,A,MYSE
151.909,8443,6/3/2015,5/26/2015,7:16:39,7,31.7,AH0,255,35.0726529,Day,F,L,A,MYSE
151.909,8443,6/3/2015,5/29/2015,7:16:40,7,29.1,AH0,231,30.7541543,Day,F,L,A,MYSE
151.909,8443,6/3/2015,5/30/2015,7:16:40,7,29.4,AH0,169,31.3444472,Day,F,L,A,MYSE
151.909,8443,6/3/2015,5/26/2015,7:16:41,7,31.8,AH0,255,35.2048856,Day,F,L,A,MYSE
151.909,8443,6/3/2015,5/29/2015,7:16:42,7,29.1,AH0,231,30.7541543,Day,F,L,A,MYSE
151.909,8443,6/3/2015,5/30/2015,7:16:42,7,29.4,AH0,164,31.3444472,Day,F,L,A,MYSE
151.909,8443,6/3/2015,5/29/2015,7:16:44,7,29.1,AH0,228,30.7541543,Day,F,L,A,MYSE
151.909,8443,6/3/2015,5/28/2015,7:16:51,7,29.9,AH0,45,32.2725567,Day,F,L,A,MYSE
151.909,8443,6/3/2015,5/26/2015,7:16:54,7,31.8,AH0,255,35.2048856,Day,F,L,A,MYSE
151.909,8443,6/3/2015,5/28/2015,7:16:54,7,29.7,AH0,38,31.9095509,Day,F,L,A,MYSE
151.909,8443,6/3/2015,5/26/2015,7:16:56,7,31.8,AH0,255,35.2048856,Day,F,L,A,MYSE
151.909,8443,6/3/2015,5/28/2015,7:16:56,7,29.7,AH0,40,31.9095509,Day,F,L,A,MYSE
151.909,8443,6/3/2015,5/29/2015,7:16:56,7,29.1,AH0,229,30.7541543,Day,F,L,A,MYSE
151.909,8443,6/3/2015,5/30/2015,7:16:56,7,29.5,AH0,166,31.5355875,Day,F,L,A,MYSE
151.909,8443,6/3/2015,5/26/2015,7:16:58,7,31.9,AH0,255,35.3347947,Day,F,L,A,MYSE
151.909,8443,6/3/2015,5/28/2015,7:16:58,7,29.9,AH0,41,32.2725567,Day,F,L,A,MYSE
151.909,8443,6/3/2015,5/30/2015,7:16:58,7,29.4,AH0,167,31.3444472,Day,F,L,A,MYSE
151.909,8443,6/3/2015,5/29/2015,7:16:59,7,29.1,AH0,228,30.7541543,Day,F,L,A,MYSE
151.909,8443,6/3/2015,5/26/2015,7:17:00,7,31.8,AH0,255,35.2048856,Day,F,L,A,MYSE
151.909,8443,6/3/2015,5/30/2015,7:17:00,7,29.4,AH0,166,31.3444472,Day,F,L,A,MYSE
151.909,8443,6/3/2015,5/29/2015,7:17:01,7,29.1,AH0,231,30.7541543,Day,F,L,A,MYSE
151.909,8443,6/3/2015,5/26/2015,7:17:02,7,31.9,AH0,255,35.3347947,Day,F,L,A,MYSE
151.909,8443,6/3/2015,5/30/2015,7:17:02,7,29.4,AH0,165,31.3444472,Day,F,L,A,MYSE
151.909,8443,6/3/2015,5/29/2015,7:17:03,7,29.1,AH0,230,30.7541543,Day,F,L,A,MYSE
151.909,8443,6/3/2015,5/26/2015,7:17:15,7,32,AH0,255,35.4624,Day,F,L,A,MYSE
151.909,8443,6/3/2015,5/30/2015,7:17:16,7,29.4,AH0,172,31.3444472,Day,F,L,A,MYSE
151.909,8443,6/3/2015,5/26/2015,7:17:17,7,31.9,AH0,255,35.3347947,Day,F,L,A,MYSE
151.909,8443,6/3/2015,5/29/2015,7:17:17,7,29.1,AH0,231,30.7541543,Day,F,L,A,MYSE
151.909,8443,6/3/2015,5/30/2015,7:17:18,7,29.4,AH0,170,31.3444472,Day,F,L,A,MYSE
151.909,8443,6/3/2015,5/26/2015,7:17:19,7,32,AH0,255,35.4624,Day,F,L,A,MYSE
151.909,8443,6/3/2015,5/29/2015,7:17:19,7,29.1,AH0,228,30.7541543,Day,F,L,A,MYSE
151.909,8443,6/3/2015,5/30/2015,7:17:20,7,29.4,AH0,170,31.3444472,Day,F,L,A,MYSE
151.909,8443,6/3/2015,5/26/2015,7:17:21,7,32,AH0,255,35.4624,Day,F,L,A,MYSE
151.909,8443,6/3/2015,5/29/2015,7:17:21,7,29.1,AH0,230,30.7541543,Day,F,L,A,MYSE
151.909,8443,6/3/2015,5/30/2015,7:17:22,7,29.5,AH0,169,31.5355875,Day,F,L,A,MYSE
151.909,8443,6/3/2015,5/29/2015,7:17:23,7,29.1,AH0,229,30.7541543,Day,F,L,A,MYSE
151.909,8443,6/3/2015,5/30/2015,7:17:35,7,29.4,AH0,167,31.3444472,Day,F,L,A,MYSE
151.909,8443,6/3/2015,5/26/2015,7:17:36,7,32.1,AH0,255,35.5877213,Day,F,L,A,MYSE
151.909,8443,6/3/2015,5/28/2015,7:17:36,7,14.9,AH0,46,-36.0561783,Day,F,L,A,MYSE
151.909,8443,6/3/2015,5/30/2015,7:17:37,7,29.4,AH0,166,31.3444472,Day,F,L,A,MYSE
151.909,8443,6/3/2015,5/26/2015,7:17:38,7,32.1,AH0,255,35.5877213,Day,F,L,A,MYSE
151.909,8443,6/3/2015,5/28/2015,7:17:38,7,29.6,AH0,43,31.7239488,Day,F,L,A,MYSE
151.909,8443,6/3/2015,5/29/2015,7:17:38,7,29.1,AH0,228,30.7541543,Day,F,L,A,MYSE
151.909,8443,6/3/2015,5/26/2015,7:17:39,7,32.1,AH0,255,35.5877213,Day,F,L,A,MYSE
151.909,8443,6/3/2015,5/30/2015,7:17:39,7,29.4,AH0,170,31.3444472,Day,F,L,A,MYSE
151.909,8443,6/3/2015,5/29/2015,7:17:40,7,29.1,AH0,229,30.7541543,Day,F,L,A,MYSE
151.909,8443,6/3/2015,5/26/2015,7:17:41,7,32.1,AH0,255,35.5877213,Day,F,L,A,MYSE
151.909,8443,6/3/2015,5/30/2015,7:17:41,7,29.4,AH0,164,31.3444472,Day,F,L,A,MYSE
151.909,8443,6/3/2015,5/29/2015,7:17:42,7,29.1,AH0,231,30.7541543,Day,F,L,A,MYSE
151.909,8443,6/3/2015,5/29/2015,7:17:44,7,29.1,AH0,231,30.7541543,Day,F,L,A,MYSE
151.909,8443,6/3/2015,5/28/2015,7:17:51,7,29.8,AH0,37,32.0924136,Day,F,L,A,MYSE
151.909,8443,6/3/2015,5/28/2015,7:17:53,7,29.8,AH0,47,32.0924136,Day,F,L,A,MYSE
151.909,8443,6/3/2015,5/26/2015,7:17:54,7,32.1,AH0,255,35.5877213,Day,F,L,A,MYSE
151.909,8443,6/3/2015,5/28/2015,7:17:55,7,29.8,AH0,40,32.0924136,Day,F,L,A,MYSE
151.909,8443,6/3/2015,5/30/2015,7:17:55,7,29.4,AH0,166,31.3444472,Day,F,L,A,MYSE
151.909,8443,6/3/2015,5/26/2015,7:17:56,7,32.1,AH0,255,35.5877213,Day,F,L,A,MYSE
151.909,8443,6/3/2015,5/29/2015,7:17:56,7,29.1,AH0,228,30.7541543,Day,F,L,A,MYSE
151.909,8443,6/3/2015,5/28/2015,7:17:57,7,29.8,AH0,43,32.0924136,Day,F,L,A,MYSE
151.909,8443,6/3/2015,5/30/2015,7:17:57,7,29.4,AH0,167,31.3444472,Day,F,L,A,MYSE
151.909,8443,6/3/2015,5/26/2015,7:17:58,7,32.1,AH0,255,35.5877213,Day,F,L,A,MYSE
151.909,8443,6/3/2015,5/29/2015,7:17:58,7,29.1,AH0,229,30.7541543,Day,F,L,A,MYSE
151.909,8443,6/3/2015,5/30/2015,7:17:59,7,29.5,AH0,169,31.5355875,Day,F,L,A,MYSE
151.909,8443,6/3/2015,5/26/2015,7:18:00,7,32.1,AH0,255,35.5877213,Day,F,L,A,MYSE
151.909,8443,6/3/2015,5/29/2015,7:18:00,7,29,AH0,230,30.5517,Day,F,L,A,MYSE
151.909,8443,6/3/2015,5/30/2015,7:18:01,7,29.5,AH0,170,31.5355875,Day,F,L,A,MYSE
151.909,8443,6/3/2015,5/26/2015,7:18:02,7,32.1,AH0,255,35.5877213,Day,F,L,A,MYSE
151.909,8443,6/3/2015,5/29/2015,7:18:03,7,29.1,AH0,229,30.7541543,Day,F,L,A,MYSE
151.909,8443,6/3/2015,5/26/2015,7:18:15,7,32.1,AH0,255,35.5877213,Day,F,L,A,MYSE
151.909,8443,6/3/2015,5/30/2015,7:18:15,7,29.5,AH0,167,31.5355875,Day,F,L,A,MYSE
151.909,8443,6/3/2015,5/26/2015,7:18:17,7,32.1,AH0,255,35.5877213,Day,F,L,A,MYSE
151.909,8443,6/3/2015,5/29/2015,7:18:17,7,29.1,AH0,229,30.7541543,Day,F,L,A,MYSE
151.909,8443,6/3/2015,5/30/2015,7:18:17,7,29.5,AH0,169,31.5355875,Day,F,L,A,MYSE
151.909,8443,6/3/2015,5/26/2015,7:18:19,7,32.1,AH0,255,35.5877213,Day,F,L,A,MYSE
151.909,8443,6/3/2015,5/29/2015,7:18:19,7,29,AH0,231,30.5517,Day,F,L,A,MYSE
151.909,8443,6/3/2015,5/30/2015,7:18:20,7,29.5,AH0,170,31.5355875,Day,F,L,A,MYSE
151.909,8443,6/3/2015,5/26/2015,7:18:21,7,32.1,AH0,255,35.5877213,Day,F,L,A,MYSE
151.909,8443,6/3/2015,5/29/2015,7:18:21,7,29.1,AH0,231,30.7541543,Day,F,L,A,MYSE
151.909,8443,6/3/2015,5/30/2015,7:18:22,7,29.5,AH0,169,31.5355875,Day,F,L,A,MYSE
151.909,8443,6/3/2015,5/29/2015,7:18:23,7,29.1,AH0,230,30.7541543,Day,F,L,A,MYSE
151.909,8443,6/3/2015,5/26/2015,7:18:36,7,32.1,AH0,255,35.5877213,Day,F,L,A,MYSE
151.909,8443,6/3/2015,5/30/2015,7:18:36,7,29.6,AH0,167,31.7239488,Day,F,L,A,MYSE
151.909,8443,6/3/2015,5/26/2015,7:18:37,7,32.1,AH0,255,35.5877213,Day,F,L,A,MYSE
151.909,8443,6/3/2015,5/29/2015,7:18:38,7,29.1,AH0,228,30.7541543,Day,F,L,A,MYSE
151.909,8443,6/3/2015,5/30/2015,7:18:38,7,29.6,AH0,169,31.7239488,Day,F,L,A,MYSE
151.909,8443,6/3/2015,5/26/2015,7:18:39,7,32.1,AH0,255,35.5877213,Day,F,L,A,MYSE
151.909,8443,6/3/2015,5/29/2015,7:18:40,7,29.1,AH0,230,30.7541543,Day,F,L,A,MYSE
151.909,8443,6/3/2015,5/30/2015,7:18:40,7,29.6,AH0,166,31.7239488,Day,F,L,A,MYSE
151.909,8443,6/3/2015,5/26/2015,7:18:41,7,32.1,AH0,255,35.5877213,Day,F,L,A,MYSE
151.909,8443,6/3/2015,5/29/2015,7:18:42,7,29.1,AH0,231,30.7541543,Day,F,L,A,MYSE
151.909,8443,6/3/2015,5/30/2015,7:18:42,7,29.6,AH0,167,31.7239488,Day,F,L,A,MYSE
151.909,8443,6/3/2015,5/29/2015,7:18:44,7,29,AH0,228,30.5517,Day,F,L,A,MYSE
151.909,8443,6/3/2015,5/28/2015,7:18:52,7,29.8,AH0,43,32.0924136,Day,F,L,A,MYSE
151.909,8443,6/3/2015,5/26/2015,7:18:54,7,32.1,AH0,255,35.5877213,Day,F,L,A,MYSE
151.909,8443,6/3/2015,5/28/2015,7:18:54,7,29.4,AH0,36,31.3444472,Day,F,L,A,MYSE
151.909,8443,6/3/2015,5/26/2015,7:18:56,7,32.1,AH0,255,35.5877213,Day,F,L,A,MYSE
151.909,8443,6/3/2015,5/28/2015,7:18:56,7,29.7,AH0,44,31.9095509,Day,F,L,A,MYSE
151.909,8443,6/3/2015,5/30/2015,7:18:56,7,29.6,AH0,166,31.7239488,Day,F,L,A,MYSE
151.909,8443,6/3/2015,5/26/2015,7:18:58,7,32.1,AH0,255,35.5877213,Day,F,L,A,MYSE
151.909,8443,6/3/2015,5/29/2015,7:18:58,7,29,AH0,226,30.5517,Day,F,L,A,MYSE
151.909,8443,6/3/2015,5/30/2015,7:18:58,7,29.6,AH0,170,31.7239488,Day,F,L,A,MYSE
151.909,8443,6/3/2015,5/26/2015,7:19:00,7,32.1,AH0,255,35.5877213,Day,F,L,A,MYSE
151.909,8443,6/3/2015,5/29/2015,7:19:00,7,29,AH0,228,30.5517,Day,F,L,A,MYSE
151.909,8443,6/3/2015,5/30/2015,7:19:00,7,29.6,AH0,170,31.7239488,Day,F,L,A,MYSE
151.909,8443,6/3/2015,5/26/2015,7:19:02,7,32.1,AH0,255,35.5877213,Day,F,L,A,MYSE
151.909,8443,6/3/2015,5/29/2015,7:19:02,7,29.1,AH0,230,30.7541543,Day,F,L,A,MYSE
151.909,8443,6/3/2015,5/30/2015,7:19:02,7,29.6,AH0,166,31.7239488,Day,F,L,A,MYSE
151.909,8443,6/3/2015,5/28/2015,7:19:10,7,29.7,AH0,45,31.9095509,Day,F,L,A,MYSE
151.909,8443,6/3/2015,5/28/2015,7:19:12,7,29.7,AH0,47,31.9095509,Day,F,L,A,MYSE
151.909,8443,6/3/2015,5/28/2015,7:19:14,7,29.8,AH0,44,32.0924136,Day,F,L,A,MYSE
151.909,8443,6/3/2015,5/26/2015,7:19:15,7,32.1,AH0,255,35.5877213,Day,F,L,A,MYSE
151.909,8443,6/3/2015,5/28/2015,7:19:16,7,29.8,AH0,48,32.0924136,Day,F,L,A,MYSE
151.909,8443,6/3/2015,5/30/2015,7:19:16,7,29.7,AH0,167,31.9095509,Day,F,L,A,MYSE
151.909,8443,6/3/2015,5/26/2015,7:19:17,7,32.1,AH0,255,35.5877213,Day,F,L,A,MYSE
151.909,8443,6/3/2015,5/29/2015,7:19:17,7,29,AH0,230,30.5517,Day,F,L,A,MYSE
151.909,8443,6/3/2015,5/30/2015,7:19:18,7,29.7,AH0,166,31.9095509,Day,F,L,A,MYSE
151.909,8443,6/3/2015,5/26/2015,7:19:19,7,32.1,AH0,255,35.5877213,Day,F,L,A,MYSE
151.909,8443,6/3/2015,5/29/2015,7:19:19,7,29,AH0,231,30.5517,Day,F,L,A,MYSE
151.909,8443,6/3/2015,5/26/2015,7:19:20,7,32.1,AH0,255,35.5877213,Day,F,L,A,MYSE
151.909,8443,6/3/2015,5/30/2015,7:19:20,7,29.7,AH0,164,31.9095509,Day,F,L,A,MYSE
151.909,8443,6/3/2015,5/29/2015,7:19:21,7,29,AH0,229,30.5517,Day,F,L,A,MYSE
151.909,8443,6/3/2015,5/26/2015,7:19:22,7,32.1,AH0,255,35.5877213,Day,F,L,A,MYSE
151.909,8443,6/3/2015,5/30/2015,7:19:22,7,29.7,AH0,167,31.9095509,Day,F,L,A,MYSE
151.909,8443,6/3/2015,5/29/2015,7:19:23,7,29,AH0,230,30.5517,Day,F,L,A,MYSE
151.909,8443,6/3/2015,5/26/2015,7:19:35,7,32.2,AH0,255,35.7107784,Day,F,L,A,MYSE
151.909,8443,6/3/2015,5/26/2015,7:19:37,7,32.2,AH0,255,35.7107784,Day,F,L,A,MYSE
151.909,8443,6/3/2015,5/30/2015,7:19:37,7,29.7,AH0,165,31.9095509,Day,F,L,A,MYSE
151.909,8443,6/3/2015,5/29/2015,7:19:38,7,29,AH0,230,30.5517,Day,F,L,A,MYSE
151.909,8443,6/3/2015,5/26/2015,7:19:39,7,32.2,AH0,255,35.7107784,Day,F,L,A,MYSE
151.909,8443,6/3/2015,5/30/2015,7:19:39,7,29.7,AH0,164,31.9095509,Day,F,L,A,MYSE
151.909,8443,6/3/2015,5/29/2015,7:19:40,7,29,AH0,228,30.5517,Day,F,L,A,MYSE
151.909,8443,6/3/2015,5/26/2015,7:19:41,7,32.2,AH0,255,35.7107784,Day,F,L,A,MYSE
151.909,8443,6/3/2015,5/30/2015,7:19:41,7,29.7,AH0,166,31.9095509,Day,F,L,A,MYSE
151.909,8443,6/3/2015,5/29/2015,7:19:42,7,29,AH0,228,30.5517,Day,F,L,A,MYSE
151.909,8443,6/3/2015,5/29/2015,7:19:44,7,29,AH0,230,30.5517,Day,F,L,A,MYSE
151.909,8443,6/3/2015,5/30/2015,7:19:55,7,29.7,AH0,167,31.9095509,Day,F,L,A,MYSE
151.909,8443,6/3/2015,5/26/2015,7:19:56,7,32.2,AH0,255,35.7107784,Day,F,L,A,MYSE
151.909,8443,6/3/2015,5/28/2015,7:19:57,7,29.5,AH0,17,31.5355875,Day,F,L,A,MYSE
151.909,8443,6/3/2015,5/30/2015,7:19:57,7,29.7,AH0,162,31.9095509,Day,F,L,A,MYSE
151.909,8443,6/3/2015,5/26/2015,7:19:58,7,32.1,AH0,255,35.5877213,Day,F,L,A,MYSE
151.909,8443,6/3/2015,5/29/2015,7:19:58,7,29,AH0,225,30.5517,Day,F,L,A,MYSE
151.909,8443,6/3/2015,5/30/2015,7:19:59,7,29.7,AH0,170,31.9095509,Day,F,L,A,MYSE
151.909,8443,6/3/2015,5/26/2015,7:20:00,7,32.2,AH0,255,35.7107784,Day,F,L,A,MYSE
151.909,8443,6/3/2015,5/29/2015,7:20:00,7,29,AH0,230,30.5517,Day,F,L,A,MYSE
151.909,8443,6/3/2015,5/26/2015,7:20:01,7,32.2,AH0,255,35.7107784,Day,F,L,A,MYSE
151.909,8443,6/3/2015,5/30/2015,7:20:01,7,29.7,AH0,163,31.9095509,Day,F,L,A,MYSE
151.909,8443,6/3/2015,5/29/2015,7:20:02,7,29,AH0,229,30.5517,Day,F,L,A,MYSE
151.909,8443,6/3/2015,5/26/2015,7:20:15,7,32.1,AH0,255,35.5877213,Day,F,L,A,MYSE
151.909,8443,6/3/2015,5/28/2015,7:20:15,7,14.7,AH0,39,-37.6805641,Day,F,L,A,MYSE
151.909,8443,6/3/2015,5/30/2015,7:20:15,7,29.7,AH0,169,31.9095509,Day,F,L,A,MYSE
151.909,8443,6/3/2015,5/26/2015,7:20:16,7,32.1,AH0,255,35.5877213,Day,F,L,A,MYSE
151.909,8443,6/3/2015,5/28/2015,7:20:17,7,29.6,AH0,37,31.7239488,Day,F,L,A,MYSE
151.909,8443,6/3/2015,5/29/2015,7:20:17,7,29,AH0,229,30.5517,Day,F,L,A,MYSE
151.909,8443,6/3/2015,5/30/2015,7:20:17,7,29.7,AH0,165,31.9095509,Day,F,L,A,MYSE
151.909,8443,6/3/2015,5/26/2015,7:20:18,7,32.1,AH0,255,35.5877213,Day,F,L,A,MYSE
151.909,8443,6/3/2015,5/29/2015,7:20:19,7,29,AH0,230,30.5517,Day,F,L,A,MYSE
151.909,8443,6/3/2015,5/30/2015,7:20:19,7,29.7,AH0,168,31.9095509,Day,F,L,A,MYSE
151.909,8443,6/3/2015,5/26/2015,7:20:20,7,32.1,AH0,255,35.5877213,Day,F,L,A,MYSE
151.909,8443,6/3/2015,5/29/2015,7:20:21,7,29,AH0,230,30.5517,Day,F,L,A,MYSE
151.909,8443,6/3/2015,5/30/2015,7:20:21,7,29.7,AH0,163,31.9095509,Day,F,L,A,MYSE
151.909,8443,6/3/2015,5/26/2015,7:20:22,7,32.1,AH0,255,35.5877213,Day,F,L,A,MYSE
151.909,8443,6/3/2015,5/29/2015,7:20:23,7,29,AH0,229,30.5517,Day,F,L,A,MYSE
151.909,8443,6/3/2015,5/28/2015,7:20:31,7,29.7,AH0,50,31.9095509,Day,F,L,A,MYSE
151.909,8443,6/3/2015,5/28/2015,7:20:33,7,29.6,AH0,47,31.7239488,Day,F,L,A,MYSE
151.909,8443,6/3/2015,5/26/2015,7:20:35,7,32.1,AH0,255,35.5877213,Day,F,L,A,MYSE
151.909,8443,6/3/2015,5/28/2015,7:20:35,7,29.6,AH0,43,31.7239488,Day,F,L,A,MYSE
151.909,8443,6/3/2015,5/30/2015,7:20:35,7,29.7,AH0,167,31.9095509,Day,F,L,A,MYSE
151.909,8443,6/3/2015,5/26/2015,7:20:37,7,32.1,AH0,255,35.5877213,Day,F,L,A,MYSE
151.909,8443,6/3/2015,5/28/2015,7:20:37,7,29.7,AH0,49,31.9095509,Day,F,L,A,MYSE
151.909,8443,6/3/2015,5/29/2015,7:20:37,7,29,AH0,230,30.5517,Day,F,L,A,MYSE
151.909,8443,6/3/2015,5/30/2015,7:20:37,7,29.7,AH0,164,31.9095509,Day,F,L,A,MYSE
151.909,8443,6/3/2015,5/26/2015,7:20:39,7,32.1,AH0,255,35.5877213,Day,F,L,A,MYSE
151.909,8443,6/3/2015,5/30/2015,7:20:39,7,29.7,AH0,169,31.9095509,Day,F,L,A,MYSE
151.909,8443,6/3/2015,5/29/2015,7:20:40,7,29,AH0,230,30.5517,Day,F,L,A,MYSE
151.909,8443,6/3/2015,5/26/2015,7:20:41,7,32.1,AH0,255,35.5877213,Day,F,L,A,MYSE
151.909,8443,6/3/2015,5/30/2015,7:20:41,7,29.7,AH0,166,31.9095509,Day,F,L,A,MYSE
151.909,8443,6/3/2015,5/29/2015,7:20:42,7,29,AH0,229,30.5517,Day,F,L,A,MYSE
151.909,8443,6/3/2015,5/29/2015,7:20:44,7,29,AH0,226,30.5517,Day,F,L,A,MYSE
151.909,8443,6/3/2015,5/30/2015,7:20:55,7,29.7,AH0,167,31.9095509,Day,F,L,A,MYSE
151.909,8443,6/3/2015,5/26/2015,7:20:56,7,32.1,AH0,255,35.5877213,Day,F,L,A,MYSE
151.909,8443,6/3/2015,5/30/2015,7:20:57,7,29.7,AH0,168,31.9095509,Day,F,L,A,MYSE
151.909,8443,6/3/2015,5/26/2015,7:20:58,7,32.1,AH0,255,35.5877213,Day,F,L,A,MYSE
151.909,8443,6/3/2015,5/29/2015,7:20:58,7,29,AH0,230,30.5517,Day,F,L,A,MYSE
151.909,8443,6/3/2015,5/26/2015,7:20:59,7,32.1,AH0,255,35.5877213,Day,F,L,A,MYSE
151.909,8443,6/3/2015,5/30/2015,7:20:59,7,29.7,AH0,163,31.9095509,Day,F,L,A,MYSE
151.909,8443,6/3/2015,5/29/2015,7:21:00,7,29,AH0,231,30.5517,Day,F,L,A,MYSE
151.909,8443,6/3/2015,5/26/2015,7:21:01,7,32.1,AH0,255,35.5877213,Day,F,L,A,MYSE
151.909,8443,6/3/2015,5/30/2015,7:21:01,7,29.7,AH0,166,31.9095509,Day,F,L,A,MYSE
151.909,8443,6/3/2015,5/29/2015,7:21:02,7,29,AH0,227,30.5517,Day,F,L,A,MYSE
151.909,8443,6/3/2015,5/26/2015,7:21:14,7,32.1,AH0,255,35.5877213,Day,F,L,A,MYSE
151.909,8443,6/3/2015,5/30/2015,7:21:15,7,29.7,AH0,167,31.9095509,Day,F,L,A,MYSE
151.909,8443,6/3/2015,5/26/2015,7:21:16,7,32.1,AH0,255,35.5877213,Day,F,L,A,MYSE
151.909,8443,6/3/2015,5/29/2015,7:21:17,7,29.1,AH0,230,30.7541543,Day,F,L,A,MYSE
151.909,8443,6/3/2015,5/26/2015,7:21:18,7,32.1,AH0,255,35.5877213,Day,F,L,A,MYSE
151.909,8443,6/3/2015,5/30/2015,7:21:18,7,29.7,AH0,169,31.9095509,Day,F,L,A,MYSE
151.909,8443,6/3/2015,5/29/2015,7:21:19,7,29.1,AH0,230,30.7541543,Day,F,L,A,MYSE
151.909,8443,6/3/2015,5/26/2015,7:21:20,7,32.1,AH0,255,35.5877213,Day,F,L,A,MYSE
151.909,8443,6/3/2015,5/30/2015,7:21:20,7,29.7,AH0,167,31.9095509,Day,F,L,A,MYSE
151.909,8443,6/3/2015,5/29/2015,7:21:21,7,29.1,AH0,232,30.7541543,Day,F,L,A,MYSE
151.909,8443,6/3/2015,5/26/2015,7:21:22,7,32.1,AH0,255,35.5877213,Day,F,L,A,MYSE
151.909,8443,6/3/2015,5/30/2015,7:21:22,7,29.7,AH0,164,31.9095509,Day,F,L,A,MYSE
151.909,8443,6/3/2015,5/29/2015,7:21:23,7,29.1,AH0,229,30.7541543,Day,F,L,A,MYSE
151.909,8443,6/3/2015,5/28/2015,7:21:30,7,29.5,AH0,37,31.5355875,Day,F,L,A,MYSE
151.909,8443,6/3/2015,5/28/2015,7:21:32,7,29.5,AH0,41,31.5355875,Day,F,L,A,MYSE
151.909,8443,6/3/2015,5/26/2015,7:21:35,7,32.1,AH0,255,35.5877213,Day,F,L,A,MYSE
151.909,8443,6/3/2015,5/28/2015,7:21:36,7,14.8,AH0,34,-36.8655264,Day,F,L,A,MYSE
151.909,8443,6/3/2015,5/30/2015,7:21:36,7,29.7,AH0,167,31.9095509,Day,F,L,A,MYSE
151.909,8443,6/3/2015,5/26/2015,7:21:37,7,32.1,AH0,255,35.5877213,Day,F,L,A,MYSE
151.909,8443,6/3/2015,5/29/2015,7:21:37,7,29.1,AH0,229,30.7541543,Day,F,L,A,MYSE
151.909,8443,6/3/2015,5/30/2015,7:21:38,7,29.7,AH0,166,31.9095509,Day,F,L,A,MYSE
151.909,8443,6/3/2015,5/26/2015,7:21:39,7,32.1,AH0,255,35.5877213,Day,F,L,A,MYSE
151.909,8443,6/3/2015,5/29/2015,7:21:39,7,29.1,AH0,226,30.7541543,Day,F,L,A,MYSE
151.909,8443,6/3/2015,5/30/2015,7:21:40,7,29.7,AH0,164,31.9095509,Day,F,L,A,MYSE
151.909,8443,6/3/2015,5/26/2015,7:21:41,7,32.1,AH0,255,35.5877213,Day,F,L,A,MYSE
151.909,8443,6/3/2015,5/29/2015,7:21:41,7,29.1,AH0,231,30.7541543,Day,F,L,A,MYSE
151.909,8443,6/3/2015,5/30/2015,7:21:42,7,29.7,AH0,168,31.9095509,Day,F,L,A,MYSE
151.909,8443,6/3/2015,5/29/2015,7:21:44,7,29.1,AH0,232,30.7541543,Day,F,L,A,MYSE
151.909,8443,6/3/2015,5/28/2015,7:21:50,7,29.6,AH0,45,31.7239488,Day,F,L,A,MYSE
151.909,8443,6/3/2015,5/28/2015,7:21:52,7,29.7,AH0,43,31.9095509,Day,F,L,A,MYSE
151.909,8443,6/3/2015,5/28/2015,7:21:55,7,29.6,AH0,46,31.7239488,Day,F,L,A,MYSE
151.909,8443,6/3/2015,5/26/2015,7:21:56,7,32,AH0,255,35.4624,Day,F,L,A,MYSE
151.909,8443,6/3/2015,5/30/2015,7:21:56,7,29.7,AH0,169,31.9095509,Day,F,L,A,MYSE
151.909,8443,6/3/2015,5/26/2015,7:21:57,7,32,AH0,255,35.4624,Day,F,L,A,MYSE
151.909,8443,6/3/2015,5/28/2015,7:21:57,7,29.7,AH0,42,31.9095509,Day,F,L,A,MYSE
151.909,8443,6/3/2015,5/29/2015,7:21:58,7,29.1,AH0,231,30.7541543,Day,F,L,A,MYSE
151.909,8443,6/3/2015,5/30/2015,7:21:58,7,29.7,AH0,166,31.9095509,Day,F,L,A,MYSE
151.909,8443,6/3/2015,5/26/2015,7:21:59,7,32,AH0,255,35.4624,Day,F,L,A,MYSE
151.909,8443,6/3/2015,5/29/2015,7:22:00,7,29.1,AH0,231,30.7541543,Day,F,L,A,MYSE
151.909,8443,6/3/2015,5/30/2015,7:22:00,7,29.7,AH0,166,31.9095509,Day,F,L,A,MYSE
151.909,8443,6/3/2015,5/26/2015,7:22:01,7,32,AH0,255,35.4624,Day,F,L,A,MYSE
151.909,8443,6/3/2015,5/29/2015,7:22:02,7,29.1,AH0,229,30.7541543,Day,F,L,A,MYSE
151.909,8443,6/3/2015,5/30/2015,7:22:02,7,29.7,AH0,169,31.9095509,Day,F,L,A,MYSE
151.909,8443,6/3/2015,5/26/2015,7:22:14,7,32,AH0,255,35.4624,Day,F,L,A,MYSE
151.909,8443,6/3/2015,5/26/2015,7:22:16,7,32,AH0,255,35.4624,Day,F,L,A,MYSE
151.909,8443,6/3/2015,5/30/2015,7:22:16,7,29.7,AH0,168,31.9095509,Day,F,L,A,MYSE
151.909,8443,6/3/2015,5/29/2015,7:22:17,7,29.1,AH0,231,30.7541543,Day,F,L,A,MYSE
151.909,8443,6/3/2015,5/26/2015,7:22:18,7,32,AH0,255,35.4624,Day,F,L,A,MYSE
151.909,8443,6/3/2015,5/30/2015,7:22:18,7,29.7,AH0,168,31.9095509,Day,F,L,A,MYSE
151.909,8443,6/3/2015,5/29/2015,7:22:19,7,29.1,AH0,227,30.7541543,Day,F,L,A,MYSE
151.909,8443,6/3/2015,5/26/2015,7:22:20,7,32,AH0,255,35.4624,Day,F,L,A,MYSE
151.909,8443,6/3/2015,5/30/2015,7:22:20,7,29.7,AH0,165,31.9095509,Day,F,L,A,MYSE
151.909,8443,6/3/2015,5/29/2015,7:22:21,7,29.1,AH0,230,30.7541543,Day,F,L,A,MYSE
151.909,8443,6/3/2015,5/26/2015,7:22:22,7,32,AH0,255,35.4624,Day,F,L,A,MYSE
151.909,8443,6/3/2015,5/30/2015,7:22:22,7,29.7,AH0,169,31.9095509,Day,F,L,A,MYSE
151.909,8443,6/3/2015,5/29/2015,7:22:23,7,29.1,AH0,230,30.7541543,Day,F,L,A,MYSE
151.909,8443,6/3/2015,5/28/2015,7:22:31,7,29.5,AH0,39,31.5355875,Day,F,L,A,MYSE
151.909,8443,6/3/2015,5/28/2015,7:22:33,7,29.7,AH0,39,31.9095509,Day,F,L,A,MYSE
151.909,8443,6/3/2015,5/26/2015,7:22:35,7,32,AH0,255,35.4624,Day,F,L,A,MYSE
151.909,8443,6/3/2015,5/28/2015,7:22:35,7,29.6,AH0,49,31.7239488,Day,F,L,A,MYSE
151.909,8443,6/3/2015,5/30/2015,7:22:36,7,29.7,AH0,164,31.9095509,Day,F,L,A,MYSE
151.909,8443,6/3/2015,5/26/2015,7:22:37,7,32,AH0,255,35.4624,Day,F,L,A,MYSE
151.909,8443,6/3/2015,5/28/2015,7:22:37,7,29.7,AH0,41,31.9095509,Day,F,L,A,MYSE
151.909,8443,6/3/2015,5/29/2015,7:22:37,7,29.1,AH0,230,30.7541543,Day,F,L,A,MYSE
151.909,8443,6/3/2015,5/30/2015,7:22:38,7,29.7,AH0,166,31.9095509,Day,F,L,A,MYSE
151.909,8443,6/3/2015,5/26/2015,7:22:39,7,32,AH0,255,35.4624,Day,F,L,A,MYSE
151.909,8443,6/3/2015,5/29/2015,7:22:39,7,29.1,AH0,229,30.7541543,Day,F,L,A,MYSE
151.909,8443,6/3/2015,5/30/2015,7:22:40,7,29.7,AH0,169,31.9095509,Day,F,L,A,MYSE
151.909,8443,6/3/2015,5/26/2015,7:22:41,7,32,AH0,255,35.4624,Day,F,L,A,MYSE
151.909,8443,6/3/2015,5/29/2015,7:22:41,7,29.1,AH0,231,30.7541543,Day,F,L,A,MYSE
151.909,8443,6/3/2015,5/30/2015,7:22:42,7,29.7,AH0,169,31.9095509,Day,F,L,A,MYSE
151.909,8443,6/3/2015,5/29/2015,7:22:43,7,29.1,AH0,233,30.7541543,Day,F,L,A,MYSE
151.909,8443,6/3/2015,5/28/2015,7:22:51,7,29.8,AH0,41,32.0924136,Day,F,L,A,MYSE
151.909,8443,6/3/2015,5/28/2015,7:22:53,7,29.7,AH0,46,31.9095509,Day,F,L,A,MYSE
151.909,8443,6/3/2015,5/28/2015,7:22:55,7,29.8,AH0,48,32.0924136,Day,F,L,A,MYSE
151.909,8443,6/3/2015,5/26/2015,7:22:56,7,32,AH0,255,35.4624,Day,F,L,A,MYSE
151.909,8443,6/3/2015,5/30/2015,7:22:56,7,29.7,AH0,167,31.9095509,Day,F,L,A,MYSE
151.909,8443,6/3/2015,5/26/2015,7:22:57,7,31.9,AH0,255,35.3347947,Day,F,L,A,MYSE
151.909,8443,6/3/2015,5/28/2015,7:22:57,7,29.6,AH0,43,31.7239488,Day,F,L,A,MYSE
151.909,8443,6/3/2015,5/29/2015,7:22:58,7,29.1,AH0,230,30.7541543,Day,F,L,A,MYSE
151.909,8443,6/3/2015,5/30/2015,7:22:58,7,29.7,AH0,165,31.9095509,Day,F,L,A,MYSE
151.909,8443,6/3/2015,5/26/2015,7:22:59,7,31.9,AH0,255,35.3347947,Day,F,L,A,MYSE
151.909,8443,6/3/2015,5/29/2015,7:23:00,7,29.1,AH0,228,30.7541543,Day,F,L,A,MYSE
151.909,8443,6/3/2015,5/30/2015,7:23:00,7,29.7,AH0,164,31.9095509,Day,F,L,A,MYSE
151.909,8443,6/3/2015,5/26/2015,7:23:01,7,31.9,AH0,255,35.3347947,Day,F,L,A,MYSE
151.909,8443,6/3/2015,5/29/2015,7:23:02,7,29.1,AH0,229,30.7541543,Day,F,L,A,MYSE
151.909,8443,6/3/2015,5/30/2015,7:23:03,7,29.8,AH0,166,32.0924136,Day,F,L,A,MYSE
151.909,8443,6/3/2015,5/29/2015,7:23:04,7,29.1,AH0,230,30.7541543,Day,F,L,A,MYSE
151.909,8443,6/3/2015,5/26/2015,7:23:14,7,31.9,AH0,255,35.3347947,Day,F,L,A,MYSE
151.909,8443,6/3/2015,5/30/2015,7:23:15,7,29.8,AH0,163,32.0924136,Day,F,L,A,MYSE
151.909,8443,6/3/2015,5/26/2015,7:23:16,7,31.9,AH0,255,35.3347947,Day,F,L,A,MYSE
151.909,8443,6/3/2015,5/29/2015,7:23:16,7,29.1,AH0,230,30.7541543,Day,F,L,A,MYSE
151.909,8443,6/3/2015,5/30/2015,7:23:17,7,29.8,AH0,168,32.0924136,Day,F,L,A,MYSE
151.909,8443,6/3/2015,5/26/2015,7:23:18,7,31.9,AH0,255,35.3347947,Day,F,L,A,MYSE
151.909,8443,6/3/2015,5/29/2015,7:23:18,7,29.1,AH0,231,30.7541543,Day,F,L,A,MYSE
151.909,8443,6/3/2015,5/30/2015,7:23:19,7,29.8,AH0,165,32.0924136,Day,F,L,A,MYSE
151.909,8443,6/3/2015,5/26/2015,7:23:20,7,31.9,AH0,255,35.3347947,Day,F,L,A,MYSE
151.909,8443,6/3/2015,5/29/2015,7:23:20,7,29.1,AH0,229,30.7541543,Day,F,L,A,MYSE
151.909,8443,6/3/2015,5/30/2015,7:23:21,7,29.8,AH0,166,32.0924136,Day,F,L,A,MYSE
151.909,8443,6/3/2015,5/26/2015,7:23:22,7,32,AH0,255,35.4624,Day,F,L,A,MYSE
151.909,8443,6/3/2015,5/29/2015,7:23:22,7,29.1,AH0,228,30.7541543,Day,F,L,A,MYSE
151.909,8443,6/3/2015,5/26/2015,7:23:35,7,31.9,AH0,255,35.3347947,Day,F,L,A,MYSE
151.909,8443,6/3/2015,5/30/2015,7:23:35,7,29.8,AH0,166,32.0924136,Day,F,L,A,MYSE
151.909,8443,6/3/2015,5/26/2015,7:23:37,7,32,AH0,255,35.4624,Day,F,L,A,MYSE
151.909,8443,6/3/2015,5/29/2015,7:23:37,7,29.2,AH0,231,30.9537504,Day,F,L,A,MYSE
151.909,8443,6/3/2015,5/30/2015,7:23:37,7,29.8,AH0,166,32.0924136,Day,F,L,A,MYSE
151.909,8443,6/3/2015,5/26/2015,7:23:39,7,32,AH0,255,35.4624,Day,F,L,A,MYSE
151.909,8443,6/3/2015,5/29/2015,7:23:39,7,29.1,AH0,231,30.7541543,Day,F,L,A,MYSE
151.909,8443,6/3/2015,5/30/2015,7:23:39,7,29.8,AH0,165,32.0924136,Day,F,L,A,MYSE
151.909,8443,6/3/2015,5/26/2015,7:23:41,7,32,AH0,255,35.4624,Day,F,L,A,MYSE
151.909,8443,6/3/2015,5/29/2015,7:23:41,7,29.1,AH0,232,30.7541543,Day,F,L,A,MYSE
151.909,8443,6/3/2015,5/30/2015,7:23:41,7,29.8,AH0,166,32.0924136,Day,F,L,A,MYSE
151.909,8443,6/3/2015,5/29/2015,7:23:43,7,29.2,AH0,230,30.9537504,Day,F,L,A,MYSE
151.909,8443,6/3/2015,5/30/2015,7:23:55,7,29.8,AH0,170,32.0924136,Day,F,L,A,MYSE
151.909,8443,6/3/2015,5/26/2015,7:23:56,7,31.9,AH0,255,35.3347947,Day,F,L,A,MYSE
151.909,8443,6/3/2015,5/29/2015,7:23:57,7,29.2,AH0,229,30.9537504,Day,F,L,A,MYSE
151.909,8443,6/3/2015,5/30/2015,7:23:57,7,29.8,AH0,168,32.0924136,Day,F,L,A,MYSE
151.909,8443,6/3/2015,5/26/2015,7:23:58,7,32,AH0,255,35.4624,Day,F,L,A,MYSE
151.909,8443,6/3/2015,5/26/2015,7:23:59,7,31.9,AH0,255,35.3347947,Day,F,L,A,MYSE
151.909,8443,6/3/2015,5/30/2015,7:23:59,7,29.8,AH0,167,32.0924136,Day,F,L,A,MYSE
151.909,8443,6/3/2015,5/29/2015,7:24:00,7,29.2,AH0,226,30.9537504,Day,F,L,A,MYSE
151.909,8443,6/3/2015,5/26/2015,7:24:01,7,32,AH0,255,35.4624,Day,F,L,A,MYSE
151.909,8443,6/3/2015,5/30/2015,7:24:01,7,29.8,AH0,165,32.0924136,Day,F,L,A,MYSE
151.909,8443,6/3/2015,5/29/2015,7:24:02,7,29.1,AH0,228,30.7541543,Day,F,L,A,MYSE
151.909,8443,6/3/2015,5/29/2015,7:24:04,7,29.2,AH0,231,30.9537504,Day,F,L,A,MYSE
151.909,8443,6/3/2015,5/26/2015,7:24:14,7,31.9,AH0,255,35.3347947,Day,F,L,A,MYSE
151.909,8443,6/3/2015,5/30/2015,7:24:15,7,29.8,AH0,168,32.0924136,Day,F,L,A,MYSE
151.909,8443,6/3/2015,5/26/2015,7:24:16,7,31.9,AH0,255,35.3347947,Day,F,L,A,MYSE
151.909,8443,6/3/2015,5/30/2015,7:24:17,7,29.8,AH0,167,32.0924136,Day,F,L,A,MYSE
151.909,8443,6/3/2015,5/26/2015,7:24:18,7,31.9,AH0,255,35.3347947,Day,F,L,A,MYSE
151.909,8443,6/3/2015,5/29/2015,7:24:18,7,29.1,AH0,232,30.7541543,Day,F,L,A,MYSE
151.909,8443,6/3/2015,5/30/2015,7:24:19,7,29.8,AH0,167,32.0924136,Day,F,L,A,MYSE
151.909,8443,6/3/2015,5/26/2015,7:24:20,7,31.9,AH0,255,35.3347947,Day,F,L,A,MYSE
151.909,8443,6/3/2015,5/29/2015,7:24:20,7,29.2,AH0,229,30.9537504,Day,F,L,A,MYSE
151.909,8443,6/3/2015,5/30/2015,7:24:21,7,29.8,AH0,166,32.0924136,Day,F,L,A,MYSE
151.909,8443,6/3/2015,5/26/2015,7:24:22,7,31.9,AH0,255,35.3347947,Day,F,L,A,MYSE
151.909,8443,6/3/2015,5/29/2015,7:24:22,7,29.2,AH0,232,30.9537504,Day,F,L,A,MYSE
151.909,8443,6/3/2015,5/26/2015,7:24:35,7,31.9,AH0,255,35.3347947,Day,F,L,A,MYSE
151.909,8443,6/3/2015,5/30/2015,7:24:35,7,29.8,AH0,166,32.0924136,Day,F,L,A,MYSE
151.909,8443,6/3/2015,5/26/2015,7:24:37,7,31.9,AH0,255,35.3347947,Day,F,L,A,MYSE
151.909,8443,6/3/2015,5/29/2015,7:24:37,7,29.2,AH0,229,30.9537504,Day,F,L,A,MYSE
151.909,8443,6/3/2015,5/30/2015,7:24:37,7,29.8,AH0,168,32.0924136,Day,F,L,A,MYSE
151.909,8443,6/3/2015,5/26/2015,7:24:39,7,31.9,AH0,255,35.3347947,Day,F,L,A,MYSE
151.909,8443,6/3/2015,5/29/2015,7:24:39,7,29.2,AH0,230,30.9537504,Day,F,L,A,MYSE
151.909,8443,6/3/2015,5/30/2015,7:24:39,7,29.8,AH0,166,32.0924136,Day,F,L,A,MYSE
151.909,8443,6/3/2015,5/26/2015,7:24:41,7,31.9,AH0,255,35.3347947,Day,F,L,A,MYSE
151.909,8443,6/3/2015,5/29/2015,7:24:41,7,29.2,AH0,228,30.9537504,Day,F,L,A,MYSE
151.909,8443,6/3/2015,5/30/2015,7:24:41,7,29.8,AH0,166,32.0924136,Day,F,L,A,MYSE
151.909,8443,6/3/2015,5/29/2015,7:24:43,7,29.2,AH0,228,30.9537504,Day,F,L,A,MYSE
151.909,8443,6/3/2015,5/30/2015,7:24:55,7,29.8,AH0,164,32.0924136,Day,F,L,A,MYSE
151.909,8443,6/3/2015,5/26/2015,7:24:56,7,31.9,AH0,255,35.3347947,Day,F,L,A,MYSE
151.909,8443,6/3/2015,5/29/2015,7:24:57,7,29.2,AH0,232,30.9537504,Day,F,L,A,MYSE
151.909,8443,6/3/2015,5/30/2015,7:24:57,7,29.8,AH0,168,32.0924136,Day,F,L,A,MYSE
151.909,8443,6/3/2015,5/26/2015,7:24:58,7,31.9,AH0,255,35.3347947,Day,F,L,A,MYSE
151.909,8443,6/3/2015,5/29/2015,7:24:59,7,29.2,AH0,230,30.9537504,Day,F,L,A,MYSE
151.909,8443,6/3/2015,5/30/2015,7:24:59,7,29.8,AH0,166,32.0924136,Day,F,L,A,MYSE
151.909,8443,6/3/2015,5/26/2015,7:25:00,7,31.9,AH0,255,35.3347947,Day,F,L,A,MYSE
151.909,8443,6/3/2015,5/26/2015,7:25:01,7,31.9,AH0,255,35.3347947,Day,F,L,A,MYSE
151.909,8443,6/3/2015,5/29/2015,7:25:01,7,29.2,AH0,229,30.9537504,Day,F,L,A,MYSE
151.909,8443,6/3/2015,5/30/2015,7:25:01,7,29.8,AH0,167,32.0924136,Day,F,L,A,MYSE
151.909,8443,6/3/2015,5/29/2015,7:25:03,7,29.2,AH0,232,30.9537504,Day,F,L,A,MYSE
151.909,8443,6/3/2015,5/26/2015,7:25:15,7,31.9,AH0,255,35.3347947,Day,F,L,A,MYSE
151.909,8443,6/3/2015,5/30/2015,7:25:15,7,29.8,AH0,167,32.0924136,Day,F,L,A,MYSE
151.909,8443,6/3/2015,5/26/2015,7:25:16,7,31.9,AH0,255,35.3347947,Day,F,L,A,MYSE
151.909,8443,6/3/2015,5/30/2015,7:25:17,7,29.8,AH0,168,32.0924136,Day,F,L,A,MYSE
151.909,8443,6/3/2015,5/26/2015,7:25:18,7,31.9,AH0,255,35.3347947,Day,F,L,A,MYSE
151.909,8443,6/3/2015,5/29/2015,7:25:18,7,29.2,AH0,229,30.9537504,Day,F,L,A,MYSE
151.909,8443,6/3/2015,5/30/2015,7:25:19,7,29.8,AH0,167,32.0924136,Day,F,L,A,MYSE
151.909,8443,6/3/2015,5/26/2015,7:25:20,7,31.9,AH0,255,35.3347947,Day,F,L,A,MYSE
151.909,8443,6/3/2015,5/29/2015,7:25:20,7,29.2,AH0,231,30.9537504,Day,F,L,A,MYSE
151.909,8443,6/3/2015,5/30/2015,7:25:21,7,29.8,AH0,164,32.0924136,Day,F,L,A,MYSE
151.909,8443,6/3/2015,5/26/2015,7:25:22,7,31.9,AH0,255,35.3347947,Day,F,L,A,MYSE
151.909,8443,6/3/2015,5/29/2015,7:25:22,7,29.2,AH0,230,30.9537504,Day,F,L,A,MYSE
151.909,8443,6/3/2015,5/29/2015,7:25:24,7,29.2,AH0,231,30.9537504,Day,F,L,A,MYSE
151.909,8443,6/3/2015,5/28/2015,7:25:33,7,29.9,AH0,35,32.2725567,Day,F,L,A,MYSE
151.909,8443,6/3/2015,5/26/2015,7:25:35,7,31.9,AH0,255,35.3347947,Day,F,L,A,MYSE
151.909,8443,6/3/2015,5/28/2015,7:25:35,7,30.1,AH0,49,32.6247633,Day,F,L,A,MYSE
151.909,8443,6/3/2015,5/29/2015,7:25:36,7,29.2,AH0,230,30.9537504,Day,F,L,A,MYSE
151.909,8443,6/3/2015,5/30/2015,7:25:36,7,29.9,AH0,165,32.2725567,Day,F,L,A,MYSE
151.909,8443,6/3/2015,5/26/2015,7:25:37,7,31.9,AH0,255,35.3347947,Day,F,L,A,MYSE
151.909,8443,6/3/2015,5/28/2015,7:25:37,7,30,AH0,46,32.45,Day,F,L,A,MYSE
151.909,8443,6/3/2015,5/29/2015,7:25:38,7,29.2,AH0,230,30.9537504,Day,F,L,A,MYSE
151.909,8443,6/3/2015,5/30/2015,7:25:38,7,29.9,AH0,165,32.2725567,Day,F,L,A,MYSE
151.909,8443,6/3/2015,5/26/2015,7:25:39,7,31.9,AH0,255,35.3347947,Day,F,L,A,MYSE
151.909,8443,6/3/2015,5/29/2015,7:25:40,7,29.2,AH0,230,30.9537504,Day,F,L,A,MYSE
151.909,8443,6/3/2015,5/30/2015,7:25:40,7,29.9,AH0,165,32.2725567,Day,F,L,A,MYSE
151.909,8443,6/3/2015,5/26/2015,7:25:41,7,31.9,AH0,255,35.3347947,Day,F,L,A,MYSE
151.909,8443,6/3/2015,5/29/2015,7:25:42,7,29.2,AH0,231,30.9537504,Day,F,L,A,MYSE
151.909,8443,6/3/2015,5/30/2015,7:25:42,7,29.9,AH0,170,32.2725567,Day,F,L,A,MYSE
151.909,8443,6/3/2015,5/26/2015,7:25:54,7,31.8,AH0,255,35.2048856,Day,F,L,A,MYSE
151.909,8443,6/3/2015,5/26/2015,7:25:56,7,31.8,AH0,255,35.2048856,Day,F,L,A,MYSE
151.909,8443,6/3/2015,5/29/2015,7:25:57,7,29.5,AH0,229,31.5355875,Day,F,L,A,MYSE
151.909,8443,6/3/2015,5/30/2015,7:25:57,7,29.9,AH0,169,32.2725567,Day,F,L,A,MYSE
151.909,8443,6/3/2015,5/26/2015,7:25:58,7,31.9,AH0,255,35.3347947,Day,F,L,A,MYSE
151.909,8443,6/3/2015,5/29/2015,7:25:59,7,29.6,AH0,229,31.7239488,Day,F,L,A,MYSE
151.909,8443,6/3/2015,5/30/2015,7:25:59,7,29.9,AH0,166,32.2725567,Day,F,L,A,MYSE
151.909,8443,6/3/2015,5/26/2015,7:26:00,7,31.9,AH0,255,35.3347947,Day,F,L,A,MYSE
151.909,8443,6/3/2015,5/29/2015,7:26:01,7,29.6,AH0,231,31.7239488,Day,F,L,A,MYSE
151.909,8443,6/3/2015,5/30/2015,7:26:01,7,29.9,AH0,166,32.2725567,Day,F,L,A,MYSE
151.909,8443,6/3/2015,5/26/2015,7:26:02,7,31.8,AH0,255,35.2048856,Day,F,L,A,MYSE
151.909,8443,6/3/2015,5/29/2015,7:26:03,7,29.6,AH0,227,31.7239488,Day,F,L,A,MYSE
151.909,8443,6/3/2015,5/30/2015,7:26:03,7,29.9,AH0,167,32.2725567,Day,F,L,A,MYSE
151.909,8443,6/3/2015,5/26/2015,7:26:15,7,31.8,AH0,255,35.2048856,Day,F,L,A,MYSE
151.909,8443,6/3/2015,5/26/2015,7:26:17,7,31.8,AH0,255,35.2048856,Day,F,L,A,MYSE
151.909,8443,6/3/2015,5/29/2015,7:26:17,7,29.7,AH0,227,31.9095509,Day,F,L,A,MYSE
151.909,8443,6/3/2015,5/30/2015,7:26:17,7,29.9,AH0,161,32.2725567,Day,F,L,A,MYSE
151.909,8443,6/3/2015,5/26/2015,7:26:19,7,31.8,AH0,255,35.2048856,Day,F,L,A,MYSE
151.909,8443,6/3/2015,5/29/2015,7:26:19,7,29.8,AH0,230,32.0924136,Day,F,L,A,MYSE
151.909,8443,6/3/2015,5/30/2015,7:26:19,7,29.9,AH0,166,32.2725567,Day,F,L,A,MYSE
151.909,8443,6/3/2015,5/26/2015,7:26:21,7,31.8,AH0,255,35.2048856,Day,F,L,A,MYSE
151.909,8443,6/3/2015,5/29/2015,7:26:21,7,29.8,AH0,228,32.0924136,Day,F,L,A,MYSE
151.909,8443,6/3/2015,5/30/2015,7:26:21,7,29.9,AH0,167,32.2725567,Day,F,L,A,MYSE
151.909,8443,6/3/2015,5/29/2015,7:26:23,7,29.8,AH0,228,32.0924136,Day,F,L,A,MYSE
151.909,8443,6/3/2015,5/30/2015,7:26:23,7,29.9,AH0,166,32.2725567,Day,F,L,A,MYSE
151.909,8443,6/3/2015,5/26/2015,7:26:36,7,31.8,AH0,255,35.2048856,Day,F,L,A,MYSE
151.909,8443,6/3/2015,5/26/2015,7:26:37,7,31.8,AH0,255,35.2048856,Day,F,L,A,MYSE
151.909,8443,6/3/2015,5/29/2015,7:26:37,7,29.9,AH0,228,32.2725567,Day,F,L,A,MYSE
151.909,8443,6/3/2015,5/30/2015,7:26:37,7,29.9,AH0,168,32.2725567,Day,F,L,A,MYSE
151.909,8443,6/3/2015,5/26/2015,7:26:39,7,31.8,AH0,255,35.2048856,Day,F,L,A,MYSE
151.909,8443,6/3/2015,5/29/2015,7:26:39,7,29.9,AH0,228,32.2725567,Day,F,L,A,MYSE
151.909,8443,6/3/2015,5/30/2015,7:26:39,7,29.9,AH0,164,32.2725567,Day,F,L,A,MYSE
151.909,8443,6/3/2015,5/26/2015,7:26:41,7,31.8,AH0,255,35.2048856,Day,F,L,A,MYSE
151.909,8443,6/3/2015,5/29/2015,7:26:41,7,29.9,AH0,229,32.2725567,Day,F,L,A,MYSE
151.909,8443,6/3/2015,5/30/2015,7:26:41,7,29.9,AH0,164,32.2725567,Day,F,L,A,MYSE
151.909,8443,6/3/2015,5/29/2015,7:26:43,7,29.9,AH0,227,32.2725567,Day,F,L,A,MYSE
151.909,8443,6/3/2015,5/30/2015,7:26:43,7,29.9,AH0,169,32.2725567,Day,F,L,A,MYSE
151.909,8443,6/3/2015,5/26/2015,7:26:54,7,31.8,AH0,255,35.2048856,Day,F,L,A,MYSE
151.909,8443,6/3/2015,5/26/2015,7:26:56,7,31.8,AH0,255,35.2048856,Day,F,L,A,MYSE
151.909,8443,6/3/2015,5/29/2015,7:26:57,7,29.9,AH0,229,32.2725567,Day,F,L,A,MYSE
151.909,8443,6/3/2015,5/30/2015,7:26:57,7,29.9,AH0,166,32.2725567,Day,F,L,A,MYSE
151.909,8443,6/3/2015,5/26/2015,7:26:58,7,31.8,AH0,255,35.2048856,Day,F,L,A,MYSE
151.909,8443,6/3/2015,5/29/2015,7:26:59,7,29.9,AH0,228,32.2725567,Day,F,L,A,MYSE
151.909,8443,6/3/2015,5/30/2015,7:26:59,7,29.9,AH0,166,32.2725567,Day,F,L,A,MYSE
151.909,8443,6/3/2015,5/26/2015,7:27:00,7,31.8,AH0,255,35.2048856,Day,F,L,A,MYSE
151.909,8443,6/3/2015,5/29/2015,7:27:01,7,29.9,AH0,230,32.2725567,Day,F,L,A,MYSE
151.909,8443,6/3/2015,5/30/2015,7:27:01,7,29.9,AH0,165,32.2725567,Day,F,L,A,MYSE
151.909,8443,6/3/2015,5/26/2015,7:27:02,7,31.8,AH0,255,35.2048856,Day,F,L,A,MYSE
151.909,8443,6/3/2015,5/29/2015,7:27:03,7,29.9,AH0,230,32.2725567,Day,F,L,A,MYSE
151.909,8443,6/3/2015,5/30/2015,7:27:03,7,29.9,AH0,168,32.2725567,Day,F,L,A,MYSE
151.909,8443,6/3/2015,5/28/2015,7:27:11,7,30.1,AH0,46,32.6247633,Day,F,L,A,MYSE
151.909,8443,6/3/2015,5/28/2015,7:27:13,7,30.2,AH0,41,32.7968664,Day,F,L,A,MYSE
151.909,8443,6/3/2015,5/26/2015,7:27:15,7,31.8,AH0,255,35.2048856,Day,F,L,A,MYSE
151.909,8443,6/3/2015,5/28/2015,7:27:15,7,29.9,AH0,50,32.2725567,Day,F,L,A,MYSE
151.909,8443,6/3/2015,5/26/2015,7:27:17,7,31.8,AH0,255,35.2048856,Day,F,L,A,MYSE
151.909,8443,6/3/2015,5/28/2015,7:27:17,7,30.2,AH0,50,32.7968664,Day,F,L,A,MYSE
151.909,8443,6/3/2015,5/29/2015,7:27:17,7,30,AH0,229,32.45,Day,F,L,A,MYSE
151.909,8443,6/3/2015,5/30/2015,7:27:17,7,29.9,AH0,169,32.2725567,Day,F,L,A,MYSE
151.909,8443,6/3/2015,5/26/2015,7:27:19,7,31.8,AH0,255,35.2048856,Day,F,L,A,MYSE
151.909,8443,6/3/2015,5/29/2015,7:27:19,7,30,AH0,229,32.45,Day,F,L,A,MYSE
151.909,8443,6/3/2015,5/30/2015,7:27:19,7,29.9,AH0,167,32.2725567,Day,F,L,A,MYSE
151.909,8443,6/3/2015,5/26/2015,7:27:21,7,31.8,AH0,255,35.2048856,Day,F,L,A,MYSE
151.909,8443,6/3/2015,5/29/2015,7:27:21,7,30,AH0,228,32.45,Day,F,L,A,MYSE
151.909,8443,6/3/2015,5/30/2015,7:27:21,7,29.9,AH0,163,32.2725567,Day,F,L,A,MYSE
151.909,8443,6/3/2015,5/29/2015,7:27:23,7,30,AH0,228,32.45,Day,F,L,A,MYSE
151.909,8443,6/3/2015,5/30/2015,7:27:23,7,29.9,AH0,166,32.2725567,Day,F,L,A,MYSE
151.909,8443,6/3/2015,5/26/2015,7:27:34,7,31.8,AH0,255,35.2048856,Day,F,L,A,MYSE
151.909,8443,6/3/2015,5/26/2015,7:27:36,7,31.8,AH0,255,35.2048856,Day,F,L,A,MYSE
151.909,8443,6/3/2015,5/29/2015,7:27:37,7,30,AH0,228,32.45,Day,F,L,A,MYSE
151.909,8443,6/3/2015,5/30/2015,7:27:37,7,29.9,AH0,166,32.2725567,Day,F,L,A,MYSE
151.909,8443,6/3/2015,5/26/2015,7:27:38,7,31.8,AH0,255,35.2048856,Day,F,L,A,MYSE
151.909,8443,6/3/2015,5/29/2015,7:27:39,7,30,AH0,227,32.45,Day,F,L,A,MYSE
151.909,8443,6/3/2015,5/30/2015,7:27:39,7,29.9,AH0,170,32.2725567,Day,F,L,A,MYSE
151.909,8443,6/3/2015,5/26/2015,7:27:40,7,31.8,AH0,255,35.2048856,Day,F,L,A,MYSE
151.909,8443,6/3/2015,5/29/2015,7:27:41,7,30,AH0,230,32.45,Day,F,L,A,MYSE
151.909,8443,6/3/2015,5/30/2015,7:27:41,7,29.9,AH0,167,32.2725567,Day,F,L,A,MYSE
151.909,8443,6/3/2015,5/26/2015,7:27:42,7,31.8,AH0,255,35.2048856,Day,F,L,A,MYSE
151.909,8443,6/3/2015,5/29/2015,7:27:43,7,30,AH0,227,32.45,Day,F,L,A,MYSE
151.909,8443,6/3/2015,5/30/2015,7:27:43,7,29.9,AH0,168,32.2725567,Day,F,L,A,MYSE
151.909,8443,6/3/2015,5/28/2015,7:27:53,7,30.2,AH0,39,32.7968664,Day,F,L,A,MYSE
151.909,8443,6/3/2015,5/26/2015,7:27:55,7,31.8,AH0,255,35.2048856,Day,F,L,A,MYSE
151.909,8443,6/3/2015,5/26/2015,7:27:57,7,31.8,AH0,255,35.2048856,Day,F,L,A,MYSE
151.909,8443,6/3/2015,5/28/2015,7:27:57,7,15,AH0,47,-35.2525,Day,F,L,A,MYSE
151.909,8443,6/3/2015,5/29/2015,7:27:57,7,30,AH0,229,32.45,Day,F,L,A,MYSE
151.909,8443,6/3/2015,5/30/2015,7:27:57,7,29.9,AH0,167,32.2725567,Day,F,L,A,MYSE
151.909,8443,6/3/2015,5/26/2015,7:27:59,7,31.8,AH0,255,35.2048856,Day,F,L,A,MYSE
151.909,8443,6/3/2015,5/29/2015,7:27:59,7,30.1,AH0,229,32.6247633,Day,F,L,A,MYSE
151.909,8443,6/3/2015,5/30/2015,7:27:59,7,29.9,AH0,167,32.2725567,Day,F,L,A,MYSE
151.909,8443,6/3/2015,5/26/2015,7:28:01,7,31.8,AH0,255,35.2048856,Day,F,L,A,MYSE
151.909,8443,6/3/2015,5/29/2015,7:28:01,7,30.1,AH0,230,32.6247633,Day,F,L,A,MYSE
151.909,8443,6/3/2015,5/30/2015,7:28:01,7,29.9,AH0,167,32.2725567,Day,F,L,A,MYSE
151.909,8443,6/3/2015,5/29/2015,7:28:03,7,30.1,AH0,228,32.6247633,Day,F,L,A,MYSE
151.909,8443,6/3/2015,5/30/2015,7:28:03,7,29.9,AH0,166,32.2725567,Day,F,L,A,MYSE
151.909,8443,6/3/2015,5/26/2015,7:28:16,7,31.7,AH0,255,35.0726529,Day,F,L,A,MYSE
151.909,8443,6/3/2015,5/29/2015,7:28:17,7,30.1,AH0,226,32.6247633,Day,F,L,A,MYSE
151.909,8443,6/3/2015,5/30/2015,7:28:17,7,29.9,AH0,169,32.2725567,Day,F,L,A,MYSE
151.909,8443,6/3/2015,5/26/2015,7:28:18,7,31.7,AH0,255,35.0726529,Day,F,L,A,MYSE
151.909,8443,6/3/2015,5/26/2015,7:28:19,7,31.7,AH0,255,35.0726529,Day,F,L,A,MYSE
151.909,8443,6/3/2015,5/29/2015,7:28:19,7,30.1,AH0,228,32.6247633,Day,F,L,A,MYSE
151.909,8443,6/3/2015,5/30/2015,7:28:19,7,29.9,AH0,168,32.2725567,Day,F,L,A,MYSE
151.909,8443,6/3/2015,5/26/2015,7:28:21,7,31.7,AH0,255,35.0726529,Day,F,L,A,MYSE
151.909,8443,6/3/2015,5/29/2015,7:28:21,7,30.1,AH0,226,32.6247633,Day,F,L,A,MYSE
151.909,8443,6/3/2015,5/30/2015,7:28:21,7,29.9,AH0,170,32.2725567,Day,F,L,A,MYSE
151.909,8443,6/3/2015,5/29/2015,7:28:23,7,30.1,AH0,230,32.6247633,Day,F,L,A,MYSE
151.909,8443,6/3/2015,5/30/2015,7:28:23,7,29.9,AH0,168,32.2725567,Day,F,L,A,MYSE
151.909,8443,6/3/2015,5/26/2015,7:28:35,7,31.7,AH0,255,35.0726529,Day,F,L,A,MYSE
151.909,8443,6/3/2015,5/26/2015,7:28:36,7,31.7,AH0,255,35.0726529,Day,F,L,A,MYSE
151.909,8443,6/3/2015,5/29/2015,7:28:37,7,30.1,AH0,230,32.6247633,Day,F,L,A,MYSE
151.909,8443,6/3/2015,5/30/2015,7:28:37,7,29.9,AH0,170,32.2725567,Day,F,L,A,MYSE
151.909,8443,6/3/2015,5/26/2015,7:28:38,7,31.7,AH0,255,35.0726529,Day,F,L,A,MYSE
151.909,8443,6/3/2015,5/29/2015,7:28:39,7,30.1,AH0,230,32.6247633,Day,F,L,A,MYSE
151.909,8443,6/3/2015,5/30/2015,7:28:39,7,29.9,AH0,170,32.2725567,Day,F,L,A,MYSE
151.909,8443,6/3/2015,5/26/2015,7:28:40,7,31.7,AH0,255,35.0726529,Day,F,L,A,MYSE
151.909,8443,6/3/2015,5/29/2015,7:28:41,7,30.1,AH0,228,32.6247633,Day,F,L,A,MYSE
151.909,8443,6/3/2015,5/30/2015,7:28:41,7,29.9,AH0,167,32.2725567,Day,F,L,A,MYSE
151.909,8443,6/3/2015,5/26/2015,7:28:42,7,31.7,AH0,255,35.0726529,Day,F,L,A,MYSE
151.909,8443,6/3/2015,5/29/2015,7:28:43,7,30.1,AH0,228,32.6247633,Day,F,L,A,MYSE
151.909,8443,6/3/2015,5/30/2015,7:28:43,7,29.9,AH0,165,32.2725567,Day,F,L,A,MYSE
151.909,8443,6/3/2015,5/28/2015,7:28:51,7,30,AH0,41,32.45,Day,F,L,A,MYSE
151.909,8443,6/3/2015,5/28/2015,7:28:53,7,30,AH0,35,32.45,Day,F,L,A,MYSE
151.909,8443,6/3/2015,5/26/2015,7:28:55,7,31.7,AH0,255,35.0726529,Day,F,L,A,MYSE
151.909,8443,6/3/2015,5/28/2015,7:28:55,7,30,AH0,46,32.45,Day,F,L,A,MYSE
151.909,8443,6/3/2015,5/26/2015,7:28:57,7,31.7,AH0,255,35.0726529,Day,F,L,A,MYSE
151.909,8443,6/3/2015,5/28/2015,7:28:57,7,30.1,AH0,46,32.6247633,Day,F,L,A,MYSE
151.909,8443,6/3/2015,5/29/2015,7:28:57,7,30.1,AH0,231,32.6247633,Day,F,L,A,MYSE
151.909,8443,6/3/2015,5/30/2015,7:28:57,7,29.9,AH0,165,32.2725567,Day,F,L,A,MYSE
151.909,8443,6/3/2015,5/26/2015,7:28:59,7,31.7,AH0,255,35.0726529,Day,F,L,A,MYSE
151.909,8443,6/3/2015,5/29/2015,7:28:59,7,30.2,AH0,227,32.7968664,Day,F,L,A,MYSE
151.909,8443,6/3/2015,5/30/2015,7:28:59,7,29.9,AH0,170,32.2725567,Day,F,L,A,MYSE
151.909,8443,6/3/2015,5/26/2015,7:29:01,7,31.7,AH0,255,35.0726529,Day,F,L,A,MYSE
151.909,8443,6/3/2015,5/29/2015,7:29:01,7,30.2,AH0,227,32.7968664,Day,F,L,A,MYSE
151.909,8443,6/3/2015,5/30/2015,7:29:01,7,29.9,AH0,168,32.2725567,Day,F,L,A,MYSE
151.909,8443,6/3/2015,5/29/2015,7:29:03,7,30.2,AH0,227,32.7968664,Day,F,L,A,MYSE
151.909,8443,6/3/2015,5/26/2015,7:29:14,7,31.7,AH0,255,35.0726529,Day,F,L,A,MYSE
151.909,8443,6/3/2015,5/26/2015,7:29:16,7,31.7,AH0,255,35.0726529,Day,F,L,A,MYSE
151.909,8443,6/3/2015,5/30/2015,7:29:16,7,29.8,AH0,167,32.0924136,Day,F,L,A,MYSE
151.909,8443,6/3/2015,5/29/2015,7:29:17,7,30.2,AH0,229,32.7968664,Day,F,L,A,MYSE
151.909,8443,6/3/2015,5/26/2015,7:29:18,7,31.7,AH0,255,35.0726529,Day,F,L,A,MYSE
151.909,8443,6/3/2015,5/30/2015,7:29:18,7,29.8,AH0,169,32.0924136,Day,F,L,A,MYSE
151.909,8443,6/3/2015,5/29/2015,7:29:19,7,30.2,AH0,229,32.7968664,Day,F,L,A,MYSE
151.909,8443,6/3/2015,5/26/2015,7:29:20,7,31.7,AH0,255,35.0726529,Day,F,L,A,MYSE
151.909,8443,6/3/2015,5/30/2015,7:29:20,7,29.8,AH0,169,32.0924136,Day,F,L,A,MYSE
151.909,8443,6/3/2015,5/29/2015,7:29:21,7,30.2,AH0,227,32.7968664,Day,F,L,A,MYSE
151.909,8443,6/3/2015,5/26/2015,7:29:22,7,31.7,AH0,255,35.0726529,Day,F,L,A,MYSE
151.909,8443,6/3/2015,5/30/2015,7:29:22,7,29.8,AH0,167,32.0924136,Day,F,L,A,MYSE
151.909,8443,6/3/2015,5/29/2015,7:29:23,7,30.2,AH0,229,32.7968664,Day,F,L,A,MYSE
151.909,8443,6/3/2015,5/26/2015,7:29:35,7,31.7,AH0,255,35.0726529,Day,F,L,A,MYSE
151.909,8443,6/3/2015,5/30/2015,7:29:36,7,29.7,AH0,167,31.9095509,Day,F,L,A,MYSE
151.909,8443,6/3/2015,5/26/2015,7:29:37,7,31.7,AH0,255,35.0726529,Day,F,L,A,MYSE
151.909,8443,6/3/2015,5/29/2015,7:29:37,7,30.2,AH0,229,32.7968664,Day,F,L,A,MYSE
151.909,8443,6/3/2015,5/30/2015,7:29:38,7,29.7,AH0,170,31.9095509,Day,F,L,A,MYSE
151.909,8443,6/3/2015,5/26/2015,7:29:39,7,31.7,AH0,255,35.0726529,Day,F,L,A,MYSE
151.909,8443,6/3/2015,5/29/2015,7:29:39,7,30.2,AH0,227,32.7968664,Day,F,L,A,MYSE
151.909,8443,6/3/2015,5/30/2015,7:29:40,7,29.7,AH0,168,31.9095509,Day,F,L,A,MYSE
151.909,8443,6/3/2015,5/26/2015,7:29:41,7,31.7,AH0,255,35.0726529,Day,F,L,A,MYSE
151.909,8443,6/3/2015,5/29/2015,7:29:41,7,30.2,AH0,225,32.7968664,Day,F,L,A,MYSE
151.909,8443,6/3/2015,5/30/2015,7:29:42,7,29.7,AH0,166,31.9095509,Day,F,L,A,MYSE
151.909,8443,6/3/2015,5/29/2015,7:29:43,7,30.2,AH0,228,32.7968664,Day,F,L,A,MYSE
151.909,8443,6/3/2015,5/28/2015,7:29:51,7,29.9,AH0,42,32.2725567,Day,F,L,A,MYSE
151.909,8443,6/3/2015,5/28/2015,7:29:53,7,29.8,AH0,14,32.0924136,Day,F,L,A,MYSE
151.909,8443,6/3/2015,5/26/2015,7:29:54,7,31.6,AH0,255,34.9380768,Day,F,L,A,MYSE
151.909,8443,6/3/2015,5/28/2015,7:29:55,7,29.9,AH0,18,32.2725567,Day,F,L,A,MYSE
151.909,8443,6/3/2015,5/26/2015,7:29:56,7,31.6,AH0,255,34.9380768,Day,F,L,A,MYSE
151.909,8443,6/3/2015,5/30/2015,7:29:56,7,29.7,AH0,169,31.9095509,Day,F,L,A,MYSE
151.909,8443,6/3/2015,5/28/2015,7:29:57,7,30,AH0,37,32.45,Day,F,L,A,MYSE
151.909,8443,6/3/2015,5/29/2015,7:29:57,7,30.2,AH0,230,32.7968664,Day,F,L,A,MYSE
151.909,8443,6/3/2015,5/26/2015,7:29:58,7,31.6,AH0,255,34.9380768,Day,F,L,A,MYSE
151.909,8443,6/3/2015,5/30/2015,7:29:58,7,29.7,AH0,164,31.9095509,Day,F,L,A,MYSE
151.909,8443,6/3/2015,5/29/2015,7:29:59,7,30.2,AH0,231,32.7968664,Day,F,L,A,MYSE
151.909,8443,6/3/2015,5/26/2015,7:30:00,7,31.6,AH0,255,34.9380768,Day,F,L,A,MYSE
151.909,8443,6/3/2015,5/30/2015,7:30:00,7,29.7,AH0,166,31.9095509,Day,F,L,A,MYSE
151.909,8443,6/3/2015,5/29/2015,7:30:01,7,30.2,AH0,234,32.7968664,Day,F,L,A,MYSE
151.909,8443,6/3/2015,5/26/2015,7:30:02,7,31.6,AH0,255,34.9380768,Day,F,L,A,MYSE
151.909,8443,6/3/2015,5/30/2015,7:30:02,7,29.7,AH0,167,31.9095509,Day,F,L,A,MYSE
151.909,8443,6/3/2015,5/29/2015,7:30:03,7,30.2,AH0,231,32.7968664,Day,F,L,A,MYSE
151.909,8443,6/3/2015,5/28/2015,7:30:11,7,30.1,AH0,48,32.6247633,Day,F,L,A,MYSE
151.909,8443,6/3/2015,5/28/2015,7:30:13,7,30.1,AH0,42,32.6247633,Day,F,L,A,MYSE
151.909,8443,6/3/2015,5/26/2015,7:30:15,7,31.6,AH0,255,34.9380768,Day,F,L,A,MYSE
151.909,8443,6/3/2015,5/28/2015,7:30:15,7,30.1,AH0,48,32.6247633,Day,F,L,A,MYSE
151.909,8443,6/3/2015,5/29/2015,7:30:16,7,30.3,AH0,229,32.9663291,Day,F,L,A,MYSE
151.909,8443,6/3/2015,5/30/2015,7:30:16,7,29.6,AH0,167,31.7239488,Day,F,L,A,MYSE
151.909,8443,6/3/2015,5/26/2015,7:30:17,7,31.6,AH0,255,34.9380768,Day,F,L,A,MYSE
151.909,8443,6/3/2015,5/28/2015,7:30:17,7,30,AH0,40,32.45,Day,F,L,A,MYSE
151.909,8443,6/3/2015,5/29/2015,7:30:18,7,30.4,AH0,228,33.1331712,Day,F,L,A,MYSE
151.909,8443,6/3/2015,5/30/2015,7:30:18,7,29.6,AH0,165,31.7239488,Day,F,L,A,MYSE
151.909,8443,6/3/2015,5/26/2015,7:30:19,7,31.6,AH0,255,34.9380768,Day,F,L,A,MYSE
151.909,8443,6/3/2015,5/29/2015,7:30:20,7,30.4,AH0,229,33.1331712,Day,F,L,A,MYSE
151.909,8443,6/3/2015,5/30/2015,7:30:20,7,29.6,AH0,167,31.7239488,Day,F,L,A,MYSE
151.909,8443,6/3/2015,5/26/2015,7:30:21,7,31.6,AH0,255,34.9380768,Day,F,L,A,MYSE
151.909,8443,6/3/2015,5/29/2015,7:30:22,7,30.4,AH0,230,33.1331712,Day,F,L,A,MYSE
151.909,8443,6/3/2015,5/30/2015,7:30:22,7,29.6,AH0,164,31.7239488,Day,F,L,A,MYSE
151.909,8443,6/3/2015,5/26/2015,7:30:36,7,31.6,AH0,255,34.9380768,Day,F,L,A,MYSE
151.909,8443,6/3/2015,5/29/2015,7:30:36,7,30.5,AH0,230,33.2974125,Day,F,L,A,MYSE
151.909,8443,6/3/2015,5/30/2015,7:30:36,7,29.6,AH0,166,31.7239488,Day,F,L,A,MYSE
151.909,8443,6/3/2015,5/26/2015,7:30:38,7,31.6,AH0,255,34.9380768,Day,F,L,A,MYSE
151.909,8443,6/3/2015,5/29/2015,7:30:38,7,30.5,AH0,229,33.2974125,Day,F,L,A,MYSE
151.909,8443,6/3/2015,5/30/2015,7:30:38,7,29.6,AH0,168,31.7239488,Day,F,L,A,MYSE
151.909,8443,6/3/2015,5/26/2015,7:30:40,7,31.6,AH0,255,34.9380768,Day,F,L,A,MYSE
151.909,8443,6/3/2015,5/29/2015,7:30:40,7,30.5,AH0,225,33.2974125,Day,F,L,A,MYSE
151.909,8443,6/3/2015,5/30/2015,7:30:40,7,29.6,AH0,169,31.7239488,Day,F,L,A,MYSE
151.909,8443,6/3/2015,5/26/2015,7:30:42,7,31.6,AH0,255,34.9380768,Day,F,L,A,MYSE
151.909,8443,6/3/2015,5/29/2015,7:30:42,7,30.5,AH0,229,33.2974125,Day,F,L,A,MYSE
151.909,8443,6/3/2015,5/30/2015,7:30:42,7,29.6,AH0,166,31.7239488,Day,F,L,A,MYSE
151.909,8443,6/3/2015,5/26/2015,7:30:55,7,31.6,AH0,255,34.9380768,Day,F,L,A,MYSE
151.909,8443,6/3/2015,5/26/2015,7:30:57,7,31.6,AH0,255,34.9380768,Day,F,L,A,MYSE
151.909,8443,6/3/2015,5/30/2015,7:30:57,7,29.6,AH0,170,31.7239488,Day,F,L,A,MYSE
151.909,8443,6/3/2015,5/29/2015,7:30:58,7,30.6,AH0,230,33.4590728,Day,F,L,A,MYSE
151.909,8443,6/3/2015,5/26/2015,7:30:59,7,31.6,AH0,255,34.9380768,Day,F,L,A,MYSE
151.909,8443,6/3/2015,5/30/2015,7:30:59,7,29.6,AH0,169,31.7239488,Day,F,L,A,MYSE
151.909,8443,6/3/2015,5/29/2015,7:31:00,7,30.6,AH0,232,33.4590728,Day,F,L,A,MYSE
151.909,8443,6/3/2015,5/26/2015,7:31:01,7,31.6,AH0,255,34.9380768,Day,F,L,A,MYSE
151.909,8443,6/3/2015,5/30/2015,7:31:01,7,29.6,AH0,166,31.7239488,Day,F,L,A,MYSE
151.909,8443,6/3/2015,5/29/2015,7:31:02,7,30.6,AH0,228,33.4590728,Day,F,L,A,MYSE
151.909,8443,6/3/2015,5/30/2015,7:31:03,7,29.6,AH0,168,31.7239488,Day,F,L,A,MYSE
151.909,8443,6/3/2015,5/29/2015,7:31:04,7,30.6,AH0,231,33.4590728,Day,F,L,A,MYSE
151.909,8443,6/3/2015,5/28/2015,7:31:15,7,15,AH0,38,-35.2525,Day,F,L,A,MYSE
151.909,8443,6/3/2015,5/26/2015,7:31:16,7,31.6,AH0,255,34.9380768,Day,F,L,A,MYSE
151.909,8443,6/3/2015,5/28/2015,7:31:17,7,30,AH0,40,32.45,Day,F,L,A,MYSE
151.909,8443,6/3/2015,5/29/2015,7:31:17,7,30.6,AH0,231,33.4590728,Day,F,L,A,MYSE
151.909,8443,6/3/2015,5/30/2015,7:31:17,7,29.6,AH0,170,31.7239488,Day,F,L,A,MYSE
151.909,8443,6/3/2015,5/26/2015,7:31:18,7,31.6,AH0,255,34.9380768,Day,F,L,A,MYSE
151.909,8443,6/3/2015,5/29/2015,7:31:19,7,30.6,AH0,229,33.4590728,Day,F,L,A,MYSE
151.909,8443,6/3/2015,5/30/2015,7:31:19,7,29.6,AH0,169,31.7239488,Day,F,L,A,MYSE
151.909,8443,6/3/2015,5/26/2015,7:31:20,7,31.6,AH0,255,34.9380768,Day,F,L,A,MYSE
151.909,8443,6/3/2015,5/26/2015,7:31:21,7,31.6,AH0,255,34.9380768,Day,F,L,A,MYSE
151.909,8443,6/3/2015,5/29/2015,7:31:21,7,30.6,AH0,230,33.4590728,Day,F,L,A,MYSE
151.909,8443,6/3/2015,5/30/2015,7:31:21,7,29.6,AH0,169,31.7239488,Day,F,L,A,MYSE
151.909,8443,6/3/2015,5/29/2015,7:31:23,7,30.6,AH0,230,33.4590728,Day,F,L,A,MYSE
151.909,8443,6/3/2015,5/30/2015,7:31:23,7,29.6,AH0,171,31.7239488,Day,F,L,A,MYSE
151.909,8443,6/3/2015,5/28/2015,7:31:31,7,30.2,AH0,45,32.7968664,Day,F,L,A,MYSE
151.909,8443,6/3/2015,5/28/2015,7:31:33,7,30.2,AH0,46,32.7968664,Day,F,L,A,MYSE
151.909,8443,6/3/2015,5/26/2015,7:31:35,7,31.6,AH0,255,34.9380768,Day,F,L,A,MYSE
151.909,8443,6/3/2015,5/28/2015,7:31:35,7,30.2,AH0,45,32.7968664,Day,F,L,A,MYSE
151.909,8443,6/3/2015,5/26/2015,7:31:37,7,31.6,AH0,255,34.9380768,Day,F,L,A,MYSE
151.909,8443,6/3/2015,5/28/2015,7:31:37,7,30.2,AH0,45,32.7968664,Day,F,L,A,MYSE
151.909,8443,6/3/2015,5/29/2015,7:31:37,7,30.7,AH0,230,33.6181719,Day,F,L,A,MYSE
151.909,8443,6/3/2015,5/30/2015,7:31:37,7,29.6,AH0,171,31.7239488,Day,F,L,A,MYSE
151.909,8443,6/3/2015,5/26/2015,7:31:39,7,31.6,AH0,255,34.9380768,Day,F,L,A,MYSE
151.909,8443,6/3/2015,5/29/2015,7:31:39,7,30.7,AH0,230,33.6181719,Day,F,L,A,MYSE
151.909,8443,6/3/2015,5/30/2015,7:31:39,7,29.6,AH0,166,31.7239488,Day,F,L,A,MYSE
151.909,8443,6/3/2015,5/26/2015,7:31:40,7,31.6,AH0,255,34.9380768,Day,F,L,A,MYSE
151.909,8443,6/3/2015,5/29/2015,7:31:41,7,30.7,AH0,230,33.6181719,Day,F,L,A,MYSE
151.909,8443,6/3/2015,5/30/2015,7:31:41,7,29.6,AH0,169,31.7239488,Day,F,L,A,MYSE
151.909,8443,6/3/2015,5/29/2015,7:31:43,7,30.7,AH0,231,33.6181719,Day,F,L,A,MYSE
151.909,8443,6/3/2015,5/30/2015,7:31:43,7,29.6,AH0,168,31.7239488,Day,F,L,A,MYSE
151.909,8443,6/3/2015,5/30/2015,7:31:55,7,29.7,AH0,168,31.9095509,Day,F,L,A,MYSE
151.909,8443,6/3/2015,5/26/2015,7:31:56,7,31.6,AH0,255,34.9380768,Day,F,L,A,MYSE
151.909,8443,6/3/2015,5/29/2015,7:31:57,7,30.7,AH0,231,33.6181719,Day,F,L,A,MYSE
151.909,8443,6/3/2015,5/30/2015,7:31:57,7,29.7,AH0,164,31.9095509,Day,F,L,A,MYSE
151.909,8443,6/3/2015,5/26/2015,7:31:58,7,31.5,AH0,255,34.8011375,Day,F,L,A,MYSE
151.909,8443,6/3/2015,5/26/2015,7:31:59,7,31.5,AH0,255,34.8011375,Day,F,L,A,MYSE
151.909,8443,6/3/2015,5/29/2015,7:31:59,7,30.7,AH0,229,33.6181719,Day,F,L,A,MYSE
151.909,8443,6/3/2015,5/29/2015,7:32:00,7,30.7,AH0,233,33.6181719,Day,F,L,A,MYSE
151.909,8443,6/3/2015,5/30/2015,7:32:00,7,29.7,AH0,171,31.9095509,Day,F,L,A,MYSE
151.909,8443,6/3/2015,5/26/2015,7:32:01,7,31.5,AH0,255,34.8011375,Day,F,L,A,MYSE
151.909,8443,6/3/2015,5/29/2015,7:32:02,7,30.7,AH0,230,33.6181719,Day,F,L,A,MYSE
151.909,8443,6/3/2015,5/30/2015,7:32:02,7,29.7,AH0,168,31.9095509,Day,F,L,A,MYSE
151.909,8443,6/3/2015,5/26/2015,7:32:15,7,31.5,AH0,255,34.8011375,Day,F,L,A,MYSE
151.909,8443,6/3/2015,5/29/2015,7:32:16,7,30.7,AH0,228,33.6181719,Day,F,L,A,MYSE
151.909,8443,6/3/2015,5/30/2015,7:32:16,7,29.7,AH0,164,31.9095509,Day,F,L,A,MYSE
151.909,8443,6/3/2015,5/26/2015,7:32:17,7,31.5,AH0,255,34.8011375,Day,F,L,A,MYSE
151.909,8443,6/3/2015,5/29/2015,7:32:18,7,30.7,AH0,232,33.6181719,Day,F,L,A,MYSE
151.909,8443,6/3/2015,5/30/2015,7:32:18,7,29.7,AH0,166,31.9095509,Day,F,L,A,MYSE
151.909,8443,6/3/2015,5/26/2015,7:32:19,7,31.5,AH0,255,34.8011375,Day,F,L,A,MYSE
151.909,8443,6/3/2015,5/26/2015,7:32:20,7,31.5,AH0,255,34.8011375,Day,F,L,A,MYSE
151.909,8443,6/3/2015,5/29/2015,7:32:20,7,30.7,AH0,230,33.6181719,Day,F,L,A,MYSE
151.909,8443,6/3/2015,5/30/2015,7:32:20,7,29.7,AH0,171,31.9095509,Day,F,L,A,MYSE
151.909,8443,6/3/2015,5/29/2015,7:32:22,7,30.7,AH0,228,33.6181719,Day,F,L,A,MYSE
151.909,8443,6/3/2015,5/30/2015,7:32:22,7,29.6,AH0,173,31.7239488,Day,F,L,A,MYSE
151.909,8443,6/3/2015,5/29/2015,7:32:24,7,30.7,AH0,231,33.6181719,Day,F,L,A,MYSE
151.909,8443,6/3/2015,5/26/2015,7:32:36,7,31.5,AH0,255,34.8011375,Day,F,L,A,MYSE
151.909,8443,6/3/2015,5/30/2015,7:32:36,7,29.6,AH0,168,31.7239488,Day,F,L,A,MYSE
151.909,8443,6/3/2015,5/26/2015,7:32:38,7,31.6,AH0,255,34.9380768,Day,F,L,A,MYSE
151.909,8443,6/3/2015,5/29/2015,7:32:38,7,30.7,AH0,230,33.6181719,Day,F,L,A,MYSE
151.909,8443,6/3/2015,5/30/2015,7:32:38,7,29.6,AH0,170,31.7239488,Day,F,L,A,MYSE
151.909,8443,6/3/2015,5/26/2015,7:32:39,7,31.6,AH0,255,34.9380768,Day,F,L,A,MYSE
151.909,8443,6/3/2015,5/29/2015,7:32:40,7,30.7,AH0,231,33.6181719,Day,F,L,A,MYSE
151.909,8443,6/3/2015,5/30/2015,7:32:40,7,29.6,AH0,171,31.7239488,Day,F,L,A,MYSE
151.909,8443,6/3/2015,5/26/2015,7:32:41,7,31.5,AH0,255,34.8011375,Day,F,L,A,MYSE
151.909,8443,6/3/2015,5/29/2015,7:32:41,7,30.8,AH0,231,33.7747296,Day,F,L,A,MYSE
151.909,8443,6/3/2015,5/30/2015,7:32:42,7,29.6,AH0,168,31.7239488,Day,F,L,A,MYSE
151.909,8443,6/3/2015,5/29/2015,7:32:43,7,30.7,AH0,227,33.6181719,Day,F,L,A,MYSE
151.909,8443,6/3/2015,5/28/2015,7:32:53,7,15.1,AH0,43,-34.4544717,Day,F,L,A,MYSE
151.909,8443,6/3/2015,5/26/2015,7:32:55,7,31.5,AH0,255,34.8011375,Day,F,L,A,MYSE
151.909,8443,6/3/2015,5/28/2015,7:32:55,7,30.2,AH0,42,32.7968664,Day,F,L,A,MYSE
151.909,8443,6/3/2015,5/30/2015,7:32:56,7,29.5,AH0,169,31.5355875,Day,F,L,A,MYSE
151.909,8443,6/3/2015,5/26/2015,7:32:57,7,31.5,AH0,255,34.8011375,Day,F,L,A,MYSE
151.909,8443,6/3/2015,5/28/2015,7:32:57,7,30.3,AH0,39,32.9663291,Day,F,L,A,MYSE
151.909,8443,6/3/2015,5/29/2015,7:32:57,7,30.8,AH0,230,33.7747296,Day,F,L,A,MYSE
151.909,8443,6/3/2015,5/26/2015,7:32:58,7,31.5,AH0,255,34.8011375,Day,F,L,A,MYSE
151.909,8443,6/3/2015,5/30/2015,7:32:58,7,29.6,AH0,170,31.7239488,Day,F,L,A,MYSE
151.909,8443,6/3/2015,5/29/2015,7:32:59,7,30.8,AH0,231,33.7747296,Day,F,L,A,MYSE
151.909,8443,6/3/2015,5/26/2015,7:33:00,7,31.5,AH0,255,34.8011375,Day,F,L,A,MYSE
151.909,8443,6/3/2015,5/30/2015,7:33:00,7,29.6,AH0,169,31.7239488,Day,F,L,A,MYSE
151.909,8443,6/3/2015,5/29/2015,7:33:01,7,30.8,AH0,230,33.7747296,Day,F,L,A,MYSE
151.909,8443,6/3/2015,5/30/2015,7:33:02,7,29.6,AH0,169,31.7239488,Day,F,L,A,MYSE
151.909,8443,6/3/2015,5/29/2015,7:33:03,7,30.8,AH0,229,33.7747296,Day,F,L,A,MYSE
151.909,8443,6/3/2015,5/26/2015,7:33:16,7,31.5,AH0,255,34.8011375,Day,F,L,A,MYSE
151.909,8443,6/3/2015,5/29/2015,7:33:17,7,30.8,AH0,228,33.7747296,Day,F,L,A,MYSE
151.909,8443,6/3/2015,5/30/2015,7:33:17,7,29.6,AH0,167,31.7239488,Day,F,L,A,MYSE
151.909,8443,6/3/2015,5/26/2015,7:33:18,7,31.5,AH0,255,34.8011375,Day,F,L,A,MYSE
151.909,8443,6/3/2015,5/26/2015,7:33:19,7,31.5,AH0,255,34.8011375,Day,F,L,A,MYSE
151.909,8443,6/3/2015,5/29/2015,7:33:19,7,30.8,AH0,231,33.7747296,Day,F,L,A,MYSE
151.909,8443,6/3/2015,5/30/2015,7:33:19,7,29.6,AH0,169,31.7239488,Day,F,L,A,MYSE
151.909,8443,6/3/2015,5/29/2015,7:33:20,7,30.8,AH0,230,33.7747296,Day,F,L,A,MYSE
151.909,8443,6/3/2015,5/26/2015,7:33:21,7,31.5,AH0,255,34.8011375,Day,F,L,A,MYSE
151.909,8443,6/3/2015,5/30/2015,7:33:21,7,29.6,AH0,171,31.7239488,Day,F,L,A,MYSE
151.909,8443,6/3/2015,5/29/2015,7:33:22,7,30.8,AH0,231,33.7747296,Day,F,L,A,MYSE
151.909,8443,6/3/2015,5/30/2015,7:33:23,7,29.6,AH0,168,31.7239488,Day,F,L,A,MYSE
151.909,8443,6/3/2015,5/26/2015,7:33:35,7,31.5,AH0,255,34.8011375,Day,F,L,A,MYSE
151.909,8443,6/3/2015,5/29/2015,7:33:36,7,30.8,AH0,232,33.7747296,Day,F,L,A,MYSE
151.909,8443,6/3/2015,5/26/2015,7:33:37,7,31.5,AH0,255,34.8011375,Day,F,L,A,MYSE
151.909,8443,6/3/2015,5/30/2015,7:33:37,7,29.6,AH0,170,31.7239488,Day,F,L,A,MYSE
151.909,8443,6/3/2015,5/26/2015,7:33:38,7,31.5,AH0,255,34.8011375,Day,F,L,A,MYSE
151.909,8443,6/3/2015,5/29/2015,7:33:38,7,30.8,AH0,233,33.7747296,Day,F,L,A,MYSE
151.909,8443,6/3/2015,5/30/2015,7:33:39,7,29.6,AH0,166,31.7239488,Day,F,L,A,MYSE
151.909,8443,6/3/2015,5/26/2015,7:33:40,7,31.5,AH0,255,34.8011375,Day,F,L,A,MYSE
151.909,8443,6/3/2015,5/29/2015,7:33:40,7,30.8,AH0,233,33.7747296,Day,F,L,A,MYSE
151.909,8443,6/3/2015,5/30/2015,7:33:41,7,29.6,AH0,169,31.7239488,Day,F,L,A,MYSE
151.909,8443,6/3/2015,5/29/2015,7:33:42,7,30.8,AH0,233,33.7747296,Day,F,L,A,MYSE
151.909,8443,6/3/2015,5/30/2015,7:33:43,7,29.6,AH0,171,31.7239488,Day,F,L,A,MYSE
151.909,8443,6/3/2015,5/29/2015,7:33:44,7,30.8,AH0,234,33.7747296,Day,F,L,A,MYSE
151.909,8443,6/3/2015,5/28/2015,7:33:50,7,30.3,AH0,46,32.9663291,Day,F,L,A,MYSE
151.909,8443,6/3/2015,5/28/2015,7:33:52,7,30.1,AH0,45,32.6247633,Day,F,L,A,MYSE
151.909,8443,6/3/2015,5/26/2015,7:33:56,7,31.5,AH0,255,34.8011375,Day,F,L,A,MYSE
151.909,8443,6/3/2015,5/28/2015,7:33:56,7,15,AH0,43,-35.2525,Day,F,L,A,MYSE
151.909,8443,6/3/2015,5/30/2015,7:33:57,7,29.6,AH0,167,31.7239488,Day,F,L,A,MYSE
151.909,8443,6/3/2015,5/26/2015,7:33:58,7,31.4,AH0,255,34.6618152,Day,F,L,A,MYSE
151.909,8443,6/3/2015,5/29/2015,7:33:58,7,30.7,AH0,232,33.6181719,Day,F,L,A,MYSE
151.909,8443,6/3/2015,5/26/2015,7:33:59,7,31.5,AH0,255,34.8011375,Day,F,L,A,MYSE
151.909,8443,6/3/2015,5/30/2015,7:33:59,7,29.6,AH0,169,31.7239488,Day,F,L,A,MYSE
151.909,8443,6/3/2015,5/29/2015,7:34:00,7,30.7,AH0,233,33.6181719,Day,F,L,A,MYSE
151.909,8443,6/3/2015,5/26/2015,7:34:01,7,31.4,AH0,255,34.6618152,Day,F,L,A,MYSE
151.909,8443,6/3/2015,5/29/2015,7:34:01,7,30.7,AH0,233,33.6181719,Day,F,L,A,MYSE
151.909,8443,6/3/2015,5/30/2015,7:34:01,7,29.6,AH0,170,31.7239488,Day,F,L,A,MYSE
151.909,8443,6/3/2015,5/29/2015,7:34:03,7,30.7,AH0,231,33.6181719,Day,F,L,A,MYSE
151.909,8443,6/3/2015,5/30/2015,7:34:03,7,29.6,AH0,166,31.7239488,Day,F,L,A,MYSE
151.909,8443,6/3/2015,5/28/2015,7:34:14,7,15,AH0,15,-35.2525,Day,F,L,A,MYSE
151.909,8443,6/3/2015,5/26/2015,7:34:15,7,31.4,AH0,255,34.6618152,Day,F,L,A,MYSE
151.909,8443,6/3/2015,5/30/2015,7:34:15,7,29.6,AH0,170,31.7239488,Day,F,L,A,MYSE
151.909,8443,6/3/2015,5/28/2015,7:34:16,7,30.1,AH0,14,32.6247633,Day,F,L,A,MYSE
151.909,8443,6/3/2015,5/26/2015,7:34:17,7,31.4,AH0,255,34.6618152,Day,F,L,A,MYSE
151.909,8443,6/3/2015,5/29/2015,7:34:17,7,30.7,AH0,229,33.6181719,Day,F,L,A,MYSE
151.909,8443,6/3/2015,5/30/2015,7:34:17,7,29.6,AH0,171,31.7239488,Day,F,L,A,MYSE
151.909,8443,6/3/2015,5/26/2015,7:34:19,7,31.4,AH0,255,34.6618152,Day,F,L,A,MYSE
151.909,8443,6/3/2015,5/29/2015,7:34:19,7,30.7,AH0,233,33.6181719,Day,F,L,A,MYSE
151.909,8443,6/3/2015,5/30/2015,7:34:19,7,29.6,AH0,166,31.7239488,Day,F,L,A,MYSE
151.909,8443,6/3/2015,5/26/2015,7:34:20,7,31.4,AH0,255,34.6618152,Day,F,L,A,MYSE
151.909,8443,6/3/2015,5/29/2015,7:34:21,7,30.7,AH0,232,33.6181719,Day,F,L,A,MYSE
151.909,8443,6/3/2015,5/30/2015,7:34:21,7,29.6,AH0,172,31.7239488,Day,F,L,A,MYSE
151.909,8443,6/3/2015,5/29/2015,7:34:23,7,30.7,AH0,231,33.6181719,Day,F,L,A,MYSE
151.909,8443,6/3/2015,5/26/2015,7:34:36,7,31.4,AH0,255,34.6618152,Day,F,L,A,MYSE
151.909,8443,6/3/2015,5/28/2015,7:34:36,7,15.1,AH0,45,-34.4544717,Day,F,L,A,MYSE
151.909,8443,6/3/2015,5/30/2015,7:34:36,7,29.6,AH0,170,31.7239488,Day,F,L,A,MYSE
151.909,8443,6/3/2015,5/29/2015,7:34:37,7,30.7,AH0,231,33.6181719,Day,F,L,A,MYSE
151.909,8443,6/3/2015,5/26/2015,7:34:38,7,31.4,AH0,255,34.6618152,Day,F,L,A,MYSE
151.909,8443,6/3/2015,5/30/2015,7:34:38,7,29.6,AH0,170,31.7239488,Day,F,L,A,MYSE
151.909,8443,6/3/2015,5/29/2015,7:34:39,7,30.7,AH0,231,33.6181719,Day,F,L,A,MYSE
151.909,8443,6/3/2015,5/26/2015,7:34:40,7,31.4,AH0,255,34.6618152,Day,F,L,A,MYSE
151.909,8443,6/3/2015,5/30/2015,7:34:40,7,29.6,AH0,173,31.7239488,Day,F,L,A,MYSE
151.909,8443,6/3/2015,5/26/2015,7:34:41,7,31.4,AH0,255,34.6618152,Day,F,L,A,MYSE
151.909,8443,6/3/2015,5/29/2015,7:34:41,7,30.7,AH0,231,33.6181719,Day,F,L,A,MYSE
151.909,8443,6/3/2015,5/29/2015,7:34:42,7,30.7,AH0,232,33.6181719,Day,F,L,A,MYSE
151.909,8443,6/3/2015,5/30/2015,7:34:42,7,29.6,AH0,168,31.7239488,Day,F,L,A,MYSE
151.909,8443,6/3/2015,5/26/2015,7:34:55,7,31.3,AH0,255,34.5200901,Day,F,L,A,MYSE
151.909,8443,6/3/2015,5/29/2015,7:34:56,7,30.7,AH0,227,33.6181719,Day,F,L,A,MYSE
151.909,8443,6/3/2015,5/30/2015,7:34:56,7,29.6,AH0,166,31.7239488,Day,F,L,A,MYSE
151.909,8443,6/3/2015,5/26/2015,7:34:57,7,31.3,AH0,255,34.5200901,Day,F,L,A,MYSE
151.909,8443,6/3/2015,5/29/2015,7:34:58,7,30.7,AH0,228,33.6181719,Day,F,L,A,MYSE
151.909,8443,6/3/2015,5/30/2015,7:34:58,7,29.6,AH0,167,31.7239488,Day,F,L,A,MYSE
151.909,8443,6/3/2015,5/26/2015,7:34:59,7,31.3,AH0,255,34.5200901,Day,F,L,A,MYSE
151.909,8443,6/3/2015,5/29/2015,7:35:00,7,30.7,AH0,228,33.6181719,Day,F,L,A,MYSE
151.909,8443,6/3/2015,5/30/2015,7:35:00,7,29.6,AH0,167,31.7239488,Day,F,L,A,MYSE
151.909,8443,6/3/2015,5/26/2015,7:35:01,7,31.3,AH0,255,34.5200901,Day,F,L,A,MYSE
151.909,8443,6/3/2015,5/29/2015,7:35:02,7,30.7,AH0,226,33.6181719,Day,F,L,A,MYSE
151.909,8443,6/3/2015,5/30/2015,7:35:02,7,29.6,AH0,169,31.7239488,Day,F,L,A,MYSE
151.909,8443,6/3/2015,5/28/2015,7:35:12,7,30,AH0,40,32.45,Day,F,L,A,MYSE
151.909,8443,6/3/2015,5/26/2015,7:35:14,7,31.3,AH0,255,34.5200901,Day,F,L,A,MYSE
151.909,8443,6/3/2015,5/28/2015,7:35:14,7,30,AH0,20,32.45,Day,F,L,A,MYSE
151.909,8443,6/3/2015,5/26/2015,7:35:16,7,31.3,AH0,255,34.5200901,Day,F,L,A,MYSE
151.909,8443,6/3/2015,5/28/2015,7:35:16,7,30.2,AH0,46,32.7968664,Day,F,L,A,MYSE
151.909,8443,6/3/2015,5/30/2015,7:35:16,7,29.6,AH0,168,31.7239488,Day,F,L,A,MYSE
151.909,8443,6/3/2015,5/26/2015,7:35:18,7,31.3,AH0,255,34.5200901,Day,F,L,A,MYSE
151.909,8443,6/3/2015,5/29/2015,7:35:18,7,30.6,AH0,228,33.4590728,Day,F,L,A,MYSE
151.909,8443,6/3/2015,5/30/2015,7:35:18,7,29.6,AH0,170,31.7239488,Day,F,L,A,MYSE
151.909,8443,6/3/2015,5/26/2015,7:35:20,7,31.4,AH0,255,34.6618152,Day,F,L,A,MYSE
151.909,8443,6/3/2015,5/29/2015,7:35:20,7,30.6,AH0,226,33.4590728,Day,F,L,A,MYSE
151.909,8443,6/3/2015,5/30/2015,7:35:20,7,29.6,AH0,169,31.7239488,Day,F,L,A,MYSE
151.909,8443,6/3/2015,5/26/2015,7:35:22,7,31.4,AH0,255,34.6618152,Day,F,L,A,MYSE
151.909,8443,6/3/2015,5/29/2015,7:35:22,7,30.6,AH0,227,33.4590728,Day,F,L,A,MYSE
151.909,8443,6/3/2015,5/30/2015,7:35:22,7,29.7,AH0,170,31.9095509,Day,F,L,A,MYSE
151.909,8443,6/3/2015,5/29/2015,7:35:24,7,30.6,AH0,225,33.4590728,Day,F,L,A,MYSE
151.909,8443,6/3/2015,5/28/2015,7:35:30,7,30.3,AH0,46,32.9663291,Day,F,L,A,MYSE
151.909,8443,6/3/2015,5/28/2015,7:35:32,7,30.2,AH0,45,32.7968664,Day,F,L,A,MYSE
151.909,8443,6/3/2015,5/28/2015,7:35:34,7,30.2,AH0,43,32.7968664,Day,F,L,A,MYSE
151.909,8443,6/3/2015,5/26/2015,7:35:35,7,31.6,AH0,255,34.9380768,Day,F,L,A,MYSE
151.909,8443,6/3/2015,5/28/2015,7:35:36,7,30.3,AH0,45,32.9663291,Day,F,L,A,MYSE
151.909,8443,6/3/2015,5/30/2015,7:35:36,7,29.7,AH0,168,31.9095509,Day,F,L,A,MYSE
151.909,8443,6/3/2015,5/26/2015,7:35:37,7,31.6,AH0,255,34.9380768,Day,F,L,A,MYSE
151.909,8443,6/3/2015,5/29/2015,7:35:37,7,30.6,AH0,222,33.4590728,Day,F,L,A,MYSE
151.909,8443,6/3/2015,5/30/2015,7:35:38,7,29.7,AH0,170,31.9095509,Day,F,L,A,MYSE
151.909,8443,6/3/2015,5/26/2015,7:35:39,7,31.6,AH0,255,34.9380768,Day,F,L,A,MYSE
151.909,8443,6/3/2015,5/29/2015,7:35:39,7,30.6,AH0,226,33.4590728,Day,F,L,A,MYSE
151.909,8443,6/3/2015,5/30/2015,7:35:40,7,29.7,AH0,168,31.9095509,Day,F,L,A,MYSE
151.909,8443,6/3/2015,5/26/2015,7:35:41,7,31.6,AH0,255,34.9380768,Day,F,L,A,MYSE
151.909,8443,6/3/2015,5/29/2015,7:35:41,7,30.6,AH0,225,33.4590728,Day,F,L,A,MYSE
151.909,8443,6/3/2015,5/30/2015,7:35:42,7,29.7,AH0,171,31.9095509,Day,F,L,A,MYSE
151.909,8443,6/3/2015,5/29/2015,7:35:43,7,30.6,AH0,224,33.4590728,Day,F,L,A,MYSE
151.909,8443,6/3/2015,5/26/2015,7:35:54,7,31.7,AH0,255,35.0726529,Day,F,L,A,MYSE
151.909,8443,6/3/2015,5/26/2015,7:35:56,7,31.8,AH0,255,35.2048856,Day,F,L,A,MYSE
151.909,8443,6/3/2015,5/29/2015,7:35:57,7,30.6,AH0,229,33.4590728,Day,F,L,A,MYSE
151.909,8443,6/3/2015,5/30/2015,7:35:57,7,29.7,AH0,168,31.9095509,Day,F,L,A,MYSE
151.909,8443,6/3/2015,5/26/2015,7:35:58,7,31.8,AH0,255,35.2048856,Day,F,L,A,MYSE
151.909,8443,6/3/2015,5/29/2015,7:35:59,7,30.6,AH0,228,33.4590728,Day,F,L,A,MYSE
151.909,8443,6/3/2015,5/30/2015,7:35:59,7,29.7,AH0,167,31.9095509,Day,F,L,A,MYSE
151.909,8443,6/3/2015,5/26/2015,7:36:00,7,31.8,AH0,255,35.2048856,Day,F,L,A,MYSE
151.909,8443,6/3/2015,5/29/2015,7:36:01,7,30.6,AH0,228,33.4590728,Day,F,L,A,MYSE
151.909,8443,6/3/2015,5/30/2015,7:36:01,7,29.7,AH0,169,31.9095509,Day,F,L,A,MYSE
151.909,8443,6/3/2015,5/26/2015,7:36:02,7,31.9,AH0,255,35.3347947,Day,F,L,A,MYSE
151.909,8443,6/3/2015,5/29/2015,7:36:03,7,30.6,AH0,230,33.4590728,Day,F,L,A,MYSE
151.909,8443,6/3/2015,5/30/2015,7:36:03,7,29.7,AH0,168,31.9095509,Day,F,L,A,MYSE
151.909,8443,6/3/2015,5/26/2015,7:36:15,7,32,AH0,255,35.4624,Day,F,L,A,MYSE
151.909,8443,6/3/2015,5/26/2015,7:36:17,7,32,AH0,255,35.4624,Day,F,L,A,MYSE
151.909,8443,6/3/2015,5/29/2015,7:36:17,7,30.6,AH0,228,33.4590728,Day,F,L,A,MYSE
151.909,8443,6/3/2015,5/30/2015,7:36:17,7,29.7,AH0,170,31.9095509,Day,F,L,A,MYSE
151.909,8443,6/3/2015,5/26/2015,7:36:18,7,32,AH0,255,35.4624,Day,F,L,A,MYSE
151.909,8443,6/3/2015,5/29/2015,7:36:19,7,30.6,AH0,229,33.4590728,Day,F,L,A,MYSE
151.909,8443,6/3/2015,5/30/2015,7:36:19,7,29.7,AH0,169,31.9095509,Day,F,L,A,MYSE
151.909,8443,6/3/2015,5/26/2015,7:36:20,7,32.1,AH0,255,35.5877213,Day,F,L,A,MYSE
151.909,8443,6/3/2015,5/29/2015,7:36:20,7,30.6,AH0,227,33.4590728,Day,F,L,A,MYSE
151.909,8443,6/3/2015,5/30/2015,7:36:21,7,29.7,AH0,172,31.9095509,Day,F,L,A,MYSE
151.909,8443,6/3/2015,5/29/2015,7:36:22,7,30.6,AH0,225,33.4590728,Day,F,L,A,MYSE
151.909,8443,6/3/2015,5/30/2015,7:36:23,7,29.7,AH0,172,31.9095509,Day,F,L,A,MYSE
151.909,8443,6/3/2015,5/28/2015,7:36:30,7,30.1,AH0,47,32.6247633,Day,F,L,A,MYSE
151.909,8443,6/3/2015,5/28/2015,7:36:32,7,30.2,AH0,47,32.7968664,Day,F,L,A,MYSE
151.909,8443,6/3/2015,5/28/2015,7:36:34,7,30.1,AH0,45,32.6247633,Day,F,L,A,MYSE
151.909,8443,6/3/2015,5/26/2015,7:36:35,7,32.2,AH0,255,35.7107784,Day,F,L,A,MYSE
151.909,8443,6/3/2015,5/28/2015,7:36:36,7,30.2,AH0,41,32.7968664,Day,F,L,A,MYSE
151.909,8443,6/3/2015,5/29/2015,7:36:36,7,30.6,AH0,227,33.4590728,Day,F,L,A,MYSE
151.909,8443,6/3/2015,5/26/2015,7:36:37,7,32.2,AH0,255,35.7107784,Day,F,L,A,MYSE
151.909,8443,6/3/2015,5/30/2015,7:36:37,7,29.7,AH0,172,31.9095509,Day,F,L,A,MYSE
151.909,8443,6/3/2015,5/29/2015,7:36:38,7,30.6,AH0,226,33.4590728,Day,F,L,A,MYSE
151.909,8443,6/3/2015,5/26/2015,7:36:39,7,32.2,AH0,255,35.7107784,Day,F,L,A,MYSE
151.909,8443,6/3/2015,5/30/2015,7:36:39,7,29.7,AH0,170,31.9095509,Day,F,L,A,MYSE
151.909,8443,6/3/2015,5/29/2015,7:36:40,7,30.6,AH0,229,33.4590728,Day,F,L,A,MYSE
151.909,8443,6/3/2015,5/26/2015,7:36:41,7,32.2,AH0,255,35.7107784,Day,F,L,A,MYSE
151.909,8443,6/3/2015,5/30/2015,7:36:41,7,29.7,AH0,169,31.9095509,Day,F,L,A,MYSE
151.909,8443,6/3/2015,5/29/2015,7:36:42,7,30.6,AH0,228,33.4590728,Day,F,L,A,MYSE
151.909,8443,6/3/2015,5/30/2015,7:36:43,7,29.7,AH0,171,31.9095509,Day,F,L,A,MYSE
151.909,8443,6/3/2015,5/26/2015,7:36:54,7,32.5,AH0,255,36.0665625,Day,F,L,A,MYSE
151.909,8443,6/3/2015,5/26/2015,7:36:56,7,32.3,AH0,255,35.8315911,Day,F,L,A,MYSE
151.909,8443,6/3/2015,5/30/2015,7:36:57,7,29.7,AH0,173,31.9095509,Day,F,L,A,MYSE
151.909,8443,6/3/2015,5/26/2015,7:36:58,7,32.3,AH0,255,35.8315911,Day,F,L,A,MYSE
151.909,8443,6/3/2015,5/29/2015,7:36:58,7,30.6,AH0,227,33.4590728,Day,F,L,A,MYSE
151.909,8443,6/3/2015,5/26/2015,7:36:59,7,32.3,AH0,255,35.8315911,Day,F,L,A,MYSE
151.909,8443,6/3/2015,5/30/2015,7:36:59,7,29.7,AH0,173,31.9095509,Day,F,L,A,MYSE
151.909,8443,6/3/2015,5/29/2015,7:37:00,7,30.5,AH0,226,33.2974125,Day,F,L,A,MYSE
151.909,8443,6/3/2015,5/26/2015,7:37:01,7,32.3,AH0,255,35.8315911,Day,F,L,A,MYSE
151.909,8443,6/3/2015,5/30/2015,7:37:01,7,29.7,AH0,173,31.9095509,Day,F,L,A,MYSE
151.909,8443,6/3/2015,5/29/2015,7:37:02,7,30.5,AH0,226,33.2974125,Day,F,L,A,MYSE
151.909,8443,6/3/2015,5/30/2015,7:37:03,7,29.7,AH0,174,31.9095509,Day,F,L,A,MYSE
151.909,8443,6/3/2015,5/29/2015,7:37:04,7,30.5,AH0,227,33.2974125,Day,F,L,A,MYSE
151.909,8443,6/3/2015,5/26/2015,7:37:14,7,32.4,AH0,255,35.9501792,Day,F,L,A,MYSE
151.909,8443,6/3/2015,5/30/2015,7:37:15,7,29.8,AH0,168,32.0924136,Day,F,L,A,MYSE
151.909,8443,6/3/2015,5/26/2015,7:37:16,7,32.4,AH0,255,35.9501792,Day,F,L,A,MYSE
151.909,8443,6/3/2015,5/28/2015,7:37:16,7,10,AH0,43,-82.77,Day,F,L,A,MYSE
151.909,8443,6/3/2015,5/29/2015,7:37:17,7,30.5,AH0,228,33.2974125,Day,F,L,A,MYSE
151.909,8443,6/3/2015,5/30/2015,7:37:17,7,29.8,AH0,171,32.0924136,Day,F,L,A,MYSE
151.909,8443,6/3/2015,5/26/2015,7:37:18,7,32.4,AH0,255,35.9501792,Day,F,L,A,MYSE
151.909,8443,6/3/2015,5/29/2015,7:37:19,7,30.5,AH0,228,33.2974125,Day,F,L,A,MYSE
151.909,8443,6/3/2015,5/30/2015,7:37:19,7,29.8,AH0,171,32.0924136,Day,F,L,A,MYSE
151.909,8443,6/3/2015,5/26/2015,7:37:20,7,32.4,AH0,255,35.9501792,Day,F,L,A,MYSE
151.909,8443,6/3/2015,5/29/2015,7:37:21,7,30.5,AH0,229,33.2974125,Day,F,L,A,MYSE
151.909,8443,6/3/2015,5/30/2015,7:37:21,7,29.8,AH0,172,32.0924136,Day,F,L,A,MYSE
151.909,8443,6/3/2015,5/26/2015,7:37:22,7,32.4,AH0,255,35.9501792,Day,F,L,A,MYSE
151.909,8443,6/3/2015,5/29/2015,7:37:23,7,30.5,AH0,228,33.2974125,Day,F,L,A,MYSE
151.909,8443,6/3/2015,5/28/2015,7:37:30,7,30.2,AH0,42,32.7968664,Day,F,L,A,MYSE
151.909,8443,6/3/2015,5/28/2015,7:37:32,7,30,AH0,35,32.45,Day,F,L,A,MYSE
151.909,8443,6/3/2015,5/26/2015,7:37:35,7,32.3,AH0,255,35.8315911,Day,F,L,A,MYSE
151.909,8443,6/3/2015,5/30/2015,7:37:36,7,29.8,AH0,170,32.0924136,Day,F,L,A,MYSE
151.909,8443,6/3/2015,5/26/2015,7:37:37,7,32.3,AH0,255,35.8315911,Day,F,L,A,MYSE
151.909,8443,6/3/2015,5/29/2015,7:37:37,7,30.5,AH0,236,33.2974125,Day,F,L,A,MYSE
151.909,8443,6/3/2015,5/26/2015,7:37:38,7,32.2,AH0,255,35.7107784,Day,F,L,A,MYSE
151.909,8443,6/3/2015,5/30/2015,7:37:38,7,29.8,AH0,165,32.0924136,Day,F,L,A,MYSE
151.909,8443,6/3/2015,5/29/2015,7:37:39,7,30.6,AH0,226,33.4590728,Day,F,L,A,MYSE
151.909,8443,6/3/2015,5/26/2015,7:37:40,7,32.1,AH0,255,35.5877213,Day,F,L,A,MYSE
151.909,8443,6/3/2015,5/30/2015,7:37:40,7,29.9,AH0,171,32.2725567,Day,F,L,A,MYSE
151.909,8443,6/3/2015,5/29/2015,7:37:41,7,30.6,AH0,222,33.4590728,Day,F,L,A,MYSE
151.909,8443,6/3/2015,5/30/2015,7:37:42,7,29.8,AH0,167,32.0924136,Day,F,L,A,MYSE
151.909,8443,6/3/2015,5/29/2015,7:37:43,7,30.6,AH0,224,33.4590728,Day,F,L,A,MYSE
151.909,8443,6/3/2015,5/26/2015,7:37:55,7,31.7,AH0,255,35.0726529,Day,F,L,A,MYSE
151.909,8443,6/3/2015,5/30/2015,7:37:56,7,29.9,AH0,172,32.2725567,Day,F,L,A,MYSE
151.909,8443,6/3/2015,5/26/2015,7:37:57,7,31.6,AH0,255,34.9380768,Day,F,L,A,MYSE
151.909,8443,6/3/2015,5/29/2015,7:37:57,7,30.6,AH0,230,33.4590728,Day,F,L,A,MYSE
151.909,8443,6/3/2015,5/30/2015,7:37:58,7,29.9,AH0,169,32.2725567,Day,F,L,A,MYSE
151.909,8443,6/3/2015,5/26/2015,7:37:59,7,31.6,AH0,255,34.9380768,Day,F,L,A,MYSE
151.909,8443,6/3/2015,5/29/2015,7:37:59,7,30.6,AH0,226,33.4590728,Day,F,L,A,MYSE
151.909,8443,6/3/2015,5/30/2015,7:38:00,7,29.9,AH0,169,32.2725567,Day,F,L,A,MYSE
151.909,8443,6/3/2015,5/26/2015,7:38:01,7,31.5,AH0,255,34.8011375,Day,F,L,A,MYSE
151.909,8443,6/3/2015,5/29/2015,7:38:01,7,30.6,AH0,226,33.4590728,Day,F,L,A,MYSE
151.909,8443,6/3/2015,5/30/2015,7:38:02,7,29.9,AH0,172,32.2725567,Day,F,L,A,MYSE
151.909,8443,6/3/2015,5/29/2015,7:38:03,7,30.6,AH0,225,33.4590728,Day,F,L,A,MYSE
151.909,8443,6/3/2015,5/26/2015,7:38:14,7,31.2,AH0,255,34.3759424,Day,F,L,A,MYSE
151.909,8443,6/3/2015,5/26/2015,7:38:16,7,31.1,AH0,255,34.2293523,Day,F,L,A,MYSE
151.909,8443,6/3/2015,5/29/2015,7:38:16,7,30.7,AH0,225,33.6181719,Day,F,L,A,MYSE
151.909,8443,6/3/2015,5/30/2015,7:38:16,7,29.9,AH0,171,32.2725567,Day,F,L,A,MYSE
151.909,8443,6/3/2015,5/26/2015,7:38:18,7,31.1,AH0,255,34.2293523,Day,F,L,A,MYSE
151.909,8443,6/3/2015,5/29/2015,7:38:18,7,30.7,AH0,219,33.6181719,Day,F,L,A,MYSE
151.909,8443,6/3/2015,5/30/2015,7:38:18,7,29.9,AH0,172,32.2725567,Day,F,L,A,MYSE
151.909,8443,6/3/2015,5/26/2015,7:38:20,7,31,AH0,255,34.0803,Day,F,L,A,MYSE
151.909,8443,6/3/2015,5/29/2015,7:38:20,7,30.7,AH0,217,33.6181719,Day,F,L,A,MYSE
151.909,8443,6/3/2015,5/30/2015,7:38:20,7,29.9,AH0,168,32.2725567,Day,F,L,A,MYSE
151.909,8443,6/3/2015,5/29/2015,7:38:22,7,30.6,AH0,199,33.4590728,Day,F,L,A,MYSE
151.909,8443,6/3/2015,5/30/2015,7:38:22,7,29.9,AH0,172,32.2725567,Day,F,L,A,MYSE
151.909,8443,6/3/2015,5/28/2015,7:38:30,7,29.8,AH0,42,32.0924136,Day,F,L,A,MYSE
151.909,8443,6/3/2015,5/28/2015,7:38:32,7,29.9,AH0,12,32.2725567,Day,F,L,A,MYSE
151.909,8443,6/3/2015,5/28/2015,7:38:34,7,30.1,AH0,50,32.6247633,Day,F,L,A,MYSE
151.909,8443,6/3/2015,5/26/2015,7:38:36,7,30.7,AH0,255,33.6181719,Day,F,L,A,MYSE
151.909,8443,6/3/2015,5/28/2015,7:38:36,7,30,AH0,43,32.45,Day,F,L,A,MYSE
151.909,8443,6/3/2015,5/29/2015,7:38:36,7,30.4,AH0,210,33.1331712,Day,F,L,A,MYSE
151.909,8443,6/3/2015,5/30/2015,7:38:36,7,29.9,AH0,169,32.2725567,Day,F,L,A,MYSE
151.909,8443,6/3/2015,5/26/2015,7:38:38,7,30.7,AH0,255,33.6181719,Day,F,L,A,MYSE
151.909,8443,6/3/2015,5/29/2015,7:38:38,7,30.4,AH0,206,33.1331712,Day,F,L,A,MYSE
151.909,8443,6/3/2015,5/30/2015,7:38:38,7,29.9,AH0,166,32.2725567,Day,F,L,A,MYSE
151.909,8443,6/3/2015,5/26/2015,7:38:40,7,30.7,AH0,255,33.6181719,Day,F,L,A,MYSE
151.909,8443,6/3/2015,5/29/2015,7:38:40,7,30.4,AH0,209,33.1331712,Day,F,L,A,MYSE
151.909,8443,6/3/2015,5/30/2015,7:38:40,7,29.9,AH0,168,32.2725567,Day,F,L,A,MYSE
151.909,8443,6/3/2015,5/26/2015,7:38:42,7,30.6,AH0,255,33.4590728,Day,F,L,A,MYSE
151.909,8443,6/3/2015,5/29/2015,7:38:42,7,30.4,AH0,211,33.1331712,Day,F,L,A,MYSE
151.909,8443,6/3/2015,5/30/2015,7:38:42,7,29.9,AH0,171,32.2725567,Day,F,L,A,MYSE
151.909,8443,6/3/2015,5/29/2015,7:38:44,7,30.3,AH0,211,32.9663291,Day,F,L,A,MYSE
151.909,8443,6/3/2015,5/26/2015,7:38:55,7,30.4,AH0,255,33.1331712,Day,F,L,A,MYSE
151.909,8443,6/3/2015,5/30/2015,7:38:56,7,29.9,AH0,170,32.2725567,Day,F,L,A,MYSE
151.909,8443,6/3/2015,5/26/2015,7:38:57,7,30.3,AH0,255,32.9663291,Day,F,L,A,MYSE
151.909,8443,6/3/2015,5/29/2015,7:38:58,7,30.2,AH0,209,32.7968664,Day,F,L,A,MYSE
151.909,8443,6/3/2015,5/30/2015,7:38:58,7,29.9,AH0,169,32.2725567,Day,F,L,A,MYSE
151.909,8443,6/3/2015,5/26/2015,7:38:59,7,30.3,AH0,254,32.9663291,Day,F,L,A,MYSE
151.909,8443,6/3/2015,5/29/2015,7:39:00,7,30.2,AH0,210,32.7968664,Day,F,L,A,MYSE
151.909,8443,6/3/2015,5/30/2015,7:39:00,7,29.9,AH0,173,32.2725567,Day,F,L,A,MYSE
151.909,8443,6/3/2015,5/26/2015,7:39:01,7,30.3,AH0,255,32.9663291,Day,F,L,A,MYSE
151.909,8443,6/3/2015,5/29/2015,7:39:02,7,30.2,AH0,214,32.7968664,Day,F,L,A,MYSE
151.909,8443,6/3/2015,5/30/2015,7:39:02,7,29.9,AH0,170,32.2725567,Day,F,L,A,MYSE
151.909,8443,6/3/2015,5/29/2015,7:39:04,7,30.2,AH0,214,32.7968664,Day,F,L,A,MYSE
151.909,8443,6/3/2015,5/26/2015,7:39:15,7,30.2,AH0,255,32.7968664,Day,F,L,A,MYSE
151.909,8443,6/3/2015,5/30/2015,7:39:16,7,29.9,AH0,172,32.2725567,Day,F,L,A,MYSE
151.909,8443,6/3/2015,5/26/2015,7:39:17,7,30.2,AH0,255,32.7968664,Day,F,L,A,MYSE
151.909,8443,6/3/2015,5/29/2015,7:39:18,7,29.8,AH0,187,32.0924136,Day,F,L,A,MYSE
151.909,8443,6/3/2015,5/30/2015,7:39:18,7,29.9,AH0,170,32.2725567,Day,F,L,A,MYSE
151.909,8443,6/3/2015,5/26/2015,7:39:19,7,30.2,AH0,255,32.7968664,Day,F,L,A,MYSE
151.909,8443,6/3/2015,5/29/2015,7:39:20,7,29.8,AH0,192,32.0924136,Day,F,L,A,MYSE
151.909,8443,6/3/2015,5/30/2015,7:39:20,7,29.9,AH0,167,32.2725567,Day,F,L,A,MYSE
151.909,8443,6/3/2015,5/26/2015,7:39:21,7,30.1,AH0,255,32.6247633,Day,F,L,A,MYSE
151.909,8443,6/3/2015,5/29/2015,7:39:22,7,29.8,AH0,190,32.0924136,Day,F,L,A,MYSE
151.909,8443,6/3/2015,5/30/2015,7:39:22,7,29.9,AH0,165,32.2725567,Day,F,L,A,MYSE
151.909,8443,6/3/2015,5/29/2015,7:39:24,7,29.7,AH0,187,31.9095509,Day,F,L,A,MYSE
151.909,8443,6/3/2015,5/26/2015,7:39:35,7,30,AH0,255,32.45,Day,F,L,A,MYSE
151.909,8443,6/3/2015,5/30/2015,7:39:36,7,29.9,AH0,169,32.2725567,Day,F,L,A,MYSE
151.909,8443,6/3/2015,5/26/2015,7:39:37,7,30,AH0,255,32.45,Day,F,L,A,MYSE
151.909,8443,6/3/2015,5/29/2015,7:39:38,7,29.6,AH0,205,31.7239488,Day,F,L,A,MYSE
151.909,8443,6/3/2015,5/30/2015,7:39:38,7,29.9,AH0,168,32.2725567,Day,F,L,A,MYSE
151.909,8443,6/3/2015,5/26/2015,7:39:39,7,30,AH0,254,32.45,Day,F,L,A,MYSE
151.909,8443,6/3/2015,5/29/2015,7:39:40,7,29.6,AH0,209,31.7239488,Day,F,L,A,MYSE
151.909,8443,6/3/2015,5/30/2015,7:39:40,7,29.9,AH0,168,32.2725567,Day,F,L,A,MYSE
151.909,8443,6/3/2015,5/26/2015,7:39:41,7,29.9,AH0,255,32.2725567,Day,F,L,A,MYSE
151.909,8443,6/3/2015,5/29/2015,7:39:42,7,29.6,AH0,218,31.7239488,Day,F,L,A,MYSE
151.909,8443,6/3/2015,5/30/2015,7:39:42,7,29.9,AH0,170,32.2725567,Day,F,L,A,MYSE
151.909,8443,6/3/2015,5/26/2015,7:39:55,7,30,AH0,255,32.45,Day,F,L,A,MYSE
151.909,8443,6/3/2015,5/29/2015,7:39:56,7,30.1,AH0,234,32.6247633,Day,F,L,A,MYSE
151.909,8443,6/3/2015,5/30/2015,7:39:56,7,29.9,AH0,168,32.2725567,Day,F,L,A,MYSE
151.909,8443,6/3/2015,5/26/2015,7:39:57,7,30,AH0,255,32.45,Day,F,L,A,MYSE
151.909,8443,6/3/2015,5/29/2015,7:39:58,7,30.2,AH0,239,32.7968664,Day,F,L,A,MYSE
151.909,8443,6/3/2015,5/30/2015,7:39:58,7,29.9,AH0,169,32.2725567,Day,F,L,A,MYSE
151.909,8443,6/3/2015,5/26/2015,7:39:59,7,30,AH0,255,32.45,Day,F,L,A,MYSE
151.909,8443,6/3/2015,5/29/2015,7:40:00,7,30.3,AH0,246,32.9663291,Day,F,L,A,MYSE
151.909,8443,6/3/2015,5/30/2015,7:40:00,7,29.9,AH0,167,32.2725567,Day,F,L,A,MYSE
151.909,8443,6/3/2015,5/26/2015,7:40:01,7,30,AH0,255,32.45,Day,F,L,A,MYSE
151.909,8443,6/3/2015,5/29/2015,7:40:02,7,30.4,AH0,247,33.1331712,Day,F,L,A,MYSE
151.909,8443,6/3/2015,5/30/2015,7:40:02,7,29.9,AH0,170,32.2725567,Day,F,L,A,MYSE
151.909,8443,6/3/2015,5/28/2015,7:40:11,7,30,AH0,46,32.45,Day,F,L,A,MYSE
151.909,8443,6/3/2015,5/28/2015,7:40:14,7,29.8,AH0,40,32.0924136,Day,F,L,A,MYSE
151.909,8443,6/3/2015,5/26/2015,7:40:15,7,30,AH0,255,32.45,Day,F,L,A,MYSE
151.909,8443,6/3/2015,5/28/2015,7:40:16,7,29.8,AH0,41,32.0924136,Day,F,L,A,MYSE
151.909,8443,6/3/2015,5/30/2015,7:40:16,7,29.9,AH0,166,32.2725567,Day,F,L,A,MYSE
151.909,8443,6/3/2015,5/26/2015,7:40:17,7,30,AH0,254,32.45,Day,F,L,A,MYSE
151.909,8443,6/3/2015,5/28/2015,7:40:18,7,29.9,AH0,54,32.2725567,Day,F,L,A,MYSE
151.909,8443,6/3/2015,5/29/2015,7:40:18,7,30.8,AH0,232,33.7747296,Day,F,L,A,MYSE
151.909,8443,6/3/2015,5/30/2015,7:40:18,7,29.8,AH0,169,32.0924136,Day,F,L,A,MYSE
151.909,8443,6/3/2015,5/26/2015,7:40:19,7,30,AH0,255,32.45,Day,F,L,A,MYSE
151.909,8443,6/3/2015,5/29/2015,7:40:20,7,30.8,AH0,230,33.7747296,Day,F,L,A,MYSE
151.909,8443,6/3/2015,5/30/2015,7:40:20,7,29.9,AH0,167,32.2725567,Day,F,L,A,MYSE
151.909,8443,6/3/2015,5/26/2015,7:40:21,7,30,AH0,255,32.45,Day,F,L,A,MYSE
151.909,8443,6/3/2015,5/29/2015,7:40:22,7,30.9,AH0,227,33.9287657,Day,F,L,A,MYSE
151.909,8443,6/3/2015,5/30/2015,7:40:22,7,29.9,AH0,169,32.2725567,Day,F,L,A,MYSE
151.909,8443,6/3/2015,5/29/2015,7:40:23,7,30.9,AH0,221,33.9287657,Day,F,L,A,MYSE
151.909,8443,6/3/2015,5/26/2015,7:40:35,7,29.9,AH0,254,32.2725567,Day,F,L,A,MYSE
151.909,8443,6/3/2015,5/30/2015,7:40:36,7,29.8,AH0,168,32.0924136,Day,F,L,A,MYSE
151.909,8443,6/3/2015,5/26/2015,7:40:37,7,29.9,AH0,255,32.2725567,Day,F,L,A,MYSE
151.909,8443,6/3/2015,5/29/2015,7:40:37,7,31.5,AH0,233,34.8011375,Day,F,L,A,MYSE
151.909,8443,6/3/2015,5/30/2015,7:40:38,7,29.8,AH0,166,32.0924136,Day,F,L,A,MYSE
151.909,8443,6/3/2015,5/26/2015,7:40:39,7,29.9,AH0,255,32.2725567,Day,F,L,A,MYSE
151.909,8443,6/3/2015,5/29/2015,7:40:39,7,31.6,AH0,244,34.9380768,Day,F,L,A,MYSE
151.909,8443,6/3/2015,5/30/2015,7:40:40,7,29.8,AH0,166,32.0924136,Day,F,L,A,MYSE
151.909,8443,6/3/2015,5/26/2015,7:40:41,7,29.9,AH0,255,32.2725567,Day,F,L,A,MYSE
151.909,8443,6/3/2015,5/29/2015,7:40:41,7,31.6,AH0,246,34.9380768,Day,F,L,A,MYSE
151.909,8443,6/3/2015,5/30/2015,7:40:42,7,29.8,AH0,168,32.0924136,Day,F,L,A,MYSE
151.909,8443,6/3/2015,5/29/2015,7:40:43,7,31.5,AH0,239,34.8011375,Day,F,L,A,MYSE
151.909,8443,6/3/2015,5/29/2015,7:40:43,7,101.4,AH0,243,676.2400952,Day,F,L,A,MYSE
151.909,8443,6/3/2015,5/26/2015,7:40:55,7,29.8,AH0,255,32.0924136,Day,F,L,A,MYSE
151.909,8443,6/3/2015,5/30/2015,7:40:56,7,29.8,AH0,165,32.0924136,Day,F,L,A,MYSE
151.909,8443,6/3/2015,5/26/2015,7:40:57,7,29.8,AH0,255,32.0924136,Day,F,L,A,MYSE
151.909,8443,6/3/2015,5/29/2015,7:40:57,7,30.9,AH0,239,33.9287657,Day,F,L,A,MYSE
151.909,8443,6/3/2015,5/30/2015,7:40:58,7,29.8,AH0,163,32.0924136,Day,F,L,A,MYSE
151.909,8443,6/3/2015,5/26/2015,7:40:59,7,29.8,AH0,255,32.0924136,Day,F,L,A,MYSE
151.909,8443,6/3/2015,5/29/2015,7:40:59,7,30.8,AH0,242,33.7747296,Day,F,L,A,MYSE
151.909,8443,6/3/2015,5/30/2015,7:41:00,7,29.8,AH0,167,32.0924136,Day,F,L,A,MYSE
151.909,8443,6/3/2015,5/26/2015,7:41:01,7,29.8,AH0,255,32.0924136,Day,F,L,A,MYSE
151.909,8443,6/3/2015,5/29/2015,7:41:01,7,30.8,AH0,244,33.7747296,Day,F,L,A,MYSE
151.909,8443,6/3/2015,5/30/2015,7:41:02,7,29.8,AH0,166,32.0924136,Day,F,L,A,MYSE
151.909,8443,6/3/2015,5/29/2015,7:41:03,7,30.8,AH0,243,33.7747296,Day,F,L,A,MYSE
151.909,8443,6/3/2015,5/28/2015,7:41:12,7,29.9,AH0,53,32.2725567,Day,F,L,A,MYSE
151.909,8443,6/3/2015,5/28/2015,7:41:14,7,29.9,AH0,40,32.2725567,Day,F,L,A,MYSE
151.909,8443,6/3/2015,5/26/2015,7:41:16,7,29.8,AH0,255,32.0924136,Day,F,L,A,MYSE
151.909,8443,6/3/2015,5/28/2015,7:41:16,7,30,AH0,49,32.45,Day,F,L,A,MYSE
151.909,8443,6/3/2015,5/29/2015,7:41:17,7,30.6,AH0,239,33.4590728,Day,F,L,A,MYSE
151.909,8443,6/3/2015,5/30/2015,7:41:17,7,29.8,AH0,166,32.0924136,Day,F,L,A,MYSE
151.909,8443,6/3/2015,5/26/2015,7:41:18,7,29.8,AH0,255,32.0924136,Day,F,L,A,MYSE
151.909,8443,6/3/2015,5/28/2015,7:41:18,7,29.9,AH0,53,32.2725567,Day,F,L,A,MYSE
151.909,8443,6/3/2015,5/29/2015,7:41:19,7,30.6,AH0,239,33.4590728,Day,F,L,A,MYSE
151.909,8443,6/3/2015,5/30/2015,7:41:19,7,29.8,AH0,167,32.0924136,Day,F,L,A,MYSE
151.909,8443,6/3/2015,5/26/2015,7:41:20,7,29.8,AH0,255,32.0924136,Day,F,L,A,MYSE
151.909,8443,6/3/2015,5/29/2015,7:41:21,7,30.5,AH0,239,33.2974125,Day,F,L,A,MYSE
151.909,8443,6/3/2015,5/30/2015,7:41:21,7,29.8,AH0,165,32.0924136,Day,F,L,A,MYSE
151.909,8443,6/3/2015,5/26/2015,7:41:22,7,29.8,AH0,255,32.0924136,Day,F,L,A,MYSE
151.909,8443,6/3/2015,5/29/2015,7:41:23,7,30.5,AH0,238,33.2974125,Day,F,L,A,MYSE
151.909,8443,6/3/2015,5/30/2015,7:41:23,7,29.8,AH0,169,32.0924136,Day,F,L,A,MYSE
151.909,8443,6/3/2015,5/28/2015,7:41:32,7,29.9,AH0,43,32.2725567,Day,F,L,A,MYSE
151.909,8443,6/3/2015,5/28/2015,7:41:34,7,30.2,AH0,49,32.7968664,Day,F,L,A,MYSE
151.909,8443,6/3/2015,5/26/2015,7:41:36,7,29.9,AH0,255,32.2725567,Day,F,L,A,MYSE
151.909,8443,6/3/2015,5/28/2015,7:41:36,7,30.2,AH0,64,32.7968664,Day,F,L,A,MYSE
151.909,8443,6/3/2015,5/29/2015,7:41:37,7,30.3,AH0,239,32.9663291,Day,F,L,A,MYSE
151.909,8443,6/3/2015,5/30/2015,7:41:37,7,29.7,AH0,167,31.9095509,Day,F,L,A,MYSE
151.909,8443,6/3/2015,5/26/2015,7:41:38,7,29.9,AH0,255,32.2725567,Day,F,L,A,MYSE
151.909,8443,6/3/2015,5/28/2015,7:41:38,7,30,AH0,63,32.45,Day,F,L,A,MYSE
151.909,8443,6/3/2015,5/29/2015,7:41:39,7,30.2,AH0,239,32.7968664,Day,F,L,A,MYSE
151.909,8443,6/3/2015,5/30/2015,7:41:39,7,29.7,AH0,169,31.9095509,Day,F,L,A,MYSE
151.909,8443,6/3/2015,5/26/2015,7:41:40,7,29.9,AH0,255,32.2725567,Day,F,L,A,MYSE
151.909,8443,6/3/2015,5/29/2015,7:41:41,7,30.2,AH0,241,32.7968664,Day,F,L,A,MYSE
151.909,8443,6/3/2015,5/30/2015,7:41:41,7,29.7,AH0,171,31.9095509,Day,F,L,A,MYSE
151.909,8443,6/3/2015,5/26/2015,7:41:42,7,29.9,AH0,255,32.2725567,Day,F,L,A,MYSE
151.909,8443,6/3/2015,5/29/2015,7:41:43,7,30.2,AH0,237,32.7968664,Day,F,L,A,MYSE
151.909,8443,6/3/2015,5/30/2015,7:41:43,7,29.7,AH0,172,31.9095509,Day,F,L,A,MYSE
151.909,8443,6/3/2015,5/28/2015,7:41:52,7,30.1,AH0,55,32.6247633,Day,F,L,A,MYSE
151.909,8443,6/3/2015,5/28/2015,7:41:54,7,30,AH0,45,32.45,Day,F,L,A,MYSE
151.909,8443,6/3/2015,5/26/2015,7:41:56,7,29.9,AH0,255,32.2725567,Day,F,L,A,MYSE
151.909,8443,6/3/2015,5/28/2015,7:41:56,7,29.8,AH0,46,32.0924136,Day,F,L,A,MYSE
151.909,8443,6/3/2015,5/29/2015,7:41:57,7,30.1,AH0,235,32.6247633,Day,F,L,A,MYSE
151.909,8443,6/3/2015,5/30/2015,7:41:57,7,29.7,AH0,171,31.9095509,Day,F,L,A,MYSE
151.909,8443,6/3/2015,5/26/2015,7:41:58,7,29.9,AH0,255,32.2725567,Day,F,L,A,MYSE
151.909,8443,6/3/2015,5/28/2015,7:41:58,7,29.7,AH0,46,31.9095509,Day,F,L,A,MYSE
151.909,8443,6/3/2015,5/29/2015,7:41:59,7,30,AH0,236,32.45,Day,F,L,A,MYSE
151.909,8443,6/3/2015,5/30/2015,7:41:59,7,29.7,AH0,165,31.9095509,Day,F,L,A,MYSE
151.909,8443,6/3/2015,5/26/2015,7:42:00,7,29.9,AH0,255,32.2725567,Day,F,L,A,MYSE
151.909,8443,6/3/2015,5/29/2015,7:42:01,7,30,AH0,236,32.45,Day,F,L,A,MYSE
151.909,8443,6/3/2015,5/30/2015,7:42:01,7,29.7,AH0,168,31.9095509,Day,F,L,A,MYSE
151.909,8443,6/3/2015,5/26/2015,7:42:02,7,29.9,AH0,255,32.2725567,Day,F,L,A,MYSE
151.909,8443,6/3/2015,5/29/2015,7:42:03,7,30,AH0,234,32.45,Day,F,L,A,MYSE
151.909,8443,6/3/2015,5/30/2015,7:42:03,7,29.7,AH0,170,31.9095509,Day,F,L,A,MYSE
151.909,8443,6/3/2015,5/26/2015,7:42:16,7,29.8,AH0,255,32.0924136,Day,F,L,A,MYSE
151.909,8443,6/3/2015,5/29/2015,7:42:17,7,29.9,AH0,234,32.2725567,Day,F,L,A,MYSE
151.909,8443,6/3/2015,5/30/2015,7:42:17,7,29.7,AH0,166,31.9095509,Day,F,L,A,MYSE
151.909,8443,6/3/2015,5/26/2015,7:42:18,7,29.8,AH0,255,32.0924136,Day,F,L,A,MYSE
151.909,8443,6/3/2015,5/29/2015,7:42:19,7,29.9,AH0,235,32.2725567,Day,F,L,A,MYSE
151.909,8443,6/3/2015,5/30/2015,7:42:19,7,29.7,AH0,166,31.9095509,Day,F,L,A,MYSE
151.909,8443,6/3/2015,5/26/2015,7:42:20,7,29.8,AH0,255,32.0924136,Day,F,L,A,MYSE
151.909,8443,6/3/2015,5/29/2015,7:42:21,7,29.9,AH0,233,32.2725567,Day,F,L,A,MYSE
151.909,8443,6/3/2015,5/30/2015,7:42:21,7,29.7,AH0,171,31.9095509,Day,F,L,A,MYSE
151.909,8443,6/3/2015,5/26/2015,7:42:22,7,29.8,AH0,255,32.0924136,Day,F,L,A,MYSE
151.909,8443,6/3/2015,5/29/2015,7:42:23,7,29.9,AH0,231,32.2725567,Day,F,L,A,MYSE
151.909,8443,6/3/2015,5/30/2015,7:42:23,7,29.7,AH0,168,31.9095509,Day,F,L,A,MYSE
151.909,8443,6/3/2015,5/28/2015,7:42:31,7,29.3,AH0,55,31.1505081,Day,F,L,A,MYSE
151.909,8443,6/3/2015,5/28/2015,7:42:33,7,29.4,AH0,43,31.3444472,Day,F,L,A,MYSE
151.909,8443,6/3/2015,5/28/2015,7:42:35,7,29.4,AH0,54,31.3444472,Day,F,L,A,MYSE
151.909,8443,6/3/2015,5/30/2015,7:42:35,7,29.7,AH0,167,31.9095509,Day,F,L,A,MYSE
151.909,8443,6/3/2015,5/26/2015,7:42:36,7,30.1,AH0,255,32.6247633,Day,F,L,A,MYSE
151.909,8443,6/3/2015,5/28/2015,7:42:37,7,29.4,AH0,52,31.3444472,Day,F,L,A,MYSE
151.909,8443,6/3/2015,5/29/2015,7:42:37,7,29.8,AH0,235,32.0924136,Day,F,L,A,MYSE
151.909,8443,6/3/2015,5/30/2015,7:42:37,7,29.7,AH0,170,31.9095509,Day,F,L,A,MYSE
151.909,8443,6/3/2015,5/26/2015,7:42:38,7,30.2,AH0,255,32.7968664,Day,F,L,A,MYSE
151.909,8443,6/3/2015,5/29/2015,7:42:39,7,29.8,AH0,234,32.0924136,Day,F,L,A,MYSE
151.909,8443,6/3/2015,5/30/2015,7:42:39,7,29.7,AH0,165,31.9095509,Day,F,L,A,MYSE
151.909,8443,6/3/2015,5/26/2015,7:42:40,7,30.2,AH0,255,32.7968664,Day,F,L,A,MYSE
151.909,8443,6/3/2015,5/29/2015,7:42:41,7,29.8,AH0,234,32.0924136,Day,F,L,A,MYSE
151.909,8443,6/3/2015,5/30/2015,7:42:41,7,29.7,AH0,171,31.9095509,Day,F,L,A,MYSE
151.909,8443,6/3/2015,5/26/2015,7:42:42,7,30.2,AH0,255,32.7968664,Day,F,L,A,MYSE
151.909,8443,6/3/2015,5/29/2015,7:42:43,7,29.8,AH0,234,32.0924136,Day,F,L,A,MYSE
151.909,8443,6/3/2015,5/28/2015,7:42:52,7,29,AH0,47,30.5517,Day,F,L,A,MYSE
151.909,8443,6/3/2015,5/28/2015,7:42:54,7,29,AH0,44,30.5517,Day,F,L,A,MYSE
151.909,8443,6/3/2015,5/30/2015,7:42:55,7,29.8,AH0,167,32.0924136,Day,F,L,A,MYSE
151.909,8443,6/3/2015,5/26/2015,7:42:56,7,30.2,AH0,255,32.7968664,Day,F,L,A,MYSE
151.909,8443,6/3/2015,5/28/2015,7:42:56,7,29.1,AH0,46,30.7541543,Day,F,L,A,MYSE
151.909,8443,6/3/2015,5/29/2015,7:42:57,7,29.6,AH0,236,31.7239488,Day,F,L,A,MYSE
151.909,8443,6/3/2015,5/30/2015,7:42:57,7,29.8,AH0,169,32.0924136,Day,F,L,A,MYSE
151.909,8443,6/3/2015,5/26/2015,7:42:58,7,30.2,AH0,255,32.7968664,Day,F,L,A,MYSE
151.909,8443,6/3/2015,5/28/2015,7:42:58,7,29,AH0,48,30.5517,Day,F,L,A,MYSE
151.909,8443,6/3/2015,5/29/2015,7:42:59,7,29.6,AH0,237,31.7239488,Day,F,L,A,MYSE
151.909,8443,6/3/2015,5/30/2015,7:42:59,7,29.8,AH0,169,32.0924136,Day,F,L,A,MYSE
151.909,8443,6/3/2015,5/26/2015,7:43:00,7,30.2,AH0,255,32.7968664,Day,F,L,A,MYSE
151.909,8443,6/3/2015,5/29/2015,7:43:01,7,29.6,AH0,238,31.7239488,Day,F,L,A,MYSE
151.909,8443,6/3/2015,5/26/2015,7:43:02,7,30.1,AH0,255,32.6247633,Day,F,L,A,MYSE
151.909,8443,6/3/2015,5/30/2015,7:43:02,7,29.8,AH0,168,32.0924136,Day,F,L,A,MYSE
151.909,8443,6/3/2015,5/29/2015,7:43:03,7,29.6,AH0,239,31.7239488,Day,F,L,A,MYSE
151.909,8443,6/3/2015,5/26/2015,7:43:16,7,30.2,AH0,223,32.7968664,Day,F,L,A,MYSE
151.909,8443,6/3/2015,5/30/2015,7:43:16,7,29.8,AH0,168,32.0924136,Day,F,L,A,MYSE
151.909,8443,6/3/2015,5/29/2015,7:43:17,7,29.5,AH0,238,31.5355875,Day,F,L,A,MYSE
151.909,8443,6/3/2015,5/26/2015,7:43:18,7,30.2,AH0,254,32.7968664,Day,F,L,A,MYSE
151.909,8443,6/3/2015,5/30/2015,7:43:18,7,29.8,AH0,173,32.0924136,Day,F,L,A,MYSE
151.909,8443,6/3/2015,5/29/2015,7:43:19,7,29.5,AH0,236,31.5355875,Day,F,L,A,MYSE
151.909,8443,6/3/2015,5/26/2015,7:43:20,7,30.2,AH0,245,32.7968664,Day,F,L,A,MYSE
151.909,8443,6/3/2015,5/30/2015,7:43:20,7,29.8,AH0,171,32.0924136,Day,F,L,A,MYSE
151.909,8443,6/3/2015,5/29/2015,7:43:21,7,29.5,AH0,231,31.5355875,Day,F,L,A,MYSE
151.909,8443,6/3/2015,5/26/2015,7:43:22,7,30.2,AH0,253,32.7968664,Day,F,L,A,MYSE
151.909,8443,6/3/2015,5/30/2015,7:43:22,7,29.8,AH0,173,32.0924136,Day,F,L,A,MYSE
151.909,8443,6/3/2015,5/29/2015,7:43:23,7,29.4,AH0,233,31.3444472,Day,F,L,A,MYSE
151.909,8443,6/3/2015,5/26/2015,7:43:35,7,30.3,AH0,255,32.9663291,Day,F,L,A,MYSE
151.909,8443,6/3/2015,5/30/2015,7:43:36,7,29.7,AH0,168,31.9095509,Day,F,L,A,MYSE
151.909,8443,6/3/2015,5/26/2015,7:43:37,7,30.2,AH0,255,32.7968664,Day,F,L,A,MYSE
151.909,8443,6/3/2015,5/29/2015,7:43:38,7,29.2,AH0,231,30.9537504,Day,F,L,A,MYSE
151.909,8443,6/3/2015,5/30/2015,7:43:38,7,29.7,AH0,171,31.9095509,Day,F,L,A,MYSE
151.909,8443,6/3/2015,5/26/2015,7:43:39,7,30.2,AH0,255,32.7968664,Day,F,L,A,MYSE
151.909,8443,6/3/2015,5/29/2015,7:43:40,7,29.2,AH0,235,30.9537504,Day,F,L,A,MYSE
151.909,8443,6/3/2015,5/30/2015,7:43:40,7,29.7,AH0,167,31.9095509,Day,F,L,A,MYSE
151.909,8443,6/3/2015,5/26/2015,7:43:41,7,30.1,AH0,255,32.6247633,Day,F,L,A,MYSE
151.909,8443,6/3/2015,5/29/2015,7:43:42,7,29.1,AH0,234,30.7541543,Day,F,L,A,MYSE
151.909,8443,6/3/2015,5/30/2015,7:43:42,7,29.7,AH0,171,31.9095509,Day,F,L,A,MYSE
151.909,8443,6/3/2015,5/26/2015,7:43:55,7,30.1,AH0,255,32.6247633,Day,F,L,A,MYSE
151.909,8443,6/3/2015,5/29/2015,7:43:56,7,28.9,AH0,234,30.3463677,Day,F,L,A,MYSE
151.909,8443,6/3/2015,5/30/2015,7:43:56,7,29.8,AH0,170,32.0924136,Day,F,L,A,MYSE
151.909,8443,6/3/2015,5/26/2015,7:43:57,7,30.1,AH0,255,32.6247633,Day,F,L,A,MYSE
151.909,8443,6/3/2015,5/29/2015,7:43:58,7,28.9,AH0,234,30.3463677,Day,F,L,A,MYSE
151.909,8443,6/3/2015,5/30/2015,7:43:58,7,29.8,AH0,171,32.0924136,Day,F,L,A,MYSE
151.909,8443,6/3/2015,5/26/2015,7:43:59,7,30.2,AH0,255,32.7968664,Day,F,L,A,MYSE
151.909,8443,6/3/2015,5/29/2015,7:44:00,7,28.8,AH0,233,30.1381376,Day,F,L,A,MYSE
151.909,8443,6/3/2015,5/30/2015,7:44:00,7,29.8,AH0,170,32.0924136,Day,F,L,A,MYSE
151.909,8443,6/3/2015,5/26/2015,7:44:01,7,30.2,AH0,255,32.7968664,Day,F,L,A,MYSE
151.909,8443,6/3/2015,5/29/2015,7:44:02,7,28.8,AH0,234,30.1381376,Day,F,L,A,MYSE
151.909,8443,6/3/2015,5/30/2015,7:44:02,7,29.8,AH0,171,32.0924136,Day,F,L,A,MYSE
151.909,8443,6/3/2015,5/26/2015,7:44:15,7,30.6,AH0,255,33.4590728,Day,F,L,A,MYSE
151.909,8443,6/3/2015,5/28/2015,7:44:15,7,14.5,AH0,46,-39.3277875,Day,F,L,A,MYSE
151.909,8443,6/3/2015,5/30/2015,7:44:16,7,29.8,AH0,169,32.0924136,Day,F,L,A,MYSE
151.909,8443,6/3/2015,5/26/2015,7:44:17,7,30.6,AH0,255,33.4590728,Day,F,L,A,MYSE
151.909,8443,6/3/2015,5/28/2015,7:44:17,7,29,AH0,49,30.5517,Day,F,L,A,MYSE
151.909,8443,6/3/2015,5/29/2015,7:44:17,7,28.8,AH0,231,30.1381376,Day,F,L,A,MYSE
151.909,8443,6/3/2015,5/30/2015,7:44:18,7,29.8,AH0,169,32.0924136,Day,F,L,A,MYSE
151.909,8443,6/3/2015,5/26/2015,7:44:19,7,30.7,AH0,255,33.6181719,Day,F,L,A,MYSE
151.909,8443,6/3/2015,5/29/2015,7:44:19,7,28.8,AH0,229,30.1381376,Day,F,L,A,MYSE
151.909,8443,6/3/2015,5/30/2015,7:44:20,7,29.8,AH0,171,32.0924136,Day,F,L,A,MYSE
151.909,8443,6/3/2015,5/26/2015,7:44:21,7,30.7,AH0,251,33.6181719,Day,F,L,A,MYSE
151.909,8443,6/3/2015,5/29/2015,7:44:21,7,28.8,AH0,233,30.1381376,Day,F,L,A,MYSE
151.909,8443,6/3/2015,5/30/2015,7:44:22,7,29.8,AH0,170,32.0924136,Day,F,L,A,MYSE
151.909,8443,6/3/2015,5/29/2015,7:44:23,7,28.8,AH0,230,30.1381376,Day,F,L,A,MYSE
151.909,8443,6/3/2015,5/28/2015,7:44:31,7,29.2,AH0,54,30.9537504,Day,F,L,A,MYSE
151.909,8443,6/3/2015,5/28/2015,7:44:33,7,29,AH0,43,30.5517,Day,F,L,A,MYSE
151.909,8443,6/3/2015,5/26/2015,7:44:35,7,30.8,AH0,223,33.7747296,Day,F,L,A,MYSE
151.909,8443,6/3/2015,5/30/2015,7:44:36,7,29.7,AH0,173,31.9095509,Day,F,L,A,MYSE
151.909,8443,6/3/2015,5/26/2015,7:44:37,7,30.8,AH0,205,33.7747296,Day,F,L,A,MYSE
151.909,8443,6/3/2015,5/28/2015,7:44:37,7,14.5,AH0,47,-39.3277875,Day,F,L,A,MYSE
151.909,8443,6/3/2015,5/29/2015,7:44:38,7,28.7,AH0,235,29.9269899,Day,F,L,A,MYSE
151.909,8443,6/3/2015,5/30/2015,7:44:38,7,29.7,AH0,168,31.9095509,Day,F,L,A,MYSE
151.909,8443,6/3/2015,5/26/2015,7:44:39,7,30.7,AH0,181,33.6181719,Day,F,L,A,MYSE
151.909,8443,6/3/2015,5/29/2015,7:44:40,7,28.7,AH0,231,29.9269899,Day,F,L,A,MYSE
151.909,8443,6/3/2015,5/30/2015,7:44:40,7,29.7,AH0,169,31.9095509,Day,F,L,A,MYSE
151.909,8443,6/3/2015,5/26/2015,7:44:41,7,30.6,AH0,157,33.4590728,Day,F,L,A,MYSE
151.909,8443,6/3/2015,5/29/2015,7:44:42,7,28.7,AH0,236,29.9269899,Day,F,L,A,MYSE
151.909,8443,6/3/2015,5/30/2015,7:44:42,7,29.7,AH0,171,31.9095509,Day,F,L,A,MYSE
151.909,8443,6/3/2015,5/26/2015,7:44:54,7,30.2,AH0,192,32.7968664,Day,F,L,A,MYSE
151.909,8443,6/3/2015,5/26/2015,7:44:56,7,30.2,AH0,194,32.7968664,Day,F,L,A,MYSE
151.909,8443,6/3/2015,5/29/2015,7:44:57,7,28.6,AH0,233,29.7129048,Day,F,L,A,MYSE
151.909,8443,6/3/2015,5/30/2015,7:44:57,7,29.7,AH0,168,31.9095509,Day,F,L,A,MYSE
151.909,8443,6/3/2015,5/26/2015,7:44:58,7,30.2,AH0,191,32.7968664,Day,F,L,A,MYSE
151.909,8443,6/3/2015,5/29/2015,7:44:59,7,28.5,AH0,234,29.4958625,Day,F,L,A,MYSE
151.909,8443,6/3/2015,5/30/2015,7:44:59,7,29.7,AH0,171,31.9095509,Day,F,L,A,MYSE
151.909,8443,6/3/2015,5/26/2015,7:45:00,7,30.1,AH0,195,32.6247633,Day,F,L,A,MYSE
151.909,8443,6/3/2015,5/29/2015,7:45:01,7,28.5,AH0,234,29.4958625,Day,F,L,A,MYSE
151.909,8443,6/3/2015,5/30/2015,7:45:01,7,29.7,AH0,172,31.9095509,Day,F,L,A,MYSE
151.909,8443,6/3/2015,5/29/2015,7:45:03,7,28.5,AH0,231,29.4958625,Day,F,L,A,MYSE
151.909,8443,6/3/2015,5/30/2015,7:45:03,7,29.7,AH0,171,31.9095509,Day,F,L,A,MYSE
151.909,8443,6/3/2015,5/28/2015,7:45:12,7,29.3,AH0,50,31.1505081,Day,F,L,A,MYSE
151.909,8443,6/3/2015,5/26/2015,7:45:14,7,29.8,AH0,218,32.0924136,Day,F,L,A,MYSE
151.909,8443,6/3/2015,5/28/2015,7:45:14,7,29.2,AH0,50,30.9537504,Day,F,L,A,MYSE
151.909,8443,6/3/2015,5/26/2015,7:45:16,7,29.8,AH0,215,32.0924136,Day,F,L,A,MYSE
151.909,8443,6/3/2015,5/28/2015,7:45:16,7,29.2,AH0,45,30.9537504,Day,F,L,A,MYSE
151.909,8443,6/3/2015,5/30/2015,7:45:17,7,29.7,AH0,170,31.9095509,Day,F,L,A,MYSE
151.909,8443,6/3/2015,5/26/2015,7:45:18,7,29.8,AH0,214,32.0924136,Day,F,L,A,MYSE
151.909,8443,6/3/2015,5/29/2015,7:45:18,7,28.4,AH0,232,29.2758432,Day,F,L,A,MYSE
151.909,8443,6/3/2015,5/30/2015,7:45:19,7,29.7,AH0,174,31.9095509,Day,F,L,A,MYSE
151.909,8443,6/3/2015,5/26/2015,7:45:20,7,29.7,AH0,217,31.9095509,Day,F,L,A,MYSE
151.909,8443,6/3/2015,5/29/2015,7:45:20,7,28.4,AH0,234,29.2758432,Day,F,L,A,MYSE
151.909,8443,6/3/2015,5/30/2015,7:45:21,7,29.7,AH0,170,31.9095509,Day,F,L,A,MYSE
151.909,8443,6/3/2015,5/29/2015,7:45:22,7,28.4,AH0,232,29.2758432,Day,F,L,A,MYSE
151.909,8443,6/3/2015,5/30/2015,7:45:23,7,29.7,AH0,168,31.9095509,Day,F,L,A,MYSE
151.909,8443,6/3/2015,5/28/2015,7:45:33,7,29.1,AH0,44,30.7541543,Day,F,L,A,MYSE
151.909,8443,6/3/2015,5/26/2015,7:45:35,7,29.6,AH0,218,31.7239488,Day,F,L,A,MYSE
151.909,8443,6/3/2015,5/28/2015,7:45:35,7,29.1,AH0,40,30.7541543,Day,F,L,A,MYSE
151.909,8443,6/3/2015,5/30/2015,7:45:36,7,29.6,AH0,170,31.7239488,Day,F,L,A,MYSE
151.909,8443,6/3/2015,5/26/2015,7:45:37,7,29.6,AH0,216,31.7239488,Day,F,L,A,MYSE
151.909,8443,6/3/2015,5/28/2015,7:45:37,7,29,AH0,39,30.5517,Day,F,L,A,MYSE
151.909,8443,6/3/2015,5/29/2015,7:45:37,7,28.3,AH0,233,29.0528271,Day,F,L,A,MYSE
151.909,8443,6/3/2015,5/30/2015,7:45:38,7,29.6,AH0,170,31.7239488,Day,F,L,A,MYSE
151.909,8443,6/3/2015,5/26/2015,7:45:39,7,29.6,AH0,215,31.7239488,Day,F,L,A,MYSE
151.909,8443,6/3/2015,5/29/2015,7:45:39,7,28.3,AH0,233,29.0528271,Day,F,L,A,MYSE
151.909,8443,6/3/2015,5/30/2015,7:45:40,7,29.6,AH0,167,31.7239488,Day,F,L,A,MYSE
151.909,8443,6/3/2015,5/26/2015,7:45:41,7,29.5,AH0,216,31.5355875,Day,F,L,A,MYSE
151.909,8443,6/3/2015,5/29/2015,7:45:41,7,28.3,AH0,234,29.0528271,Day,F,L,A,MYSE
151.909,8443,6/3/2015,5/30/2015,7:45:42,7,29.6,AH0,169,31.7239488,Day,F,L,A,MYSE
151.909,8443,6/3/2015,5/29/2015,7:45:43,7,28.3,AH0,230,29.0528271,Day,F,L,A,MYSE
151.909,8443,6/3/2015,5/30/2015,7:45:54,7,29.7,AH0,171,31.9095509,Day,F,L,A,MYSE
151.909,8443,6/3/2015,5/26/2015,7:45:55,7,29.4,AH0,219,31.3444472,Day,F,L,A,MYSE
151.909,8443,6/3/2015,5/29/2015,7:45:56,7,28.3,AH0,232,29.0528271,Day,F,L,A,MYSE
151.909,8443,6/3/2015,5/30/2015,7:45:56,7,29.6,AH0,167,31.7239488,Day,F,L,A,MYSE
151.909,8443,6/3/2015,5/26/2015,7:45:57,7,29.4,AH0,221,31.3444472,Day,F,L,A,MYSE
151.909,8443,6/3/2015,5/29/2015,7:45:58,7,28.3,AH0,231,29.0528271,Day,F,L,A,MYSE
151.909,8443,6/3/2015,5/30/2015,7:45:58,7,29.6,AH0,170,31.7239488,Day,F,L,A,MYSE
151.909,8443,6/3/2015,5/26/2015,7:45:59,7,29.4,AH0,222,31.3444472,Day,F,L,A,MYSE
151.909,8443,6/3/2015,5/29/2015,7:46:00,7,28.2,AH0,229,28.8267944,Day,F,L,A,MYSE
151.909,8443,6/3/2015,5/30/2015,7:46:00,7,29.6,AH0,166,31.7239488,Day,F,L,A,MYSE
151.909,8443,6/3/2015,5/26/2015,7:46:01,7,29.4,AH0,221,31.3444472,Day,F,L,A,MYSE
151.909,8443,6/3/2015,5/29/2015,7:46:02,7,28.2,AH0,231,28.8267944,Day,F,L,A,MYSE
151.909,8443,6/3/2015,5/28/2015,7:46:12,7,29.2,AH0,42,30.9537504,Day,F,L,A,MYSE
151.909,8443,6/3/2015,5/28/2015,7:46:14,7,29,AH0,41,30.5517,Day,F,L,A,MYSE
151.909,8443,6/3/2015,5/30/2015,7:46:14,7,29.7,AH0,168,31.9095509,Day,F,L,A,MYSE
151.909,8443,6/3/2015,5/26/2015,7:46:15,7,29.3,AH0,219,31.1505081,Day,F,L,A,MYSE
151.909,8443,6/3/2015,5/28/2015,7:46:16,7,29.2,AH0,41,30.9537504,Day,F,L,A,MYSE
151.909,8443,6/3/2015,5/30/2015,7:46:16,7,29.7,AH0,168,31.9095509,Day,F,L,A,MYSE
151.909,8443,6/3/2015,5/26/2015,7:46:17,7,29.2,AH0,219,30.9537504,Day,F,L,A,MYSE
151.909,8443,6/3/2015,5/29/2015,7:46:17,7,28.2,AH0,232,28.8267944,Day,F,L,A,MYSE
151.909,8443,6/3/2015,5/30/2015,7:46:18,7,29.7,AH0,170,31.9095509,Day,F,L,A,MYSE
151.909,8443,6/3/2015,5/29/2015,7:46:19,7,28.2,AH0,229,28.8267944,Day,F,L,A,MYSE
151.909,8443,6/3/2015,5/26/2015,7:46:20,7,29.2,AH0,218,30.9537504,Day,F,L,A,MYSE
151.909,8443,6/3/2015,5/29/2015,7:46:21,7,28.2,AH0,229,28.8267944,Day,F,L,A,MYSE
151.909,8443,6/3/2015,5/30/2015,7:46:21,7,29.7,AH0,168,31.9095509,Day,F,L,A,MYSE
151.909,8443,6/3/2015,5/26/2015,7:46:22,7,29.2,AH0,220,30.9537504,Day,F,L,A,MYSE
151.909,8443,6/3/2015,5/29/2015,7:46:24,7,28.2,AH0,233,28.8267944,Day,F,L,A,MYSE
151.909,8443,6/3/2015,5/28/2015,7:46:35,7,29.2,AH0,41,30.9537504,Day,F,L,A,MYSE
151.909,8443,6/3/2015,5/30/2015,7:46:35,7,29.7,AH0,173,31.9095509,Day,F,L,A,MYSE
151.909,8443,6/3/2015,5/26/2015,7:46:36,7,29.1,AH0,219,30.7541543,Day,F,L,A,MYSE
151.909,8443,6/3/2015,5/29/2015,7:46:36,7,28.1,AH0,233,28.5977253,Day,F,L,A,MYSE
151.909,8443,6/3/2015,5/30/2015,7:46:37,7,29.7,AH0,168,31.9095509,Day,F,L,A,MYSE
151.909,8443,6/3/2015,5/26/2015,7:46:38,7,29.1,AH0,222,30.7541543,Day,F,L,A,MYSE
151.909,8443,6/3/2015,5/29/2015,7:46:39,7,28.1,AH0,229,28.5977253,Day,F,L,A,MYSE
151.909,8443,6/3/2015,5/30/2015,7:46:39,7,29.7,AH0,168,31.9095509,Day,F,L,A,MYSE
151.909,8443,6/3/2015,5/26/2015,7:46:40,7,29.1,AH0,222,30.7541543,Day,F,L,A,MYSE
151.909,8443,6/3/2015,5/29/2015,7:46:41,7,28.1,AH0,230,28.5977253,Day,F,L,A,MYSE
151.909,8443,6/3/2015,5/30/2015,7:46:41,7,29.7,AH0,174,31.9095509,Day,F,L,A,MYSE
151.909,8443,6/3/2015,5/29/2015,7:46:43,7,28.1,AH0,232,28.5977253,Day,F,L,A,MYSE
151.909,8443,6/3/2015,5/28/2015,7:46:51,7,29.3,AH0,49,31.1505081,Day,F,L,A,MYSE
151.909,8443,6/3/2015,5/28/2015,7:46:53,7,29.4,AH0,48,31.3444472,Day,F,L,A,MYSE
151.909,8443,6/3/2015,5/26/2015,7:46:55,7,29,AH0,223,30.5517,Day,F,L,A,MYSE
151.909,8443,6/3/2015,5/28/2015,7:46:55,7,29.4,AH0,46,31.3444472,Day,F,L,A,MYSE
151.909,8443,6/3/2015,5/30/2015,7:46:55,7,29.7,AH0,169,31.9095509,Day,F,L,A,MYSE
151.909,8443,6/3/2015,5/26/2015,7:46:57,7,29,AH0,220,30.5517,Day,F,L,A,MYSE
151.909,8443,6/3/2015,5/28/2015,7:46:57,7,29.3,AH0,45,31.1505081,Day,F,L,A,MYSE
151.909,8443,6/3/2015,5/30/2015,7:46:57,7,29.7,AH0,172,31.9095509,Day,F,L,A,MYSE
151.909,8443,6/3/2015,5/29/2015,7:46:58,7,28.1,AH0,229,28.5977253,Day,F,L,A,MYSE
151.909,8443,6/3/2015,5/26/2015,7:46:59,7,29,AH0,222,30.5517,Day,F,L,A,MYSE
151.909,8443,6/3/2015,5/30/2015,7:46:59,7,29.7,AH0,168,31.9095509,Day,F,L,A,MYSE
151.909,8443,6/3/2015,5/29/2015,7:47:00,7,28.1,AH0,230,28.5977253,Day,F,L,A,MYSE
151.909,8443,6/3/2015,5/26/2015,7:47:01,7,29,AH0,219,30.5517,Day,F,L,A,MYSE
151.909,8443,6/3/2015,5/30/2015,7:47:01,7,29.7,AH0,170,31.9095509,Day,F,L,A,MYSE
151.909,8443,6/3/2015,5/29/2015,7:47:02,7,28.1,AH0,229,28.5977253,Day,F,L,A,MYSE
151.909,8443,6/3/2015,5/26/2015,7:47:15,7,28.9,AH0,226,30.3463677,Day,F,L,A,MYSE
151.909,8443,6/3/2015,5/30/2015,7:47:15,7,29.7,AH0,173,31.9095509,Day,F,L,A,MYSE
151.909,8443,6/3/2015,5/26/2015,7:47:17,7,28.9,AH0,224,30.3463677,Day,F,L,A,MYSE
151.909,8443,6/3/2015,5/29/2015,7:47:17,7,28,AH0,231,28.3656,Day,F,L,A,MYSE
151.909,8443,6/3/2015,5/30/2015,7:47:17,7,29.7,AH0,167,31.9095509,Day,F,L,A,MYSE
151.909,8443,6/3/2015,5/26/2015,7:47:19,7,28.9,AH0,226,30.3463677,Day,F,L,A,MYSE
151.909,8443,6/3/2015,5/29/2015,7:47:19,7,28,AH0,229,28.3656,Day,F,L,A,MYSE
151.909,8443,6/3/2015,5/30/2015,7:47:19,7,29.7,AH0,171,31.9095509,Day,F,L,A,MYSE
151.909,8443,6/3/2015,5/29/2015,7:47:21,7,28,AH0,229,28.3656,Day,F,L,A,MYSE
151.909,8443,6/3/2015,5/30/2015,7:47:21,7,29.7,AH0,167,31.9095509,Day,F,L,A,MYSE
151.909,8443,6/3/2015,5/26/2015,7:47:22,7,28.9,AH0,225,30.3463677,Day,F,L,A,MYSE
151.909,8443,6/3/2015,5/29/2015,7:47:23,7,28,AH0,230,28.3656,Day,F,L,A,MYSE
151.909,8443,6/3/2015,5/26/2015,7:47:34,7,28.9,AH0,224,30.3463677,Day,F,L,A,MYSE
151.909,8443,6/3/2015,5/30/2015,7:47:35,7,29.7,AH0,169,31.9095509,Day,F,L,A,MYSE
151.909,8443,6/3/2015,5/26/2015,7:47:36,7,28.9,AH0,224,30.3463677,Day,F,L,A,MYSE
151.909,8443,6/3/2015,5/29/2015,7:47:36,7,28,AH0,229,28.3656,Day,F,L,A,MYSE
151.909,8443,6/3/2015,5/30/2015,7:47:37,7,29.7,AH0,169,31.9095509,Day,F,L,A,MYSE
151.909,8443,6/3/2015,5/26/2015,7:47:38,7,28.9,AH0,226,30.3463677,Day,F,L,A,MYSE
151.909,8443,6/3/2015,5/29/2015,7:47:38,7,28,AH0,226,28.3656,Day,F,L,A,MYSE
151.909,8443,6/3/2015,5/30/2015,7:47:39,7,29.7,AH0,170,31.9095509,Day,F,L,A,MYSE
151.909,8443,6/3/2015,5/26/2015,7:47:40,7,28.9,AH0,227,30.3463677,Day,F,L,A,MYSE
151.909,8443,6/3/2015,5/29/2015,7:47:41,7,28,AH0,229,28.3656,Day,F,L,A,MYSE
151.909,8443,6/3/2015,5/30/2015,7:47:41,7,29.7,AH0,170,31.9095509,Day,F,L,A,MYSE
151.909,8443,6/3/2015,5/29/2015,7:47:43,7,28,AH0,228,28.3656,Day,F,L,A,MYSE
151.909,8443,6/3/2015,5/26/2015,7:47:55,7,28.9,AH0,225,30.3463677,Day,F,L,A,MYSE
151.909,8443,6/3/2015,5/30/2015,7:47:56,7,29.7,AH0,170,31.9095509,Day,F,L,A,MYSE
151.909,8443,6/3/2015,5/26/2015,7:47:57,7,28.9,AH0,225,30.3463677,Day,F,L,A,MYSE
151.909,8443,6/3/2015,5/29/2015,7:47:58,7,28,AH0,227,28.3656,Day,F,L,A,MYSE
151.909,8443,6/3/2015,5/30/2015,7:47:58,7,29.7,AH0,169,31.9095509,Day,F,L,A,MYSE
151.909,8443,6/3/2015,5/26/2015,7:47:59,7,28.9,AH0,224,30.3463677,Day,F,L,A,MYSE
151.909,8443,6/3/2015,5/29/2015,7:48:00,7,28,AH0,224,28.3656,Day,F,L,A,MYSE
151.909,8443,6/3/2015,5/30/2015,7:48:00,7,29.7,AH0,168,31.9095509,Day,F,L,A,MYSE
151.909,8443,6/3/2015,5/26/2015,7:48:01,7,28.8,AH0,223,30.1381376,Day,F,L,A,MYSE
151.909,8443,6/3/2015,5/29/2015,7:48:02,7,28,AH0,231,28.3656,Day,F,L,A,MYSE
151.909,8443,6/3/2015,5/30/2015,7:48:02,7,29.6,AH0,168,31.7239488,Day,F,L,A,MYSE
151.909,8443,6/3/2015,5/26/2015,7:48:16,7,28.8,AH0,224,30.1381376,Day,F,L,A,MYSE
151.909,8443,6/3/2015,5/30/2015,7:48:16,7,29.6,AH0,166,31.7239488,Day,F,L,A,MYSE
151.909,8443,6/3/2015,5/29/2015,7:48:17,7,28,AH0,231,28.3656,Day,F,L,A,MYSE
151.909,8443,6/3/2015,5/26/2015,7:48:18,7,28.8,AH0,224,30.1381376,Day,F,L,A,MYSE
151.909,8443,6/3/2015,5/30/2015,7:48:18,7,29.6,AH0,172,31.7239488,Day,F,L,A,MYSE
151.909,8443,6/3/2015,5/29/2015,7:48:19,7,28,AH0,228,28.3656,Day,F,L,A,MYSE
151.909,8443,6/3/2015,5/26/2015,7:48:20,7,28.8,AH0,226,30.1381376,Day,F,L,A,MYSE
151.909,8443,6/3/2015,5/30/2015,7:48:20,7,29.6,AH0,168,31.7239488,Day,F,L,A,MYSE
151.909,8443,6/3/2015,5/29/2015,7:48:21,7,28,AH0,226,28.3656,Day,F,L,A,MYSE
151.909,8443,6/3/2015,5/26/2015,7:48:22,7,28.8,AH0,226,30.1381376,Day,F,L,A,MYSE
151.909,8443,6/3/2015,5/30/2015,7:48:22,7,29.6,AH0,169,31.7239488,Day,F,L,A,MYSE
151.909,8443,6/3/2015,5/29/2015,7:48:23,7,28,AH0,231,28.3656,Day,F,L,A,MYSE
151.909,8443,6/3/2015,5/28/2015,7:48:31,7,29.2,AH0,45,30.9537504,Day,F,L,A,MYSE
151.909,8443,6/3/2015,5/28/2015,7:48:33,7,29.3,AH0,51,31.1505081,Day,F,L,A,MYSE
151.909,8443,6/3/2015,5/26/2015,7:48:34,7,28.8,AH0,225,30.1381376,Day,F,L,A,MYSE
151.909,8443,6/3/2015,5/26/2015,7:48:36,7,28.8,AH0,223,30.1381376,Day,F,L,A,MYSE
151.909,8443,6/3/2015,5/29/2015,7:48:36,7,28,AH0,230,28.3656,Day,F,L,A,MYSE
151.909,8443,6/3/2015,5/30/2015,7:48:36,7,29.6,AH0,171,31.7239488,Day,F,L,A,MYSE
151.909,8443,6/3/2015,5/26/2015,7:48:38,7,28.8,AH0,224,30.1381376,Day,F,L,A,MYSE
151.909,8443,6/3/2015,5/30/2015,7:48:38,7,29.6,AH0,170,31.7239488,Day,F,L,A,MYSE
151.909,8443,6/3/2015,5/29/2015,7:48:39,7,28,AH0,228,28.3656,Day,F,L,A,MYSE
151.909,8443,6/3/2015,5/30/2015,7:48:40,7,29.6,AH0,166,31.7239488,Day,F,L,A,MYSE
151.909,8443,6/3/2015,5/26/2015,7:48:41,7,28.8,AH0,227,30.1381376,Day,F,L,A,MYSE
151.909,8443,6/3/2015,5/29/2015,7:48:41,7,28,AH0,231,28.3656,Day,F,L,A,MYSE
151.909,8443,6/3/2015,5/29/2015,7:48:43,7,28,AH0,230,28.3656,Day,F,L,A,MYSE
151.909,8443,6/3/2015,5/28/2015,7:48:53,7,15,AH0,60,-35.2525,Day,F,L,A,MYSE
151.909,8443,6/3/2015,5/30/2015,7:48:54,7,29.6,AH0,171,31.7239488,Day,F,L,A,MYSE
151.909,8443,6/3/2015,5/26/2015,7:48:55,7,28.7,AH0,225,29.9269899,Day,F,L,A,MYSE
151.909,8443,6/3/2015,5/28/2015,7:48:55,7,29.9,AH0,58,32.2725567,Day,F,L,A,MYSE
151.909,8443,6/3/2015,5/30/2015,7:48:56,7,29.6,AH0,168,31.7239488,Day,F,L,A,MYSE
151.909,8443,6/3/2015,5/26/2015,7:48:57,7,28.7,AH0,227,29.9269899,Day,F,L,A,MYSE
151.909,8443,6/3/2015,5/28/2015,7:48:57,7,29.8,AH0,54,32.0924136,Day,F,L,A,MYSE
151.909,8443,6/3/2015,5/29/2015,7:48:58,7,27.9,AH0,228,28.1303987,Day,F,L,A,MYSE
151.909,8443,6/3/2015,5/30/2015,7:48:58,7,29.6,AH0,167,31.7239488,Day,F,L,A,MYSE
151.909,8443,6/3/2015,5/26/2015,7:48:59,7,28.7,AH0,225,29.9269899,Day,F,L,A,MYSE
151.909,8443,6/3/2015,5/29/2015,7:49:00,7,27.9,AH0,230,28.1303987,Day,F,L,A,MYSE
151.909,8443,6/3/2015,5/30/2015,7:49:00,7,29.6,AH0,169,31.7239488,Day,F,L,A,MYSE
151.909,8443,6/3/2015,5/26/2015,7:49:01,7,28.7,AH0,226,29.9269899,Day,F,L,A,MYSE
151.909,8443,6/3/2015,5/29/2015,7:49:02,7,27.9,AH0,227,28.1303987,Day,F,L,A,MYSE
151.909,8443,6/3/2015,5/28/2015,7:49:11,7,30.3,AH0,56,32.9663291,Day,F,L,A,MYSE
151.909,8443,6/3/2015,5/28/2015,7:49:13,7,30.2,AH0,58,32.7968664,Day,F,L,A,MYSE
151.909,8443,6/3/2015,5/26/2015,7:49:14,7,28.7,AH0,226,29.9269899,Day,F,L,A,MYSE
151.909,8443,6/3/2015,5/28/2015,7:49:15,7,30.4,AH0,51,33.1331712,Day,F,L,A,MYSE
151.909,8443,6/3/2015,5/30/2015,7:49:15,7,29.6,AH0,171,31.7239488,Day,F,L,A,MYSE
151.909,8443,6/3/2015,5/26/2015,7:49:16,7,28.7,AH0,227,29.9269899,Day,F,L,A,MYSE
151.909,8443,6/3/2015,5/29/2015,7:49:17,7,27.9,AH0,227,28.1303987,Day,F,L,A,MYSE
151.909,8443,6/3/2015,5/30/2015,7:49:17,7,29.6,AH0,169,31.7239488,Day,F,L,A,MYSE
151.909,8443,6/3/2015,5/26/2015,7:49:18,7,28.7,AH0,226,29.9269899,Day,F,L,A,MYSE
151.909,8443,6/3/2015,5/29/2015,7:49:19,7,27.9,AH0,228,28.1303987,Day,F,L,A,MYSE
151.909,8443,6/3/2015,5/30/2015,7:49:19,7,29.6,AH0,168,31.7239488,Day,F,L,A,MYSE
151.909,8443,6/3/2015,5/26/2015,7:49:20,7,28.7,AH0,228,29.9269899,Day,F,L,A,MYSE
151.909,8443,6/3/2015,5/29/2015,7:49:21,7,27.9,AH0,228,28.1303987,Day,F,L,A,MYSE
151.909,8443,6/3/2015,5/30/2015,7:49:21,7,29.6,AH0,169,31.7239488,Day,F,L,A,MYSE
151.909,8443,6/3/2015,5/29/2015,7:49:24,7,27.9,AH0,227,28.1303987,Day,F,L,A,MYSE
151.909,8443,6/3/2015,5/28/2015,7:49:31,7,31.1,AH0,48,34.2293523,Day,F,L,A,MYSE
151.909,8443,6/3/2015,5/28/2015,7:49:33,7,31.1,AH0,50,34.2293523,Day,F,L,A,MYSE
151.909,8443,6/3/2015,5/26/2015,7:49:35,7,28.7,AH0,228,29.9269899,Day,F,L,A,MYSE
151.909,8443,6/3/2015,5/28/2015,7:49:35,7,31,AH0,51,34.0803,Day,F,L,A,MYSE
151.909,8443,6/3/2015,5/30/2015,7:49:35,7,29.6,AH0,168,31.7239488,Day,F,L,A,MYSE
151.909,8443,6/3/2015,5/26/2015,7:49:37,7,28.7,AH0,227,29.9269899,Day,F,L,A,MYSE
151.909,8443,6/3/2015,5/29/2015,7:49:37,7,27.9,AH0,229,28.1303987,Day,F,L,A,MYSE
151.909,8443,6/3/2015,5/30/2015,7:49:37,7,29.5,AH0,173,31.5355875,Day,F,L,A,MYSE
151.909,8443,6/3/2015,5/26/2015,7:49:39,7,28.7,AH0,227,29.9269899,Day,F,L,A,MYSE
151.909,8443,6/3/2015,5/29/2015,7:49:39,7,27.9,AH0,229,28.1303987,Day,F,L,A,MYSE
151.909,8443,6/3/2015,5/30/2015,7:49:39,7,29.5,AH0,172,31.5355875,Day,F,L,A,MYSE
151.909,8443,6/3/2015,5/26/2015,7:49:41,7,28.7,AH0,226,29.9269899,Day,F,L,A,MYSE
151.909,8443,6/3/2015,5/29/2015,7:49:41,7,27.9,AH0,228,28.1303987,Day,F,L,A,MYSE
151.909,8443,6/3/2015,5/30/2015,7:49:41,7,29.5,AH0,169,31.5355875,Day,F,L,A,MYSE
151.909,8443,6/3/2015,5/29/2015,7:49:43,7,27.9,AH0,230,28.1303987,Day,F,L,A,MYSE
151.909,8443,6/3/2015,5/30/2015,7:49:55,7,29.5,AH0,173,31.5355875,Day,F,L,A,MYSE
151.909,8443,6/3/2015,5/26/2015,7:49:56,7,28.7,AH0,226,29.9269899,Day,F,L,A,MYSE
151.909,8443,6/3/2015,5/29/2015,7:49:56,7,27.9,AH0,229,28.1303987,Day,F,L,A,MYSE
151.909,8443,6/3/2015,5/30/2015,7:49:57,7,29.5,AH0,168,31.5355875,Day,F,L,A,MYSE
151.909,8443,6/3/2015,5/26/2015,7:49:58,7,28.7,AH0,228,29.9269899,Day,F,L,A,MYSE
151.909,8443,6/3/2015,5/29/2015,7:49:58,7,27.9,AH0,230,28.1303987,Day,F,L,A,MYSE
151.909,8443,6/3/2015,5/30/2015,7:49:59,7,29.5,AH0,169,31.5355875,Day,F,L,A,MYSE
151.909,8443,6/3/2015,5/26/2015,7:50:00,7,28.8,AH0,226,30.1381376,Day,F,L,A,MYSE
151.909,8443,6/3/2015,5/29/2015,7:50:00,7,27.9,AH0,229,28.1303987,Day,F,L,A,MYSE
151.909,8443,6/3/2015,5/30/2015,7:50:01,7,29.5,AH0,172,31.5355875,Day,F,L,A,MYSE
151.909,8443,6/3/2015,5/29/2015,7:50:02,7,27.9,AH0,231,28.1303987,Day,F,L,A,MYSE
151.909,8443,6/3/2015,5/28/2015,7:50:11,7,31,AH0,52,34.0803,Day,F,L,A,MYSE
151.909,8443,6/3/2015,5/28/2015,7:50:13,7,31.1,AH0,55,34.2293523,Day,F,L,A,MYSE
151.909,8443,6/3/2015,5/26/2015,7:50:15,7,28.8,AH0,229,30.1381376,Day,F,L,A,MYSE
151.909,8443,6/3/2015,5/28/2015,7:50:15,7,31.1,AH0,50,34.2293523,Day,F,L,A,MYSE
151.909,8443,6/3/2015,5/30/2015,7:50:15,7,29.5,AH0,170,31.5355875,Day,F,L,A,MYSE
151.909,8443,6/3/2015,5/26/2015,7:50:17,7,28.8,AH0,226,30.1381376,Day,F,L,A,MYSE
151.909,8443,6/3/2015,5/28/2015,7:50:17,7,31,AH0,53,34.0803,Day,F,L,A,MYSE
151.909,8443,6/3/2015,5/29/2015,7:50:17,7,27.9,AH0,229,28.1303987,Day,F,L,A,MYSE
151.909,8443,6/3/2015,5/30/2015,7:50:18,7,29.5,AH0,169,31.5355875,Day,F,L,A,MYSE
151.909,8443,6/3/2015,5/26/2015,7:50:19,7,28.8,AH0,225,30.1381376,Day,F,L,A,MYSE
151.909,8443,6/3/2015,5/29/2015,7:50:20,7,27.9,AH0,231,28.1303987,Day,F,L,A,MYSE
151.909,8443,6/3/2015,5/30/2015,7:50:20,7,29.5,AH0,167,31.5355875,Day,F,L,A,MYSE
151.909,8443,6/3/2015,5/26/2015,7:50:21,7,28.8,AH0,226,30.1381376,Day,F,L,A,MYSE
151.909,8443,6/3/2015,5/29/2015,7:50:22,7,27.9,AH0,228,28.1303987,Day,F,L,A,MYSE
151.909,8443,6/3/2015,5/30/2015,7:50:22,7,29.5,AH0,167,31.5355875,Day,F,L,A,MYSE
151.909,8443,6/3/2015,5/26/2015,7:50:35,7,28.7,AH0,218,29.9269899,Day,F,L,A,MYSE
151.909,8443,6/3/2015,5/30/2015,7:50:36,7,29.6,AH0,168,31.7239488,Day,F,L,A,MYSE
151.909,8443,6/3/2015,5/26/2015,7:50:37,7,28.7,AH0,217,29.9269899,Day,F,L,A,MYSE
151.909,8443,6/3/2015,5/29/2015,7:50:37,7,27.9,AH0,229,28.1303987,Day,F,L,A,MYSE
151.909,8443,6/3/2015,5/30/2015,7:50:38,7,29.5,AH0,170,31.5355875,Day,F,L,A,MYSE
151.909,8443,6/3/2015,5/29/2015,7:50:39,7,27.9,AH0,229,28.1303987,Day,F,L,A,MYSE
151.909,8443,6/3/2015,5/26/2015,7:50:40,7,28.7,AH0,217,29.9269899,Day,F,L,A,MYSE
151.909,8443,6/3/2015,5/30/2015,7:50:40,7,29.6,AH0,169,31.7239488,Day,F,L,A,MYSE
151.909,8443,6/3/2015,5/29/2015,7:50:41,7,27.9,AH0,226,28.1303987,Day,F,L,A,MYSE
151.909,8443,6/3/2015,5/26/2015,7:50:42,7,28.7,AH0,217,29.9269899,Day,F,L,A,MYSE
151.909,8443,6/3/2015,5/30/2015,7:50:42,7,29.6,AH0,170,31.7239488,Day,F,L,A,MYSE
151.909,8443,6/3/2015,5/29/2015,7:50:43,7,27.9,AH0,229,28.1303987,Day,F,L,A,MYSE
151.909,8443,6/3/2015,5/28/2015,7:50:52,7,30.9,AH0,50,33.9287657,Day,F,L,A,MYSE
151.909,8443,6/3/2015,5/26/2015,7:50:54,7,28.7,AH0,237,29.9269899,Day,F,L,A,MYSE
151.909,8443,6/3/2015,5/28/2015,7:50:54,7,30.8,AH0,50,33.7747296,Day,F,L,A,MYSE
151.909,8443,6/3/2015,5/26/2015,7:50:56,7,28.7,AH0,232,29.9269899,Day,F,L,A,MYSE
151.909,8443,6/3/2015,5/28/2015,7:50:56,7,30.9,AH0,46,33.9287657,Day,F,L,A,MYSE
151.909,8443,6/3/2015,5/29/2015,7:50:56,7,27.9,AH0,227,28.1303987,Day,F,L,A,MYSE
151.909,8443,6/3/2015,5/30/2015,7:50:56,7,29.6,AH0,171,31.7239488,Day,F,L,A,MYSE
151.909,8443,6/3/2015,5/26/2015,7:50:58,7,28.7,AH0,229,29.9269899,Day,F,L,A,MYSE
151.909,8443,6/3/2015,5/28/2015,7:50:58,7,30.8,AH0,35,33.7747296,Day,F,L,A,MYSE
151.909,8443,6/3/2015,5/29/2015,7:50:58,7,27.9,AH0,229,28.1303987,Day,F,L,A,MYSE
151.909,8443,6/3/2015,5/30/2015,7:50:58,7,29.6,AH0,168,31.7239488,Day,F,L,A,MYSE
151.909,8443,6/3/2015,5/26/2015,7:51:00,7,28.7,AH0,229,29.9269899,Day,F,L,A,MYSE
151.909,8443,6/3/2015,5/29/2015,7:51:00,7,27.9,AH0,227,28.1303987,Day,F,L,A,MYSE
151.909,8443,6/3/2015,5/30/2015,7:51:00,7,29.6,AH0,168,31.7239488,Day,F,L,A,MYSE
151.909,8443,6/3/2015,5/29/2015,7:51:03,7,27.8,AH0,227,27.8921016,Day,F,L,A,MYSE
151.909,8443,6/3/2015,5/28/2015,7:51:12,7,31,AH0,52,34.0803,Day,F,L,A,MYSE
151.909,8443,6/3/2015,5/28/2015,7:51:14,7,31.1,AH0,53,34.2293523,Day,F,L,A,MYSE
151.909,8443,6/3/2015,5/30/2015,7:51:14,7,29.6,AH0,172,31.7239488,Day,F,L,A,MYSE
151.909,8443,6/3/2015,5/26/2015,7:51:15,7,28.7,AH0,230,29.9269899,Day,F,L,A,MYSE
151.909,8443,6/3/2015,5/28/2015,7:51:16,7,31.1,AH0,48,34.2293523,Day,F,L,A,MYSE
151.909,8443,6/3/2015,5/30/2015,7:51:16,7,29.6,AH0,169,31.7239488,Day,F,L,A,MYSE
151.909,8443,6/3/2015,5/26/2015,7:51:17,7,28.7,AH0,233,29.9269899,Day,F,L,A,MYSE
151.909,8443,6/3/2015,5/28/2015,7:51:18,7,31,AH0,54,34.0803,Day,F,L,A,MYSE
151.909,8443,6/3/2015,5/29/2015,7:51:18,7,27.9,AH0,230,28.1303987,Day,F,L,A,MYSE
151.909,8443,6/3/2015,5/30/2015,7:51:18,7,29.6,AH0,168,31.7239488,Day,F,L,A,MYSE
151.909,8443,6/3/2015,5/26/2015,7:51:19,7,28.7,AH0,229,29.9269899,Day,F,L,A,MYSE
151.909,8443,6/3/2015,5/29/2015,7:51:20,7,27.9,AH0,228,28.1303987,Day,F,L,A,MYSE
151.909,8443,6/3/2015,5/30/2015,7:51:20,7,29.6,AH0,169,31.7239488,Day,F,L,A,MYSE
151.909,8443,6/3/2015,5/26/2015,7:51:21,7,28.6,AH0,230,29.7129048,Day,F,L,A,MYSE
151.909,8443,6/3/2015,5/29/2015,7:51:22,7,27.9,AH0,230,28.1303987,Day,F,L,A,MYSE
151.909,8443,6/3/2015,5/26/2015,7:51:34,7,28.6,AH0,233,29.7129048,Day,F,L,A,MYSE
151.909,8443,6/3/2015,5/30/2015,7:51:35,7,29.7,AH0,166,31.9095509,Day,F,L,A,MYSE
151.909,8443,6/3/2015,5/26/2015,7:51:36,7,28.6,AH0,231,29.7129048,Day,F,L,A,MYSE
151.909,8443,6/3/2015,5/29/2015,7:51:37,7,27.9,AH0,229,28.1303987,Day,F,L,A,MYSE
151.909,8443,6/3/2015,5/30/2015,7:51:37,7,29.7,AH0,171,31.9095509,Day,F,L,A,MYSE
151.909,8443,6/3/2015,5/26/2015,7:51:38,7,28.6,AH0,230,29.7129048,Day,F,L,A,MYSE
151.909,8443,6/3/2015,5/29/2015,7:51:39,7,27.9,AH0,229,28.1303987,Day,F,L,A,MYSE
151.909,8443,6/3/2015,5/30/2015,7:51:39,7,29.7,AH0,168,31.9095509,Day,F,L,A,MYSE
151.909,8443,6/3/2015,5/26/2015,7:51:40,7,28.6,AH0,230,29.7129048,Day,F,L,A,MYSE
151.909,8443,6/3/2015,5/29/2015,7:51:41,7,27.9,AH0,230,28.1303987,Day,F,L,A,MYSE
151.909,8443,6/3/2015,5/30/2015,7:51:41,7,29.7,AH0,170,31.9095509,Day,F,L,A,MYSE
151.909,8443,6/3/2015,5/29/2015,7:51:44,7,27.9,AH0,227,28.1303987,Day,F,L,A,MYSE
151.909,8443,6/3/2015,5/28/2015,7:51:50,7,31.2,AH0,48,34.3759424,Day,F,L,A,MYSE
151.909,8443,6/3/2015,5/28/2015,7:51:52,7,31.1,AH0,50,34.2293523,Day,F,L,A,MYSE
151.909,8443,6/3/2015,5/28/2015,7:51:54,7,31.1,AH0,48,34.2293523,Day,F,L,A,MYSE
151.909,8443,6/3/2015,5/26/2015,7:51:55,7,28.6,AH0,231,29.7129048,Day,F,L,A,MYSE
151.909,8443,6/3/2015,5/30/2015,7:51:55,7,29.7,AH0,169,31.9095509,Day,F,L,A,MYSE
151.909,8443,6/3/2015,5/28/2015,7:51:56,7,31,AH0,51,34.0803,Day,F,L,A,MYSE
151.909,8443,6/3/2015,5/29/2015,7:51:56,7,27.9,AH0,230,28.1303987,Day,F,L,A,MYSE
151.909,8443,6/3/2015,5/26/2015,7:51:57,7,28.6,AH0,232,29.7129048,Day,F,L,A,MYSE
151.909,8443,6/3/2015,5/30/2015,7:51:57,7,29.7,AH0,168,31.9095509,Day,F,L,A,MYSE
151.909,8443,6/3/2015,5/28/2015,7:51:58,7,31.2,AH0,50,34.3759424,Day,F,L,A,MYSE
151.909,8443,6/3/2015,5/29/2015,7:51:58,7,27.9,AH0,228,28.1303987,Day,F,L,A,MYSE
151.909,8443,6/3/2015,5/26/2015,7:51:59,7,28.6,AH0,229,29.7129048,Day,F,L,A,MYSE
151.909,8443,6/3/2015,5/30/2015,7:51:59,7,29.7,AH0,171,31.9095509,Day,F,L,A,MYSE
151.909,8443,6/3/2015,5/29/2015,7:52:00,7,27.8,AH0,230,27.8921016,Day,F,L,A,MYSE
151.909,8443,6/3/2015,5/26/2015,7:52:01,7,28.6,AH0,230,29.7129048,Day,F,L,A,MYSE
151.909,8443,6/3/2015,5/30/2015,7:52:01,7,29.7,AH0,172,31.9095509,Day,F,L,A,MYSE
151.909,8443,6/3/2015,5/29/2015,7:52:02,7,27.9,AH0,228,28.1303987,Day,F,L,A,MYSE
151.909,8443,6/3/2015,5/29/2015,7:52:15,7,27.8,AH0,228,27.8921016,Day,F,L,A,MYSE
151.909,8443,6/3/2015,5/30/2015,7:52:15,7,29.6,AH0,169,31.7239488,Day,F,L,A,MYSE
151.909,8443,6/3/2015,5/26/2015,7:52:16,7,28.6,AH0,232,29.7129048,Day,F,L,A,MYSE
151.909,8443,6/3/2015,5/29/2015,7:52:17,7,27.8,AH0,229,27.8921016,Day,F,L,A,MYSE
151.909,8443,6/3/2015,5/30/2015,7:52:17,7,29.6,AH0,168,31.7239488,Day,F,L,A,MYSE
151.909,8443,6/3/2015,5/26/2015,7:52:18,7,28.6,AH0,231,29.7129048,Day,F,L,A,MYSE
151.909,8443,6/3/2015,5/29/2015,7:52:19,7,27.8,AH0,233,27.8921016,Day,F,L,A,MYSE
151.909,8443,6/3/2015,5/30/2015,7:52:19,7,29.6,AH0,169,31.7239488,Day,F,L,A,MYSE
151.909,8443,6/3/2015,5/26/2015,7:52:20,7,28.6,AH0,231,29.7129048,Day,F,L,A,MYSE
151.909,8443,6/3/2015,5/29/2015,7:52:21,7,27.8,AH0,232,27.8921016,Day,F,L,A,MYSE
151.909,8443,6/3/2015,5/30/2015,7:52:21,7,29.6,AH0,172,31.7239488,Day,F,L,A,MYSE
151.909,8443,6/3/2015,5/28/2015,7:52:31,7,31.1,AH0,49,34.2293523,Day,F,L,A,MYSE
151.909,8443,6/3/2015,5/28/2015,7:52:33,7,31.1,AH0,52,34.2293523,Day,F,L,A,MYSE
151.909,8443,6/3/2015,5/26/2015,7:52:35,7,28.6,AH0,231,29.7129048,Day,F,L,A,MYSE
151.909,8443,6/3/2015,5/28/2015,7:52:35,7,31.2,AH0,54,34.3759424,Day,F,L,A,MYSE
151.909,8443,6/3/2015,5/30/2015,7:52:35,7,29.6,AH0,171,31.7239488,Day,F,L,A,MYSE
151.909,8443,6/3/2015,5/29/2015,7:52:36,7,27.8,AH0,230,27.8921016,Day,F,L,A,MYSE
151.909,8443,6/3/2015,5/26/2015,7:52:37,7,28.6,AH0,230,29.7129048,Day,F,L,A,MYSE
151.909,8443,6/3/2015,5/28/2015,7:52:37,7,31.1,AH0,48,34.2293523,Day,F,L,A,MYSE
151.909,8443,6/3/2015,5/30/2015,7:52:37,7,29.6,AH0,165,31.7239488,Day,F,L,A,MYSE
151.909,8443,6/3/2015,5/26/2015,7:52:39,7,28.6,AH0,228,29.7129048,Day,F,L,A,MYSE
151.909,8443,6/3/2015,5/29/2015,7:52:39,7,27.8,AH0,229,27.8921016,Day,F,L,A,MYSE
151.909,8443,6/3/2015,5/30/2015,7:52:39,7,29.6,AH0,168,31.7239488,Day,F,L,A,MYSE
151.909,8443,6/3/2015,5/26/2015,7:52:41,7,28.6,AH0,229,29.7129048,Day,F,L,A,MYSE
151.909,8443,6/3/2015,5/29/2015,7:52:41,7,27.8,AH0,230,27.8921016,Day,F,L,A,MYSE
151.909,8443,6/3/2015,5/30/2015,7:52:41,7,29.6,AH0,168,31.7239488,Day,F,L,A,MYSE
151.909,8443,6/3/2015,5/26/2015,7:52:56,7,28.6,AH0,231,29.7129048,Day,F,L,A,MYSE
151.909,8443,6/3/2015,5/29/2015,7:52:56,7,27.8,AH0,227,27.8921016,Day,F,L,A,MYSE
151.909,8443,6/3/2015,5/30/2015,7:52:56,7,29.6,AH0,169,31.7239488,Day,F,L,A,MYSE
151.909,8443,6/3/2015,5/26/2015,7:52:58,7,28.6,AH0,229,29.7129048,Day,F,L,A,MYSE
151.909,8443,6/3/2015,5/29/2015,7:52:58,7,27.8,AH0,231,27.8921016,Day,F,L,A,MYSE
151.909,8443,6/3/2015,5/30/2015,7:52:58,7,29.6,AH0,167,31.7239488,Day,F,L,A,MYSE
151.909,8443,6/3/2015,5/26/2015,7:53:00,7,28.6,AH0,229,29.7129048,Day,F,L,A,MYSE
151.909,8443,6/3/2015,5/29/2015,7:53:00,7,27.7,AH0,230,27.6506889,Day,F,L,A,MYSE
151.909,8443,6/3/2015,5/30/2015,7:53:00,7,29.6,AH0,167,31.7239488,Day,F,L,A,MYSE
151.909,8443,6/3/2015,5/29/2015,7:53:02,7,27.8,AH0,228,27.8921016,Day,F,L,A,MYSE
151.909,8443,6/3/2015,5/30/2015,7:53:02,7,29.6,AH0,168,31.7239488,Day,F,L,A,MYSE
151.909,8443,6/3/2015,5/28/2015,7:53:12,7,31.2,AH0,55,34.3759424,Day,F,L,A,MYSE
151.909,8443,6/3/2015,5/28/2015,7:53:14,7,31.2,AH0,51,34.3759424,Day,F,L,A,MYSE
151.909,8443,6/3/2015,5/26/2015,7:53:15,7,28.6,AH0,229,29.7129048,Day,F,L,A,MYSE
151.909,8443,6/3/2015,5/29/2015,7:53:15,7,27.7,AH0,228,27.6506889,Day,F,L,A,MYSE
151.909,8443,6/3/2015,5/28/2015,7:53:16,7,31.1,AH0,51,34.2293523,Day,F,L,A,MYSE
151.909,8443,6/3/2015,5/30/2015,7:53:16,7,29.6,AH0,167,31.7239488,Day,F,L,A,MYSE
151.909,8443,6/3/2015,5/26/2015,7:53:17,7,28.6,AH0,226,29.7129048,Day,F,L,A,MYSE
151.909,8443,6/3/2015,5/28/2015,7:53:18,7,31.3,AH0,48,34.5200901,Day,F,L,A,MYSE
151.909,8443,6/3/2015,5/29/2015,7:53:18,7,27.7,AH0,229,27.6506889,Day,F,L,A,MYSE
151.909,8443,6/3/2015,5/30/2015,7:53:18,7,29.6,AH0,170,31.7239488,Day,F,L,A,MYSE
151.909,8443,6/3/2015,5/26/2015,7:53:19,7,28.6,AH0,231,29.7129048,Day,F,L,A,MYSE
151.909,8443,6/3/2015,5/29/2015,7:53:20,7,27.7,AH0,227,27.6506889,Day,F,L,A,MYSE
151.909,8443,6/3/2015,5/30/2015,7:53:20,7,29.7,AH0,168,31.9095509,Day,F,L,A,MYSE
151.909,8443,6/3/2015,5/26/2015,7:53:21,7,28.6,AH0,229,29.7129048,Day,F,L,A,MYSE
151.909,8443,6/3/2015,5/29/2015,7:53:22,7,27.7,AH0,229,27.6506889,Day,F,L,A,MYSE
151.909,8443,6/3/2015,5/30/2015,7:53:22,7,29.7,AH0,170,31.9095509,Day,F,L,A,MYSE
151.909,8443,6/3/2015,5/29/2015,7:53:35,7,27.7,AH0,230,27.6506889,Day,F,L,A,MYSE
151.909,8443,6/3/2015,5/26/2015,7:53:36,7,28.6,AH0,227,29.7129048,Day,F,L,A,MYSE
151.909,8443,6/3/2015,5/30/2015,7:53:36,7,29.7,AH0,170,31.9095509,Day,F,L,A,MYSE
151.909,8443,6/3/2015,5/29/2015,7:53:37,7,27.7,AH0,229,27.6506889,Day,F,L,A,MYSE
151.909,8443,6/3/2015,5/26/2015,7:53:38,7,28.6,AH0,230,29.7129048,Day,F,L,A,MYSE
151.909,8443,6/3/2015,5/30/2015,7:53:38,7,29.7,AH0,169,31.9095509,Day,F,L,A,MYSE
151.909,8443,6/3/2015,5/29/2015,7:53:39,7,27.7,AH0,230,27.6506889,Day,F,L,A,MYSE
151.909,8443,6/3/2015,5/26/2015,7:53:40,7,28.6,AH0,229,29.7129048,Day,F,L,A,MYSE
151.909,8443,6/3/2015,5/30/2015,7:53:40,7,29.7,AH0,173,31.9095509,Day,F,L,A,MYSE
151.909,8443,6/3/2015,5/29/2015,7:53:41,7,27.7,AH0,229,27.6506889,Day,F,L,A,MYSE
151.909,8443,6/3/2015,5/28/2015,7:53:50,7,31.3,AH0,59,34.5200901,Day,F,L,A,MYSE
151.909,8443,6/3/2015,5/28/2015,7:53:52,7,31.3,AH0,60,34.5200901,Day,F,L,A,MYSE
151.909,8443,6/3/2015,5/28/2015,7:53:54,7,31.3,AH0,56,34.5200901,Day,F,L,A,MYSE
151.909,8443,6/3/2015,5/30/2015,7:53:54,7,29.7,AH0,169,31.9095509,Day,F,L,A,MYSE
151.909,8443,6/3/2015,5/26/2015,7:53:55,7,28.7,AH0,230,29.9269899,Day,F,L,A,MYSE
151.909,8443,6/3/2015,5/28/2015,7:53:56,7,31.1,AH0,59,34.2293523,Day,F,L,A,MYSE
151.909,8443,6/3/2015,5/30/2015,7:53:56,7,29.7,AH0,171,31.9095509,Day,F,L,A,MYSE
151.909,8443,6/3/2015,5/26/2015,7:53:57,7,28.7,AH0,230,29.9269899,Day,F,L,A,MYSE
151.909,8443,6/3/2015,5/29/2015,7:53:57,7,27.7,AH0,228,27.6506889,Day,F,L,A,MYSE
151.909,8443,6/3/2015,5/28/2015,7:53:58,7,31.3,AH0,56,34.5200901,Day,F,L,A,MYSE
151.909,8443,6/3/2015,5/30/2015,7:53:58,7,29.7,AH0,170,31.9095509,Day,F,L,A,MYSE
151.909,8443,6/3/2015,5/26/2015,7:53:59,7,28.7,AH0,229,29.9269899,Day,F,L,A,MYSE
151.909,8443,6/3/2015,5/29/2015,7:53:59,7,27.6,AH0,229,27.4061408,Day,F,L,A,MYSE
151.909,8443,6/3/2015,5/30/2015,7:54:00,7,29.7,AH0,170,31.9095509,Day,F,L,A,MYSE
151.909,8443,6/3/2015,5/26/2015,7:54:01,7,28.7,AH0,227,29.9269899,Day,F,L,A,MYSE
151.909,8443,6/3/2015,5/29/2015,7:54:01,7,27.6,AH0,229,27.4061408,Day,F,L,A,MYSE
151.909,8443,6/3/2015,5/30/2015,7:54:14,7,29.7,AH0,173,31.9095509,Day,F,L,A,MYSE
151.909,8443,6/3/2015,5/26/2015,7:54:15,7,28.7,AH0,231,29.9269899,Day,F,L,A,MYSE
151.909,8443,6/3/2015,5/29/2015,7:54:16,7,27.6,AH0,229,27.4061408,Day,F,L,A,MYSE
151.909,8443,6/3/2015,5/30/2015,7:54:16,7,29.7,AH0,170,31.9095509,Day,F,L,A,MYSE
151.909,8443,6/3/2015,5/26/2015,7:54:18,7,28.8,AH0,230,30.1381376,Day,F,L,A,MYSE
151.909,8443,6/3/2015,5/29/2015,7:54:18,7,27.6,AH0,229,27.4061408,Day,F,L,A,MYSE
151.909,8443,6/3/2015,5/30/2015,7:54:18,7,29.7,AH0,171,31.9095509,Day,F,L,A,MYSE
151.909,8443,6/3/2015,5/26/2015,7:54:20,7,28.8,AH0,230,30.1381376,Day,F,L,A,MYSE
151.909,8443,6/3/2015,5/30/2015,7:54:20,7,29.7,AH0,171,31.9095509,Day,F,L,A,MYSE
151.909,8443,6/3/2015,5/29/2015,7:54:21,7,27.6,AH0,226,27.4061408,Day,F,L,A,MYSE
151.909,8443,6/3/2015,5/28/2015,7:54:31,7,31.2,AH0,57,34.3759424,Day,F,L,A,MYSE
151.909,8443,6/3/2015,5/28/2015,7:54:33,7,31.3,AH0,54,34.5200901,Day,F,L,A,MYSE
151.909,8443,6/3/2015,5/26/2015,7:54:34,7,28.8,AH0,229,30.1381376,Day,F,L,A,MYSE
151.909,8443,6/3/2015,5/28/2015,7:54:35,7,31.3,AH0,57,34.5200901,Day,F,L,A,MYSE
151.909,8443,6/3/2015,5/30/2015,7:54:35,7,29.7,AH0,171,31.9095509,Day,F,L,A,MYSE
151.909,8443,6/3/2015,5/26/2015,7:54:36,7,28.8,AH0,231,30.1381376,Day,F,L,A,MYSE
151.909,8443,6/3/2015,5/29/2015,7:54:36,7,27.6,AH0,226,27.4061408,Day,F,L,A,MYSE
151.909,8443,6/3/2015,5/28/2015,7:54:37,7,31.2,AH0,53,34.3759424,Day,F,L,A,MYSE
151.909,8443,6/3/2015,5/30/2015,7:54:37,7,29.7,AH0,170,31.9095509,Day,F,L,A,MYSE
151.909,8443,6/3/2015,5/26/2015,7:54:38,7,28.8,AH0,231,30.1381376,Day,F,L,A,MYSE
151.909,8443,6/3/2015,5/29/2015,7:54:38,7,27.6,AH0,229,27.4061408,Day,F,L,A,MYSE
151.909,8443,6/3/2015,5/30/2015,7:54:39,7,29.7,AH0,168,31.9095509,Day,F,L,A,MYSE
151.909,8443,6/3/2015,5/26/2015,7:54:40,7,28.9,AH0,228,30.3463677,Day,F,L,A,MYSE
151.909,8443,6/3/2015,5/29/2015,7:54:40,7,27.6,AH0,229,27.4061408,Day,F,L,A,MYSE
151.909,8443,6/3/2015,5/30/2015,7:54:41,7,29.7,AH0,171,31.9095509,Day,F,L,A,MYSE
151.909,8443,6/3/2015,5/29/2015,7:54:42,7,27.6,AH0,230,27.4061408,Day,F,L,A,MYSE
151.909,8443,6/3/2015,5/26/2015,7:54:55,7,28.9,AH0,228,30.3463677,Day,F,L,A,MYSE
151.909,8443,6/3/2015,5/29/2015,7:54:55,7,27.5,AH0,225,27.1584375,Day,F,L,A,MYSE
151.909,8443,6/3/2015,5/30/2015,7:54:55,7,29.7,AH0,171,31.9095509,Day,F,L,A,MYSE
151.909,8443,6/3/2015,5/26/2015,7:54:57,7,28.9,AH0,231,30.3463677,Day,F,L,A,MYSE
151.909,8443,6/3/2015,5/30/2015,7:54:57,7,29.7,AH0,173,31.9095509,Day,F,L,A,MYSE
151.909,8443,6/3/2015,5/29/2015,7:54:58,7,27.5,AH0,230,27.1584375,Day,F,L,A,MYSE
151.909,8443,6/3/2015,5/26/2015,7:54:59,7,28.9,AH0,234,30.3463677,Day,F,L,A,MYSE
151.909,8443,6/3/2015,5/30/2015,7:54:59,7,29.7,AH0,169,31.9095509,Day,F,L,A,MYSE
151.909,8443,6/3/2015,5/29/2015,7:55:00,7,27.5,AH0,226,27.1584375,Day,F,L,A,MYSE
151.909,8443,6/3/2015,5/26/2015,7:55:01,7,28.9,AH0,232,30.3463677,Day,F,L,A,MYSE
151.909,8443,6/3/2015,5/30/2015,7:55:01,7,29.7,AH0,172,31.9095509,Day,F,L,A,MYSE
151.909,8443,6/3/2015,5/29/2015,7:55:02,7,27.5,AH0,229,27.1584375,Day,F,L,A,MYSE
151.909,8443,6/3/2015,5/28/2015,7:55:11,7,31.3,AH0,55,34.5200901,Day,F,L,A,MYSE
151.909,8443,6/3/2015,5/28/2015,7:55:13,7,31.3,AH0,55,34.5200901,Day,F,L,A,MYSE
151.909,8443,6/3/2015,5/28/2015,7:55:15,7,31.2,AH0,58,34.3759424,Day,F,L,A,MYSE
151.909,8443,6/3/2015,5/29/2015,7:55:15,7,27.5,AH0,228,27.1584375,Day,F,L,A,MYSE
151.909,8443,6/3/2015,5/30/2015,7:55:15,7,29.6,AH0,167,31.7239488,Day,F,L,A,MYSE
151.909,8443,6/3/2015,5/26/2015,7:55:16,7,29,AH0,234,30.5517,Day,F,L,A,MYSE
151.909,8443,6/3/2015,5/28/2015,7:55:17,7,31.4,AH0,49,34.6618152,Day,F,L,A,MYSE
151.909,8443,6/3/2015,5/29/2015,7:55:17,7,27.5,AH0,227,27.1584375,Day,F,L,A,MYSE
151.909,8443,6/3/2015,5/30/2015,7:55:17,7,29.6,AH0,169,31.7239488,Day,F,L,A,MYSE
151.909,8443,6/3/2015,5/26/2015,7:55:18,7,29,AH0,232,30.5517,Day,F,L,A,MYSE
151.909,8443,6/3/2015,5/29/2015,7:55:19,7,27.5,AH0,225,27.1584375,Day,F,L,A,MYSE
151.909,8443,6/3/2015,5/30/2015,7:55:19,7,29.6,AH0,166,31.7239488,Day,F,L,A,MYSE
151.909,8443,6/3/2015,5/26/2015,7:55:20,7,29,AH0,232,30.5517,Day,F,L,A,MYSE
151.909,8443,6/3/2015,5/30/2015,7:55:21,7,29.6,AH0,169,31.7239488,Day,F,L,A,MYSE
151.909,8443,6/3/2015,5/29/2015,7:55:22,7,27.5,AH0,227,27.1584375,Day,F,L,A,MYSE
151.909,8443,6/3/2015,5/26/2015,7:55:34,7,29,AH0,232,30.5517,Day,F,L,A,MYSE
151.909,8443,6/3/2015,5/30/2015,7:55:35,7,29.7,AH0,169,31.9095509,Day,F,L,A,MYSE
151.909,8443,6/3/2015,5/26/2015,7:55:36,7,29,AH0,231,30.5517,Day,F,L,A,MYSE
151.909,8443,6/3/2015,5/29/2015,7:55:37,7,27.5,AH0,228,27.1584375,Day,F,L,A,MYSE
151.909,8443,6/3/2015,5/30/2015,7:55:37,7,29.7,AH0,170,31.9095509,Day,F,L,A,MYSE
151.909,8443,6/3/2015,5/26/2015,7:55:39,7,29,AH0,233,30.5517,Day,F,L,A,MYSE
151.909,8443,6/3/2015,5/29/2015,7:55:39,7,27.5,AH0,229,27.1584375,Day,F,L,A,MYSE
151.909,8443,6/3/2015,5/30/2015,7:55:39,7,29.7,AH0,169,31.9095509,Day,F,L,A,MYSE
151.909,8443,6/3/2015,5/26/2015,7:55:41,7,29,AH0,232,30.5517,Day,F,L,A,MYSE
151.909,8443,6/3/2015,5/29/2015,7:55:41,7,27.5,AH0,228,27.1584375,Day,F,L,A,MYSE
151.909,8443,6/3/2015,5/30/2015,7:55:41,7,29.7,AH0,167,31.9095509,Day,F,L,A,MYSE
151.909,8443,6/3/2015,5/28/2015,7:55:52,7,31.3,AH0,52,34.5200901,Day,F,L,A,MYSE
151.909,8443,6/3/2015,5/28/2015,7:55:54,7,31.3,AH0,55,34.5200901,Day,F,L,A,MYSE
151.909,8443,6/3/2015,5/26/2015,7:55:55,7,29,AH0,230,30.5517,Day,F,L,A,MYSE
151.909,8443,6/3/2015,5/28/2015,7:55:56,7,31.3,AH0,49,34.5200901,Day,F,L,A,MYSE
151.909,8443,6/3/2015,5/29/2015,7:55:56,7,27.5,AH0,226,27.1584375,Day,F,L,A,MYSE
151.909,8443,6/3/2015,5/30/2015,7:55:56,7,29.7,AH0,169,31.9095509,Day,F,L,A,MYSE
151.909,8443,6/3/2015,5/26/2015,7:55:57,7,29,AH0,233,30.5517,Day,F,L,A,MYSE
151.909,8443,6/3/2015,5/28/2015,7:55:58,7,31.3,AH0,53,34.5200901,Day,F,L,A,MYSE
151.909,8443,6/3/2015,5/30/2015,7:55:58,7,29.7,AH0,166,31.9095509,Day,F,L,A,MYSE
151.909,8443,6/3/2015,5/26/2015,7:55:59,7,29,AH0,234,30.5517,Day,F,L,A,MYSE
151.909,8443,6/3/2015,5/29/2015,7:55:59,7,27.5,AH0,229,27.1584375,Day,F,L,A,MYSE
151.909,8443,6/3/2015,5/30/2015,7:56:00,7,29.7,AH0,172,31.9095509,Day,F,L,A,MYSE
151.909,8443,6/3/2015,5/26/2015,7:56:01,7,29,AH0,233,30.5517,Day,F,L,A,MYSE
151.909,8443,6/3/2015,5/29/2015,7:56:01,7,27.5,AH0,227,27.1584375,Day,F,L,A,MYSE
151.909,8443,6/3/2015,5/30/2015,7:56:02,7,29.7,AH0,168,31.9095509,Day,F,L,A,MYSE
151.909,8443,6/3/2015,5/26/2015,7:56:16,7,28.9,AH0,233,30.3463677,Day,F,L,A,MYSE
151.909,8443,6/3/2015,5/29/2015,7:56:16,7,27.5,AH0,228,27.1584375,Day,F,L,A,MYSE
151.909,8443,6/3/2015,5/30/2015,7:56:16,7,29.7,AH0,172,31.9095509,Day,F,L,A,MYSE
151.909,8443,6/3/2015,5/26/2015,7:56:18,7,28.9,AH0,233,30.3463677,Day,F,L,A,MYSE
151.909,8443,6/3/2015,5/29/2015,7:56:18,7,27.5,AH0,228,27.1584375,Day,F,L,A,MYSE
151.909,8443,6/3/2015,5/30/2015,7:56:18,7,29.7,AH0,167,31.9095509,Day,F,L,A,MYSE
151.909,8443,6/3/2015,5/26/2015,7:56:20,7,28.9,AH0,233,30.3463677,Day,F,L,A,MYSE
151.909,8443,6/3/2015,5/29/2015,7:56:20,7,27.5,AH0,227,27.1584375,Day,F,L,A,MYSE
151.909,8443,6/3/2015,5/30/2015,7:56:20,7,29.7,AH0,172,31.9095509,Day,F,L,A,MYSE
151.909,8443,6/3/2015,5/30/2015,7:56:22,7,29.7,AH0,171,31.9095509,Day,F,L,A,MYSE
151.909,8443,6/3/2015,5/28/2015,7:56:30,7,31.3,AH0,53,34.5200901,Day,F,L,A,MYSE
151.909,8443,6/3/2015,5/28/2015,7:56:32,7,31.3,AH0,50,34.5200901,Day,F,L,A,MYSE
151.909,8443,6/3/2015,5/26/2015,7:56:34,7,28.9,AH0,233,30.3463677,Day,F,L,A,MYSE
151.909,8443,6/3/2015,5/28/2015,7:56:34,7,31.4,AH0,54,34.6618152,Day,F,L,A,MYSE
151.909,8443,6/3/2015,5/28/2015,7:56:36,7,31.3,AH0,55,34.5200901,Day,F,L,A,MYSE
151.909,8443,6/3/2015,5/29/2015,7:56:36,7,27.5,AH0,227,27.1584375,Day,F,L,A,MYSE
151.909,8443,6/3/2015,5/30/2015,7:56:36,7,29.7,AH0,167,31.9095509,Day,F,L,A,MYSE
151.909,8443,6/3/2015,5/26/2015,7:56:37,7,28.9,AH0,235,30.3463677,Day,F,L,A,MYSE
151.909,8443,6/3/2015,5/28/2015,7:56:38,7,31.4,AH0,51,34.6618152,Day,F,L,A,MYSE
151.909,8443,6/3/2015,5/29/2015,7:56:38,7,27.4,AH0,229,26.9075592,Day,F,L,A,MYSE
151.909,8443,6/3/2015,5/30/2015,7:56:38,7,29.7,AH0,170,31.9095509,Day,F,L,A,MYSE
151.909,8443,6/3/2015,5/26/2015,7:56:39,7,28.9,AH0,231,30.3463677,Day,F,L,A,MYSE
151.909,8443,6/3/2015,5/29/2015,7:56:40,7,27.4,AH0,226,26.9075592,Day,F,L,A,MYSE
151.909,8443,6/3/2015,5/30/2015,7:56:40,7,29.7,AH0,167,31.9095509,Day,F,L,A,MYSE
151.909,8443,6/3/2015,5/26/2015,7:56:41,7,28.9,AH0,233,30.3463677,Day,F,L,A,MYSE
151.909,8443,6/3/2015,5/29/2015,7:56:42,7,27.4,AH0,225,26.9075592,Day,F,L,A,MYSE
151.909,8443,6/3/2015,5/30/2015,7:56:54,7,29.7,AH0,171,31.9095509,Day,F,L,A,MYSE
151.909,8443,6/3/2015,5/26/2015,7:56:55,7,28.9,AH0,234,30.3463677,Day,F,L,A,MYSE
151.909,8443,6/3/2015,5/29/2015,7:56:55,7,27.4,AH0,227,26.9075592,Day,F,L,A,MYSE
151.909,8443,6/3/2015,5/30/2015,7:56:56,7,29.7,AH0,171,31.9095509,Day,F,L,A,MYSE
151.909,8443,6/3/2015,5/26/2015,7:56:57,7,28.9,AH0,230,30.3463677,Day,F,L,A,MYSE
151.909,8443,6/3/2015,5/29/2015,7:56:58,7,27.4,AH0,226,26.9075592,Day,F,L,A,MYSE
151.909,8443,6/3/2015,5/30/2015,7:56:58,7,29.7,AH0,170,31.9095509,Day,F,L,A,MYSE
151.909,8443,6/3/2015,5/26/2015,7:56:59,7,28.9,AH0,232,30.3463677,Day,F,L,A,MYSE
151.909,8443,6/3/2015,5/29/2015,7:57:00,7,27.4,AH0,226,26.9075592,Day,F,L,A,MYSE
151.909,8443,6/3/2015,5/30/2015,7:57:00,7,29.7,AH0,169,31.9095509,Day,F,L,A,MYSE
151.909,8443,6/3/2015,5/26/2015,7:57:01,7,28.9,AH0,232,30.3463677,Day,F,L,A,MYSE
151.909,8443,6/3/2015,5/29/2015,7:57:02,7,27.4,AH0,229,26.9075592,Day,F,L,A,MYSE
151.909,8443,6/3/2015,5/26/2015,7:57:14,7,28.9,AH0,233,30.3463677,Day,F,L,A,MYSE
151.909,8443,6/3/2015,5/30/2015,7:57:14,7,29.7,AH0,173,31.9095509,Day,F,L,A,MYSE
151.909,8443,6/3/2015,5/29/2015,7:57:15,7,27.4,AH0,226,26.9075592,Day,F,L,A,MYSE
151.909,8443,6/3/2015,5/26/2015,7:57:16,7,28.9,AH0,234,30.3463677,Day,F,L,A,MYSE
151.909,8443,6/3/2015,5/30/2015,7:57:16,7,29.7,AH0,170,31.9095509,Day,F,L,A,MYSE
151.909,8443,6/3/2015,5/29/2015,7:57:17,7,27.4,AH0,226,26.9075592,Day,F,L,A,MYSE
151.909,8443,6/3/2015,5/26/2015,7:57:18,7,28.9,AH0,232,30.3463677,Day,F,L,A,MYSE
151.909,8443,6/3/2015,5/30/2015,7:57:18,7,29.8,AH0,170,32.0924136,Day,F,L,A,MYSE
151.909,8443,6/3/2015,5/29/2015,7:57:19,7,27.4,AH0,228,26.9075592,Day,F,L,A,MYSE
151.909,8443,6/3/2015,5/26/2015,7:57:20,7,28.9,AH0,233,30.3463677,Day,F,L,A,MYSE
151.909,8443,6/3/2015,5/30/2015,7:57:20,7,29.8,AH0,171,32.0924136,Day,F,L,A,MYSE
151.909,8443,6/3/2015,5/29/2015,7:57:22,7,27.4,AH0,227,26.9075592,Day,F,L,A,MYSE
151.909,8443,6/3/2015,5/28/2015,7:57:32,7,31.4,AH0,51,34.6618152,Day,F,L,A,MYSE
151.909,8443,6/3/2015,5/28/2015,7:57:34,7,31.4,AH0,56,34.6618152,Day,F,L,A,MYSE
151.909,8443,6/3/2015,5/30/2015,7:57:34,7,29.7,AH0,171,31.9095509,Day,F,L,A,MYSE
151.909,8443,6/3/2015,5/26/2015,7:57:35,7,28.9,AH0,234,30.3463677,Day,F,L,A,MYSE
151.909,8443,6/3/2015,5/29/2015,7:57:35,7,27.4,AH0,226,26.9075592,Day,F,L,A,MYSE
151.909,8443,6/3/2015,5/28/2015,7:57:36,7,31.5,AH0,54,34.8011375,Day,F,L,A,MYSE
151.909,8443,6/3/2015,5/30/2015,7:57:36,7,29.7,AH0,168,31.9095509,Day,F,L,A,MYSE
151.909,8443,6/3/2015,5/26/2015,7:57:37,7,28.8,AH0,233,30.1381376,Day,F,L,A,MYSE
151.909,8443,6/3/2015,5/29/2015,7:57:37,7,27.4,AH0,229,26.9075592,Day,F,L,A,MYSE
151.909,8443,6/3/2015,5/28/2015,7:57:38,7,31.4,AH0,47,34.6618152,Day,F,L,A,MYSE
151.909,8443,6/3/2015,5/26/2015,7:57:39,7,28.8,AH0,233,30.1381376,Day,F,L,A,MYSE
151.909,8443,6/3/2015,5/29/2015,7:57:39,7,27.4,AH0,227,26.9075592,Day,F,L,A,MYSE
151.909,8443,6/3/2015,5/30/2015,7:57:39,7,29.7,AH0,171,31.9095509,Day,F,L,A,MYSE
151.909,8443,6/3/2015,5/26/2015,7:57:41,7,28.8,AH0,232,30.1381376,Day,F,L,A,MYSE
151.909,8443,6/3/2015,5/29/2015,7:57:41,7,27.4,AH0,227,26.9075592,Day,F,L,A,MYSE
151.909,8443,6/3/2015,5/30/2015,7:57:41,7,29.7,AH0,170,31.9095509,Day,F,L,A,MYSE
151.909,8443,6/3/2015,5/30/2015,7:57:55,7,29.6,AH0,169,31.7239488,Day,F,L,A,MYSE
151.909,8443,6/3/2015,5/26/2015,7:57:56,7,28.8,AH0,234,30.1381376,Day,F,L,A,MYSE
151.909,8443,6/3/2015,5/29/2015,7:57:57,7,27.5,AH0,227,27.1584375,Day,F,L,A,MYSE
151.909,8443,6/3/2015,5/30/2015,7:57:57,7,29.6,AH0,169,31.7239488,Day,F,L,A,MYSE
151.909,8443,6/3/2015,5/26/2015,7:57:58,7,28.8,AH0,234,30.1381376,Day,F,L,A,MYSE
151.909,8443,6/3/2015,5/29/2015,7:57:59,7,27.5,AH0,226,27.1584375,Day,F,L,A,MYSE
151.909,8443,6/3/2015,5/30/2015,7:57:59,7,29.6,AH0,173,31.7239488,Day,F,L,A,MYSE
151.909,8443,6/3/2015,5/26/2015,7:58:00,7,28.8,AH0,233,30.1381376,Day,F,L,A,MYSE
151.909,8443,6/3/2015,5/29/2015,7:58:01,7,27.5,AH0,227,27.1584375,Day,F,L,A,MYSE
151.909,8443,6/3/2015,5/30/2015,7:58:01,7,29.6,AH0,172,31.7239488,Day,F,L,A,MYSE
151.909,8443,6/3/2015,5/28/2015,7:58:10,7,31.4,AH0,50,34.6618152,Day,F,L,A,MYSE
151.909,8443,6/3/2015,5/28/2015,7:58:12,7,31.3,AH0,50,34.5200901,Day,F,L,A,MYSE
151.909,8443,6/3/2015,5/26/2015,7:58:14,7,28.8,AH0,231,30.1381376,Day,F,L,A,MYSE
151.909,8443,6/3/2015,5/28/2015,7:58:14,7,31.4,AH0,54,34.6618152,Day,F,L,A,MYSE
151.909,8443,6/3/2015,5/30/2015,7:58:15,7,29.5,AH0,170,31.5355875,Day,F,L,A,MYSE
151.909,8443,6/3/2015,5/26/2015,7:58:16,7,28.8,AH0,231,30.1381376,Day,F,L,A,MYSE
151.909,8443,6/3/2015,5/28/2015,7:58:16,7,31.2,AH0,50,34.3759424,Day,F,L,A,MYSE
151.909,8443,6/3/2015,5/29/2015,7:58:16,7,27.5,AH0,227,27.1584375,Day,F,L,A,MYSE
151.909,8443,6/3/2015,5/30/2015,7:58:17,7,29.5,AH0,166,31.5355875,Day,F,L,A,MYSE
151.909,8443,6/3/2015,5/26/2015,7:58:18,7,28.8,AH0,233,30.1381376,Day,F,L,A,MYSE
151.909,8443,6/3/2015,5/28/2015,7:58:18,7,31.4,AH0,46,34.6618152,Day,F,L,A,MYSE
151.909,8443,6/3/2015,5/29/2015,7:58:19,7,27.5,AH0,228,27.1584375,Day,F,L,A,MYSE
151.909,8443,6/3/2015,5/30/2015,7:58:19,7,29.5,AH0,174,31.5355875,Day,F,L,A,MYSE
151.909,8443,6/3/2015,5/26/2015,7:58:21,7,28.8,AH0,234,30.1381376,Day,F,L,A,MYSE
151.909,8443,6/3/2015,5/29/2015,7:58:21,7,27.5,AH0,227,27.1584375,Day,F,L,A,MYSE
151.909,8443,6/3/2015,5/30/2015,7:58:21,7,29.5,AH0,171,31.5355875,Day,F,L,A,MYSE
151.909,8443,6/3/2015,5/26/2015,7:58:35,7,28.9,AH0,247,30.3463677,Day,F,L,A,MYSE
151.909,8443,6/3/2015,5/30/2015,7:58:35,7,29.5,AH0,173,31.5355875,Day,F,L,A,MYSE
151.909,8443,6/3/2015,5/29/2015,7:58:36,7,27.5,AH0,227,27.1584375,Day,F,L,A,MYSE
151.909,8443,6/3/2015,5/26/2015,7:58:37,7,28.9,AH0,240,30.3463677,Day,F,L,A,MYSE
151.909,8443,6/3/2015,5/30/2015,7:58:37,7,29.5,AH0,172,31.5355875,Day,F,L,A,MYSE
151.909,8443,6/3/2015,5/29/2015,7:58:38,7,27.5,AH0,229,27.1584375,Day,F,L,A,MYSE
151.909,8443,6/3/2015,5/26/2015,7:58:39,7,28.9,AH0,241,30.3463677,Day,F,L,A,MYSE
151.909,8443,6/3/2015,5/30/2015,7:58:39,7,29.5,AH0,170,31.5355875,Day,F,L,A,MYSE
151.909,8443,6/3/2015,5/29/2015,7:58:40,7,27.5,AH0,227,27.1584375,Day,F,L,A,MYSE
151.909,8443,6/3/2015,5/26/2015,7:58:41,7,28.9,AH0,240,30.3463677,Day,F,L,A,MYSE
151.909,8443,6/3/2015,5/30/2015,7:58:41,7,29.5,AH0,175,31.5355875,Day,F,L,A,MYSE
151.909,8443,6/3/2015,5/29/2015,7:58:43,7,27.5,AH0,228,27.1584375,Day,F,L,A,MYSE
151.909,8443,6/3/2015,5/28/2015,7:58:51,7,31.4,AH0,55,34.6618152,Day,F,L,A,MYSE
151.909,8443,6/3/2015,5/28/2015,7:58:53,7,31.3,AH0,54,34.5200901,Day,F,L,A,MYSE
151.909,8443,6/3/2015,5/26/2015,7:58:54,7,29.1,AH0,239,30.7541543,Day,F,L,A,MYSE
151.909,8443,6/3/2015,5/28/2015,7:58:55,7,31.4,AH0,57,34.6618152,Day,F,L,A,MYSE
151.909,8443,6/3/2015,5/26/2015,7:58:56,7,28.9,AH0,237,30.3463677,Day,F,L,A,MYSE
151.909,8443,6/3/2015,5/28/2015,7:58:56,7,31.3,AH0,56,34.5200901,Day,F,L,A,MYSE
151.909,8443,6/3/2015,5/29/2015,7:58:56,7,27.5,AH0,227,27.1584375,Day,F,L,A,MYSE
151.909,8443,6/3/2015,5/30/2015,7:58:56,7,29.5,AH0,169,31.5355875,Day,F,L,A,MYSE
151.909,8443,6/3/2015,5/26/2015,7:58:58,7,28.9,AH0,238,30.3463677,Day,F,L,A,MYSE
151.909,8443,6/3/2015,5/29/2015,7:58:58,7,27.5,AH0,227,27.1584375,Day,F,L,A,MYSE
151.909,8443,6/3/2015,5/30/2015,7:58:58,7,29.5,AH0,171,31.5355875,Day,F,L,A,MYSE
151.909,8443,6/3/2015,5/26/2015,7:59:00,7,28.9,AH0,240,30.3463677,Day,F,L,A,MYSE
151.909,8443,6/3/2015,5/29/2015,7:59:00,7,27.5,AH0,227,27.1584375,Day,F,L,A,MYSE
151.909,8443,6/3/2015,5/30/2015,7:59:00,7,29.5,AH0,172,31.5355875,Day,F,L,A,MYSE
151.909,8443,6/3/2015,5/29/2015,7:59:02,7,27.5,AH0,228,27.1584375,Day,F,L,A,MYSE
151.909,8443,6/3/2015,5/30/2015,7:59:02,7,29.5,AH0,171,31.5355875,Day,F,L,A,MYSE
151.909,8443,6/3/2015,5/30/2015,7:59:14,7,29.5,AH0,171,31.5355875,Day,F,L,A,MYSE
151.909,8443,6/3/2015,5/26/2015,7:59:15,7,28.9,AH0,238,30.3463677,Day,F,L,A,MYSE
151.909,8443,6/3/2015,5/29/2015,7:59:15,7,27.5,AH0,228,27.1584375,Day,F,L,A,MYSE
151.909,8443,6/3/2015,5/30/2015,7:59:16,7,29.5,AH0,172,31.5355875,Day,F,L,A,MYSE
151.909,8443,6/3/2015,5/26/2015,7:59:17,7,28.9,AH0,238,30.3463677,Day,F,L,A,MYSE
151.909,8443,6/3/2015,5/29/2015,7:59:17,7,27.5,AH0,225,27.1584375,Day,F,L,A,MYSE
151.909,8443,6/3/2015,5/30/2015,7:59:18,7,29.5,AH0,168,31.5355875,Day,F,L,A,MYSE
151.909,8443,6/3/2015,5/26/2015,7:59:19,7,28.9,AH0,237,30.3463677,Day,F,L,A,MYSE
151.909,8443,6/3/2015,5/29/2015,7:59:20,7,27.5,AH0,226,27.1584375,Day,F,L,A,MYSE
151.909,8443,6/3/2015,5/30/2015,7:59:20,7,29.5,AH0,168,31.5355875,Day,F,L,A,MYSE
151.909,8443,6/3/2015,5/26/2015,7:59:21,7,28.9,AH0,239,30.3463677,Day,F,L,A,MYSE
151.909,8443,6/3/2015,5/29/2015,7:59:22,7,27.5,AH0,232,27.1584375,Day,F,L,A,MYSE
151.909,8443,6/3/2015,5/28/2015,7:59:31,7,31.5,AH0,55,34.8011375,Day,F,L,A,MYSE
151.909,8443,6/3/2015,5/28/2015,7:59:33,7,31.5,AH0,52,34.8011375,Day,F,L,A,MYSE
151.909,8443,6/3/2015,5/30/2015,7:59:34,7,29.4,AH0,171,31.3444472,Day,F,L,A,MYSE
151.909,8443,6/3/2015,5/26/2015,7:59:35,7,28.9,AH0,239,30.3463677,Day,F,L,A,MYSE
151.909,8443,6/3/2015,5/28/2015,7:59:35,7,31.5,AH0,56,34.8011375,Day,F,L,A,MYSE
151.909,8443,6/3/2015,5/29/2015,7:59:35,7,27.6,AH0,230,27.4061408,Day,F,L,A,MYSE
151.909,8443,6/3/2015,5/30/2015,7:59:36,7,29.4,AH0,169,31.3444472,Day,F,L,A,MYSE
151.909,8443,6/3/2015,5/26/2015,7:59:37,7,28.9,AH0,238,30.3463677,Day,F,L,A,MYSE
151.909,8443,6/3/2015,5/28/2015,7:59:37,7,31.5,AH0,60,34.8011375,Day,F,L,A,MYSE
151.909,8443,6/3/2015,5/29/2015,7:59:37,7,27.6,AH0,230,27.4061408,Day,F,L,A,MYSE
151.909,8443,6/3/2015,5/26/2015,7:59:39,7,28.9,AH0,241,30.3463677,Day,F,L,A,MYSE
151.909,8443,6/3/2015,5/29/2015,7:59:39,7,27.6,AH0,235,27.4061408,Day,F,L,A,MYSE
151.909,8443,6/3/2015,5/30/2015,7:59:39,7,29.4,AH0,172,31.3444472,Day,F,L,A,MYSE
151.909,8443,6/3/2015,5/26/2015,7:59:41,7,28.9,AH0,240,30.3463677,Day,F,L,A,MYSE
151.909,8443,6/3/2015,5/29/2015,7:59:41,7,27.6,AH0,233,27.4061408,Day,F,L,A,MYSE
151.909,8443,6/3/2015,5/30/2015,7:59:41,7,29.5,AH0,169,31.5355875,Day,F,L,A,MYSE
151.909,8443,6/3/2015,5/26/2015,7:59:54,7,28.9,AH0,241,30.3463677,Day,F,L,A,MYSE
151.909,8443,6/3/2015,5/30/2015,7:59:55,7,29.6,AH0,167,31.7239488,Day,F,L,A,MYSE
151.909,8443,6/3/2015,5/26/2015,7:59:56,7,28.9,AH0,240,30.3463677,Day,F,L,A,MYSE
151.909,8443,6/3/2015,5/29/2015,7:59:57,7,27.7,AH0,230,27.6506889,Day,F,L,A,MYSE
151.909,8443,6/3/2015,5/30/2015,7:59:57,7,29.5,AH0,171,31.5355875,Day,F,L,A,MYSE
151.909,8443,6/3/2015,5/26/2015,7:59:58,7,28.9,AH0,239,30.3463677,Day,F,L,A,MYSE
151.909,8443,6/3/2015,5/29/2015,7:59:59,7,27.8,AH0,230,27.8921016,Day,F,L,A,MYSE
151.909,8443,6/3/2015,5/30/2015,7:59:59,7,29.6,AH0,170,31.7239488,Day,F,L,A,MYSE
151.909,8443,6/3/2015,5/26/2015,8:00:00,7,28.9,AH0,239,30.3463677,Day,F,L,A,MYSE
151.909,8443,6/3/2015,5/29/2015,8:00:01,7,27.8,AH0,234,27.8921016,Day,F,L,A,MYSE
151.909,8443,6/3/2015,5/30/2015,8:00:01,7,29.6,AH0,172,31.7239488,Day,F,L,A,MYSE
151.909,8443,6/3/2015,5/28/2015,8:00:11,7,31.1,AH0,48,34.2293523,Day,F,L,A,MYSE
151.909,8443,6/3/2015,5/28/2015,8:00:13,7,31.3,AH0,51,34.5200901,Day,F,L,A,MYSE
151.909,8443,6/3/2015,5/26/2015,8:00:15,7,28.9,AH0,242,30.3463677,Day,F,L,A,MYSE
151.909,8443,6/3/2015,5/30/2015,8:00:15,7,29.6,AH0,171,31.7239488,Day,F,L,A,MYSE
151.909,8443,6/3/2015,5/29/2015,8:00:16,7,27.8,AH0,217,27.8921016,Day,F,L,A,MYSE
151.909,8443,6/3/2015,5/26/2015,8:00:17,7,28.9,AH0,241,30.3463677,Day,F,L,A,MYSE
151.909,8443,6/3/2015,5/30/2015,8:00:17,7,29.6,AH0,168,31.7239488,Day,F,L,A,MYSE
151.909,8443,6/3/2015,5/29/2015,8:00:18,7,27.8,AH0,226,27.8921016,Day,F,L,A,MYSE
151.909,8443,6/3/2015,5/26/2015,8:00:19,7,28.9,AH0,239,30.3463677,Day,F,L,A,MYSE
151.909,8443,6/3/2015,5/30/2015,8:00:19,7,29.6,AH0,173,31.7239488,Day,F,L,A,MYSE
151.909,8443,6/3/2015,5/29/2015,8:00:20,7,27.8,AH0,227,27.8921016,Day,F,L,A,MYSE
151.909,8443,6/3/2015,5/26/2015,8:00:21,7,28.9,AH0,238,30.3463677,Day,F,L,A,MYSE
151.909,8443,6/3/2015,5/30/2015,8:00:21,7,29.6,AH0,168,31.7239488,Day,F,L,A,MYSE
151.909,8443,6/3/2015,5/29/2015,8:00:22,7,27.8,AH0,223,27.8921016,Day,F,L,A,MYSE
151.909,8443,6/3/2015,5/28/2015,8:00:31,7,31.4,AH0,50,34.6618152,Day,F,L,A,MYSE
151.909,8443,6/3/2015,5/28/2015,8:00:33,7,31.3,AH0,54,34.5200901,Day,F,L,A,MYSE
151.909,8443,6/3/2015,5/26/2015,8:00:35,7,28.9,AH0,242,30.3463677,Day,F,L,A,MYSE
151.909,8443,6/3/2015,5/28/2015,8:00:35,7,31.3,AH0,52,34.5200901,Day,F,L,A,MYSE
151.909,8443,6/3/2015,5/29/2015,8:00:35,7,27.9,AH0,227,28.1303987,Day,F,L,A,MYSE
151.909,8443,6/3/2015,5/30/2015,8:00:35,7,29.6,AH0,169,31.7239488,Day,F,L,A,MYSE
151.909,8443,6/3/2015,5/28/2015,8:00:37,7,31.3,AH0,54,34.5200901,Day,F,L,A,MYSE
151.909,8443,6/3/2015,5/30/2015,8:00:37,7,29.6,AH0,172,31.7239488,Day,F,L,A,MYSE
151.909,8443,6/3/2015,5/26/2015,8:00:38,7,28.9,AH0,240,30.3463677,Day,F,L,A,MYSE
151.909,8443,6/3/2015,5/29/2015,8:00:38,7,27.9,AH0,226,28.1303987,Day,F,L,A,MYSE
151.909,8443,6/3/2015,5/30/2015,8:00:39,7,29.6,AH0,172,31.7239488,Day,F,L,A,MYSE
151.909,8443,6/3/2015,5/26/2015,8:00:40,7,28.9,AH0,242,30.3463677,Day,F,L,A,MYSE
151.909,8443,6/3/2015,5/29/2015,8:00:40,7,27.9,AH0,226,28.1303987,Day,F,L,A,MYSE
151.909,8443,6/3/2015,5/30/2015,8:00:41,7,29.6,AH0,168,31.7239488,Day,F,L,A,MYSE
151.909,8443,6/3/2015,5/29/2015,8:00:42,7,27.9,AH0,227,28.1303987,Day,F,L,A,MYSE
151.909,8443,6/3/2015,5/26/2015,8:00:54,7,28.9,AH0,241,30.3463677,Day,F,L,A,MYSE
151.909,8443,6/3/2015,5/29/2015,8:00:55,7,27.9,AH0,226,28.1303987,Day,F,L,A,MYSE
151.909,8443,6/3/2015,5/26/2015,8:00:56,7,28.9,AH0,240,30.3463677,Day,F,L,A,MYSE
151.909,8443,6/3/2015,5/30/2015,8:00:56,7,29.5,AH0,172,31.5355875,Day,F,L,A,MYSE
151.909,8443,6/3/2015,5/29/2015,8:00:57,7,27.9,AH0,227,28.1303987,Day,F,L,A,MYSE
151.909,8443,6/3/2015,5/26/2015,8:00:58,7,28.9,AH0,240,30.3463677,Day,F,L,A,MYSE
151.909,8443,6/3/2015,5/30/2015,8:00:58,7,29.5,AH0,169,31.5355875,Day,F,L,A,MYSE
151.909,8443,6/3/2015,5/29/2015,8:00:59,7,27.9,AH0,226,28.1303987,Day,F,L,A,MYSE
151.909,8443,6/3/2015,5/26/2015,8:01:00,7,28.9,AH0,235,30.3463677,Day,F,L,A,MYSE
151.909,8443,6/3/2015,5/30/2015,8:01:00,7,29.5,AH0,170,31.5355875,Day,F,L,A,MYSE
151.909,8443,6/3/2015,5/29/2015,8:01:01,7,27.9,AH0,219,28.1303987,Day,F,L,A,MYSE
151.909,8443,6/3/2015,5/30/2015,8:01:02,7,29.5,AH0,167,31.5355875,Day,F,L,A,MYSE
151.909,8443,6/3/2015,5/26/2015,8:01:15,7,28.8,AH0,239,30.1381376,Day,F,L,A,MYSE
151.909,8443,6/3/2015,5/29/2015,8:01:16,7,27.9,AH0,223,28.1303987,Day,F,L,A,MYSE
151.909,8443,6/3/2015,5/30/2015,8:01:16,7,29.5,AH0,170,31.5355875,Day,F,L,A,MYSE
151.909,8443,6/3/2015,5/26/2015,8:01:17,7,28.8,AH0,240,30.1381376,Day,F,L,A,MYSE
151.909,8443,6/3/2015,5/29/2015,8:01:18,7,27.9,AH0,223,28.1303987,Day,F,L,A,MYSE
151.909,8443,6/3/2015,5/30/2015,8:01:18,7,29.5,AH0,173,31.5355875,Day,F,L,A,MYSE
151.909,8443,6/3/2015,5/26/2015,8:01:19,7,28.8,AH0,239,30.1381376,Day,F,L,A,MYSE
151.909,8443,6/3/2015,5/30/2015,8:01:20,7,29.5,AH0,173,31.5355875,Day,F,L,A,MYSE
151.909,8443,6/3/2015,5/26/2015,8:01:21,7,28.9,AH0,239,30.3463677,Day,F,L,A,MYSE
151.909,8443,6/3/2015,5/29/2015,8:01:21,7,27.9,AH0,220,28.1303987,Day,F,L,A,MYSE
151.909,8443,6/3/2015,5/28/2015,8:01:30,7,31.6,AH0,57,34.9380768,Day,F,L,A,MYSE
151.909,8443,6/3/2015,5/28/2015,8:01:32,7,31.6,AH0,56,34.9380768,Day,F,L,A,MYSE
151.909,8443,6/3/2015,5/28/2015,8:01:34,7,31.8,AH0,58,35.2048856,Day,F,L,A,MYSE
151.909,8443,6/3/2015,5/30/2015,8:01:34,7,29.6,AH0,170,31.7239488,Day,F,L,A,MYSE
151.909,8443,6/3/2015,5/26/2015,8:01:36,7,28.8,AH0,239,30.1381376,Day,F,L,A,MYSE
151.909,8443,6/3/2015,5/28/2015,8:01:36,7,31.6,AH0,65,34.9380768,Day,F,L,A,MYSE
151.909,8443,6/3/2015,5/29/2015,8:01:36,7,27.9,AH0,216,28.1303987,Day,F,L,A,MYSE
151.909,8443,6/3/2015,5/30/2015,8:01:36,7,29.6,AH0,169,31.7239488,Day,F,L,A,MYSE
151.909,8443,6/3/2015,5/26/2015,8:01:38,7,28.8,AH0,241,30.1381376,Day,F,L,A,MYSE
151.909,8443,6/3/2015,5/28/2015,8:01:38,7,31.9,AH0,60,35.3347947,Day,F,L,A,MYSE
151.909,8443,6/3/2015,5/29/2015,8:01:38,7,27.9,AH0,219,28.1303987,Day,F,L,A,MYSE
151.909,8443,6/3/2015,5/30/2015,8:01:38,7,29.6,AH0,173,31.7239488,Day,F,L,A,MYSE
151.909,8443,6/3/2015,5/26/2015,8:01:40,7,28.8,AH0,241,30.1381376,Day,F,L,A,MYSE
151.909,8443,6/3/2015,5/29/2015,8:01:40,7,27.9,AH0,217,28.1303987,Day,F,L,A,MYSE
151.909,8443,6/3/2015,5/30/2015,8:01:40,7,29.6,AH0,170,31.7239488,Day,F,L,A,MYSE
151.909,8443,6/3/2015,5/29/2015,8:01:42,7,27.9,AH0,218,28.1303987,Day,F,L,A,MYSE
151.909,8443,6/3/2015,5/26/2015,8:01:55,7,28.8,AH0,246,30.1381376,Day,F,L,A,MYSE
151.909,8443,6/3/2015,5/29/2015,8:01:55,7,27.9,AH0,215,28.1303987,Day,F,L,A,MYSE
151.909,8443,6/3/2015,5/30/2015,8:01:55,7,29.6,AH0,168,31.7239488,Day,F,L,A,MYSE
151.909,8443,6/3/2015,5/26/2015,8:01:57,7,28.8,AH0,248,30.1381376,Day,F,L,A,MYSE
151.909,8443,6/3/2015,5/29/2015,8:01:57,7,27.9,AH0,211,28.1303987,Day,F,L,A,MYSE
151.909,8443,6/3/2015,5/30/2015,8:01:57,7,29.6,AH0,172,31.7239488,Day,F,L,A,MYSE
151.909,8443,6/3/2015,5/26/2015,8:01:59,7,28.8,AH0,248,30.1381376,Day,F,L,A,MYSE
151.909,8443,6/3/2015,5/29/2015,8:01:59,7,28,AH0,202,28.3656,Day,F,L,A,MYSE
151.909,8443,6/3/2015,5/30/2015,8:01:59,7,29.6,AH0,169,31.7239488,Day,F,L,A,MYSE
151.909,8443,6/3/2015,5/26/2015,8:02:01,7,28.8,AH0,251,30.1381376,Day,F,L,A,MYSE
151.909,8443,6/3/2015,5/29/2015,8:02:01,7,28.1,AH0,204,28.5977253,Day,F,L,A,MYSE
151.909,8443,6/3/2015,5/30/2015,8:02:01,7,29.7,AH0,171,31.9095509,Day,F,L,A,MYSE
151.909,8443,6/3/2015,5/28/2015,8:02:10,7,31.9,AH0,53,35.3347947,Day,F,L,A,MYSE
151.909,8443,6/3/2015,5/28/2015,8:02:14,7,15.9,AH0,51,-28.2712693,Day,F,L,A,MYSE
151.909,8443,6/3/2015,5/26/2015,8:02:15,7,28.8,AH0,242,30.1381376,Day,F,L,A,MYSE
151.909,8443,6/3/2015,5/30/2015,8:02:15,7,29.6,AH0,170,31.7239488,Day,F,L,A,MYSE
151.909,8443,6/3/2015,5/28/2015,8:02:16,7,31.9,AH0,63,35.3347947,Day,F,L,A,MYSE
151.909,8443,6/3/2015,5/26/2015,8:02:17,7,28.8,AH0,245,30.1381376,Day,F,L,A,MYSE
151.909,8443,6/3/2015,5/29/2015,8:02:17,7,28.5,AH0,206,29.4958625,Day,F,L,A,MYSE
151.909,8443,6/3/2015,5/30/2015,8:02:17,7,29.7,AH0,169,31.9095509,Day,F,L,A,MYSE
151.909,8443,6/3/2015,5/28/2015,8:02:18,7,31.6,AH0,64,34.9380768,Day,F,L,A,MYSE
151.909,8443,6/3/2015,5/29/2015,8:02:19,7,28.5,AH0,209,29.4958625,Day,F,L,A,MYSE
151.909,8443,6/3/2015,5/30/2015,8:02:19,7,29.7,AH0,172,31.9095509,Day,F,L,A,MYSE
151.909,8443,6/3/2015,5/26/2015,8:02:20,7,28.8,AH0,245,30.1381376,Day,F,L,A,MYSE
151.909,8443,6/3/2015,5/29/2015,8:02:21,7,28.5,AH0,208,29.4958625,Day,F,L,A,MYSE
151.909,8443,6/3/2015,5/30/2015,8:02:21,7,29.6,AH0,170,31.7239488,Day,F,L,A,MYSE
151.909,8443,6/3/2015,5/26/2015,8:02:22,7,28.8,AH0,246,30.1381376,Day,F,L,A,MYSE
151.909,8443,6/3/2015,5/28/2015,8:02:31,7,31.9,AH0,60,35.3347947,Day,F,L,A,MYSE
151.909,8443,6/3/2015,5/28/2015,8:02:33,7,31.9,AH0,60,35.3347947,Day,F,L,A,MYSE
151.909,8443,6/3/2015,5/26/2015,8:02:34,7,28.8,AH0,244,30.1381376,Day,F,L,A,MYSE
151.909,8443,6/3/2015,5/30/2015,8:02:35,7,29.7,AH0,168,31.9095509,Day,F,L,A,MYSE
151.909,8443,6/3/2015,5/26/2015,8:02:36,7,28.8,AH0,248,30.1381376,Day,F,L,A,MYSE
151.909,8443,6/3/2015,5/29/2015,8:02:36,7,28.4,AH0,209,29.2758432,Day,F,L,A,MYSE
151.909,8443,6/3/2015,5/30/2015,8:02:37,7,29.7,AH0,172,31.9095509,Day,F,L,A,MYSE
151.909,8443,6/3/2015,5/26/2015,8:02:38,7,28.8,AH0,248,30.1381376,Day,F,L,A,MYSE
151.909,8443,6/3/2015,5/29/2015,8:02:38,7,28.4,AH0,210,29.2758432,Day,F,L,A,MYSE
151.909,8443,6/3/2015,5/30/2015,8:02:39,7,29.7,AH0,169,31.9095509,Day,F,L,A,MYSE
151.909,8443,6/3/2015,5/26/2015,8:02:40,7,28.8,AH0,249,30.1381376,Day,F,L,A,MYSE
151.909,8443,6/3/2015,5/29/2015,8:02:40,7,28.3,AH0,209,29.0528271,Day,F,L,A,MYSE
151.909,8443,6/3/2015,5/30/2015,8:02:41,7,29.7,AH0,167,31.9095509,Day,F,L,A,MYSE
151.909,8443,6/3/2015,5/29/2015,8:02:43,7,28.3,AH0,210,29.0528271,Day,F,L,A,MYSE
151.909,8443,6/3/2015,5/26/2015,8:02:55,7,28.7,AH0,247,29.9269899,Day,F,L,A,MYSE
151.909,8443,6/3/2015,5/30/2015,8:02:55,7,29.7,AH0,175,31.9095509,Day,F,L,A,MYSE
151.909,8443,6/3/2015,5/26/2015,8:02:57,7,28.7,AH0,248,29.9269899,Day,F,L,A,MYSE
151.909,8443,6/3/2015,5/29/2015,8:02:57,7,28.4,AH0,201,29.2758432,Day,F,L,A,MYSE
151.909,8443,6/3/2015,5/30/2015,8:02:57,7,29.7,AH0,171,31.9095509,Day,F,L,A,MYSE
151.909,8443,6/3/2015,5/26/2015,8:02:59,7,28.7,AH0,246,29.9269899,Day,F,L,A,MYSE
151.909,8443,6/3/2015,5/29/2015,8:02:59,7,28.4,AH0,202,29.2758432,Day,F,L,A,MYSE
151.909,8443,6/3/2015,5/30/2015,8:02:59,7,29.7,AH0,174,31.9095509,Day,F,L,A,MYSE
151.909,8443,6/3/2015,5/26/2015,8:03:01,7,28.7,AH0,249,29.9269899,Day,F,L,A,MYSE
151.909,8443,6/3/2015,5/30/2015,8:03:01,7,29.7,AH0,173,31.9095509,Day,F,L,A,MYSE
151.909,8443,6/3/2015,5/29/2015,8:03:02,7,28.4,AH0,200,29.2758432,Day,F,L,A,MYSE
151.909,8443,6/3/2015,5/28/2015,8:03:13,7,15.6,AH0,51,-30.5483872,Day,F,L,A,MYSE
151.909,8443,6/3/2015,5/26/2015,8:03:14,7,28.7,AH0,247,29.9269899,Day,F,L,A,MYSE
151.909,8443,6/3/2015,5/30/2015,8:03:15,7,29.7,AH0,176,31.9095509,Day,F,L,A,MYSE
151.909,8443,6/3/2015,5/26/2015,8:03:16,7,28.7,AH0,248,29.9269899,Day,F,L,A,MYSE
151.909,8443,6/3/2015,5/29/2015,8:03:16,7,28.5,AH0,201,29.4958625,Day,F,L,A,MYSE
151.909,8443,6/3/2015,5/28/2015,8:03:17,7,15.6,AH0,52,-30.5483872,Day,F,L,A,MYSE
151.909,8443,6/3/2015,5/30/2015,8:03:17,7,29.8,AH0,175,32.0924136,Day,F,L,A,MYSE
151.909,8443,6/3/2015,5/26/2015,8:03:18,7,28.6,AH0,247,29.7129048,Day,F,L,A,MYSE
151.909,8443,6/3/2015,5/29/2015,8:03:18,7,28.5,AH0,200,29.4958625,Day,F,L,A,MYSE
151.909,8443,6/3/2015,5/30/2015,8:03:19,7,29.8,AH0,177,32.0924136,Day,F,L,A,MYSE
151.909,8443,6/3/2015,5/26/2015,8:03:20,7,28.6,AH0,246,29.7129048,Day,F,L,A,MYSE
151.909,8443,6/3/2015,5/29/2015,8:03:21,7,28.6,AH0,202,29.7129048,Day,F,L,A,MYSE
151.909,8443,6/3/2015,5/30/2015,8:03:21,7,29.8,AH0,174,32.0924136,Day,F,L,A,MYSE
151.909,8443,6/3/2015,5/29/2015,8:03:23,7,28.6,AH0,200,29.7129048,Day,F,L,A,MYSE
151.909,8443,6/3/2015,5/26/2015,8:03:35,7,28.6,AH0,247,29.7129048,Day,F,L,A,MYSE
151.909,8443,6/3/2015,5/28/2015,8:03:36,7,10.3,AH0,14,-79.4754909,Day,F,L,A,MYSE
151.909,8443,6/3/2015,5/30/2015,8:03:36,7,29.8,AH0,171,32.0924136,Day,F,L,A,MYSE
151.909,8443,6/3/2015,5/26/2015,8:03:37,7,28.6,AH0,246,29.7129048,Day,F,L,A,MYSE
151.909,8443,6/3/2015,5/29/2015,8:03:37,7,28.7,AH0,202,29.9269899,Day,F,L,A,MYSE
151.909,8443,6/3/2015,5/30/2015,8:03:38,7,29.8,AH0,177,32.0924136,Day,F,L,A,MYSE
151.909,8443,6/3/2015,5/26/2015,8:03:39,7,28.6,AH0,245,29.7129048,Day,F,L,A,MYSE
151.909,8443,6/3/2015,5/29/2015,8:03:39,7,28.7,AH0,202,29.9269899,Day,F,L,A,MYSE
151.909,8443,6/3/2015,5/30/2015,8:03:40,7,29.8,AH0,174,32.0924136,Day,F,L,A,MYSE
151.909,8443,6/3/2015,5/26/2015,8:03:41,7,28.6,AH0,240,29.7129048,Day,F,L,A,MYSE
151.909,8443,6/3/2015,5/29/2015,8:03:42,7,28.7,AH0,199,29.9269899,Day,F,L,A,MYSE
151.909,8443,6/3/2015,5/30/2015,8:03:42,7,29.8,AH0,174,32.0924136,Day,F,L,A,MYSE
151.909,8443,6/3/2015,5/28/2015,8:03:52,7,30.8,AH0,50,33.7747296,Day,F,L,A,MYSE
151.909,8443,6/3/2015,5/28/2015,8:03:54,7,30.8,AH0,53,33.7747296,Day,F,L,A,MYSE
151.909,8443,6/3/2015,5/26/2015,8:03:56,7,28.6,AH0,238,29.7129048,Day,F,L,A,MYSE
151.909,8443,6/3/2015,5/28/2015,8:03:56,7,30.6,AH0,55,33.4590728,Day,F,L,A,MYSE
151.909,8443,6/3/2015,5/29/2015,8:03:56,7,28.8,AH0,200,30.1381376,Day,F,L,A,MYSE
151.909,8443,6/3/2015,5/30/2015,8:03:56,7,29.7,AH0,174,31.9095509,Day,F,L,A,MYSE
151.909,8443,6/3/2015,5/26/2015,8:03:58,7,28.6,AH0,237,29.7129048,Day,F,L,A,MYSE
151.909,8443,6/3/2015,5/28/2015,8:03:58,7,30.6,AH0,55,33.4590728,Day,F,L,A,MYSE
151.909,8443,6/3/2015,5/29/2015,8:03:58,7,28.8,AH0,197,30.1381376,Day,F,L,A,MYSE
151.909,8443,6/3/2015,5/30/2015,8:03:58,7,29.7,AH0,170,31.9095509,Day,F,L,A,MYSE
151.909,8443,6/3/2015,5/26/2015,8:04:00,7,28.6,AH0,234,29.7129048,Day,F,L,A,MYSE
151.909,8443,6/3/2015,5/29/2015,8:04:00,7,28.8,AH0,197,30.1381376,Day,F,L,A,MYSE
151.909,8443,6/3/2015,5/30/2015,8:04:00,7,29.7,AH0,179,31.9095509,Day,F,L,A,MYSE
151.909,8443,6/3/2015,5/29/2015,8:04:02,7,28.8,AH0,200,30.1381376,Day,F,L,A,MYSE
151.909,8443,6/3/2015,5/30/2015,8:04:02,7,29.7,AH0,171,31.9095509,Day,F,L,A,MYSE
151.909,8443,6/3/2015,5/26/2015,8:04:15,7,28.6,AH0,231,29.7129048,Day,F,L,A,MYSE
151.909,8443,6/3/2015,5/30/2015,8:04:16,7,29.7,AH0,175,31.9095509,Day,F,L,A,MYSE
151.909,8443,6/3/2015,5/26/2015,8:04:17,7,28.6,AH0,235,29.7129048,Day,F,L,A,MYSE
151.909,8443,6/3/2015,5/29/2015,8:04:17,7,28.9,AH0,200,30.3463677,Day,F,L,A,MYSE
151.909,8443,6/3/2015,5/30/2015,8:04:18,7,29.8,AH0,174,32.0924136,Day,F,L,A,MYSE
151.909,8443,6/3/2015,5/26/2015,8:04:19,7,28.6,AH0,233,29.7129048,Day,F,L,A,MYSE
151.909,8443,6/3/2015,5/29/2015,8:04:19,7,28.9,AH0,196,30.3463677,Day,F,L,A,MYSE
151.909,8443,6/3/2015,5/30/2015,8:04:20,7,29.7,AH0,168,31.9095509,Day,F,L,A,MYSE
151.909,8443,6/3/2015,5/26/2015,8:04:21,7,28.6,AH0,232,29.7129048,Day,F,L,A,MYSE
151.909,8443,6/3/2015,5/29/2015,8:04:21,7,28.9,AH0,201,30.3463677,Day,F,L,A,MYSE
151.909,8443,6/3/2015,5/29/2015,8:04:23,7,28.9,AH0,198,30.3463677,Day,F,L,A,MYSE
151.909,8443,6/3/2015,5/30/2015,8:04:34,7,29.8,AH0,176,32.0924136,Day,F,L,A,MYSE
151.909,8443,6/3/2015,5/26/2015,8:04:36,7,28.6,AH0,236,29.7129048,Day,F,L,A,MYSE
151.909,8443,6/3/2015,5/29/2015,8:04:36,7,29,AH0,186,30.5517,Day,F,L,A,MYSE
151.909,8443,6/3/2015,5/30/2015,8:04:36,7,29.8,AH0,175,32.0924136,Day,F,L,A,MYSE
151.909,8443,6/3/2015,5/26/2015,8:04:38,7,28.6,AH0,232,29.7129048,Day,F,L,A,MYSE
151.909,8443,6/3/2015,5/29/2015,8:04:38,7,29,AH0,184,30.5517,Day,F,L,A,MYSE
151.909,8443,6/3/2015,5/30/2015,8:04:38,7,29.8,AH0,171,32.0924136,Day,F,L,A,MYSE
151.909,8443,6/3/2015,5/26/2015,8:04:40,7,28.6,AH0,232,29.7129048,Day,F,L,A,MYSE
151.909,8443,6/3/2015,5/29/2015,8:04:40,7,29,AH0,185,30.5517,Day,F,L,A,MYSE
151.909,8443,6/3/2015,5/30/2015,8:04:40,7,29.8,AH0,175,32.0924136,Day,F,L,A,MYSE
151.909,8443,6/3/2015,5/29/2015,8:04:42,7,29,AH0,184,30.5517,Day,F,L,A,MYSE
151.909,8443,6/3/2015,5/26/2015,8:04:54,7,28.6,AH0,235,29.7129048,Day,F,L,A,MYSE
151.909,8443,6/3/2015,5/30/2015,8:04:54,7,29.8,AH0,172,32.0924136,Day,F,L,A,MYSE
151.909,8443,6/3/2015,5/29/2015,8:04:56,7,29.1,AH0,183,30.7541543,Day,F,L,A,MYSE
151.909,8443,6/3/2015,5/30/2015,8:04:56,7,29.8,AH0,177,32.0924136,Day,F,L,A,MYSE
151.909,8443,6/3/2015,5/26/2015,8:04:57,7,28.6,AH0,234,29.7129048,Day,F,L,A,MYSE
151.909,8443,6/3/2015,5/29/2015,8:04:58,7,29.1,AH0,189,30.7541543,Day,F,L,A,MYSE
151.909,8443,6/3/2015,5/30/2015,8:04:58,7,29.8,AH0,177,32.0924136,Day,F,L,A,MYSE
151.909,8443,6/3/2015,5/26/2015,8:04:59,7,28.6,AH0,236,29.7129048,Day,F,L,A,MYSE
151.909,8443,6/3/2015,5/29/2015,8:05:00,7,29.1,AH0,183,30.7541543,Day,F,L,A,MYSE
151.909,8443,6/3/2015,5/30/2015,8:05:00,7,29.8,AH0,176,32.0924136,Day,F,L,A,MYSE
151.909,8443,6/3/2015,5/26/2015,8:05:01,7,28.6,AH0,233,29.7129048,Day,F,L,A,MYSE
151.909,8443,6/3/2015,5/29/2015,8:05:02,7,29.2,AH0,184,30.9537504,Day,F,L,A,MYSE
151.909,8443,6/3/2015,5/30/2015,8:05:14,7,29.7,AH0,170,31.9095509,Day,F,L,A,MYSE
151.909,8443,6/3/2015,5/26/2015,8:05:16,7,28.6,AH0,228,29.7129048,Day,F,L,A,MYSE
151.909,8443,6/3/2015,5/30/2015,8:05:16,7,29.7,AH0,175,31.9095509,Day,F,L,A,MYSE
151.909,8443,6/3/2015,5/29/2015,8:05:17,7,29.2,AH0,185,30.9537504,Day,F,L,A,MYSE
151.909,8443,6/3/2015,5/26/2015,8:05:18,7,28.5,AH0,229,29.4958625,Day,F,L,A,MYSE
151.909,8443,6/3/2015,5/30/2015,8:05:18,7,29.7,AH0,168,31.9095509,Day,F,L,A,MYSE
151.909,8443,6/3/2015,5/29/2015,8:05:19,7,29.2,AH0,185,30.9537504,Day,F,L,A,MYSE
151.909,8443,6/3/2015,5/26/2015,8:05:20,7,28.5,AH0,230,29.4958625,Day,F,L,A,MYSE
151.909,8443,6/3/2015,5/30/2015,8:05:20,7,29.7,AH0,171,31.9095509,Day,F,L,A,MYSE
151.909,8443,6/3/2015,5/29/2015,8:05:21,7,29.2,AH0,187,30.9537504,Day,F,L,A,MYSE
151.909,8443,6/3/2015,5/29/2015,8:05:23,7,29.2,AH0,183,30.9537504,Day,F,L,A,MYSE
151.909,8443,6/3/2015,5/28/2015,8:05:30,7,31.2,AH0,68,34.3759424,Day,F,L,A,MYSE
151.909,8443,6/3/2015,5/28/2015,8:05:32,7,30.9,AH0,65,33.9287657,Day,F,L,A,MYSE
151.909,8443,6/3/2015,5/26/2015,8:05:34,7,28.5,AH0,231,29.4958625,Day,F,L,A,MYSE
151.909,8443,6/3/2015,5/28/2015,8:05:34,7,30.9,AH0,60,33.9287657,Day,F,L,A,MYSE
151.909,8443,6/3/2015,5/30/2015,8:05:34,7,29.8,AH0,174,32.0924136,Day,F,L,A,MYSE
151.909,8443,6/3/2015,5/28/2015,8:05:36,7,30.8,AH0,55,33.7747296,Day,F,L,A,MYSE
151.909,8443,6/3/2015,5/30/2015,8:05:36,7,29.8,AH0,174,32.0924136,Day,F,L,A,MYSE
151.909,8443,6/3/2015,5/26/2015,8:05:37,7,28.5,AH0,230,29.4958625,Day,F,L,A,MYSE
151.909,8443,6/3/2015,5/29/2015,8:05:37,7,29.2,AH0,185,30.9537504,Day,F,L,A,MYSE
151.909,8443,6/3/2015,5/28/2015,8:05:38,7,31,AH0,59,34.0803,Day,F,L,A,MYSE
151.909,8443,6/3/2015,5/30/2015,8:05:38,7,29.8,AH0,174,32.0924136,Day,F,L,A,MYSE
151.909,8443,6/3/2015,5/26/2015,8:05:39,7,28.5,AH0,232,29.4958625,Day,F,L,A,MYSE
151.909,8443,6/3/2015,5/29/2015,8:05:39,7,29.3,AH0,184,31.1505081,Day,F,L,A,MYSE
151.909,8443,6/3/2015,5/26/2015,8:05:41,7,28.5,AH0,230,29.4958625,Day,F,L,A,MYSE
151.909,8443,6/3/2015,5/29/2015,8:05:41,7,29.3,AH0,184,31.1505081,Day,F,L,A,MYSE
151.909,8443,6/3/2015,5/30/2015,8:05:41,7,29.8,AH0,174,32.0924136,Day,F,L,A,MYSE
151.909,8443,6/3/2015,5/28/2015,8:05:55,7,31.1,AH0,52,34.2293523,Day,F,L,A,MYSE
151.909,8443,6/3/2015,5/30/2015,8:05:55,7,29.9,AH0,175,32.2725567,Day,F,L,A,MYSE
151.909,8443,6/3/2015,5/26/2015,8:05:56,7,28.4,AH0,228,29.2758432,Day,F,L,A,MYSE
151.909,8443,6/3/2015,5/29/2015,8:05:56,7,29.3,AH0,186,31.1505081,Day,F,L,A,MYSE
151.909,8443,6/3/2015,5/28/2015,8:05:57,7,31.1,AH0,52,34.2293523,Day,F,L,A,MYSE
151.909,8443,6/3/2015,5/30/2015,8:05:57,7,29.9,AH0,174,32.2725567,Day,F,L,A,MYSE
151.909,8443,6/3/2015,5/26/2015,8:05:58,7,28.4,AH0,233,29.2758432,Day,F,L,A,MYSE
151.909,8443,6/3/2015,5/29/2015,8:05:58,7,29.3,AH0,182,31.1505081,Day,F,L,A,MYSE
151.909,8443,6/3/2015,5/30/2015,8:05:59,7,29.9,AH0,176,32.2725567,Day,F,L,A,MYSE
151.909,8443,6/3/2015,5/26/2015,8:06:00,7,28.4,AH0,230,29.2758432,Day,F,L,A,MYSE
151.909,8443,6/3/2015,5/29/2015,8:06:00,7,29.3,AH0,186,31.1505081,Day,F,L,A,MYSE
151.909,8443,6/3/2015,5/30/2015,8:06:01,7,29.9,AH0,174,32.2725567,Day,F,L,A,MYSE
151.909,8443,6/3/2015,5/29/2015,8:06:02,7,29.3,AH0,184,31.1505081,Day,F,L,A,MYSE
151.909,8443,6/3/2015,5/28/2015,8:06:11,7,31.3,AH0,54,34.5200901,Day,F,L,A,MYSE
151.909,8443,6/3/2015,5/28/2015,8:06:13,7,31.3,AH0,63,34.5200901,Day,F,L,A,MYSE
151.909,8443,6/3/2015,5/26/2015,8:06:15,7,28.4,AH0,233,29.2758432,Day,F,L,A,MYSE
151.909,8443,6/3/2015,5/30/2015,8:06:15,7,29.9,AH0,172,32.2725567,Day,F,L,A,MYSE
151.909,8443,6/3/2015,5/29/2015,8:06:16,7,29.4,AH0,185,31.3444472,Day,F,L,A,MYSE
151.909,8443,6/3/2015,5/26/2015,8:06:17,7,28.4,AH0,231,29.2758432,Day,F,L,A,MYSE
151.909,8443,6/3/2015,5/28/2015,8:06:17,7,15.6,AH0,12,-30.5483872,Day,F,L,A,MYSE
151.909,8443,6/3/2015,5/30/2015,8:06:17,7,29.9,AH0,175,32.2725567,Day,F,L,A,MYSE
151.909,8443,6/3/2015,5/29/2015,8:06:18,7,29.4,AH0,184,31.3444472,Day,F,L,A,MYSE
151.909,8443,6/3/2015,5/26/2015,8:06:19,7,28.4,AH0,231,29.2758432,Day,F,L,A,MYSE
151.909,8443,6/3/2015,5/30/2015,8:06:19,7,29.9,AH0,172,32.2725567,Day,F,L,A,MYSE
151.909,8443,6/3/2015,5/29/2015,8:06:20,7,29.4,AH0,183,31.3444472,Day,F,L,A,MYSE
151.909,8443,6/3/2015,5/26/2015,8:06:21,7,28.4,AH0,230,29.2758432,Day,F,L,A,MYSE
151.909,8443,6/3/2015,5/30/2015,8:06:21,7,29.9,AH0,175,32.2725567,Day,F,L,A,MYSE
151.909,8443,6/3/2015,5/29/2015,8:06:22,7,29.5,AH0,181,31.5355875,Day,F,L,A,MYSE
151.909,8443,6/3/2015,5/30/2015,8:06:35,7,30,AH0,179,32.45,Day,F,L,A,MYSE
151.909,8443,6/3/2015,5/26/2015,8:06:36,7,28.4,AH0,231,29.2758432,Day,F,L,A,MYSE
151.909,8443,6/3/2015,5/29/2015,8:06:37,7,29.5,AH0,181,31.5355875,Day,F,L,A,MYSE
151.909,8443,6/3/2015,5/30/2015,8:06:37,7,30,AH0,179,32.45,Day,F,L,A,MYSE
151.909,8443,6/3/2015,5/26/2015,8:06:38,7,28.4,AH0,230,29.2758432,Day,F,L,A,MYSE
151.909,8443,6/3/2015,5/29/2015,8:06:39,7,29.5,AH0,179,31.5355875,Day,F,L,A,MYSE
151.909,8443,6/3/2015,5/30/2015,8:06:39,7,30,AH0,177,32.45,Day,F,L,A,MYSE
151.909,8443,6/3/2015,5/26/2015,8:06:40,7,28.4,AH0,231,29.2758432,Day,F,L,A,MYSE
151.909,8443,6/3/2015,5/29/2015,8:06:41,7,29.5,AH0,181,31.5355875,Day,F,L,A,MYSE
151.909,8443,6/3/2015,5/30/2015,8:06:41,7,30,AH0,182,32.45,Day,F,L,A,MYSE
151.909,8443,6/3/2015,5/29/2015,8:06:43,7,29.5,AH0,180,31.5355875,Day,F,L,A,MYSE
151.909,8443,6/3/2015,5/26/2015,8:06:55,7,28.4,AH0,230,29.2758432,Day,F,L,A,MYSE
151.909,8443,6/3/2015,5/30/2015,8:06:55,7,30,AH0,174,32.45,Day,F,L,A,MYSE
151.909,8443,6/3/2015,5/28/2015,8:06:56,7,32.7,AH0,61,36.2927939,Day,F,L,A,MYSE
151.909,8443,6/3/2015,5/26/2015,8:06:57,7,28.4,AH0,233,29.2758432,Day,F,L,A,MYSE
151.909,8443,6/3/2015,5/29/2015,8:06:57,7,29.5,AH0,178,31.5355875,Day,F,L,A,MYSE
151.909,8443,6/3/2015,5/30/2015,8:06:57,7,30.1,AH0,178,32.6247633,Day,F,L,A,MYSE
151.909,8443,6/3/2015,5/28/2015,8:06:58,7,32.6,AH0,60,36.1807608,Day,F,L,A,MYSE
151.909,8443,6/3/2015,5/26/2015,8:06:59,7,28.4,AH0,230,29.2758432,Day,F,L,A,MYSE
151.909,8443,6/3/2015,5/29/2015,8:06:59,7,29.6,AH0,181,31.7239488,Day,F,L,A,MYSE
151.909,8443,6/3/2015,5/30/2015,8:06:59,7,30.1,AH0,179,32.6247633,Day,F,L,A,MYSE
151.909,8443,6/3/2015,5/26/2015,8:07:01,7,28.4,AH0,232,29.2758432,Day,F,L,A,MYSE
151.909,8443,6/3/2015,5/29/2015,8:07:01,7,29.6,AH0,181,31.7239488,Day,F,L,A,MYSE
151.909,8443,6/3/2015,5/30/2015,8:07:01,7,30.1,AH0,178,32.6247633,Day,F,L,A,MYSE
151.909,8443,6/3/2015,5/29/2015,8:07:03,7,29.5,AH0,179,31.5355875,Day,F,L,A,MYSE
151.909,8443,6/3/2015,5/26/2015,8:07:14,7,28.7,AH0,253,29.9269899,Day,F,L,A,MYSE
151.909,8443,6/3/2015,5/30/2015,8:07:15,7,30.1,AH0,182,32.6247633,Day,F,L,A,MYSE
151.909,8443,6/3/2015,5/26/2015,8:07:16,7,28.6,AH0,248,29.7129048,Day,F,L,A,MYSE
151.909,8443,6/3/2015,5/29/2015,8:07:17,7,29.6,AH0,181,31.7239488,Day,F,L,A,MYSE
151.909,8443,6/3/2015,5/30/2015,8:07:17,7,30.1,AH0,178,32.6247633,Day,F,L,A,MYSE
151.909,8443,6/3/2015,5/26/2015,8:07:18,7,28.6,AH0,253,29.7129048,Day,F,L,A,MYSE
151.909,8443,6/3/2015,5/29/2015,8:07:19,7,29.6,AH0,178,31.7239488,Day,F,L,A,MYSE
151.909,8443,6/3/2015,5/30/2015,8:07:19,7,30.1,AH0,182,32.6247633,Day,F,L,A,MYSE
151.909,8443,6/3/2015,5/26/2015,8:07:20,7,28.6,AH0,241,29.7129048,Day,F,L,A,MYSE
151.909,8443,6/3/2015,5/29/2015,8:07:21,7,29.6,AH0,177,31.7239488,Day,F,L,A,MYSE
151.909,8443,6/3/2015,5/30/2015,8:07:21,7,30.1,AH0,179,32.6247633,Day,F,L,A,MYSE
151.909,8443,6/3/2015,5/29/2015,8:07:23,7,29.6,AH0,181,31.7239488,Day,F,L,A,MYSE
151.909,8443,6/3/2015,5/28/2015,8:07:33,7,31.7,AH0,76,35.0726529,Day,F,L,A,MYSE
151.909,8443,6/3/2015,5/26/2015,8:07:35,7,28.7,AH0,255,29.9269899,Day,F,L,A,MYSE
151.909,8443,6/3/2015,5/28/2015,8:07:35,7,31.7,AH0,74,35.0726529,Day,F,L,A,MYSE
151.909,8443,6/3/2015,5/30/2015,8:07:35,7,30.2,AH0,180,32.7968664,Day,F,L,A,MYSE
151.909,8443,6/3/2015,5/29/2015,8:07:36,7,29.6,AH0,181,31.7239488,Day,F,L,A,MYSE
151.909,8443,6/3/2015,5/26/2015,8:07:37,7,28.7,AH0,255,29.9269899,Day,F,L,A,MYSE
151.909,8443,6/3/2015,5/28/2015,8:07:37,7,31.7,AH0,61,35.0726529,Day,F,L,A,MYSE
151.909,8443,6/3/2015,5/30/2015,8:07:37,7,30.2,AH0,177,32.7968664,Day,F,L,A,MYSE
151.909,8443,6/3/2015,5/29/2015,8:07:38,7,29.7,AH0,188,31.9095509,Day,F,L,A,MYSE
151.909,8443,6/3/2015,5/26/2015,8:07:39,7,28.8,AH0,254,30.1381376,Day,F,L,A,MYSE
151.909,8443,6/3/2015,5/30/2015,8:07:39,7,30.2,AH0,178,32.7968664,Day,F,L,A,MYSE
151.909,8443,6/3/2015,5/29/2015,8:07:40,7,29.7,AH0,190,31.9095509,Day,F,L,A,MYSE
151.909,8443,6/3/2015,5/26/2015,8:07:41,7,28.7,AH0,254,29.9269899,Day,F,L,A,MYSE
151.909,8443,6/3/2015,5/30/2015,8:07:41,7,30.2,AH0,177,32.7968664,Day,F,L,A,MYSE
151.909,8443,6/3/2015,5/29/2015,8:07:42,7,29.7,AH0,183,31.9095509,Day,F,L,A,MYSE
151.909,8443,6/3/2015,5/28/2015,8:07:51,7,31.5,AH0,116,34.8011375,Day,F,L,A,MYSE
151.909,8443,6/3/2015,5/28/2015,8:07:52,7,31.5,AH0,112,34.8011375,Day,F,L,A,MYSE
151.909,8443,6/3/2015,5/28/2015,8:07:54,7,31.4,AH0,95,34.6618152,Day,F,L,A,MYSE
151.909,8443,6/3/2015,5/30/2015,8:07:54,7,30.2,AH0,180,32.7968664,Day,F,L,A,MYSE
151.909,8443,6/3/2015,5/26/2015,8:07:55,7,29,AH0,255,30.5517,Day,F,L,A,MYSE
151.909,8443,6/3/2015,5/28/2015,8:07:56,7,31.3,AH0,103,34.5200901,Day,F,L,A,MYSE
151.909,8443,6/3/2015,5/29/2015,8:07:56,7,29.7,AH0,179,31.9095509,Day,F,L,A,MYSE
151.909,8443,6/3/2015,5/30/2015,8:07:56,7,30.2,AH0,179,32.7968664,Day,F,L,A,MYSE
151.909,8443,6/3/2015,5/26/2015,8:07:57,7,29,AH0,255,30.5517,Day,F,L,A,MYSE
151.909,8443,6/3/2015,5/29/2015,8:07:58,7,29.7,AH0,180,31.9095509,Day,F,L,A,MYSE
151.909,8443,6/3/2015,5/30/2015,8:07:58,7,30.2,AH0,177,32.7968664,Day,F,L,A,MYSE
151.909,8443,6/3/2015,5/26/2015,8:08:00,7,29.1,AH0,255,30.7541543,Day,F,L,A,MYSE
151.909,8443,6/3/2015,5/29/2015,8:08:00,7,29.7,AH0,180,31.9095509,Day,F,L,A,MYSE
151.909,8443,6/3/2015,5/30/2015,8:08:00,7,30.2,AH0,178,32.7968664,Day,F,L,A,MYSE
151.909,8443,6/3/2015,5/29/2015,8:08:02,7,29.7,AH0,182,31.9095509,Day,F,L,A,MYSE
151.909,8443,6/3/2015,5/28/2015,8:08:12,7,31,AH0,106,34.0803,Day,F,L,A,MYSE
151.909,8443,6/3/2015,5/26/2015,8:08:14,7,29.1,AH0,255,30.7541543,Day,F,L,A,MYSE
151.909,8443,6/3/2015,5/28/2015,8:08:14,7,30.9,AH0,106,33.9287657,Day,F,L,A,MYSE
151.909,8443,6/3/2015,5/30/2015,8:08:14,7,30.3,AH0,180,32.9663291,Day,F,L,A,MYSE
151.909,8443,6/3/2015,5/26/2015,8:08:16,7,29,AH0,255,30.5517,Day,F,L,A,MYSE
151.909,8443,6/3/2015,5/28/2015,8:08:16,7,30.9,AH0,103,33.9287657,Day,F,L,A,MYSE
151.909,8443,6/3/2015,5/29/2015,8:08:16,7,29.7,AH0,192,31.9095509,Day,F,L,A,MYSE
151.909,8443,6/3/2015,5/30/2015,8:08:16,7,30.3,AH0,176,32.9663291,Day,F,L,A,MYSE
151.909,8443,6/3/2015,5/26/2015,8:08:18,7,29,AH0,255,30.5517,Day,F,L,A,MYSE
151.909,8443,6/3/2015,5/28/2015,8:08:18,7,30.8,AH0,103,33.7747296,Day,F,L,A,MYSE
151.909,8443,6/3/2015,5/29/2015,8:08:18,7,29.7,AH0,193,31.9095509,Day,F,L,A,MYSE
151.909,8443,6/3/2015,5/30/2015,8:08:18,7,30.3,AH0,179,32.9663291,Day,F,L,A,MYSE
151.909,8443,6/3/2015,5/26/2015,8:08:20,7,29.1,AH0,255,30.7541543,Day,F,L,A,MYSE
151.909,8443,6/3/2015,5/29/2015,8:08:20,7,29.6,AH0,191,31.7239488,Day,F,L,A,MYSE
151.909,8443,6/3/2015,5/30/2015,8:08:20,7,30.3,AH0,180,32.9663291,Day,F,L,A,MYSE
151.909,8443,6/3/2015,5/29/2015,8:08:22,7,29.6,AH0,198,31.7239488,Day,F,L,A,MYSE
151.909,8443,6/3/2015,5/28/2015,8:08:31,7,30.6,AH0,110,33.4590728,Day,F,L,A,MYSE
151.909,8443,6/3/2015,5/28/2015,8:08:33,7,30.5,AH0,107,33.2974125,Day,F,L,A,MYSE
151.909,8443,6/3/2015,5/30/2015,8:08:34,7,30.4,AH0,178,33.1331712,Day,F,L,A,MYSE
151.909,8443,6/3/2015,5/26/2015,8:08:35,7,29.2,AH0,254,30.9537504,Day,F,L,A,MYSE
151.909,8443,6/3/2015,5/28/2015,8:08:35,7,30.5,AH0,106,33.2974125,Day,F,L,A,MYSE
151.909,8443,6/3/2015,5/29/2015,8:08:36,7,29.4,AH0,184,31.3444472,Day,F,L,A,MYSE
151.909,8443,6/3/2015,5/30/2015,8:08:36,7,30.4,AH0,181,33.1331712,Day,F,L,A,MYSE
151.909,8443,6/3/2015,5/26/2015,8:08:37,7,29.1,AH0,255,30.7541543,Day,F,L,A,MYSE
151.909,8443,6/3/2015,5/28/2015,8:08:37,7,30.5,AH0,105,33.2974125,Day,F,L,A,MYSE
151.909,8443,6/3/2015,5/29/2015,8:08:38,7,29.4,AH0,183,31.3444472,Day,F,L,A,MYSE
151.909,8443,6/3/2015,5/30/2015,8:08:38,7,30.4,AH0,180,33.1331712,Day,F,L,A,MYSE
151.909,8443,6/3/2015,5/26/2015,8:08:39,7,29.1,AH0,255,30.7541543,Day,F,L,A,MYSE
151.909,8443,6/3/2015,5/29/2015,8:08:40,7,29.4,AH0,198,31.3444472,Day,F,L,A,MYSE
151.909,8443,6/3/2015,5/30/2015,8:08:40,7,30.4,AH0,178,33.1331712,Day,F,L,A,MYSE
151.909,8443,6/3/2015,5/26/2015,8:08:41,7,29.2,AH0,255,30.9537504,Day,F,L,A,MYSE
151.909,8443,6/3/2015,5/29/2015,8:08:42,7,29.4,AH0,193,31.3444472,Day,F,L,A,MYSE
151.909,8443,6/3/2015,5/28/2015,8:08:51,7,30.2,AH0,77,32.7968664,Day,F,L,A,MYSE
151.909,8443,6/3/2015,5/28/2015,8:08:53,7,30.3,AH0,97,32.9663291,Day,F,L,A,MYSE
151.909,8443,6/3/2015,5/26/2015,8:08:55,7,29.5,AH0,255,31.5355875,Day,F,L,A,MYSE
151.909,8443,6/3/2015,5/28/2015,8:08:55,7,30.4,AH0,104,33.1331712,Day,F,L,A,MYSE
151.909,8443,6/3/2015,5/30/2015,8:08:56,7,30.5,AH0,179,33.2974125,Day,F,L,A,MYSE
151.909,8443,6/3/2015,5/26/2015,8:08:57,7,29.4,AH0,255,31.3444472,Day,F,L,A,MYSE
151.909,8443,6/3/2015,5/28/2015,8:08:57,7,30.5,AH0,107,33.2974125,Day,F,L,A,MYSE
151.909,8443,6/3/2015,5/29/2015,8:08:57,7,29.4,AH0,197,31.3444472,Day,F,L,A,MYSE
151.909,8443,6/3/2015,5/30/2015,8:08:58,7,30.5,AH0,178,33.2974125,Day,F,L,A,MYSE
151.909,8443,6/3/2015,5/26/2015,8:08:59,7,29.4,AH0,255,31.3444472,Day,F,L,A,MYSE
151.909,8443,6/3/2015,5/29/2015,8:08:59,7,29.4,AH0,195,31.3444472,Day,F,L,A,MYSE
151.909,8443,6/3/2015,5/30/2015,8:09:00,7,30.5,AH0,179,33.2974125,Day,F,L,A,MYSE
151.909,8443,6/3/2015,5/26/2015,8:09:01,7,29.4,AH0,255,31.3444472,Day,F,L,A,MYSE
151.909,8443,6/3/2015,5/29/2015,8:09:01,7,29.4,AH0,202,31.3444472,Day,F,L,A,MYSE
151.909,8443,6/3/2015,5/30/2015,8:09:02,7,30.5,AH0,182,33.2974125,Day,F,L,A,MYSE
151.909,8443,6/3/2015,5/29/2015,8:09:03,7,29.4,AH0,197,31.3444472,Day,F,L,A,MYSE
151.909,8443,6/3/2015,5/28/2015,8:09:11,7,31,AH0,105,34.0803,Day,F,L,A,MYSE
151.909,8443,6/3/2015,5/28/2015,8:09:13,7,30.9,AH0,138,33.9287657,Day,F,L,A,MYSE
151.909,8443,6/3/2015,5/28/2015,8:09:14,7,30.8,AH0,126,33.7747296,Day,F,L,A,MYSE
151.909,8443,6/3/2015,5/30/2015,8:09:15,7,30.5,AH0,178,33.2974125,Day,F,L,A,MYSE
151.909,8443,6/3/2015,5/26/2015,8:09:16,7,29.2,AH0,255,30.9537504,Day,F,L,A,MYSE
151.909,8443,6/3/2015,5/28/2015,8:09:16,7,30.8,AH0,110,33.7747296,Day,F,L,A,MYSE
151.909,8443,6/3/2015,5/29/2015,8:09:17,7,29.3,AH0,194,31.1505081,Day,F,L,A,MYSE
151.909,8443,6/3/2015,5/30/2015,8:09:17,7,30.5,AH0,178,33.2974125,Day,F,L,A,MYSE
151.909,8443,6/3/2015,5/26/2015,8:09:18,7,29.2,AH0,254,30.9537504,Day,F,L,A,MYSE
151.909,8443,6/3/2015,5/29/2015,8:09:19,7,29.2,AH0,195,30.9537504,Day,F,L,A,MYSE
151.909,8443,6/3/2015,5/30/2015,8:09:19,7,30.5,AH0,181,33.2974125,Day,F,L,A,MYSE
151.909,8443,6/3/2015,5/26/2015,8:09:20,7,29.2,AH0,255,30.9537504,Day,F,L,A,MYSE
151.909,8443,6/3/2015,5/29/2015,8:09:21,7,29.2,AH0,192,30.9537504,Day,F,L,A,MYSE
151.909,8443,6/3/2015,5/30/2015,8:09:21,7,30.5,AH0,175,33.2974125,Day,F,L,A,MYSE
151.909,8443,6/3/2015,5/29/2015,8:09:23,7,29.2,AH0,191,30.9537504,Day,F,L,A,MYSE
151.909,8443,6/3/2015,5/28/2015,8:09:30,7,30.5,AH0,104,33.2974125,Day,F,L,A,MYSE
151.909,8443,6/3/2015,5/28/2015,8:09:32,7,30.4,AH0,100,33.1331712,Day,F,L,A,MYSE
151.909,8443,6/3/2015,5/26/2015,8:09:34,7,29,AH0,255,30.5517,Day,F,L,A,MYSE
151.909,8443,6/3/2015,5/28/2015,8:09:34,7,30.3,AH0,71,32.9663291,Day,F,L,A,MYSE
151.909,8443,6/3/2015,5/30/2015,8:09:35,7,30.5,AH0,181,33.2974125,Day,F,L,A,MYSE
151.909,8443,6/3/2015,5/26/2015,8:09:36,7,29,AH0,255,30.5517,Day,F,L,A,MYSE
151.909,8443,6/3/2015,5/28/2015,8:09:36,7,30.3,AH0,52,32.9663291,Day,F,L,A,MYSE
151.909,8443,6/3/2015,5/29/2015,8:09:36,7,29.1,AH0,195,30.7541543,Day,F,L,A,MYSE
151.909,8443,6/3/2015,5/30/2015,8:09:37,7,30.5,AH0,179,33.2974125,Day,F,L,A,MYSE
151.909,8443,6/3/2015,5/26/2015,8:09:38,7,29,AH0,255,30.5517,Day,F,L,A,MYSE
151.909,8443,6/3/2015,5/28/2015,8:09:38,7,30.2,AH0,45,32.7968664,Day,F,L,A,MYSE
151.909,8443,6/3/2015,5/29/2015,8:09:38,7,29.1,AH0,194,30.7541543,Day,F,L,A,MYSE
151.909,8443,6/3/2015,5/30/2015,8:09:39,7,30.5,AH0,176,33.2974125,Day,F,L,A,MYSE
151.909,8443,6/3/2015,5/26/2015,8:09:40,7,29.1,AH0,255,30.7541543,Day,F,L,A,MYSE
151.909,8443,6/3/2015,5/29/2015,8:09:40,7,29.1,AH0,196,30.7541543,Day,F,L,A,MYSE
151.909,8443,6/3/2015,5/30/2015,8:09:41,7,30.5,AH0,178,33.2974125,Day,F,L,A,MYSE
151.909,8443,6/3/2015,5/29/2015,8:09:42,7,29.1,AH0,195,30.7541543,Day,F,L,A,MYSE
151.909,8443,6/3/2015,5/26/2015,8:09:55,7,29.3,AH0,255,31.1505081,Day,F,L,A,MYSE
151.909,8443,6/3/2015,5/30/2015,8:09:55,7,30.6,AH0,177,33.4590728,Day,F,L,A,MYSE
151.909,8443,6/3/2015,5/29/2015,8:09:56,7,29,AH0,201,30.5517,Day,F,L,A,MYSE
151.909,8443,6/3/2015,5/26/2015,8:09:57,7,29.3,AH0,255,31.1505081,Day,F,L,A,MYSE
151.909,8443,6/3/2015,5/30/2015,8:09:57,7,30.6,AH0,180,33.4590728,Day,F,L,A,MYSE
151.909,8443,6/3/2015,5/29/2015,8:09:58,7,29,AH0,201,30.5517,Day,F,L,A,MYSE
151.909,8443,6/3/2015,5/26/2015,8:09:59,7,29.3,AH0,255,31.1505081,Day,F,L,A,MYSE
151.909,8443,6/3/2015,5/30/2015,8:09:59,7,30.6,AH0,176,33.4590728,Day,F,L,A,MYSE
151.909,8443,6/3/2015,5/29/2015,8:10:00,7,29,AH0,197,30.5517,Day,F,L,A,MYSE
151.909,8443,6/3/2015,5/26/2015,8:10:01,7,29.3,AH0,241,31.1505081,Day,F,L,A,MYSE
151.909,8443,6/3/2015,5/30/2015,8:10:01,7,30.6,AH0,181,33.4590728,Day,F,L,A,MYSE
151.909,8443,6/3/2015,5/29/2015,8:10:02,7,29,AH0,200,30.5517,Day,F,L,A,MYSE
151.909,8443,6/3/2015,5/30/2015,8:10:14,7,30.6,AH0,179,33.4590728,Day,F,L,A,MYSE
151.909,8443,6/3/2015,5/26/2015,8:10:15,7,29.6,AH0,243,31.7239488,Day,F,L,A,MYSE
151.909,8443,6/3/2015,5/30/2015,8:10:16,7,30.6,AH0,173,33.4590728,Day,F,L,A,MYSE
151.909,8443,6/3/2015,5/26/2015,8:10:17,7,29.6,AH0,245,31.7239488,Day,F,L,A,MYSE
151.909,8443,6/3/2015,5/29/2015,8:10:17,7,29,AH0,199,30.5517,Day,F,L,A,MYSE
151.909,8443,6/3/2015,5/30/2015,8:10:18,7,30.6,AH0,181,33.4590728,Day,F,L,A,MYSE
151.909,8443,6/3/2015,5/26/2015,8:10:19,7,29.6,AH0,244,31.7239488,Day,F,L,A,MYSE
151.909,8443,6/3/2015,5/29/2015,8:10:19,7,29,AH0,199,30.5517,Day,F,L,A,MYSE
151.909,8443,6/3/2015,5/30/2015,8:10:20,7,30.6,AH0,178,33.4590728,Day,F,L,A,MYSE
151.909,8443,6/3/2015,5/26/2015,8:10:21,7,29.6,AH0,243,31.7239488,Day,F,L,A,MYSE
151.909,8443,6/3/2015,5/29/2015,8:10:21,7,29,AH0,199,30.5517,Day,F,L,A,MYSE
151.909,8443,6/3/2015,5/29/2015,8:10:23,7,29,AH0,197,30.5517,Day,F,L,A,MYSE
151.909,8443,6/3/2015,5/30/2015,8:10:34,7,30.6,AH0,179,33.4590728,Day,F,L,A,MYSE
151.909,8443,6/3/2015,5/26/2015,8:10:35,7,29.8,AH0,255,32.0924136,Day,F,L,A,MYSE
151.909,8443,6/3/2015,5/29/2015,8:10:36,7,28.9,AH0,189,30.3463677,Day,F,L,A,MYSE
151.909,8443,6/3/2015,5/30/2015,8:10:36,7,30.6,AH0,180,33.4590728,Day,F,L,A,MYSE
151.909,8443,6/3/2015,5/26/2015,8:10:37,7,29.8,AH0,255,32.0924136,Day,F,L,A,MYSE
151.909,8443,6/3/2015,5/29/2015,8:10:38,7,28.9,AH0,192,30.3463677,Day,F,L,A,MYSE
151.909,8443,6/3/2015,5/30/2015,8:10:38,7,30.6,AH0,181,33.4590728,Day,F,L,A,MYSE
151.909,8443,6/3/2015,5/26/2015,8:10:39,7,29.7,AH0,255,31.9095509,Day,F,L,A,MYSE
151.909,8443,6/3/2015,5/29/2015,8:10:40,7,28.9,AH0,194,30.3463677,Day,F,L,A,MYSE
151.909,8443,6/3/2015,5/30/2015,8:10:40,7,30.6,AH0,179,33.4590728,Day,F,L,A,MYSE
151.909,8443,6/3/2015,5/26/2015,8:10:41,7,29.7,AH0,255,31.9095509,Day,F,L,A,MYSE
151.909,8443,6/3/2015,5/29/2015,8:10:42,7,28.9,AH0,193,30.3463677,Day,F,L,A,MYSE
151.909,8443,6/3/2015,5/26/2015,8:10:56,7,29.6,AH0,253,31.7239488,Day,F,L,A,MYSE
151.909,8443,6/3/2015,5/29/2015,8:10:56,7,28.9,AH0,191,30.3463677,Day,F,L,A,MYSE
151.909,8443,6/3/2015,5/30/2015,8:10:56,7,30.6,AH0,182,33.4590728,Day,F,L,A,MYSE
151.909,8443,6/3/2015,5/29/2015,8:10:58,7,28.9,AH0,193,30.3463677,Day,F,L,A,MYSE
151.909,8443,6/3/2015,5/30/2015,8:10:58,7,30.6,AH0,174,33.4590728,Day,F,L,A,MYSE
151.909,8443,6/3/2015,5/26/2015,8:10:59,7,29.6,AH0,254,31.7239488,Day,F,L,A,MYSE
151.909,8443,6/3/2015,5/30/2015,8:10:59,7,30.6,AH0,176,33.4590728,Day,F,L,A,MYSE
151.909,8443,6/3/2015,5/26/2015,8:11:01,7,29.6,AH0,253,31.7239488,Day,F,L,A,MYSE
151.909,8443,6/3/2015,5/29/2015,8:11:01,7,28.9,AH0,191,30.3463677,Day,F,L,A,MYSE
151.909,8443,6/3/2015,5/30/2015,8:11:01,7,30.6,AH0,178,33.4590728,Day,F,L,A,MYSE
151.909,8443,6/3/2015,5/29/2015,8:11:03,7,28.9,AH0,190,30.3463677,Day,F,L,A,MYSE
151.909,8443,6/3/2015,5/26/2015,8:11:15,7,29.6,AH0,254,31.7239488,Day,F,L,A,MYSE
151.909,8443,6/3/2015,5/30/2015,8:11:15,7,30.6,AH0,179,33.4590728,Day,F,L,A,MYSE
151.909,8443,6/3/2015,5/26/2015,8:11:17,7,29.6,AH0,255,31.7239488,Day,F,L,A,MYSE
151.909,8443,6/3/2015,5/29/2015,8:11:17,7,29,AH0,193,30.5517,Day,F,L,A,MYSE
151.909,8443,6/3/2015,5/30/2015,8:11:17,7,30.6,AH0,181,33.4590728,Day,F,L,A,MYSE
151.909,8443,6/3/2015,5/26/2015,8:11:19,7,29.6,AH0,254,31.7239488,Day,F,L,A,MYSE
151.909,8443,6/3/2015,5/29/2015,8:11:19,7,29,AH0,189,30.5517,Day,F,L,A,MYSE
151.909,8443,6/3/2015,5/30/2015,8:11:19,7,30.6,AH0,177,33.4590728,Day,F,L,A,MYSE
151.909,8443,6/3/2015,5/26/2015,8:11:21,7,29.6,AH0,254,31.7239488,Day,F,L,A,MYSE
151.909,8443,6/3/2015,5/29/2015,8:11:21,7,29,AH0,191,30.5517,Day,F,L,A,MYSE
151.909,8443,6/3/2015,5/30/2015,8:11:21,7,30.6,AH0,178,33.4590728,Day,F,L,A,MYSE
151.909,8443,6/3/2015,5/28/2015,8:11:31,7,29.7,AH0,46,31.9095509,Day,F,L,A,MYSE
151.909,8443,6/3/2015,5/28/2015,8:11:33,7,29.6,AH0,55,31.7239488,Day,F,L,A,MYSE
151.909,8443,6/3/2015,5/26/2015,8:11:35,7,29.7,AH0,254,31.9095509,Day,F,L,A,MYSE
151.909,8443,6/3/2015,5/28/2015,8:11:35,7,29.5,AH0,48,31.5355875,Day,F,L,A,MYSE
151.909,8443,6/3/2015,5/30/2015,8:11:35,7,30.6,AH0,179,33.4590728,Day,F,L,A,MYSE
151.909,8443,6/3/2015,5/29/2015,8:11:36,7,29,AH0,190,30.5517,Day,F,L,A,MYSE
151.909,8443,6/3/2015,5/26/2015,8:11:37,7,29.7,AH0,255,31.9095509,Day,F,L,A,MYSE
151.909,8443,6/3/2015,5/28/2015,8:11:37,7,29.6,AH0,52,31.7239488,Day,F,L,A,MYSE
151.909,8443,6/3/2015,5/30/2015,8:11:37,7,30.6,AH0,179,33.4590728,Day,F,L,A,MYSE
151.909,8443,6/3/2015,5/29/2015,8:11:38,7,29,AH0,189,30.5517,Day,F,L,A,MYSE
151.909,8443,6/3/2015,5/26/2015,8:11:39,7,29.7,AH0,255,31.9095509,Day,F,L,A,MYSE
151.909,8443,6/3/2015,5/30/2015,8:11:39,7,30.6,AH0,179,33.4590728,Day,F,L,A,MYSE
151.909,8443,6/3/2015,5/29/2015,8:11:40,7,29,AH0,191,30.5517,Day,F,L,A,MYSE
151.909,8443,6/3/2015,5/26/2015,8:11:41,7,29.7,AH0,255,31.9095509,Day,F,L,A,MYSE
151.909,8443,6/3/2015,5/30/2015,8:11:41,7,30.5,AH0,177,33.2974125,Day,F,L,A,MYSE
151.909,8443,6/3/2015,5/29/2015,8:11:42,7,29,AH0,192,30.5517,Day,F,L,A,MYSE
151.909,8443,6/3/2015,5/28/2015,8:11:51,7,29.5,AH0,42,31.5355875,Day,F,L,A,MYSE
151.909,8443,6/3/2015,5/28/2015,8:11:53,7,29.4,AH0,37,31.3444472,Day,F,L,A,MYSE
151.909,8443,6/3/2015,5/30/2015,8:11:54,7,30.5,AH0,175,33.2974125,Day,F,L,A,MYSE
151.909,8443,6/3/2015,5/26/2015,8:11:55,7,29.7,AH0,254,31.9095509,Day,F,L,A,MYSE
151.909,8443,6/3/2015,5/29/2015,8:11:56,7,29.1,AH0,192,30.7541543,Day,F,L,A,MYSE
151.909,8443,6/3/2015,5/30/2015,8:11:56,7,30.5,AH0,178,33.2974125,Day,F,L,A,MYSE
151.909,8443,6/3/2015,5/26/2015,8:11:57,7,29.7,AH0,254,31.9095509,Day,F,L,A,MYSE
151.909,8443,6/3/2015,5/28/2015,8:11:57,7,14.7,AH0,42,-37.6805641,Day,F,L,A,MYSE
151.909,8443,6/3/2015,5/29/2015,8:11:58,7,29.1,AH0,193,30.7541543,Day,F,L,A,MYSE
151.909,8443,6/3/2015,5/30/2015,8:11:58,7,30.5,AH0,179,33.2974125,Day,F,L,A,MYSE
151.909,8443,6/3/2015,5/26/2015,8:11:59,7,29.7,AH0,254,31.9095509,Day,F,L,A,MYSE
151.909,8443,6/3/2015,5/30/2015,8:12:00,7,30.5,AH0,180,33.2974125,Day,F,L,A,MYSE
151.909,8443,6/3/2015,5/26/2015,8:12:01,7,29.7,AH0,254,31.9095509,Day,F,L,A,MYSE
151.909,8443,6/3/2015,5/29/2015,8:12:01,7,29.1,AH0,193,30.7541543,Day,F,L,A,MYSE
151.909,8443,6/3/2015,5/29/2015,8:12:03,7,29.1,AH0,195,30.7541543,Day,F,L,A,MYSE
151.909,8443,6/3/2015,5/30/2015,8:12:14,7,30.5,AH0,178,33.2974125,Day,F,L,A,MYSE
151.909,8443,6/3/2015,5/26/2015,8:12:15,7,29.7,AH0,254,31.9095509,Day,F,L,A,MYSE
151.909,8443,6/3/2015,5/30/2015,8:12:16,7,30.5,AH0,182,33.2974125,Day,F,L,A,MYSE
151.909,8443,6/3/2015,5/26/2015,8:12:17,7,29.7,AH0,253,31.9095509,Day,F,L,A,MYSE
151.909,8443,6/3/2015,5/29/2015,8:12:17,7,29.2,AH0,194,30.9537504,Day,F,L,A,MYSE
151.909,8443,6/3/2015,5/30/2015,8:12:18,7,30.5,AH0,175,33.2974125,Day,F,L,A,MYSE
151.909,8443,6/3/2015,5/26/2015,8:12:19,7,29.7,AH0,254,31.9095509,Day,F,L,A,MYSE
151.909,8443,6/3/2015,5/29/2015,8:12:19,7,29.2,AH0,189,30.9537504,Day,F,L,A,MYSE
151.909,8443,6/3/2015,5/30/2015,8:12:20,7,30.5,AH0,179,33.2974125,Day,F,L,A,MYSE
151.909,8443,6/3/2015,5/29/2015,8:12:21,7,29.2,AH0,190,30.9537504,Day,F,L,A,MYSE
151.909,8443,6/3/2015,5/26/2015,8:12:22,7,29.7,AH0,252,31.9095509,Day,F,L,A,MYSE
151.909,8443,6/3/2015,5/29/2015,8:12:23,7,29.2,AH0,192,30.9537504,Day,F,L,A,MYSE
151.909,8443,6/3/2015,5/30/2015,8:12:34,7,30.5,AH0,172,33.2974125,Day,F,L,A,MYSE
151.909,8443,6/3/2015,5/26/2015,8:12:36,7,29.7,AH0,254,31.9095509,Day,F,L,A,MYSE
151.909,8443,6/3/2015,5/29/2015,8:12:36,7,29.3,AH0,192,31.1505081,Day,F,L,A,MYSE
151.909,8443,6/3/2015,5/30/2015,8:12:36,7,30.5,AH0,181,33.2974125,Day,F,L,A,MYSE
151.909,8443,6/3/2015,5/26/2015,8:12:38,7,29.7,AH0,255,31.9095509,Day,F,L,A,MYSE
151.909,8443,6/3/2015,5/29/2015,8:12:38,7,29.3,AH0,195,31.1505081,Day,F,L,A,MYSE
151.909,8443,6/3/2015,5/30/2015,8:12:38,7,30.5,AH0,179,33.2974125,Day,F,L,A,MYSE
151.909,8443,6/3/2015,5/26/2015,8:12:40,7,29.7,AH0,253,31.9095509,Day,F,L,A,MYSE
151.909,8443,6/3/2015,5/29/2015,8:12:40,7,29.3,AH0,196,31.1505081,Day,F,L,A,MYSE
151.909,8443,6/3/2015,5/30/2015,8:12:40,7,30.5,AH0,179,33.2974125,Day,F,L,A,MYSE
151.909,8443,6/3/2015,5/26/2015,8:12:42,7,29.7,AH0,254,31.9095509,Day,F,L,A,MYSE
151.909,8443,6/3/2015,5/29/2015,8:12:42,7,29.3,AH0,195,31.1505081,Day,F,L,A,MYSE
151.909,8443,6/3/2015,5/30/2015,8:12:42,7,30.5,AH0,175,33.2974125,Day,F,L,A,MYSE
151.909,8443,6/3/2015,5/30/2015,8:12:55,7,30.5,AH0,180,33.2974125,Day,F,L,A,MYSE
151.909,8443,6/3/2015,5/26/2015,8:12:56,7,29.8,AH0,254,32.0924136,Day,F,L,A,MYSE
151.909,8443,6/3/2015,5/29/2015,8:12:56,7,29.4,AH0,195,31.3444472,Day,F,L,A,MYSE
151.909,8443,6/3/2015,5/30/2015,8:12:57,7,30.5,AH0,178,33.2974125,Day,F,L,A,MYSE
151.909,8443,6/3/2015,5/26/2015,8:12:58,7,29.8,AH0,255,32.0924136,Day,F,L,A,MYSE
151.909,8443,6/3/2015,5/29/2015,8:12:58,7,29.4,AH0,196,31.3444472,Day,F,L,A,MYSE
151.909,8443,6/3/2015,5/30/2015,8:12:59,7,30.5,AH0,181,33.2974125,Day,F,L,A,MYSE
151.909,8443,6/3/2015,5/26/2015,8:13:00,7,29.8,AH0,254,32.0924136,Day,F,L,A,MYSE
151.909,8443,6/3/2015,5/29/2015,8:13:00,7,29.4,AH0,194,31.3444472,Day,F,L,A,MYSE
151.909,8443,6/3/2015,5/30/2015,8:13:01,7,30.5,AH0,177,33.2974125,Day,F,L,A,MYSE
151.909,8443,6/3/2015,5/26/2015,8:13:02,7,29.8,AH0,254,32.0924136,Day,F,L,A,MYSE
151.909,8443,6/3/2015,5/29/2015,8:13:02,7,29.4,AH0,193,31.3444472,Day,F,L,A,MYSE
151.909,8443,6/3/2015,5/30/2015,8:13:15,7,30.5,AH0,177,33.2974125,Day,F,L,A,MYSE
151.909,8443,6/3/2015,5/26/2015,8:13:16,7,29.8,AH0,254,32.0924136,Day,F,L,A,MYSE
151.909,8443,6/3/2015,5/29/2015,8:13:16,7,29.4,AH0,196,31.3444472,Day,F,L,A,MYSE
151.909,8443,6/3/2015,5/30/2015,8:13:17,7,30.5,AH0,177,33.2974125,Day,F,L,A,MYSE
151.909,8443,6/3/2015,5/26/2015,8:13:18,7,29.9,AH0,251,32.2725567,Day,F,L,A,MYSE
151.909,8443,6/3/2015,5/29/2015,8:13:18,7,29.4,AH0,196,31.3444472,Day,F,L,A,MYSE
151.909,8443,6/3/2015,5/30/2015,8:13:19,7,30.5,AH0,182,33.2974125,Day,F,L,A,MYSE
151.909,8443,6/3/2015,5/26/2015,8:13:20,7,29.9,AH0,255,32.2725567,Day,F,L,A,MYSE
151.909,8443,6/3/2015,5/29/2015,8:13:20,7,29.4,AH0,197,31.3444472,Day,F,L,A,MYSE
151.909,8443,6/3/2015,5/30/2015,8:13:21,7,30.5,AH0,178,33.2974125,Day,F,L,A,MYSE
151.909,8443,6/3/2015,5/26/2015,8:13:22,7,29.9,AH0,253,32.2725567,Day,F,L,A,MYSE
151.909,8443,6/3/2015,5/29/2015,8:13:23,7,29.4,AH0,194,31.3444472,Day,F,L,A,MYSE
151.909,8443,6/3/2015,5/30/2015,8:13:35,7,30.5,AH0,180,33.2974125,Day,F,L,A,MYSE
151.909,8443,6/3/2015,5/26/2015,8:13:36,7,29.9,AH0,254,32.2725567,Day,F,L,A,MYSE
151.909,8443,6/3/2015,5/29/2015,8:13:37,7,29.5,AH0,195,31.5355875,Day,F,L,A,MYSE
151.909,8443,6/3/2015,5/30/2015,8:13:37,7,30.5,AH0,182,33.2974125,Day,F,L,A,MYSE
151.909,8443,6/3/2015,5/26/2015,8:13:38,7,29.9,AH0,254,32.2725567,Day,F,L,A,MYSE
151.909,8443,6/3/2015,5/29/2015,8:13:39,7,29.5,AH0,195,31.5355875,Day,F,L,A,MYSE
151.909,8443,6/3/2015,5/30/2015,8:13:39,7,30.5,AH0,178,33.2974125,Day,F,L,A,MYSE
151.909,8443,6/3/2015,5/26/2015,8:13:40,7,29.9,AH0,254,32.2725567,Day,F,L,A,MYSE
151.909,8443,6/3/2015,5/29/2015,8:13:41,7,29.5,AH0,195,31.5355875,Day,F,L,A,MYSE
151.909,8443,6/3/2015,5/30/2015,8:13:41,7,30.5,AH0,177,33.2974125,Day,F,L,A,MYSE
151.909,8443,6/3/2015,5/26/2015,8:13:42,7,30,AH0,254,32.45,Day,F,L,A,MYSE
151.909,8443,6/3/2015,5/29/2015,8:13:43,7,29.5,AH0,195,31.5355875,Day,F,L,A,MYSE
151.909,8443,6/3/2015,5/30/2015,8:13:54,7,30.5,AH0,178,33.2974125,Day,F,L,A,MYSE
151.909,8443,6/3/2015,5/26/2015,8:13:56,7,30,AH0,254,32.45,Day,F,L,A,MYSE
151.909,8443,6/3/2015,5/30/2015,8:13:56,7,30.5,AH0,178,33.2974125,Day,F,L,A,MYSE
151.909,8443,6/3/2015,5/29/2015,8:13:57,7,29.5,AH0,197,31.5355875,Day,F,L,A,MYSE
151.909,8443,6/3/2015,5/26/2015,8:13:58,7,30,AH0,254,32.45,Day,F,L,A,MYSE
151.909,8443,6/3/2015,5/30/2015,8:13:58,7,30.5,AH0,176,33.2974125,Day,F,L,A,MYSE
151.909,8443,6/3/2015,5/29/2015,8:13:59,7,29.5,AH0,196,31.5355875,Day,F,L,A,MYSE
151.909,8443,6/3/2015,5/26/2015,8:14:00,7,30,AH0,254,32.45,Day,F,L,A,MYSE
151.909,8443,6/3/2015,5/30/2015,8:14:00,7,30.5,AH0,179,33.2974125,Day,F,L,A,MYSE
151.909,8443,6/3/2015,5/29/2015,8:14:01,7,29.5,AH0,197,31.5355875,Day,F,L,A,MYSE
151.909,8443,6/3/2015,5/26/2015,8:14:02,7,30,AH0,254,32.45,Day,F,L,A,MYSE
151.909,8443,6/3/2015,5/29/2015,8:14:03,7,29.5,AH0,195,31.5355875,Day,F,L,A,MYSE
151.909,8443,6/3/2015,5/30/2015,8:14:14,7,30.5,AH0,178,33.2974125,Day,F,L,A,MYSE
151.909,8443,6/3/2015,5/29/2015,8:14:15,7,29.6,AH0,191,31.7239488,Day,F,L,A,MYSE
151.909,8443,6/3/2015,5/26/2015,8:14:16,7,30.1,AH0,255,32.6247633,Day,F,L,A,MYSE
151.909,8443,6/3/2015,5/30/2015,8:14:16,7,30.5,AH0,179,33.2974125,Day,F,L,A,MYSE
151.909,8443,6/3/2015,5/29/2015,8:14:17,7,29.6,AH0,190,31.7239488,Day,F,L,A,MYSE
151.909,8443,6/3/2015,5/26/2015,8:14:18,7,30.1,AH0,254,32.6247633,Day,F,L,A,MYSE
151.909,8443,6/3/2015,5/30/2015,8:14:18,7,30.5,AH0,176,33.2974125,Day,F,L,A,MYSE
151.909,8443,6/3/2015,5/29/2015,8:14:19,7,29.5,AH0,194,31.5355875,Day,F,L,A,MYSE
151.909,8443,6/3/2015,5/26/2015,8:14:20,7,30.1,AH0,255,32.6247633,Day,F,L,A,MYSE
151.909,8443,6/3/2015,5/30/2015,8:14:20,7,30.5,AH0,178,33.2974125,Day,F,L,A,MYSE
151.909,8443,6/3/2015,5/26/2015,8:14:22,7,30.1,AH0,254,32.6247633,Day,F,L,A,MYSE
151.909,8443,6/3/2015,5/29/2015,8:14:22,7,29.6,AH0,193,31.7239488,Day,F,L,A,MYSE
151.909,8443,6/3/2015,5/26/2015,8:14:36,7,30.2,AH0,253,32.7968664,Day,F,L,A,MYSE
151.909,8443,6/3/2015,5/29/2015,8:14:36,7,29.6,AH0,192,31.7239488,Day,F,L,A,MYSE
151.909,8443,6/3/2015,5/30/2015,8:14:36,7,30.5,AH0,176,33.2974125,Day,F,L,A,MYSE
151.909,8443,6/3/2015,5/26/2015,8:14:38,7,30.2,AH0,255,32.7968664,Day,F,L,A,MYSE
151.909,8443,6/3/2015,5/29/2015,8:14:38,7,29.6,AH0,194,31.7239488,Day,F,L,A,MYSE
151.909,8443,6/3/2015,5/30/2015,8:14:38,7,30.5,AH0,176,33.2974125,Day,F,L,A,MYSE
151.909,8443,6/3/2015,5/26/2015,8:14:40,7,30.2,AH0,255,32.7968664,Day,F,L,A,MYSE
151.909,8443,6/3/2015,5/29/2015,8:14:40,7,29.6,AH0,192,31.7239488,Day,F,L,A,MYSE
151.909,8443,6/3/2015,5/30/2015,8:14:40,7,30.5,AH0,177,33.2974125,Day,F,L,A,MYSE
151.909,8443,6/3/2015,5/26/2015,8:14:42,7,30.2,AH0,255,32.7968664,Day,F,L,A,MYSE
151.909,8443,6/3/2015,5/29/2015,8:14:42,7,29.6,AH0,193,31.7239488,Day,F,L,A,MYSE
151.909,8443,6/3/2015,5/30/2015,8:14:42,7,30.5,AH0,182,33.2974125,Day,F,L,A,MYSE
151.909,8443,6/3/2015,5/30/2015,8:14:55,7,30.5,AH0,176,33.2974125,Day,F,L,A,MYSE
151.909,8443,6/3/2015,5/26/2015,8:14:56,7,30.2,AH0,254,32.7968664,Day,F,L,A,MYSE
151.909,8443,6/3/2015,5/29/2015,8:14:56,7,29.6,AH0,193,31.7239488,Day,F,L,A,MYSE
151.909,8443,6/3/2015,5/30/2015,8:14:57,7,30.5,AH0,181,33.2974125,Day,F,L,A,MYSE
151.909,8443,6/3/2015,5/26/2015,8:14:58,7,30.2,AH0,254,32.7968664,Day,F,L,A,MYSE
151.909,8443,6/3/2015,5/29/2015,8:14:58,7,29.6,AH0,194,31.7239488,Day,F,L,A,MYSE
151.909,8443,6/3/2015,5/30/2015,8:14:59,7,30.5,AH0,177,33.2974125,Day,F,L,A,MYSE
151.909,8443,6/3/2015,5/26/2015,8:15:00,7,30.2,AH0,254,32.7968664,Day,F,L,A,MYSE
151.909,8443,6/3/2015,5/29/2015,8:15:00,7,29.6,AH0,194,31.7239488,Day,F,L,A,MYSE
151.909,8443,6/3/2015,5/30/2015,8:15:01,7,30.5,AH0,175,33.2974125,Day,F,L,A,MYSE
151.909,8443,6/3/2015,5/26/2015,8:15:02,7,30.2,AH0,253,32.7968664,Day,F,L,A,MYSE
151.909,8443,6/3/2015,5/29/2015,8:15:02,7,29.7,AH0,197,31.9095509,Day,F,L,A,MYSE
151.909,8443,6/3/2015,5/30/2015,8:15:15,7,30.5,AH0,178,33.2974125,Day,F,L,A,MYSE
151.909,8443,6/3/2015,5/26/2015,8:15:16,7,30.2,AH0,253,32.7968664,Day,F,L,A,MYSE
151.909,8443,6/3/2015,5/29/2015,8:15:16,7,29.7,AH0,199,31.9095509,Day,F,L,A,MYSE
151.909,8443,6/3/2015,5/30/2015,8:15:17,7,30.5,AH0,177,33.2974125,Day,F,L,A,MYSE
151.909,8443,6/3/2015,5/26/2015,8:15:18,7,30.2,AH0,254,32.7968664,Day,F,L,A,MYSE
151.909,8443,6/3/2015,5/29/2015,8:15:18,7,29.7,AH0,196,31.9095509,Day,F,L,A,MYSE
151.909,8443,6/3/2015,5/30/2015,8:15:19,7,30.5,AH0,178,33.2974125,Day,F,L,A,MYSE
151.909,8443,6/3/2015,5/26/2015,8:15:20,7,30.2,AH0,254,32.7968664,Day,F,L,A,MYSE
151.909,8443,6/3/2015,5/29/2015,8:15:20,7,29.7,AH0,194,31.9095509,Day,F,L,A,MYSE
151.909,8443,6/3/2015,5/30/2015,8:15:21,7,30.5,AH0,172,33.2974125,Day,F,L,A,MYSE
151.909,8443,6/3/2015,5/26/2015,8:15:22,7,30.2,AH0,254,32.7968664,Day,F,L,A,MYSE
151.909,8443,6/3/2015,5/29/2015,8:15:22,7,29.7,AH0,198,31.9095509,Day,F,L,A,MYSE
151.909,8443,6/3/2015,5/30/2015,8:15:35,7,30.5,AH0,174,33.2974125,Day,F,L,A,MYSE
151.909,8443,6/3/2015,5/26/2015,8:15:36,7,30.2,AH0,254,32.7968664,Day,F,L,A,MYSE
151.909,8443,6/3/2015,5/29/2015,8:15:36,7,29.7,AH0,195,31.9095509,Day,F,L,A,MYSE
151.909,8443,6/3/2015,5/30/2015,8:15:37,7,30.5,AH0,178,33.2974125,Day,F,L,A,MYSE
151.909,8443,6/3/2015,5/26/2015,8:15:38,7,30.2,AH0,254,32.7968664,Day,F,L,A,MYSE
151.909,8443,6/3/2015,5/29/2015,8:15:38,7,29.7,AH0,195,31.9095509,Day,F,L,A,MYSE
151.909,8443,6/3/2015,5/30/2015,8:15:39,7,30.5,AH0,178,33.2974125,Day,F,L,A,MYSE
151.909,8443,6/3/2015,5/26/2015,8:15:40,7,30.2,AH0,254,32.7968664,Day,F,L,A,MYSE
151.909,8443,6/3/2015,5/29/2015,8:15:40,7,29.7,AH0,197,31.9095509,Day,F,L,A,MYSE
151.909,8443,6/3/2015,5/30/2015,8:15:40,7,30.5,AH0,178,33.2974125,Day,F,L,A,MYSE
151.909,8443,6/3/2015,5/26/2015,8:15:42,7,30.2,AH0,255,32.7968664,Day,F,L,A,MYSE
151.909,8443,6/3/2015,5/29/2015,8:15:42,7,29.7,AH0,196,31.9095509,Day,F,L,A,MYSE
151.909,8443,6/3/2015,5/26/2015,8:15:54,7,30.1,AH0,254,32.6247633,Day,F,L,A,MYSE
151.909,8443,6/3/2015,5/30/2015,8:15:54,7,30.5,AH0,176,33.2974125,Day,F,L,A,MYSE
151.909,8443,6/3/2015,5/26/2015,8:15:56,7,30.1,AH0,255,32.6247633,Day,F,L,A,MYSE
151.909,8443,6/3/2015,5/30/2015,8:15:56,7,30.5,AH0,174,33.2974125,Day,F,L,A,MYSE
151.909,8443,6/3/2015,5/29/2015,8:15:57,7,29.7,AH0,196,31.9095509,Day,F,L,A,MYSE
151.909,8443,6/3/2015,5/26/2015,8:15:58,7,30.1,AH0,255,32.6247633,Day,F,L,A,MYSE
151.909,8443,6/3/2015,5/30/2015,8:15:58,7,30.5,AH0,179,33.2974125,Day,F,L,A,MYSE
151.909,8443,6/3/2015,5/29/2015,8:15:59,7,29.7,AH0,196,31.9095509,Day,F,L,A,MYSE
151.909,8443,6/3/2015,5/26/2015,8:16:00,7,30.1,AH0,255,32.6247633,Day,F,L,A,MYSE
151.909,8443,6/3/2015,5/30/2015,8:16:00,7,30.5,AH0,176,33.2974125,Day,F,L,A,MYSE
151.909,8443,6/3/2015,5/29/2015,8:16:01,7,29.7,AH0,198,31.9095509,Day,F,L,A,MYSE
151.909,8443,6/3/2015,5/29/2015,8:16:03,7,29.7,AH0,195,31.9095509,Day,F,L,A,MYSE
151.909,8443,6/3/2015,5/26/2015,8:16:14,7,30.1,AH0,255,32.6247633,Day,F,L,A,MYSE
151.909,8443,6/3/2015,5/30/2015,8:16:14,7,30.6,AH0,181,33.4590728,Day,F,L,A,MYSE
151.909,8443,6/3/2015,5/26/2015,8:16:16,7,30.1,AH0,255,32.6247633,Day,F,L,A,MYSE
151.909,8443,6/3/2015,5/30/2015,8:16:16,7,30.6,AH0,179,33.4590728,Day,F,L,A,MYSE
151.909,8443,6/3/2015,5/29/2015,8:16:17,7,29.8,AH0,196,32.0924136,Day,F,L,A,MYSE
151.909,8443,6/3/2015,5/26/2015,8:16:18,7,30.1,AH0,255,32.6247633,Day,F,L,A,MYSE
151.909,8443,6/3/2015,5/30/2015,8:16:18,7,30.6,AH0,177,33.4590728,Day,F,L,A,MYSE
151.909,8443,6/3/2015,5/29/2015,8:16:19,7,29.8,AH0,196,32.0924136,Day,F,L,A,MYSE
151.909,8443,6/3/2015,5/26/2015,8:16:20,7,30.1,AH0,255,32.6247633,Day,F,L,A,MYSE
151.909,8443,6/3/2015,5/30/2015,8:16:20,7,30.6,AH0,181,33.4590728,Day,F,L,A,MYSE
151.909,8443,6/3/2015,5/29/2015,8:16:21,7,29.8,AH0,195,32.0924136,Day,F,L,A,MYSE
151.909,8443,6/3/2015,5/29/2015,8:16:23,7,29.8,AH0,198,32.0924136,Day,F,L,A,MYSE
151.909,8443,6/3/2015,5/26/2015,8:16:34,7,30,AH0,255,32.45,Day,F,L,A,MYSE
151.909,8443,6/3/2015,5/30/2015,8:16:35,7,30.6,AH0,179,33.4590728,Day,F,L,A,MYSE
151.909,8443,6/3/2015,5/26/2015,8:16:36,7,30.1,AH0,254,32.6247633,Day,F,L,A,MYSE
151.909,8443,6/3/2015,5/29/2015,8:16:37,7,29.8,AH0,197,32.0924136,Day,F,L,A,MYSE
151.909,8443,6/3/2015,5/30/2015,8:16:37,7,30.6,AH0,179,33.4590728,Day,F,L,A,MYSE
151.909,8443,6/3/2015,5/26/2015,8:16:38,7,30,AH0,255,32.45,Day,F,L,A,MYSE
151.909,8443,6/3/2015,5/29/2015,8:16:39,7,29.8,AH0,195,32.0924136,Day,F,L,A,MYSE
151.909,8443,6/3/2015,5/30/2015,8:16:39,7,30.5,AH0,178,33.2974125,Day,F,L,A,MYSE
151.909,8443,6/3/2015,5/26/2015,8:16:40,7,30.1,AH0,255,32.6247633,Day,F,L,A,MYSE
151.909,8443,6/3/2015,5/29/2015,8:16:41,7,29.8,AH0,199,32.0924136,Day,F,L,A,MYSE
151.909,8443,6/3/2015,5/30/2015,8:16:41,7,30.5,AH0,180,33.2974125,Day,F,L,A,MYSE
151.909,8443,6/3/2015,5/29/2015,8:16:43,7,29.8,AH0,197,32.0924136,Day,F,L,A,MYSE
151.909,8443,6/3/2015,5/26/2015,8:16:54,7,30,AH0,255,32.45,Day,F,L,A,MYSE
151.909,8443,6/3/2015,5/30/2015,8:16:55,7,30.5,AH0,179,33.2974125,Day,F,L,A,MYSE
151.909,8443,6/3/2015,5/26/2015,8:16:56,7,30,AH0,255,32.45,Day,F,L,A,MYSE
151.909,8443,6/3/2015,5/29/2015,8:16:57,7,29.8,AH0,195,32.0924136,Day,F,L,A,MYSE
151.909,8443,6/3/2015,5/30/2015,8:16:57,7,30.5,AH0,181,33.2974125,Day,F,L,A,MYSE
151.909,8443,6/3/2015,5/26/2015,8:16:58,7,30,AH0,255,32.45,Day,F,L,A,MYSE
151.909,8443,6/3/2015,5/29/2015,8:16:59,7,29.8,AH0,197,32.0924136,Day,F,L,A,MYSE
151.909,8443,6/3/2015,5/30/2015,8:16:59,7,30.5,AH0,181,33.2974125,Day,F,L,A,MYSE
151.909,8443,6/3/2015,5/26/2015,8:17:00,7,30,AH0,255,32.45,Day,F,L,A,MYSE
151.909,8443,6/3/2015,5/29/2015,8:17:01,7,29.8,AH0,197,32.0924136,Day,F,L,A,MYSE
151.909,8443,6/3/2015,5/30/2015,8:17:01,7,30.5,AH0,181,33.2974125,Day,F,L,A,MYSE
151.909,8443,6/3/2015,5/29/2015,8:17:03,7,29.8,AH0,196,32.0924136,Day,F,L,A,MYSE
151.909,8443,6/3/2015,5/26/2015,8:17:14,7,30,AH0,255,32.45,Day,F,L,A,MYSE
151.909,8443,6/3/2015,5/30/2015,8:17:15,7,30.5,AH0,182,33.2974125,Day,F,L,A,MYSE
151.909,8443,6/3/2015,5/26/2015,8:17:16,7,30,AH0,255,32.45,Day,F,L,A,MYSE
151.909,8443,6/3/2015,5/29/2015,8:17:17,7,29.8,AH0,198,32.0924136,Day,F,L,A,MYSE
151.909,8443,6/3/2015,5/30/2015,8:17:17,7,30.5,AH0,181,33.2974125,Day,F,L,A,MYSE
151.909,8443,6/3/2015,5/26/2015,8:17:18,7,30,AH0,254,32.45,Day,F,L,A,MYSE
151.909,8443,6/3/2015,5/29/2015,8:17:19,7,29.8,AH0,194,32.0924136,Day,F,L,A,MYSE
151.909,8443,6/3/2015,5/30/2015,8:17:19,7,30.5,AH0,182,33.2974125,Day,F,L,A,MYSE
151.909,8443,6/3/2015,5/26/2015,8:17:20,7,30,AH0,255,32.45,Day,F,L,A,MYSE
151.909,8443,6/3/2015,5/29/2015,8:17:21,7,29.8,AH0,197,32.0924136,Day,F,L,A,MYSE
151.909,8443,6/3/2015,5/30/2015,8:17:21,7,30.5,AH0,178,33.2974125,Day,F,L,A,MYSE
151.909,8443,6/3/2015,5/29/2015,8:17:23,7,29.8,AH0,196,32.0924136,Day,F,L,A,MYSE
151.909,8443,6/3/2015,5/26/2015,8:17:34,7,30,AH0,255,32.45,Day,F,L,A,MYSE
151.909,8443,6/3/2015,5/30/2015,8:17:34,7,30.6,AH0,180,33.4590728,Day,F,L,A,MYSE
151.909,8443,6/3/2015,5/29/2015,8:17:35,7,29.8,AH0,197,32.0924136,Day,F,L,A,MYSE
151.909,8443,6/3/2015,5/26/2015,8:17:36,7,29.9,AH0,255,32.2725567,Day,F,L,A,MYSE
151.909,8443,6/3/2015,5/30/2015,8:17:36,7,30.6,AH0,180,33.4590728,Day,F,L,A,MYSE
151.909,8443,6/3/2015,5/29/2015,8:17:37,7,29.8,AH0,198,32.0924136,Day,F,L,A,MYSE
151.909,8443,6/3/2015,5/26/2015,8:17:38,7,29.9,AH0,255,32.2725567,Day,F,L,A,MYSE
151.909,8443,6/3/2015,5/30/2015,8:17:38,7,30.5,AH0,178,33.2974125,Day,F,L,A,MYSE
151.909,8443,6/3/2015,5/29/2015,8:17:39,7,29.8,AH0,198,32.0924136,Day,F,L,A,MYSE
151.909,8443,6/3/2015,5/26/2015,8:17:40,7,29.9,AH0,255,32.2725567,Day,F,L,A,MYSE
151.909,8443,6/3/2015,5/30/2015,8:17:40,7,30.6,AH0,183,33.4590728,Day,F,L,A,MYSE
151.909,8443,6/3/2015,5/29/2015,8:17:41,7,29.8,AH0,194,32.0924136,Day,F,L,A,MYSE
151.909,8443,6/3/2015,5/26/2015,8:17:54,7,29.9,AH0,255,32.2725567,Day,F,L,A,MYSE
151.909,8443,6/3/2015,5/30/2015,8:17:54,7,30.6,AH0,178,33.4590728,Day,F,L,A,MYSE
151.909,8443,6/3/2015,5/29/2015,8:17:55,7,29.8,AH0,195,32.0924136,Day,F,L,A,MYSE
151.909,8443,6/3/2015,5/26/2015,8:17:56,7,29.9,AH0,255,32.2725567,Day,F,L,A,MYSE
151.909,8443,6/3/2015,5/30/2015,8:17:56,7,30.6,AH0,179,33.4590728,Day,F,L,A,MYSE
151.909,8443,6/3/2015,5/29/2015,8:17:57,7,29.8,AH0,185,32.0924136,Day,F,L,A,MYSE
151.909,8443,6/3/2015,5/26/2015,8:17:58,7,29.9,AH0,255,32.2725567,Day,F,L,A,MYSE
151.909,8443,6/3/2015,5/30/2015,8:17:58,7,30.6,AH0,179,33.4590728,Day,F,L,A,MYSE
151.909,8443,6/3/2015,5/29/2015,8:17:59,7,29.8,AH0,191,32.0924136,Day,F,L,A,MYSE
151.909,8443,6/3/2015,5/26/2015,8:18:00,7,29.9,AH0,255,32.2725567,Day,F,L,A,MYSE
151.909,8443,6/3/2015,5/30/2015,8:18:00,7,30.6,AH0,183,33.4590728,Day,F,L,A,MYSE
151.909,8443,6/3/2015,5/29/2015,8:18:01,7,29.8,AH0,191,32.0924136,Day,F,L,A,MYSE
151.909,8443,6/3/2015,5/30/2015,8:18:14,7,30.6,AH0,181,33.4590728,Day,F,L,A,MYSE
151.909,8443,6/3/2015,5/26/2015,8:18:15,7,29.9,AH0,255,32.2725567,Day,F,L,A,MYSE
151.909,8443,6/3/2015,5/29/2015,8:18:16,7,29.8,AH0,189,32.0924136,Day,F,L,A,MYSE
151.909,8443,6/3/2015,5/30/2015,8:18:16,7,30.6,AH0,179,33.4590728,Day,F,L,A,MYSE
151.909,8443,6/3/2015,5/26/2015,8:18:17,7,29.9,AH0,255,32.2725567,Day,F,L,A,MYSE
151.909,8443,6/3/2015,5/29/2015,8:18:18,7,29.8,AH0,193,32.0924136,Day,F,L,A,MYSE
151.909,8443,6/3/2015,5/30/2015,8:18:18,7,30.6,AH0,179,33.4590728,Day,F,L,A,MYSE
151.909,8443,6/3/2015,5/26/2015,8:18:19,7,29.9,AH0,255,32.2725567,Day,F,L,A,MYSE
151.909,8443,6/3/2015,5/29/2015,8:18:20,7,29.8,AH0,194,32.0924136,Day,F,L,A,MYSE
151.909,8443,6/3/2015,5/30/2015,8:18:20,7,30.6,AH0,177,33.4590728,Day,F,L,A,MYSE
151.909,8443,6/3/2015,5/26/2015,8:18:21,7,29.9,AH0,255,32.2725567,Day,F,L,A,MYSE
151.909,8443,6/3/2015,5/29/2015,8:18:22,7,29.8,AH0,194,32.0924136,Day,F,L,A,MYSE
151.909,8443,6/3/2015,5/30/2015,8:18:22,7,30.6,AH0,182,33.4590728,Day,F,L,A,MYSE
151.909,8443,6/3/2015,5/26/2015,8:18:35,7,29.9,AH0,255,32.2725567,Day,F,L,A,MYSE
151.909,8443,6/3/2015,5/30/2015,8:18:35,7,30.6,AH0,178,33.4590728,Day,F,L,A,MYSE
151.909,8443,6/3/2015,5/29/2015,8:18:36,7,29.8,AH0,196,32.0924136,Day,F,L,A,MYSE
151.909,8443,6/3/2015,5/26/2015,8:18:37,7,29.9,AH0,255,32.2725567,Day,F,L,A,MYSE
151.909,8443,6/3/2015,5/30/2015,8:18:37,7,30.6,AH0,182,33.4590728,Day,F,L,A,MYSE
151.909,8443,6/3/2015,5/29/2015,8:18:38,7,29.8,AH0,192,32.0924136,Day,F,L,A,MYSE
151.909,8443,6/3/2015,5/26/2015,8:18:39,7,29.9,AH0,255,32.2725567,Day,F,L,A,MYSE
151.909,8443,6/3/2015,5/30/2015,8:18:39,7,30.6,AH0,180,33.4590728,Day,F,L,A,MYSE
151.909,8443,6/3/2015,5/29/2015,8:18:40,7,29.8,AH0,192,32.0924136,Day,F,L,A,MYSE
151.909,8443,6/3/2015,5/26/2015,8:18:41,7,29.9,AH0,255,32.2725567,Day,F,L,A,MYSE
151.909,8443,6/3/2015,5/30/2015,8:18:41,7,30.6,AH0,180,33.4590728,Day,F,L,A,MYSE
151.909,8443,6/3/2015,5/29/2015,8:18:42,7,29.8,AH0,194,32.0924136,Day,F,L,A,MYSE
151.909,8443,6/3/2015,5/26/2015,8:18:55,7,29.9,AH0,255,32.2725567,Day,F,L,A,MYSE
151.909,8443,6/3/2015,5/30/2015,8:18:55,7,30.6,AH0,183,33.4590728,Day,F,L,A,MYSE
151.909,8443,6/3/2015,5/29/2015,8:18:56,7,29.8,AH0,196,32.0924136,Day,F,L,A,MYSE
151.909,8443,6/3/2015,5/26/2015,8:18:57,7,29.9,AH0,255,32.2725567,Day,F,L,A,MYSE
151.909,8443,6/3/2015,5/30/2015,8:18:57,7,30.6,AH0,181,33.4590728,Day,F,L,A,MYSE
151.909,8443,6/3/2015,5/29/2015,8:18:58,7,29.8,AH0,191,32.0924136,Day,F,L,A,MYSE
151.909,8443,6/3/2015,5/26/2015,8:18:59,7,29.9,AH0,255,32.2725567,Day,F,L,A,MYSE
151.909,8443,6/3/2015,5/30/2015,8:18:59,7,30.5,AH0,184,33.2974125,Day,F,L,A,MYSE
151.909,8443,6/3/2015,5/29/2015,8:19:00,7,29.8,AH0,192,32.0924136,Day,F,L,A,MYSE
151.909,8443,6/3/2015,5/26/2015,8:19:01,7,29.9,AH0,255,32.2725567,Day,F,L,A,MYSE
151.909,8443,6/3/2015,5/30/2015,8:19:01,7,30.5,AH0,182,33.2974125,Day,F,L,A,MYSE
151.909,8443,6/3/2015,5/29/2015,8:19:02,7,29.8,AH0,196,32.0924136,Day,F,L,A,MYSE
151.909,8443,6/3/2015,5/26/2015,8:19:15,7,29.8,AH0,255,32.0924136,Day,F,L,A,MYSE
151.909,8443,6/3/2015,5/30/2015,8:19:15,7,30.5,AH0,178,33.2974125,Day,F,L,A,MYSE
151.909,8443,6/3/2015,5/29/2015,8:19:16,7,29.9,AH0,194,32.2725567,Day,F,L,A,MYSE
151.909,8443,6/3/2015,5/30/2015,8:19:16,7,30.5,AH0,183,33.2974125,Day,F,L,A,MYSE
151.909,8443,6/3/2015,5/26/2015,8:19:17,7,29.8,AH0,254,32.0924136,Day,F,L,A,MYSE
151.909,8443,6/3/2015,5/29/2015,8:19:18,7,29.9,AH0,192,32.2725567,Day,F,L,A,MYSE
151.909,8443,6/3/2015,5/30/2015,8:19:18,7,30.5,AH0,180,33.2974125,Day,F,L,A,MYSE
151.909,8443,6/3/2015,5/26/2015,8:19:19,7,29.8,AH0,255,32.0924136,Day,F,L,A,MYSE
151.909,8443,6/3/2015,5/29/2015,8:19:20,7,29.8,AH0,192,32.0924136,Day,F,L,A,MYSE
151.909,8443,6/3/2015,5/30/2015,8:19:20,7,30.5,AH0,181,33.2974125,Day,F,L,A,MYSE
151.909,8443,6/3/2015,5/26/2015,8:19:21,7,29.8,AH0,255,32.0924136,Day,F,L,A,MYSE
151.909,8443,6/3/2015,5/29/2015,8:19:22,7,29.9,AH0,192,32.2725567,Day,F,L,A,MYSE
151.909,8443,6/3/2015,5/30/2015,8:19:34,7,30.4,AH0,172,33.1331712,Day,F,L,A,MYSE
151.909,8443,6/3/2015,5/26/2015,8:19:35,7,29.8,AH0,255,32.0924136,Day,F,L,A,MYSE
151.909,8443,6/3/2015,5/29/2015,8:19:36,7,29.9,AH0,193,32.2725567,Day,F,L,A,MYSE
151.909,8443,6/3/2015,5/30/2015,8:19:36,7,30.4,AH0,174,33.1331712,Day,F,L,A,MYSE
151.909,8443,6/3/2015,5/26/2015,8:19:37,7,29.8,AH0,255,32.0924136,Day,F,L,A,MYSE
151.909,8443,6/3/2015,5/29/2015,8:19:38,7,29.9,AH0,192,32.2725567,Day,F,L,A,MYSE
151.909,8443,6/3/2015,5/30/2015,8:19:38,7,30.4,AH0,175,33.1331712,Day,F,L,A,MYSE
151.909,8443,6/3/2015,5/26/2015,8:19:39,7,29.8,AH0,255,32.0924136,Day,F,L,A,MYSE
151.909,8443,6/3/2015,5/29/2015,8:19:40,7,29.9,AH0,193,32.2725567,Day,F,L,A,MYSE
151.909,8443,6/3/2015,5/30/2015,8:19:40,7,30.4,AH0,171,33.1331712,Day,F,L,A,MYSE
151.909,8443,6/3/2015,5/26/2015,8:19:41,7,29.8,AH0,255,32.0924136,Day,F,L,A,MYSE
151.909,8443,6/3/2015,5/29/2015,8:19:42,7,29.9,AH0,191,32.2725567,Day,F,L,A,MYSE
151.909,8443,6/3/2015,5/30/2015,8:19:54,7,30.3,AH0,173,32.9663291,Day,F,L,A,MYSE
151.909,8443,6/3/2015,5/26/2015,8:19:55,7,29.8,AH0,255,32.0924136,Day,F,L,A,MYSE
151.909,8443,6/3/2015,5/29/2015,8:19:56,7,29.9,AH0,193,32.2725567,Day,F,L,A,MYSE
151.909,8443,6/3/2015,5/30/2015,8:19:56,7,30.3,AH0,172,32.9663291,Day,F,L,A,MYSE
151.909,8443,6/3/2015,5/26/2015,8:19:57,7,29.8,AH0,255,32.0924136,Day,F,L,A,MYSE
151.909,8443,6/3/2015,5/29/2015,8:19:58,7,29.9,AH0,191,32.2725567,Day,F,L,A,MYSE
151.909,8443,6/3/2015,5/30/2015,8:19:58,7,30.3,AH0,177,32.9663291,Day,F,L,A,MYSE
151.909,8443,6/3/2015,5/26/2015,8:19:59,7,29.8,AH0,255,32.0924136,Day,F,L,A,MYSE
151.909,8443,6/3/2015,5/29/2015,8:20:00,7,29.9,AH0,192,32.2725567,Day,F,L,A,MYSE
151.909,8443,6/3/2015,5/30/2015,8:20:00,7,30.2,AH0,176,32.7968664,Day,F,L,A,MYSE
151.909,8443,6/3/2015,5/26/2015,8:20:01,7,29.8,AH0,255,32.0924136,Day,F,L,A,MYSE
151.909,8443,6/3/2015,5/29/2015,8:20:02,7,29.9,AH0,193,32.2725567,Day,F,L,A,MYSE
151.909,8443,6/3/2015,5/30/2015,8:20:14,7,30.2,AH0,171,32.7968664,Day,F,L,A,MYSE
151.909,8443,6/3/2015,5/26/2015,8:20:15,7,29.7,AH0,255,31.9095509,Day,F,L,A,MYSE
151.909,8443,6/3/2015,5/29/2015,8:20:16,7,29.9,AH0,194,32.2725567,Day,F,L,A,MYSE
151.909,8443,6/3/2015,5/30/2015,8:20:16,7,30.2,AH0,175,32.7968664,Day,F,L,A,MYSE
151.909,8443,6/3/2015,5/26/2015,8:20:17,7,29.8,AH0,255,32.0924136,Day,F,L,A,MYSE
151.909,8443,6/3/2015,5/29/2015,8:20:18,7,29.9,AH0,191,32.2725567,Day,F,L,A,MYSE
151.909,8443,6/3/2015,5/30/2015,8:20:18,7,30.2,AH0,178,32.7968664,Day,F,L,A,MYSE
151.909,8443,6/3/2015,5/26/2015,8:20:19,7,29.7,AH0,255,31.9095509,Day,F,L,A,MYSE
151.909,8443,6/3/2015,5/29/2015,8:20:20,7,29.9,AH0,195,32.2725567,Day,F,L,A,MYSE
151.909,8443,6/3/2015,5/30/2015,8:20:20,7,30.1,AH0,172,32.6247633,Day,F,L,A,MYSE
151.909,8443,6/3/2015,5/26/2015,8:20:21,7,29.7,AH0,255,31.9095509,Day,F,L,A,MYSE
151.909,8443,6/3/2015,5/29/2015,8:20:22,7,29.9,AH0,195,32.2725567,Day,F,L,A,MYSE
151.909,8443,6/3/2015,5/26/2015,8:20:33,7,29.8,AH0,255,32.0924136,Day,F,L,A,MYSE
151.909,8443,6/3/2015,5/30/2015,8:20:34,7,30.1,AH0,173,32.6247633,Day,F,L,A,MYSE
151.909,8443,6/3/2015,5/26/2015,8:20:35,7,29.7,AH0,255,31.9095509,Day,F,L,A,MYSE
151.909,8443,6/3/2015,5/29/2015,8:20:36,7,29.9,AH0,196,32.2725567,Day,F,L,A,MYSE
151.909,8443,6/3/2015,5/30/2015,8:20:36,7,30.1,AH0,173,32.6247633,Day,F,L,A,MYSE
151.909,8443,6/3/2015,5/26/2015,8:20:37,7,29.7,AH0,255,31.9095509,Day,F,L,A,MYSE
151.909,8443,6/3/2015,5/29/2015,8:20:38,7,29.9,AH0,193,32.2725567,Day,F,L,A,MYSE
151.909,8443,6/3/2015,5/30/2015,8:20:38,7,30.1,AH0,175,32.6247633,Day,F,L,A,MYSE
151.909,8443,6/3/2015,5/26/2015,8:20:39,7,29.7,AH0,255,31.9095509,Day,F,L,A,MYSE
151.909,8443,6/3/2015,5/29/2015,8:20:40,7,29.9,AH0,195,32.2725567,Day,F,L,A,MYSE
151.909,8443,6/3/2015,5/30/2015,8:20:40,7,30.1,AH0,175,32.6247633,Day,F,L,A,MYSE
151.909,8443,6/3/2015,5/29/2015,8:20:42,7,29.9,AH0,193,32.2725567,Day,F,L,A,MYSE
151.909,8443,6/3/2015,5/26/2015,8:20:54,7,29.7,AH0,255,31.9095509,Day,F,L,A,MYSE
151.909,8443,6/3/2015,5/30/2015,8:20:54,7,30,AH0,178,32.45,Day,F,L,A,MYSE
151.909,8443,6/3/2015,5/26/2015,8:20:56,7,29.7,AH0,255,31.9095509,Day,F,L,A,MYSE
151.909,8443,6/3/2015,5/29/2015,8:20:56,7,29.9,AH0,195,32.2725567,Day,F,L,A,MYSE
151.909,8443,6/3/2015,5/30/2015,8:20:56,7,30,AH0,177,32.45,Day,F,L,A,MYSE
151.909,8443,6/3/2015,5/26/2015,8:20:58,7,29.7,AH0,255,31.9095509,Day,F,L,A,MYSE
151.909,8443,6/3/2015,5/29/2015,8:20:58,7,29.9,AH0,197,32.2725567,Day,F,L,A,MYSE
151.909,8443,6/3/2015,5/30/2015,8:20:58,7,30,AH0,176,32.45,Day,F,L,A,MYSE
151.909,8443,6/3/2015,5/26/2015,8:21:00,7,29.7,AH0,255,31.9095509,Day,F,L,A,MYSE
151.909,8443,6/3/2015,5/29/2015,8:21:00,7,29.9,AH0,194,32.2725567,Day,F,L,A,MYSE
151.909,8443,6/3/2015,5/30/2015,8:21:00,7,30,AH0,175,32.45,Day,F,L,A,MYSE
151.909,8443,6/3/2015,5/29/2015,8:21:02,7,29.9,AH0,194,32.2725567,Day,F,L,A,MYSE
151.909,8443,6/3/2015,5/26/2015,8:21:14,7,29.6,AH0,255,31.7239488,Day,F,L,A,MYSE
151.909,8443,6/3/2015,5/30/2015,8:21:14,7,30,AH0,174,32.45,Day,F,L,A,MYSE
151.909,8443,6/3/2015,5/26/2015,8:21:16,7,29.6,AH0,255,31.7239488,Day,F,L,A,MYSE
151.909,8443,6/3/2015,5/29/2015,8:21:16,7,29.9,AH0,193,32.2725567,Day,F,L,A,MYSE
151.909,8443,6/3/2015,5/30/2015,8:21:16,7,30,AH0,174,32.45,Day,F,L,A,MYSE
151.909,8443,6/3/2015,5/26/2015,8:21:18,7,29.6,AH0,255,31.7239488,Day,F,L,A,MYSE
151.909,8443,6/3/2015,5/29/2015,8:21:18,7,29.9,AH0,196,32.2725567,Day,F,L,A,MYSE
151.909,8443,6/3/2015,5/30/2015,8:21:18,7,30,AH0,174,32.45,Day,F,L,A,MYSE
151.909,8443,6/3/2015,5/26/2015,8:21:20,7,29.6,AH0,255,31.7239488,Day,F,L,A,MYSE
151.909,8443,6/3/2015,5/29/2015,8:21:20,7,29.9,AH0,193,32.2725567,Day,F,L,A,MYSE
151.909,8443,6/3/2015,5/30/2015,8:21:20,7,30,AH0,173,32.45,Day,F,L,A,MYSE
151.909,8443,6/3/2015,5/29/2015,8:21:22,7,29.9,AH0,196,32.2725567,Day,F,L,A,MYSE
151.909,8443,6/3/2015,5/26/2015,8:21:34,7,29.6,AH0,255,31.7239488,Day,F,L,A,MYSE
151.909,8443,6/3/2015,5/30/2015,8:21:34,7,30,AH0,176,32.45,Day,F,L,A,MYSE
151.909,8443,6/3/2015,5/26/2015,8:21:36,7,29.6,AH0,255,31.7239488,Day,F,L,A,MYSE
151.909,8443,6/3/2015,5/29/2015,8:21:36,7,29.9,AH0,196,32.2725567,Day,F,L,A,MYSE
151.909,8443,6/3/2015,5/30/2015,8:21:36,7,30,AH0,176,32.45,Day,F,L,A,MYSE
151.909,8443,6/3/2015,5/26/2015,8:21:38,7,29.6,AH0,255,31.7239488,Day,F,L,A,MYSE
151.909,8443,6/3/2015,5/29/2015,8:21:38,7,29.9,AH0,192,32.2725567,Day,F,L,A,MYSE
151.909,8443,6/3/2015,5/30/2015,8:21:38,7,30,AH0,177,32.45,Day,F,L,A,MYSE
151.909,8443,6/3/2015,5/26/2015,8:21:40,7,29.6,AH0,255,31.7239488,Day,F,L,A,MYSE
151.909,8443,6/3/2015,5/30/2015,8:21:40,7,30,AH0,175,32.45,Day,F,L,A,MYSE
151.909,8443,6/3/2015,5/29/2015,8:21:41,7,29.9,AH0,194,32.2725567,Day,F,L,A,MYSE
151.909,8443,6/3/2015,5/29/2015,8:21:43,7,29.9,AH0,192,32.2725567,Day,F,L,A,MYSE
151.909,8443,6/3/2015,5/26/2015,8:21:54,7,29.6,AH0,255,31.7239488,Day,F,L,A,MYSE
151.909,8443,6/3/2015,5/30/2015,8:21:54,7,30,AH0,172,32.45,Day,F,L,A,MYSE
151.909,8443,6/3/2015,5/26/2015,8:21:56,7,29.6,AH0,254,31.7239488,Day,F,L,A,MYSE
151.909,8443,6/3/2015,5/30/2015,8:21:56,7,30,AH0,171,32.45,Day,F,L,A,MYSE
151.909,8443,6/3/2015,5/29/2015,8:21:57,7,29.9,AH0,194,32.2725567,Day,F,L,A,MYSE
151.909,8443,6/3/2015,5/26/2015,8:21:58,7,29.6,AH0,255,31.7239488,Day,F,L,A,MYSE
151.909,8443,6/3/2015,5/30/2015,8:21:58,7,30,AH0,174,32.45,Day,F,L,A,MYSE
151.909,8443,6/3/2015,5/29/2015,8:21:59,7,29.9,AH0,194,32.2725567,Day,F,L,A,MYSE
151.909,8443,6/3/2015,5/26/2015,8:22:00,7,29.6,AH0,254,31.7239488,Day,F,L,A,MYSE
151.909,8443,6/3/2015,5/30/2015,8:22:00,7,30,AH0,176,32.45,Day,F,L,A,MYSE
151.909,8443,6/3/2015,5/29/2015,8:22:01,7,29.9,AH0,197,32.2725567,Day,F,L,A,MYSE
151.909,8443,6/3/2015,5/29/2015,8:22:03,7,29.9,AH0,196,32.2725567,Day,F,L,A,MYSE
151.909,8443,6/3/2015,5/30/2015,8:22:14,7,30,AH0,175,32.45,Day,F,L,A,MYSE
151.909,8443,6/3/2015,5/26/2015,8:22:15,7,29.6,AH0,255,31.7239488,Day,F,L,A,MYSE
151.909,8443,6/3/2015,5/30/2015,8:22:16,7,30,AH0,175,32.45,Day,F,L,A,MYSE
151.909,8443,6/3/2015,5/26/2015,8:22:17,7,29.6,AH0,255,31.7239488,Day,F,L,A,MYSE
151.909,8443,6/3/2015,5/29/2015,8:22:17,7,29.9,AH0,196,32.2725567,Day,F,L,A,MYSE
151.909,8443,6/3/2015,5/30/2015,8:22:18,7,30,AH0,175,32.45,Day,F,L,A,MYSE
151.909,8443,6/3/2015,5/26/2015,8:22:19,7,29.6,AH0,255,31.7239488,Day,F,L,A,MYSE
151.909,8443,6/3/2015,5/29/2015,8:22:19,7,29.9,AH0,195,32.2725567,Day,F,L,A,MYSE
151.909,8443,6/3/2015,5/30/2015,8:22:20,7,30,AH0,175,32.45,Day,F,L,A,MYSE
151.909,8443,6/3/2015,5/26/2015,8:22:21,7,29.6,AH0,255,31.7239488,Day,F,L,A,MYSE
151.909,8443,6/3/2015,5/29/2015,8:22:21,7,29.9,AH0,195,32.2725567,Day,F,L,A,MYSE
151.909,8443,6/3/2015,5/29/2015,8:22:23,7,29.9,AH0,198,32.2725567,Day,F,L,A,MYSE
151.909,8443,6/3/2015,5/30/2015,8:22:34,7,30,AH0,178,32.45,Day,F,L,A,MYSE
151.909,8443,6/3/2015,5/26/2015,8:22:35,7,29.6,AH0,255,31.7239488,Day,F,L,A,MYSE
151.909,8443,6/3/2015,5/30/2015,8:22:36,7,30,AH0,175,32.45,Day,F,L,A,MYSE
151.909,8443,6/3/2015,5/26/2015,8:22:37,7,29.6,AH0,255,31.7239488,Day,F,L,A,MYSE
151.909,8443,6/3/2015,5/29/2015,8:22:37,7,29.9,AH0,197,32.2725567,Day,F,L,A,MYSE
151.909,8443,6/3/2015,5/30/2015,8:22:38,7,30,AH0,177,32.45,Day,F,L,A,MYSE
151.909,8443,6/3/2015,5/26/2015,8:22:39,7,29.6,AH0,255,31.7239488,Day,F,L,A,MYSE
151.909,8443,6/3/2015,5/29/2015,8:22:39,7,29.9,AH0,195,32.2725567,Day,F,L,A,MYSE
151.909,8443,6/3/2015,5/30/2015,8:22:40,7,30,AH0,176,32.45,Day,F,L,A,MYSE
151.909,8443,6/3/2015,5/26/2015,8:22:41,7,29.6,AH0,255,31.7239488,Day,F,L,A,MYSE
151.909,8443,6/3/2015,5/29/2015,8:22:41,7,29.9,AH0,195,32.2725567,Day,F,L,A,MYSE
151.909,8443,6/3/2015,5/29/2015,8:22:43,7,29.9,AH0,195,32.2725567,Day,F,L,A,MYSE
151.909,8443,6/3/2015,5/30/2015,8:22:54,7,30,AH0,177,32.45,Day,F,L,A,MYSE
151.909,8443,6/3/2015,5/26/2015,8:22:55,7,29.6,AH0,255,31.7239488,Day,F,L,A,MYSE
151.909,8443,6/3/2015,5/30/2015,8:22:56,7,30,AH0,175,32.45,Day,F,L,A,MYSE
151.909,8443,6/3/2015,5/26/2015,8:22:57,7,29.6,AH0,255,31.7239488,Day,F,L,A,MYSE
151.909,8443,6/3/2015,5/29/2015,8:22:57,7,29.9,AH0,189,32.2725567,Day,F,L,A,MYSE
151.909,8443,6/3/2015,5/30/2015,8:22:58,7,30,AH0,175,32.45,Day,F,L,A,MYSE
151.909,8443,6/3/2015,5/26/2015,8:22:59,7,29.6,AH0,255,31.7239488,Day,F,L,A,MYSE
151.909,8443,6/3/2015,5/29/2015,8:22:59,7,29.9,AH0,189,32.2725567,Day,F,L,A,MYSE
151.909,8443,6/3/2015,5/30/2015,8:23:00,7,30,AH0,175,32.45,Day,F,L,A,MYSE
151.909,8443,6/3/2015,5/26/2015,8:23:01,7,29.6,AH0,255,31.7239488,Day,F,L,A,MYSE
151.909,8443,6/3/2015,5/29/2015,8:23:01,7,29.9,AH0,189,32.2725567,Day,F,L,A,MYSE
151.909,8443,6/3/2015,5/29/2015,8:23:03,7,29.9,AH0,189,32.2725567,Day,F,L,A,MYSE
151.909,8443,6/3/2015,5/26/2015,8:23:13,7,29.6,AH0,255,31.7239488,Day,F,L,A,MYSE
151.909,8443,6/3/2015,5/30/2015,8:23:14,7,30,AH0,177,32.45,Day,F,L,A,MYSE
151.909,8443,6/3/2015,5/26/2015,8:23:15,7,29.6,AH0,255,31.7239488,Day,F,L,A,MYSE
151.909,8443,6/3/2015,5/30/2015,8:23:16,7,30,AH0,177,32.45,Day,F,L,A,MYSE
151.909,8443,6/3/2015,5/26/2015,8:23:17,7,29.6,AH0,255,31.7239488,Day,F,L,A,MYSE
151.909,8443,6/3/2015,5/29/2015,8:23:17,7,29.9,AH0,188,32.2725567,Day,F,L,A,MYSE
151.909,8443,6/3/2015,5/30/2015,8:23:18,7,30,AH0,175,32.45,Day,F,L,A,MYSE
151.909,8443,6/3/2015,5/26/2015,8:23:19,7,29.6,AH0,255,31.7239488,Day,F,L,A,MYSE
151.909,8443,6/3/2015,5/29/2015,8:23:19,7,29.9,AH0,190,32.2725567,Day,F,L,A,MYSE
151.909,8443,6/3/2015,5/30/2015,8:23:20,7,30,AH0,179,32.45,Day,F,L,A,MYSE
151.909,8443,6/3/2015,5/29/2015,8:23:21,7,29.9,AH0,192,32.2725567,Day,F,L,A,MYSE
151.909,8443,6/3/2015,5/29/2015,8:23:23,7,29.9,AH0,190,32.2725567,Day,F,L,A,MYSE
151.909,8443,6/3/2015,5/26/2015,8:23:34,7,29.7,AH0,255,31.9095509,Day,F,L,A,MYSE
151.909,8443,6/3/2015,5/30/2015,8:23:34,7,30,AH0,177,32.45,Day,F,L,A,MYSE
151.909,8443,6/3/2015,5/26/2015,8:23:36,7,29.7,AH0,255,31.9095509,Day,F,L,A,MYSE
151.909,8443,6/3/2015,5/30/2015,8:23:36,7,30,AH0,175,32.45,Day,F,L,A,MYSE
151.909,8443,6/3/2015,5/29/2015,8:23:37,7,29.9,AH0,192,32.2725567,Day,F,L,A,MYSE
151.909,8443,6/3/2015,5/26/2015,8:23:38,7,29.7,AH0,255,31.9095509,Day,F,L,A,MYSE
151.909,8443,6/3/2015,5/30/2015,8:23:38,7,30,AH0,172,32.45,Day,F,L,A,MYSE
151.909,8443,6/3/2015,5/29/2015,8:23:39,7,29.9,AH0,192,32.2725567,Day,F,L,A,MYSE
151.909,8443,6/3/2015,5/26/2015,8:23:40,7,29.8,AH0,255,32.0924136,Day,F,L,A,MYSE
151.909,8443,6/3/2015,5/30/2015,8:23:40,7,30,AH0,173,32.45,Day,F,L,A,MYSE
151.909,8443,6/3/2015,5/29/2015,8:23:41,7,29.9,AH0,191,32.2725567,Day,F,L,A,MYSE
151.909,8443,6/3/2015,5/29/2015,8:23:43,7,29.9,AH0,190,32.2725567,Day,F,L,A,MYSE
151.909,8443,6/3/2015,5/26/2015,8:23:54,7,29.8,AH0,255,32.0924136,Day,F,L,A,MYSE
151.909,8443,6/3/2015,5/30/2015,8:23:54,7,30,AH0,175,32.45,Day,F,L,A,MYSE
151.909,8443,6/3/2015,5/26/2015,8:23:56,7,29.8,AH0,255,32.0924136,Day,F,L,A,MYSE
151.909,8443,6/3/2015,5/30/2015,8:23:56,7,30,AH0,176,32.45,Day,F,L,A,MYSE
151.909,8443,6/3/2015,5/29/2015,8:23:57,7,29.9,AH0,191,32.2725567,Day,F,L,A,MYSE
151.909,8443,6/3/2015,5/26/2015,8:23:58,7,29.8,AH0,255,32.0924136,Day,F,L,A,MYSE
151.909,8443,6/3/2015,5/30/2015,8:23:58,7,30,AH0,175,32.45,Day,F,L,A,MYSE
151.909,8443,6/3/2015,5/29/2015,8:23:59,7,29.9,AH0,189,32.2725567,Day,F,L,A,MYSE
151.909,8443,6/3/2015,5/26/2015,8:24:00,7,29.8,AH0,255,32.0924136,Day,F,L,A,MYSE
151.909,8443,6/3/2015,5/30/2015,8:24:00,7,30,AH0,177,32.45,Day,F,L,A,MYSE
151.909,8443,6/3/2015,5/29/2015,8:24:01,7,29.9,AH0,191,32.2725567,Day,F,L,A,MYSE
151.909,8443,6/3/2015,5/29/2015,8:24:03,7,29.9,AH0,188,32.2725567,Day,F,L,A,MYSE
151.909,8443,6/3/2015,5/26/2015,8:24:14,7,29.7,AH0,255,31.9095509,Day,F,L,A,MYSE
151.909,8443,6/3/2015,5/30/2015,8:24:14,7,30,AH0,175,32.45,Day,F,L,A,MYSE
151.909,8443,6/3/2015,5/26/2015,8:24:16,7,29.7,AH0,255,31.9095509,Day,F,L,A,MYSE
151.909,8443,6/3/2015,5/30/2015,8:24:16,7,30,AH0,177,32.45,Day,F,L,A,MYSE
151.909,8443,6/3/2015,5/29/2015,8:24:17,7,29.9,AH0,191,32.2725567,Day,F,L,A,MYSE
151.909,8443,6/3/2015,5/26/2015,8:24:18,7,29.7,AH0,255,31.9095509,Day,F,L,A,MYSE
151.909,8443,6/3/2015,5/30/2015,8:24:18,7,30,AH0,172,32.45,Day,F,L,A,MYSE
151.909,8443,6/3/2015,5/29/2015,8:24:19,7,29.8,AH0,190,32.0924136,Day,F,L,A,MYSE
151.909,8443,6/3/2015,5/26/2015,8:24:20,7,29.7,AH0,255,31.9095509,Day,F,L,A,MYSE
151.909,8443,6/3/2015,5/30/2015,8:24:20,7,30,AH0,174,32.45,Day,F,L,A,MYSE
151.909,8443,6/3/2015,5/29/2015,8:24:21,7,29.9,AH0,191,32.2725567,Day,F,L,A,MYSE
151.909,8443,6/3/2015,5/26/2015,8:24:34,7,29.7,AH0,255,31.9095509,Day,F,L,A,MYSE
151.909,8443,6/3/2015,5/30/2015,8:24:34,7,30,AH0,172,32.45,Day,F,L,A,MYSE
151.909,8443,6/3/2015,5/29/2015,8:24:35,7,29.8,AH0,191,32.0924136,Day,F,L,A,MYSE
151.909,8443,6/3/2015,5/26/2015,8:24:36,7,29.7,AH0,255,31.9095509,Day,F,L,A,MYSE
151.909,8443,6/3/2015,5/30/2015,8:24:36,7,30,AH0,175,32.45,Day,F,L,A,MYSE
151.909,8443,6/3/2015,5/29/2015,8:24:37,7,29.8,AH0,193,32.0924136,Day,F,L,A,MYSE
151.909,8443,6/3/2015,5/26/2015,8:24:38,7,29.6,AH0,255,31.7239488,Day,F,L,A,MYSE
151.909,8443,6/3/2015,5/30/2015,8:24:38,7,30,AH0,175,32.45,Day,F,L,A,MYSE
151.909,8443,6/3/2015,5/29/2015,8:24:39,7,29.8,AH0,190,32.0924136,Day,F,L,A,MYSE
151.909,8443,6/3/2015,5/26/2015,8:24:40,7,29.6,AH0,255,31.7239488,Day,F,L,A,MYSE
151.909,8443,6/3/2015,5/30/2015,8:24:40,7,30,AH0,176,32.45,Day,F,L,A,MYSE
151.909,8443,6/3/2015,5/29/2015,8:24:41,7,29.8,AH0,194,32.0924136,Day,F,L,A,MYSE
151.909,8443,6/3/2015,5/26/2015,8:24:54,7,29.6,AH0,255,31.7239488,Day,F,L,A,MYSE
151.909,8443,6/3/2015,5/30/2015,8:24:54,7,30,AH0,175,32.45,Day,F,L,A,MYSE
151.909,8443,6/3/2015,5/29/2015,8:24:55,7,29.8,AH0,192,32.0924136,Day,F,L,A,MYSE
151.909,8443,6/3/2015,5/26/2015,8:24:56,7,29.6,AH0,255,31.7239488,Day,F,L,A,MYSE
151.909,8443,6/3/2015,5/30/2015,8:24:56,7,30,AH0,179,32.45,Day,F,L,A,MYSE
151.909,8443,6/3/2015,5/29/2015,8:24:57,7,29.8,AH0,191,32.0924136,Day,F,L,A,MYSE
151.909,8443,6/3/2015,5/26/2015,8:24:58,7,29.6,AH0,255,31.7239488,Day,F,L,A,MYSE
151.909,8443,6/3/2015,5/30/2015,8:24:58,7,30,AH0,176,32.45,Day,F,L,A,MYSE
151.909,8443,6/3/2015,5/29/2015,8:24:59,7,29.8,AH0,192,32.0924136,Day,F,L,A,MYSE
151.909,8443,6/3/2015,5/30/2015,8:25:00,7,30,AH0,176,32.45,Day,F,L,A,MYSE
151.909,8443,6/3/2015,5/26/2015,8:25:01,7,29.6,AH0,255,31.7239488,Day,F,L,A,MYSE
151.909,8443,6/3/2015,5/29/2015,8:25:01,7,29.8,AH0,191,32.0924136,Day,F,L,A,MYSE
151.909,8443,6/3/2015,5/30/2015,8:25:14,7,30,AH0,175,32.45,Day,F,L,A,MYSE
151.909,8443,6/3/2015,5/26/2015,8:25:15,7,29.6,AH0,255,31.7239488,Day,F,L,A,MYSE
151.909,8443,6/3/2015,5/29/2015,8:25:15,7,29.8,AH0,192,32.0924136,Day,F,L,A,MYSE
151.909,8443,6/3/2015,5/30/2015,8:25:16,7,30,AH0,178,32.45,Day,F,L,A,MYSE
151.909,8443,6/3/2015,5/26/2015,8:25:17,7,29.6,AH0,255,31.7239488,Day,F,L,A,MYSE
151.909,8443,6/3/2015,5/29/2015,8:25:17,7,29.8,AH0,188,32.0924136,Day,F,L,A,MYSE
151.909,8443,6/3/2015,5/30/2015,8:25:18,7,30,AH0,171,32.45,Day,F,L,A,MYSE
151.909,8443,6/3/2015,5/26/2015,8:25:19,7,29.6,AH0,255,31.7239488,Day,F,L,A,MYSE
151.909,8443,6/3/2015,5/29/2015,8:25:19,7,29.8,AH0,192,32.0924136,Day,F,L,A,MYSE
151.909,8443,6/3/2015,5/30/2015,8:25:20,7,30,AH0,175,32.45,Day,F,L,A,MYSE
151.909,8443,6/3/2015,5/26/2015,8:25:21,7,29.6,AH0,255,31.7239488,Day,F,L,A,MYSE
151.909,8443,6/3/2015,5/29/2015,8:25:21,7,29.8,AH0,193,32.0924136,Day,F,L,A,MYSE
151.909,8443,6/3/2015,5/30/2015,8:25:34,7,30.1,AH0,178,32.6247633,Day,F,L,A,MYSE
151.909,8443,6/3/2015,5/26/2015,8:25:35,7,29.6,AH0,255,31.7239488,Day,F,L,A,MYSE
151.909,8443,6/3/2015,5/29/2015,8:25:36,7,29.8,AH0,193,32.0924136,Day,F,L,A,MYSE
151.909,8443,6/3/2015,5/30/2015,8:25:36,7,30,AH0,177,32.45,Day,F,L,A,MYSE
151.909,8443,6/3/2015,5/26/2015,8:25:37,7,29.6,AH0,255,31.7239488,Day,F,L,A,MYSE
151.909,8443,6/3/2015,5/29/2015,8:25:38,7,29.9,AH0,191,32.2725567,Day,F,L,A,MYSE
151.909,8443,6/3/2015,5/30/2015,8:25:38,7,30,AH0,178,32.45,Day,F,L,A,MYSE
151.909,8443,6/3/2015,5/26/2015,8:25:39,7,29.6,AH0,255,31.7239488,Day,F,L,A,MYSE
151.909,8443,6/3/2015,5/29/2015,8:25:40,7,29.8,AH0,194,32.0924136,Day,F,L,A,MYSE
151.909,8443,6/3/2015,5/30/2015,8:25:40,7,30,AH0,178,32.45,Day,F,L,A,MYSE
151.909,8443,6/3/2015,5/26/2015,8:25:41,7,29.6,AH0,255,31.7239488,Day,F,L,A,MYSE
151.909,8443,6/3/2015,5/29/2015,8:25:42,7,29.8,AH0,194,32.0924136,Day,F,L,A,MYSE
151.909,8443,6/3/2015,5/30/2015,8:25:54,7,30,AH0,178,32.45,Day,F,L,A,MYSE
151.909,8443,6/3/2015,5/26/2015,8:25:55,7,29.6,AH0,255,31.7239488,Day,F,L,A,MYSE
151.909,8443,6/3/2015,5/29/2015,8:25:56,7,29.8,AH0,192,32.0924136,Day,F,L,A,MYSE
151.909,8443,6/3/2015,5/30/2015,8:25:56,7,30,AH0,176,32.45,Day,F,L,A,MYSE
151.909,8443,6/3/2015,5/26/2015,8:25:57,7,29.6,AH0,255,31.7239488,Day,F,L,A,MYSE
151.909,8443,6/3/2015,5/29/2015,8:25:58,7,29.8,AH0,194,32.0924136,Day,F,L,A,MYSE
151.909,8443,6/3/2015,5/30/2015,8:25:58,7,30,AH0,173,32.45,Day,F,L,A,MYSE
151.909,8443,6/3/2015,5/26/2015,8:25:59,7,29.6,AH0,255,31.7239488,Day,F,L,A,MYSE
151.909,8443,6/3/2015,5/29/2015,8:26:00,7,29.9,AH0,189,32.2725567,Day,F,L,A,MYSE
151.909,8443,6/3/2015,5/30/2015,8:26:00,7,30,AH0,177,32.45,Day,F,L,A,MYSE
151.909,8443,6/3/2015,5/29/2015,8:26:02,7,29.9,AH0,195,32.2725567,Day,F,L,A,MYSE
151.909,8443,6/3/2015,5/26/2015,8:26:14,7,29.7,AH0,255,31.9095509,Day,F,L,A,MYSE
151.909,8443,6/3/2015,5/30/2015,8:26:14,7,30.1,AH0,177,32.6247633,Day,F,L,A,MYSE
151.909,8443,6/3/2015,5/26/2015,8:26:16,7,29.7,AH0,255,31.9095509,Day,F,L,A,MYSE
151.909,8443,6/3/2015,5/29/2015,8:26:16,7,29.9,AH0,192,32.2725567,Day,F,L,A,MYSE
151.909,8443,6/3/2015,5/30/2015,8:26:16,7,30.1,AH0,176,32.6247633,Day,F,L,A,MYSE
151.909,8443,6/3/2015,5/26/2015,8:26:18,7,29.7,AH0,255,31.9095509,Day,F,L,A,MYSE
151.909,8443,6/3/2015,5/29/2015,8:26:18,7,29.8,AH0,193,32.0924136,Day,F,L,A,MYSE
151.909,8443,6/3/2015,5/30/2015,8:26:18,7,30.1,AH0,179,32.6247633,Day,F,L,A,MYSE
151.909,8443,6/3/2015,5/26/2015,8:26:20,7,29.7,AH0,255,31.9095509,Day,F,L,A,MYSE
151.909,8443,6/3/2015,5/29/2015,8:26:20,7,29.9,AH0,189,32.2725567,Day,F,L,A,MYSE
151.909,8443,6/3/2015,5/30/2015,8:26:20,7,30.1,AH0,176,32.6247633,Day,F,L,A,MYSE
151.909,8443,6/3/2015,5/29/2015,8:26:22,7,29.8,AH0,193,32.0924136,Day,F,L,A,MYSE
151.909,8443,6/3/2015,5/26/2015,8:26:34,7,29.7,AH0,255,31.9095509,Day,F,L,A,MYSE
151.909,8443,6/3/2015,5/26/2015,8:26:36,7,29.7,AH0,255,31.9095509,Day,F,L,A,MYSE
151.909,8443,6/3/2015,5/29/2015,8:26:36,7,29.8,AH0,192,32.0924136,Day,F,L,A,MYSE
151.909,8443,6/3/2015,5/30/2015,8:26:36,7,30.1,AH0,177,32.6247633,Day,F,L,A,MYSE
151.909,8443,6/3/2015,5/26/2015,8:26:38,7,29.7,AH0,255,31.9095509,Day,F,L,A,MYSE
151.909,8443,6/3/2015,5/29/2015,8:26:38,7,29.9,AH0,193,32.2725567,Day,F,L,A,MYSE
151.909,8443,6/3/2015,5/30/2015,8:26:38,7,30.1,AH0,176,32.6247633,Day,F,L,A,MYSE
151.909,8443,6/3/2015,5/26/2015,8:26:40,7,29.7,AH0,255,31.9095509,Day,F,L,A,MYSE
151.909,8443,6/3/2015,5/29/2015,8:26:40,7,29.9,AH0,193,32.2725567,Day,F,L,A,MYSE
151.909,8443,6/3/2015,5/30/2015,8:26:40,7,30.1,AH0,178,32.6247633,Day,F,L,A,MYSE
151.909,8443,6/3/2015,5/29/2015,8:26:42,7,29.9,AH0,190,32.2725567,Day,F,L,A,MYSE
151.909,8443,6/3/2015,5/30/2015,8:26:42,7,30.1,AH0,176,32.6247633,Day,F,L,A,MYSE
151.909,8443,6/3/2015,5/26/2015,8:26:54,7,29.7,AH0,255,31.9095509,Day,F,L,A,MYSE
151.909,8443,6/3/2015,5/30/2015,8:26:55,7,30.1,AH0,180,32.6247633,Day,F,L,A,MYSE
151.909,8443,6/3/2015,5/26/2015,8:26:56,7,29.7,AH0,255,31.9095509,Day,F,L,A,MYSE
151.909,8443,6/3/2015,5/29/2015,8:26:56,7,29.8,AH0,196,32.0924136,Day,F,L,A,MYSE
151.909,8443,6/3/2015,5/30/2015,8:26:57,7,30.1,AH0,177,32.6247633,Day,F,L,A,MYSE
151.909,8443,6/3/2015,5/26/2015,8:26:58,7,29.7,AH0,255,31.9095509,Day,F,L,A,MYSE
151.909,8443,6/3/2015,5/29/2015,8:26:58,7,29.9,AH0,193,32.2725567,Day,F,L,A,MYSE
151.909,8443,6/3/2015,5/30/2015,8:26:59,7,30.1,AH0,177,32.6247633,Day,F,L,A,MYSE
151.909,8443,6/3/2015,5/26/2015,8:27:00,7,29.7,AH0,255,31.9095509,Day,F,L,A,MYSE
151.909,8443,6/3/2015,5/29/2015,8:27:00,7,29.9,AH0,195,32.2725567,Day,F,L,A,MYSE
151.909,8443,6/3/2015,5/30/2015,8:27:01,7,30.1,AH0,174,32.6247633,Day,F,L,A,MYSE
151.909,8443,6/3/2015,5/29/2015,8:27:02,7,29.9,AH0,194,32.2725567,Day,F,L,A,MYSE
151.909,8443,6/3/2015,5/26/2015,8:27:14,7,29.7,AH0,255,31.9095509,Day,F,L,A,MYSE
151.909,8443,6/3/2015,5/30/2015,8:27:15,7,30.1,AH0,178,32.6247633,Day,F,L,A,MYSE
151.909,8443,6/3/2015,5/26/2015,8:27:16,7,29.7,AH0,255,31.9095509,Day,F,L,A,MYSE
151.909,8443,6/3/2015,5/29/2015,8:27:16,7,29.9,AH0,193,32.2725567,Day,F,L,A,MYSE
151.909,8443,6/3/2015,5/30/2015,8:27:17,7,30.1,AH0,179,32.6247633,Day,F,L,A,MYSE
151.909,8443,6/3/2015,5/26/2015,8:27:18,7,29.7,AH0,255,31.9095509,Day,F,L,A,MYSE
151.909,8443,6/3/2015,5/29/2015,8:27:18,7,29.9,AH0,191,32.2725567,Day,F,L,A,MYSE
151.909,8443,6/3/2015,5/30/2015,8:27:19,7,30.1,AH0,173,32.6247633,Day,F,L,A,MYSE
151.909,8443,6/3/2015,5/26/2015,8:27:20,7,29.7,AH0,255,31.9095509,Day,F,L,A,MYSE
151.909,8443,6/3/2015,5/29/2015,8:27:20,7,29.9,AH0,191,32.2725567,Day,F,L,A,MYSE
151.909,8443,6/3/2015,5/30/2015,8:27:21,7,30.1,AH0,174,32.6247633,Day,F,L,A,MYSE
151.909,8443,6/3/2015,5/29/2015,8:27:22,7,29.9,AH0,192,32.2725567,Day,F,L,A,MYSE
151.909,8443,6/3/2015,5/26/2015,8:27:34,7,29.7,AH0,255,31.9095509,Day,F,L,A,MYSE
151.909,8443,6/3/2015,5/30/2015,8:27:35,7,30.1,AH0,177,32.6247633,Day,F,L,A,MYSE
151.909,8443,6/3/2015,5/26/2015,8:27:36,7,29.7,AH0,255,31.9095509,Day,F,L,A,MYSE
151.909,8443,6/3/2015,5/29/2015,8:27:36,7,29.9,AH0,193,32.2725567,Day,F,L,A,MYSE
151.909,8443,6/3/2015,5/30/2015,8:27:37,7,30.1,AH0,176,32.6247633,Day,F,L,A,MYSE
151.909,8443,6/3/2015,5/26/2015,8:27:38,7,29.7,AH0,255,31.9095509,Day,F,L,A,MYSE
151.909,8443,6/3/2015,5/29/2015,8:27:38,7,29.9,AH0,191,32.2725567,Day,F,L,A,MYSE
151.909,8443,6/3/2015,5/30/2015,8:27:39,7,30.1,AH0,177,32.6247633,Day,F,L,A,MYSE
151.909,8443,6/3/2015,5/26/2015,8:27:40,7,29.7,AH0,255,31.9095509,Day,F,L,A,MYSE
151.909,8443,6/3/2015,5/29/2015,8:27:40,7,29.9,AH0,192,32.2725567,Day,F,L,A,MYSE
151.909,8443,6/3/2015,5/30/2015,8:27:41,7,30.1,AH0,178,32.6247633,Day,F,L,A,MYSE
151.909,8443,6/3/2015,5/29/2015,8:27:42,7,29.9,AH0,191,32.2725567,Day,F,L,A,MYSE
151.909,8443,6/3/2015,5/26/2015,8:27:55,7,29.8,AH0,255,32.0924136,Day,F,L,A,MYSE
151.909,8443,6/3/2015,5/30/2015,8:27:55,7,30.2,AH0,177,32.7968664,Day,F,L,A,MYSE
151.909,8443,6/3/2015,5/29/2015,8:27:56,7,29.9,AH0,192,32.2725567,Day,F,L,A,MYSE
151.909,8443,6/3/2015,5/26/2015,8:27:57,7,29.8,AH0,255,32.0924136,Day,F,L,A,MYSE
151.909,8443,6/3/2015,5/30/2015,8:27:57,7,30.2,AH0,176,32.7968664,Day,F,L,A,MYSE
151.909,8443,6/3/2015,5/29/2015,8:27:58,7,29.9,AH0,191,32.2725567,Day,F,L,A,MYSE
151.909,8443,6/3/2015,5/26/2015,8:27:59,7,29.8,AH0,255,32.0924136,Day,F,L,A,MYSE
151.909,8443,6/3/2015,5/30/2015,8:27:59,7,30.2,AH0,173,32.7968664,Day,F,L,A,MYSE
151.909,8443,6/3/2015,5/29/2015,8:28:00,7,29.9,AH0,190,32.2725567,Day,F,L,A,MYSE
151.909,8443,6/3/2015,5/26/2015,8:28:01,7,29.8,AH0,255,32.0924136,Day,F,L,A,MYSE
151.909,8443,6/3/2015,5/30/2015,8:28:01,7,30.2,AH0,176,32.7968664,Day,F,L,A,MYSE
151.909,8443,6/3/2015,5/29/2015,8:28:02,7,29.9,AH0,195,32.2725567,Day,F,L,A,MYSE
151.909,8443,6/3/2015,5/26/2015,8:28:15,7,29.8,AH0,255,32.0924136,Day,F,L,A,MYSE
151.909,8443,6/3/2015,5/30/2015,8:28:15,7,30.2,AH0,176,32.7968664,Day,F,L,A,MYSE
151.909,8443,6/3/2015,5/29/2015,8:28:16,7,29.9,AH0,195,32.2725567,Day,F,L,A,MYSE
151.909,8443,6/3/2015,5/26/2015,8:28:17,7,29.8,AH0,255,32.0924136,Day,F,L,A,MYSE
151.909,8443,6/3/2015,5/30/2015,8:28:17,7,30.2,AH0,179,32.7968664,Day,F,L,A,MYSE
151.909,8443,6/3/2015,5/29/2015,8:28:18,7,29.9,AH0,191,32.2725567,Day,F,L,A,MYSE
151.909,8443,6/3/2015,5/26/2015,8:28:19,7,29.8,AH0,255,32.0924136,Day,F,L,A,MYSE
151.909,8443,6/3/2015,5/30/2015,8:28:19,7,30.2,AH0,174,32.7968664,Day,F,L,A,MYSE
151.909,8443,6/3/2015,5/29/2015,8:28:20,7,29.9,AH0,195,32.2725567,Day,F,L,A,MYSE
151.909,8443,6/3/2015,5/26/2015,8:28:21,7,29.8,AH0,255,32.0924136,Day,F,L,A,MYSE
151.909,8443,6/3/2015,5/30/2015,8:28:21,7,30.2,AH0,177,32.7968664,Day,F,L,A,MYSE
151.909,8443,6/3/2015,5/29/2015,8:28:22,7,29.9,AH0,191,32.2725567,Day,F,L,A,MYSE
151.909,8443,6/3/2015,5/26/2015,8:28:35,7,29.8,AH0,255,32.0924136,Day,F,L,A,MYSE
151.909,8443,6/3/2015,5/30/2015,8:28:35,7,30.2,AH0,176,32.7968664,Day,F,L,A,MYSE
151.909,8443,6/3/2015,5/29/2015,8:28:36,7,29.9,AH0,194,32.2725567,Day,F,L,A,MYSE
151.909,8443,6/3/2015,5/26/2015,8:28:37,7,29.8,AH0,255,32.0924136,Day,F,L,A,MYSE
151.909,8443,6/3/2015,5/30/2015,8:28:37,7,30.2,AH0,176,32.7968664,Day,F,L,A,MYSE
151.909,8443,6/3/2015,5/29/2015,8:28:38,7,29.9,AH0,195,32.2725567,Day,F,L,A,MYSE
151.909,8443,6/3/2015,5/26/2015,8:28:39,7,29.8,AH0,255,32.0924136,Day,F,L,A,MYSE
151.909,8443,6/3/2015,5/30/2015,8:28:39,7,30.2,AH0,178,32.7968664,Day,F,L,A,MYSE
151.909,8443,6/3/2015,5/29/2015,8:28:40,7,29.9,AH0,193,32.2725567,Day,F,L,A,MYSE
151.909,8443,6/3/2015,5/26/2015,8:28:41,7,29.8,AH0,255,32.0924136,Day,F,L,A,MYSE
151.909,8443,6/3/2015,5/30/2015,8:28:41,7,30.2,AH0,173,32.7968664,Day,F,L,A,MYSE
151.909,8443,6/3/2015,5/29/2015,8:28:42,7,29.9,AH0,196,32.2725567,Day,F,L,A,MYSE
151.909,8443,6/3/2015,5/26/2015,8:28:55,7,29.8,AH0,255,32.0924136,Day,F,L,A,MYSE
151.909,8443,6/3/2015,5/30/2015,8:28:55,7,30.2,AH0,175,32.7968664,Day,F,L,A,MYSE
151.909,8443,6/3/2015,5/26/2015,8:28:57,7,29.8,AH0,255,32.0924136,Day,F,L,A,MYSE
151.909,8443,6/3/2015,5/29/2015,8:28:57,7,29.9,AH0,195,32.2725567,Day,F,L,A,MYSE
151.909,8443,6/3/2015,5/30/2015,8:28:57,7,30.2,AH0,176,32.7968664,Day,F,L,A,MYSE
151.909,8443,6/3/2015,5/26/2015,8:28:59,7,29.8,AH0,255,32.0924136,Day,F,L,A,MYSE
151.909,8443,6/3/2015,5/29/2015,8:28:59,7,29.9,AH0,193,32.2725567,Day,F,L,A,MYSE
151.909,8443,6/3/2015,5/30/2015,8:28:59,7,30.2,AH0,176,32.7968664,Day,F,L,A,MYSE
151.909,8443,6/3/2015,5/26/2015,8:29:01,7,29.8,AH0,255,32.0924136,Day,F,L,A,MYSE
151.909,8443,6/3/2015,5/29/2015,8:29:01,7,29.9,AH0,191,32.2725567,Day,F,L,A,MYSE
151.909,8443,6/3/2015,5/30/2015,8:29:01,7,30.2,AH0,178,32.7968664,Day,F,L,A,MYSE
151.909,8443,6/3/2015,5/29/2015,8:29:03,7,29.9,AH0,196,32.2725567,Day,F,L,A,MYSE
151.909,8443,6/3/2015,5/26/2015,8:29:15,7,29.8,AH0,255,32.0924136,Day,F,L,A,MYSE
151.909,8443,6/3/2015,5/30/2015,8:29:15,7,30.3,AH0,175,32.9663291,Day,F,L,A,MYSE
151.909,8443,6/3/2015,5/26/2015,8:29:17,7,29.8,AH0,255,32.0924136,Day,F,L,A,MYSE
151.909,8443,6/3/2015,5/29/2015,8:29:17,7,29.9,AH0,192,32.2725567,Day,F,L,A,MYSE
151.909,8443,6/3/2015,5/30/2015,8:29:17,7,30.3,AH0,178,32.9663291,Day,F,L,A,MYSE
151.909,8443,6/3/2015,5/26/2015,8:29:19,7,29.8,AH0,255,32.0924136,Day,F,L,A,MYSE
151.909,8443,6/3/2015,5/29/2015,8:29:19,7,29.9,AH0,195,32.2725567,Day,F,L,A,MYSE
151.909,8443,6/3/2015,5/30/2015,8:29:19,7,30.3,AH0,174,32.9663291,Day,F,L,A,MYSE
151.909,8443,6/3/2015,5/26/2015,8:29:21,7,29.8,AH0,255,32.0924136,Day,F,L,A,MYSE
151.909,8443,6/3/2015,5/29/2015,8:29:21,7,29.9,AH0,196,32.2725567,Day,F,L,A,MYSE
151.909,8443,6/3/2015,5/30/2015,8:29:21,7,30.3,AH0,173,32.9663291,Day,F,L,A,MYSE
151.909,8443,6/3/2015,5/29/2015,8:29:23,7,29.9,AH0,195,32.2725567,Day,F,L,A,MYSE
151.909,8443,6/3/2015,5/26/2015,8:29:35,7,29.8,AH0,255,32.0924136,Day,F,L,A,MYSE
151.909,8443,6/3/2015,5/30/2015,8:29:35,7,30.3,AH0,172,32.9663291,Day,F,L,A,MYSE
151.909,8443,6/3/2015,5/26/2015,8:29:37,7,29.8,AH0,255,32.0924136,Day,F,L,A,MYSE
151.909,8443,6/3/2015,5/29/2015,8:29:37,7,29.9,AH0,195,32.2725567,Day,F,L,A,MYSE
151.909,8443,6/3/2015,5/30/2015,8:29:37,7,30.3,AH0,175,32.9663291,Day,F,L,A,MYSE
151.909,8443,6/3/2015,5/26/2015,8:29:39,7,29.8,AH0,255,32.0924136,Day,F,L,A,MYSE
151.909,8443,6/3/2015,5/29/2015,8:29:39,7,29.9,AH0,195,32.2725567,Day,F,L,A,MYSE
151.909,8443,6/3/2015,5/30/2015,8:29:39,7,30.3,AH0,176,32.9663291,Day,F,L,A,MYSE
151.909,8443,6/3/2015,5/30/2015,8:29:40,7,30.3,AH0,175,32.9663291,Day,F,L,A,MYSE
151.909,8443,6/3/2015,5/29/2015,8:29:41,7,29.9,AH0,194,32.2725567,Day,F,L,A,MYSE
151.909,8443,6/3/2015,5/29/2015,8:29:43,7,29.9,AH0,195,32.2725567,Day,F,L,A,MYSE
151.909,8443,6/3/2015,5/26/2015,8:29:53,7,29.8,AH0,255,32.0924136,Day,F,L,A,MYSE
151.909,8443,6/3/2015,5/26/2015,8:29:55,7,29.8,AH0,255,32.0924136,Day,F,L,A,MYSE
151.909,8443,6/3/2015,5/30/2015,8:29:55,7,30.3,AH0,176,32.9663291,Day,F,L,A,MYSE
151.909,8443,6/3/2015,5/26/2015,8:29:57,7,29.8,AH0,255,32.0924136,Day,F,L,A,MYSE
151.909,8443,6/3/2015,5/29/2015,8:29:57,7,29.9,AH0,194,32.2725567,Day,F,L,A,MYSE
151.909,8443,6/3/2015,5/30/2015,8:29:57,7,30.3,AH0,175,32.9663291,Day,F,L,A,MYSE
151.909,8443,6/3/2015,5/26/2015,8:29:59,7,29.8,AH0,255,32.0924136,Day,F,L,A,MYSE
151.909,8443,6/3/2015,5/29/2015,8:29:59,7,29.9,AH0,190,32.2725567,Day,F,L,A,MYSE
151.909,8443,6/3/2015,5/30/2015,8:29:59,7,30.3,AH0,174,32.9663291,Day,F,L,A,MYSE
151.909,8443,6/3/2015,5/29/2015,8:30:01,7,29.9,AH0,194,32.2725567,Day,F,L,A,MYSE
151.909,8443,6/3/2015,5/30/2015,8:30:01,7,30.3,AH0,177,32.9663291,Day,F,L,A,MYSE
151.909,8443,6/3/2015,5/29/2015,8:30:03,7,29.9,AH0,195,32.2725567,Day,F,L,A,MYSE
151.909,8443,6/3/2015,5/26/2015,8:30:13,7,29.7,AH0,255,31.9095509,Day,F,L,A,MYSE
151.909,8443,6/3/2015,5/26/2015,8:30:15,7,29.7,AH0,255,31.9095509,Day,F,L,A,MYSE
151.909,8443,6/3/2015,5/30/2015,8:30:15,7,30.3,AH0,176,32.9663291,Day,F,L,A,MYSE
151.909,8443,6/3/2015,5/29/2015,8:30:17,7,29.9,AH0,193,32.2725567,Day,F,L,A,MYSE
151.909,8443,6/3/2015,5/30/2015,8:30:17,7,30.3,AH0,173,32.9663291,Day,F,L,A,MYSE
151.909,8443,6/3/2015,5/26/2015,8:30:18,7,29.7,AH0,255,31.9095509,Day,F,L,A,MYSE
151.909,8443,6/3/2015,5/29/2015,8:30:19,7,29.9,AH0,196,32.2725567,Day,F,L,A,MYSE
151.909,8443,6/3/2015,5/30/2015,8:30:19,7,30.3,AH0,174,32.9663291,Day,F,L,A,MYSE
151.909,8443,6/3/2015,5/26/2015,8:30:20,7,29.7,AH0,255,31.9095509,Day,F,L,A,MYSE
151.909,8443,6/3/2015,5/29/2015,8:30:21,7,29.9,AH0,196,32.2725567,Day,F,L,A,MYSE
151.909,8443,6/3/2015,5/30/2015,8:30:21,7,30.3,AH0,176,32.9663291,Day,F,L,A,MYSE
151.909,8443,6/3/2015,5/29/2015,8:30:23,7,29.9,AH0,194,32.2725567,Day,F,L,A,MYSE
151.909,8443,6/3/2015,5/26/2015,8:30:34,7,29.7,AH0,255,31.9095509,Day,F,L,A,MYSE
151.909,8443,6/3/2015,5/30/2015,8:30:35,7,30.2,AH0,176,32.7968664,Day,F,L,A,MYSE
151.909,8443,6/3/2015,5/26/2015,8:30:36,7,29.7,AH0,255,31.9095509,Day,F,L,A,MYSE
151.909,8443,6/3/2015,5/29/2015,8:30:37,7,29.9,AH0,188,32.2725567,Day,F,L,A,MYSE
151.909,8443,6/3/2015,5/30/2015,8:30:37,7,30.2,AH0,175,32.7968664,Day,F,L,A,MYSE
151.909,8443,6/3/2015,5/26/2015,8:30:38,7,29.6,AH0,255,31.7239488,Day,F,L,A,MYSE
151.909,8443,6/3/2015,5/29/2015,8:30:39,7,29.9,AH0,188,32.2725567,Day,F,L,A,MYSE
151.909,8443,6/3/2015,5/30/2015,8:30:39,7,30.2,AH0,174,32.7968664,Day,F,L,A,MYSE
151.909,8443,6/3/2015,5/26/2015,8:30:40,7,29.6,AH0,255,31.7239488,Day,F,L,A,MYSE
151.909,8443,6/3/2015,5/29/2015,8:30:41,7,29.9,AH0,190,32.2725567,Day,F,L,A,MYSE
151.909,8443,6/3/2015,5/30/2015,8:30:41,7,30.2,AH0,174,32.7968664,Day,F,L,A,MYSE
151.909,8443,6/3/2015,5/29/2015,8:30:43,7,29.9,AH0,189,32.2725567,Day,F,L,A,MYSE
151.909,8443,6/3/2015,5/26/2015,8:30:54,7,29.6,AH0,255,31.7239488,Day,F,L,A,MYSE
151.909,8443,6/3/2015,5/30/2015,8:30:55,7,30.2,AH0,174,32.7968664,Day,F,L,A,MYSE
151.909,8443,6/3/2015,5/26/2015,8:30:56,7,29.6,AH0,255,31.7239488,Day,F,L,A,MYSE
151.909,8443,6/3/2015,5/29/2015,8:30:57,7,29.8,AH0,189,32.0924136,Day,F,L,A,MYSE
151.909,8443,6/3/2015,5/30/2015,8:30:57,7,30.2,AH0,173,32.7968664,Day,F,L,A,MYSE
151.909,8443,6/3/2015,5/26/2015,8:30:58,7,29.5,AH0,255,31.5355875,Day,F,L,A,MYSE
151.909,8443,6/3/2015,5/29/2015,8:30:59,7,29.8,AH0,189,32.0924136,Day,F,L,A,MYSE
151.909,8443,6/3/2015,5/30/2015,8:30:59,7,30.2,AH0,176,32.7968664,Day,F,L,A,MYSE
151.909,8443,6/3/2015,5/26/2015,8:31:00,7,29.5,AH0,255,31.5355875,Day,F,L,A,MYSE
151.909,8443,6/3/2015,5/29/2015,8:31:01,7,29.8,AH0,190,32.0924136,Day,F,L,A,MYSE
151.909,8443,6/3/2015,5/30/2015,8:31:01,7,30.2,AH0,176,32.7968664,Day,F,L,A,MYSE
151.909,8443,6/3/2015,5/26/2015,8:31:14,7,29.5,AH0,255,31.5355875,Day,F,L,A,MYSE
151.909,8443,6/3/2015,5/29/2015,8:31:15,7,29.8,AH0,186,32.0924136,Day,F,L,A,MYSE
151.909,8443,6/3/2015,5/30/2015,8:31:15,7,30.2,AH0,176,32.7968664,Day,F,L,A,MYSE
151.909,8443,6/3/2015,5/26/2015,8:31:16,7,29.4,AH0,255,31.3444472,Day,F,L,A,MYSE
151.909,8443,6/3/2015,5/29/2015,8:31:17,7,29.8,AH0,188,32.0924136,Day,F,L,A,MYSE
151.909,8443,6/3/2015,5/30/2015,8:31:17,7,30.2,AH0,173,32.7968664,Day,F,L,A,MYSE
151.909,8443,6/3/2015,5/26/2015,8:31:18,7,29.4,AH0,255,31.3444472,Day,F,L,A,MYSE
151.909,8443,6/3/2015,5/29/2015,8:31:19,7,29.8,AH0,189,32.0924136,Day,F,L,A,MYSE
151.909,8443,6/3/2015,5/30/2015,8:31:19,7,30.2,AH0,174,32.7968664,Day,F,L,A,MYSE
151.909,8443,6/3/2015,5/26/2015,8:31:20,7,29.4,AH0,255,31.3444472,Day,F,L,A,MYSE
151.909,8443,6/3/2015,5/29/2015,8:31:21,7,29.8,AH0,190,32.0924136,Day,F,L,A,MYSE
151.909,8443,6/3/2015,5/30/2015,8:31:21,7,30.2,AH0,176,32.7968664,Day,F,L,A,MYSE
151.909,8443,6/3/2015,5/26/2015,8:31:35,7,29.4,AH0,255,31.3444472,Day,F,L,A,MYSE
151.909,8443,6/3/2015,5/29/2015,8:31:35,7,29.8,AH0,188,32.0924136,Day,F,L,A,MYSE
151.909,8443,6/3/2015,5/30/2015,8:31:35,7,30.1,AH0,176,32.6247633,Day,F,L,A,MYSE
151.909,8443,6/3/2015,5/26/2015,8:31:37,7,29.4,AH0,255,31.3444472,Day,F,L,A,MYSE
151.909,8443,6/3/2015,5/29/2015,8:31:37,7,29.8,AH0,188,32.0924136,Day,F,L,A,MYSE
151.909,8443,6/3/2015,5/30/2015,8:31:37,7,30.1,AH0,179,32.6247633,Day,F,L,A,MYSE
151.909,8443,6/3/2015,5/26/2015,8:31:39,7,29.4,AH0,255,31.3444472,Day,F,L,A,MYSE
151.909,8443,6/3/2015,5/29/2015,8:31:39,7,29.8,AH0,190,32.0924136,Day,F,L,A,MYSE
151.909,8443,6/3/2015,5/30/2015,8:31:39,7,30.1,AH0,177,32.6247633,Day,F,L,A,MYSE
151.909,8443,6/3/2015,5/26/2015,8:31:41,7,29.4,AH0,255,31.3444472,Day,F,L,A,MYSE
151.909,8443,6/3/2015,5/29/2015,8:31:41,7,29.8,AH0,189,32.0924136,Day,F,L,A,MYSE
151.909,8443,6/3/2015,5/30/2015,8:31:41,7,30.1,AH0,178,32.6247633,Day,F,L,A,MYSE
151.909,8443,6/3/2015,5/26/2015,8:31:55,7,29.4,AH0,255,31.3444472,Day,F,L,A,MYSE
151.909,8443,6/3/2015,5/29/2015,8:31:55,7,29.8,AH0,190,32.0924136,Day,F,L,A,MYSE
151.909,8443,6/3/2015,5/30/2015,8:31:55,7,30.1,AH0,177,32.6247633,Day,F,L,A,MYSE
151.909,8443,6/3/2015,5/26/2015,8:31:57,7,29.4,AH0,255,31.3444472,Day,F,L,A,MYSE
151.909,8443,6/3/2015,5/29/2015,8:31:57,7,29.8,AH0,191,32.0924136,Day,F,L,A,MYSE
151.909,8443,6/3/2015,5/30/2015,8:31:57,7,30.1,AH0,181,32.6247633,Day,F,L,A,MYSE
151.909,8443,6/3/2015,5/26/2015,8:31:59,7,29.4,AH0,255,31.3444472,Day,F,L,A,MYSE
151.909,8443,6/3/2015,5/29/2015,8:31:59,7,29.8,AH0,189,32.0924136,Day,F,L,A,MYSE
151.909,8443,6/3/2015,5/30/2015,8:31:59,7,30.1,AH0,180,32.6247633,Day,F,L,A,MYSE
151.909,8443,6/3/2015,5/29/2015,8:32:01,7,29.8,AH0,189,32.0924136,Day,F,L,A,MYSE
151.909,8443,6/3/2015,5/30/2015,8:32:01,7,30.1,AH0,176,32.6247633,Day,F,L,A,MYSE
151.909,8443,6/3/2015,5/26/2015,8:32:14,7,29.3,AH0,255,31.1505081,Day,F,L,A,MYSE
151.909,8443,6/3/2015,5/30/2015,8:32:14,7,30.2,AH0,178,32.7968664,Day,F,L,A,MYSE
151.909,8443,6/3/2015,5/26/2015,8:32:16,7,29.3,AH0,255,31.1505081,Day,F,L,A,MYSE
151.909,8443,6/3/2015,5/29/2015,8:32:16,7,29.8,AH0,190,32.0924136,Day,F,L,A,MYSE
151.909,8443,6/3/2015,5/30/2015,8:32:16,7,30.2,AH0,180,32.7968664,Day,F,L,A,MYSE
151.909,8443,6/3/2015,5/26/2015,8:32:18,7,29.3,AH0,255,31.1505081,Day,F,L,A,MYSE
151.909,8443,6/3/2015,5/29/2015,8:32:18,7,29.8,AH0,191,32.0924136,Day,F,L,A,MYSE
151.909,8443,6/3/2015,5/30/2015,8:32:18,7,30.2,AH0,178,32.7968664,Day,F,L,A,MYSE
151.909,8443,6/3/2015,5/26/2015,8:32:20,7,29.3,AH0,255,31.1505081,Day,F,L,A,MYSE
151.909,8443,6/3/2015,5/29/2015,8:32:20,7,29.8,AH0,183,32.0924136,Day,F,L,A,MYSE
151.909,8443,6/3/2015,5/30/2015,8:32:20,7,30.2,AH0,179,32.7968664,Day,F,L,A,MYSE
151.909,8443,6/3/2015,5/29/2015,8:32:22,7,29.8,AH0,188,32.0924136,Day,F,L,A,MYSE
151.909,8443,6/3/2015,5/26/2015,8:32:34,7,29.3,AH0,255,31.1505081,Day,F,L,A,MYSE
151.909,8443,6/3/2015,5/26/2015,8:32:36,7,29.3,AH0,255,31.1505081,Day,F,L,A,MYSE
151.909,8443,6/3/2015,5/29/2015,8:32:36,7,29.8,AH0,188,32.0924136,Day,F,L,A,MYSE
151.909,8443,6/3/2015,5/30/2015,8:32:36,7,30.2,AH0,174,32.7968664,Day,F,L,A,MYSE
151.909,8443,6/3/2015,5/26/2015,8:32:38,7,29.3,AH0,255,31.1505081,Day,F,L,A,MYSE
151.909,8443,6/3/2015,5/29/2015,8:32:38,7,29.8,AH0,188,32.0924136,Day,F,L,A,MYSE
151.909,8443,6/3/2015,5/30/2015,8:32:38,7,30.2,AH0,177,32.7968664,Day,F,L,A,MYSE
151.909,8443,6/3/2015,5/26/2015,8:32:40,7,29.3,AH0,255,31.1505081,Day,F,L,A,MYSE
151.909,8443,6/3/2015,5/29/2015,8:32:40,7,29.8,AH0,191,32.0924136,Day,F,L,A,MYSE
151.909,8443,6/3/2015,5/30/2015,8:32:40,7,30.2,AH0,177,32.7968664,Day,F,L,A,MYSE
151.909,8443,6/3/2015,5/29/2015,8:32:42,7,29.8,AH0,187,32.0924136,Day,F,L,A,MYSE
151.909,8443,6/3/2015,5/30/2015,8:32:42,7,30.2,AH0,180,32.7968664,Day,F,L,A,MYSE
151.909,8443,6/3/2015,5/26/2015,8:32:54,7,29.3,AH0,255,31.1505081,Day,F,L,A,MYSE
151.909,8443,6/3/2015,5/29/2015,8:32:56,7,29.8,AH0,190,32.0924136,Day,F,L,A,MYSE
151.909,8443,6/3/2015,5/30/2015,8:32:56,7,30.2,AH0,179,32.7968664,Day,F,L,A,MYSE
151.909,8443,6/3/2015,5/26/2015,8:32:57,7,29.3,AH0,255,31.1505081,Day,F,L,A,MYSE
151.909,8443,6/3/2015,5/29/2015,8:32:58,7,29.7,AH0,188,31.9095509,Day,F,L,A,MYSE
151.909,8443,6/3/2015,5/30/2015,8:32:58,7,30.2,AH0,176,32.7968664,Day,F,L,A,MYSE
151.909,8443,6/3/2015,5/26/2015,8:32:59,7,29.3,AH0,255,31.1505081,Day,F,L,A,MYSE
151.909,8443,6/3/2015,5/29/2015,8:33:00,7,29.7,AH0,191,31.9095509,Day,F,L,A,MYSE
151.909,8443,6/3/2015,5/30/2015,8:33:00,7,30.2,AH0,174,32.7968664,Day,F,L,A,MYSE
151.909,8443,6/3/2015,5/26/2015,8:33:01,7,29.3,AH0,255,31.1505081,Day,F,L,A,MYSE
151.909,8443,6/3/2015,5/29/2015,8:33:02,7,29.8,AH0,190,32.0924136,Day,F,L,A,MYSE
151.909,8443,6/3/2015,5/30/2015,8:33:02,7,30.2,AH0,174,32.7968664,Day,F,L,A,MYSE
151.909,8443,6/3/2015,5/26/2015,8:33:15,7,29.2,AH0,255,30.9537504,Day,F,L,A,MYSE
151.909,8443,6/3/2015,5/29/2015,8:33:16,7,29.7,AH0,187,31.9095509,Day,F,L,A,MYSE
151.909,8443,6/3/2015,5/30/2015,8:33:16,7,30.2,AH0,176,32.7968664,Day,F,L,A,MYSE
151.909,8443,6/3/2015,5/26/2015,8:33:17,7,29.2,AH0,255,30.9537504,Day,F,L,A,MYSE
151.909,8443,6/3/2015,5/29/2015,8:33:18,7,29.7,AH0,190,31.9095509,Day,F,L,A,MYSE
151.909,8443,6/3/2015,5/30/2015,8:33:18,7,30.2,AH0,176,32.7968664,Day,F,L,A,MYSE
151.909,8443,6/3/2015,5/26/2015,8:33:19,7,29.2,AH0,255,30.9537504,Day,F,L,A,MYSE
151.909,8443,6/3/2015,5/29/2015,8:33:20,7,29.7,AH0,186,31.9095509,Day,F,L,A,MYSE
151.909,8443,6/3/2015,5/30/2015,8:33:20,7,30.2,AH0,176,32.7968664,Day,F,L,A,MYSE
151.909,8443,6/3/2015,5/29/2015,8:33:22,7,29.7,AH0,187,31.9095509,Day,F,L,A,MYSE
151.909,8443,6/3/2015,5/30/2015,8:33:22,7,30.2,AH0,177,32.7968664,Day,F,L,A,MYSE
151.909,8443,6/3/2015,5/26/2015,8:33:34,7,29.2,AH0,255,30.9537504,Day,F,L,A,MYSE
151.909,8443,6/3/2015,5/26/2015,8:33:36,7,29.2,AH0,255,30.9537504,Day,F,L,A,MYSE
151.909,8443,6/3/2015,5/29/2015,8:33:36,7,29.7,AH0,188,31.9095509,Day,F,L,A,MYSE
151.909,8443,6/3/2015,5/30/2015,8:33:36,7,30.2,AH0,176,32.7968664,Day,F,L,A,MYSE
151.909,8443,6/3/2015,5/26/2015,8:33:38,7,29.2,AH0,255,30.9537504,Day,F,L,A,MYSE
151.909,8443,6/3/2015,5/29/2015,8:33:38,7,29.7,AH0,189,31.9095509,Day,F,L,A,MYSE
151.909,8443,6/3/2015,5/30/2015,8:33:38,7,30.2,AH0,176,32.7968664,Day,F,L,A,MYSE
151.909,8443,6/3/2015,5/26/2015,8:33:40,7,29.2,AH0,255,30.9537504,Day,F,L,A,MYSE
151.909,8443,6/3/2015,5/29/2015,8:33:40,7,29.7,AH0,191,31.9095509,Day,F,L,A,MYSE
151.909,8443,6/3/2015,5/30/2015,8:33:40,7,30.3,AH0,180,32.9663291,Day,F,L,A,MYSE
151.909,8443,6/3/2015,5/29/2015,8:33:42,7,29.7,AH0,190,31.9095509,Day,F,L,A,MYSE
151.909,8443,6/3/2015,5/30/2015,8:33:42,7,30.2,AH0,176,32.7968664,Day,F,L,A,MYSE
151.909,8443,6/3/2015,5/26/2015,8:33:54,7,29.3,AH0,255,31.1505081,Day,F,L,A,MYSE
151.909,8443,6/3/2015,5/26/2015,8:33:56,7,29.3,AH0,255,31.1505081,Day,F,L,A,MYSE
151.909,8443,6/3/2015,5/29/2015,8:33:56,7,29.7,AH0,199,31.9095509,Day,F,L,A,MYSE
151.909,8443,6/3/2015,5/30/2015,8:33:56,7,30.3,AH0,176,32.9663291,Day,F,L,A,MYSE
151.909,8443,6/3/2015,5/26/2015,8:33:58,7,29.3,AH0,255,31.1505081,Day,F,L,A,MYSE
151.909,8443,6/3/2015,5/29/2015,8:33:58,7,29.7,AH0,202,31.9095509,Day,F,L,A,MYSE
151.909,8443,6/3/2015,5/30/2015,8:33:58,7,30.3,AH0,180,32.9663291,Day,F,L,A,MYSE
151.909,8443,6/3/2015,5/26/2015,8:34:00,7,29.3,AH0,254,31.1505081,Day,F,L,A,MYSE
151.909,8443,6/3/2015,5/29/2015,8:34:00,7,29.7,AH0,197,31.9095509,Day,F,L,A,MYSE
151.909,8443,6/3/2015,5/30/2015,8:34:00,7,30.2,AH0,176,32.7968664,Day,F,L,A,MYSE
151.909,8443,6/3/2015,5/29/2015,8:34:02,7,29.8,AH0,158,32.0924136,Day,F,L,A,MYSE
151.909,8443,6/3/2015,5/30/2015,8:34:02,7,30.2,AH0,173,32.7968664,Day,F,L,A,MYSE
151.909,8443,6/3/2015,5/26/2015,8:34:14,7,29.4,AH0,254,31.3444472,Day,F,L,A,MYSE
151.909,8443,6/3/2015,5/30/2015,8:34:16,7,30.2,AH0,176,32.7968664,Day,F,L,A,MYSE
151.909,8443,6/3/2015,5/26/2015,8:34:17,7,29.4,AH0,255,31.3444472,Day,F,L,A,MYSE
151.909,8443,6/3/2015,5/29/2015,8:34:17,7,29.8,AH0,200,32.0924136,Day,F,L,A,MYSE
151.909,8443,6/3/2015,5/30/2015,8:34:18,7,30.2,AH0,176,32.7968664,Day,F,L,A,MYSE
151.909,8443,6/3/2015,5/26/2015,8:34:19,7,29.4,AH0,255,31.3444472,Day,F,L,A,MYSE
151.909,8443,6/3/2015,5/29/2015,8:34:19,7,29.8,AH0,197,32.0924136,Day,F,L,A,MYSE
151.909,8443,6/3/2015,5/30/2015,8:34:20,7,30.2,AH0,174,32.7968664,Day,F,L,A,MYSE
151.909,8443,6/3/2015,5/26/2015,8:34:21,7,29.4,AH0,255,31.3444472,Day,F,L,A,MYSE
151.909,8443,6/3/2015,5/29/2015,8:34:21,7,29.8,AH0,195,32.0924136,Day,F,L,A,MYSE
151.909,8443,6/3/2015,5/30/2015,8:34:22,7,30.2,AH0,177,32.7968664,Day,F,L,A,MYSE
151.909,8443,6/3/2015,5/29/2015,8:34:23,7,29.8,AH0,190,32.0924136,Day,F,L,A,MYSE
151.909,8443,6/3/2015,5/26/2015,8:34:35,7,29.5,AH0,255,31.5355875,Day,F,L,A,MYSE
151.909,8443,6/3/2015,5/30/2015,8:34:36,7,30.2,AH0,178,32.7968664,Day,F,L,A,MYSE
151.909,8443,6/3/2015,5/26/2015,8:34:37,7,29.5,AH0,255,31.5355875,Day,F,L,A,MYSE
151.909,8443,6/3/2015,5/29/2015,8:34:37,7,29.7,AH0,202,31.9095509,Day,F,L,A,MYSE
151.909,8443,6/3/2015,5/30/2015,8:34:38,7,30.3,AH0,177,32.9663291,Day,F,L,A,MYSE
151.909,8443,6/3/2015,5/26/2015,8:34:39,7,29.5,AH0,255,31.5355875,Day,F,L,A,MYSE
151.909,8443,6/3/2015,5/29/2015,8:34:39,7,29.7,AH0,200,31.9095509,Day,F,L,A,MYSE
151.909,8443,6/3/2015,5/30/2015,8:34:40,7,30.2,AH0,176,32.7968664,Day,F,L,A,MYSE
151.909,8443,6/3/2015,5/26/2015,8:34:41,7,29.5,AH0,255,31.5355875,Day,F,L,A,MYSE
151.909,8443,6/3/2015,5/29/2015,8:34:41,7,29.7,AH0,200,31.9095509,Day,F,L,A,MYSE
151.909,8443,6/3/2015,5/30/2015,8:34:41,7,30.2,AH0,176,32.7968664,Day,F,L,A,MYSE
151.909,8443,6/3/2015,5/29/2015,8:34:43,7,29.7,AH0,199,31.9095509,Day,F,L,A,MYSE
151.909,8443,6/3/2015,5/26/2015,8:34:53,7,29.5,AH0,255,31.5355875,Day,F,L,A,MYSE
151.909,8443,6/3/2015,5/26/2015,8:34:55,7,29.5,AH0,255,31.5355875,Day,F,L,A,MYSE
151.909,8443,6/3/2015,5/30/2015,8:34:55,7,30.3,AH0,170,32.9663291,Day,F,L,A,MYSE
151.909,8443,6/3/2015,5/26/2015,8:34:57,7,29.5,AH0,255,31.5355875,Day,F,L,A,MYSE
151.909,8443,6/3/2015,5/29/2015,8:34:57,7,29.7,AH0,197,31.9095509,Day,F,L,A,MYSE
151.909,8443,6/3/2015,5/30/2015,8:34:57,7,30.3,AH0,173,32.9663291,Day,F,L,A,MYSE
151.909,8443,6/3/2015,5/26/2015,8:34:59,7,29.5,AH0,255,31.5355875,Day,F,L,A,MYSE
151.909,8443,6/3/2015,5/29/2015,8:34:59,7,29.7,AH0,196,31.9095509,Day,F,L,A,MYSE
151.909,8443,6/3/2015,5/30/2015,8:34:59,7,30.3,AH0,178,32.9663291,Day,F,L,A,MYSE
151.909,8443,6/3/2015,5/29/2015,8:35:01,7,29.7,AH0,194,31.9095509,Day,F,L,A,MYSE
151.909,8443,6/3/2015,5/30/2015,8:35:01,7,30.3,AH0,176,32.9663291,Day,F,L,A,MYSE
151.909,8443,6/3/2015,5/26/2015,8:35:14,7,29.6,AH0,255,31.7239488,Day,F,L,A,MYSE
151.909,8443,6/3/2015,5/29/2015,8:35:15,7,29.7,AH0,200,31.9095509,Day,F,L,A,MYSE
151.909,8443,6/3/2015,5/30/2015,8:35:15,7,30.2,AH0,175,32.7968664,Day,F,L,A,MYSE
151.909,8443,6/3/2015,5/26/2015,8:35:16,7,29.6,AH0,255,31.7239488,Day,F,L,A,MYSE
151.909,8443,6/3/2015,5/29/2015,8:35:17,7,29.7,AH0,199,31.9095509,Day,F,L,A,MYSE
151.909,8443,6/3/2015,5/30/2015,8:35:17,7,30.2,AH0,174,32.7968664,Day,F,L,A,MYSE
151.909,8443,6/3/2015,5/26/2015,8:35:18,7,29.6,AH0,255,31.7239488,Day,F,L,A,MYSE
151.909,8443,6/3/2015,5/29/2015,8:35:19,7,29.7,AH0,196,31.9095509,Day,F,L,A,MYSE
151.909,8443,6/3/2015,5/30/2015,8:35:19,7,30.2,AH0,177,32.7968664,Day,F,L,A,MYSE
151.909,8443,6/3/2015,5/26/2015,8:35:20,7,29.6,AH0,254,31.7239488,Day,F,L,A,MYSE
151.909,8443,6/3/2015,5/29/2015,8:35:21,7,29.7,AH0,199,31.9095509,Day,F,L,A,MYSE
151.909,8443,6/3/2015,5/30/2015,8:35:21,7,30.2,AH0,176,32.7968664,Day,F,L,A,MYSE
151.909,8443,6/3/2015,5/26/2015,8:35:34,7,29.6,AH0,254,31.7239488,Day,F,L,A,MYSE
151.909,8443,6/3/2015,5/29/2015,8:35:35,7,29.7,AH0,201,31.9095509,Day,F,L,A,MYSE
151.909,8443,6/3/2015,5/30/2015,8:35:35,7,30.2,AH0,173,32.7968664,Day,F,L,A,MYSE
151.909,8443,6/3/2015,5/26/2015,8:35:36,7,29.6,AH0,254,31.7239488,Day,F,L,A,MYSE
151.909,8443,6/3/2015,5/29/2015,8:35:37,7,29.7,AH0,206,31.9095509,Day,F,L,A,MYSE
151.909,8443,6/3/2015,5/30/2015,8:35:37,7,30.2,AH0,180,32.7968664,Day,F,L,A,MYSE
151.909,8443,6/3/2015,5/26/2015,8:35:38,7,29.6,AH0,255,31.7239488,Day,F,L,A,MYSE
151.909,8443,6/3/2015,5/29/2015,8:35:39,7,29.7,AH0,208,31.9095509,Day,F,L,A,MYSE
151.909,8443,6/3/2015,5/30/2015,8:35:39,7,30.2,AH0,173,32.7968664,Day,F,L,A,MYSE
151.909,8443,6/3/2015,5/26/2015,8:35:40,7,29.6,AH0,255,31.7239488,Day,F,L,A,MYSE
151.909,8443,6/3/2015,5/29/2015,8:35:41,7,29.7,AH0,201,31.9095509,Day,F,L,A,MYSE
151.909,8443,6/3/2015,5/30/2015,8:35:41,7,30.2,AH0,172,32.7968664,Day,F,L,A,MYSE
151.909,8443,6/3/2015,5/26/2015,8:35:54,7,29.6,AH0,254,31.7239488,Day,F,L,A,MYSE
151.909,8443,6/3/2015,5/30/2015,8:35:55,7,30.2,AH0,173,32.7968664,Day,F,L,A,MYSE
151.909,8443,6/3/2015,5/26/2015,8:35:56,7,29.6,AH0,254,31.7239488,Day,F,L,A,MYSE
151.909,8443,6/3/2015,5/29/2015,8:35:56,7,29.7,AH0,204,31.9095509,Day,F,L,A,MYSE
151.909,8443,6/3/2015,5/30/2015,8:35:57,7,30.2,AH0,175,32.7968664,Day,F,L,A,MYSE
151.909,8443,6/3/2015,5/26/2015,8:35:58,7,29.6,AH0,255,31.7239488,Day,F,L,A,MYSE
151.909,8443,6/3/2015,5/29/2015,8:35:58,7,29.7,AH0,207,31.9095509,Day,F,L,A,MYSE
151.909,8443,6/3/2015,5/30/2015,8:35:59,7,30.2,AH0,175,32.7968664,Day,F,L,A,MYSE
151.909,8443,6/3/2015,5/26/2015,8:36:00,7,29.6,AH0,255,31.7239488,Day,F,L,A,MYSE
151.909,8443,6/3/2015,5/29/2015,8:36:00,7,29.7,AH0,205,31.9095509,Day,F,L,A,MYSE
151.909,8443,6/3/2015,5/30/2015,8:36:01,7,30.2,AH0,176,32.7968664,Day,F,L,A,MYSE
151.909,8443,6/3/2015,5/29/2015,8:36:02,7,29.7,AH0,205,31.9095509,Day,F,L,A,MYSE
151.909,8443,6/3/2015,5/26/2015,8:36:14,7,29.6,AH0,255,31.7239488,Day,F,L,A,MYSE
151.909,8443,6/3/2015,5/30/2015,8:36:15,7,30.2,AH0,177,32.7968664,Day,F,L,A,MYSE
151.909,8443,6/3/2015,5/26/2015,8:36:16,7,29.6,AH0,255,31.7239488,Day,F,L,A,MYSE
151.909,8443,6/3/2015,5/29/2015,8:36:16,7,29.7,AH0,206,31.9095509,Day,F,L,A,MYSE
151.909,8443,6/3/2015,5/30/2015,8:36:17,7,30.2,AH0,177,32.7968664,Day,F,L,A,MYSE
151.909,8443,6/3/2015,5/26/2015,8:36:18,7,29.6,AH0,255,31.7239488,Day,F,L,A,MYSE
151.909,8443,6/3/2015,5/29/2015,8:36:18,7,29.7,AH0,206,31.9095509,Day,F,L,A,MYSE
151.909,8443,6/3/2015,5/30/2015,8:36:19,7,30.2,AH0,173,32.7968664,Day,F,L,A,MYSE
151.909,8443,6/3/2015,5/26/2015,8:36:20,7,29.6,AH0,255,31.7239488,Day,F,L,A,MYSE
151.909,8443,6/3/2015,5/29/2015,8:36:20,7,29.7,AH0,208,31.9095509,Day,F,L,A,MYSE
151.909,8443,6/3/2015,5/30/2015,8:36:21,7,30.2,AH0,176,32.7968664,Day,F,L,A,MYSE
151.909,8443,6/3/2015,5/29/2015,8:36:22,7,29.7,AH0,206,31.9095509,Day,F,L,A,MYSE
151.909,8443,6/3/2015,5/26/2015,8:36:35,7,29.6,AH0,255,31.7239488,Day,F,L,A,MYSE
151.909,8443,6/3/2015,5/30/2015,8:36:35,7,30.2,AH0,175,32.7968664,Day,F,L,A,MYSE
151.909,8443,6/3/2015,5/29/2015,8:36:36,7,29.7,AH0,199,31.9095509,Day,F,L,A,MYSE
151.909,8443,6/3/2015,5/26/2015,8:36:37,7,29.6,AH0,255,31.7239488,Day,F,L,A,MYSE
151.909,8443,6/3/2015,5/30/2015,8:36:37,7,30.2,AH0,178,32.7968664,Day,F,L,A,MYSE
151.909,8443,6/3/2015,5/29/2015,8:36:38,7,29.7,AH0,201,31.9095509,Day,F,L,A,MYSE
151.909,8443,6/3/2015,5/26/2015,8:36:39,7,29.6,AH0,255,31.7239488,Day,F,L,A,MYSE
151.909,8443,6/3/2015,5/30/2015,8:36:39,7,30.2,AH0,178,32.7968664,Day,F,L,A,MYSE
151.909,8443,6/3/2015,5/29/2015,8:36:40,7,29.7,AH0,199,31.9095509,Day,F,L,A,MYSE
151.909,8443,6/3/2015,5/26/2015,8:36:41,7,29.6,AH0,254,31.7239488,Day,F,L,A,MYSE
151.909,8443,6/3/2015,5/30/2015,8:36:41,7,30.2,AH0,176,32.7968664,Day,F,L,A,MYSE
151.909,8443,6/3/2015,5/29/2015,8:36:42,7,29.6,AH0,198,31.7239488,Day,F,L,A,MYSE
151.909,8443,6/3/2015,5/26/2015,8:36:55,7,29.6,AH0,255,31.7239488,Day,F,L,A,MYSE
151.909,8443,6/3/2015,5/30/2015,8:36:55,7,30.2,AH0,178,32.7968664,Day,F,L,A,MYSE
151.909,8443,6/3/2015,5/29/2015,8:36:56,7,29.6,AH0,199,31.7239488,Day,F,L,A,MYSE
151.909,8443,6/3/2015,5/26/2015,8:36:57,7,29.6,AH0,255,31.7239488,Day,F,L,A,MYSE
151.909,8443,6/3/2015,5/30/2015,8:36:57,7,30.2,AH0,177,32.7968664,Day,F,L,A,MYSE
151.909,8443,6/3/2015,5/29/2015,8:36:58,7,29.6,AH0,197,31.7239488,Day,F,L,A,MYSE
151.909,8443,6/3/2015,5/26/2015,8:36:59,7,29.6,AH0,254,31.7239488,Day,F,L,A,MYSE
151.909,8443,6/3/2015,5/30/2015,8:36:59,7,30.2,AH0,174,32.7968664,Day,F,L,A,MYSE
151.909,8443,6/3/2015,5/29/2015,8:37:00,7,29.6,AH0,198,31.7239488,Day,F,L,A,MYSE
151.909,8443,6/3/2015,5/26/2015,8:37:01,7,29.6,AH0,255,31.7239488,Day,F,L,A,MYSE
151.909,8443,6/3/2015,5/30/2015,8:37:01,7,30.2,AH0,177,32.7968664,Day,F,L,A,MYSE
151.909,8443,6/3/2015,5/29/2015,8:37:02,7,29.6,AH0,197,31.7239488,Day,F,L,A,MYSE
151.909,8443,6/3/2015,5/30/2015,8:37:14,7,30.2,AH0,171,32.7968664,Day,F,L,A,MYSE
151.909,8443,6/3/2015,5/26/2015,8:37:15,7,29.6,AH0,254,31.7239488,Day,F,L,A,MYSE
151.909,8443,6/3/2015,5/30/2015,8:37:16,7,30.2,AH0,177,32.7968664,Day,F,L,A,MYSE
151.909,8443,6/3/2015,5/26/2015,8:37:17,7,29.6,AH0,255,31.7239488,Day,F,L,A,MYSE
151.909,8443,6/3/2015,5/29/2015,8:37:17,7,29.6,AH0,209,31.7239488,Day,F,L,A,MYSE
151.909,8443,6/3/2015,5/30/2015,8:37:18,7,30.2,AH0,176,32.7968664,Day,F,L,A,MYSE
151.909,8443,6/3/2015,5/26/2015,8:37:19,7,29.6,AH0,255,31.7239488,Day,F,L,A,MYSE
151.909,8443,6/3/2015,5/29/2015,8:37:19,7,29.6,AH0,204,31.7239488,Day,F,L,A,MYSE
151.909,8443,6/3/2015,5/30/2015,8:37:20,7,30.2,AH0,179,32.7968664,Day,F,L,A,MYSE
151.909,8443,6/3/2015,5/29/2015,8:37:21,7,29.6,AH0,202,31.7239488,Day,F,L,A,MYSE
151.909,8443,6/3/2015,5/29/2015,8:37:23,7,29.6,AH0,202,31.7239488,Day,F,L,A,MYSE
151.909,8443,6/3/2015,5/26/2015,8:37:33,7,29.6,AH0,255,31.7239488,Day,F,L,A,MYSE
151.909,8443,6/3/2015,5/26/2015,8:37:35,7,29.6,AH0,255,31.7239488,Day,F,L,A,MYSE
151.909,8443,6/3/2015,5/30/2015,8:37:36,7,30.2,AH0,177,32.7968664,Day,F,L,A,MYSE
151.909,8443,6/3/2015,5/26/2015,8:37:37,7,29.6,AH0,254,31.7239488,Day,F,L,A,MYSE
151.909,8443,6/3/2015,5/29/2015,8:37:37,7,29.8,AH0,187,32.0924136,Day,F,L,A,MYSE
151.909,8443,6/3/2015,5/30/2015,8:37:38,7,30.2,AH0,175,32.7968664,Day,F,L,A,MYSE
151.909,8443,6/3/2015,5/26/2015,8:37:39,7,29.6,AH0,255,31.7239488,Day,F,L,A,MYSE
151.909,8443,6/3/2015,5/29/2015,8:37:39,7,29.7,AH0,180,31.9095509,Day,F,L,A,MYSE
151.909,8443,6/3/2015,5/30/2015,8:37:40,7,30.2,AH0,176,32.7968664,Day,F,L,A,MYSE
151.909,8443,6/3/2015,5/29/2015,8:37:41,7,29.8,AH0,176,32.0924136,Day,F,L,A,MYSE
151.909,8443,6/3/2015,5/30/2015,8:37:42,7,30.3,AH0,178,32.9663291,Day,F,L,A,MYSE
151.909,8443,6/3/2015,5/29/2015,8:37:43,7,29.8,AH0,176,32.0924136,Day,F,L,A,MYSE
151.909,8443,6/3/2015,5/26/2015,8:37:54,7,29.6,AH0,255,31.7239488,Day,F,L,A,MYSE
151.909,8443,6/3/2015,5/26/2015,8:37:56,7,29.7,AH0,254,31.9095509,Day,F,L,A,MYSE
151.909,8443,6/3/2015,5/30/2015,8:37:56,7,30.3,AH0,177,32.9663291,Day,F,L,A,MYSE
151.909,8443,6/3/2015,5/29/2015,8:37:57,7,30,AH0,171,32.45,Day,F,L,A,MYSE
151.909,8443,6/3/2015,5/26/2015,8:37:58,7,29.7,AH0,255,31.9095509,Day,F,L,A,MYSE
151.909,8443,6/3/2015,5/30/2015,8:37:58,7,30.2,AH0,172,32.7968664,Day,F,L,A,MYSE
151.909,8443,6/3/2015,5/29/2015,8:37:59,7,30,AH0,169,32.45,Day,F,L,A,MYSE
151.909,8443,6/3/2015,5/26/2015,8:38:00,7,29.7,AH0,254,31.9095509,Day,F,L,A,MYSE
151.909,8443,6/3/2015,5/30/2015,8:38:00,7,30.3,AH0,178,32.9663291,Day,F,L,A,MYSE
151.909,8443,6/3/2015,5/29/2015,8:38:01,7,30,AH0,172,32.45,Day,F,L,A,MYSE
151.909,8443,6/3/2015,5/30/2015,8:38:02,7,30.3,AH0,180,32.9663291,Day,F,L,A,MYSE
151.909,8443,6/3/2015,5/29/2015,8:38:03,7,30,AH0,184,32.45,Day,F,L,A,MYSE
151.909,8443,6/3/2015,5/26/2015,8:38:14,7,29.8,AH0,254,32.0924136,Day,F,L,A,MYSE
151.909,8443,6/3/2015,5/26/2015,8:38:16,7,29.7,AH0,255,31.9095509,Day,F,L,A,MYSE
151.909,8443,6/3/2015,5/30/2015,8:38:16,7,30.2,AH0,178,32.7968664,Day,F,L,A,MYSE
151.909,8443,6/3/2015,5/29/2015,8:38:17,7,30.1,AH0,186,32.6247633,Day,F,L,A,MYSE
151.909,8443,6/3/2015,5/26/2015,8:38:18,7,29.7,AH0,253,31.9095509,Day,F,L,A,MYSE
151.909,8443,6/3/2015,5/30/2015,8:38:18,7,30.3,AH0,178,32.9663291,Day,F,L,A,MYSE
151.909,8443,6/3/2015,5/29/2015,8:38:19,7,30.1,AH0,178,32.6247633,Day,F,L,A,MYSE
151.909,8443,6/3/2015,5/26/2015,8:38:20,7,29.7,AH0,254,31.9095509,Day,F,L,A,MYSE
151.909,8443,6/3/2015,5/30/2015,8:38:20,7,30.3,AH0,180,32.9663291,Day,F,L,A,MYSE
151.909,8443,6/3/2015,5/29/2015,8:38:21,7,30.2,AH0,172,32.7968664,Day,F,L,A,MYSE
151.909,8443,6/3/2015,5/30/2015,8:38:22,7,30.3,AH0,177,32.9663291,Day,F,L,A,MYSE
151.909,8443,6/3/2015,5/29/2015,8:38:23,7,30.2,AH0,170,32.7968664,Day,F,L,A,MYSE
151.909,8443,6/3/2015,5/26/2015,8:38:34,7,29.7,AH0,254,31.9095509,Day,F,L,A,MYSE
151.909,8443,6/3/2015,5/26/2015,8:38:36,7,29.6,AH0,255,31.7239488,Day,F,L,A,MYSE
151.909,8443,6/3/2015,5/30/2015,8:38:36,7,30.2,AH0,175,32.7968664,Day,F,L,A,MYSE
151.909,8443,6/3/2015,5/29/2015,8:38:37,7,29.9,AH0,181,32.2725567,Day,F,L,A,MYSE
151.909,8443,6/3/2015,5/26/2015,8:38:38,7,29.6,AH0,254,31.7239488,Day,F,L,A,MYSE
151.909,8443,6/3/2015,5/30/2015,8:38:38,7,30.2,AH0,177,32.7968664,Day,F,L,A,MYSE
151.909,8443,6/3/2015,5/29/2015,8:38:39,7,29.9,AH0,178,32.2725567,Day,F,L,A,MYSE
151.909,8443,6/3/2015,5/26/2015,8:38:40,7,29.6,AH0,253,31.7239488,Day,F,L,A,MYSE
151.909,8443,6/3/2015,5/30/2015,8:38:40,7,30.2,AH0,177,32.7968664,Day,F,L,A,MYSE
151.909,8443,6/3/2015,5/29/2015,8:38:41,7,29.9,AH0,180,32.2725567,Day,F,L,A,MYSE
151.909,8443,6/3/2015,5/30/2015,8:38:42,7,30.2,AH0,175,32.7968664,Day,F,L,A,MYSE
151.909,8443,6/3/2015,5/29/2015,8:38:43,7,29.9,AH0,182,32.2725567,Day,F,L,A,MYSE
151.909,8443,6/3/2015,5/26/2015,8:38:54,7,29.5,AH0,254,31.5355875,Day,F,L,A,MYSE
151.909,8443,6/3/2015,5/26/2015,8:38:56,7,29.5,AH0,255,31.5355875,Day,F,L,A,MYSE
151.909,8443,6/3/2015,5/30/2015,8:38:56,7,30.2,AH0,178,32.7968664,Day,F,L,A,MYSE
151.909,8443,6/3/2015,5/29/2015,8:38:57,7,29.7,AH0,171,31.9095509,Day,F,L,A,MYSE
151.909,8443,6/3/2015,5/26/2015,8:38:58,7,29.4,AH0,254,31.3444472,Day,F,L,A,MYSE
151.909,8443,6/3/2015,5/30/2015,8:38:58,7,30.2,AH0,178,32.7968664,Day,F,L,A,MYSE
151.909,8443,6/3/2015,5/29/2015,8:38:59,7,29.7,AH0,181,31.9095509,Day,F,L,A,MYSE
151.909,8443,6/3/2015,5/26/2015,8:39:00,7,29.4,AH0,255,31.3444472,Day,F,L,A,MYSE
151.909,8443,6/3/2015,5/30/2015,8:39:00,7,30.2,AH0,177,32.7968664,Day,F,L,A,MYSE
151.909,8443,6/3/2015,5/29/2015,8:39:01,7,29.6,AH0,175,31.7239488,Day,F,L,A,MYSE
151.909,8443,6/3/2015,5/30/2015,8:39:02,7,30.2,AH0,178,32.7968664,Day,F,L,A,MYSE
151.909,8443,6/3/2015,5/26/2015,8:39:15,7,29.3,AH0,254,31.1505081,Day,F,L,A,MYSE
151.909,8443,6/3/2015,5/29/2015,8:39:15,7,29.5,AH0,174,31.5355875,Day,F,L,A,MYSE
151.909,8443,6/3/2015,5/30/2015,8:39:16,7,30.2,AH0,179,32.7968664,Day,F,L,A,MYSE
151.909,8443,6/3/2015,5/26/2015,8:39:17,7,29.3,AH0,255,31.1505081,Day,F,L,A,MYSE
151.909,8443,6/3/2015,5/29/2015,8:39:17,7,29.5,AH0,170,31.5355875,Day,F,L,A,MYSE
151.909,8443,6/3/2015,5/30/2015,8:39:18,7,30.2,AH0,177,32.7968664,Day,F,L,A,MYSE
151.909,8443,6/3/2015,5/26/2015,8:39:19,7,29.3,AH0,255,31.1505081,Day,F,L,A,MYSE
151.909,8443,6/3/2015,5/29/2015,8:39:19,7,29.5,AH0,172,31.5355875,Day,F,L,A,MYSE
151.909,8443,6/3/2015,5/30/2015,8:39:19,7,30.2,AH0,176,32.7968664,Day,F,L,A,MYSE
151.909,8443,6/3/2015,5/26/2015,8:39:21,7,29.3,AH0,254,31.1505081,Day,F,L,A,MYSE
151.909,8443,6/3/2015,5/29/2015,8:39:21,7,29.5,AH0,178,31.5355875,Day,F,L,A,MYSE
151.909,8443,6/3/2015,5/30/2015,8:39:21,7,30.2,AH0,176,32.7968664,Day,F,L,A,MYSE
151.909,8443,6/3/2015,5/26/2015,8:39:33,7,29.2,AH0,254,30.9537504,Day,F,L,A,MYSE
151.909,8443,6/3/2015,5/26/2015,8:39:35,7,29.2,AH0,255,30.9537504,Day,F,L,A,MYSE
151.909,8443,6/3/2015,5/30/2015,8:39:35,7,30.2,AH0,180,32.7968664,Day,F,L,A,MYSE
151.909,8443,6/3/2015,5/29/2015,8:39:36,7,29.4,AH0,177,31.3444472,Day,F,L,A,MYSE
151.909,8443,6/3/2015,5/26/2015,8:39:37,7,29.2,AH0,255,30.9537504,Day,F,L,A,MYSE
151.909,8443,6/3/2015,5/30/2015,8:39:37,7,30.2,AH0,178,32.7968664,Day,F,L,A,MYSE
151.909,8443,6/3/2015,5/29/2015,8:39:38,7,29.4,AH0,176,31.3444472,Day,F,L,A,MYSE
151.909,8443,6/3/2015,5/26/2015,8:39:39,7,29.2,AH0,255,30.9537504,Day,F,L,A,MYSE
151.909,8443,6/3/2015,5/30/2015,8:39:39,7,30.2,AH0,178,32.7968664,Day,F,L,A,MYSE
151.909,8443,6/3/2015,5/29/2015,8:39:40,7,29.4,AH0,172,31.3444472,Day,F,L,A,MYSE
151.909,8443,6/3/2015,5/30/2015,8:39:41,7,30.2,AH0,178,32.7968664,Day,F,L,A,MYSE
151.909,8443,6/3/2015,5/29/2015,8:39:42,7,29.4,AH0,174,31.3444472,Day,F,L,A,MYSE
151.909,8443,6/3/2015,5/26/2015,8:39:54,7,29.1,AH0,255,30.7541543,Day,F,L,A,MYSE
151.909,8443,6/3/2015,5/30/2015,8:39:55,7,30.2,AH0,179,32.7968664,Day,F,L,A,MYSE
151.909,8443,6/3/2015,5/26/2015,8:39:56,7,29.1,AH0,255,30.7541543,Day,F,L,A,MYSE
151.909,8443,6/3/2015,5/29/2015,8:39:56,7,29.4,AH0,171,31.3444472,Day,F,L,A,MYSE
151.909,8443,6/3/2015,5/30/2015,8:39:57,7,30.2,AH0,176,32.7968664,Day,F,L,A,MYSE
151.909,8443,6/3/2015,5/26/2015,8:39:58,7,29.1,AH0,255,30.7541543,Day,F,L,A,MYSE
151.909,8443,6/3/2015,5/29/2015,8:39:58,7,29.4,AH0,177,31.3444472,Day,F,L,A,MYSE
151.909,8443,6/3/2015,5/30/2015,8:39:59,7,30.2,AH0,176,32.7968664,Day,F,L,A,MYSE
151.909,8443,6/3/2015,5/26/2015,8:40:00,7,29,AH0,254,30.5517,Day,F,L,A,MYSE
151.909,8443,6/3/2015,5/29/2015,8:40:00,7,29.4,AH0,175,31.3444472,Day,F,L,A,MYSE
151.909,8443,6/3/2015,5/30/2015,8:40:01,7,30.3,AH0,180,32.9663291,Day,F,L,A,MYSE
151.909,8443,6/3/2015,5/29/2015,8:40:02,7,29.4,AH0,171,31.3444472,Day,F,L,A,MYSE
151.909,8443,6/3/2015,5/26/2015,8:40:14,7,28.9,AH0,255,30.3463677,Day,F,L,A,MYSE
151.909,8443,6/3/2015,5/30/2015,8:40:15,7,30.3,AH0,177,32.9663291,Day,F,L,A,MYSE
151.909,8443,6/3/2015,5/29/2015,8:40:16,7,29.3,AH0,178,31.1505081,Day,F,L,A,MYSE
151.909,8443,6/3/2015,5/26/2015,8:40:17,7,28.9,AH0,255,30.3463677,Day,F,L,A,MYSE
151.909,8443,6/3/2015,5/30/2015,8:40:17,7,30.3,AH0,178,32.9663291,Day,F,L,A,MYSE
151.909,8443,6/3/2015,5/29/2015,8:40:18,7,29.3,AH0,174,31.1505081,Day,F,L,A,MYSE
151.909,8443,6/3/2015,5/26/2015,8:40:19,7,28.9,AH0,255,30.3463677,Day,F,L,A,MYSE
151.909,8443,6/3/2015,5/30/2015,8:40:19,7,30.3,AH0,179,32.9663291,Day,F,L,A,MYSE
151.909,8443,6/3/2015,5/29/2015,8:40:20,7,29.3,AH0,176,31.1505081,Day,F,L,A,MYSE
151.909,8443,6/3/2015,5/26/2015,8:40:21,7,28.9,AH0,255,30.3463677,Day,F,L,A,MYSE
151.909,8443,6/3/2015,5/30/2015,8:40:21,7,30.3,AH0,178,32.9663291,Day,F,L,A,MYSE
151.909,8443,6/3/2015,5/29/2015,8:40:23,7,29.3,AH0,176,31.1505081,Day,F,L,A,MYSE
151.909,8443,6/3/2015,5/26/2015,8:40:33,7,28.8,AH0,254,30.1381376,Day,F,L,A,MYSE
151.909,8443,6/3/2015,5/26/2015,8:40:35,7,28.8,AH0,255,30.1381376,Day,F,L,A,MYSE
151.909,8443,6/3/2015,5/30/2015,8:40:35,7,30.3,AH0,177,32.9663291,Day,F,L,A,MYSE
151.909,8443,6/3/2015,5/26/2015,8:40:37,7,28.8,AH0,254,30.1381376,Day,F,L,A,MYSE
151.909,8443,6/3/2015,5/29/2015,8:40:37,7,29.3,AH0,166,31.1505081,Day,F,L,A,MYSE
151.909,8443,6/3/2015,5/30/2015,8:40:37,7,30.3,AH0,181,32.9663291,Day,F,L,A,MYSE
151.909,8443,6/3/2015,5/26/2015,8:40:39,7,28.8,AH0,255,30.1381376,Day,F,L,A,MYSE
151.909,8443,6/3/2015,5/29/2015,8:40:39,7,29.3,AH0,170,31.1505081,Day,F,L,A,MYSE
151.909,8443,6/3/2015,5/30/2015,8:40:39,7,30.3,AH0,178,32.9663291,Day,F,L,A,MYSE
151.909,8443,6/3/2015,5/29/2015,8:40:41,7,29.3,AH0,172,31.1505081,Day,F,L,A,MYSE
151.909,8443,6/3/2015,5/30/2015,8:40:41,7,30.3,AH0,176,32.9663291,Day,F,L,A,MYSE
151.909,8443,6/3/2015,5/26/2015,8:40:54,7,28.7,AH0,255,29.9269899,Day,F,L,A,MYSE
151.909,8443,6/3/2015,5/29/2015,8:40:55,7,29.3,AH0,178,31.1505081,Day,F,L,A,MYSE
151.909,8443,6/3/2015,5/30/2015,8:40:55,7,30.3,AH0,176,32.9663291,Day,F,L,A,MYSE
151.909,8443,6/3/2015,5/26/2015,8:40:56,7,28.7,AH0,255,29.9269899,Day,F,L,A,MYSE
151.909,8443,6/3/2015,5/29/2015,8:40:57,7,29.3,AH0,179,31.1505081,Day,F,L,A,MYSE
151.909,8443,6/3/2015,5/30/2015,8:40:57,7,30.3,AH0,176,32.9663291,Day,F,L,A,MYSE
151.909,8443,6/3/2015,5/26/2015,8:40:58,7,28.7,AH0,255,29.9269899,Day,F,L,A,MYSE
151.909,8443,6/3/2015,5/29/2015,8:40:59,7,29.3,AH0,176,31.1505081,Day,F,L,A,MYSE
151.909,8443,6/3/2015,5/30/2015,8:40:59,7,30.3,AH0,180,32.9663291,Day,F,L,A,MYSE
151.909,8443,6/3/2015,5/26/2015,8:41:00,7,28.7,AH0,255,29.9269899,Day,F,L,A,MYSE
151.909,8443,6/3/2015,5/29/2015,8:41:01,7,29.3,AH0,178,31.1505081,Day,F,L,A,MYSE
151.909,8443,6/3/2015,5/30/2015,8:41:01,7,30.3,AH0,177,32.9663291,Day,F,L,A,MYSE
151.909,8443,6/3/2015,5/30/2015,8:41:14,7,30.3,AH0,180,32.9663291,Day,F,L,A,MYSE
151.909,8443,6/3/2015,5/26/2015,8:41:15,7,28.6,AH0,255,29.7129048,Day,F,L,A,MYSE
151.909,8443,6/3/2015,5/29/2015,8:41:16,7,29.3,AH0,176,31.1505081,Day,F,L,A,MYSE
151.909,8443,6/3/2015,5/30/2015,8:41:16,7,30.3,AH0,180,32.9663291,Day,F,L,A,MYSE
151.909,8443,6/3/2015,5/26/2015,8:41:17,7,28.6,AH0,255,29.7129048,Day,F,L,A,MYSE
151.909,8443,6/3/2015,5/29/2015,8:41:18,7,29.3,AH0,171,31.1505081,Day,F,L,A,MYSE
151.909,8443,6/3/2015,5/30/2015,8:41:18,7,30.3,AH0,180,32.9663291,Day,F,L,A,MYSE
151.909,8443,6/3/2015,5/26/2015,8:41:19,7,28.6,AH0,255,29.7129048,Day,F,L,A,MYSE
151.909,8443,6/3/2015,5/29/2015,8:41:20,7,29.3,AH0,174,31.1505081,Day,F,L,A,MYSE
151.909,8443,6/3/2015,5/30/2015,8:41:20,7,30.3,AH0,175,32.9663291,Day,F,L,A,MYSE
151.909,8443,6/3/2015,5/29/2015,8:41:22,7,29.3,AH0,176,31.1505081,Day,F,L,A,MYSE
151.909,8443,6/3/2015,5/26/2015,8:41:34,7,28.6,AH0,255,29.7129048,Day,F,L,A,MYSE
151.909,8443,6/3/2015,5/26/2015,8:41:36,7,28.5,AH0,255,29.4958625,Day,F,L,A,MYSE
151.909,8443,6/3/2015,5/29/2015,8:41:36,7,29.3,AH0,175,31.1505081,Day,F,L,A,MYSE
151.909,8443,6/3/2015,5/30/2015,8:41:36,7,30.4,AH0,176,33.1331712,Day,F,L,A,MYSE
151.909,8443,6/3/2015,5/26/2015,8:41:38,7,28.5,AH0,255,29.4958625,Day,F,L,A,MYSE
151.909,8443,6/3/2015,5/29/2015,8:41:38,7,29.3,AH0,174,31.1505081,Day,F,L,A,MYSE
151.909,8443,6/3/2015,5/30/2015,8:41:38,7,30.4,AH0,175,33.1331712,Day,F,L,A,MYSE
151.909,8443,6/3/2015,5/26/2015,8:41:40,7,28.5,AH0,255,29.4958625,Day,F,L,A,MYSE
151.909,8443,6/3/2015,5/29/2015,8:41:40,7,29.2,AH0,178,30.9537504,Day,F,L,A,MYSE
151.909,8443,6/3/2015,5/30/2015,8:41:40,7,30.4,AH0,178,33.1331712,Day,F,L,A,MYSE
151.909,8443,6/3/2015,5/29/2015,8:41:42,7,29.3,AH0,174,31.1505081,Day,F,L,A,MYSE
151.909,8443,6/3/2015,5/30/2015,8:41:42,7,30.4,AH0,175,33.1331712,Day,F,L,A,MYSE
151.909,8443,6/3/2015,5/26/2015,8:41:55,7,28.5,AH0,255,29.4958625,Day,F,L,A,MYSE
151.909,8443,6/3/2015,5/30/2015,8:41:56,7,30.4,AH0,176,33.1331712,Day,F,L,A,MYSE
151.909,8443,6/3/2015,5/26/2015,8:41:57,7,28.5,AH0,255,29.4958625,Day,F,L,A,MYSE
151.909,8443,6/3/2015,5/29/2015,8:41:57,7,29.2,AH0,169,30.9537504,Day,F,L,A,MYSE
151.909,8443,6/3/2015,5/30/2015,8:41:58,7,30.4,AH0,178,33.1331712,Day,F,L,A,MYSE
151.909,8443,6/3/2015,5/26/2015,8:41:59,7,28.5,AH0,255,29.4958625,Day,F,L,A,MYSE
151.909,8443,6/3/2015,5/29/2015,8:41:59,7,29.2,AH0,174,30.9537504,Day,F,L,A,MYSE
151.909,8443,6/3/2015,5/30/2015,8:42:00,7,30.4,AH0,175,33.1331712,Day,F,L,A,MYSE
151.909,8443,6/3/2015,5/29/2015,8:42:01,7,29.2,AH0,171,30.9537504,Day,F,L,A,MYSE
151.909,8443,6/3/2015,5/30/2015,8:42:02,7,30.4,AH0,179,33.1331712,Day,F,L,A,MYSE
151.909,8443,6/3/2015,5/26/2015,8:42:14,7,28.5,AH0,255,29.4958625,Day,F,L,A,MYSE
151.909,8443,6/3/2015,5/29/2015,8:42:15,7,29.2,AH0,173,30.9537504,Day,F,L,A,MYSE
151.909,8443,6/3/2015,5/26/2015,8:42:16,7,28.5,AH0,255,29.4958625,Day,F,L,A,MYSE
151.909,8443,6/3/2015,5/30/2015,8:42:16,7,30.4,AH0,179,33.1331712,Day,F,L,A,MYSE
151.909,8443,6/3/2015,5/29/2015,8:42:17,7,29.2,AH0,172,30.9537504,Day,F,L,A,MYSE
151.909,8443,6/3/2015,5/26/2015,8:42:18,7,28.5,AH0,255,29.4958625,Day,F,L,A,MYSE
151.909,8443,6/3/2015,5/30/2015,8:42:18,7,30.4,AH0,179,33.1331712,Day,F,L,A,MYSE
151.909,8443,6/3/2015,5/29/2015,8:42:19,7,29.2,AH0,175,30.9537504,Day,F,L,A,MYSE
151.909,8443,6/3/2015,5/26/2015,8:42:20,7,28.5,AH0,255,29.4958625,Day,F,L,A,MYSE
151.909,8443,6/3/2015,5/30/2015,8:42:20,7,30.4,AH0,179,33.1331712,Day,F,L,A,MYSE
151.909,8443,6/3/2015,5/29/2015,8:42:21,7,29.2,AH0,173,30.9537504,Day,F,L,A,MYSE
151.909,8443,6/3/2015,5/30/2015,8:42:22,7,30.4,AH0,180,33.1331712,Day,F,L,A,MYSE
151.909,8443,6/3/2015,5/26/2015,8:42:35,7,28.4,AH0,255,29.2758432,Day,F,L,A,MYSE
151.909,8443,6/3/2015,5/30/2015,8:42:35,7,30.5,AH0,179,33.2974125,Day,F,L,A,MYSE
151.909,8443,6/3/2015,5/29/2015,8:42:36,7,29.2,AH0,170,30.9537504,Day,F,L,A,MYSE
151.909,8443,6/3/2015,5/26/2015,8:42:37,7,28.4,AH0,255,29.2758432,Day,F,L,A,MYSE
151.909,8443,6/3/2015,5/30/2015,8:42:37,7,30.5,AH0,175,33.2974125,Day,F,L,A,MYSE
151.909,8443,6/3/2015,5/29/2015,8:42:38,7,29.2,AH0,171,30.9537504,Day,F,L,A,MYSE
151.909,8443,6/3/2015,5/26/2015,8:42:39,7,28.4,AH0,255,29.2758432,Day,F,L,A,MYSE
151.909,8443,6/3/2015,5/30/2015,8:42:39,7,30.4,AH0,179,33.1331712,Day,F,L,A,MYSE
151.909,8443,6/3/2015,5/29/2015,8:42:40,7,29.2,AH0,171,30.9537504,Day,F,L,A,MYSE
151.909,8443,6/3/2015,5/30/2015,8:42:41,7,30.5,AH0,178,33.2974125,Day,F,L,A,MYSE
151.909,8443,6/3/2015,5/29/2015,8:42:42,7,29.2,AH0,171,30.9537504,Day,F,L,A,MYSE
151.909,8443,6/3/2015,5/26/2015,8:42:54,7,28.4,AH0,255,29.2758432,Day,F,L,A,MYSE
151.909,8443,6/3/2015,5/30/2015,8:42:55,7,30.5,AH0,180,33.2974125,Day,F,L,A,MYSE
151.909,8443,6/3/2015,5/26/2015,8:42:56,7,28.4,AH0,255,29.2758432,Day,F,L,A,MYSE
151.909,8443,6/3/2015,5/29/2015,8:42:56,7,29.2,AH0,169,30.9537504,Day,F,L,A,MYSE
151.909,8443,6/3/2015,5/30/2015,8:42:57,7,30.5,AH0,177,33.2974125,Day,F,L,A,MYSE
151.909,8443,6/3/2015,5/26/2015,8:42:58,7,28.4,AH0,255,29.2758432,Day,F,L,A,MYSE
151.909,8443,6/3/2015,5/29/2015,8:42:58,7,29.2,AH0,172,30.9537504,Day,F,L,A,MYSE
151.909,8443,6/3/2015,5/30/2015,8:42:59,7,30.5,AH0,175,33.2974125,Day,F,L,A,MYSE
151.909,8443,6/3/2015,5/26/2015,8:43:00,7,28.4,AH0,255,29.2758432,Day,F,L,A,MYSE
151.909,8443,6/3/2015,5/29/2015,8:43:00,7,29.2,AH0,174,30.9537504,Day,F,L,A,MYSE
151.909,8443,6/3/2015,5/30/2015,8:43:01,7,30.5,AH0,181,33.2974125,Day,F,L,A,MYSE
151.909,8443,6/3/2015,5/29/2015,8:43:03,7,29.2,AH0,170,30.9537504,Day,F,L,A,MYSE
151.909,8443,6/3/2015,5/26/2015,8:43:15,7,28.4,AH0,255,29.2758432,Day,F,L,A,MYSE
151.909,8443,6/3/2015,5/30/2015,8:43:15,7,30.5,AH0,180,33.2974125,Day,F,L,A,MYSE
151.909,8443,6/3/2015,5/26/2015,8:43:17,7,28.4,AH0,255,29.2758432,Day,F,L,A,MYSE
151.909,8443,6/3/2015,5/29/2015,8:43:17,7,29.2,AH0,171,30.9537504,Day,F,L,A,MYSE
151.909,8443,6/3/2015,5/30/2015,8:43:17,7,30.5,AH0,180,33.2974125,Day,F,L,A,MYSE
151.909,8443,6/3/2015,5/26/2015,8:43:19,7,28.4,AH0,255,29.2758432,Day,F,L,A,MYSE
151.909,8443,6/3/2015,5/29/2015,8:43:19,7,29.2,AH0,165,30.9537504,Day,F,L,A,MYSE
151.909,8443,6/3/2015,5/30/2015,8:43:19,7,30.5,AH0,176,33.2974125,Day,F,L,A,MYSE
151.909,8443,6/3/2015,5/29/2015,8:43:21,7,29.2,AH0,167,30.9537504,Day,F,L,A,MYSE
151.909,8443,6/3/2015,5/30/2015,8:43:21,7,30.5,AH0,181,33.2974125,Day,F,L,A,MYSE
151.909,8443,6/3/2015,5/26/2015,8:43:34,7,28.4,AH0,255,29.2758432,Day,F,L,A,MYSE
151.909,8443,6/3/2015,5/30/2015,8:43:34,7,30.5,AH0,177,33.2974125,Day,F,L,A,MYSE
151.909,8443,6/3/2015,5/29/2015,8:43:35,7,29.1,AH0,166,30.7541543,Day,F,L,A,MYSE
151.909,8443,6/3/2015,5/26/2015,8:43:36,7,28.4,AH0,255,29.2758432,Day,F,L,A,MYSE
151.909,8443,6/3/2015,5/30/2015,8:43:36,7,30.5,AH0,180,33.2974125,Day,F,L,A,MYSE
151.909,8443,6/3/2015,5/26/2015,8:43:38,7,28.4,AH0,255,29.2758432,Day,F,L,A,MYSE
151.909,8443,6/3/2015,5/29/2015,8:43:38,7,29.1,AH0,167,30.7541543,Day,F,L,A,MYSE
151.909,8443,6/3/2015,5/30/2015,8:43:38,7,30.5,AH0,179,33.2974125,Day,F,L,A,MYSE
151.909,8443,6/3/2015,5/26/2015,8:43:40,7,28.4,AH0,255,29.2758432,Day,F,L,A,MYSE
151.909,8443,6/3/2015,5/29/2015,8:43:40,7,29.1,AH0,164,30.7541543,Day,F,L,A,MYSE
151.909,8443,6/3/2015,5/30/2015,8:43:40,7,30.5,AH0,180,33.2974125,Day,F,L,A,MYSE
151.909,8443,6/3/2015,5/29/2015,8:43:42,7,29.1,AH0,167,30.7541543,Day,F,L,A,MYSE
151.909,8443,6/3/2015,5/26/2015,8:43:53,7,28.3,AH0,255,29.0528271,Day,F,L,A,MYSE
151.909,8443,6/3/2015,5/26/2015,8:43:55,7,28.3,AH0,255,29.0528271,Day,F,L,A,MYSE
151.909,8443,6/3/2015,5/29/2015,8:43:56,7,29.1,AH0,165,30.7541543,Day,F,L,A,MYSE
151.909,8443,6/3/2015,5/30/2015,8:43:56,7,30.6,AH0,181,33.4590728,Day,F,L,A,MYSE
151.909,8443,6/3/2015,5/26/2015,8:43:57,7,28.3,AH0,255,29.0528271,Day,F,L,A,MYSE
151.909,8443,6/3/2015,5/29/2015,8:43:58,7,29.1,AH0,161,30.7541543,Day,F,L,A,MYSE
151.909,8443,6/3/2015,5/30/2015,8:43:58,7,30.6,AH0,181,33.4590728,Day,F,L,A,MYSE
151.909,8443,6/3/2015,5/26/2015,8:43:59,7,28.3,AH0,255,29.0528271,Day,F,L,A,MYSE
151.909,8443,6/3/2015,5/29/2015,8:44:00,7,29.1,AH0,165,30.7541543,Day,F,L,A,MYSE
151.909,8443,6/3/2015,5/30/2015,8:44:00,7,30.6,AH0,182,33.4590728,Day,F,L,A,MYSE
151.909,8443,6/3/2015,5/29/2015,8:44:02,7,29.1,AH0,166,30.7541543,Day,F,L,A,MYSE
151.909,8443,6/3/2015,5/30/2015,8:44:02,7,30.6,AH0,181,33.4590728,Day,F,L,A,MYSE
151.909,8443,6/3/2015,5/26/2015,8:44:14,7,28.3,AH0,255,29.0528271,Day,F,L,A,MYSE
151.909,8443,6/3/2015,5/26/2015,8:44:16,7,28.3,AH0,255,29.0528271,Day,F,L,A,MYSE
151.909,8443,6/3/2015,5/30/2015,8:44:16,7,30.6,AH0,181,33.4590728,Day,F,L,A,MYSE
151.909,8443,6/3/2015,5/29/2015,8:44:17,7,29,AH0,159,30.5517,Day,F,L,A,MYSE
151.909,8443,6/3/2015,5/30/2015,8:44:18,7,30.6,AH0,182,33.4590728,Day,F,L,A,MYSE
151.909,8443,6/3/2015,5/26/2015,8:44:19,7,28.3,AH0,255,29.0528271,Day,F,L,A,MYSE
151.909,8443,6/3/2015,5/29/2015,8:44:19,7,29,AH0,165,30.5517,Day,F,L,A,MYSE
151.909,8443,6/3/2015,5/30/2015,8:44:20,7,30.6,AH0,178,33.4590728,Day,F,L,A,MYSE
151.909,8443,6/3/2015,5/26/2015,8:44:21,7,28.3,AH0,255,29.0528271,Day,F,L,A,MYSE
151.909,8443,6/3/2015,5/29/2015,8:44:21,7,29,AH0,167,30.5517,Day,F,L,A,MYSE
151.909,8443,6/3/2015,5/30/2015,8:44:22,7,30.6,AH0,181,33.4590728,Day,F,L,A,MYSE
151.909,8443,6/3/2015,5/26/2015,8:44:33,7,28.3,AH0,254,29.0528271,Day,F,L,A,MYSE
151.909,8443,6/3/2015,5/29/2015,8:44:35,7,29,AH0,161,30.5517,Day,F,L,A,MYSE
151.909,8443,6/3/2015,5/30/2015,8:44:35,7,30.6,AH0,180,33.4590728,Day,F,L,A,MYSE
151.909,8443,6/3/2015,5/26/2015,8:44:36,7,28.3,AH0,255,29.0528271,Day,F,L,A,MYSE
151.909,8443,6/3/2015,5/29/2015,8:44:37,7,29,AH0,162,30.5517,Day,F,L,A,MYSE
151.909,8443,6/3/2015,5/30/2015,8:44:37,7,30.6,AH0,182,33.4590728,Day,F,L,A,MYSE
151.909,8443,6/3/2015,5/26/2015,8:44:38,7,28.3,AH0,255,29.0528271,Day,F,L,A,MYSE
151.909,8443,6/3/2015,5/30/2015,8:44:39,7,30.6,AH0,181,33.4590728,Day,F,L,A,MYSE
151.909,8443,6/3/2015,5/26/2015,8:44:40,7,28.3,AH0,255,29.0528271,Day,F,L,A,MYSE
151.909,8443,6/3/2015,5/29/2015,8:44:40,7,29,AH0,159,30.5517,Day,F,L,A,MYSE
151.909,8443,6/3/2015,5/30/2015,8:44:41,7,30.6,AH0,180,33.4590728,Day,F,L,A,MYSE
151.909,8443,6/3/2015,5/29/2015,8:44:42,7,29,AH0,151,30.5517,Day,F,L,A,MYSE
151.909,8443,6/3/2015,5/26/2015,8:44:55,7,28.2,AH0,255,28.8267944,Day,F,L,A,MYSE
151.909,8443,6/3/2015,5/30/2015,8:44:55,7,30.6,AH0,181,33.4590728,Day,F,L,A,MYSE
151.909,8443,6/3/2015,5/29/2015,8:44:56,7,29,AH0,153,30.5517,Day,F,L,A,MYSE
151.909,8443,6/3/2015,5/26/2015,8:44:57,7,28.2,AH0,255,28.8267944,Day,F,L,A,MYSE
151.909,8443,6/3/2015,5/30/2015,8:44:57,7,30.6,AH0,179,33.4590728,Day,F,L,A,MYSE
151.909,8443,6/3/2015,5/29/2015,8:44:58,7,29,AH0,174,30.5517,Day,F,L,A,MYSE
151.909,8443,6/3/2015,5/26/2015,8:44:59,7,28.2,AH0,255,28.8267944,Day,F,L,A,MYSE
151.909,8443,6/3/2015,5/30/2015,8:44:59,7,30.6,AH0,181,33.4590728,Day,F,L,A,MYSE
151.909,8443,6/3/2015,5/29/2015,8:45:00,7,29,AH0,152,30.5517,Day,F,L,A,MYSE
151.909,8443,6/3/2015,5/30/2015,8:45:01,7,30.6,AH0,176,33.4590728,Day,F,L,A,MYSE
151.909,8443,6/3/2015,5/29/2015,8:45:02,7,29,AH0,148,30.5517,Day,F,L,A,MYSE
151.909,8443,6/3/2015,5/26/2015,8:45:14,7,28.2,AH0,255,28.8267944,Day,F,L,A,MYSE
151.909,8443,6/3/2015,5/30/2015,8:45:15,7,30.7,AH0,178,33.6181719,Day,F,L,A,MYSE
151.909,8443,6/3/2015,5/26/2015,8:45:16,7,28.2,AH0,255,28.8267944,Day,F,L,A,MYSE
151.909,8443,6/3/2015,5/30/2015,8:45:16,7,30.7,AH0,178,33.6181719,Day,F,L,A,MYSE
151.909,8443,6/3/2015,5/29/2015,8:45:17,7,29,AH0,146,30.5517,Day,F,L,A,MYSE
151.909,8443,6/3/2015,5/26/2015,8:45:18,7,28.2,AH0,255,28.8267944,Day,F,L,A,MYSE
151.909,8443,6/3/2015,5/30/2015,8:45:18,7,30.7,AH0,179,33.6181719,Day,F,L,A,MYSE
151.909,8443,6/3/2015,5/29/2015,8:45:19,7,29,AH0,151,30.5517,Day,F,L,A,MYSE
151.909,8443,6/3/2015,5/26/2015,8:45:20,7,28.2,AH0,255,28.8267944,Day,F,L,A,MYSE
151.909,8443,6/3/2015,5/30/2015,8:45:20,7,30.6,AH0,177,33.4590728,Day,F,L,A,MYSE
151.909,8443,6/3/2015,5/29/2015,8:45:21,7,29,AH0,147,30.5517,Day,F,L,A,MYSE
151.909,8443,6/3/2015,5/26/2015,8:45:35,7,28.2,AH0,255,28.8267944,Day,F,L,A,MYSE
151.909,8443,6/3/2015,5/29/2015,8:45:35,7,29.1,AH0,121,30.7541543,Day,F,L,A,MYSE
151.909,8443,6/3/2015,5/30/2015,8:45:36,7,30.7,AH0,175,33.6181719,Day,F,L,A,MYSE
151.909,8443,6/3/2015,5/26/2015,8:45:37,7,28.2,AH0,255,28.8267944,Day,F,L,A,MYSE
151.909,8443,6/3/2015,5/29/2015,8:45:37,7,29,AH0,120,30.5517,Day,F,L,A,MYSE
151.909,8443,6/3/2015,5/30/2015,8:45:38,7,30.7,AH0,176,33.6181719,Day,F,L,A,MYSE
151.909,8443,6/3/2015,5/26/2015,8:45:39,7,28.2,AH0,255,28.8267944,Day,F,L,A,MYSE
151.909,8443,6/3/2015,5/29/2015,8:45:39,7,29,AH0,113,30.5517,Day,F,L,A,MYSE
151.909,8443,6/3/2015,5/30/2015,8:45:40,7,30.7,AH0,175,33.6181719,Day,F,L,A,MYSE
151.909,8443,6/3/2015,5/29/2015,8:45:42,7,28.9,AH0,115,30.3463677,Day,F,L,A,MYSE
151.909,8443,6/3/2015,5/30/2015,8:45:42,7,30.7,AH0,177,33.6181719,Day,F,L,A,MYSE
151.909,8443,6/3/2015,5/26/2015,8:45:54,7,28.2,AH0,255,28.8267944,Day,F,L,A,MYSE
151.909,8443,6/3/2015,5/26/2015,8:45:56,7,28.2,AH0,255,28.8267944,Day,F,L,A,MYSE
151.909,8443,6/3/2015,5/29/2015,8:45:56,7,28.7,AH0,97,29.9269899,Day,F,L,A,MYSE
151.909,8443,6/3/2015,5/30/2015,8:45:56,7,30.7,AH0,178,33.6181719,Day,F,L,A,MYSE
151.909,8443,6/3/2015,5/26/2015,8:45:58,7,28.2,AH0,255,28.8267944,Day,F,L,A,MYSE
151.909,8443,6/3/2015,5/29/2015,8:45:58,7,28.7,AH0,96,29.9269899,Day,F,L,A,MYSE
151.909,8443,6/3/2015,5/30/2015,8:45:58,7,30.7,AH0,177,33.6181719,Day,F,L,A,MYSE
151.909,8443,6/3/2015,5/29/2015,8:46:00,7,28.7,AH0,95,29.9269899,Day,F,L,A,MYSE
151.909,8443,6/3/2015,5/30/2015,8:46:00,7,30.7,AH0,176,33.6181719,Day,F,L,A,MYSE
151.909,8443,6/3/2015,5/26/2015,8:46:01,7,28.2,AH0,255,28.8267944,Day,F,L,A,MYSE
151.909,8443,6/3/2015,5/30/2015,8:46:01,7,30.7,AH0,170,33.6181719,Day,F,L,A,MYSE
151.909,8443,6/3/2015,5/29/2015,8:46:02,7,28.7,AH0,94,29.9269899,Day,F,L,A,MYSE
151.909,8443,6/3/2015,5/26/2015,8:46:13,7,28.1,AH0,255,28.5977253,Day,F,L,A,MYSE
151.909,8443,6/3/2015,5/29/2015,8:46:15,7,28.6,AH0,131,29.7129048,Day,F,L,A,MYSE
151.909,8443,6/3/2015,5/30/2015,8:46:15,7,30.6,AH0,174,33.4590728,Day,F,L,A,MYSE
151.909,8443,6/3/2015,5/26/2015,8:46:16,7,28.1,AH0,255,28.5977253,Day,F,L,A,MYSE
151.909,8443,6/3/2015,5/29/2015,8:46:17,7,28.6,AH0,130,29.7129048,Day,F,L,A,MYSE
151.909,8443,6/3/2015,5/30/2015,8:46:17,7,30.6,AH0,173,33.4590728,Day,F,L,A,MYSE
151.909,8443,6/3/2015,5/26/2015,8:46:18,7,28.1,AH0,255,28.5977253,Day,F,L,A,MYSE
151.909,8443,6/3/2015,5/29/2015,8:46:19,7,28.6,AH0,136,29.7129048,Day,F,L,A,MYSE
151.909,8443,6/3/2015,5/30/2015,8:46:19,7,30.6,AH0,170,33.4590728,Day,F,L,A,MYSE
151.909,8443,6/3/2015,5/26/2015,8:46:20,7,28.1,AH0,255,28.5977253,Day,F,L,A,MYSE
151.909,8443,6/3/2015,5/29/2015,8:46:21,7,28.6,AH0,135,29.7129048,Day,F,L,A,MYSE
151.909,8443,6/3/2015,5/30/2015,8:46:21,7,30.6,AH0,176,33.4590728,Day,F,L,A,MYSE
151.909,8443,6/3/2015,5/26/2015,8:46:35,7,28.1,AH0,255,28.5977253,Day,F,L,A,MYSE
151.909,8443,6/3/2015,5/30/2015,8:46:35,7,30.5,AH0,174,33.2974125,Day,F,L,A,MYSE
151.909,8443,6/3/2015,5/29/2015,8:46:36,7,28.5,AH0,153,29.4958625,Day,F,L,A,MYSE
151.909,8443,6/3/2015,5/26/2015,8:46:37,7,28.1,AH0,255,28.5977253,Day,F,L,A,MYSE
151.909,8443,6/3/2015,5/30/2015,8:46:37,7,30.5,AH0,177,33.2974125,Day,F,L,A,MYSE
151.909,8443,6/3/2015,5/29/2015,8:46:38,7,28.5,AH0,149,29.4958625,Day,F,L,A,MYSE
151.909,8443,6/3/2015,5/26/2015,8:46:39,7,28.1,AH0,255,28.5977253,Day,F,L,A,MYSE
151.909,8443,6/3/2015,5/30/2015,8:46:39,7,30.5,AH0,175,33.2974125,Day,F,L,A,MYSE
151.909,8443,6/3/2015,5/29/2015,8:46:40,7,28.5,AH0,143,29.4958625,Day,F,L,A,MYSE
151.909,8443,6/3/2015,5/30/2015,8:46:41,7,30.5,AH0,176,33.2974125,Day,F,L,A,MYSE
151.909,8443,6/3/2015,5/29/2015,8:46:42,7,28.4,AH0,133,29.2758432,Day,F,L,A,MYSE
151.909,8443,6/3/2015,5/26/2015,8:46:54,7,28.1,AH0,255,28.5977253,Day,F,L,A,MYSE
151.909,8443,6/3/2015,5/30/2015,8:46:54,7,30.5,AH0,175,33.2974125,Day,F,L,A,MYSE
151.909,8443,6/3/2015,5/29/2015,8:46:55,7,28.3,AH0,147,29.0528271,Day,F,L,A,MYSE
151.909,8443,6/3/2015,5/26/2015,8:46:56,7,28.1,AH0,255,28.5977253,Day,F,L,A,MYSE
151.909,8443,6/3/2015,5/30/2015,8:46:56,7,30.5,AH0,177,33.2974125,Day,F,L,A,MYSE
151.909,8443,6/3/2015,5/29/2015,8:46:57,7,28.3,AH0,146,29.0528271,Day,F,L,A,MYSE
151.909,8443,6/3/2015,5/26/2015,8:46:58,7,28.1,AH0,255,28.5977253,Day,F,L,A,MYSE
151.909,8443,6/3/2015,5/30/2015,8:46:58,7,30.5,AH0,177,33.2974125,Day,F,L,A,MYSE
151.909,8443,6/3/2015,5/29/2015,8:46:59,7,28.3,AH0,150,29.0528271,Day,F,L,A,MYSE
151.909,8443,6/3/2015,5/26/2015,8:47:00,7,28.1,AH0,255,28.5977253,Day,F,L,A,MYSE
151.909,8443,6/3/2015,5/30/2015,8:47:00,7,30.5,AH0,175,33.2974125,Day,F,L,A,MYSE
151.909,8443,6/3/2015,5/29/2015,8:47:01,7,28.3,AH0,150,29.0528271,Day,F,L,A,MYSE
151.909,8443,6/3/2015,5/26/2015,8:47:13,7,28.1,AH0,255,28.5977253,Day,F,L,A,MYSE
151.909,8443,6/3/2015,5/30/2015,8:47:14,7,30.6,AH0,175,33.4590728,Day,F,L,A,MYSE
151.909,8443,6/3/2015,5/26/2015,8:47:15,7,28,AH0,255,28.3656,Day,F,L,A,MYSE
151.909,8443,6/3/2015,5/29/2015,8:47:16,7,28.2,AH0,155,28.8267944,Day,F,L,A,MYSE
151.909,8443,6/3/2015,5/30/2015,8:47:16,7,30.5,AH0,176,33.2974125,Day,F,L,A,MYSE
151.909,8443,6/3/2015,5/26/2015,8:47:18,7,28,AH0,255,28.3656,Day,F,L,A,MYSE
151.909,8443,6/3/2015,5/29/2015,8:47:18,7,28.2,AH0,144,28.8267944,Day,F,L,A,MYSE
151.909,8443,6/3/2015,5/30/2015,8:47:18,7,30.5,AH0,178,33.2974125,Day,F,L,A,MYSE
151.909,8443,6/3/2015,5/26/2015,8:47:20,7,28,AH0,255,28.3656,Day,F,L,A,MYSE
151.909,8443,6/3/2015,5/30/2015,8:47:20,7,30.4,AH0,175,33.1331712,Day,F,L,A,MYSE
151.909,8443,6/3/2015,5/29/2015,8:47:21,7,28.1,AH0,147,28.5977253,Day,F,L,A,MYSE
151.909,8443,6/3/2015,5/30/2015,8:47:22,7,30.4,AH0,175,33.1331712,Day,F,L,A,MYSE
151.909,8443,6/3/2015,5/29/2015,8:47:23,7,28.1,AH0,141,28.5977253,Day,F,L,A,MYSE
151.909,8443,6/3/2015,5/26/2015,8:47:35,7,28,AH0,255,28.3656,Day,F,L,A,MYSE
151.909,8443,6/3/2015,5/29/2015,8:47:35,7,28.1,AH0,117,28.5977253,Day,F,L,A,MYSE
151.909,8443,6/3/2015,5/30/2015,8:47:36,7,30.4,AH0,170,33.1331712,Day,F,L,A,MYSE
151.909,8443,6/3/2015,5/26/2015,8:47:37,7,28,AH0,255,28.3656,Day,F,L,A,MYSE
151.909,8443,6/3/2015,5/29/2015,8:47:38,7,28.1,AH0,129,28.5977253,Day,F,L,A,MYSE
151.909,8443,6/3/2015,5/30/2015,8:47:38,7,30.4,AH0,173,33.1331712,Day,F,L,A,MYSE
151.909,8443,6/3/2015,5/26/2015,8:47:39,7,28,AH0,255,28.3656,Day,F,L,A,MYSE
151.909,8443,6/3/2015,5/29/2015,8:47:40,7,28.1,AH0,129,28.5977253,Day,F,L,A,MYSE
151.909,8443,6/3/2015,5/30/2015,8:47:40,7,30.4,AH0,176,33.1331712,Day,F,L,A,MYSE
151.909,8443,6/3/2015,5/29/2015,8:47:42,7,28.1,AH0,132,28.5977253,Day,F,L,A,MYSE
151.909,8443,6/3/2015,5/30/2015,8:47:42,7,30.4,AH0,173,33.1331712,Day,F,L,A,MYSE
151.909,8443,6/3/2015,5/26/2015,8:47:54,7,27.9,AH0,255,28.1303987,Day,F,L,A,MYSE
151.909,8443,6/3/2015,5/26/2015,8:47:56,7,27.9,AH0,255,28.1303987,Day,F,L,A,MYSE
151.909,8443,6/3/2015,5/30/2015,8:47:56,7,30.4,AH0,168,33.1331712,Day,F,L,A,MYSE
151.909,8443,6/3/2015,5/29/2015,8:47:57,7,28.1,AH0,171,28.5977253,Day,F,L,A,MYSE
151.909,8443,6/3/2015,5/26/2015,8:47:58,7,27.9,AH0,255,28.1303987,Day,F,L,A,MYSE
151.909,8443,6/3/2015,5/30/2015,8:47:58,7,30.4,AH0,168,33.1331712,Day,F,L,A,MYSE
151.909,8443,6/3/2015,5/29/2015,8:47:59,7,28.2,AH0,223,28.8267944,Day,F,L,A,MYSE
151.909,8443,6/3/2015,5/26/2015,8:48:00,7,27.9,AH0,255,28.1303987,Day,F,L,A,MYSE
151.909,8443,6/3/2015,5/30/2015,8:48:00,7,30.4,AH0,166,33.1331712,Day,F,L,A,MYSE
151.909,8443,6/3/2015,5/29/2015,8:48:01,7,28.2,AH0,227,28.8267944,Day,F,L,A,MYSE
151.909,8443,6/3/2015,5/30/2015,8:48:02,7,30.4,AH0,168,33.1331712,Day,F,L,A,MYSE
151.909,8443,6/3/2015,5/26/2015,8:48:13,7,27.9,AH0,255,28.1303987,Day,F,L,A,MYSE
151.909,8443,6/3/2015,5/26/2015,8:48:15,7,27.9,AH0,255,28.1303987,Day,F,L,A,MYSE
151.909,8443,6/3/2015,5/30/2015,8:48:15,7,30.3,AH0,170,32.9663291,Day,F,L,A,MYSE
151.909,8443,6/3/2015,5/29/2015,8:48:16,7,28,AH0,234,28.3656,Day,F,L,A,MYSE
151.909,8443,6/3/2015,5/30/2015,8:48:17,7,30.3,AH0,169,32.9663291,Day,F,L,A,MYSE
151.909,8443,6/3/2015,5/26/2015,8:48:18,7,27.9,AH0,255,28.1303987,Day,F,L,A,MYSE
151.909,8443,6/3/2015,5/29/2015,8:48:18,7,28.1,AH0,198,28.5977253,Day,F,L,A,MYSE
151.909,8443,6/3/2015,5/30/2015,8:48:19,7,30.2,AH0,173,32.7968664,Day,F,L,A,MYSE
151.909,8443,6/3/2015,5/26/2015,8:48:20,7,27.9,AH0,255,28.1303987,Day,F,L,A,MYSE
151.909,8443,6/3/2015,5/29/2015,8:48:20,7,28.2,AH0,67,28.8267944,Day,F,L,A,MYSE
151.909,8443,6/3/2015,5/30/2015,8:48:21,7,30.2,AH0,165,32.7968664,Day,F,L,A,MYSE
151.909,8443,6/3/2015,5/29/2015,8:48:22,7,28.2,AH0,37,28.8267944,Day,F,L,A,MYSE
151.909,8443,6/3/2015,5/26/2015,8:48:35,7,27.8,AH0,255,27.8921016,Day,F,L,A,MYSE
151.909,8443,6/3/2015,5/29/2015,8:48:35,7,28.6,AH0,97,29.7129048,Day,F,L,A,MYSE
151.909,8443,6/3/2015,5/30/2015,8:48:35,7,30.2,AH0,169,32.7968664,Day,F,L,A,MYSE
151.909,8443,6/3/2015,5/26/2015,8:48:37,7,27.8,AH0,255,27.8921016,Day,F,L,A,MYSE
151.909,8443,6/3/2015,5/29/2015,8:48:37,7,28.6,AH0,184,29.7129048,Day,F,L,A,MYSE
151.909,8443,6/3/2015,5/30/2015,8:48:37,7,30.2,AH0,168,32.7968664,Day,F,L,A,MYSE
151.909,8443,6/3/2015,5/26/2015,8:48:39,7,27.8,AH0,255,27.8921016,Day,F,L,A,MYSE
151.909,8443,6/3/2015,5/29/2015,8:48:39,7,28.6,AH0,212,29.7129048,Day,F,L,A,MYSE
151.909,8443,6/3/2015,5/30/2015,8:48:39,7,30.2,AH0,168,32.7968664,Day,F,L,A,MYSE
151.909,8443,6/3/2015,5/29/2015,8:48:41,7,28.7,AH0,165,29.9269899,Day,F,L,A,MYSE
151.909,8443,6/3/2015,5/30/2015,8:48:41,7,30.2,AH0,171,32.7968664,Day,F,L,A,MYSE
151.909,8443,6/3/2015,5/26/2015,8:48:54,7,27.8,AH0,255,27.8921016,Day,F,L,A,MYSE
151.909,8443,6/3/2015,5/30/2015,8:48:55,7,30,AH0,165,32.45,Day,F,L,A,MYSE
151.909,8443,6/3/2015,5/26/2015,8:48:56,7,27.8,AH0,255,27.8921016,Day,F,L,A,MYSE
151.909,8443,6/3/2015,5/29/2015,8:48:56,7,29,AH0,173,30.5517,Day,F,L,A,MYSE
151.909,8443,6/3/2015,5/30/2015,8:48:57,7,30,AH0,166,32.45,Day,F,L,A,MYSE
151.909,8443,6/3/2015,5/29/2015,8:48:58,7,29,AH0,198,30.5517,Day,F,L,A,MYSE
151.909,8443,6/3/2015,5/26/2015,8:48:59,7,27.8,AH0,255,27.8921016,Day,F,L,A,MYSE
151.909,8443,6/3/2015,5/30/2015,8:48:59,7,30,AH0,169,32.45,Day,F,L,A,MYSE
151.909,8443,6/3/2015,5/29/2015,8:49:00,7,29,AH0,195,30.5517,Day,F,L,A,MYSE
151.909,8443,6/3/2015,5/26/2015,8:49:01,7,27.8,AH0,255,27.8921016,Day,F,L,A,MYSE
151.909,8443,6/3/2015,5/30/2015,8:49:01,7,30,AH0,169,32.45,Day,F,L,A,MYSE
151.909,8443,6/3/2015,5/29/2015,8:49:02,7,29,AH0,201,30.5517,Day,F,L,A,MYSE
151.909,8443,6/3/2015,5/26/2015,8:49:14,7,27.8,AH0,255,27.8921016,Day,F,L,A,MYSE
151.909,8443,6/3/2015,5/30/2015,8:49:15,7,29.9,AH0,169,32.2725567,Day,F,L,A,MYSE
151.909,8443,6/3/2015,5/26/2015,8:49:16,7,27.8,AH0,255,27.8921016,Day,F,L,A,MYSE
151.909,8443,6/3/2015,5/29/2015,8:49:17,7,29,AH0,162,30.5517,Day,F,L,A,MYSE
151.909,8443,6/3/2015,5/30/2015,8:49:17,7,29.9,AH0,170,32.2725567,Day,F,L,A,MYSE
151.909,8443,6/3/2015,5/26/2015,8:49:18,7,27.8,AH0,255,27.8921016,Day,F,L,A,MYSE
151.909,8443,6/3/2015,5/29/2015,8:49:19,7,29,AH0,155,30.5517,Day,F,L,A,MYSE
151.909,8443,6/3/2015,5/30/2015,8:49:19,7,29.9,AH0,168,32.2725567,Day,F,L,A,MYSE
151.909,8443,6/3/2015,5/26/2015,8:49:20,7,27.8,AH0,255,27.8921016,Day,F,L,A,MYSE
151.909,8443,6/3/2015,5/29/2015,8:49:21,7,29,AH0,144,30.5517,Day,F,L,A,MYSE
151.909,8443,6/3/2015,5/30/2015,8:49:21,7,29.9,AH0,169,32.2725567,Day,F,L,A,MYSE
151.909,8443,6/3/2015,5/26/2015,8:49:33,7,27.7,AH0,255,27.6506889,Day,F,L,A,MYSE
151.909,8443,6/3/2015,5/26/2015,8:49:35,7,27.7,AH0,255,27.6506889,Day,F,L,A,MYSE
151.909,8443,6/3/2015,5/29/2015,8:49:35,7,29.1,AH0,149,30.7541543,Day,F,L,A,MYSE
151.909,8443,6/3/2015,5/30/2015,8:49:35,7,29.9,AH0,167,32.2725567,Day,F,L,A,MYSE
151.909,8443,6/3/2015,5/29/2015,8:49:37,7,29.1,AH0,146,30.7541543,Day,F,L,A,MYSE
151.909,8443,6/3/2015,5/30/2015,8:49:37,7,29.9,AH0,168,32.2725567,Day,F,L,A,MYSE
151.909,8443,6/3/2015,5/26/2015,8:49:38,7,27.7,AH0,255,27.6506889,Day,F,L,A,MYSE
151.909,8443,6/3/2015,5/29/2015,8:49:39,7,29.1,AH0,143,30.7541543,Day,F,L,A,MYSE
151.909,8443,6/3/2015,5/30/2015,8:49:39,7,29.9,AH0,168,32.2725567,Day,F,L,A,MYSE
151.909,8443,6/3/2015,5/26/2015,8:49:40,7,27.7,AH0,255,27.6506889,Day,F,L,A,MYSE
151.909,8443,6/3/2015,5/29/2015,8:49:41,7,29.1,AH0,144,30.7541543,Day,F,L,A,MYSE
151.909,8443,6/3/2015,5/30/2015,8:49:41,7,29.9,AH0,171,32.2725567,Day,F,L,A,MYSE
151.909,8443,6/3/2015,5/26/2015,8:49:55,7,27.7,AH0,255,27.6506889,Day,F,L,A,MYSE
151.909,8443,6/3/2015,5/30/2015,8:49:55,7,29.8,AH0,168,32.0924136,Day,F,L,A,MYSE
151.909,8443,6/3/2015,5/29/2015,8:49:56,7,29.1,AH0,143,30.7541543,Day,F,L,A,MYSE
151.909,8443,6/3/2015,5/26/2015,8:49:57,7,27.7,AH0,255,27.6506889,Day,F,L,A,MYSE
151.909,8443,6/3/2015,5/30/2015,8:49:57,7,29.8,AH0,166,32.0924136,Day,F,L,A,MYSE
151.909,8443,6/3/2015,5/29/2015,8:49:58,7,29.1,AH0,144,30.7541543,Day,F,L,A,MYSE
151.909,8443,6/3/2015,5/26/2015,8:49:59,7,27.7,AH0,255,27.6506889,Day,F,L,A,MYSE
151.909,8443,6/3/2015,5/30/2015,8:49:59,7,29.7,AH0,171,31.9095509,Day,F,L,A,MYSE
151.909,8443,6/3/2015,5/29/2015,8:50:00,7,29.1,AH0,141,30.7541543,Day,F,L,A,MYSE
151.909,8443,6/3/2015,5/30/2015,8:50:01,7,29.7,AH0,164,31.9095509,Day,F,L,A,MYSE
151.909,8443,6/3/2015,5/29/2015,8:50:02,7,29.1,AH0,140,30.7541543,Day,F,L,A,MYSE
151.909,8443,6/3/2015,5/26/2015,8:50:14,7,27.7,AH0,255,27.6506889,Day,F,L,A,MYSE
151.909,8443,6/3/2015,5/29/2015,8:50:16,7,29.1,AH0,151,30.7541543,Day,F,L,A,MYSE
151.909,8443,6/3/2015,5/30/2015,8:50:16,7,29.6,AH0,169,31.7239488,Day,F,L,A,MYSE
151.909,8443,6/3/2015,5/26/2015,8:50:17,7,27.7,AH0,255,27.6506889,Day,F,L,A,MYSE
151.909,8443,6/3/2015,5/29/2015,8:50:18,7,29.1,AH0,149,30.7541543,Day,F,L,A,MYSE
151.909,8443,6/3/2015,5/30/2015,8:50:18,7,29.6,AH0,167,31.7239488,Day,F,L,A,MYSE
151.909,8443,6/3/2015,5/26/2015,8:50:19,7,27.6,AH0,255,27.4061408,Day,F,L,A,MYSE
151.909,8443,6/3/2015,5/30/2015,8:50:20,7,29.6,AH0,170,31.7239488,Day,F,L,A,MYSE
151.909,8443,6/3/2015,5/29/2015,8:50:21,7,29.1,AH0,150,30.7541543,Day,F,L,A,MYSE
151.909,8443,6/3/2015,5/30/2015,8:50:22,7,29.6,AH0,166,31.7239488,Day,F,L,A,MYSE
151.909,8443,6/3/2015,5/29/2015,8:50:23,7,29.1,AH0,149,30.7541543,Day,F,L,A,MYSE
151.909,8443,6/3/2015,5/26/2015,8:50:34,7,27.6,AH0,255,27.4061408,Day,F,L,A,MYSE
151.909,8443,6/3/2015,5/29/2015,8:50:35,7,29.1,AH0,169,30.7541543,Day,F,L,A,MYSE
151.909,8443,6/3/2015,5/26/2015,8:50:36,7,27.6,AH0,255,27.4061408,Day,F,L,A,MYSE
151.909,8443,6/3/2015,5/30/2015,8:50:36,7,29.6,AH0,169,31.7239488,Day,F,L,A,MYSE
151.909,8443,6/3/2015,5/29/2015,8:50:37,7,29.1,AH0,158,30.7541543,Day,F,L,A,MYSE
151.909,8443,6/3/2015,5/26/2015,8:50:38,7,27.6,AH0,255,27.4061408,Day,F,L,A,MYSE
151.909,8443,6/3/2015,5/30/2015,8:50:38,7,29.6,AH0,176,31.7239488,Day,F,L,A,MYSE
151.909,8443,6/3/2015,5/29/2015,8:50:39,7,29.1,AH0,172,30.7541543,Day,F,L,A,MYSE
151.909,8443,6/3/2015,5/26/2015,8:50:40,7,27.6,AH0,255,27.4061408,Day,F,L,A,MYSE
151.909,8443,6/3/2015,5/30/2015,8:50:40,7,29.6,AH0,178,31.7239488,Day,F,L,A,MYSE
151.909,8443,6/3/2015,5/29/2015,8:50:41,7,29.1,AH0,149,30.7541543,Day,F,L,A,MYSE
151.909,8443,6/3/2015,5/30/2015,8:50:42,7,29.5,AH0,180,31.5355875,Day,F,L,A,MYSE
151.909,8443,6/3/2015,5/26/2015,8:50:53,7,27.6,AH0,255,27.4061408,Day,F,L,A,MYSE
151.909,8443,6/3/2015,5/26/2015,8:50:56,7,27.6,AH0,255,27.4061408,Day,F,L,A,MYSE
151.909,8443,6/3/2015,5/29/2015,8:50:56,7,29.2,AH0,150,30.9537504,Day,F,L,A,MYSE
151.909,8443,6/3/2015,5/30/2015,8:50:56,7,29.5,AH0,181,31.5355875,Day,F,L,A,MYSE
151.909,8443,6/3/2015,5/26/2015,8:50:58,7,27.6,AH0,255,27.4061408,Day,F,L,A,MYSE
151.909,8443,6/3/2015,5/29/2015,8:50:58,7,29.2,AH0,146,30.9537504,Day,F,L,A,MYSE
151.909,8443,6/3/2015,5/30/2015,8:50:58,7,29.5,AH0,177,31.5355875,Day,F,L,A,MYSE
151.909,8443,6/3/2015,5/26/2015,8:51:00,7,27.6,AH0,255,27.4061408,Day,F,L,A,MYSE
151.909,8443,6/3/2015,5/29/2015,8:51:00,7,29.2,AH0,89,30.9537504,Day,F,L,A,MYSE
151.909,8443,6/3/2015,5/30/2015,8:51:00,7,29.5,AH0,182,31.5355875,Day,F,L,A,MYSE
151.909,8443,6/3/2015,5/29/2015,8:51:02,7,29.2,AH0,84,30.9537504,Day,F,L,A,MYSE
151.909,8443,6/3/2015,5/26/2015,8:51:13,7,27.6,AH0,255,27.4061408,Day,F,L,A,MYSE
151.909,8443,6/3/2015,5/30/2015,8:51:14,7,29.5,AH0,176,31.5355875,Day,F,L,A,MYSE
151.909,8443,6/3/2015,5/26/2015,8:51:15,7,27.6,AH0,255,27.4061408,Day,F,L,A,MYSE
151.909,8443,6/3/2015,5/29/2015,8:51:16,7,28.9,AH0,141,30.3463677,Day,F,L,A,MYSE
151.909,8443,6/3/2015,5/30/2015,8:51:16,7,29.5,AH0,177,31.5355875,Day,F,L,A,MYSE
151.909,8443,6/3/2015,5/26/2015,8:51:17,7,27.6,AH0,255,27.4061408,Day,F,L,A,MYSE
151.909,8443,6/3/2015,5/29/2015,8:51:18,7,28.8,AH0,59,30.1381376,Day,F,L,A,MYSE
151.909,8443,6/3/2015,5/30/2015,8:51:19,7,29.5,AH0,181,31.5355875,Day,F,L,A,MYSE
151.909,8443,6/3/2015,5/26/2015,8:51:20,7,27.6,AH0,255,27.4061408,Day,F,L,A,MYSE
151.909,8443,6/3/2015,5/29/2015,8:51:20,7,28.8,AH0,169,30.1381376,Day,F,L,A,MYSE
151.909,8443,6/3/2015,5/30/2015,8:51:21,7,29.5,AH0,176,31.5355875,Day,F,L,A,MYSE
151.909,8443,6/3/2015,5/29/2015,8:51:22,7,28.7,AH0,174,29.9269899,Day,F,L,A,MYSE
151.909,8443,6/3/2015,5/26/2015,8:51:35,7,27.5,AH0,255,27.1584375,Day,F,L,A,MYSE
151.909,8443,6/3/2015,5/29/2015,8:51:35,7,28.7,AH0,159,29.9269899,Day,F,L,A,MYSE
151.909,8443,6/3/2015,5/30/2015,8:51:35,7,29.5,AH0,179,31.5355875,Day,F,L,A,MYSE
151.909,8443,6/3/2015,5/26/2015,8:51:37,7,27.5,AH0,255,27.1584375,Day,F,L,A,MYSE
151.909,8443,6/3/2015,5/29/2015,8:51:37,7,28.7,AH0,161,29.9269899,Day,F,L,A,MYSE
151.909,8443,6/3/2015,5/30/2015,8:51:37,7,29.5,AH0,176,31.5355875,Day,F,L,A,MYSE
151.909,8443,6/3/2015,5/26/2015,8:51:39,7,27.5,AH0,255,27.1584375,Day,F,L,A,MYSE
151.909,8443,6/3/2015,5/29/2015,8:51:39,7,28.7,AH0,146,29.9269899,Day,F,L,A,MYSE
151.909,8443,6/3/2015,5/30/2015,8:51:39,7,29.5,AH0,181,31.5355875,Day,F,L,A,MYSE
151.909,8443,6/3/2015,5/29/2015,8:51:41,7,28.8,AH0,158,30.1381376,Day,F,L,A,MYSE
151.909,8443,6/3/2015,5/30/2015,8:51:41,7,29.5,AH0,178,31.5355875,Day,F,L,A,MYSE
151.909,8443,6/3/2015,5/26/2015,8:51:54,7,27.5,AH0,255,27.1584375,Day,F,L,A,MYSE
151.909,8443,6/3/2015,5/30/2015,8:51:55,7,29.6,AH0,180,31.7239488,Day,F,L,A,MYSE
151.909,8443,6/3/2015,5/26/2015,8:51:57,7,27.5,AH0,255,27.1584375,Day,F,L,A,MYSE
151.909,8443,6/3/2015,5/30/2015,8:51:57,7,29.6,AH0,179,31.7239488,Day,F,L,A,MYSE
151.909,8443,6/3/2015,5/29/2015,8:51:58,7,29.2,AH0,48,30.9537504,Day,F,L,A,MYSE
151.909,8443,6/3/2015,5/26/2015,8:51:59,7,27.5,AH0,255,27.1584375,Day,F,L,A,MYSE
151.909,8443,6/3/2015,5/30/2015,8:51:59,7,29.6,AH0,180,31.7239488,Day,F,L,A,MYSE
151.909,8443,6/3/2015,5/29/2015,8:52:00,7,29.3,AH0,51,31.1505081,Day,F,L,A,MYSE
151.909,8443,6/3/2015,5/30/2015,8:52:01,7,29.6,AH0,180,31.7239488,Day,F,L,A,MYSE
151.909,8443,6/3/2015,5/29/2015,8:52:02,7,29.2,AH0,51,30.9537504,Day,F,L,A,MYSE
151.909,8443,6/3/2015,5/26/2015,8:52:14,7,27.5,AH0,255,27.1584375,Day,F,L,A,MYSE
151.909,8443,6/3/2015,5/30/2015,8:52:15,7,29.6,AH0,180,31.7239488,Day,F,L,A,MYSE
151.909,8443,6/3/2015,5/26/2015,8:52:16,7,27.5,AH0,255,27.1584375,Day,F,L,A,MYSE
151.909,8443,6/3/2015,5/29/2015,8:52:16,7,29.3,AH0,46,31.1505081,Day,F,L,A,MYSE
151.909,8443,6/3/2015,5/30/2015,8:52:17,7,29.6,AH0,181,31.7239488,Day,F,L,A,MYSE
151.909,8443,6/3/2015,5/26/2015,8:52:18,7,27.5,AH0,255,27.1584375,Day,F,L,A,MYSE
151.909,8443,6/3/2015,5/29/2015,8:52:18,7,29.2,AH0,51,30.9537504,Day,F,L,A,MYSE
151.909,8443,6/3/2015,5/30/2015,8:52:19,7,29.6,AH0,180,31.7239488,Day,F,L,A,MYSE
151.909,8443,6/3/2015,5/29/2015,8:52:20,7,29.3,AH0,47,31.1505081,Day,F,L,A,MYSE
151.909,8443,6/3/2015,5/26/2015,8:52:21,7,27.5,AH0,255,27.1584375,Day,F,L,A,MYSE
151.909,8443,6/3/2015,5/30/2015,8:52:21,7,29.6,AH0,182,31.7239488,Day,F,L,A,MYSE
151.909,8443,6/3/2015,5/29/2015,8:52:23,7,29.3,AH0,51,31.1505081,Day,F,L,A,MYSE
151.909,8443,6/3/2015,5/26/2015,8:52:34,7,27.5,AH0,255,27.1584375,Day,F,L,A,MYSE
151.909,8443,6/3/2015,5/26/2015,8:52:36,7,27.5,AH0,255,27.1584375,Day,F,L,A,MYSE
151.909,8443,6/3/2015,5/30/2015,8:52:36,7,29.6,AH0,180,31.7239488,Day,F,L,A,MYSE
151.909,8443,6/3/2015,5/26/2015,8:52:38,7,27.5,AH0,255,27.1584375,Day,F,L,A,MYSE
151.909,8443,6/3/2015,5/30/2015,8:52:38,7,29.6,AH0,178,31.7239488,Day,F,L,A,MYSE
151.909,8443,6/3/2015,5/26/2015,8:52:40,7,27.5,AH0,255,27.1584375,Day,F,L,A,MYSE
151.909,8443,6/3/2015,5/30/2015,8:52:40,7,29.6,AH0,181,31.7239488,Day,F,L,A,MYSE
151.909,8443,6/3/2015,5/30/2015,8:52:42,7,29.6,AH0,181,31.7239488,Day,F,L,A,MYSE
151.909,8443,6/3/2015,5/26/2015,8:52:53,7,27.4,AH0,255,26.9075592,Day,F,L,A,MYSE
151.909,8443,6/3/2015,5/28/2015,8:52:53,7,29.7,AH0,59,31.9095509,Day,F,L,A,MYSE
151.909,8443,6/3/2015,5/28/2015,8:52:55,7,29.7,AH0,56,31.9095509,Day,F,L,A,MYSE
151.909,8443,6/3/2015,5/26/2015,8:52:56,7,27.4,AH0,255,26.9075592,Day,F,L,A,MYSE
151.909,8443,6/3/2015,5/30/2015,8:52:56,7,29.6,AH0,181,31.7239488,Day,F,L,A,MYSE
151.909,8443,6/3/2015,5/26/2015,8:52:58,7,27.4,AH0,255,26.9075592,Day,F,L,A,MYSE
151.909,8443,6/3/2015,5/30/2015,8:52:58,7,29.7,AH0,180,31.9095509,Day,F,L,A,MYSE
151.909,8443,6/3/2015,5/26/2015,8:53:00,7,27.4,AH0,255,26.9075592,Day,F,L,A,MYSE
151.909,8443,6/3/2015,5/30/2015,8:53:00,7,29.7,AH0,181,31.9095509,Day,F,L,A,MYSE
151.909,8443,6/3/2015,5/30/2015,8:53:02,7,29.7,AH0,178,31.9095509,Day,F,L,A,MYSE
151.909,8443,6/3/2015,5/28/2015,8:53:11,7,30.4,AH0,96,33.1331712,Day,F,L,A,MYSE
151.909,8443,6/3/2015,5/26/2015,8:53:13,7,27.4,AH0,255,26.9075592,Day,F,L,A,MYSE
151.909,8443,6/3/2015,5/28/2015,8:53:13,7,30.4,AH0,98,33.1331712,Day,F,L,A,MYSE
151.909,8443,6/3/2015,5/26/2015,8:53:15,7,27.4,AH0,255,26.9075592,Day,F,L,A,MYSE
151.909,8443,6/3/2015,5/28/2015,8:53:15,7,30.4,AH0,87,33.1331712,Day,F,L,A,MYSE
151.909,8443,6/3/2015,5/29/2015,8:53:16,7,28.9,AH0,103,30.3463677,Day,F,L,A,MYSE
151.909,8443,6/3/2015,5/30/2015,8:53:16,7,29.7,AH0,181,31.9095509,Day,F,L,A,MYSE
151.909,8443,6/3/2015,5/26/2015,8:53:17,7,27.4,AH0,255,26.9075592,Day,F,L,A,MYSE
151.909,8443,6/3/2015,5/28/2015,8:53:17,7,30.4,AH0,71,33.1331712,Day,F,L,A,MYSE
151.909,8443,6/3/2015,5/29/2015,8:53:18,7,28.8,AH0,104,30.1381376,Day,F,L,A,MYSE
151.909,8443,6/3/2015,5/30/2015,8:53:18,7,29.7,AH0,180,31.9095509,Day,F,L,A,MYSE
151.909,8443,6/3/2015,5/26/2015,8:53:20,7,27.4,AH0,255,26.9075592,Day,F,L,A,MYSE
151.909,8443,6/3/2015,5/29/2015,8:53:20,7,28.8,AH0,100,30.1381376,Day,F,L,A,MYSE
151.909,8443,6/3/2015,5/30/2015,8:53:20,7,29.7,AH0,176,31.9095509,Day,F,L,A,MYSE
151.909,8443,6/3/2015,5/29/2015,8:53:22,7,28.8,AH0,105,30.1381376,Day,F,L,A,MYSE
151.909,8443,6/3/2015,5/28/2015,8:53:31,7,30.5,AH0,67,33.2974125,Day,F,L,A,MYSE
151.909,8443,6/3/2015,5/28/2015,8:53:33,7,30.5,AH0,66,33.2974125,Day,F,L,A,MYSE
151.909,8443,6/3/2015,5/30/2015,8:53:34,7,29.7,AH0,179,31.9095509,Day,F,L,A,MYSE
151.909,8443,6/3/2015,5/26/2015,8:53:35,7,27.4,AH0,255,26.9075592,Day,F,L,A,MYSE
151.909,8443,6/3/2015,5/28/2015,8:53:35,7,30.5,AH0,64,33.2974125,Day,F,L,A,MYSE
151.909,8443,6/3/2015,5/29/2015,8:53:35,7,28.7,AH0,108,29.9269899,Day,F,L,A,MYSE
151.909,8443,6/3/2015,5/30/2015,8:53:36,7,29.7,AH0,180,31.9095509,Day,F,L,A,MYSE
151.909,8443,6/3/2015,5/26/2015,8:53:37,7,27.4,AH0,255,26.9075592,Day,F,L,A,MYSE
151.909,8443,6/3/2015,5/28/2015,8:53:37,7,30.5,AH0,81,33.2974125,Day,F,L,A,MYSE
151.909,8443,6/3/2015,5/29/2015,8:53:37,7,28.7,AH0,102,29.9269899,Day,F,L,A,MYSE
151.909,8443,6/3/2015,5/30/2015,8:53:38,7,29.7,AH0,177,31.9095509,Day,F,L,A,MYSE
151.909,8443,6/3/2015,5/26/2015,8:53:39,7,27.4,AH0,255,26.9075592,Day,F,L,A,MYSE
151.909,8443,6/3/2015,5/29/2015,8:53:39,7,28.7,AH0,104,29.9269899,Day,F,L,A,MYSE
151.909,8443,6/3/2015,5/30/2015,8:53:40,7,29.7,AH0,177,31.9095509,Day,F,L,A,MYSE
151.909,8443,6/3/2015,5/29/2015,8:53:41,7,28.7,AH0,106,29.9269899,Day,F,L,A,MYSE
151.909,8443,6/3/2015,5/28/2015,8:53:51,7,30.4,AH0,83,33.1331712,Day,F,L,A,MYSE
151.909,8443,6/3/2015,5/28/2015,8:53:53,7,30.3,AH0,77,32.9663291,Day,F,L,A,MYSE
151.909,8443,6/3/2015,5/30/2015,8:53:54,7,29.7,AH0,178,31.9095509,Day,F,L,A,MYSE
151.909,8443,6/3/2015,5/26/2015,8:53:55,7,27.4,AH0,255,26.9075592,Day,F,L,A,MYSE
151.909,8443,6/3/2015,5/28/2015,8:53:55,7,30.3,AH0,84,32.9663291,Day,F,L,A,MYSE
151.909,8443,6/3/2015,5/29/2015,8:53:56,7,28.7,AH0,102,29.9269899,Day,F,L,A,MYSE
151.909,8443,6/3/2015,5/30/2015,8:53:56,7,29.7,AH0,177,31.9095509,Day,F,L,A,MYSE
151.909,8443,6/3/2015,5/26/2015,8:53:57,7,27.4,AH0,255,26.9075592,Day,F,L,A,MYSE
151.909,8443,6/3/2015,5/28/2015,8:53:57,7,30.3,AH0,83,32.9663291,Day,F,L,A,MYSE
151.909,8443,6/3/2015,5/29/2015,8:53:58,7,28.7,AH0,105,29.9269899,Day,F,L,A,MYSE
151.909,8443,6/3/2015,5/30/2015,8:53:58,7,29.7,AH0,178,31.9095509,Day,F,L,A,MYSE
151.909,8443,6/3/2015,5/26/2015,8:53:59,7,27.4,AH0,255,26.9075592,Day,F,L,A,MYSE
151.909,8443,6/3/2015,5/29/2015,8:54:00,7,28.7,AH0,98,29.9269899,Day,F,L,A,MYSE
151.909,8443,6/3/2015,5/30/2015,8:54:00,7,29.7,AH0,180,31.9095509,Day,F,L,A,MYSE
151.909,8443,6/3/2015,5/29/2015,8:54:02,7,28.7,AH0,99,29.9269899,Day,F,L,A,MYSE
151.909,8443,6/3/2015,5/28/2015,8:54:11,7,30.1,AH0,77,32.6247633,Day,F,L,A,MYSE
151.909,8443,6/3/2015,5/28/2015,8:54:13,7,30.1,AH0,76,32.6247633,Day,F,L,A,MYSE
151.909,8443,6/3/2015,5/26/2015,8:54:14,7,27.4,AH0,255,26.9075592,Day,F,L,A,MYSE
151.909,8443,6/3/2015,5/30/2015,8:54:14,7,29.8,AH0,180,32.0924136,Day,F,L,A,MYSE
151.909,8443,6/3/2015,5/28/2015,8:54:15,7,30,AH0,81,32.45,Day,F,L,A,MYSE
151.909,8443,6/3/2015,5/29/2015,8:54:15,7,28.7,AH0,108,29.9269899,Day,F,L,A,MYSE
151.909,8443,6/3/2015,5/30/2015,8:54:16,7,29.8,AH0,177,32.0924136,Day,F,L,A,MYSE
151.909,8443,6/3/2015,5/26/2015,8:54:17,7,27.4,AH0,255,26.9075592,Day,F,L,A,MYSE
151.909,8443,6/3/2015,5/28/2015,8:54:17,7,30,AH0,78,32.45,Day,F,L,A,MYSE
151.909,8443,6/3/2015,5/29/2015,8:54:17,7,28.6,AH0,103,29.7129048,Day,F,L,A,MYSE
151.909,8443,6/3/2015,5/30/2015,8:54:18,7,29.8,AH0,179,32.0924136,Day,F,L,A,MYSE
151.909,8443,6/3/2015,5/26/2015,8:54:19,7,27.3,AH0,255,26.6534861,Day,F,L,A,MYSE
151.909,8443,6/3/2015,5/29/2015,8:54:19,7,28.6,AH0,107,29.7129048,Day,F,L,A,MYSE
151.909,8443,6/3/2015,5/30/2015,8:54:20,7,29.8,AH0,179,32.0924136,Day,F,L,A,MYSE
151.909,8443,6/3/2015,5/29/2015,8:54:21,7,28.6,AH0,104,29.7129048,Day,F,L,A,MYSE
151.909,8443,6/3/2015,5/28/2015,8:54:31,7,29.9,AH0,81,32.2725567,Day,F,L,A,MYSE
151.909,8443,6/3/2015,5/28/2015,8:54:33,7,29.9,AH0,75,32.2725567,Day,F,L,A,MYSE
151.909,8443,6/3/2015,5/26/2015,8:54:34,7,27.3,AH0,255,26.6534861,Day,F,L,A,MYSE
151.909,8443,6/3/2015,5/30/2015,8:54:34,7,29.8,AH0,176,32.0924136,Day,F,L,A,MYSE
151.909,8443,6/3/2015,5/28/2015,8:54:35,7,29.9,AH0,75,32.2725567,Day,F,L,A,MYSE
151.909,8443,6/3/2015,5/26/2015,8:54:36,7,27.3,AH0,254,26.6534861,Day,F,L,A,MYSE
151.909,8443,6/3/2015,5/29/2015,8:54:36,7,28.6,AH0,108,29.7129048,Day,F,L,A,MYSE
151.909,8443,6/3/2015,5/30/2015,8:54:36,7,29.8,AH0,177,32.0924136,Day,F,L,A,MYSE
151.909,8443,6/3/2015,5/28/2015,8:54:37,7,29.9,AH0,83,32.2725567,Day,F,L,A,MYSE
151.909,8443,6/3/2015,5/29/2015,8:54:38,7,28.6,AH0,112,29.7129048,Day,F,L,A,MYSE
151.909,8443,6/3/2015,5/30/2015,8:54:38,7,29.8,AH0,178,32.0924136,Day,F,L,A,MYSE
151.909,8443,6/3/2015,5/26/2015,8:54:39,7,27.3,AH0,255,26.6534861,Day,F,L,A,MYSE
151.909,8443,6/3/2015,5/29/2015,8:54:40,7,28.5,AH0,107,29.4958625,Day,F,L,A,MYSE
151.909,8443,6/3/2015,5/30/2015,8:54:40,7,29.8,AH0,179,32.0924136,Day,F,L,A,MYSE
151.909,8443,6/3/2015,5/29/2015,8:54:42,7,28.5,AH0,111,29.4958625,Day,F,L,A,MYSE
151.909,8443,6/3/2015,5/28/2015,8:54:51,7,29.9,AH0,76,32.2725567,Day,F,L,A,MYSE
151.909,8443,6/3/2015,5/28/2015,8:54:53,7,29.9,AH0,80,32.2725567,Day,F,L,A,MYSE
151.909,8443,6/3/2015,5/26/2015,8:54:54,7,27.3,AH0,255,26.6534861,Day,F,L,A,MYSE
151.909,8443,6/3/2015,5/30/2015,8:54:54,7,29.8,AH0,178,32.0924136,Day,F,L,A,MYSE
151.909,8443,6/3/2015,5/28/2015,8:54:55,7,29.9,AH0,79,32.2725567,Day,F,L,A,MYSE
151.909,8443,6/3/2015,5/26/2015,8:54:56,7,27.3,AH0,255,26.6534861,Day,F,L,A,MYSE
151.909,8443,6/3/2015,5/30/2015,8:54:56,7,29.7,AH0,178,31.9095509,Day,F,L,A,MYSE
151.909,8443,6/3/2015,5/28/2015,8:54:57,7,29.9,AH0,73,32.2725567,Day,F,L,A,MYSE
151.909,8443,6/3/2015,5/29/2015,8:54:57,7,28.5,AH0,114,29.4958625,Day,F,L,A,MYSE
151.909,8443,6/3/2015,5/26/2015,8:54:58,7,27.3,AH0,255,26.6534861,Day,F,L,A,MYSE
151.909,8443,6/3/2015,5/30/2015,8:54:58,7,29.7,AH0,176,31.9095509,Day,F,L,A,MYSE
151.909,8443,6/3/2015,5/29/2015,8:54:59,7,28.5,AH0,112,29.4958625,Day,F,L,A,MYSE
151.909,8443,6/3/2015,5/30/2015,8:55:00,7,29.8,AH0,177,32.0924136,Day,F,L,A,MYSE
151.909,8443,6/3/2015,5/26/2015,8:55:01,7,27.3,AH0,255,26.6534861,Day,F,L,A,MYSE
151.909,8443,6/3/2015,5/29/2015,8:55:01,7,28.5,AH0,112,29.4958625,Day,F,L,A,MYSE
151.909,8443,6/3/2015,5/28/2015,8:55:11,7,29.8,AH0,77,32.0924136,Day,F,L,A,MYSE
151.909,8443,6/3/2015,5/28/2015,8:55:13,7,29.8,AH0,81,32.0924136,Day,F,L,A,MYSE
151.909,8443,6/3/2015,5/26/2015,8:55:14,7,27.3,AH0,255,26.6534861,Day,F,L,A,MYSE
151.909,8443,6/3/2015,5/30/2015,8:55:14,7,29.8,AH0,179,32.0924136,Day,F,L,A,MYSE
151.909,8443,6/3/2015,5/28/2015,8:55:15,7,29.8,AH0,84,32.0924136,Day,F,L,A,MYSE
151.909,8443,6/3/2015,5/26/2015,8:55:16,7,27.3,AH0,255,26.6534861,Day,F,L,A,MYSE
151.909,8443,6/3/2015,5/29/2015,8:55:16,7,28.4,AH0,108,29.2758432,Day,F,L,A,MYSE
151.909,8443,6/3/2015,5/30/2015,8:55:16,7,29.7,AH0,179,31.9095509,Day,F,L,A,MYSE
151.909,8443,6/3/2015,5/28/2015,8:55:17,7,29.8,AH0,78,32.0924136,Day,F,L,A,MYSE
151.909,8443,6/3/2015,5/26/2015,8:55:18,7,27.3,AH0,255,26.6534861,Day,F,L,A,MYSE
151.909,8443,6/3/2015,5/29/2015,8:55:18,7,28.4,AH0,115,29.2758432,Day,F,L,A,MYSE
151.909,8443,6/3/2015,5/30/2015,8:55:18,7,29.7,AH0,179,31.9095509,Day,F,L,A,MYSE
151.909,8443,6/3/2015,5/26/2015,8:55:20,7,27.3,AH0,255,26.6534861,Day,F,L,A,MYSE
151.909,8443,6/3/2015,5/29/2015,8:55:20,7,28.5,AH0,117,29.4958625,Day,F,L,A,MYSE
151.909,8443,6/3/2015,5/30/2015,8:55:20,7,29.8,AH0,178,32.0924136,Day,F,L,A,MYSE
151.909,8443,6/3/2015,5/29/2015,8:55:22,7,28.5,AH0,113,29.4958625,Day,F,L,A,MYSE
151.909,8443,6/3/2015,5/28/2015,8:55:31,7,29.7,AH0,77,31.9095509,Day,F,L,A,MYSE
151.909,8443,6/3/2015,5/28/2015,8:55:33,7,29.8,AH0,77,32.0924136,Day,F,L,A,MYSE
151.909,8443,6/3/2015,5/26/2015,8:55:34,7,27.3,AH0,255,26.6534861,Day,F,L,A,MYSE
151.909,8443,6/3/2015,5/30/2015,8:55:34,7,29.8,AH0,177,32.0924136,Day,F,L,A,MYSE
151.909,8443,6/3/2015,5/28/2015,8:55:35,7,29.8,AH0,73,32.0924136,Day,F,L,A,MYSE
151.909,8443,6/3/2015,5/29/2015,8:55:35,7,28.4,AH0,114,29.2758432,Day,F,L,A,MYSE
151.909,8443,6/3/2015,5/26/2015,8:55:36,7,27.3,AH0,255,26.6534861,Day,F,L,A,MYSE
151.909,8443,6/3/2015,5/30/2015,8:55:36,7,29.8,AH0,179,32.0924136,Day,F,L,A,MYSE
151.909,8443,6/3/2015,5/28/2015,8:55:37,7,29.8,AH0,74,32.0924136,Day,F,L,A,MYSE
151.909,8443,6/3/2015,5/29/2015,8:55:37,7,28.4,AH0,116,29.2758432,Day,F,L,A,MYSE
151.909,8443,6/3/2015,5/26/2015,8:55:38,7,27.3,AH0,255,26.6534861,Day,F,L,A,MYSE
151.909,8443,6/3/2015,5/30/2015,8:55:38,7,29.8,AH0,179,32.0924136,Day,F,L,A,MYSE
151.909,8443,6/3/2015,5/29/2015,8:55:39,7,28.4,AH0,124,29.2758432,Day,F,L,A,MYSE
151.909,8443,6/3/2015,5/26/2015,8:55:40,7,27.3,AH0,255,26.6534861,Day,F,L,A,MYSE
151.909,8443,6/3/2015,5/30/2015,8:55:40,7,29.8,AH0,181,32.0924136,Day,F,L,A,MYSE
151.909,8443,6/3/2015,5/29/2015,8:55:41,7,28.4,AH0,127,29.2758432,Day,F,L,A,MYSE
151.909,8443,6/3/2015,5/28/2015,8:55:51,7,29.7,AH0,73,31.9095509,Day,F,L,A,MYSE
151.909,8443,6/3/2015,5/26/2015,8:55:53,7,27.2,AH0,255,26.3961984,Day,F,L,A,MYSE
151.909,8443,6/3/2015,5/28/2015,8:55:53,7,29.7,AH0,81,31.9095509,Day,F,L,A,MYSE
151.909,8443,6/3/2015,5/28/2015,8:55:55,7,29.7,AH0,75,31.9095509,Day,F,L,A,MYSE
151.909,8443,6/3/2015,5/30/2015,8:55:55,7,29.8,AH0,178,32.0924136,Day,F,L,A,MYSE
151.909,8443,6/3/2015,5/26/2015,8:55:56,7,27.2,AH0,255,26.3961984,Day,F,L,A,MYSE
151.909,8443,6/3/2015,5/29/2015,8:55:56,7,28.3,AH0,110,29.0528271,Day,F,L,A,MYSE
151.909,8443,6/3/2015,5/28/2015,8:55:57,7,29.7,AH0,73,31.9095509,Day,F,L,A,MYSE
151.909,8443,6/3/2015,5/30/2015,8:55:57,7,29.8,AH0,176,32.0924136,Day,F,L,A,MYSE
151.909,8443,6/3/2015,5/26/2015,8:55:58,7,27.2,AH0,255,26.3961984,Day,F,L,A,MYSE
151.909,8443,6/3/2015,5/29/2015,8:55:58,7,28.3,AH0,115,29.0528271,Day,F,L,A,MYSE
151.909,8443,6/3/2015,5/30/2015,8:55:59,7,29.8,AH0,177,32.0924136,Day,F,L,A,MYSE
151.909,8443,6/3/2015,5/26/2015,8:56:00,7,27.2,AH0,255,26.3961984,Day,F,L,A,MYSE
151.909,8443,6/3/2015,5/29/2015,8:56:00,7,28.3,AH0,113,29.0528271,Day,F,L,A,MYSE
151.909,8443,6/3/2015,5/30/2015,8:56:01,7,29.8,AH0,179,32.0924136,Day,F,L,A,MYSE
151.909,8443,6/3/2015,5/29/2015,8:56:02,7,28.3,AH0,103,29.0528271,Day,F,L,A,MYSE
151.909,8443,6/3/2015,5/28/2015,8:56:11,7,29.6,AH0,83,31.7239488,Day,F,L,A,MYSE
151.909,8443,6/3/2015,5/26/2015,8:56:13,7,27.2,AH0,255,26.3961984,Day,F,L,A,MYSE
151.909,8443,6/3/2015,5/28/2015,8:56:13,7,29.6,AH0,81,31.7239488,Day,F,L,A,MYSE
151.909,8443,6/3/2015,5/26/2015,8:56:15,7,27.2,AH0,255,26.3961984,Day,F,L,A,MYSE
151.909,8443,6/3/2015,5/28/2015,8:56:15,7,29.6,AH0,76,31.7239488,Day,F,L,A,MYSE
151.909,8443,6/3/2015,5/29/2015,8:56:15,7,28.3,AH0,83,29.0528271,Day,F,L,A,MYSE
151.909,8443,6/3/2015,5/30/2015,8:56:15,7,29.8,AH0,180,32.0924136,Day,F,L,A,MYSE
151.909,8443,6/3/2015,5/29/2015,8:56:17,7,28.3,AH0,82,29.0528271,Day,F,L,A,MYSE
151.909,8443,6/3/2015,5/30/2015,8:56:17,7,29.8,AH0,178,32.0924136,Day,F,L,A,MYSE
151.909,8443,6/3/2015,5/26/2015,8:56:18,7,27.2,AH0,255,26.3961984,Day,F,L,A,MYSE
151.909,8443,6/3/2015,5/29/2015,8:56:19,7,28.3,AH0,84,29.0528271,Day,F,L,A,MYSE
151.909,8443,6/3/2015,5/30/2015,8:56:19,7,29.8,AH0,175,32.0924136,Day,F,L,A,MYSE
151.909,8443,6/3/2015,5/26/2015,8:56:20,7,27.2,AH0,255,26.3961984,Day,F,L,A,MYSE
151.909,8443,6/3/2015,5/29/2015,8:56:21,7,28.2,AH0,82,28.8267944,Day,F,L,A,MYSE
151.909,8443,6/3/2015,5/30/2015,8:56:21,7,29.8,AH0,180,32.0924136,Day,F,L,A,MYSE
151.909,8443,6/3/2015,5/28/2015,8:56:30,7,29.6,AH0,80,31.7239488,Day,F,L,A,MYSE
151.909,8443,6/3/2015,5/28/2015,8:56:32,7,29.5,AH0,80,31.5355875,Day,F,L,A,MYSE
151.909,8443,6/3/2015,5/26/2015,8:56:33,7,27.2,AH0,255,26.3961984,Day,F,L,A,MYSE
151.909,8443,6/3/2015,5/28/2015,8:56:34,7,29.5,AH0,82,31.5355875,Day,F,L,A,MYSE
151.909,8443,6/3/2015,5/29/2015,8:56:34,7,94,AH0,111,461.3652,Day,F,L,A,MYSE
151.909,8443,6/3/2015,5/26/2015,8:56:35,7,27.2,AH0,255,26.3961984,Day,F,L,A,MYSE
151.909,8443,6/3/2015,5/30/2015,8:56:35,7,29.8,AH0,176,32.0924136,Day,F,L,A,MYSE
151.909,8443,6/3/2015,5/28/2015,8:56:36,7,29.5,AH0,83,31.5355875,Day,F,L,A,MYSE
151.909,8443,6/3/2015,5/26/2015,8:56:37,7,27.2,AH0,255,26.3961984,Day,F,L,A,MYSE
151.909,8443,6/3/2015,5/29/2015,8:56:37,7,39.3,AH0,86,39.8920181,Day,F,L,A,MYSE
151.909,8443,6/3/2015,5/30/2015,8:56:37,7,29.8,AH0,178,32.0924136,Day,F,L,A,MYSE
151.909,8443,6/3/2015,5/29/2015,8:56:38,7,51.9,AH0,100,41.4095747,Day,F,L,A,MYSE
151.909,8443,6/3/2015,5/29/2015,8:56:39,7,60,AH0,31,53.78,Day,F,L,A,MYSE
151.909,8443,6/3/2015,5/30/2015,8:56:39,7,29.9,AH0,178,32.2725567,Day,F,L,A,MYSE
151.909,8443,6/3/2015,5/26/2015,8:56:40,7,27.2,AH0,255,26.3961984,Day,F,L,A,MYSE
151.909,8443,6/3/2015,5/29/2015,8:56:40,7,84.3,AH0,46,261.3145631,Day,F,L,A,MYSE
151.909,8443,6/3/2015,5/30/2015,8:56:41,7,29.9,AH0,178,32.2725567,Day,F,L,A,MYSE
151.909,8443,6/3/2015,5/28/2015,8:56:50,7,29.5,AH0,80,31.5355875,Day,F,L,A,MYSE
151.909,8443,6/3/2015,5/28/2015,8:56:52,7,29.5,AH0,76,31.5355875,Day,F,L,A,MYSE
151.909,8443,6/3/2015,5/28/2015,8:56:54,7,29.5,AH0,84,31.5355875,Day,F,L,A,MYSE
151.909,8443,6/3/2015,5/26/2015,8:56:55,7,27.2,AH0,255,26.3961984,Day,F,L,A,MYSE
151.909,8443,6/3/2015,5/30/2015,8:56:55,7,29.9,AH0,179,32.2725567,Day,F,L,A,MYSE
151.909,8443,6/3/2015,5/28/2015,8:56:56,7,29.4,AH0,85,31.3444472,Day,F,L,A,MYSE
151.909,8443,6/3/2015,5/26/2015,8:56:57,7,27.2,AH0,255,26.3961984,Day,F,L,A,MYSE
151.909,8443,6/3/2015,5/30/2015,8:56:57,7,29.9,AH0,179,32.2725567,Day,F,L,A,MYSE
151.909,8443,6/3/2015,5/30/2015,8:56:59,7,29.9,AH0,177,32.2725567,Day,F,L,A,MYSE
151.909,8443,6/3/2015,5/26/2015,8:57:00,7,27.1,AH0,255,26.1356763,Day,F,L,A,MYSE
151.909,8443,6/3/2015,5/30/2015,8:57:01,7,29.9,AH0,175,32.2725567,Day,F,L,A,MYSE
151.909,8443,6/3/2015,5/28/2015,8:57:10,7,29.2,AH0,65,30.9537504,Day,F,L,A,MYSE
151.909,8443,6/3/2015,5/28/2015,8:57:12,7,29.1,AH0,66,30.7541543,Day,F,L,A,MYSE
151.909,8443,6/3/2015,5/26/2015,8:57:15,7,27.1,AH0,255,26.1356763,Day,F,L,A,MYSE
151.909,8443,6/3/2015,5/28/2015,8:57:15,7,29.1,AH0,69,30.7541543,Day,F,L,A,MYSE
151.909,8443,6/3/2015,5/30/2015,8:57:15,7,29.9,AH0,176,32.2725567,Day,F,L,A,MYSE
151.909,8443,6/3/2015,5/26/2015,8:57:17,7,27.1,AH0,255,26.1356763,Day,F,L,A,MYSE
151.909,8443,6/3/2015,5/28/2015,8:57:17,7,29.1,AH0,66,30.7541543,Day,F,L,A,MYSE
151.909,8443,6/3/2015,5/30/2015,8:57:17,7,29.9,AH0,176,32.2725567,Day,F,L,A,MYSE
151.909,8443,6/3/2015,5/26/2015,8:57:19,7,27.1,AH0,255,26.1356763,Day,F,L,A,MYSE
151.909,8443,6/3/2015,5/30/2015,8:57:19,7,29.9,AH0,178,32.2725567,Day,F,L,A,MYSE
151.909,8443,6/3/2015,5/30/2015,8:57:21,7,29.9,AH0,176,32.2725567,Day,F,L,A,MYSE
151.909,8443,6/3/2015,5/28/2015,8:57:31,7,29,AH0,69,30.5517,Day,F,L,A,MYSE
151.909,8443,6/3/2015,5/28/2015,8:57:33,7,29,AH0,65,30.5517,Day,F,L,A,MYSE
151.909,8443,6/3/2015,5/26/2015,8:57:35,7,27.1,AH0,255,26.1356763,Day,F,L,A,MYSE
151.909,8443,6/3/2015,5/28/2015,8:57:35,7,29,AH0,70,30.5517,Day,F,L,A,MYSE
151.909,8443,6/3/2015,5/30/2015,8:57:35,7,29.9,AH0,180,32.2725567,Day,F,L,A,MYSE
151.909,8443,6/3/2015,5/26/2015,8:57:37,7,27.1,AH0,255,26.1356763,Day,F,L,A,MYSE
151.909,8443,6/3/2015,5/30/2015,8:57:37,7,29.9,AH0,174,32.2725567,Day,F,L,A,MYSE
151.909,8443,6/3/2015,5/26/2015,8:57:39,7,27.1,AH0,255,26.1356763,Day,F,L,A,MYSE
151.909,8443,6/3/2015,5/30/2015,8:57:39,7,29.9,AH0,176,32.2725567,Day,F,L,A,MYSE
151.909,8443,6/3/2015,5/28/2015,8:57:50,7,28.9,AH0,61,30.3463677,Day,F,L,A,MYSE
151.909,8443,6/3/2015,5/28/2015,8:57:52,7,28.9,AH0,59,30.3463677,Day,F,L,A,MYSE
151.909,8443,6/3/2015,5/30/2015,8:57:53,7,29.9,AH0,178,32.2725567,Day,F,L,A,MYSE
151.909,8443,6/3/2015,5/28/2015,8:57:54,7,28.9,AH0,63,30.3463677,Day,F,L,A,MYSE
151.909,8443,6/3/2015,5/26/2015,8:57:55,7,27.1,AH0,255,26.1356763,Day,F,L,A,MYSE
151.909,8443,6/3/2015,5/30/2015,8:57:55,7,29.9,AH0,178,32.2725567,Day,F,L,A,MYSE
151.909,8443,6/3/2015,5/28/2015,8:57:56,7,28.8,AH0,59,30.1381376,Day,F,L,A,MYSE
151.909,8443,6/3/2015,5/26/2015,8:57:57,7,27.1,AH0,255,26.1356763,Day,F,L,A,MYSE
151.909,8443,6/3/2015,5/30/2015,8:57:57,7,29.9,AH0,178,32.2725567,Day,F,L,A,MYSE
151.909,8443,6/3/2015,5/26/2015,8:57:59,7,27.1,AH0,255,26.1356763,Day,F,L,A,MYSE
151.909,8443,6/3/2015,5/30/2015,8:57:59,7,29.9,AH0,177,32.2725567,Day,F,L,A,MYSE
151.909,8443,6/3/2015,5/28/2015,8:58:11,7,28.8,AH0,49,30.1381376,Day,F,L,A,MYSE
151.909,8443,6/3/2015,5/28/2015,8:58:13,7,28.8,AH0,55,30.1381376,Day,F,L,A,MYSE
151.909,8443,6/3/2015,5/30/2015,8:58:13,7,30,AH0,176,32.45,Day,F,L,A,MYSE
151.909,8443,6/3/2015,5/26/2015,8:58:15,7,27.1,AH0,255,26.1356763,Day,F,L,A,MYSE
151.909,8443,6/3/2015,5/28/2015,8:58:15,7,28.8,AH0,53,30.1381376,Day,F,L,A,MYSE
151.909,8443,6/3/2015,5/30/2015,8:58:15,7,30,AH0,179,32.45,Day,F,L,A,MYSE
151.909,8443,6/3/2015,5/26/2015,8:58:17,7,27.1,AH0,255,26.1356763,Day,F,L,A,MYSE
151.909,8443,6/3/2015,5/28/2015,8:58:17,7,28.8,AH0,54,30.1381376,Day,F,L,A,MYSE
151.909,8443,6/3/2015,5/30/2015,8:58:17,7,30,AH0,178,32.45,Day,F,L,A,MYSE
151.909,8443,6/3/2015,5/26/2015,8:58:19,7,27.1,AH0,255,26.1356763,Day,F,L,A,MYSE
151.909,8443,6/3/2015,5/30/2015,8:58:19,7,30,AH0,178,32.45,Day,F,L,A,MYSE
151.909,8443,6/3/2015,5/28/2015,8:58:31,7,28.8,AH0,60,30.1381376,Day,F,L,A,MYSE
151.909,8443,6/3/2015,5/28/2015,8:58:33,7,28.8,AH0,58,30.1381376,Day,F,L,A,MYSE
151.909,8443,6/3/2015,5/30/2015,8:58:33,7,30,AH0,178,32.45,Day,F,L,A,MYSE
151.909,8443,6/3/2015,5/26/2015,8:58:35,7,27.1,AH0,255,26.1356763,Day,F,L,A,MYSE
151.909,8443,6/3/2015,5/30/2015,8:58:35,7,30,AH0,178,32.45,Day,F,L,A,MYSE
151.909,8443,6/3/2015,5/28/2015,8:58:36,7,28.8,AH0,60,30.1381376,Day,F,L,A,MYSE
151.909,8443,6/3/2015,5/26/2015,8:58:37,7,27.1,AH0,255,26.1356763,Day,F,L,A,MYSE
151.909,8443,6/3/2015,5/30/2015,8:58:37,7,30,AH0,181,32.45,Day,F,L,A,MYSE
151.909,8443,6/3/2015,5/26/2015,8:58:39,7,27.1,AH0,255,26.1356763,Day,F,L,A,MYSE
151.909,8443,6/3/2015,5/30/2015,8:58:39,7,30,AH0,179,32.45,Day,F,L,A,MYSE
151.909,8443,6/3/2015,5/28/2015,8:58:50,7,28.9,AH0,58,30.3463677,Day,F,L,A,MYSE
151.909,8443,6/3/2015,5/28/2015,8:58:52,7,28.8,AH0,55,30.1381376,Day,F,L,A,MYSE
151.909,8443,6/3/2015,5/30/2015,8:58:53,7,30,AH0,179,32.45,Day,F,L,A,MYSE
151.909,8443,6/3/2015,5/28/2015,8:58:54,7,28.9,AH0,50,30.3463677,Day,F,L,A,MYSE
151.909,8443,6/3/2015,5/26/2015,8:58:55,7,27,AH0,255,25.8719,Day,F,L,A,MYSE
151.909,8443,6/3/2015,5/30/2015,8:58:55,7,30,AH0,179,32.45,Day,F,L,A,MYSE
151.909,8443,6/3/2015,5/28/2015,8:58:56,7,29,AH0,56,30.5517,Day,F,L,A,MYSE
151.909,8443,6/3/2015,5/26/2015,8:58:57,7,27,AH0,255,25.8719,Day,F,L,A,MYSE
151.909,8443,6/3/2015,5/30/2015,8:58:57,7,30,AH0,179,32.45,Day,F,L,A,MYSE
151.909,8443,6/3/2015,5/26/2015,8:58:59,7,27,AH0,255,25.8719,Day,F,L,A,MYSE
151.909,8443,6/3/2015,5/30/2015,8:58:59,7,30,AH0,178,32.45,Day,F,L,A,MYSE
151.909,8443,6/3/2015,5/28/2015,8:59:11,7,29,AH0,53,30.5517,Day,F,L,A,MYSE
151.909,8443,6/3/2015,5/28/2015,8:59:13,7,29.1,AH0,52,30.7541543,Day,F,L,A,MYSE
151.909,8443,6/3/2015,5/30/2015,8:59:13,7,30,AH0,177,32.45,Day,F,L,A,MYSE
151.909,8443,6/3/2015,5/26/2015,8:59:15,7,27,AH0,255,25.8719,Day,F,L,A,MYSE
151.909,8443,6/3/2015,5/28/2015,8:59:15,7,29.3,AH0,60,31.1505081,Day,F,L,A,MYSE
151.909,8443,6/3/2015,5/30/2015,8:59:15,7,30,AH0,177,32.45,Day,F,L,A,MYSE
151.909,8443,6/3/2015,5/26/2015,8:59:17,7,27,AH0,255,25.8719,Day,F,L,A,MYSE
151.909,8443,6/3/2015,5/28/2015,8:59:17,7,29.1,AH0,57,30.7541543,Day,F,L,A,MYSE
151.909,8443,6/3/2015,5/30/2015,8:59:17,7,30,AH0,178,32.45,Day,F,L,A,MYSE
151.909,8443,6/3/2015,5/26/2015,8:59:19,7,27,AH0,255,25.8719,Day,F,L,A,MYSE
151.909,8443,6/3/2015,5/30/2015,8:59:19,7,30,AH0,178,32.45,Day,F,L,A,MYSE
151.909,8443,6/3/2015,5/28/2015,8:59:29,7,29.1,AH0,50,30.7541543,Day,F,L,A,MYSE
151.909,8443,6/3/2015,5/28/2015,8:59:32,7,29.3,AH0,50,31.1505081,Day,F,L,A,MYSE
151.909,8443,6/3/2015,5/30/2015,8:59:33,7,30,AH0,179,32.45,Day,F,L,A,MYSE
151.909,8443,6/3/2015,5/28/2015,8:59:34,7,29.2,AH0,44,30.9537504,Day,F,L,A,MYSE
151.909,8443,6/3/2015,5/26/2015,8:59:35,7,27,AH0,255,25.8719,Day,F,L,A,MYSE
151.909,8443,6/3/2015,5/30/2015,8:59:35,7,30,AH0,178,32.45,Day,F,L,A,MYSE
151.909,8443,6/3/2015,5/28/2015,8:59:36,7,29.2,AH0,47,30.9537504,Day,F,L,A,MYSE
151.909,8443,6/3/2015,5/26/2015,8:59:37,7,27,AH0,255,25.8719,Day,F,L,A,MYSE
151.909,8443,6/3/2015,5/30/2015,8:59:37,7,30,AH0,177,32.45,Day,F,L,A,MYSE
151.909,8443,6/3/2015,5/26/2015,8:59:39,7,27,AH0,255,25.8719,Day,F,L,A,MYSE
151.909,8443,6/3/2015,5/29/2015,8:59:39,7,11.5,AH0,23,-66.8843625,Day,F,L,A,MYSE
151.909,8443,6/3/2015,5/30/2015,8:59:39,7,30,AH0,178,32.45,Day,F,L,A,MYSE
151.909,8443,6/3/2015,5/30/2015,8:59:53,7,30,AH0,178,32.45,Day,F,L,A,MYSE
151.909,8443,6/3/2015,5/26/2015,8:59:55,7,27,AH0,255,25.8719,Day,F,L,A,MYSE
151.909,8443,6/3/2015,5/30/2015,8:59:55,7,29.9,AH0,179,32.2725567,Day,F,L,A,MYSE
151.909,8443,6/3/2015,5/26/2015,8:59:57,7,27,AH0,255,25.8719,Day,F,L,A,MYSE
151.909,8443,6/3/2015,5/30/2015,8:59:57,7,29.9,AH0,178,32.2725567,Day,F,L,A,MYSE
151.909,8443,6/3/2015,5/26/2015,8:59:59,7,27,AH0,255,25.8719,Day,F,L,A,MYSE
151.909,8443,6/3/2015,5/29/2015,8:59:59,7,16.1,AH0,40,-26.7805827,Day,F,L,A,MYSE
151.909,8443,6/3/2015,5/30/2015,8:59:59,7,29.9,AH0,181,32.2725567,Day,F,L,A,MYSE
151.909,8443,6/3/2015,5/30/2015,9:00:13,7,29.9,AH0,181,32.2725567,Day,F,L,A,MYSE
151.909,8443,6/3/2015,5/26/2015,9:00:15,7,27,AH0,255,25.8719,Day,F,L,A,MYSE
151.909,8443,6/3/2015,5/30/2015,9:00:15,7,29.9,AH0,177,32.2725567,Day,F,L,A,MYSE
151.909,8443,6/3/2015,5/26/2015,9:00:17,7,27,AH0,255,25.8719,Day,F,L,A,MYSE
151.909,8443,6/3/2015,5/30/2015,9:00:17,7,29.9,AH0,181,32.2725567,Day,F,L,A,MYSE
151.909,8443,6/3/2015,5/26/2015,9:00:19,7,27,AH0,255,25.8719,Day,F,L,A,MYSE
151.909,8443,6/3/2015,5/30/2015,9:00:19,7,29.9,AH0,180,32.2725567,Day,F,L,A,MYSE
151.909,8443,6/3/2015,5/28/2015,9:00:31,7,29.3,AH0,49,31.1505081,Day,F,L,A,MYSE
151.909,8443,6/3/2015,5/28/2015,9:00:33,7,29.2,AH0,42,30.9537504,Day,F,L,A,MYSE
151.909,8443,6/3/2015,5/30/2015,9:00:33,7,29.9,AH0,179,32.2725567,Day,F,L,A,MYSE
151.909,8443,6/3/2015,5/26/2015,9:00:35,7,27,AH0,255,25.8719,Day,F,L,A,MYSE
151.909,8443,6/3/2015,5/28/2015,9:00:35,7,29.3,AH0,48,31.1505081,Day,F,L,A,MYSE
151.909,8443,6/3/2015,5/30/2015,9:00:35,7,29.9,AH0,179,32.2725567,Day,F,L,A,MYSE
151.909,8443,6/3/2015,5/26/2015,9:00:37,7,27,AH0,255,25.8719,Day,F,L,A,MYSE
151.909,8443,6/3/2015,5/30/2015,9:00:37,7,29.9,AH0,179,32.2725567,Day,F,L,A,MYSE
151.909,8443,6/3/2015,5/26/2015,9:00:39,7,27,AH0,255,25.8719,Day,F,L,A,MYSE
151.909,8443,6/3/2015,5/30/2015,9:00:39,7,29.9,AH0,180,32.2725567,Day,F,L,A,MYSE
151.909,8443,6/3/2015,5/30/2015,9:00:53,7,29.9,AH0,179,32.2725567,Day,F,L,A,MYSE
151.909,8443,6/3/2015,5/26/2015,9:00:55,7,26.9,AH0,255,25.6048497,Day,F,L,A,MYSE
151.909,8443,6/3/2015,5/30/2015,9:00:55,7,29.9,AH0,176,32.2725567,Day,F,L,A,MYSE
151.909,8443,6/3/2015,5/26/2015,9:00:57,7,27,AH0,255,25.8719,Day,F,L,A,MYSE
151.909,8443,6/3/2015,5/29/2015,9:00:57,7,13.9,AH0,13,-44.4080673,Day,F,L,A,MYSE
151.909,8443,6/3/2015,5/30/2015,9:00:57,7,29.9,AH0,176,32.2725567,Day,F,L,A,MYSE
151.909,8443,6/3/2015,5/26/2015,9:00:59,7,26.9,AH0,255,25.6048497,Day,F,L,A,MYSE
151.909,8443,6/3/2015,5/29/2015,9:00:59,7,27.9,AH0,68,28.1303987,Day,F,L,A,MYSE
151.909,8443,6/3/2015,5/30/2015,9:00:59,7,29.9,AH0,180,32.2725567,Day,F,L,A,MYSE
151.909,8443,6/3/2015,5/29/2015,9:01:01,7,27.7,AH0,67,27.6506889,Day,F,L,A,MYSE
151.909,8443,6/3/2015,5/30/2015,9:01:13,7,29.9,AH0,175,32.2725567,Day,F,L,A,MYSE
151.909,8443,6/3/2015,5/29/2015,9:01:14,7,27.8,AH0,188,27.8921016,Day,F,L,A,MYSE
151.909,8443,6/3/2015,5/26/2015,9:01:15,7,26.9,AH0,255,25.6048497,Day,F,L,A,MYSE
151.909,8443,6/3/2015,5/30/2015,9:01:16,7,29.9,AH0,179,32.2725567,Day,F,L,A,MYSE
151.909,8443,6/3/2015,5/26/2015,9:01:17,7,26.9,AH0,255,25.6048497,Day,F,L,A,MYSE
151.909,8443,6/3/2015,5/29/2015,9:01:17,7,19.1,AH0,221,-6.9390357,Day,F,L,A,MYSE
151.909,8443,6/3/2015,5/30/2015,9:01:18,7,29.9,AH0,179,32.2725567,Day,F,L,A,MYSE
151.909,8443,6/3/2015,5/26/2015,9:01:19,7,26.9,AH0,255,25.6048497,Day,F,L,A,MYSE
151.909,8443,6/3/2015,5/29/2015,9:01:20,7,19.4,AH0,225,-5.2031928,Day,F,L,A,MYSE
151.909,8443,6/3/2015,5/30/2015,9:01:20,7,29.9,AH0,177,32.2725567,Day,F,L,A,MYSE
151.909,8443,6/3/2015,5/29/2015,9:01:34,7,29.6,AH0,232,31.7239488,Day,F,L,A,MYSE
151.909,8443,6/3/2015,5/30/2015,9:01:34,7,29.9,AH0,179,32.2725567,Day,F,L,A,MYSE
151.909,8443,6/3/2015,5/26/2015,9:01:35,7,26.9,AH0,255,25.6048497,Day,F,L,A,MYSE
151.909,8443,6/3/2015,5/30/2015,9:01:36,7,29.9,AH0,179,32.2725567,Day,F,L,A,MYSE
151.909,8443,6/3/2015,5/26/2015,9:01:37,7,26.9,AH0,255,25.6048497,Day,F,L,A,MYSE
151.909,8443,6/3/2015,5/29/2015,9:01:37,7,29.6,AH0,228,31.7239488,Day,F,L,A,MYSE
151.909,8443,6/3/2015,5/30/2015,9:01:38,7,29.9,AH0,180,32.2725567,Day,F,L,A,MYSE
151.909,8443,6/3/2015,5/26/2015,9:01:39,7,26.9,AH0,255,25.6048497,Day,F,L,A,MYSE
151.909,8443,6/3/2015,5/29/2015,9:01:39,7,29.4,AH0,234,31.3444472,Day,F,L,A,MYSE
151.909,8443,6/3/2015,5/29/2015,9:01:40,7,32.8,AH0,233,36.4026816,Day,F,L,A,MYSE
151.909,8443,6/3/2015,5/30/2015,9:01:40,7,29.9,AH0,180,32.2725567,Day,F,L,A,MYSE
151.909,8443,6/3/2015,5/30/2015,9:01:54,7,29.9,AH0,181,32.2725567,Day,F,L,A,MYSE
151.909,8443,6/3/2015,5/26/2015,9:01:55,7,26.9,AH0,255,25.6048497,Day,F,L,A,MYSE
151.909,8443,6/3/2015,5/29/2015,9:01:55,7,29.1,AH0,235,30.7541543,Day,F,L,A,MYSE
151.909,8443,6/3/2015,5/30/2015,9:01:56,7,29.9,AH0,181,32.2725567,Day,F,L,A,MYSE
151.909,8443,6/3/2015,5/26/2015,9:01:57,7,26.9,AH0,255,25.6048497,Day,F,L,A,MYSE
151.909,8443,6/3/2015,5/29/2015,9:01:57,7,29,AH0,231,30.5517,Day,F,L,A,MYSE
151.909,8443,6/3/2015,5/30/2015,9:01:58,7,29.9,AH0,180,32.2725567,Day,F,L,A,MYSE
151.909,8443,6/3/2015,5/26/2015,9:01:59,7,26.9,AH0,255,25.6048497,Day,F,L,A,MYSE
151.909,8443,6/3/2015,5/29/2015,9:01:59,7,29,AH0,239,30.5517,Day,F,L,A,MYSE
151.909,8443,6/3/2015,5/30/2015,9:02:00,7,29.9,AH0,179,32.2725567,Day,F,L,A,MYSE
151.909,8443,6/3/2015,5/29/2015,9:02:01,7,29,AH0,239,30.5517,Day,F,L,A,MYSE
151.909,8443,6/3/2015,5/30/2015,9:02:14,7,29.9,AH0,175,32.2725567,Day,F,L,A,MYSE
151.909,8443,6/3/2015,5/26/2015,9:02:15,7,26.9,AH0,255,25.6048497,Day,F,L,A,MYSE
151.909,8443,6/3/2015,5/29/2015,9:02:15,7,28.8,AH0,234,30.1381376,Day,F,L,A,MYSE
151.909,8443,6/3/2015,5/30/2015,9:02:16,7,29.9,AH0,172,32.2725567,Day,F,L,A,MYSE
151.909,8443,6/3/2015,5/26/2015,9:02:17,7,26.9,AH0,255,25.6048497,Day,F,L,A,MYSE
151.909,8443,6/3/2015,5/29/2015,9:02:17,7,28.9,AH0,235,30.3463677,Day,F,L,A,MYSE
151.909,8443,6/3/2015,5/30/2015,9:02:18,7,29.9,AH0,175,32.2725567,Day,F,L,A,MYSE
151.909,8443,6/3/2015,5/26/2015,9:02:20,7,26.9,AH0,255,25.6048497,Day,F,L,A,MYSE
151.909,8443,6/3/2015,5/29/2015,9:02:20,7,28.9,AH0,239,30.3463677,Day,F,L,A,MYSE
151.909,8443,6/3/2015,5/30/2015,9:02:20,7,29.9,AH0,174,32.2725567,Day,F,L,A,MYSE
151.909,8443,6/3/2015,5/26/2015,9:02:33,7,26.9,AH0,255,25.6048497,Day,F,L,A,MYSE
151.909,8443,6/3/2015,5/29/2015,9:02:34,7,28.9,AH0,244,30.3463677,Day,F,L,A,MYSE
151.909,8443,6/3/2015,5/30/2015,9:02:34,7,30.2,AH0,160,32.7968664,Day,F,L,A,MYSE
151.909,8443,6/3/2015,5/26/2015,9:02:35,7,26.9,AH0,255,25.6048497,Day,F,L,A,MYSE
151.909,8443,6/3/2015,5/29/2015,9:02:36,7,28.9,AH0,240,30.3463677,Day,F,L,A,MYSE
151.909,8443,6/3/2015,5/30/2015,9:02:36,7,30.3,AH0,159,32.9663291,Day,F,L,A,MYSE
151.909,8443,6/3/2015,5/26/2015,9:02:37,7,26.9,AH0,255,25.6048497,Day,F,L,A,MYSE
151.909,8443,6/3/2015,5/29/2015,9:02:38,7,28.9,AH0,244,30.3463677,Day,F,L,A,MYSE
151.909,8443,6/3/2015,5/30/2015,9:02:38,7,30.3,AH0,160,32.9663291,Day,F,L,A,MYSE
151.909,8443,6/3/2015,5/26/2015,9:02:40,7,26.9,AH0,255,25.6048497,Day,F,L,A,MYSE
151.909,8443,6/3/2015,5/29/2015,9:02:40,7,28.8,AH0,245,30.1381376,Day,F,L,A,MYSE
151.909,8443,6/3/2015,5/30/2015,9:02:40,7,30.4,AH0,157,33.1331712,Day,F,L,A,MYSE
151.909,8443,6/3/2015,5/26/2015,9:02:53,7,26.9,AH0,255,25.6048497,Day,F,L,A,MYSE
151.909,8443,6/3/2015,5/30/2015,9:02:53,7,30.6,AH0,160,33.4590728,Day,F,L,A,MYSE
151.909,8443,6/3/2015,5/26/2015,9:02:55,7,26.9,AH0,255,25.6048497,Day,F,L,A,MYSE
151.909,8443,6/3/2015,5/29/2015,9:02:55,7,28.8,AH0,239,30.1381376,Day,F,L,A,MYSE
151.909,8443,6/3/2015,5/30/2015,9:02:55,7,30.6,AH0,172,33.4590728,Day,F,L,A,MYSE
151.909,8443,6/3/2015,5/29/2015,9:02:57,7,28.9,AH0,240,30.3463677,Day,F,L,A,MYSE
151.909,8443,6/3/2015,5/30/2015,9:02:57,7,30.5,AH0,171,33.2974125,Day,F,L,A,MYSE
151.909,8443,6/3/2015,5/26/2015,9:02:58,7,26.9,AH0,255,25.6048497,Day,F,L,A,MYSE
151.909,8443,6/3/2015,5/29/2015,9:02:59,7,28.9,AH0,237,30.3463677,Day,F,L,A,MYSE
151.909,8443,6/3/2015,5/30/2015,9:02:59,7,30.5,AH0,171,33.2974125,Day,F,L,A,MYSE
151.909,8443,6/3/2015,5/26/2015,9:03:00,7,26.9,AH0,255,25.6048497,Day,F,L,A,MYSE
151.909,8443,6/3/2015,5/29/2015,9:03:01,7,29,AH0,240,30.5517,Day,F,L,A,MYSE
151.909,8443,6/3/2015,5/26/2015,9:03:13,7,26.9,AH0,255,25.6048497,Day,F,L,A,MYSE
151.909,8443,6/3/2015,5/30/2015,9:03:13,7,30.2,AH0,169,32.7968664,Day,F,L,A,MYSE
151.909,8443,6/3/2015,5/26/2015,9:03:15,7,26.9,AH0,255,25.6048497,Day,F,L,A,MYSE
151.909,8443,6/3/2015,5/30/2015,9:03:15,7,30.2,AH0,160,32.7968664,Day,F,L,A,MYSE
151.909,8443,6/3/2015,5/29/2015,9:03:16,7,29.2,AH0,247,30.9537504,Day,F,L,A,MYSE
151.909,8443,6/3/2015,5/30/2015,9:03:17,7,30.2,AH0,160,32.7968664,Day,F,L,A,MYSE
151.909,8443,6/3/2015,5/26/2015,9:03:18,7,26.9,AH0,255,25.6048497,Day,F,L,A,MYSE
151.909,8443,6/3/2015,5/29/2015,9:03:18,7,29.3,AH0,250,31.1505081,Day,F,L,A,MYSE
151.909,8443,6/3/2015,5/30/2015,9:03:19,7,30.2,AH0,162,32.7968664,Day,F,L,A,MYSE
151.909,8443,6/3/2015,5/26/2015,9:03:20,7,26.9,AH0,255,25.6048497,Day,F,L,A,MYSE
151.909,8443,6/3/2015,5/29/2015,9:03:20,7,29.3,AH0,247,31.1505081,Day,F,L,A,MYSE
151.909,8443,6/3/2015,5/26/2015,9:03:33,7,26.8,AH0,255,25.3345056,Day,F,L,A,MYSE
151.909,8443,6/3/2015,5/30/2015,9:03:33,7,30.1,AH0,166,32.6247633,Day,F,L,A,MYSE
151.909,8443,6/3/2015,5/29/2015,9:03:34,7,29.4,AH0,250,31.3444472,Day,F,L,A,MYSE
151.909,8443,6/3/2015,5/30/2015,9:03:35,7,30.1,AH0,163,32.6247633,Day,F,L,A,MYSE
151.909,8443,6/3/2015,5/26/2015,9:03:36,7,26.9,AH0,255,25.6048497,Day,F,L,A,MYSE
151.909,8443,6/3/2015,5/29/2015,9:03:36,7,29.4,AH0,248,31.3444472,Day,F,L,A,MYSE
151.909,8443,6/3/2015,5/30/2015,9:03:37,7,30.1,AH0,157,32.6247633,Day,F,L,A,MYSE
151.909,8443,6/3/2015,5/26/2015,9:03:38,7,26.8,AH0,255,25.3345056,Day,F,L,A,MYSE
151.909,8443,6/3/2015,5/29/2015,9:03:38,7,29.5,AH0,250,31.5355875,Day,F,L,A,MYSE
151.909,8443,6/3/2015,5/30/2015,9:03:39,7,30.1,AH0,163,32.6247633,Day,F,L,A,MYSE
151.909,8443,6/3/2015,5/26/2015,9:03:40,7,26.8,AH0,255,25.3345056,Day,F,L,A,MYSE
151.909,8443,6/3/2015,5/29/2015,9:03:40,7,29.5,AH0,248,31.5355875,Day,F,L,A,MYSE
151.909,8443,6/3/2015,5/26/2015,9:03:53,7,26.8,AH0,255,25.3345056,Day,F,L,A,MYSE
151.909,8443,6/3/2015,5/30/2015,9:03:53,7,30,AH0,161,32.45,Day,F,L,A,MYSE
151.909,8443,6/3/2015,5/29/2015,9:03:54,7,29.5,AH0,251,31.5355875,Day,F,L,A,MYSE
151.909,8443,6/3/2015,5/30/2015,9:03:55,7,30,AH0,163,32.45,Day,F,L,A,MYSE
151.909,8443,6/3/2015,5/26/2015,9:03:56,7,26.8,AH0,255,25.3345056,Day,F,L,A,MYSE
151.909,8443,6/3/2015,5/29/2015,9:03:56,7,29.5,AH0,249,31.5355875,Day,F,L,A,MYSE
151.909,8443,6/3/2015,5/30/2015,9:03:57,7,30,AH0,164,32.45,Day,F,L,A,MYSE
151.909,8443,6/3/2015,5/26/2015,9:03:58,7,26.8,AH0,255,25.3345056,Day,F,L,A,MYSE
151.909,8443,6/3/2015,5/29/2015,9:03:58,7,29.6,AH0,251,31.7239488,Day,F,L,A,MYSE
151.909,8443,6/3/2015,5/30/2015,9:03:59,7,30,AH0,162,32.45,Day,F,L,A,MYSE
151.909,8443,6/3/2015,5/26/2015,9:04:00,7,26.8,AH0,255,25.3345056,Day,F,L,A,MYSE
151.909,8443,6/3/2015,5/29/2015,9:04:00,7,29.6,AH0,250,31.7239488,Day,F,L,A,MYSE
151.909,8443,6/3/2015,5/30/2015,9:04:13,7,30,AH0,167,32.45,Day,F,L,A,MYSE
151.909,8443,6/3/2015,5/26/2015,9:04:14,7,26.8,AH0,255,25.3345056,Day,F,L,A,MYSE
151.909,8443,6/3/2015,5/29/2015,9:04:15,7,29.6,AH0,250,31.7239488,Day,F,L,A,MYSE
151.909,8443,6/3/2015,5/30/2015,9:04:15,7,30,AH0,165,32.45,Day,F,L,A,MYSE
151.909,8443,6/3/2015,5/26/2015,9:04:16,7,26.8,AH0,255,25.3345056,Day,F,L,A,MYSE
151.909,8443,6/3/2015,5/29/2015,9:04:17,7,29.6,AH0,248,31.7239488,Day,F,L,A,MYSE
151.909,8443,6/3/2015,5/30/2015,9:04:17,7,30,AH0,168,32.45,Day,F,L,A,MYSE
151.909,8443,6/3/2015,5/26/2015,9:04:18,7,26.8,AH0,255,25.3345056,Day,F,L,A,MYSE
151.909,8443,6/3/2015,5/29/2015,9:04:19,7,29.7,AH0,250,31.9095509,Day,F,L,A,MYSE
151.909,8443,6/3/2015,5/30/2015,9:04:19,7,30.1,AH0,165,32.6247633,Day,F,L,A,MYSE
151.909,8443,6/3/2015,5/26/2015,9:04:20,7,26.8,AH0,255,25.3345056,Day,F,L,A,MYSE
151.909,8443,6/3/2015,5/29/2015,9:04:21,7,29.7,AH0,246,31.9095509,Day,F,L,A,MYSE
151.909,8443,6/3/2015,5/26/2015,9:04:34,7,26.8,AH0,255,25.3345056,Day,F,L,A,MYSE
151.909,8443,6/3/2015,5/29/2015,9:04:35,7,29.8,AH0,253,32.0924136,Day,F,L,A,MYSE
151.909,8443,6/3/2015,5/30/2015,9:04:35,7,30.4,AH0,165,33.1331712,Day,F,L,A,MYSE
151.909,8443,6/3/2015,5/26/2015,9:04:36,7,26.8,AH0,255,25.3345056,Day,F,L,A,MYSE
151.909,8443,6/3/2015,5/29/2015,9:04:37,7,29.8,AH0,252,32.0924136,Day,F,L,A,MYSE
151.909,8443,6/3/2015,5/30/2015,9:04:37,7,30.5,AH0,167,33.2974125,Day,F,L,A,MYSE
151.909,8443,6/3/2015,5/26/2015,9:04:38,7,26.8,AH0,255,25.3345056,Day,F,L,A,MYSE
151.909,8443,6/3/2015,5/29/2015,9:04:39,7,29.8,AH0,253,32.0924136,Day,F,L,A,MYSE
151.909,8443,6/3/2015,5/30/2015,9:04:39,7,30.5,AH0,167,33.2974125,Day,F,L,A,MYSE
151.909,8443,6/3/2015,5/26/2015,9:04:40,7,26.8,AH0,255,25.3345056,Day,F,L,A,MYSE
151.909,8443,6/3/2015,5/29/2015,9:04:41,7,29.8,AH0,253,32.0924136,Day,F,L,A,MYSE
151.909,8443,6/3/2015,5/30/2015,9:04:41,7,30.5,AH0,165,33.2974125,Day,F,L,A,MYSE
151.909,8443,6/3/2015,5/26/2015,9:04:54,7,26.8,AH0,255,25.3345056,Day,F,L,A,MYSE
151.909,8443,6/3/2015,5/30/2015,9:04:54,7,30.7,AH0,166,33.6181719,Day,F,L,A,MYSE
151.909,8443,6/3/2015,5/29/2015,9:04:55,7,29.7,AH0,252,31.9095509,Day,F,L,A,MYSE
151.909,8443,6/3/2015,5/26/2015,9:04:56,7,26.8,AH0,255,25.3345056,Day,F,L,A,MYSE
151.909,8443,6/3/2015,5/30/2015,9:04:56,7,30.7,AH0,169,33.6181719,Day,F,L,A,MYSE
151.909,8443,6/3/2015,5/29/2015,9:04:57,7,29.7,AH0,252,31.9095509,Day,F,L,A,MYSE
151.909,8443,6/3/2015,5/26/2015,9:04:58,7,26.8,AH0,255,25.3345056,Day,F,L,A,MYSE
151.909,8443,6/3/2015,5/30/2015,9:04:58,7,30.7,AH0,170,33.6181719,Day,F,L,A,MYSE
151.909,8443,6/3/2015,5/29/2015,9:04:59,7,29.7,AH0,253,31.9095509,Day,F,L,A,MYSE
151.909,8443,6/3/2015,5/30/2015,9:05:00,7,30.7,AH0,167,33.6181719,Day,F,L,A,MYSE
151.909,8443,6/3/2015,5/26/2015,9:05:01,7,26.8,AH0,255,25.3345056,Day,F,L,A,MYSE
151.909,8443,6/3/2015,5/29/2015,9:05:01,7,29.7,AH0,254,31.9095509,Day,F,L,A,MYSE
151.909,8443,6/3/2015,5/26/2015,9:05:14,7,26.8,AH0,255,25.3345056,Day,F,L,A,MYSE
151.909,8443,6/3/2015,5/30/2015,9:05:14,7,30.8,AH0,165,33.7747296,Day,F,L,A,MYSE
151.909,8443,6/3/2015,5/29/2015,9:05:15,7,29.7,AH0,253,31.9095509,Day,F,L,A,MYSE
151.909,8443,6/3/2015,5/26/2015,9:05:16,7,26.8,AH0,255,25.3345056,Day,F,L,A,MYSE
151.909,8443,6/3/2015,5/30/2015,9:05:16,7,30.8,AH0,170,33.7747296,Day,F,L,A,MYSE
151.909,8443,6/3/2015,5/29/2015,9:05:17,7,29.7,AH0,252,31.9095509,Day,F,L,A,MYSE
151.909,8443,6/3/2015,5/26/2015,9:05:18,7,26.8,AH0,255,25.3345056,Day,F,L,A,MYSE
151.909,8443,6/3/2015,5/30/2015,9:05:18,7,30.8,AH0,167,33.7747296,Day,F,L,A,MYSE
151.909,8443,6/3/2015,5/29/2015,9:05:19,7,29.7,AH0,253,31.9095509,Day,F,L,A,MYSE
151.909,8443,6/3/2015,5/30/2015,9:05:20,7,30.8,AH0,166,33.7747296,Day,F,L,A,MYSE
151.909,8443,6/3/2015,5/29/2015,9:05:21,7,29.7,AH0,253,31.9095509,Day,F,L,A,MYSE
151.909,8443,6/3/2015,5/30/2015,9:05:33,7,30.8,AH0,163,33.7747296,Day,F,L,A,MYSE
151.909,8443,6/3/2015,5/26/2015,9:05:34,7,26.8,AH0,255,25.3345056,Day,F,L,A,MYSE
151.909,8443,6/3/2015,5/29/2015,9:05:35,7,29.7,AH0,251,31.9095509,Day,F,L,A,MYSE
151.909,8443,6/3/2015,5/30/2015,9:05:35,7,30.8,AH0,165,33.7747296,Day,F,L,A,MYSE
151.909,8443,6/3/2015,5/26/2015,9:05:36,7,26.8,AH0,255,25.3345056,Day,F,L,A,MYSE
151.909,8443,6/3/2015,5/29/2015,9:05:37,7,29.6,AH0,252,31.7239488,Day,F,L,A,MYSE
151.909,8443,6/3/2015,5/30/2015,9:05:37,7,30.8,AH0,164,33.7747296,Day,F,L,A,MYSE
151.909,8443,6/3/2015,5/26/2015,9:05:39,7,26.8,AH0,255,25.3345056,Day,F,L,A,MYSE
151.909,8443,6/3/2015,5/29/2015,9:05:39,7,29.6,AH0,252,31.7239488,Day,F,L,A,MYSE
151.909,8443,6/3/2015,5/30/2015,9:05:39,7,30.8,AH0,171,33.7747296,Day,F,L,A,MYSE
151.909,8443,6/3/2015,5/29/2015,9:05:41,7,29.5,AH0,252,31.5355875,Day,F,L,A,MYSE
151.909,8443,6/3/2015,5/30/2015,9:05:53,7,30.7,AH0,168,33.6181719,Day,F,L,A,MYSE
151.909,8443,6/3/2015,5/26/2015,9:05:54,7,26.8,AH0,255,25.3345056,Day,F,L,A,MYSE
151.909,8443,6/3/2015,5/29/2015,9:05:55,7,29.5,AH0,250,31.5355875,Day,F,L,A,MYSE
151.909,8443,6/3/2015,5/30/2015,9:05:55,7,30.6,AH0,166,33.4590728,Day,F,L,A,MYSE
151.909,8443,6/3/2015,5/26/2015,9:05:57,7,26.8,AH0,255,25.3345056,Day,F,L,A,MYSE
151.909,8443,6/3/2015,5/29/2015,9:05:57,7,29.5,AH0,249,31.5355875,Day,F,L,A,MYSE
151.909,8443,6/3/2015,5/30/2015,9:05:57,7,30.6,AH0,168,33.4590728,Day,F,L,A,MYSE
151.909,8443,6/3/2015,5/26/2015,9:05:59,7,26.8,AH0,255,25.3345056,Day,F,L,A,MYSE
151.909,8443,6/3/2015,5/29/2015,9:05:59,7,29.5,AH0,249,31.5355875,Day,F,L,A,MYSE
151.909,8443,6/3/2015,5/30/2015,9:05:59,7,30.6,AH0,168,33.4590728,Day,F,L,A,MYSE
151.909,8443,6/3/2015,5/29/2015,9:06:01,7,29.5,AH0,249,31.5355875,Day,F,L,A,MYSE
151.909,8443,6/3/2015,5/30/2015,9:06:01,7,30.6,AH0,164,33.4590728,Day,F,L,A,MYSE
151.909,8443,6/3/2015,5/26/2015,9:06:15,7,26.8,AH0,255,25.3345056,Day,F,L,A,MYSE
151.909,8443,6/3/2015,5/29/2015,9:06:15,7,29.5,AH0,247,31.5355875,Day,F,L,A,MYSE
151.909,8443,6/3/2015,5/30/2015,9:06:15,7,30.5,AH0,163,33.2974125,Day,F,L,A,MYSE
151.909,8443,6/3/2015,5/26/2015,9:06:17,7,26.8,AH0,255,25.3345056,Day,F,L,A,MYSE
151.909,8443,6/3/2015,5/29/2015,9:06:17,7,29.5,AH0,250,31.5355875,Day,F,L,A,MYSE
151.909,8443,6/3/2015,5/30/2015,9:06:17,7,30.4,AH0,170,33.1331712,Day,F,L,A,MYSE
151.909,8443,6/3/2015,5/26/2015,9:06:19,7,26.8,AH0,255,25.3345056,Day,F,L,A,MYSE
151.909,8443,6/3/2015,5/29/2015,9:06:19,7,29.5,AH0,249,31.5355875,Day,F,L,A,MYSE
151.909,8443,6/3/2015,5/30/2015,9:06:19,7,30.4,AH0,164,33.1331712,Day,F,L,A,MYSE
151.909,8443,6/3/2015,5/30/2015,9:06:20,7,30.4,AH0,166,33.1331712,Day,F,L,A,MYSE
151.909,8443,6/3/2015,5/29/2015,9:06:21,7,29.5,AH0,251,31.5355875,Day,F,L,A,MYSE
151.909,8443,6/3/2015,5/28/2015,9:06:31,7,28.1,AH0,35,28.5977253,Day,F,L,A,MYSE
151.909,8443,6/3/2015,5/28/2015,9:06:33,7,28.1,AH0,35,28.5977253,Day,F,L,A,MYSE
151.909,8443,6/3/2015,5/30/2015,9:06:34,7,30.3,AH0,167,32.9663291,Day,F,L,A,MYSE
151.909,8443,6/3/2015,5/26/2015,9:06:35,7,26.8,AH0,255,25.3345056,Day,F,L,A,MYSE
151.909,8443,6/3/2015,5/28/2015,9:06:35,7,28.2,AH0,30,28.8267944,Day,F,L,A,MYSE
151.909,8443,6/3/2015,5/29/2015,9:06:35,7,29.5,AH0,249,31.5355875,Day,F,L,A,MYSE
151.909,8443,6/3/2015,5/30/2015,9:06:36,7,30.3,AH0,167,32.9663291,Day,F,L,A,MYSE
151.909,8443,6/3/2015,5/26/2015,9:06:37,7,26.8,AH0,255,25.3345056,Day,F,L,A,MYSE
151.909,8443,6/3/2015,5/29/2015,9:06:37,7,29.6,AH0,250,31.7239488,Day,F,L,A,MYSE
151.909,8443,6/3/2015,5/30/2015,9:06:38,7,30.3,AH0,165,32.9663291,Day,F,L,A,MYSE
151.909,8443,6/3/2015,5/26/2015,9:06:39,7,26.8,AH0,255,25.3345056,Day,F,L,A,MYSE
151.909,8443,6/3/2015,5/29/2015,9:06:39,7,29.6,AH0,249,31.7239488,Day,F,L,A,MYSE
151.909,8443,6/3/2015,5/30/2015,9:06:40,7,30.3,AH0,165,32.9663291,Day,F,L,A,MYSE
151.909,8443,6/3/2015,5/29/2015,9:06:41,7,29.6,AH0,252,31.7239488,Day,F,L,A,MYSE
151.909,8443,6/3/2015,5/28/2015,9:06:50,7,28.9,AH0,92,30.3463677,Day,F,L,A,MYSE
151.909,8443,6/3/2015,5/28/2015,9:06:52,7,29,AH0,100,30.5517,Day,F,L,A,MYSE
151.909,8443,6/3/2015,5/28/2015,9:06:54,7,29.1,AH0,93,30.7541543,Day,F,L,A,MYSE
151.909,8443,6/3/2015,5/30/2015,9:06:54,7,30.3,AH0,165,32.9663291,Day,F,L,A,MYSE
151.909,8443,6/3/2015,5/26/2015,9:06:55,7,26.8,AH0,255,25.3345056,Day,F,L,A,MYSE
151.909,8443,6/3/2015,5/28/2015,9:06:56,7,29.2,AH0,93,30.9537504,Day,F,L,A,MYSE
151.909,8443,6/3/2015,5/29/2015,9:06:56,7,29.6,AH0,251,31.7239488,Day,F,L,A,MYSE
151.909,8443,6/3/2015,5/30/2015,9:06:56,7,30.3,AH0,164,32.9663291,Day,F,L,A,MYSE
151.909,8443,6/3/2015,5/26/2015,9:06:57,7,26.8,AH0,255,25.3345056,Day,F,L,A,MYSE
151.909,8443,6/3/2015,5/29/2015,9:06:58,7,29.6,AH0,251,31.7239488,Day,F,L,A,MYSE
151.909,8443,6/3/2015,5/30/2015,9:06:58,7,30.3,AH0,164,32.9663291,Day,F,L,A,MYSE
151.909,8443,6/3/2015,5/26/2015,9:06:59,7,26.8,AH0,255,25.3345056,Day,F,L,A,MYSE
151.909,8443,6/3/2015,5/29/2015,9:07:00,7,29.6,AH0,247,31.7239488,Day,F,L,A,MYSE
151.909,8443,6/3/2015,5/30/2015,9:07:00,7,30.3,AH0,165,32.9663291,Day,F,L,A,MYSE
151.909,8443,6/3/2015,5/29/2015,9:07:02,7,29.6,AH0,252,31.7239488,Day,F,L,A,MYSE
151.909,8443,6/3/2015,5/28/2015,9:07:10,7,29.6,AH0,100,31.7239488,Day,F,L,A,MYSE
151.909,8443,6/3/2015,5/28/2015,9:07:12,7,29.6,AH0,106,31.7239488,Day,F,L,A,MYSE
151.909,8443,6/3/2015,5/28/2015,9:07:14,7,29.6,AH0,96,31.7239488,Day,F,L,A,MYSE
151.909,8443,6/3/2015,5/30/2015,9:07:14,7,30.2,AH0,166,32.7968664,Day,F,L,A,MYSE
151.909,8443,6/3/2015,5/26/2015,9:07:15,7,26.8,AH0,255,25.3345056,Day,F,L,A,MYSE
151.909,8443,6/3/2015,5/28/2015,9:07:16,7,29.6,AH0,110,31.7239488,Day,F,L,A,MYSE
151.909,8443,6/3/2015,5/29/2015,9:07:16,7,29.6,AH0,251,31.7239488,Day,F,L,A,MYSE
151.909,8443,6/3/2015,5/30/2015,9:07:16,7,30.2,AH0,164,32.7968664,Day,F,L,A,MYSE
151.909,8443,6/3/2015,5/26/2015,9:07:17,7,26.8,AH0,255,25.3345056,Day,F,L,A,MYSE
151.909,8443,6/3/2015,5/29/2015,9:07:18,7,29.6,AH0,249,31.7239488,Day,F,L,A,MYSE
151.909,8443,6/3/2015,5/30/2015,9:07:18,7,30.2,AH0,165,32.7968664,Day,F,L,A,MYSE
151.909,8443,6/3/2015,5/26/2015,9:07:19,7,26.8,AH0,255,25.3345056,Day,F,L,A,MYSE
151.909,8443,6/3/2015,5/29/2015,9:07:20,7,29.6,AH0,250,31.7239488,Day,F,L,A,MYSE
151.909,8443,6/3/2015,5/30/2015,9:07:20,7,30.2,AH0,168,32.7968664,Day,F,L,A,MYSE
151.909,8443,6/3/2015,5/29/2015,9:07:22,7,29.6,AH0,251,31.7239488,Day,F,L,A,MYSE
151.909,8443,6/3/2015,5/28/2015,9:07:31,7,29.8,AH0,110,32.0924136,Day,F,L,A,MYSE
151.909,8443,6/3/2015,5/26/2015,9:07:33,7,26.7,AH0,255,25.0608479,Day,F,L,A,MYSE
151.909,8443,6/3/2015,5/28/2015,9:07:33,7,29.8,AH0,109,32.0924136,Day,F,L,A,MYSE
151.909,8443,6/3/2015,5/30/2015,9:07:34,7,30.2,AH0,167,32.7968664,Day,F,L,A,MYSE
151.909,8443,6/3/2015,5/26/2015,9:07:35,7,26.7,AH0,255,25.0608479,Day,F,L,A,MYSE
151.909,8443,6/3/2015,5/28/2015,9:07:35,7,29.8,AH0,118,32.0924136,Day,F,L,A,MYSE
151.909,8443,6/3/2015,5/29/2015,9:07:36,7,29.6,AH0,252,31.7239488,Day,F,L,A,MYSE
151.909,8443,6/3/2015,5/30/2015,9:07:36,7,30.2,AH0,167,32.7968664,Day,F,L,A,MYSE
151.909,8443,6/3/2015,5/26/2015,9:07:37,7,26.7,AH0,255,25.0608479,Day,F,L,A,MYSE
151.909,8443,6/3/2015,5/28/2015,9:07:37,7,29.8,AH0,122,32.0924136,Day,F,L,A,MYSE
151.909,8443,6/3/2015,5/29/2015,9:07:38,7,29.6,AH0,250,31.7239488,Day,F,L,A,MYSE
151.909,8443,6/3/2015,5/30/2015,9:07:38,7,30.2,AH0,165,32.7968664,Day,F,L,A,MYSE
151.909,8443,6/3/2015,5/26/2015,9:07:40,7,26.7,AH0,255,25.0608479,Day,F,L,A,MYSE
151.909,8443,6/3/2015,5/29/2015,9:07:40,7,29.6,AH0,250,31.7239488,Day,F,L,A,MYSE
151.909,8443,6/3/2015,5/30/2015,9:07:40,7,30.2,AH0,164,32.7968664,Day,F,L,A,MYSE
151.909,8443,6/3/2015,5/29/2015,9:07:42,7,29.6,AH0,249,31.7239488,Day,F,L,A,MYSE
151.909,8443,6/3/2015,5/28/2015,9:07:51,7,29.6,AH0,65,31.7239488,Day,F,L,A,MYSE
151.909,8443,6/3/2015,5/26/2015,9:07:53,7,26.7,AH0,255,25.0608479,Day,F,L,A,MYSE
151.909,8443,6/3/2015,5/28/2015,9:07:53,7,29.7,AH0,69,31.9095509,Day,F,L,A,MYSE
151.909,8443,6/3/2015,5/30/2015,9:07:54,7,30.2,AH0,167,32.7968664,Day,F,L,A,MYSE
151.909,8443,6/3/2015,5/26/2015,9:07:55,7,26.7,AH0,255,25.0608479,Day,F,L,A,MYSE
151.909,8443,6/3/2015,5/28/2015,9:07:55,7,29.8,AH0,55,32.0924136,Day,F,L,A,MYSE
151.909,8443,6/3/2015,5/29/2015,9:07:56,7,29.6,AH0,249,31.7239488,Day,F,L,A,MYSE
151.909,8443,6/3/2015,5/30/2015,9:07:56,7,30.2,AH0,167,32.7968664,Day,F,L,A,MYSE
151.909,8443,6/3/2015,5/28/2015,9:07:57,7,30,AH0,58,32.45,Day,F,L,A,MYSE
151.909,8443,6/3/2015,5/26/2015,9:07:58,7,26.7,AH0,255,25.0608479,Day,F,L,A,MYSE
151.909,8443,6/3/2015,5/29/2015,9:07:58,7,29.6,AH0,250,31.7239488,Day,F,L,A,MYSE
151.909,8443,6/3/2015,5/30/2015,9:07:58,7,30.2,AH0,163,32.7968664,Day,F,L,A,MYSE
151.909,8443,6/3/2015,5/26/2015,9:08:00,7,26.7,AH0,255,25.0608479,Day,F,L,A,MYSE
151.909,8443,6/3/2015,5/29/2015,9:08:00,7,29.6,AH0,249,31.7239488,Day,F,L,A,MYSE
151.909,8443,6/3/2015,5/30/2015,9:08:00,7,30.1,AH0,169,32.6247633,Day,F,L,A,MYSE
151.909,8443,6/3/2015,5/28/2015,9:08:11,7,30.2,AH0,68,32.7968664,Day,F,L,A,MYSE
151.909,8443,6/3/2015,5/26/2015,9:08:13,7,26.7,AH0,255,25.0608479,Day,F,L,A,MYSE
151.909,8443,6/3/2015,5/28/2015,9:08:13,7,30.3,AH0,68,32.9663291,Day,F,L,A,MYSE
151.909,8443,6/3/2015,5/30/2015,9:08:14,7,30.2,AH0,169,32.7968664,Day,F,L,A,MYSE
151.909,8443,6/3/2015,5/28/2015,9:08:15,7,30.3,AH0,66,32.9663291,Day,F,L,A,MYSE
151.909,8443,6/3/2015,5/29/2015,9:08:15,7,29.6,AH0,250,31.7239488,Day,F,L,A,MYSE
151.909,8443,6/3/2015,5/26/2015,9:08:16,7,26.7,AH0,255,25.0608479,Day,F,L,A,MYSE
151.909,8443,6/3/2015,5/30/2015,9:08:16,7,30.1,AH0,163,32.6247633,Day,F,L,A,MYSE
151.909,8443,6/3/2015,5/28/2015,9:08:17,7,30.3,AH0,72,32.9663291,Day,F,L,A,MYSE
151.909,8443,6/3/2015,5/29/2015,9:08:17,7,29.6,AH0,251,31.7239488,Day,F,L,A,MYSE
151.909,8443,6/3/2015,5/26/2015,9:08:18,7,26.7,AH0,255,25.0608479,Day,F,L,A,MYSE
151.909,8443,6/3/2015,5/30/2015,9:08:18,7,30.1,AH0,167,32.6247633,Day,F,L,A,MYSE
151.909,8443,6/3/2015,5/29/2015,9:08:19,7,29.6,AH0,251,31.7239488,Day,F,L,A,MYSE
151.909,8443,6/3/2015,5/26/2015,9:08:20,7,26.7,AH0,255,25.0608479,Day,F,L,A,MYSE
151.909,8443,6/3/2015,5/30/2015,9:08:20,7,30.1,AH0,172,32.6247633,Day,F,L,A,MYSE
151.909,8443,6/3/2015,5/29/2015,9:08:21,7,29.6,AH0,249,31.7239488,Day,F,L,A,MYSE
151.909,8443,6/3/2015,5/28/2015,9:08:30,7,30.9,AH0,54,33.9287657,Day,F,L,A,MYSE
151.909,8443,6/3/2015,5/28/2015,9:08:32,7,30.9,AH0,65,33.9287657,Day,F,L,A,MYSE
151.909,8443,6/3/2015,5/26/2015,9:08:34,7,26.7,AH0,255,25.0608479,Day,F,L,A,MYSE
151.909,8443,6/3/2015,5/28/2015,9:08:34,7,30.6,AH0,72,33.4590728,Day,F,L,A,MYSE
151.909,8443,6/3/2015,5/30/2015,9:08:34,7,30.1,AH0,167,32.6247633,Day,F,L,A,MYSE
151.909,8443,6/3/2015,5/29/2015,9:08:35,7,29.7,AH0,248,31.9095509,Day,F,L,A,MYSE
151.909,8443,6/3/2015,5/26/2015,9:08:36,7,26.7,AH0,255,25.0608479,Day,F,L,A,MYSE
151.909,8443,6/3/2015,5/28/2015,9:08:36,7,30.6,AH0,80,33.4590728,Day,F,L,A,MYSE
151.909,8443,6/3/2015,5/30/2015,9:08:36,7,30.1,AH0,168,32.6247633,Day,F,L,A,MYSE
151.909,8443,6/3/2015,5/29/2015,9:08:37,7,29.7,AH0,248,31.9095509,Day,F,L,A,MYSE
151.909,8443,6/3/2015,5/26/2015,9:08:38,7,26.7,AH0,255,25.0608479,Day,F,L,A,MYSE
151.909,8443,6/3/2015,5/30/2015,9:08:38,7,30.1,AH0,163,32.6247633,Day,F,L,A,MYSE
151.909,8443,6/3/2015,5/29/2015,9:08:39,7,29.7,AH0,249,31.9095509,Day,F,L,A,MYSE
151.909,8443,6/3/2015,5/26/2015,9:08:40,7,26.7,AH0,255,25.0608479,Day,F,L,A,MYSE
151.909,8443,6/3/2015,5/30/2015,9:08:40,7,30.1,AH0,171,32.6247633,Day,F,L,A,MYSE
151.909,8443,6/3/2015,5/29/2015,9:08:41,7,29.7,AH0,251,31.9095509,Day,F,L,A,MYSE
151.909,8443,6/3/2015,5/28/2015,9:08:50,7,30.4,AH0,112,33.1331712,Day,F,L,A,MYSE
151.909,8443,6/3/2015,5/28/2015,9:08:52,7,30.3,AH0,104,32.9663291,Day,F,L,A,MYSE
151.909,8443,6/3/2015,5/26/2015,9:08:54,7,26.7,AH0,253,25.0608479,Day,F,L,A,MYSE
151.909,8443,6/3/2015,5/28/2015,9:08:54,7,30.2,AH0,109,32.7968664,Day,F,L,A,MYSE
151.909,8443,6/3/2015,5/30/2015,9:08:54,7,30,AH0,168,32.45,Day,F,L,A,MYSE
151.909,8443,6/3/2015,5/29/2015,9:08:55,7,29.7,AH0,248,31.9095509,Day,F,L,A,MYSE
151.909,8443,6/3/2015,5/26/2015,9:08:56,7,26.7,AH0,253,25.0608479,Day,F,L,A,MYSE
151.909,8443,6/3/2015,5/28/2015,9:08:56,7,30.2,AH0,118,32.7968664,Day,F,L,A,MYSE
151.909,8443,6/3/2015,5/30/2015,9:08:56,7,30,AH0,164,32.45,Day,F,L,A,MYSE
151.909,8443,6/3/2015,5/29/2015,9:08:57,7,29.7,AH0,251,31.9095509,Day,F,L,A,MYSE
151.909,8443,6/3/2015,5/26/2015,9:08:58,7,26.7,AH0,254,25.0608479,Day,F,L,A,MYSE
151.909,8443,6/3/2015,5/30/2015,9:08:58,7,30,AH0,165,32.45,Day,F,L,A,MYSE
151.909,8443,6/3/2015,5/29/2015,9:08:59,7,29.7,AH0,250,31.9095509,Day,F,L,A,MYSE
151.909,8443,6/3/2015,5/30/2015,9:09:00,7,30,AH0,166,32.45,Day,F,L,A,MYSE
151.909,8443,6/3/2015,5/26/2015,9:09:01,7,26.7,AH0,229,25.0608479,Day,F,L,A,MYSE
151.909,8443,6/3/2015,5/29/2015,9:09:01,7,29.7,AH0,250,31.9095509,Day,F,L,A,MYSE
151.909,8443,6/3/2015,5/28/2015,9:09:10,7,29.9,AH0,155,32.2725567,Day,F,L,A,MYSE
151.909,8443,6/3/2015,5/28/2015,9:09:12,7,29.9,AH0,161,32.2725567,Day,F,L,A,MYSE
151.909,8443,6/3/2015,5/26/2015,9:09:14,7,26.8,AH0,239,25.3345056,Day,F,L,A,MYSE
151.909,8443,6/3/2015,5/28/2015,9:09:14,7,29.8,AH0,157,32.0924136,Day,F,L,A,MYSE
151.909,8443,6/3/2015,5/30/2015,9:09:14,7,30,AH0,168,32.45,Day,F,L,A,MYSE
151.909,8443,6/3/2015,5/29/2015,9:09:15,7,29.7,AH0,250,31.9095509,Day,F,L,A,MYSE
151.909,8443,6/3/2015,5/26/2015,9:09:16,7,26.8,AH0,238,25.3345056,Day,F,L,A,MYSE
151.909,8443,6/3/2015,5/28/2015,9:09:16,7,29.8,AH0,157,32.0924136,Day,F,L,A,MYSE
151.909,8443,6/3/2015,5/30/2015,9:09:16,7,30,AH0,165,32.45,Day,F,L,A,MYSE
151.909,8443,6/3/2015,5/29/2015,9:09:17,7,29.7,AH0,250,31.9095509,Day,F,L,A,MYSE
151.909,8443,6/3/2015,5/26/2015,9:09:18,7,26.8,AH0,238,25.3345056,Day,F,L,A,MYSE
151.909,8443,6/3/2015,5/30/2015,9:09:18,7,30,AH0,170,32.45,Day,F,L,A,MYSE
151.909,8443,6/3/2015,5/29/2015,9:09:19,7,29.7,AH0,251,31.9095509,Day,F,L,A,MYSE
151.909,8443,6/3/2015,5/30/2015,9:09:20,7,30,AH0,167,32.45,Day,F,L,A,MYSE
151.909,8443,6/3/2015,5/29/2015,9:09:21,7,29.7,AH0,250,31.9095509,Day,F,L,A,MYSE
151.909,8443,6/3/2015,5/28/2015,9:09:30,7,29.5,AH0,142,31.5355875,Day,F,L,A,MYSE
151.909,8443,6/3/2015,5/28/2015,9:09:32,7,29.5,AH0,127,31.5355875,Day,F,L,A,MYSE
151.909,8443,6/3/2015,5/26/2015,9:09:34,7,26.9,AH0,233,25.6048497,Day,F,L,A,MYSE
151.909,8443,6/3/2015,5/28/2015,9:09:34,7,29.4,AH0,120,31.3444472,Day,F,L,A,MYSE
151.909,8443,6/3/2015,5/30/2015,9:09:34,7,30,AH0,167,32.45,Day,F,L,A,MYSE
151.909,8443,6/3/2015,5/29/2015,9:09:35,7,29.8,AH0,247,32.0924136,Day,F,L,A,MYSE
151.909,8443,6/3/2015,5/26/2015,9:09:36,7,26.9,AH0,237,25.6048497,Day,F,L,A,MYSE
151.909,8443,6/3/2015,5/28/2015,9:09:36,7,29.5,AH0,111,31.5355875,Day,F,L,A,MYSE
151.909,8443,6/3/2015,5/30/2015,9:09:36,7,30,AH0,167,32.45,Day,F,L,A,MYSE
151.909,8443,6/3/2015,5/29/2015,9:09:37,7,29.8,AH0,249,32.0924136,Day,F,L,A,MYSE
151.909,8443,6/3/2015,5/30/2015,9:09:38,7,30,AH0,166,32.45,Day,F,L,A,MYSE
151.909,8443,6/3/2015,5/26/2015,9:09:39,7,26.9,AH0,236,25.6048497,Day,F,L,A,MYSE
151.909,8443,6/3/2015,5/29/2015,9:09:40,7,29.8,AH0,244,32.0924136,Day,F,L,A,MYSE
151.909,8443,6/3/2015,5/30/2015,9:09:40,7,30,AH0,164,32.45,Day,F,L,A,MYSE
151.909,8443,6/3/2015,5/29/2015,9:09:42,7,29.8,AH0,247,32.0924136,Day,F,L,A,MYSE
151.909,8443,6/3/2015,5/28/2015,9:09:51,7,29.7,AH0,113,31.9095509,Day,F,L,A,MYSE
151.909,8443,6/3/2015,5/28/2015,9:09:53,7,29.7,AH0,109,31.9095509,Day,F,L,A,MYSE
151.909,8443,6/3/2015,5/26/2015,9:09:54,7,26.9,AH0,234,25.6048497,Day,F,L,A,MYSE
151.909,8443,6/3/2015,5/30/2015,9:09:54,7,29.9,AH0,169,32.2725567,Day,F,L,A,MYSE
151.909,8443,6/3/2015,5/28/2015,9:09:55,7,29.8,AH0,112,32.0924136,Day,F,L,A,MYSE
151.909,8443,6/3/2015,5/26/2015,9:09:56,7,26.9,AH0,235,25.6048497,Day,F,L,A,MYSE
151.909,8443,6/3/2015,5/29/2015,9:09:56,7,29.8,AH0,248,32.0924136,Day,F,L,A,MYSE
151.909,8443,6/3/2015,5/30/2015,9:09:56,7,29.9,AH0,167,32.2725567,Day,F,L,A,MYSE
151.909,8443,6/3/2015,5/28/2015,9:09:57,7,29.8,AH0,106,32.0924136,Day,F,L,A,MYSE
151.909,8443,6/3/2015,5/29/2015,9:09:58,7,29.8,AH0,249,32.0924136,Day,F,L,A,MYSE
151.909,8443,6/3/2015,5/30/2015,9:09:58,7,29.9,AH0,166,32.2725567,Day,F,L,A,MYSE
151.909,8443,6/3/2015,5/26/2015,9:09:59,7,26.9,AH0,235,25.6048497,Day,F,L,A,MYSE
151.909,8443,6/3/2015,5/29/2015,9:10:00,7,29.8,AH0,249,32.0924136,Day,F,L,A,MYSE
151.909,8443,6/3/2015,5/30/2015,9:10:00,7,29.9,AH0,168,32.2725567,Day,F,L,A,MYSE
151.909,8443,6/3/2015,5/29/2015,9:10:02,7,29.8,AH0,246,32.0924136,Day,F,L,A,MYSE
151.909,8443,6/3/2015,5/28/2015,9:10:11,7,30.2,AH0,118,32.7968664,Day,F,L,A,MYSE
151.909,8443,6/3/2015,5/28/2015,9:10:13,7,30.3,AH0,115,32.9663291,Day,F,L,A,MYSE
151.909,8443,6/3/2015,5/26/2015,9:10:14,7,26.9,AH0,225,25.6048497,Day,F,L,A,MYSE
151.909,8443,6/3/2015,5/30/2015,9:10:14,7,29.9,AH0,165,32.2725567,Day,F,L,A,MYSE
151.909,8443,6/3/2015,5/28/2015,9:10:15,7,30.3,AH0,116,32.9663291,Day,F,L,A,MYSE
151.909,8443,6/3/2015,5/26/2015,9:10:16,7,26.9,AH0,223,25.6048497,Day,F,L,A,MYSE
151.909,8443,6/3/2015,5/29/2015,9:10:16,7,29.9,AH0,249,32.2725567,Day,F,L,A,MYSE
151.909,8443,6/3/2015,5/30/2015,9:10:16,7,29.9,AH0,164,32.2725567,Day,F,L,A,MYSE
151.909,8443,6/3/2015,5/28/2015,9:10:17,7,30.3,AH0,117,32.9663291,Day,F,L,A,MYSE
151.909,8443,6/3/2015,5/29/2015,9:10:18,7,29.8,AH0,249,32.0924136,Day,F,L,A,MYSE
151.909,8443,6/3/2015,5/30/2015,9:10:18,7,29.9,AH0,167,32.2725567,Day,F,L,A,MYSE
151.909,8443,6/3/2015,5/26/2015,9:10:19,7,26.9,AH0,226,25.6048497,Day,F,L,A,MYSE
151.909,8443,6/3/2015,5/29/2015,9:10:20,7,29.8,AH0,249,32.0924136,Day,F,L,A,MYSE
151.909,8443,6/3/2015,5/30/2015,9:10:20,7,29.9,AH0,167,32.2725567,Day,F,L,A,MYSE
151.909,8443,6/3/2015,5/29/2015,9:10:22,7,29.8,AH0,248,32.0924136,Day,F,L,A,MYSE
151.909,8443,6/3/2015,5/28/2015,9:10:30,7,30.8,AH0,121,33.7747296,Day,F,L,A,MYSE
151.909,8443,6/3/2015,5/28/2015,9:10:32,7,30.8,AH0,122,33.7747296,Day,F,L,A,MYSE
151.909,8443,6/3/2015,5/26/2015,9:10:34,7,27,AH0,229,25.8719,Day,F,L,A,MYSE
151.909,8443,6/3/2015,5/28/2015,9:10:34,7,30.9,AH0,125,33.9287657,Day,F,L,A,MYSE
151.909,8443,6/3/2015,5/30/2015,9:10:34,7,29.9,AH0,168,32.2725567,Day,F,L,A,MYSE
151.909,8443,6/3/2015,5/28/2015,9:10:36,7,30.9,AH0,121,33.9287657,Day,F,L,A,MYSE
151.909,8443,6/3/2015,5/29/2015,9:10:36,7,29.9,AH0,248,32.2725567,Day,F,L,A,MYSE
151.909,8443,6/3/2015,5/30/2015,9:10:36,7,29.9,AH0,167,32.2725567,Day,F,L,A,MYSE
151.909,8443,6/3/2015,5/26/2015,9:10:37,7,27,AH0,237,25.8719,Day,F,L,A,MYSE
151.909,8443,6/3/2015,5/29/2015,9:10:38,7,29.9,AH0,249,32.2725567,Day,F,L,A,MYSE
151.909,8443,6/3/2015,5/30/2015,9:10:38,7,29.9,AH0,167,32.2725567,Day,F,L,A,MYSE
151.909,8443,6/3/2015,5/26/2015,9:10:39,7,27,AH0,238,25.8719,Day,F,L,A,MYSE
151.909,8443,6/3/2015,5/29/2015,9:10:40,7,29.9,AH0,247,32.2725567,Day,F,L,A,MYSE
151.909,8443,6/3/2015,5/30/2015,9:10:40,7,29.9,AH0,168,32.2725567,Day,F,L,A,MYSE
151.909,8443,6/3/2015,5/29/2015,9:10:42,7,29.9,AH0,248,32.2725567,Day,F,L,A,MYSE
151.909,8443,6/3/2015,5/28/2015,9:10:50,7,31,AH0,81,34.0803,Day,F,L,A,MYSE
151.909,8443,6/3/2015,5/28/2015,9:10:52,7,31.1,AH0,87,34.2293523,Day,F,L,A,MYSE
151.909,8443,6/3/2015,5/26/2015,9:10:54,7,27,AH0,237,25.8719,Day,F,L,A,MYSE
151.909,8443,6/3/2015,5/28/2015,9:10:54,7,31.1,AH0,100,34.2293523,Day,F,L,A,MYSE
151.909,8443,6/3/2015,5/30/2015,9:10:54,7,29.9,AH0,167,32.2725567,Day,F,L,A,MYSE
151.909,8443,6/3/2015,5/28/2015,9:10:56,7,31.1,AH0,113,34.2293523,Day,F,L,A,MYSE
151.909,8443,6/3/2015,5/29/2015,9:10:56,7,29.9,AH0,250,32.2725567,Day,F,L,A,MYSE
151.909,8443,6/3/2015,5/30/2015,9:10:56,7,29.9,AH0,168,32.2725567,Day,F,L,A,MYSE
151.909,8443,6/3/2015,5/26/2015,9:10:57,7,27,AH0,237,25.8719,Day,F,L,A,MYSE
151.909,8443,6/3/2015,5/29/2015,9:10:58,7,29.9,AH0,248,32.2725567,Day,F,L,A,MYSE
151.909,8443,6/3/2015,5/30/2015,9:10:58,7,29.9,AH0,164,32.2725567,Day,F,L,A,MYSE
151.909,8443,6/3/2015,5/26/2015,9:10:59,7,27,AH0,238,25.8719,Day,F,L,A,MYSE
151.909,8443,6/3/2015,5/29/2015,9:11:00,7,29.9,AH0,249,32.2725567,Day,F,L,A,MYSE
151.909,8443,6/3/2015,5/30/2015,9:11:00,7,29.9,AH0,169,32.2725567,Day,F,L,A,MYSE
151.909,8443,6/3/2015,5/29/2015,9:11:02,7,29.9,AH0,250,32.2725567,Day,F,L,A,MYSE
151.909,8443,6/3/2015,5/28/2015,9:11:09,7,31.1,AH0,116,34.2293523,Day,F,L,A,MYSE
151.909,8443,6/3/2015,5/28/2015,9:11:11,7,31.2,AH0,119,34.3759424,Day,F,L,A,MYSE
151.909,8443,6/3/2015,5/28/2015,9:11:13,7,31.2,AH0,118,34.3759424,Day,F,L,A,MYSE
151.909,8443,6/3/2015,5/26/2015,9:11:14,7,27,AH0,234,25.8719,Day,F,L,A,MYSE
151.909,8443,6/3/2015,5/30/2015,9:11:14,7,29.9,AH0,171,32.2725567,Day,F,L,A,MYSE
151.909,8443,6/3/2015,5/28/2015,9:11:15,7,31.2,AH0,117,34.3759424,Day,F,L,A,MYSE
151.909,8443,6/3/2015,5/29/2015,9:11:16,7,30,AH0,249,32.45,Day,F,L,A,MYSE
151.909,8443,6/3/2015,5/30/2015,9:11:16,7,29.9,AH0,170,32.2725567,Day,F,L,A,MYSE
151.909,8443,6/3/2015,5/26/2015,9:11:17,7,27,AH0,236,25.8719,Day,F,L,A,MYSE
151.909,8443,6/3/2015,5/28/2015,9:11:17,7,31.2,AH0,115,34.3759424,Day,F,L,A,MYSE
151.909,8443,6/3/2015,5/29/2015,9:11:18,7,29.9,AH0,248,32.2725567,Day,F,L,A,MYSE
151.909,8443,6/3/2015,5/30/2015,9:11:18,7,29.9,AH0,168,32.2725567,Day,F,L,A,MYSE
151.909,8443,6/3/2015,5/26/2015,9:11:19,7,27,AH0,238,25.8719,Day,F,L,A,MYSE
151.909,8443,6/3/2015,5/29/2015,9:11:20,7,30,AH0,248,32.45,Day,F,L,A,MYSE
151.909,8443,6/3/2015,5/30/2015,9:11:20,7,29.9,AH0,164,32.2725567,Day,F,L,A,MYSE
151.909,8443,6/3/2015,5/29/2015,9:11:22,7,30,AH0,245,32.45,Day,F,L,A,MYSE
151.909,8443,6/3/2015,5/28/2015,9:11:30,7,31.3,AH0,95,34.5200901,Day,F,L,A,MYSE
151.909,8443,6/3/2015,5/28/2015,9:11:32,7,31.3,AH0,99,34.5200901,Day,F,L,A,MYSE
151.909,8443,6/3/2015,5/26/2015,9:11:34,7,27,AH0,238,25.8719,Day,F,L,A,MYSE
151.909,8443,6/3/2015,5/28/2015,9:11:34,7,31.3,AH0,110,34.5200901,Day,F,L,A,MYSE
151.909,8443,6/3/2015,5/30/2015,9:11:34,7,29.9,AH0,167,32.2725567,Day,F,L,A,MYSE
151.909,8443,6/3/2015,5/28/2015,9:11:36,7,31.3,AH0,115,34.5200901,Day,F,L,A,MYSE
151.909,8443,6/3/2015,5/29/2015,9:11:36,7,30,AH0,246,32.45,Day,F,L,A,MYSE
151.909,8443,6/3/2015,5/30/2015,9:11:36,7,29.9,AH0,166,32.2725567,Day,F,L,A,MYSE
151.909,8443,6/3/2015,5/26/2015,9:11:37,7,27,AH0,237,25.8719,Day,F,L,A,MYSE
151.909,8443,6/3/2015,5/29/2015,9:11:38,7,30,AH0,246,32.45,Day,F,L,A,MYSE
151.909,8443,6/3/2015,5/30/2015,9:11:38,7,29.9,AH0,166,32.2725567,Day,F,L,A,MYSE
151.909,8443,6/3/2015,5/26/2015,9:11:39,7,27,AH0,231,25.8719,Day,F,L,A,MYSE
151.909,8443,6/3/2015,5/29/2015,9:11:40,7,30,AH0,249,32.45,Day,F,L,A,MYSE
151.909,8443,6/3/2015,5/30/2015,9:11:40,7,29.9,AH0,168,32.2725567,Day,F,L,A,MYSE
151.909,8443,6/3/2015,5/29/2015,9:11:42,7,30,AH0,247,32.45,Day,F,L,A,MYSE
151.909,8443,6/3/2015,5/28/2015,9:11:49,7,31.5,AH0,129,34.8011375,Day,F,L,A,MYSE
151.909,8443,6/3/2015,5/28/2015,9:11:51,7,31.5,AH0,127,34.8011375,Day,F,L,A,MYSE
151.909,8443,6/3/2015,5/28/2015,9:11:53,7,31.5,AH0,129,34.8011375,Day,F,L,A,MYSE
151.909,8443,6/3/2015,5/26/2015,9:11:54,7,27,AH0,244,25.8719,Day,F,L,A,MYSE
151.909,8443,6/3/2015,5/30/2015,9:11:54,7,29.9,AH0,169,32.2725567,Day,F,L,A,MYSE
151.909,8443,6/3/2015,5/28/2015,9:11:55,7,31.5,AH0,131,34.8011375,Day,F,L,A,MYSE
151.909,8443,6/3/2015,5/26/2015,9:11:56,7,27,AH0,241,25.8719,Day,F,L,A,MYSE
151.909,8443,6/3/2015,5/29/2015,9:11:56,7,30,AH0,247,32.45,Day,F,L,A,MYSE
151.909,8443,6/3/2015,5/30/2015,9:11:56,7,29.9,AH0,165,32.2725567,Day,F,L,A,MYSE
151.909,8443,6/3/2015,5/28/2015,9:11:57,7,31.5,AH0,128,34.8011375,Day,F,L,A,MYSE
151.909,8443,6/3/2015,5/29/2015,9:11:58,7,30,AH0,248,32.45,Day,F,L,A,MYSE
151.909,8443,6/3/2015,5/30/2015,9:11:58,7,29.9,AH0,167,32.2725567,Day,F,L,A,MYSE
151.909,8443,6/3/2015,5/26/2015,9:11:59,7,27,AH0,238,25.8719,Day,F,L,A,MYSE
151.909,8443,6/3/2015,5/29/2015,9:12:00,7,30,AH0,245,32.45,Day,F,L,A,MYSE
151.909,8443,6/3/2015,5/30/2015,9:12:00,7,29.9,AH0,169,32.2725567,Day,F,L,A,MYSE
151.909,8443,6/3/2015,5/29/2015,9:12:02,7,30,AH0,246,32.45,Day,F,L,A,MYSE
151.909,8443,6/3/2015,5/28/2015,9:12:10,7,31.6,AH0,129,34.9380768,Day,F,L,A,MYSE
151.909,8443,6/3/2015,5/28/2015,9:12:12,7,31.6,AH0,130,34.9380768,Day,F,L,A,MYSE
151.909,8443,6/3/2015,5/26/2015,9:12:14,7,27,AH0,240,25.8719,Day,F,L,A,MYSE
151.909,8443,6/3/2015,5/28/2015,9:12:14,7,31.6,AH0,127,34.9380768,Day,F,L,A,MYSE
151.909,8443,6/3/2015,5/30/2015,9:12:14,7,29.9,AH0,169,32.2725567,Day,F,L,A,MYSE
151.909,8443,6/3/2015,5/28/2015,9:12:16,7,31.6,AH0,129,34.9380768,Day,F,L,A,MYSE
151.909,8443,6/3/2015,5/29/2015,9:12:16,7,30,AH0,244,32.45,Day,F,L,A,MYSE
151.909,8443,6/3/2015,5/30/2015,9:12:16,7,29.9,AH0,167,32.2725567,Day,F,L,A,MYSE
151.909,8443,6/3/2015,5/26/2015,9:12:17,7,27,AH0,235,25.8719,Day,F,L,A,MYSE
151.909,8443,6/3/2015,5/29/2015,9:12:18,7,30,AH0,245,32.45,Day,F,L,A,MYSE
151.909,8443,6/3/2015,5/30/2015,9:12:18,7,29.9,AH0,169,32.2725567,Day,F,L,A,MYSE
151.909,8443,6/3/2015,5/26/2015,9:12:19,7,27,AH0,232,25.8719,Day,F,L,A,MYSE
151.909,8443,6/3/2015,5/29/2015,9:12:20,7,30,AH0,246,32.45,Day,F,L,A,MYSE
151.909,8443,6/3/2015,5/30/2015,9:12:20,7,29.9,AH0,166,32.2725567,Day,F,L,A,MYSE
151.909,8443,6/3/2015,5/29/2015,9:12:22,7,30,AH0,246,32.45,Day,F,L,A,MYSE
151.909,8443,6/3/2015,5/28/2015,9:12:29,7,31.8,AH0,130,35.2048856,Day,F,L,A,MYSE
151.909,8443,6/3/2015,5/28/2015,9:12:31,7,31.8,AH0,132,35.2048856,Day,F,L,A,MYSE
151.909,8443,6/3/2015,5/28/2015,9:12:33,7,31.8,AH0,129,35.2048856,Day,F,L,A,MYSE
151.909,8443,6/3/2015,5/26/2015,9:12:34,7,26.9,AH0,237,25.6048497,Day,F,L,A,MYSE
151.909,8443,6/3/2015,5/30/2015,9:12:34,7,29.9,AH0,164,32.2725567,Day,F,L,A,MYSE
151.909,8443,6/3/2015,5/28/2015,9:12:35,7,31.8,AH0,131,35.2048856,Day,F,L,A,MYSE
151.909,8443,6/3/2015,5/29/2015,9:12:36,7,30,AH0,246,32.45,Day,F,L,A,MYSE
151.909,8443,6/3/2015,5/30/2015,9:12:36,7,29.9,AH0,168,32.2725567,Day,F,L,A,MYSE
151.909,8443,6/3/2015,5/26/2015,9:12:37,7,26.9,AH0,237,25.6048497,Day,F,L,A,MYSE
151.909,8443,6/3/2015,5/28/2015,9:12:37,7,31.8,AH0,129,35.2048856,Day,F,L,A,MYSE
151.909,8443,6/3/2015,5/29/2015,9:12:38,7,30,AH0,244,32.45,Day,F,L,A,MYSE
151.909,8443,6/3/2015,5/30/2015,9:12:38,7,29.9,AH0,164,32.2725567,Day,F,L,A,MYSE
151.909,8443,6/3/2015,5/26/2015,9:12:39,7,26.9,AH0,237,25.6048497,Day,F,L,A,MYSE
151.909,8443,6/3/2015,5/29/2015,9:12:40,7,30,AH0,246,32.45,Day,F,L,A,MYSE
151.909,8443,6/3/2015,5/30/2015,9:12:40,7,29.9,AH0,165,32.2725567,Day,F,L,A,MYSE
151.909,8443,6/3/2015,5/29/2015,9:12:42,7,30,AH0,246,32.45,Day,F,L,A,MYSE
151.909,8443,6/3/2015,5/28/2015,9:12:50,7,32,AH0,131,35.4624,Day,F,L,A,MYSE
151.909,8443,6/3/2015,5/28/2015,9:12:52,7,32,AH0,133,35.4624,Day,F,L,A,MYSE
151.909,8443,6/3/2015,5/26/2015,9:12:54,7,26.9,AH0,234,25.6048497,Day,F,L,A,MYSE
151.909,8443,6/3/2015,5/28/2015,9:12:54,7,32,AH0,133,35.4624,Day,F,L,A,MYSE
151.909,8443,6/3/2015,5/30/2015,9:12:54,7,29.9,AH0,167,32.2725567,Day,F,L,A,MYSE
151.909,8443,6/3/2015,5/28/2015,9:12:56,7,32,AH0,135,35.4624,Day,F,L,A,MYSE
151.909,8443,6/3/2015,5/29/2015,9:12:56,7,30,AH0,246,32.45,Day,F,L,A,MYSE
151.909,8443,6/3/2015,5/30/2015,9:12:56,7,29.9,AH0,166,32.2725567,Day,F,L,A,MYSE
151.909,8443,6/3/2015,5/26/2015,9:12:57,7,26.9,AH0,236,25.6048497,Day,F,L,A,MYSE
151.909,8443,6/3/2015,5/29/2015,9:12:58,7,30,AH0,245,32.45,Day,F,L,A,MYSE
151.909,8443,6/3/2015,5/30/2015,9:12:58,7,29.9,AH0,166,32.2725567,Day,F,L,A,MYSE
151.909,8443,6/3/2015,5/26/2015,9:12:59,7,26.9,AH0,235,25.6048497,Day,F,L,A,MYSE
151.909,8443,6/3/2015,5/29/2015,9:13:00,7,30,AH0,246,32.45,Day,F,L,A,MYSE
151.909,8443,6/3/2015,5/30/2015,9:13:00,7,29.9,AH0,165,32.2725567,Day,F,L,A,MYSE
151.909,8443,6/3/2015,5/29/2015,9:13:02,7,30,AH0,243,32.45,Day,F,L,A,MYSE
151.909,8443,6/3/2015,5/28/2015,9:13:10,7,32.1,AH0,131,35.5877213,Day,F,L,A,MYSE
151.909,8443,6/3/2015,5/28/2015,9:13:12,7,32.2,AH0,138,35.7107784,Day,F,L,A,MYSE
151.909,8443,6/3/2015,5/28/2015,9:13:14,7,32.2,AH0,134,35.7107784,Day,F,L,A,MYSE
151.909,8443,6/3/2015,5/30/2015,9:13:14,7,29.9,AH0,166,32.2725567,Day,F,L,A,MYSE
151.909,8443,6/3/2015,5/26/2015,9:13:15,7,26.9,AH0,236,25.6048497,Day,F,L,A,MYSE
151.909,8443,6/3/2015,5/28/2015,9:13:16,7,32.2,AH0,133,35.7107784,Day,F,L,A,MYSE
151.909,8443,6/3/2015,5/29/2015,9:13:16,7,30,AH0,243,32.45,Day,F,L,A,MYSE
151.909,8443,6/3/2015,5/30/2015,9:13:16,7,29.9,AH0,166,32.2725567,Day,F,L,A,MYSE
151.909,8443,6/3/2015,5/26/2015,9:13:17,7,26.8,AH0,235,25.3345056,Day,F,L,A,MYSE
151.909,8443,6/3/2015,5/29/2015,9:13:18,7,30,AH0,245,32.45,Day,F,L,A,MYSE
151.909,8443,6/3/2015,5/30/2015,9:13:18,7,29.9,AH0,165,32.2725567,Day,F,L,A,MYSE
151.909,8443,6/3/2015,5/26/2015,9:13:19,7,26.8,AH0,234,25.3345056,Day,F,L,A,MYSE
151.909,8443,6/3/2015,5/29/2015,9:13:20,7,30,AH0,246,32.45,Day,F,L,A,MYSE
151.909,8443,6/3/2015,5/30/2015,9:13:20,7,29.9,AH0,166,32.2725567,Day,F,L,A,MYSE
151.909,8443,6/3/2015,5/29/2015,9:13:22,7,30,AH0,244,32.45,Day,F,L,A,MYSE
151.909,8443,6/3/2015,5/28/2015,9:13:29,7,32.2,AH0,132,35.7107784,Day,F,L,A,MYSE
151.909,8443,6/3/2015,5/28/2015,9:13:31,7,32.2,AH0,135,35.7107784,Day,F,L,A,MYSE
151.909,8443,6/3/2015,5/28/2015,9:13:33,7,32.2,AH0,132,35.7107784,Day,F,L,A,MYSE
151.909,8443,6/3/2015,5/26/2015,9:13:35,7,26.8,AH0,229,25.3345056,Day,F,L,A,MYSE
151.909,8443,6/3/2015,5/28/2015,9:13:35,7,32.2,AH0,131,35.7107784,Day,F,L,A,MYSE
151.909,8443,6/3/2015,5/30/2015,9:13:35,7,29.9,AH0,165,32.2725567,Day,F,L,A,MYSE
151.909,8443,6/3/2015,5/29/2015,9:13:36,7,30,AH0,245,32.45,Day,F,L,A,MYSE
151.909,8443,6/3/2015,5/26/2015,9:13:37,7,26.8,AH0,221,25.3345056,Day,F,L,A,MYSE
151.909,8443,6/3/2015,5/28/2015,9:13:37,7,32.2,AH0,134,35.7107784,Day,F,L,A,MYSE
151.909,8443,6/3/2015,5/30/2015,9:13:37,7,29.9,AH0,169,32.2725567,Day,F,L,A,MYSE
151.909,8443,6/3/2015,5/29/2015,9:13:38,7,30,AH0,248,32.45,Day,F,L,A,MYSE
151.909,8443,6/3/2015,5/26/2015,9:13:39,7,26.8,AH0,224,25.3345056,Day,F,L,A,MYSE
151.909,8443,6/3/2015,5/30/2015,9:13:39,7,29.9,AH0,165,32.2725567,Day,F,L,A,MYSE
151.909,8443,6/3/2015,5/29/2015,9:13:40,7,30,AH0,246,32.45,Day,F,L,A,MYSE
151.909,8443,6/3/2015,5/30/2015,9:13:41,7,29.9,AH0,168,32.2725567,Day,F,L,A,MYSE
151.909,8443,6/3/2015,5/29/2015,9:13:42,7,30,AH0,247,32.45,Day,F,L,A,MYSE
151.909,8443,6/3/2015,5/28/2015,9:13:50,7,32.3,AH0,135,35.8315911,Day,F,L,A,MYSE
151.909,8443,6/3/2015,5/28/2015,9:13:51,7,32.3,AH0,134,35.8315911,Day,F,L,A,MYSE
151.909,8443,6/3/2015,5/28/2015,9:13:53,7,32.3,AH0,137,35.8315911,Day,F,L,A,MYSE
151.909,8443,6/3/2015,5/26/2015,9:13:55,7,26.8,AH0,238,25.3345056,Day,F,L,A,MYSE
151.909,8443,6/3/2015,5/28/2015,9:13:55,7,32.3,AH0,135,35.8315911,Day,F,L,A,MYSE
151.909,8443,6/3/2015,5/30/2015,9:13:55,7,29.9,AH0,167,32.2725567,Day,F,L,A,MYSE
151.909,8443,6/3/2015,5/29/2015,9:13:56,7,30.1,AH0,245,32.6247633,Day,F,L,A,MYSE
151.909,8443,6/3/2015,5/26/2015,9:13:57,7,26.8,AH0,222,25.3345056,Day,F,L,A,MYSE
151.909,8443,6/3/2015,5/30/2015,9:13:57,7,29.9,AH0,167,32.2725567,Day,F,L,A,MYSE
151.909,8443,6/3/2015,5/29/2015,9:13:58,7,30.1,AH0,244,32.6247633,Day,F,L,A,MYSE
151.909,8443,6/3/2015,5/26/2015,9:13:59,7,26.8,AH0,232,25.3345056,Day,F,L,A,MYSE
151.909,8443,6/3/2015,5/30/2015,9:13:59,7,29.9,AH0,167,32.2725567,Day,F,L,A,MYSE
151.909,8443,6/3/2015,5/29/2015,9:14:00,7,30.1,AH0,246,32.6247633,Day,F,L,A,MYSE
151.909,8443,6/3/2015,5/30/2015,9:14:01,7,29.9,AH0,170,32.2725567,Day,F,L,A,MYSE
151.909,8443,6/3/2015,5/29/2015,9:14:02,7,30.1,AH0,244,32.6247633,Day,F,L,A,MYSE
151.909,8443,6/3/2015,5/28/2015,9:14:10,7,32.3,AH0,137,35.8315911,Day,F,L,A,MYSE
151.909,8443,6/3/2015,5/28/2015,9:14:12,7,32.3,AH0,131,35.8315911,Day,F,L,A,MYSE
151.909,8443,6/3/2015,5/28/2015,9:14:14,7,32.3,AH0,134,35.8315911,Day,F,L,A,MYSE
151.909,8443,6/3/2015,5/26/2015,9:14:15,7,26.8,AH0,235,25.3345056,Day,F,L,A,MYSE
151.909,8443,6/3/2015,5/30/2015,9:14:15,7,29.9,AH0,165,32.2725567,Day,F,L,A,MYSE
151.909,8443,6/3/2015,5/28/2015,9:14:16,7,32.3,AH0,129,35.8315911,Day,F,L,A,MYSE
151.909,8443,6/3/2015,5/29/2015,9:14:16,7,30.1,AH0,246,32.6247633,Day,F,L,A,MYSE
151.909,8443,6/3/2015,5/26/2015,9:14:17,7,26.8,AH0,235,25.3345056,Day,F,L,A,MYSE
151.909,8443,6/3/2015,5/30/2015,9:14:17,7,29.9,AH0,165,32.2725567,Day,F,L,A,MYSE
151.909,8443,6/3/2015,5/29/2015,9:14:18,7,30.1,AH0,245,32.6247633,Day,F,L,A,MYSE
151.909,8443,6/3/2015,5/26/2015,9:14:19,7,26.8,AH0,233,25.3345056,Day,F,L,A,MYSE
151.909,8443,6/3/2015,5/30/2015,9:14:19,7,29.9,AH0,166,32.2725567,Day,F,L,A,MYSE
151.909,8443,6/3/2015,5/29/2015,9:14:20,7,30.1,AH0,248,32.6247633,Day,F,L,A,MYSE
151.909,8443,6/3/2015,5/30/2015,9:14:21,7,29.9,AH0,167,32.2725567,Day,F,L,A,MYSE
151.909,8443,6/3/2015,5/29/2015,9:14:22,7,30.1,AH0,246,32.6247633,Day,F,L,A,MYSE
151.909,8443,6/3/2015,5/28/2015,9:14:30,7,32.3,AH0,135,35.8315911,Day,F,L,A,MYSE
151.909,8443,6/3/2015,5/28/2015,9:14:32,7,32.3,AH0,135,35.8315911,Day,F,L,A,MYSE
151.909,8443,6/3/2015,5/26/2015,9:14:33,7,26.8,AH0,236,25.3345056,Day,F,L,A,MYSE
151.909,8443,6/3/2015,5/28/2015,9:14:34,7,32.3,AH0,132,35.8315911,Day,F,L,A,MYSE
151.909,8443,6/3/2015,5/26/2015,9:14:35,7,26.8,AH0,237,25.3345056,Day,F,L,A,MYSE
151.909,8443,6/3/2015,5/30/2015,9:14:35,7,29.9,AH0,165,32.2725567,Day,F,L,A,MYSE
151.909,8443,6/3/2015,5/28/2015,9:14:36,7,32.3,AH0,131,35.8315911,Day,F,L,A,MYSE
151.909,8443,6/3/2015,5/29/2015,9:14:36,7,30.1,AH0,247,32.6247633,Day,F,L,A,MYSE
151.909,8443,6/3/2015,5/26/2015,9:14:37,7,26.7,AH0,236,25.0608479,Day,F,L,A,MYSE
151.909,8443,6/3/2015,5/30/2015,9:14:37,7,29.9,AH0,166,32.2725567,Day,F,L,A,MYSE
151.909,8443,6/3/2015,5/29/2015,9:14:38,7,30.1,AH0,248,32.6247633,Day,F,L,A,MYSE
151.909,8443,6/3/2015,5/30/2015,9:14:39,7,29.9,AH0,168,32.2725567,Day,F,L,A,MYSE
151.909,8443,6/3/2015,5/26/2015,9:14:40,7,26.7,AH0,233,25.0608479,Day,F,L,A,MYSE
151.909,8443,6/3/2015,5/29/2015,9:14:40,7,30.1,AH0,247,32.6247633,Day,F,L,A,MYSE
151.909,8443,6/3/2015,5/30/2015,9:14:41,7,29.9,AH0,162,32.2725567,Day,F,L,A,MYSE
151.909,8443,6/3/2015,5/29/2015,9:14:42,7,30.1,AH0,248,32.6247633,Day,F,L,A,MYSE
151.909,8443,6/3/2015,5/28/2015,9:14:49,7,32.3,AH0,133,35.8315911,Day,F,L,A,MYSE
151.909,8443,6/3/2015,5/28/2015,9:14:51,7,32.3,AH0,131,35.8315911,Day,F,L,A,MYSE
151.909,8443,6/3/2015,5/28/2015,9:14:53,7,32.3,AH0,129,35.8315911,Day,F,L,A,MYSE
151.909,8443,6/3/2015,5/26/2015,9:14:54,7,26.7,AH0,234,25.0608479,Day,F,L,A,MYSE
151.909,8443,6/3/2015,5/28/2015,9:14:55,7,32.3,AH0,135,35.8315911,Day,F,L,A,MYSE
151.909,8443,6/3/2015,5/30/2015,9:14:55,7,30,AH0,169,32.45,Day,F,L,A,MYSE
151.909,8443,6/3/2015,5/26/2015,9:14:56,7,26.7,AH0,231,25.0608479,Day,F,L,A,MYSE
151.909,8443,6/3/2015,5/28/2015,9:14:56,7,32.3,AH0,131,35.8315911,Day,F,L,A,MYSE
151.909,8443,6/3/2015,5/29/2015,9:14:56,7,30.1,AH0,247,32.6247633,Day,F,L,A,MYSE
151.909,8443,6/3/2015,5/30/2015,9:14:57,7,29.9,AH0,168,32.2725567,Day,F,L,A,MYSE
151.909,8443,6/3/2015,5/29/2015,9:14:58,7,30.1,AH0,245,32.6247633,Day,F,L,A,MYSE
151.909,8443,6/3/2015,5/26/2015,9:14:59,7,26.7,AH0,236,25.0608479,Day,F,L,A,MYSE
151.909,8443,6/3/2015,5/30/2015,9:14:59,7,29.9,AH0,168,32.2725567,Day,F,L,A,MYSE
151.909,8443,6/3/2015,5/29/2015,9:15:00,7,30.1,AH0,245,32.6247633,Day,F,L,A,MYSE
151.909,8443,6/3/2015,5/26/2015,9:15:01,7,26.7,AH0,234,25.0608479,Day,F,L,A,MYSE
151.909,8443,6/3/2015,5/29/2015,9:15:02,7,30.1,AH0,245,32.6247633,Day,F,L,A,MYSE
151.909,8443,6/3/2015,5/28/2015,9:15:09,7,32.3,AH0,134,35.8315911,Day,F,L,A,MYSE
151.909,8443,6/3/2015,5/28/2015,9:15:11,7,32.2,AH0,139,35.7107784,Day,F,L,A,MYSE
151.909,8443,6/3/2015,5/28/2015,9:15:13,7,32.2,AH0,140,35.7107784,Day,F,L,A,MYSE
151.909,8443,6/3/2015,5/30/2015,9:15:13,7,30,AH0,166,32.45,Day,F,L,A,MYSE
151.909,8443,6/3/2015,5/26/2015,9:15:14,7,26.7,AH0,234,25.0608479,Day,F,L,A,MYSE
151.909,8443,6/3/2015,5/28/2015,9:15:15,7,32.2,AH0,134,35.7107784,Day,F,L,A,MYSE
151.909,8443,6/3/2015,5/30/2015,9:15:15,7,30,AH0,166,32.45,Day,F,L,A,MYSE
151.909,8443,6/3/2015,5/26/2015,9:15:16,7,26.7,AH0,234,25.0608479,Day,F,L,A,MYSE
151.909,8443,6/3/2015,5/29/2015,9:15:16,7,30,AH0,245,32.45,Day,F,L,A,MYSE
151.909,8443,6/3/2015,5/28/2015,9:15:17,7,32.2,AH0,137,35.7107784,Day,F,L,A,MYSE
151.909,8443,6/3/2015,5/30/2015,9:15:17,7,30,AH0,167,32.45,Day,F,L,A,MYSE
151.909,8443,6/3/2015,5/29/2015,9:15:18,7,30,AH0,247,32.45,Day,F,L,A,MYSE
151.909,8443,6/3/2015,5/26/2015,9:15:19,7,26.7,AH0,234,25.0608479,Day,F,L,A,MYSE
151.909,8443,6/3/2015,5/30/2015,9:15:19,7,30,AH0,169,32.45,Day,F,L,A,MYSE
151.909,8443,6/3/2015,5/29/2015,9:15:20,7,30,AH0,247,32.45,Day,F,L,A,MYSE
151.909,8443,6/3/2015,5/26/2015,9:15:21,7,26.7,AH0,235,25.0608479,Day,F,L,A,MYSE
151.909,8443,6/3/2015,5/29/2015,9:15:22,7,30,AH0,248,32.45,Day,F,L,A,MYSE
151.909,8443,6/3/2015,5/28/2015,9:15:30,7,32.1,AH0,134,35.5877213,Day,F,L,A,MYSE
151.909,8443,6/3/2015,5/28/2015,9:15:32,7,32.1,AH0,134,35.5877213,Day,F,L,A,MYSE
151.909,8443,6/3/2015,5/30/2015,9:15:33,7,30,AH0,165,32.45,Day,F,L,A,MYSE
151.909,8443,6/3/2015,5/26/2015,9:15:34,7,26.7,AH0,236,25.0608479,Day,F,L,A,MYSE
151.909,8443,6/3/2015,5/28/2015,9:15:34,7,32.1,AH0,131,35.5877213,Day,F,L,A,MYSE
151.909,8443,6/3/2015,5/30/2015,9:15:35,7,30,AH0,166,32.45,Day,F,L,A,MYSE
151.909,8443,6/3/2015,5/28/2015,9:15:36,7,32,AH0,130,35.4624,Day,F,L,A,MYSE
151.909,8443,6/3/2015,5/29/2015,9:15:36,7,30,AH0,247,32.45,Day,F,L,A,MYSE
151.909,8443,6/3/2015,5/26/2015,9:15:37,7,26.7,AH0,241,25.0608479,Day,F,L,A,MYSE
151.909,8443,6/3/2015,5/30/2015,9:15:37,7,30,AH0,166,32.45,Day,F,L,A,MYSE
151.909,8443,6/3/2015,5/29/2015,9:15:38,7,30,AH0,249,32.45,Day,F,L,A,MYSE
151.909,8443,6/3/2015,5/26/2015,9:15:39,7,26.7,AH0,240,25.0608479,Day,F,L,A,MYSE
151.909,8443,6/3/2015,5/30/2015,9:15:39,7,30,AH0,164,32.45,Day,F,L,A,MYSE
151.909,8443,6/3/2015,5/29/2015,9:15:40,7,30,AH0,244,32.45,Day,F,L,A,MYSE
151.909,8443,6/3/2015,5/26/2015,9:15:41,7,26.7,AH0,242,25.0608479,Day,F,L,A,MYSE
151.909,8443,6/3/2015,5/29/2015,9:15:42,7,30,AH0,249,32.45,Day,F,L,A,MYSE
151.909,8443,6/3/2015,5/28/2015,9:15:51,7,31.9,AH0,131,35.3347947,Day,F,L,A,MYSE
151.909,8443,6/3/2015,5/28/2015,9:15:53,7,32,AH0,131,35.4624,Day,F,L,A,MYSE
151.909,8443,6/3/2015,5/30/2015,9:15:53,7,30,AH0,168,32.45,Day,F,L,A,MYSE
151.909,8443,6/3/2015,5/28/2015,9:15:54,7,31.9,AH0,135,35.3347947,Day,F,L,A,MYSE
151.909,8443,6/3/2015,5/26/2015,9:15:55,7,26.7,AH0,241,25.0608479,Day,F,L,A,MYSE
151.909,8443,6/3/2015,5/30/2015,9:15:55,7,30,AH0,170,32.45,Day,F,L,A,MYSE
151.909,8443,6/3/2015,5/28/2015,9:15:56,7,32,AH0,133,35.4624,Day,F,L,A,MYSE
151.909,8443,6/3/2015,5/29/2015,9:15:56,7,30,AH0,247,32.45,Day,F,L,A,MYSE
151.909,8443,6/3/2015,5/26/2015,9:15:57,7,26.7,AH0,243,25.0608479,Day,F,L,A,MYSE
151.909,8443,6/3/2015,5/30/2015,9:15:57,7,30,AH0,165,32.45,Day,F,L,A,MYSE
151.909,8443,6/3/2015,5/29/2015,9:15:58,7,30,AH0,247,32.45,Day,F,L,A,MYSE
151.909,8443,6/3/2015,5/26/2015,9:15:59,7,26.7,AH0,241,25.0608479,Day,F,L,A,MYSE
151.909,8443,6/3/2015,5/30/2015,9:15:59,7,30,AH0,164,32.45,Day,F,L,A,MYSE
151.909,8443,6/3/2015,5/29/2015,9:16:00,7,30,AH0,243,32.45,Day,F,L,A,MYSE
151.909,8443,6/3/2015,5/26/2015,9:16:01,7,26.7,AH0,243,25.0608479,Day,F,L,A,MYSE
151.909,8443,6/3/2015,5/29/2015,9:16:02,7,30,AH0,247,32.45,Day,F,L,A,MYSE
151.909,8443,6/3/2015,5/28/2015,9:16:09,7,31.9,AH0,131,35.3347947,Day,F,L,A,MYSE
151.909,8443,6/3/2015,5/28/2015,9:16:11,7,31.9,AH0,133,35.3347947,Day,F,L,A,MYSE
151.909,8443,6/3/2015,5/28/2015,9:16:13,7,31.9,AH0,135,35.3347947,Day,F,L,A,MYSE
151.909,8443,6/3/2015,5/30/2015,9:16:13,7,30,AH0,171,32.45,Day,F,L,A,MYSE
151.909,8443,6/3/2015,5/26/2015,9:16:15,7,26.7,AH0,241,25.0608479,Day,F,L,A,MYSE
151.909,8443,6/3/2015,5/28/2015,9:16:15,7,31.9,AH0,133,35.3347947,Day,F,L,A,MYSE
151.909,8443,6/3/2015,5/30/2015,9:16:15,7,30,AH0,167,32.45,Day,F,L,A,MYSE
151.909,8443,6/3/2015,5/29/2015,9:16:16,7,30,AH0,246,32.45,Day,F,L,A,MYSE
151.909,8443,6/3/2015,5/26/2015,9:16:17,7,26.7,AH0,243,25.0608479,Day,F,L,A,MYSE
151.909,8443,6/3/2015,5/28/2015,9:16:17,7,31.9,AH0,133,35.3347947,Day,F,L,A,MYSE
151.909,8443,6/3/2015,5/30/2015,9:16:17,7,30,AH0,168,32.45,Day,F,L,A,MYSE
151.909,8443,6/3/2015,5/29/2015,9:16:18,7,30,AH0,248,32.45,Day,F,L,A,MYSE
151.909,8443,6/3/2015,5/26/2015,9:16:19,7,26.7,AH0,240,25.0608479,Day,F,L,A,MYSE
151.909,8443,6/3/2015,5/30/2015,9:16:19,7,30,AH0,165,32.45,Day,F,L,A,MYSE
151.909,8443,6/3/2015,5/29/2015,9:16:20,7,30,AH0,250,32.45,Day,F,L,A,MYSE
151.909,8443,6/3/2015,5/29/2015,9:16:22,7,30,AH0,253,32.45,Day,F,L,A,MYSE
151.909,8443,6/3/2015,5/28/2015,9:16:30,7,31.9,AH0,133,35.3347947,Day,F,L,A,MYSE
151.909,8443,6/3/2015,5/28/2015,9:16:32,7,31.9,AH0,135,35.3347947,Day,F,L,A,MYSE
151.909,8443,6/3/2015,5/30/2015,9:16:33,7,30,AH0,162,32.45,Day,F,L,A,MYSE
151.909,8443,6/3/2015,5/28/2015,9:16:34,7,31.9,AH0,133,35.3347947,Day,F,L,A,MYSE
151.909,8443,6/3/2015,5/26/2015,9:16:35,7,26.7,AH0,241,25.0608479,Day,F,L,A,MYSE
151.909,8443,6/3/2015,5/30/2015,9:16:35,7,30,AH0,165,32.45,Day,F,L,A,MYSE
151.909,8443,6/3/2015,5/28/2015,9:16:36,7,31.9,AH0,130,35.3347947,Day,F,L,A,MYSE
151.909,8443,6/3/2015,5/29/2015,9:16:36,7,30,AH0,247,32.45,Day,F,L,A,MYSE
151.909,8443,6/3/2015,5/26/2015,9:16:37,7,26.7,AH0,239,25.0608479,Day,F,L,A,MYSE
151.909,8443,6/3/2015,5/30/2015,9:16:37,7,30,AH0,167,32.45,Day,F,L,A,MYSE
151.909,8443,6/3/2015,5/29/2015,9:16:38,7,30,AH0,243,32.45,Day,F,L,A,MYSE
151.909,8443,6/3/2015,5/30/2015,9:16:39,7,30,AH0,164,32.45,Day,F,L,A,MYSE
151.909,8443,6/3/2015,5/26/2015,9:16:40,7,26.7,AH0,243,25.0608479,Day,F,L,A,MYSE
151.909,8443,6/3/2015,5/29/2015,9:16:40,7,30,AH0,244,32.45,Day,F,L,A,MYSE
151.909,8443,6/3/2015,5/29/2015,9:16:42,7,30,AH0,244,32.45,Day,F,L,A,MYSE
151.909,8443,6/3/2015,5/28/2015,9:16:49,7,31.7,AH0,136,35.0726529,Day,F,L,A,MYSE
151.909,8443,6/3/2015,5/28/2015,9:16:51,7,31.6,AH0,133,34.9380768,Day,F,L,A,MYSE
151.909,8443,6/3/2015,5/28/2015,9:16:53,7,31.6,AH0,128,34.9380768,Day,F,L,A,MYSE
151.909,8443,6/3/2015,5/30/2015,9:16:53,7,30,AH0,164,32.45,Day,F,L,A,MYSE
151.909,8443,6/3/2015,5/26/2015,9:16:55,7,26.7,AH0,242,25.0608479,Day,F,L,A,MYSE
151.909,8443,6/3/2015,5/28/2015,9:16:55,7,31.6,AH0,127,34.9380768,Day,F,L,A,MYSE
151.909,8443,6/3/2015,5/30/2015,9:16:55,7,30,AH0,164,32.45,Day,F,L,A,MYSE
151.909,8443,6/3/2015,5/29/2015,9:16:56,7,30,AH0,246,32.45,Day,F,L,A,MYSE
151.909,8443,6/3/2015,5/28/2015,9:16:57,7,31.6,AH0,131,34.9380768,Day,F,L,A,MYSE
151.909,8443,6/3/2015,5/30/2015,9:16:57,7,30,AH0,165,32.45,Day,F,L,A,MYSE
151.909,8443,6/3/2015,5/26/2015,9:16:58,7,26.7,AH0,239,25.0608479,Day,F,L,A,MYSE
151.909,8443,6/3/2015,5/29/2015,9:16:58,7,30,AH0,246,32.45,Day,F,L,A,MYSE
151.909,8443,6/3/2015,5/30/2015,9:16:59,7,30.1,AH0,164,32.6247633,Day,F,L,A,MYSE
151.909,8443,6/3/2015,5/26/2015,9:17:00,7,26.7,AH0,241,25.0608479,Day,F,L,A,MYSE
151.909,8443,6/3/2015,5/29/2015,9:17:00,7,30,AH0,243,32.45,Day,F,L,A,MYSE
151.909,8443,6/3/2015,5/29/2015,9:17:02,7,30,AH0,246,32.45,Day,F,L,A,MYSE
151.909,8443,6/3/2015,5/28/2015,9:17:10,7,31.5,AH0,137,34.8011375,Day,F,L,A,MYSE
151.909,8443,6/3/2015,5/28/2015,9:17:12,7,31.4,AH0,128,34.6618152,Day,F,L,A,MYSE
151.909,8443,6/3/2015,5/30/2015,9:17:13,7,30.2,AH0,168,32.7968664,Day,F,L,A,MYSE
151.909,8443,6/3/2015,5/28/2015,9:17:14,7,31.4,AH0,129,34.6618152,Day,F,L,A,MYSE
151.909,8443,6/3/2015,5/30/2015,9:17:15,7,30,AH0,167,32.45,Day,F,L,A,MYSE
151.909,8443,6/3/2015,5/26/2015,9:17:16,7,26.7,AH0,240,25.0608479,Day,F,L,A,MYSE
151.909,8443,6/3/2015,5/28/2015,9:17:16,7,31.4,AH0,128,34.6618152,Day,F,L,A,MYSE
151.909,8443,6/3/2015,5/29/2015,9:17:16,7,29.9,AH0,244,32.2725567,Day,F,L,A,MYSE
151.909,8443,6/3/2015,5/30/2015,9:17:17,7,30,AH0,163,32.45,Day,F,L,A,MYSE
151.909,8443,6/3/2015,5/26/2015,9:17:18,7,26.7,AH0,242,25.0608479,Day,F,L,A,MYSE
151.909,8443,6/3/2015,5/29/2015,9:17:18,7,29.9,AH0,245,32.2725567,Day,F,L,A,MYSE
151.909,8443,6/3/2015,5/30/2015,9:17:19,7,30,AH0,167,32.45,Day,F,L,A,MYSE
151.909,8443,6/3/2015,5/26/2015,9:17:20,7,26.7,AH0,242,25.0608479,Day,F,L,A,MYSE
151.909,8443,6/3/2015,5/29/2015,9:17:20,7,29.9,AH0,241,32.2725567,Day,F,L,A,MYSE
151.909,8443,6/3/2015,5/29/2015,9:17:22,7,29.9,AH0,245,32.2725567,Day,F,L,A,MYSE
151.909,8443,6/3/2015,5/28/2015,9:17:29,7,31.4,AH0,131,34.6618152,Day,F,L,A,MYSE
151.909,8443,6/3/2015,5/28/2015,9:17:31,7,31.4,AH0,133,34.6618152,Day,F,L,A,MYSE
151.909,8443,6/3/2015,5/28/2015,9:17:33,7,31.4,AH0,134,34.6618152,Day,F,L,A,MYSE
151.909,8443,6/3/2015,5/30/2015,9:17:33,7,30.3,AH0,160,32.9663291,Day,F,L,A,MYSE
151.909,8443,6/3/2015,5/28/2015,9:17:35,7,31.4,AH0,133,34.6618152,Day,F,L,A,MYSE
151.909,8443,6/3/2015,5/30/2015,9:17:35,7,30,AH0,159,32.45,Day,F,L,A,MYSE
151.909,8443,6/3/2015,5/26/2015,9:17:36,7,26.7,AH0,241,25.0608479,Day,F,L,A,MYSE
151.909,8443,6/3/2015,5/29/2015,9:17:36,7,29.9,AH0,243,32.2725567,Day,F,L,A,MYSE
151.909,8443,6/3/2015,5/28/2015,9:17:37,7,31.3,AH0,137,34.5200901,Day,F,L,A,MYSE
151.909,8443,6/3/2015,5/30/2015,9:17:37,7,30,AH0,158,32.45,Day,F,L,A,MYSE
151.909,8443,6/3/2015,5/26/2015,9:17:38,7,26.7,AH0,243,25.0608479,Day,F,L,A,MYSE
151.909,8443,6/3/2015,5/29/2015,9:17:38,7,29.9,AH0,245,32.2725567,Day,F,L,A,MYSE
151.909,8443,6/3/2015,5/30/2015,9:17:39,7,30,AH0,161,32.45,Day,F,L,A,MYSE
151.909,8443,6/3/2015,5/26/2015,9:17:40,7,26.7,AH0,240,25.0608479,Day,F,L,A,MYSE
151.909,8443,6/3/2015,5/29/2015,9:17:40,7,29.9,AH0,242,32.2725567,Day,F,L,A,MYSE
151.909,8443,6/3/2015,5/29/2015,9:17:42,7,29.9,AH0,244,32.2725567,Day,F,L,A,MYSE
151.909,8443,6/3/2015,5/28/2015,9:17:50,7,31.3,AH0,135,34.5200901,Day,F,L,A,MYSE
151.909,8443,6/3/2015,5/28/2015,9:17:52,7,31.3,AH0,134,34.5200901,Day,F,L,A,MYSE
151.909,8443,6/3/2015,5/26/2015,9:17:54,7,26.7,AH0,241,25.0608479,Day,F,L,A,MYSE
151.909,8443,6/3/2015,5/28/2015,9:17:54,7,31.3,AH0,134,34.5200901,Day,F,L,A,MYSE
151.909,8443,6/3/2015,5/30/2015,9:17:55,7,30,AH0,157,32.45,Day,F,L,A,MYSE
151.909,8443,6/3/2015,5/26/2015,9:17:56,7,26.7,AH0,241,25.0608479,Day,F,L,A,MYSE
151.909,8443,6/3/2015,5/28/2015,9:17:56,7,31.3,AH0,131,34.5200901,Day,F,L,A,MYSE
151.909,8443,6/3/2015,5/29/2015,9:17:56,7,29.9,AH0,244,32.2725567,Day,F,L,A,MYSE
151.909,8443,6/3/2015,5/30/2015,9:17:57,7,30,AH0,159,32.45,Day,F,L,A,MYSE
151.909,8443,6/3/2015,5/26/2015,9:17:58,7,26.7,AH0,240,25.0608479,Day,F,L,A,MYSE
151.909,8443,6/3/2015,5/29/2015,9:17:58,7,29.9,AH0,245,32.2725567,Day,F,L,A,MYSE
151.909,8443,6/3/2015,5/30/2015,9:17:59,7,30,AH0,159,32.45,Day,F,L,A,MYSE
151.909,8443,6/3/2015,5/29/2015,9:18:00,7,29.9,AH0,245,32.2725567,Day,F,L,A,MYSE
151.909,8443,6/3/2015,5/26/2015,9:18:01,7,26.7,AH0,238,25.0608479,Day,F,L,A,MYSE
151.909,8443,6/3/2015,5/30/2015,9:18:01,7,30,AH0,156,32.45,Day,F,L,A,MYSE
151.909,8443,6/3/2015,5/29/2015,9:18:02,7,29.9,AH0,245,32.2725567,Day,F,L,A,MYSE
151.909,8443,6/3/2015,5/28/2015,9:18:09,7,31.2,AH0,130,34.3759424,Day,F,L,A,MYSE
151.909,8443,6/3/2015,5/28/2015,9:18:11,7,31.2,AH0,130,34.3759424,Day,F,L,A,MYSE
151.909,8443,6/3/2015,5/28/2015,9:18:13,7,31.2,AH0,128,34.3759424,Day,F,L,A,MYSE
151.909,8443,6/3/2015,5/26/2015,9:18:14,7,26.7,AH0,240,25.0608479,Day,F,L,A,MYSE
151.909,8443,6/3/2015,5/28/2015,9:18:15,7,31.2,AH0,131,34.3759424,Day,F,L,A,MYSE
151.909,8443,6/3/2015,5/30/2015,9:18:15,7,30.1,AH0,162,32.6247633,Day,F,L,A,MYSE
151.909,8443,6/3/2015,5/26/2015,9:18:16,7,26.7,AH0,242,25.0608479,Day,F,L,A,MYSE
151.909,8443,6/3/2015,5/29/2015,9:18:16,7,29.9,AH0,242,32.2725567,Day,F,L,A,MYSE
151.909,8443,6/3/2015,5/30/2015,9:18:17,7,30.1,AH0,160,32.6247633,Day,F,L,A,MYSE
151.909,8443,6/3/2015,5/26/2015,9:18:18,7,26.7,AH0,241,25.0608479,Day,F,L,A,MYSE
151.909,8443,6/3/2015,5/29/2015,9:18:18,7,29.9,AH0,242,32.2725567,Day,F,L,A,MYSE
151.909,8443,6/3/2015,5/30/2015,9:18:19,7,30.1,AH0,159,32.6247633,Day,F,L,A,MYSE
151.909,8443,6/3/2015,5/29/2015,9:18:20,7,29.9,AH0,241,32.2725567,Day,F,L,A,MYSE
151.909,8443,6/3/2015,5/26/2015,9:18:21,7,26.7,AH0,239,25.0608479,Day,F,L,A,MYSE
151.909,8443,6/3/2015,5/30/2015,9:18:21,7,30.1,AH0,161,32.6247633,Day,F,L,A,MYSE
151.909,8443,6/3/2015,5/29/2015,9:18:22,7,29.9,AH0,244,32.2725567,Day,F,L,A,MYSE
151.909,8443,6/3/2015,5/28/2015,9:18:30,7,31.2,AH0,132,34.3759424,Day,F,L,A,MYSE
151.909,8443,6/3/2015,5/28/2015,9:18:32,7,31.2,AH0,131,34.3759424,Day,F,L,A,MYSE
151.909,8443,6/3/2015,5/26/2015,9:18:34,7,26.7,AH0,237,25.0608479,Day,F,L,A,MYSE
151.909,8443,6/3/2015,5/28/2015,9:18:34,7,31.2,AH0,130,34.3759424,Day,F,L,A,MYSE
151.909,8443,6/3/2015,5/30/2015,9:18:35,7,30.1,AH0,165,32.6247633,Day,F,L,A,MYSE
151.909,8443,6/3/2015,5/26/2015,9:18:36,7,26.7,AH0,238,25.0608479,Day,F,L,A,MYSE
151.909,8443,6/3/2015,5/28/2015,9:18:36,7,31.2,AH0,135,34.3759424,Day,F,L,A,MYSE
151.909,8443,6/3/2015,5/29/2015,9:18:36,7,29.8,AH0,244,32.0924136,Day,F,L,A,MYSE
151.909,8443,6/3/2015,5/30/2015,9:18:37,7,30.1,AH0,165,32.6247633,Day,F,L,A,MYSE
151.909,8443,6/3/2015,5/29/2015,9:18:38,7,29.8,AH0,244,32.0924136,Day,F,L,A,MYSE
151.909,8443,6/3/2015,5/26/2015,9:18:39,7,26.7,AH0,243,25.0608479,Day,F,L,A,MYSE
151.909,8443,6/3/2015,5/30/2015,9:18:39,7,30.1,AH0,167,32.6247633,Day,F,L,A,MYSE
151.909,8443,6/3/2015,5/29/2015,9:18:40,7,29.8,AH0,244,32.0924136,Day,F,L,A,MYSE
151.909,8443,6/3/2015,5/26/2015,9:18:41,7,26.7,AH0,242,25.0608479,Day,F,L,A,MYSE
151.909,8443,6/3/2015,5/30/2015,9:18:41,7,30.1,AH0,165,32.6247633,Day,F,L,A,MYSE
151.909,8443,6/3/2015,5/29/2015,9:18:42,7,29.8,AH0,243,32.0924136,Day,F,L,A,MYSE
151.909,8443,6/3/2015,5/28/2015,9:18:50,7,31.2,AH0,134,34.3759424,Day,F,L,A,MYSE
151.909,8443,6/3/2015,5/28/2015,9:18:52,7,31.2,AH0,132,34.3759424,Day,F,L,A,MYSE
151.909,8443,6/3/2015,5/26/2015,9:18:54,7,26.7,AH0,240,25.0608479,Day,F,L,A,MYSE
151.909,8443,6/3/2015,5/28/2015,9:18:54,7,31.2,AH0,136,34.3759424,Day,F,L,A,MYSE
151.909,8443,6/3/2015,5/28/2015,9:18:55,7,31.2,AH0,132,34.3759424,Day,F,L,A,MYSE
151.909,8443,6/3/2015,5/30/2015,9:18:55,7,30.1,AH0,162,32.6247633,Day,F,L,A,MYSE
151.909,8443,6/3/2015,5/29/2015,9:18:56,7,29.8,AH0,245,32.0924136,Day,F,L,A,MYSE
151.909,8443,6/3/2015,5/26/2015,9:18:57,7,26.7,AH0,242,25.0608479,Day,F,L,A,MYSE
151.909,8443,6/3/2015,5/30/2015,9:18:57,7,30.1,AH0,166,32.6247633,Day,F,L,A,MYSE
151.909,8443,6/3/2015,5/29/2015,9:18:58,7,29.8,AH0,246,32.0924136,Day,F,L,A,MYSE
151.909,8443,6/3/2015,5/26/2015,9:18:59,7,26.7,AH0,239,25.0608479,Day,F,L,A,MYSE
151.909,8443,6/3/2015,5/30/2015,9:18:59,7,30.1,AH0,164,32.6247633,Day,F,L,A,MYSE
151.909,8443,6/3/2015,5/29/2015,9:19:00,7,29.8,AH0,243,32.0924136,Day,F,L,A,MYSE
151.909,8443,6/3/2015,5/26/2015,9:19:01,7,26.7,AH0,242,25.0608479,Day,F,L,A,MYSE
151.909,8443,6/3/2015,5/30/2015,9:19:01,7,30.1,AH0,162,32.6247633,Day,F,L,A,MYSE
151.909,8443,6/3/2015,5/28/2015,9:19:09,7,31.2,AH0,136,34.3759424,Day,F,L,A,MYSE
151.909,8443,6/3/2015,5/28/2015,9:19:11,7,31.2,AH0,133,34.3759424,Day,F,L,A,MYSE
151.909,8443,6/3/2015,5/28/2015,9:19:13,7,31.2,AH0,137,34.3759424,Day,F,L,A,MYSE
151.909,8443,6/3/2015,5/29/2015,9:19:14,7,29.8,AH0,241,32.0924136,Day,F,L,A,MYSE
151.909,8443,6/3/2015,5/30/2015,9:19:14,7,30.1,AH0,165,32.6247633,Day,F,L,A,MYSE
151.909,8443,6/3/2015,5/26/2015,9:19:15,7,26.7,AH0,241,25.0608479,Day,F,L,A,MYSE
151.909,8443,6/3/2015,5/28/2015,9:19:15,7,31.2,AH0,133,34.3759424,Day,F,L,A,MYSE
151.909,8443,6/3/2015,5/29/2015,9:19:16,7,29.8,AH0,241,32.0924136,Day,F,L,A,MYSE
151.909,8443,6/3/2015,5/30/2015,9:19:16,7,30.1,AH0,164,32.6247633,Day,F,L,A,MYSE
151.909,8443,6/3/2015,5/26/2015,9:19:17,7,26.7,AH0,241,25.0608479,Day,F,L,A,MYSE
151.909,8443,6/3/2015,5/28/2015,9:19:17,7,31.2,AH0,134,34.3759424,Day,F,L,A,MYSE
151.909,8443,6/3/2015,5/29/2015,9:19:18,7,29.8,AH0,243,32.0924136,Day,F,L,A,MYSE
151.909,8443,6/3/2015,5/30/2015,9:19:18,7,30.1,AH0,165,32.6247633,Day,F,L,A,MYSE
151.909,8443,6/3/2015,5/26/2015,9:19:19,7,26.6,AH0,239,24.7838568,Day,F,L,A,MYSE
151.909,8443,6/3/2015,5/29/2015,9:19:20,7,29.8,AH0,242,32.0924136,Day,F,L,A,MYSE
151.909,8443,6/3/2015,5/30/2015,9:19:20,7,30.1,AH0,166,32.6247633,Day,F,L,A,MYSE
151.909,8443,6/3/2015,5/28/2015,9:19:30,7,31.2,AH0,134,34.3759424,Day,F,L,A,MYSE
151.909,8443,6/3/2015,5/28/2015,9:19:32,7,31.2,AH0,134,34.3759424,Day,F,L,A,MYSE
151.909,8443,6/3/2015,5/28/2015,9:19:34,7,31.2,AH0,132,34.3759424,Day,F,L,A,MYSE
151.909,8443,6/3/2015,5/30/2015,9:19:34,7,30.1,AH0,166,32.6247633,Day,F,L,A,MYSE
151.909,8443,6/3/2015,5/26/2015,9:19:35,7,26.6,AH0,241,24.7838568,Day,F,L,A,MYSE
151.909,8443,6/3/2015,5/29/2015,9:19:35,7,29.8,AH0,241,32.0924136,Day,F,L,A,MYSE
151.909,8443,6/3/2015,5/28/2015,9:19:36,7,31.2,AH0,134,34.3759424,Day,F,L,A,MYSE
151.909,8443,6/3/2015,5/30/2015,9:19:36,7,30.2,AH0,162,32.7968664,Day,F,L,A,MYSE
151.909,8443,6/3/2015,5/26/2015,9:19:37,7,26.6,AH0,240,24.7838568,Day,F,L,A,MYSE
151.909,8443,6/3/2015,5/29/2015,9:19:37,7,29.8,AH0,243,32.0924136,Day,F,L,A,MYSE
151.909,8443,6/3/2015,5/30/2015,9:19:38,7,30.2,AH0,161,32.7968664,Day,F,L,A,MYSE
151.909,8443,6/3/2015,5/29/2015,9:19:39,7,29.8,AH0,243,32.0924136,Day,F,L,A,MYSE
151.909,8443,6/3/2015,5/26/2015,9:19:40,7,26.6,AH0,242,24.7838568,Day,F,L,A,MYSE
151.909,8443,6/3/2015,5/30/2015,9:19:40,7,30.2,AH0,165,32.7968664,Day,F,L,A,MYSE
151.909,8443,6/3/2015,5/29/2015,9:19:41,7,29.8,AH0,243,32.0924136,Day,F,L,A,MYSE
151.909,8443,6/3/2015,5/28/2015,9:19:49,7,31.2,AH0,136,34.3759424,Day,F,L,A,MYSE
151.909,8443,6/3/2015,5/28/2015,9:19:51,7,31.2,AH0,135,34.3759424,Day,F,L,A,MYSE
151.909,8443,6/3/2015,5/28/2015,9:19:53,7,31.2,AH0,135,34.3759424,Day,F,L,A,MYSE
151.909,8443,6/3/2015,5/30/2015,9:19:54,7,30.2,AH0,163,32.7968664,Day,F,L,A,MYSE
151.909,8443,6/3/2015,5/26/2015,9:19:55,7,26.6,AH0,240,24.7838568,Day,F,L,A,MYSE
151.909,8443,6/3/2015,5/28/2015,9:19:55,7,31.2,AH0,133,34.3759424,Day,F,L,A,MYSE
151.909,8443,6/3/2015,5/29/2015,9:19:55,7,29.8,AH0,247,32.0924136,Day,F,L,A,MYSE
151.909,8443,6/3/2015,5/30/2015,9:19:56,7,30.2,AH0,167,32.7968664,Day,F,L,A,MYSE
151.909,8443,6/3/2015,5/29/2015,9:19:57,7,29.8,AH0,242,32.0924136,Day,F,L,A,MYSE
151.909,8443,6/3/2015,5/26/2015,9:19:58,7,26.6,AH0,240,24.7838568,Day,F,L,A,MYSE
151.909,8443,6/3/2015,5/30/2015,9:19:58,7,30.2,AH0,164,32.7968664,Day,F,L,A,MYSE
151.909,8443,6/3/2015,5/29/2015,9:19:59,7,29.8,AH0,243,32.0924136,Day,F,L,A,MYSE
151.909,8443,6/3/2015,5/26/2015,9:20:00,7,26.6,AH0,243,24.7838568,Day,F,L,A,MYSE
151.909,8443,6/3/2015,5/30/2015,9:20:00,7,30.2,AH0,162,32.7968664,Day,F,L,A,MYSE
151.909,8443,6/3/2015,5/29/2015,9:20:01,7,29.8,AH0,242,32.0924136,Day,F,L,A,MYSE
151.909,8443,6/3/2015,5/28/2015,9:20:11,7,31.2,AH0,136,34.3759424,Day,F,L,A,MYSE
151.909,8443,6/3/2015,5/28/2015,9:20:12,7,31.2,AH0,134,34.3759424,Day,F,L,A,MYSE
151.909,8443,6/3/2015,5/28/2015,9:20:14,7,31.2,AH0,132,34.3759424,Day,F,L,A,MYSE
151.909,8443,6/3/2015,5/30/2015,9:20:14,7,30.3,AH0,166,32.9663291,Day,F,L,A,MYSE
151.909,8443,6/3/2015,5/29/2015,9:20:15,7,29.8,AH0,242,32.0924136,Day,F,L,A,MYSE
151.909,8443,6/3/2015,5/26/2015,9:20:16,7,26.5,AH0,241,24.5035125,Day,F,L,A,MYSE
151.909,8443,6/3/2015,5/28/2015,9:20:16,7,31.2,AH0,135,34.3759424,Day,F,L,A,MYSE
151.909,8443,6/3/2015,5/30/2015,9:20:16,7,30.3,AH0,162,32.9663291,Day,F,L,A,MYSE
151.909,8443,6/3/2015,5/29/2015,9:20:17,7,29.8,AH0,242,32.0924136,Day,F,L,A,MYSE
151.909,8443,6/3/2015,5/26/2015,9:20:18,7,26.5,AH0,240,24.5035125,Day,F,L,A,MYSE
151.909,8443,6/3/2015,5/30/2015,9:20:18,7,30.3,AH0,166,32.9663291,Day,F,L,A,MYSE
151.909,8443,6/3/2015,5/29/2015,9:20:19,7,29.7,AH0,241,31.9095509,Day,F,L,A,MYSE
151.909,8443,6/3/2015,5/26/2015,9:20:20,7,26.5,AH0,241,24.5035125,Day,F,L,A,MYSE
151.909,8443,6/3/2015,5/30/2015,9:20:20,7,30.3,AH0,165,32.9663291,Day,F,L,A,MYSE
151.909,8443,6/3/2015,5/29/2015,9:20:21,7,29.8,AH0,241,32.0924136,Day,F,L,A,MYSE
151.909,8443,6/3/2015,5/28/2015,9:20:30,7,31.2,AH0,134,34.3759424,Day,F,L,A,MYSE
151.909,8443,6/3/2015,5/28/2015,9:20:32,7,31.2,AH0,136,34.3759424,Day,F,L,A,MYSE
151.909,8443,6/3/2015,5/26/2015,9:20:34,7,26.5,AH0,242,24.5035125,Day,F,L,A,MYSE
151.909,8443,6/3/2015,5/28/2015,9:20:34,7,31.2,AH0,140,34.3759424,Day,F,L,A,MYSE
151.909,8443,6/3/2015,5/30/2015,9:20:34,7,30.3,AH0,164,32.9663291,Day,F,L,A,MYSE
151.909,8443,6/3/2015,5/29/2015,9:20:35,7,29.7,AH0,242,31.9095509,Day,F,L,A,MYSE
151.909,8443,6/3/2015,5/26/2015,9:20:36,7,26.6,AH0,239,24.7838568,Day,F,L,A,MYSE
151.909,8443,6/3/2015,5/28/2015,9:20:36,7,31.2,AH0,132,34.3759424,Day,F,L,A,MYSE
151.909,8443,6/3/2015,5/30/2015,9:20:36,7,30.3,AH0,163,32.9663291,Day,F,L,A,MYSE
151.909,8443,6/3/2015,5/29/2015,9:20:37,7,29.7,AH0,241,31.9095509,Day,F,L,A,MYSE
151.909,8443,6/3/2015,5/26/2015,9:20:38,7,26.5,AH0,242,24.5035125,Day,F,L,A,MYSE
151.909,8443,6/3/2015,5/30/2015,9:20:38,7,30.3,AH0,167,32.9663291,Day,F,L,A,MYSE
151.909,8443,6/3/2015,5/29/2015,9:20:39,7,29.7,AH0,243,31.9095509,Day,F,L,A,MYSE
151.909,8443,6/3/2015,5/30/2015,9:20:40,7,30.3,AH0,168,32.9663291,Day,F,L,A,MYSE
151.909,8443,6/3/2015,5/26/2015,9:20:41,7,26.6,AH0,241,24.7838568,Day,F,L,A,MYSE
151.909,8443,6/3/2015,5/29/2015,9:20:41,7,29.7,AH0,240,31.9095509,Day,F,L,A,MYSE
151.909,8443,6/3/2015,5/28/2015,9:20:49,7,31.1,AH0,134,34.2293523,Day,F,L,A,MYSE
151.909,8443,6/3/2015,5/28/2015,9:20:51,7,31.1,AH0,135,34.2293523,Day,F,L,A,MYSE
151.909,8443,6/3/2015,5/28/2015,9:20:53,7,31.1,AH0,133,34.2293523,Day,F,L,A,MYSE
151.909,8443,6/3/2015,5/26/2015,9:20:54,7,26.6,AH0,240,24.7838568,Day,F,L,A,MYSE
151.909,8443,6/3/2015,5/30/2015,9:20:54,7,30.3,AH0,168,32.9663291,Day,F,L,A,MYSE
151.909,8443,6/3/2015,5/28/2015,9:20:55,7,31.1,AH0,131,34.2293523,Day,F,L,A,MYSE
151.909,8443,6/3/2015,5/29/2015,9:20:55,7,29.7,AH0,241,31.9095509,Day,F,L,A,MYSE
151.909,8443,6/3/2015,5/26/2015,9:20:56,7,26.6,AH0,242,24.7838568,Day,F,L,A,MYSE
151.909,8443,6/3/2015,5/30/2015,9:20:56,7,30.3,AH0,167,32.9663291,Day,F,L,A,MYSE
151.909,8443,6/3/2015,5/28/2015,9:20:57,7,31.1,AH0,132,34.2293523,Day,F,L,A,MYSE
151.909,8443,6/3/2015,5/29/2015,9:20:57,7,29.7,AH0,240,31.9095509,Day,F,L,A,MYSE
151.909,8443,6/3/2015,5/30/2015,9:20:58,7,30.3,AH0,166,32.9663291,Day,F,L,A,MYSE
151.909,8443,6/3/2015,5/26/2015,9:20:59,7,26.6,AH0,241,24.7838568,Day,F,L,A,MYSE
151.909,8443,6/3/2015,5/29/2015,9:20:59,7,29.7,AH0,241,31.9095509,Day,F,L,A,MYSE
151.909,8443,6/3/2015,5/30/2015,9:21:00,7,30.3,AH0,168,32.9663291,Day,F,L,A,MYSE
151.909,8443,6/3/2015,5/26/2015,9:21:01,7,26.6,AH0,239,24.7838568,Day,F,L,A,MYSE
151.909,8443,6/3/2015,5/29/2015,9:21:01,7,29.7,AH0,240,31.9095509,Day,F,L,A,MYSE
151.909,8443,6/3/2015,5/28/2015,9:21:10,7,31.1,AH0,133,34.2293523,Day,F,L,A,MYSE
151.909,8443,6/3/2015,5/28/2015,9:21:12,7,31.1,AH0,139,34.2293523,Day,F,L,A,MYSE
151.909,8443,6/3/2015,5/26/2015,9:21:14,7,26.6,AH0,241,24.7838568,Day,F,L,A,MYSE
151.909,8443,6/3/2015,5/28/2015,9:21:14,7,31.1,AH0,134,34.2293523,Day,F,L,A,MYSE
151.909,8443,6/3/2015,5/30/2015,9:21:14,7,30.3,AH0,166,32.9663291,Day,F,L,A,MYSE
151.909,8443,6/3/2015,5/29/2015,9:21:15,7,29.7,AH0,239,31.9095509,Day,F,L,A,MYSE
151.909,8443,6/3/2015,5/28/2015,9:21:16,7,31.1,AH0,132,34.2293523,Day,F,L,A,MYSE
151.909,8443,6/3/2015,5/30/2015,9:21:16,7,30.3,AH0,165,32.9663291,Day,F,L,A,MYSE
151.909,8443,6/3/2015,5/26/2015,9:21:17,7,26.6,AH0,238,24.7838568,Day,F,L,A,MYSE
151.909,8443,6/3/2015,5/29/2015,9:21:17,7,29.7,AH0,242,31.9095509,Day,F,L,A,MYSE
151.909,8443,6/3/2015,5/30/2015,9:21:17,7,30.3,AH0,164,32.9663291,Day,F,L,A,MYSE
151.909,8443,6/3/2015,5/26/2015,9:21:19,7,26.6,AH0,240,24.7838568,Day,F,L,A,MYSE
151.909,8443,6/3/2015,5/29/2015,9:21:19,7,29.7,AH0,242,31.9095509,Day,F,L,A,MYSE
151.909,8443,6/3/2015,5/30/2015,9:21:19,7,30.3,AH0,163,32.9663291,Day,F,L,A,MYSE
151.909,8443,6/3/2015,5/26/2015,9:21:21,7,26.6,AH0,240,24.7838568,Day,F,L,A,MYSE
151.909,8443,6/3/2015,5/29/2015,9:21:21,7,29.7,AH0,240,31.9095509,Day,F,L,A,MYSE
151.909,8443,6/3/2015,5/28/2015,9:21:30,7,31.1,AH0,133,34.2293523,Day,F,L,A,MYSE
151.909,8443,6/3/2015,5/28/2015,9:21:32,7,31.1,AH0,130,34.2293523,Day,F,L,A,MYSE
151.909,8443,6/3/2015,5/28/2015,9:21:33,7,31.1,AH0,131,34.2293523,Day,F,L,A,MYSE
151.909,8443,6/3/2015,5/30/2015,9:21:33,7,30.4,AH0,168,33.1331712,Day,F,L,A,MYSE
151.909,8443,6/3/2015,5/26/2015,9:21:35,7,26.6,AH0,240,24.7838568,Day,F,L,A,MYSE
151.909,8443,6/3/2015,5/28/2015,9:21:35,7,31.1,AH0,137,34.2293523,Day,F,L,A,MYSE
151.909,8443,6/3/2015,5/30/2015,9:21:35,7,30.4,AH0,163,33.1331712,Day,F,L,A,MYSE
151.909,8443,6/3/2015,5/29/2015,9:21:36,7,29.6,AH0,242,31.7239488,Day,F,L,A,MYSE
151.909,8443,6/3/2015,5/26/2015,9:21:37,7,26.6,AH0,239,24.7838568,Day,F,L,A,MYSE
151.909,8443,6/3/2015,5/30/2015,9:21:37,7,30.4,AH0,167,33.1331712,Day,F,L,A,MYSE
151.909,8443,6/3/2015,5/29/2015,9:21:38,7,29.6,AH0,241,31.7239488,Day,F,L,A,MYSE
151.909,8443,6/3/2015,5/26/2015,9:21:39,7,26.6,AH0,241,24.7838568,Day,F,L,A,MYSE
151.909,8443,6/3/2015,5/30/2015,9:21:39,7,30.4,AH0,164,33.1331712,Day,F,L,A,MYSE
151.909,8443,6/3/2015,5/29/2015,9:21:40,7,29.6,AH0,242,31.7239488,Day,F,L,A,MYSE
151.909,8443,6/3/2015,5/29/2015,9:21:42,7,29.6,AH0,238,31.7239488,Day,F,L,A,MYSE
151.909,8443,6/3/2015,5/28/2015,9:21:49,7,31.1,AH0,132,34.2293523,Day,F,L,A,MYSE
151.909,8443,6/3/2015,5/28/2015,9:21:51,7,31.1,AH0,132,34.2293523,Day,F,L,A,MYSE
151.909,8443,6/3/2015,5/28/2015,9:21:53,7,31.1,AH0,130,34.2293523,Day,F,L,A,MYSE
151.909,8443,6/3/2015,5/30/2015,9:21:53,7,30.4,AH0,164,33.1331712,Day,F,L,A,MYSE
151.909,8443,6/3/2015,5/26/2015,9:21:55,7,26.6,AH0,240,24.7838568,Day,F,L,A,MYSE
151.909,8443,6/3/2015,5/28/2015,9:21:55,7,31.1,AH0,130,34.2293523,Day,F,L,A,MYSE
151.909,8443,6/3/2015,5/30/2015,9:21:55,7,30.4,AH0,165,33.1331712,Day,F,L,A,MYSE
151.909,8443,6/3/2015,5/29/2015,9:21:56,7,29.6,AH0,240,31.7239488,Day,F,L,A,MYSE
151.909,8443,6/3/2015,5/26/2015,9:21:57,7,26.6,AH0,238,24.7838568,Day,F,L,A,MYSE
151.909,8443,6/3/2015,5/28/2015,9:21:57,7,31.1,AH0,129,34.2293523,Day,F,L,A,MYSE
151.909,8443,6/3/2015,5/30/2015,9:21:57,7,30.4,AH0,163,33.1331712,Day,F,L,A,MYSE
151.909,8443,6/3/2015,5/29/2015,9:21:58,7,29.7,AH0,243,31.9095509,Day,F,L,A,MYSE
151.909,8443,6/3/2015,5/30/2015,9:21:59,7,30.4,AH0,164,33.1331712,Day,F,L,A,MYSE
151.909,8443,6/3/2015,5/26/2015,9:22:00,7,26.6,AH0,239,24.7838568,Day,F,L,A,MYSE
151.909,8443,6/3/2015,5/29/2015,9:22:00,7,29.7,AH0,242,31.9095509,Day,F,L,A,MYSE
151.909,8443,6/3/2015,5/29/2015,9:22:02,7,29.7,AH0,242,31.9095509,Day,F,L,A,MYSE
151.909,8443,6/3/2015,5/28/2015,9:22:10,7,31.1,AH0,132,34.2293523,Day,F,L,A,MYSE
151.909,8443,6/3/2015,5/28/2015,9:22:12,7,31.1,AH0,134,34.2293523,Day,F,L,A,MYSE
151.909,8443,6/3/2015,5/30/2015,9:22:13,7,30.5,AH0,142,33.2974125,Day,F,L,A,MYSE
151.909,8443,6/3/2015,5/28/2015,9:22:14,7,31.1,AH0,131,34.2293523,Day,F,L,A,MYSE
151.909,8443,6/3/2015,5/26/2015,9:22:15,7,26.6,AH0,241,24.7838568,Day,F,L,A,MYSE
151.909,8443,6/3/2015,5/30/2015,9:22:15,7,30.6,AH0,139,33.4590728,Day,F,L,A,MYSE
151.909,8443,6/3/2015,5/28/2015,9:22:16,7,31.1,AH0,130,34.2293523,Day,F,L,A,MYSE
151.909,8443,6/3/2015,5/29/2015,9:22:16,7,29.6,AH0,240,31.7239488,Day,F,L,A,MYSE
151.909,8443,6/3/2015,5/30/2015,9:22:17,7,30.6,AH0,167,33.4590728,Day,F,L,A,MYSE
151.909,8443,6/3/2015,5/26/2015,9:22:18,7,26.6,AH0,242,24.7838568,Day,F,L,A,MYSE
151.909,8443,6/3/2015,5/29/2015,9:22:18,7,29.7,AH0,242,31.9095509,Day,F,L,A,MYSE
151.909,8443,6/3/2015,5/30/2015,9:22:19,7,30.7,AH0,162,33.6181719,Day,F,L,A,MYSE
151.909,8443,6/3/2015,5/26/2015,9:22:20,7,26.6,AH0,242,24.7838568,Day,F,L,A,MYSE
151.909,8443,6/3/2015,5/29/2015,9:22:20,7,29.7,AH0,241,31.9095509,Day,F,L,A,MYSE
151.909,8443,6/3/2015,5/30/2015,9:22:21,7,30.7,AH0,165,33.6181719,Day,F,L,A,MYSE
151.909,8443,6/3/2015,5/29/2015,9:22:22,7,29.7,AH0,242,31.9095509,Day,F,L,A,MYSE
151.909,8443,6/3/2015,5/28/2015,9:22:29,7,31.1,AH0,133,34.2293523,Day,F,L,A,MYSE
151.909,8443,6/3/2015,5/28/2015,9:22:31,7,31.1,AH0,137,34.2293523,Day,F,L,A,MYSE
151.909,8443,6/3/2015,5/28/2015,9:22:33,7,31.1,AH0,127,34.2293523,Day,F,L,A,MYSE
151.909,8443,6/3/2015,5/29/2015,9:22:34,7,29.7,AH0,241,31.9095509,Day,F,L,A,MYSE
151.909,8443,6/3/2015,5/30/2015,9:22:34,7,30.8,AH0,159,33.7747296,Day,F,L,A,MYSE
151.909,8443,6/3/2015,5/28/2015,9:22:35,7,31.1,AH0,129,34.2293523,Day,F,L,A,MYSE
151.909,8443,6/3/2015,5/26/2015,9:22:36,7,26.6,AH0,241,24.7838568,Day,F,L,A,MYSE
151.909,8443,6/3/2015,5/29/2015,9:22:36,7,29.7,AH0,242,31.9095509,Day,F,L,A,MYSE
151.909,8443,6/3/2015,5/30/2015,9:22:36,7,30.8,AH0,162,33.7747296,Day,F,L,A,MYSE
151.909,8443,6/3/2015,5/26/2015,9:22:38,7,26.6,AH0,241,24.7838568,Day,F,L,A,MYSE
151.909,8443,6/3/2015,5/29/2015,9:22:38,7,29.7,AH0,241,31.9095509,Day,F,L,A,MYSE
151.909,8443,6/3/2015,5/30/2015,9:22:38,7,30.8,AH0,164,33.7747296,Day,F,L,A,MYSE
151.909,8443,6/3/2015,5/26/2015,9:22:40,7,26.6,AH0,239,24.7838568,Day,F,L,A,MYSE
151.909,8443,6/3/2015,5/29/2015,9:22:40,7,29.7,AH0,241,31.9095509,Day,F,L,A,MYSE
151.909,8443,6/3/2015,5/30/2015,9:22:40,7,30.8,AH0,168,33.7747296,Day,F,L,A,MYSE
151.909,8443,6/3/2015,5/28/2015,9:22:51,7,31.1,AH0,129,34.2293523,Day,F,L,A,MYSE
151.909,8443,6/3/2015,5/28/2015,9:22:53,7,31.1,AH0,137,34.2293523,Day,F,L,A,MYSE
151.909,8443,6/3/2015,5/26/2015,9:22:54,7,26.6,AH0,239,24.7838568,Day,F,L,A,MYSE
151.909,8443,6/3/2015,5/30/2015,9:22:54,7,30.8,AH0,153,33.7747296,Day,F,L,A,MYSE
151.909,8443,6/3/2015,5/28/2015,9:22:55,7,31.1,AH0,132,34.2293523,Day,F,L,A,MYSE
151.909,8443,6/3/2015,5/29/2015,9:22:55,7,29.7,AH0,242,31.9095509,Day,F,L,A,MYSE
151.909,8443,6/3/2015,5/26/2015,9:22:56,7,26.6,AH0,241,24.7838568,Day,F,L,A,MYSE
151.909,8443,6/3/2015,5/28/2015,9:22:56,7,31.1,AH0,134,34.2293523,Day,F,L,A,MYSE
151.909,8443,6/3/2015,5/30/2015,9:22:56,7,30.8,AH0,159,33.7747296,Day,F,L,A,MYSE
151.909,8443,6/3/2015,5/29/2015,9:22:57,7,29.7,AH0,239,31.9095509,Day,F,L,A,MYSE
151.909,8443,6/3/2015,5/26/2015,9:22:58,7,26.6,AH0,241,24.7838568,Day,F,L,A,MYSE
151.909,8443,6/3/2015,5/30/2015,9:22:58,7,30.8,AH0,158,33.7747296,Day,F,L,A,MYSE
151.909,8443,6/3/2015,5/29/2015,9:22:59,7,29.7,AH0,241,31.9095509,Day,F,L,A,MYSE
151.909,8443,6/3/2015,5/26/2015,9:23:00,7,26.6,AH0,242,24.7838568,Day,F,L,A,MYSE
151.909,8443,6/3/2015,5/30/2015,9:23:00,7,30.8,AH0,157,33.7747296,Day,F,L,A,MYSE
151.909,8443,6/3/2015,5/29/2015,9:23:01,7,29.7,AH0,241,31.9095509,Day,F,L,A,MYSE
151.909,8443,6/3/2015,5/28/2015,9:23:10,7,31.1,AH0,134,34.2293523,Day,F,L,A,MYSE
151.909,8443,6/3/2015,5/28/2015,9:23:12,7,31.1,AH0,132,34.2293523,Day,F,L,A,MYSE
151.909,8443,6/3/2015,5/30/2015,9:23:13,7,30.5,AH0,148,33.2974125,Day,F,L,A,MYSE
151.909,8443,6/3/2015,5/26/2015,9:23:14,7,26.6,AH0,239,24.7838568,Day,F,L,A,MYSE
151.909,8443,6/3/2015,5/28/2015,9:23:14,7,31.1,AH0,132,34.2293523,Day,F,L,A,MYSE
151.909,8443,6/3/2015,5/29/2015,9:23:15,7,29.7,AH0,242,31.9095509,Day,F,L,A,MYSE
151.909,8443,6/3/2015,5/30/2015,9:23:15,7,30.4,AH0,152,33.1331712,Day,F,L,A,MYSE
151.909,8443,6/3/2015,5/26/2015,9:23:16,7,26.6,AH0,240,24.7838568,Day,F,L,A,MYSE
151.909,8443,6/3/2015,5/28/2015,9:23:16,7,31.2,AH0,132,34.3759424,Day,F,L,A,MYSE
151.909,8443,6/3/2015,5/29/2015,9:23:17,7,29.7,AH0,240,31.9095509,Day,F,L,A,MYSE
151.909,8443,6/3/2015,5/30/2015,9:23:17,7,30.4,AH0,151,33.1331712,Day,F,L,A,MYSE
151.909,8443,6/3/2015,5/26/2015,9:23:19,7,26.6,AH0,243,24.7838568,Day,F,L,A,MYSE
151.909,8443,6/3/2015,5/29/2015,9:23:19,7,29.7,AH0,242,31.9095509,Day,F,L,A,MYSE
151.909,8443,6/3/2015,5/30/2015,9:23:19,7,30.3,AH0,155,32.9663291,Day,F,L,A,MYSE
151.909,8443,6/3/2015,5/26/2015,9:23:21,7,26.6,AH0,243,24.7838568,Day,F,L,A,MYSE
151.909,8443,6/3/2015,5/29/2015,9:23:21,7,29.7,AH0,239,31.9095509,Day,F,L,A,MYSE
151.909,8443,6/3/2015,5/28/2015,9:23:29,7,31.2,AH0,133,34.3759424,Day,F,L,A,MYSE
151.909,8443,6/3/2015,5/28/2015,9:23:31,7,31.2,AH0,128,34.3759424,Day,F,L,A,MYSE
151.909,8443,6/3/2015,5/28/2015,9:23:33,7,31.2,AH0,132,34.3759424,Day,F,L,A,MYSE
151.909,8443,6/3/2015,5/30/2015,9:23:33,7,30,AH0,168,32.45,Day,F,L,A,MYSE
151.909,8443,6/3/2015,5/26/2015,9:23:34,7,26.6,AH0,240,24.7838568,Day,F,L,A,MYSE
151.909,8443,6/3/2015,5/28/2015,9:23:35,7,31.2,AH0,131,34.3759424,Day,F,L,A,MYSE
151.909,8443,6/3/2015,5/29/2015,9:23:35,7,29.7,AH0,239,31.9095509,Day,F,L,A,MYSE
151.909,8443,6/3/2015,5/30/2015,9:23:35,7,30,AH0,165,32.45,Day,F,L,A,MYSE
151.909,8443,6/3/2015,5/26/2015,9:23:37,7,26.6,AH0,240,24.7838568,Day,F,L,A,MYSE
151.909,8443,6/3/2015,5/29/2015,9:23:37,7,29.7,AH0,242,31.9095509,Day,F,L,A,MYSE
151.909,8443,6/3/2015,5/30/2015,9:23:37,7,30,AH0,172,32.45,Day,F,L,A,MYSE
151.909,8443,6/3/2015,5/26/2015,9:23:39,7,26.6,AH0,240,24.7838568,Day,F,L,A,MYSE
151.909,8443,6/3/2015,5/29/2015,9:23:39,7,29.7,AH0,237,31.9095509,Day,F,L,A,MYSE
151.909,8443,6/3/2015,5/30/2015,9:23:39,7,29.9,AH0,169,32.2725567,Day,F,L,A,MYSE
151.909,8443,6/3/2015,5/26/2015,9:23:41,7,26.6,AH0,240,24.7838568,Day,F,L,A,MYSE
151.909,8443,6/3/2015,5/29/2015,9:23:41,7,29.7,AH0,241,31.9095509,Day,F,L,A,MYSE
151.909,8443,6/3/2015,5/28/2015,9:23:50,7,31.2,AH0,134,34.3759424,Day,F,L,A,MYSE
151.909,8443,6/3/2015,5/28/2015,9:23:52,7,31.3,AH0,134,34.5200901,Day,F,L,A,MYSE
151.909,8443,6/3/2015,5/30/2015,9:23:53,7,30,AH0,162,32.45,Day,F,L,A,MYSE
151.909,8443,6/3/2015,5/28/2015,9:23:54,7,31.3,AH0,128,34.5200901,Day,F,L,A,MYSE
151.909,8443,6/3/2015,5/26/2015,9:23:55,7,26.6,AH0,240,24.7838568,Day,F,L,A,MYSE
151.909,8443,6/3/2015,5/29/2015,9:23:55,7,29.7,AH0,240,31.9095509,Day,F,L,A,MYSE
151.909,8443,6/3/2015,5/30/2015,9:23:55,7,30,AH0,163,32.45,Day,F,L,A,MYSE
151.909,8443,6/3/2015,5/28/2015,9:23:56,7,31.3,AH0,132,34.5200901,Day,F,L,A,MYSE
151.909,8443,6/3/2015,5/26/2015,9:23:57,7,26.6,AH0,239,24.7838568,Day,F,L,A,MYSE
151.909,8443,6/3/2015,5/29/2015,9:23:57,7,29.7,AH0,238,31.9095509,Day,F,L,A,MYSE
151.909,8443,6/3/2015,5/30/2015,9:23:57,7,30,AH0,161,32.45,Day,F,L,A,MYSE
151.909,8443,6/3/2015,5/26/2015,9:23:59,7,26.6,AH0,240,24.7838568,Day,F,L,A,MYSE
151.909,8443,6/3/2015,5/29/2015,9:23:59,7,29.7,AH0,241,31.9095509,Day,F,L,A,MYSE
151.909,8443,6/3/2015,5/30/2015,9:23:59,7,29.9,AH0,161,32.2725567,Day,F,L,A,MYSE
151.909,8443,6/3/2015,5/29/2015,9:24:01,7,29.7,AH0,241,31.9095509,Day,F,L,A,MYSE
151.909,8443,6/3/2015,5/28/2015,9:24:10,7,31.3,AH0,130,34.5200901,Day,F,L,A,MYSE
151.909,8443,6/3/2015,5/28/2015,9:24:11,7,31.3,AH0,131,34.5200901,Day,F,L,A,MYSE
151.909,8443,6/3/2015,5/28/2015,9:24:13,7,31.3,AH0,133,34.5200901,Day,F,L,A,MYSE
151.909,8443,6/3/2015,5/30/2015,9:24:13,7,29.8,AH0,164,32.0924136,Day,F,L,A,MYSE
151.909,8443,6/3/2015,5/26/2015,9:24:14,7,26.6,AH0,240,24.7838568,Day,F,L,A,MYSE
151.909,8443,6/3/2015,5/28/2015,9:24:15,7,31.3,AH0,133,34.5200901,Day,F,L,A,MYSE
151.909,8443,6/3/2015,5/29/2015,9:24:15,7,29.7,AH0,239,31.9095509,Day,F,L,A,MYSE
151.909,8443,6/3/2015,5/30/2015,9:24:15,7,29.8,AH0,167,32.0924136,Day,F,L,A,MYSE
151.909,8443,6/3/2015,5/26/2015,9:24:16,7,26.6,AH0,242,24.7838568,Day,F,L,A,MYSE
151.909,8443,6/3/2015,5/29/2015,9:24:17,7,29.7,AH0,242,31.9095509,Day,F,L,A,MYSE
151.909,8443,6/3/2015,5/30/2015,9:24:17,7,29.7,AH0,160,31.9095509,Day,F,L,A,MYSE
151.909,8443,6/3/2015,5/26/2015,9:24:18,7,26.6,AH0,241,24.7838568,Day,F,L,A,MYSE
151.909,8443,6/3/2015,5/29/2015,9:24:19,7,29.7,AH0,242,31.9095509,Day,F,L,A,MYSE
151.909,8443,6/3/2015,5/30/2015,9:24:19,7,29.7,AH0,163,31.9095509,Day,F,L,A,MYSE
151.909,8443,6/3/2015,5/29/2015,9:24:22,7,29.7,AH0,234,31.9095509,Day,F,L,A,MYSE
151.909,8443,6/3/2015,5/28/2015,9:24:31,7,31.3,AH0,135,34.5200901,Day,F,L,A,MYSE
151.909,8443,6/3/2015,5/28/2015,9:24:33,7,31.3,AH0,134,34.5200901,Day,F,L,A,MYSE
151.909,8443,6/3/2015,5/26/2015,9:24:34,7,26.6,AH0,240,24.7838568,Day,F,L,A,MYSE
151.909,8443,6/3/2015,5/28/2015,9:24:34,7,31.3,AH0,132,34.5200901,Day,F,L,A,MYSE
151.909,8443,6/3/2015,5/30/2015,9:24:34,7,29.6,AH0,158,31.7239488,Day,F,L,A,MYSE
151.909,8443,6/3/2015,5/26/2015,9:24:36,7,26.6,AH0,240,24.7838568,Day,F,L,A,MYSE
151.909,8443,6/3/2015,5/28/2015,9:24:36,7,31.3,AH0,128,34.5200901,Day,F,L,A,MYSE
151.909,8443,6/3/2015,5/29/2015,9:24:36,7,29.7,AH0,242,31.9095509,Day,F,L,A,MYSE
151.909,8443,6/3/2015,5/30/2015,9:24:36,7,29.6,AH0,160,31.7239488,Day,F,L,A,MYSE
151.909,8443,6/3/2015,5/29/2015,9:24:38,7,29.7,AH0,240,31.9095509,Day,F,L,A,MYSE
151.909,8443,6/3/2015,5/30/2015,9:24:38,7,29.6,AH0,155,31.7239488,Day,F,L,A,MYSE
151.909,8443,6/3/2015,5/26/2015,9:24:39,7,26.6,AH0,239,24.7838568,Day,F,L,A,MYSE
151.909,8443,6/3/2015,5/29/2015,9:24:40,7,29.7,AH0,239,31.9095509,Day,F,L,A,MYSE
151.909,8443,6/3/2015,5/30/2015,9:24:40,7,29.6,AH0,159,31.7239488,Day,F,L,A,MYSE
151.909,8443,6/3/2015,5/29/2015,9:24:42,7,29.7,AH0,240,31.9095509,Day,F,L,A,MYSE
151.909,8443,6/3/2015,5/28/2015,9:24:50,7,31.4,AH0,128,34.6618152,Day,F,L,A,MYSE
151.909,8443,6/3/2015,5/28/2015,9:24:52,7,31.4,AH0,128,34.6618152,Day,F,L,A,MYSE
151.909,8443,6/3/2015,5/26/2015,9:24:54,7,26.6,AH0,255,24.7838568,Day,F,L,A,MYSE
151.909,8443,6/3/2015,5/28/2015,9:24:54,7,31.4,AH0,131,34.6618152,Day,F,L,A,MYSE
151.909,8443,6/3/2015,5/30/2015,9:24:54,7,29.5,AH0,164,31.5355875,Day,F,L,A,MYSE
151.909,8443,6/3/2015,5/28/2015,9:24:56,7,31.4,AH0,132,34.6618152,Day,F,L,A,MYSE
151.909,8443,6/3/2015,5/29/2015,9:24:56,7,29.6,AH0,241,31.7239488,Day,F,L,A,MYSE
151.909,8443,6/3/2015,5/30/2015,9:24:56,7,29.5,AH0,159,31.5355875,Day,F,L,A,MYSE
151.909,8443,6/3/2015,5/26/2015,9:24:57,7,26.7,AH0,254,25.0608479,Day,F,L,A,MYSE
151.909,8443,6/3/2015,5/29/2015,9:24:58,7,29.6,AH0,241,31.7239488,Day,F,L,A,MYSE
151.909,8443,6/3/2015,5/30/2015,9:24:58,7,29.5,AH0,163,31.5355875,Day,F,L,A,MYSE
151.909,8443,6/3/2015,5/26/2015,9:24:59,7,26.7,AH0,255,25.0608479,Day,F,L,A,MYSE
151.909,8443,6/3/2015,5/29/2015,9:25:00,7,29.6,AH0,238,31.7239488,Day,F,L,A,MYSE
151.909,8443,6/3/2015,5/30/2015,9:25:00,7,29.5,AH0,164,31.5355875,Day,F,L,A,MYSE
151.909,8443,6/3/2015,5/29/2015,9:25:02,7,29.6,AH0,241,31.7239488,Day,F,L,A,MYSE
151.909,8443,6/3/2015,5/28/2015,9:25:09,7,31.4,AH0,131,34.6618152,Day,F,L,A,MYSE
151.909,8443,6/3/2015,5/28/2015,9:25:11,7,31.4,AH0,130,34.6618152,Day,F,L,A,MYSE
151.909,8443,6/3/2015,5/28/2015,9:25:13,7,31.4,AH0,128,34.6618152,Day,F,L,A,MYSE
151.909,8443,6/3/2015,5/30/2015,9:25:14,7,29.4,AH0,159,31.3444472,Day,F,L,A,MYSE
151.909,8443,6/3/2015,5/26/2015,9:25:15,7,26.7,AH0,255,25.0608479,Day,F,L,A,MYSE
151.909,8443,6/3/2015,5/28/2015,9:25:15,7,31.4,AH0,127,34.6618152,Day,F,L,A,MYSE
151.909,8443,6/3/2015,5/29/2015,9:25:16,7,29.6,AH0,240,31.7239488,Day,F,L,A,MYSE
151.909,8443,6/3/2015,5/30/2015,9:25:16,7,29.4,AH0,166,31.3444472,Day,F,L,A,MYSE
151.909,8443,6/3/2015,5/26/2015,9:25:17,7,26.7,AH0,254,25.0608479,Day,F,L,A,MYSE
151.909,8443,6/3/2015,5/28/2015,9:25:17,7,31.4,AH0,131,34.6618152,Day,F,L,A,MYSE
151.909,8443,6/3/2015,5/29/2015,9:25:18,7,29.6,AH0,239,31.7239488,Day,F,L,A,MYSE
151.909,8443,6/3/2015,5/30/2015,9:25:18,7,29.4,AH0,174,31.3444472,Day,F,L,A,MYSE
151.909,8443,6/3/2015,5/26/2015,9:25:19,7,26.8,AH0,255,25.3345056,Day,F,L,A,MYSE
151.909,8443,6/3/2015,5/29/2015,9:25:20,7,29.6,AH0,240,31.7239488,Day,F,L,A,MYSE
151.909,8443,6/3/2015,5/30/2015,9:25:20,7,29.5,AH0,154,31.5355875,Day,F,L,A,MYSE
151.909,8443,6/3/2015,5/28/2015,9:25:30,7,31.4,AH0,131,34.6618152,Day,F,L,A,MYSE
151.909,8443,6/3/2015,5/28/2015,9:25:32,7,31.4,AH0,137,34.6618152,Day,F,L,A,MYSE
151.909,8443,6/3/2015,5/26/2015,9:25:33,7,26.8,AH0,255,25.3345056,Day,F,L,A,MYSE
151.909,8443,6/3/2015,5/28/2015,9:25:34,7,31.4,AH0,136,34.6618152,Day,F,L,A,MYSE
151.909,8443,6/3/2015,5/29/2015,9:25:34,7,29.5,AH0,239,31.5355875,Day,F,L,A,MYSE
151.909,8443,6/3/2015,5/26/2015,9:25:35,7,26.8,AH0,254,25.3345056,Day,F,L,A,MYSE
151.909,8443,6/3/2015,5/30/2015,9:25:35,7,29.5,AH0,162,31.5355875,Day,F,L,A,MYSE
151.909,8443,6/3/2015,5/28/2015,9:25:36,7,31.4,AH0,134,34.6618152,Day,F,L,A,MYSE
151.909,8443,6/3/2015,5/29/2015,9:25:36,7,29.5,AH0,239,31.5355875,Day,F,L,A,MYSE
151.909,8443,6/3/2015,5/26/2015,9:25:37,7,26.8,AH0,254,25.3345056,Day,F,L,A,MYSE
151.909,8443,6/3/2015,5/30/2015,9:25:37,7,29.5,AH0,160,31.5355875,Day,F,L,A,MYSE
151.909,8443,6/3/2015,5/29/2015,9:25:38,7,29.5,AH0,237,31.5355875,Day,F,L,A,MYSE
151.909,8443,6/3/2015,5/26/2015,9:25:39,7,26.8,AH0,254,25.3345056,Day,F,L,A,MYSE
151.909,8443,6/3/2015,5/30/2015,9:25:39,7,29.4,AH0,161,31.3444472,Day,F,L,A,MYSE
151.909,8443,6/3/2015,5/29/2015,9:25:41,7,29.5,AH0,240,31.5355875,Day,F,L,A,MYSE
151.909,8443,6/3/2015,5/28/2015,9:25:49,7,31.4,AH0,131,34.6618152,Day,F,L,A,MYSE
151.909,8443,6/3/2015,5/28/2015,9:25:51,7,31.5,AH0,131,34.8011375,Day,F,L,A,MYSE
151.909,8443,6/3/2015,5/26/2015,9:25:53,7,26.9,AH0,255,25.6048497,Day,F,L,A,MYSE
151.909,8443,6/3/2015,5/28/2015,9:25:53,7,31.5,AH0,134,34.8011375,Day,F,L,A,MYSE
151.909,8443,6/3/2015,5/30/2015,9:25:53,7,29.3,AH0,161,31.1505081,Day,F,L,A,MYSE
151.909,8443,6/3/2015,5/26/2015,9:25:55,7,26.9,AH0,255,25.6048497,Day,F,L,A,MYSE
151.909,8443,6/3/2015,5/28/2015,9:25:55,7,31.5,AH0,129,34.8011375,Day,F,L,A,MYSE
151.909,8443,6/3/2015,5/29/2015,9:25:55,7,29.5,AH0,240,31.5355875,Day,F,L,A,MYSE
151.909,8443,6/3/2015,5/30/2015,9:25:55,7,29.3,AH0,164,31.1505081,Day,F,L,A,MYSE
151.909,8443,6/3/2015,5/26/2015,9:25:57,7,26.9,AH0,254,25.6048497,Day,F,L,A,MYSE
151.909,8443,6/3/2015,5/28/2015,9:25:57,7,31.5,AH0,132,34.8011375,Day,F,L,A,MYSE
151.909,8443,6/3/2015,5/29/2015,9:25:57,7,29.5,AH0,242,31.5355875,Day,F,L,A,MYSE
151.909,8443,6/3/2015,5/30/2015,9:25:57,7,29.3,AH0,164,31.1505081,Day,F,L,A,MYSE
151.909,8443,6/3/2015,5/26/2015,9:25:59,7,26.9,AH0,255,25.6048497,Day,F,L,A,MYSE
151.909,8443,6/3/2015,5/29/2015,9:25:59,7,29.5,AH0,241,31.5355875,Day,F,L,A,MYSE
151.909,8443,6/3/2015,5/30/2015,9:25:59,7,29.2,AH0,161,30.9537504,Day,F,L,A,MYSE
151.909,8443,6/3/2015,5/29/2015,9:26:01,7,29.5,AH0,239,31.5355875,Day,F,L,A,MYSE
151.909,8443,6/3/2015,5/28/2015,9:26:10,7,31.5,AH0,133,34.8011375,Day,F,L,A,MYSE
151.909,8443,6/3/2015,5/28/2015,9:26:12,7,31.5,AH0,134,34.8011375,Day,F,L,A,MYSE
151.909,8443,6/3/2015,5/26/2015,9:26:13,7,26.8,AH0,254,25.3345056,Day,F,L,A,MYSE
151.909,8443,6/3/2015,5/30/2015,9:26:13,7,29.2,AH0,156,30.9537504,Day,F,L,A,MYSE
151.909,8443,6/3/2015,5/28/2015,9:26:14,7,31.5,AH0,129,34.8011375,Day,F,L,A,MYSE
151.909,8443,6/3/2015,5/26/2015,9:26:15,7,26.8,AH0,255,25.3345056,Day,F,L,A,MYSE
151.909,8443,6/3/2015,5/29/2015,9:26:15,7,29.5,AH0,239,31.5355875,Day,F,L,A,MYSE
151.909,8443,6/3/2015,5/28/2015,9:26:16,7,31.5,AH0,129,34.8011375,Day,F,L,A,MYSE
151.909,8443,6/3/2015,5/30/2015,9:26:16,7,29.2,AH0,156,30.9537504,Day,F,L,A,MYSE
151.909,8443,6/3/2015,5/26/2015,9:26:17,7,26.8,AH0,255,25.3345056,Day,F,L,A,MYSE
151.909,8443,6/3/2015,5/29/2015,9:26:17,7,29.5,AH0,239,31.5355875,Day,F,L,A,MYSE
151.909,8443,6/3/2015,5/30/2015,9:26:18,7,29.2,AH0,161,30.9537504,Day,F,L,A,MYSE
151.909,8443,6/3/2015,5/29/2015,9:26:19,7,29.5,AH0,239,31.5355875,Day,F,L,A,MYSE
151.909,8443,6/3/2015,5/26/2015,9:26:20,7,26.8,AH0,254,25.3345056,Day,F,L,A,MYSE
151.909,8443,6/3/2015,5/30/2015,9:26:20,7,29.2,AH0,159,30.9537504,Day,F,L,A,MYSE
151.909,8443,6/3/2015,5/29/2015,9:26:21,7,29.5,AH0,240,31.5355875,Day,F,L,A,MYSE
151.909,8443,6/3/2015,5/28/2015,9:26:29,7,31.5,AH0,133,34.8011375,Day,F,L,A,MYSE
151.909,8443,6/3/2015,5/28/2015,9:26:31,7,31.5,AH0,130,34.8011375,Day,F,L,A,MYSE
151.909,8443,6/3/2015,5/26/2015,9:26:33,7,26.8,AH0,254,25.3345056,Day,F,L,A,MYSE
151.909,8443,6/3/2015,5/28/2015,9:26:33,7,31.5,AH0,128,34.8011375,Day,F,L,A,MYSE
151.909,8443,6/3/2015,5/30/2015,9:26:34,7,29.2,AH0,157,30.9537504,Day,F,L,A,MYSE
151.909,8443,6/3/2015,5/26/2015,9:26:35,7,26.8,AH0,255,25.3345056,Day,F,L,A,MYSE
151.909,8443,6/3/2015,5/28/2015,9:26:35,7,31.5,AH0,137,34.8011375,Day,F,L,A,MYSE
151.909,8443,6/3/2015,5/29/2015,9:26:35,7,29.4,AH0,240,31.3444472,Day,F,L,A,MYSE
151.909,8443,6/3/2015,5/30/2015,9:26:36,7,29.2,AH0,153,30.9537504,Day,F,L,A,MYSE
151.909,8443,6/3/2015,5/26/2015,9:26:37,7,26.8,AH0,254,25.3345056,Day,F,L,A,MYSE
151.909,8443,6/3/2015,5/28/2015,9:26:37,7,31.5,AH0,134,34.8011375,Day,F,L,A,MYSE
151.909,8443,6/3/2015,5/29/2015,9:26:38,7,29.4,AH0,240,31.3444472,Day,F,L,A,MYSE
151.909,8443,6/3/2015,5/30/2015,9:26:38,7,29.2,AH0,152,30.9537504,Day,F,L,A,MYSE
151.909,8443,6/3/2015,5/26/2015,9:26:40,7,26.8,AH0,255,25.3345056,Day,F,L,A,MYSE
151.909,8443,6/3/2015,5/29/2015,9:26:40,7,29.4,AH0,240,31.3444472,Day,F,L,A,MYSE
151.909,8443,6/3/2015,5/30/2015,9:26:40,7,29.2,AH0,150,30.9537504,Day,F,L,A,MYSE
151.909,8443,6/3/2015,5/29/2015,9:26:42,7,29.4,AH0,241,31.3444472,Day,F,L,A,MYSE
151.909,8443,6/3/2015,5/28/2015,9:26:50,7,31.5,AH0,135,34.8011375,Day,F,L,A,MYSE
151.909,8443,6/3/2015,5/28/2015,9:26:52,7,31.5,AH0,131,34.8011375,Day,F,L,A,MYSE
151.909,8443,6/3/2015,5/26/2015,9:26:53,7,26.8,AH0,255,25.3345056,Day,F,L,A,MYSE
151.909,8443,6/3/2015,5/28/2015,9:26:54,7,31.5,AH0,131,34.8011375,Day,F,L,A,MYSE
151.909,8443,6/3/2015,5/26/2015,9:26:55,7,26.8,AH0,255,25.3345056,Day,F,L,A,MYSE
151.909,8443,6/3/2015,5/30/2015,9:26:55,7,29.2,AH0,151,30.9537504,Day,F,L,A,MYSE
151.909,8443,6/3/2015,5/28/2015,9:26:56,7,31.5,AH0,130,34.8011375,Day,F,L,A,MYSE
151.909,8443,6/3/2015,5/29/2015,9:26:56,7,29.4,AH0,241,31.3444472,Day,F,L,A,MYSE
151.909,8443,6/3/2015,5/30/2015,9:26:57,7,29.2,AH0,153,30.9537504,Day,F,L,A,MYSE
151.909,8443,6/3/2015,5/26/2015,9:26:58,7,26.8,AH0,254,25.3345056,Day,F,L,A,MYSE
151.909,8443,6/3/2015,5/29/2015,9:26:58,7,29.4,AH0,241,31.3444472,Day,F,L,A,MYSE
151.909,8443,6/3/2015,5/30/2015,9:26:59,7,29.2,AH0,156,30.9537504,Day,F,L,A,MYSE
151.909,8443,6/3/2015,5/26/2015,9:27:00,7,26.8,AH0,255,25.3345056,Day,F,L,A,MYSE
151.909,8443,6/3/2015,5/29/2015,9:27:00,7,29.4,AH0,240,31.3444472,Day,F,L,A,MYSE
151.909,8443,6/3/2015,5/29/2015,9:27:02,7,29.4,AH0,239,31.3444472,Day,F,L,A,MYSE
151.909,8443,6/3/2015,5/28/2015,9:27:09,7,31.5,AH0,130,34.8011375,Day,F,L,A,MYSE
151.909,8443,6/3/2015,5/28/2015,9:27:11,7,31.5,AH0,134,34.8011375,Day,F,L,A,MYSE
151.909,8443,6/3/2015,5/26/2015,9:27:13,7,26.7,AH0,254,25.0608479,Day,F,L,A,MYSE
151.909,8443,6/3/2015,5/28/2015,9:27:13,7,31.5,AH0,132,34.8011375,Day,F,L,A,MYSE
151.909,8443,6/3/2015,5/30/2015,9:27:13,7,29.1,AH0,150,30.7541543,Day,F,L,A,MYSE
151.909,8443,6/3/2015,5/29/2015,9:27:14,7,29.4,AH0,237,31.3444472,Day,F,L,A,MYSE
151.909,8443,6/3/2015,5/28/2015,9:27:15,7,31.5,AH0,126,34.8011375,Day,F,L,A,MYSE
151.909,8443,6/3/2015,5/30/2015,9:27:15,7,29.1,AH0,156,30.7541543,Day,F,L,A,MYSE
151.909,8443,6/3/2015,5/26/2015,9:27:16,7,26.7,AH0,254,25.0608479,Day,F,L,A,MYSE
151.909,8443,6/3/2015,5/29/2015,9:27:16,7,29.4,AH0,238,31.3444472,Day,F,L,A,MYSE
151.909,8443,6/3/2015,5/28/2015,9:27:17,7,31.5,AH0,130,34.8011375,Day,F,L,A,MYSE
151.909,8443,6/3/2015,5/30/2015,9:27:17,7,29.1,AH0,154,30.7541543,Day,F,L,A,MYSE
151.909,8443,6/3/2015,5/26/2015,9:27:18,7,26.7,AH0,254,25.0608479,Day,F,L,A,MYSE
151.909,8443,6/3/2015,5/29/2015,9:27:18,7,29.4,AH0,242,31.3444472,Day,F,L,A,MYSE
151.909,8443,6/3/2015,5/30/2015,9:27:19,7,29.1,AH0,154,30.7541543,Day,F,L,A,MYSE
151.909,8443,6/3/2015,5/26/2015,9:27:20,7,26.7,AH0,255,25.0608479,Day,F,L,A,MYSE
151.909,8443,6/3/2015,5/29/2015,9:27:20,7,29.4,AH0,241,31.3444472,Day,F,L,A,MYSE
151.909,8443,6/3/2015,5/28/2015,9:27:30,7,31.5,AH0,130,34.8011375,Day,F,L,A,MYSE
151.909,8443,6/3/2015,5/28/2015,9:27:32,7,31.5,AH0,133,34.8011375,Day,F,L,A,MYSE
151.909,8443,6/3/2015,5/26/2015,9:27:33,7,26.7,AH0,250,25.0608479,Day,F,L,A,MYSE
151.909,8443,6/3/2015,5/28/2015,9:27:34,7,31.5,AH0,131,34.8011375,Day,F,L,A,MYSE
151.909,8443,6/3/2015,5/30/2015,9:27:34,7,29.1,AH0,155,30.7541543,Day,F,L,A,MYSE
151.909,8443,6/3/2015,5/29/2015,9:27:35,7,29.4,AH0,239,31.3444472,Day,F,L,A,MYSE
151.909,8443,6/3/2015,5/26/2015,9:27:36,7,26.7,AH0,238,25.0608479,Day,F,L,A,MYSE
151.909,8443,6/3/2015,5/28/2015,9:27:36,7,31.5,AH0,135,34.8011375,Day,F,L,A,MYSE
151.909,8443,6/3/2015,5/30/2015,9:27:36,7,29.1,AH0,157,30.7541543,Day,F,L,A,MYSE
151.909,8443,6/3/2015,5/29/2015,9:27:37,7,29.4,AH0,239,31.3444472,Day,F,L,A,MYSE
151.909,8443,6/3/2015,5/26/2015,9:27:38,7,26.7,AH0,254,25.0608479,Day,F,L,A,MYSE
151.909,8443,6/3/2015,5/30/2015,9:27:38,7,29.1,AH0,155,30.7541543,Day,F,L,A,MYSE
151.909,8443,6/3/2015,5/29/2015,9:27:39,7,29.4,AH0,239,31.3444472,Day,F,L,A,MYSE
151.909,8443,6/3/2015,5/26/2015,9:27:40,7,26.7,AH0,255,25.0608479,Day,F,L,A,MYSE
151.909,8443,6/3/2015,5/30/2015,9:27:40,7,29.1,AH0,150,30.7541543,Day,F,L,A,MYSE
151.909,8443,6/3/2015,5/29/2015,9:27:41,7,29.4,AH0,241,31.3444472,Day,F,L,A,MYSE
151.909,8443,6/3/2015,5/28/2015,9:27:49,7,31.6,AH0,132,34.9380768,Day,F,L,A,MYSE
151.909,8443,6/3/2015,5/28/2015,9:27:51,7,31.6,AH0,126,34.9380768,Day,F,L,A,MYSE
151.909,8443,6/3/2015,5/28/2015,9:27:53,7,31.6,AH0,132,34.9380768,Day,F,L,A,MYSE
151.909,8443,6/3/2015,5/26/2015,9:27:54,7,26.7,AH0,255,25.0608479,Day,F,L,A,MYSE
151.909,8443,6/3/2015,5/30/2015,9:27:54,7,29,AH0,155,30.5517,Day,F,L,A,MYSE
151.909,8443,6/3/2015,5/28/2015,9:27:55,7,31.6,AH0,131,34.9380768,Day,F,L,A,MYSE
151.909,8443,6/3/2015,5/29/2015,9:27:55,7,29.5,AH0,241,31.5355875,Day,F,L,A,MYSE
151.909,8443,6/3/2015,5/26/2015,9:27:56,7,26.7,AH0,255,25.0608479,Day,F,L,A,MYSE
151.909,8443,6/3/2015,5/30/2015,9:27:56,7,29,AH0,152,30.5517,Day,F,L,A,MYSE
151.909,8443,6/3/2015,5/28/2015,9:27:57,7,31.5,AH0,137,34.8011375,Day,F,L,A,MYSE
151.909,8443,6/3/2015,5/29/2015,9:27:57,7,29.5,AH0,237,31.5355875,Day,F,L,A,MYSE
151.909,8443,6/3/2015,5/26/2015,9:27:58,7,26.7,AH0,254,25.0608479,Day,F,L,A,MYSE
151.909,8443,6/3/2015,5/29/2015,9:27:59,7,29.5,AH0,242,31.5355875,Day,F,L,A,MYSE
151.909,8443,6/3/2015,5/30/2015,9:27:59,7,29,AH0,156,30.5517,Day,F,L,A,MYSE
151.909,8443,6/3/2015,5/29/2015,9:28:01,7,29.5,AH0,239,31.5355875,Day,F,L,A,MYSE
151.909,8443,6/3/2015,5/28/2015,9:28:10,7,31.5,AH0,132,34.8011375,Day,F,L,A,MYSE
151.909,8443,6/3/2015,5/28/2015,9:28:12,7,31.5,AH0,132,34.8011375,Day,F,L,A,MYSE
151.909,8443,6/3/2015,5/30/2015,9:28:13,7,29,AH0,156,30.5517,Day,F,L,A,MYSE
151.909,8443,6/3/2015,5/26/2015,9:28:14,7,26.7,AH0,254,25.0608479,Day,F,L,A,MYSE
151.909,8443,6/3/2015,5/28/2015,9:28:14,7,31.5,AH0,130,34.8011375,Day,F,L,A,MYSE
151.909,8443,6/3/2015,5/29/2015,9:28:15,7,29.5,AH0,241,31.5355875,Day,F,L,A,MYSE
151.909,8443,6/3/2015,5/30/2015,9:28:15,7,29,AH0,154,30.5517,Day,F,L,A,MYSE
151.909,8443,6/3/2015,5/26/2015,9:28:16,7,26.7,AH0,255,25.0608479,Day,F,L,A,MYSE
151.909,8443,6/3/2015,5/28/2015,9:28:16,7,31.5,AH0,131,34.8011375,Day,F,L,A,MYSE
151.909,8443,6/3/2015,5/29/2015,9:28:17,7,29.5,AH0,239,31.5355875,Day,F,L,A,MYSE
151.909,8443,6/3/2015,5/30/2015,9:28:17,7,29,AH0,146,30.5517,Day,F,L,A,MYSE
151.909,8443,6/3/2015,5/26/2015,9:28:18,7,26.7,AH0,255,25.0608479,Day,F,L,A,MYSE
151.909,8443,6/3/2015,5/29/2015,9:28:19,7,29.5,AH0,240,31.5355875,Day,F,L,A,MYSE
151.909,8443,6/3/2015,5/30/2015,9:28:19,7,29,AH0,153,30.5517,Day,F,L,A,MYSE
151.909,8443,6/3/2015,5/29/2015,9:28:22,7,29.5,AH0,241,31.5355875,Day,F,L,A,MYSE
151.909,8443,6/3/2015,5/28/2015,9:28:29,7,31.5,AH0,131,34.8011375,Day,F,L,A,MYSE
151.909,8443,6/3/2015,5/28/2015,9:28:31,7,31.5,AH0,134,34.8011375,Day,F,L,A,MYSE
151.909,8443,6/3/2015,5/28/2015,9:28:33,7,31.5,AH0,133,34.8011375,Day,F,L,A,MYSE
151.909,8443,6/3/2015,5/26/2015,9:28:34,7,26.7,AH0,254,25.0608479,Day,F,L,A,MYSE
151.909,8443,6/3/2015,5/30/2015,9:28:34,7,29,AH0,151,30.5517,Day,F,L,A,MYSE
151.909,8443,6/3/2015,5/28/2015,9:28:35,7,31.5,AH0,132,34.8011375,Day,F,L,A,MYSE
151.909,8443,6/3/2015,5/26/2015,9:28:36,7,26.7,AH0,255,25.0608479,Day,F,L,A,MYSE
151.909,8443,6/3/2015,5/29/2015,9:28:36,7,29.6,AH0,240,31.7239488,Day,F,L,A,MYSE
151.909,8443,6/3/2015,5/30/2015,9:28:36,7,29,AH0,151,30.5517,Day,F,L,A,MYSE
151.909,8443,6/3/2015,5/28/2015,9:28:37,7,31.5,AH0,130,34.8011375,Day,F,L,A,MYSE
151.909,8443,6/3/2015,5/29/2015,9:28:38,7,29.6,AH0,240,31.7239488,Day,F,L,A,MYSE
151.909,8443,6/3/2015,5/30/2015,9:28:38,7,28.9,AH0,146,30.3463677,Day,F,L,A,MYSE
151.909,8443,6/3/2015,5/26/2015,9:28:39,7,26.7,AH0,254,25.0608479,Day,F,L,A,MYSE
151.909,8443,6/3/2015,5/29/2015,9:28:40,7,29.6,AH0,240,31.7239488,Day,F,L,A,MYSE
151.909,8443,6/3/2015,5/30/2015,9:28:40,7,28.9,AH0,151,30.3463677,Day,F,L,A,MYSE
151.909,8443,6/3/2015,5/29/2015,9:28:42,7,29.6,AH0,241,31.7239488,Day,F,L,A,MYSE
151.909,8443,6/3/2015,5/28/2015,9:28:50,7,31.5,AH0,130,34.8011375,Day,F,L,A,MYSE
151.909,8443,6/3/2015,5/28/2015,9:28:52,7,31.5,AH0,131,34.8011375,Day,F,L,A,MYSE
151.909,8443,6/3/2015,5/26/2015,9:28:54,7,26.7,AH0,254,25.0608479,Day,F,L,A,MYSE
151.909,8443,6/3/2015,5/28/2015,9:28:54,7,31.5,AH0,136,34.8011375,Day,F,L,A,MYSE
151.909,8443,6/3/2015,5/30/2015,9:28:55,7,28.7,AH0,150,29.9269899,Day,F,L,A,MYSE
151.909,8443,6/3/2015,5/28/2015,9:28:56,7,31.5,AH0,134,34.8011375,Day,F,L,A,MYSE
151.909,8443,6/3/2015,5/29/2015,9:28:56,7,29.6,AH0,238,31.7239488,Day,F,L,A,MYSE
151.909,8443,6/3/2015,5/26/2015,9:28:57,7,26.7,AH0,254,25.0608479,Day,F,L,A,MYSE
151.909,8443,6/3/2015,5/30/2015,9:28:57,7,28.7,AH0,146,29.9269899,Day,F,L,A,MYSE
151.909,8443,6/3/2015,5/29/2015,9:28:58,7,29.6,AH0,239,31.7239488,Day,F,L,A,MYSE
151.909,8443,6/3/2015,5/26/2015,9:28:59,7,26.7,AH0,252,25.0608479,Day,F,L,A,MYSE
151.909,8443,6/3/2015,5/30/2015,9:28:59,7,28.7,AH0,148,29.9269899,Day,F,L,A,MYSE
151.909,8443,6/3/2015,5/29/2015,9:29:00,7,29.6,AH0,237,31.7239488,Day,F,L,A,MYSE
151.909,8443,6/3/2015,5/28/2015,9:29:09,7,31.5,AH0,134,34.8011375,Day,F,L,A,MYSE
151.909,8443,6/3/2015,5/28/2015,9:29:11,7,31.5,AH0,129,34.8011375,Day,F,L,A,MYSE
151.909,8443,6/3/2015,5/28/2015,9:29:13,7,31.5,AH0,131,34.8011375,Day,F,L,A,MYSE
151.909,8443,6/3/2015,5/30/2015,9:29:13,7,28.6,AH0,151,29.7129048,Day,F,L,A,MYSE
151.909,8443,6/3/2015,5/29/2015,9:29:14,7,29.6,AH0,239,31.7239488,Day,F,L,A,MYSE
151.909,8443,6/3/2015,5/26/2015,9:29:15,7,26.7,AH0,253,25.0608479,Day,F,L,A,MYSE
151.909,8443,6/3/2015,5/28/2015,9:29:15,7,31.5,AH0,130,34.8011375,Day,F,L,A,MYSE
151.909,8443,6/3/2015,5/29/2015,9:29:16,7,29.6,AH0,241,31.7239488,Day,F,L,A,MYSE
151.909,8443,6/3/2015,5/30/2015,9:29:16,7,28.6,AH0,148,29.7129048,Day,F,L,A,MYSE
151.909,8443,6/3/2015,5/26/2015,9:29:17,7,26.7,AH0,254,25.0608479,Day,F,L,A,MYSE
151.909,8443,6/3/2015,5/28/2015,9:29:17,7,31.5,AH0,129,34.8011375,Day,F,L,A,MYSE
151.909,8443,6/3/2015,5/29/2015,9:29:18,7,29.6,AH0,241,31.7239488,Day,F,L,A,MYSE
151.909,8443,6/3/2015,5/30/2015,9:29:18,7,28.6,AH0,149,29.7129048,Day,F,L,A,MYSE
151.909,8443,6/3/2015,5/26/2015,9:29:19,7,26.7,AH0,255,25.0608479,Day,F,L,A,MYSE
151.909,8443,6/3/2015,5/29/2015,9:29:20,7,29.6,AH0,240,31.7239488,Day,F,L,A,MYSE
151.909,8443,6/3/2015,5/30/2015,9:29:20,7,28.6,AH0,153,29.7129048,Day,F,L,A,MYSE
151.909,8443,6/3/2015,5/28/2015,9:29:30,7,31.5,AH0,135,34.8011375,Day,F,L,A,MYSE
151.909,8443,6/3/2015,5/28/2015,9:29:32,7,31.5,AH0,133,34.8011375,Day,F,L,A,MYSE
151.909,8443,6/3/2015,5/26/2015,9:29:33,7,26.7,AH0,255,25.0608479,Day,F,L,A,MYSE
151.909,8443,6/3/2015,5/28/2015,9:29:34,7,31.5,AH0,134,34.8011375,Day,F,L,A,MYSE
151.909,8443,6/3/2015,5/30/2015,9:29:34,7,28.6,AH0,152,29.7129048,Day,F,L,A,MYSE
151.909,8443,6/3/2015,5/26/2015,9:29:35,7,26.7,AH0,254,25.0608479,Day,F,L,A,MYSE
151.909,8443,6/3/2015,5/29/2015,9:29:35,7,29.6,AH0,241,31.7239488,Day,F,L,A,MYSE
151.909,8443,6/3/2015,5/28/2015,9:29:36,7,31.5,AH0,137,34.8011375,Day,F,L,A,MYSE
151.909,8443,6/3/2015,5/26/2015,9:29:37,7,26.7,AH0,255,25.0608479,Day,F,L,A,MYSE
151.909,8443,6/3/2015,5/29/2015,9:29:37,7,29.6,AH0,239,31.7239488,Day,F,L,A,MYSE
151.909,8443,6/3/2015,5/30/2015,9:29:37,7,28.6,AH0,147,29.7129048,Day,F,L,A,MYSE
151.909,8443,6/3/2015,5/26/2015,9:29:39,7,26.7,AH0,255,25.0608479,Day,F,L,A,MYSE
151.909,8443,6/3/2015,5/29/2015,9:29:39,7,29.6,AH0,240,31.7239488,Day,F,L,A,MYSE
151.909,8443,6/3/2015,5/30/2015,9:29:39,7,28.6,AH0,148,29.7129048,Day,F,L,A,MYSE
151.909,8443,6/3/2015,5/29/2015,9:29:41,7,29.6,AH0,239,31.7239488,Day,F,L,A,MYSE
151.909,8443,6/3/2015,5/28/2015,9:29:49,7,31.5,AH0,130,34.8011375,Day,F,L,A,MYSE
151.909,8443,6/3/2015,5/28/2015,9:29:51,7,31.5,AH0,131,34.8011375,Day,F,L,A,MYSE
151.909,8443,6/3/2015,5/26/2015,9:29:53,7,26.7,AH0,254,25.0608479,Day,F,L,A,MYSE
151.909,8443,6/3/2015,5/28/2015,9:29:53,7,31.5,AH0,134,34.8011375,Day,F,L,A,MYSE
151.909,8443,6/3/2015,5/30/2015,9:29:53,7,28.5,AH0,144,29.4958625,Day,F,L,A,MYSE
151.909,8443,6/3/2015,5/26/2015,9:29:55,7,26.7,AH0,254,25.0608479,Day,F,L,A,MYSE
151.909,8443,6/3/2015,5/28/2015,9:29:55,7,31.5,AH0,136,34.8011375,Day,F,L,A,MYSE
151.909,8443,6/3/2015,5/29/2015,9:29:55,7,29.6,AH0,240,31.7239488,Day,F,L,A,MYSE
151.909,8443,6/3/2015,5/30/2015,9:29:55,7,28.5,AH0,148,29.4958625,Day,F,L,A,MYSE
151.909,8443,6/3/2015,5/26/2015,9:29:57,7,26.7,AH0,254,25.0608479,Day,F,L,A,MYSE
151.909,8443,6/3/2015,5/28/2015,9:29:57,7,31.5,AH0,133,34.8011375,Day,F,L,A,MYSE
151.909,8443,6/3/2015,5/29/2015,9:29:57,7,29.6,AH0,239,31.7239488,Day,F,L,A,MYSE
151.909,8443,6/3/2015,5/30/2015,9:29:58,7,28.5,AH0,145,29.4958625,Day,F,L,A,MYSE
151.909,8443,6/3/2015,5/29/2015,9:29:59,7,29.6,AH0,239,31.7239488,Day,F,L,A,MYSE
151.909,8443,6/3/2015,5/26/2015,9:30:00,7,26.7,AH0,253,25.0608479,Day,F,L,A,MYSE
151.909,8443,6/3/2015,5/30/2015,9:30:00,7,28.4,AH0,145,29.2758432,Day,F,L,A,MYSE
151.909,8443,6/3/2015,5/29/2015,9:30:01,7,29.6,AH0,240,31.7239488,Day,F,L,A,MYSE
151.909,8443,6/3/2015,5/28/2015,9:30:10,7,31.5,AH0,135,34.8011375,Day,F,L,A,MYSE
151.909,8443,6/3/2015,5/28/2015,9:30:12,7,31.5,AH0,133,34.8011375,Day,F,L,A,MYSE
151.909,8443,6/3/2015,5/26/2015,9:30:13,7,26.7,AH0,254,25.0608479,Day,F,L,A,MYSE
151.909,8443,6/3/2015,5/28/2015,9:30:14,7,31.5,AH0,134,34.8011375,Day,F,L,A,MYSE
151.909,8443,6/3/2015,5/30/2015,9:30:14,7,28.3,AH0,143,29.0528271,Day,F,L,A,MYSE
151.909,8443,6/3/2015,5/26/2015,9:30:15,7,26.7,AH0,254,25.0608479,Day,F,L,A,MYSE
151.909,8443,6/3/2015,5/29/2015,9:30:15,7,29.6,AH0,238,31.7239488,Day,F,L,A,MYSE
151.909,8443,6/3/2015,5/28/2015,9:30:16,7,31.5,AH0,135,34.8011375,Day,F,L,A,MYSE
151.909,8443,6/3/2015,5/29/2015,9:30:17,7,29.6,AH0,239,31.7239488,Day,F,L,A,MYSE
151.909,8443,6/3/2015,5/30/2015,9:30:17,7,28.3,AH0,144,29.0528271,Day,F,L,A,MYSE
151.909,8443,6/3/2015,5/26/2015,9:30:18,7,26.7,AH0,254,25.0608479,Day,F,L,A,MYSE
151.909,8443,6/3/2015,5/29/2015,9:30:19,7,29.6,AH0,240,31.7239488,Day,F,L,A,MYSE
151.909,8443,6/3/2015,5/30/2015,9:30:19,7,28.3,AH0,146,29.0528271,Day,F,L,A,MYSE
151.909,8443,6/3/2015,5/26/2015,9:30:20,7,26.7,AH0,254,25.0608479,Day,F,L,A,MYSE
151.909,8443,6/3/2015,5/29/2015,9:30:21,7,29.6,AH0,242,31.7239488,Day,F,L,A,MYSE
151.909,8443,6/3/2015,5/28/2015,9:30:29,7,31.5,AH0,129,34.8011375,Day,F,L,A,MYSE
151.909,8443,6/3/2015,5/28/2015,9:30:31,7,31.5,AH0,132,34.8011375,Day,F,L,A,MYSE
151.909,8443,6/3/2015,5/26/2015,9:30:33,7,26.7,AH0,254,25.0608479,Day,F,L,A,MYSE
151.909,8443,6/3/2015,5/28/2015,9:30:33,7,31.5,AH0,133,34.8011375,Day,F,L,A,MYSE
151.909,8443,6/3/2015,5/30/2015,9:30:34,7,28.2,AH0,144,28.8267944,Day,F,L,A,MYSE
151.909,8443,6/3/2015,5/28/2015,9:30:35,7,31.5,AH0,127,34.8011375,Day,F,L,A,MYSE
151.909,8443,6/3/2015,5/29/2015,9:30:35,7,29.6,AH0,239,31.7239488,Day,F,L,A,MYSE
151.909,8443,6/3/2015,5/26/2015,9:30:36,7,26.7,AH0,254,25.0608479,Day,F,L,A,MYSE
151.909,8443,6/3/2015,5/30/2015,9:30:36,7,28.2,AH0,147,28.8267944,Day,F,L,A,MYSE
151.909,8443,6/3/2015,5/28/2015,9:30:37,7,31.5,AH0,128,34.8011375,Day,F,L,A,MYSE
151.909,8443,6/3/2015,5/29/2015,9:30:37,7,29.6,AH0,238,31.7239488,Day,F,L,A,MYSE
151.909,8443,6/3/2015,5/26/2015,9:30:38,7,26.7,AH0,255,25.0608479,Day,F,L,A,MYSE
151.909,8443,6/3/2015,5/30/2015,9:30:38,7,28.2,AH0,144,28.8267944,Day,F,L,A,MYSE
151.909,8443,6/3/2015,5/29/2015,9:30:39,7,29.6,AH0,240,31.7239488,Day,F,L,A,MYSE
151.909,8443,6/3/2015,5/26/2015,9:30:40,7,26.7,AH0,254,25.0608479,Day,F,L,A,MYSE
151.909,8443,6/3/2015,5/30/2015,9:30:40,7,28.2,AH0,141,28.8267944,Day,F,L,A,MYSE
151.909,8443,6/3/2015,5/29/2015,9:30:41,7,29.6,AH0,239,31.7239488,Day,F,L,A,MYSE
151.909,8443,6/3/2015,5/28/2015,9:30:50,7,31.5,AH0,135,34.8011375,Day,F,L,A,MYSE
151.909,8443,6/3/2015,5/28/2015,9:30:52,7,31.6,AH0,136,34.9380768,Day,F,L,A,MYSE
151.909,8443,6/3/2015,5/30/2015,9:30:53,7,28.2,AH0,138,28.8267944,Day,F,L,A,MYSE
151.909,8443,6/3/2015,5/26/2015,9:30:54,7,26.7,AH0,255,25.0608479,Day,F,L,A,MYSE
151.909,8443,6/3/2015,5/28/2015,9:30:54,7,31.6,AH0,136,34.9380768,Day,F,L,A,MYSE
151.909,8443,6/3/2015,5/30/2015,9:30:55,7,28.1,AH0,144,28.5977253,Day,F,L,A,MYSE
151.909,8443,6/3/2015,5/26/2015,9:30:56,7,26.7,AH0,255,25.0608479,Day,F,L,A,MYSE
151.909,8443,6/3/2015,5/28/2015,9:30:56,7,31.6,AH0,135,34.9380768,Day,F,L,A,MYSE
151.909,8443,6/3/2015,5/29/2015,9:30:56,7,29.7,AH0,241,31.9095509,Day,F,L,A,MYSE
151.909,8443,6/3/2015,5/30/2015,9:30:57,7,28.1,AH0,149,28.5977253,Day,F,L,A,MYSE
151.909,8443,6/3/2015,5/26/2015,9:30:58,7,26.7,AH0,255,25.0608479,Day,F,L,A,MYSE
151.909,8443,6/3/2015,5/29/2015,9:30:58,7,29.6,AH0,241,31.7239488,Day,F,L,A,MYSE
151.909,8443,6/3/2015,5/30/2015,9:30:59,7,28.1,AH0,143,28.5977253,Day,F,L,A,MYSE
151.909,8443,6/3/2015,5/29/2015,9:31:00,7,29.6,AH0,240,31.7239488,Day,F,L,A,MYSE
151.909,8443,6/3/2015,5/29/2015,9:31:02,7,29.7,AH0,239,31.9095509,Day,F,L,A,MYSE
151.909,8443,6/3/2015,5/28/2015,9:31:09,7,31.6,AH0,135,34.9380768,Day,F,L,A,MYSE
151.909,8443,6/3/2015,5/28/2015,9:31:11,7,31.6,AH0,132,34.9380768,Day,F,L,A,MYSE
151.909,8443,6/3/2015,5/28/2015,9:31:13,7,31.6,AH0,133,34.9380768,Day,F,L,A,MYSE
151.909,8443,6/3/2015,5/26/2015,9:31:14,7,26.7,AH0,254,25.0608479,Day,F,L,A,MYSE
151.909,8443,6/3/2015,5/30/2015,9:31:14,7,28.2,AH0,136,28.8267944,Day,F,L,A,MYSE
151.909,8443,6/3/2015,5/28/2015,9:31:15,7,31.6,AH0,134,34.9380768,Day,F,L,A,MYSE
151.909,8443,6/3/2015,5/26/2015,9:31:16,7,26.7,AH0,254,25.0608479,Day,F,L,A,MYSE
151.909,8443,6/3/2015,5/29/2015,9:31:16,7,29.7,AH0,240,31.9095509,Day,F,L,A,MYSE
151.909,8443,6/3/2015,5/30/2015,9:31:16,7,28.2,AH0,140,28.8267944,Day,F,L,A,MYSE
151.909,8443,6/3/2015,5/28/2015,9:31:17,7,31.6,AH0,132,34.9380768,Day,F,L,A,MYSE
151.909,8443,6/3/2015,5/26/2015,9:31:18,7,26.7,AH0,254,25.0608479,Day,F,L,A,MYSE
151.909,8443,6/3/2015,5/29/2015,9:31:18,7,29.7,AH0,240,31.9095509,Day,F,L,A,MYSE
151.909,8443,6/3/2015,5/30/2015,9:31:18,7,28.1,AH0,142,28.5977253,Day,F,L,A,MYSE
151.909,8443,6/3/2015,5/29/2015,9:31:20,7,29.7,AH0,241,31.9095509,Day,F,L,A,MYSE
151.909,8443,6/3/2015,5/30/2015,9:31:20,7,28.1,AH0,141,28.5977253,Day,F,L,A,MYSE
151.909,8443,6/3/2015,5/29/2015,9:31:22,7,29.7,AH0,242,31.9095509,Day,F,L,A,MYSE
151.909,8443,6/3/2015,5/28/2015,9:31:30,7,31.6,AH0,134,34.9380768,Day,F,L,A,MYSE
151.909,8443,6/3/2015,5/28/2015,9:31:32,7,31.6,AH0,129,34.9380768,Day,F,L,A,MYSE
151.909,8443,6/3/2015,5/30/2015,9:31:33,7,28.1,AH0,140,28.5977253,Day,F,L,A,MYSE
151.909,8443,6/3/2015,5/26/2015,9:31:34,7,26.7,AH0,255,25.0608479,Day,F,L,A,MYSE
151.909,8443,6/3/2015,5/28/2015,9:31:34,7,31.6,AH0,135,34.9380768,Day,F,L,A,MYSE
151.909,8443,6/3/2015,5/30/2015,9:31:35,7,28.1,AH0,144,28.5977253,Day,F,L,A,MYSE
151.909,8443,6/3/2015,5/26/2015,9:31:36,7,26.7,AH0,255,25.0608479,Day,F,L,A,MYSE
151.909,8443,6/3/2015,5/28/2015,9:31:36,7,31.6,AH0,132,34.9380768,Day,F,L,A,MYSE
151.909,8443,6/3/2015,5/29/2015,9:31:36,7,29.7,AH0,241,31.9095509,Day,F,L,A,MYSE
151.909,8443,6/3/2015,5/30/2015,9:31:37,7,28.1,AH0,141,28.5977253,Day,F,L,A,MYSE
151.909,8443,6/3/2015,5/29/2015,9:31:38,7,29.7,AH0,239,31.9095509,Day,F,L,A,MYSE
151.909,8443,6/3/2015,5/26/2015,9:31:39,7,26.7,AH0,255,25.0608479,Day,F,L,A,MYSE
151.909,8443,6/3/2015,5/29/2015,9:31:40,7,29.7,AH0,240,31.9095509,Day,F,L,A,MYSE
151.909,8443,6/3/2015,5/30/2015,9:31:40,7,28.1,AH0,134,28.5977253,Day,F,L,A,MYSE
151.909,8443,6/3/2015,5/28/2015,9:31:49,7,31.6,AH0,130,34.9380768,Day,F,L,A,MYSE
151.909,8443,6/3/2015,5/28/2015,9:31:51,7,31.6,AH0,135,34.9380768,Day,F,L,A,MYSE
151.909,8443,6/3/2015,5/28/2015,9:31:53,7,31.6,AH0,136,34.9380768,Day,F,L,A,MYSE
151.909,8443,6/3/2015,5/26/2015,9:31:54,7,26.7,AH0,255,25.0608479,Day,F,L,A,MYSE
151.909,8443,6/3/2015,5/29/2015,9:31:54,7,29.7,AH0,241,31.9095509,Day,F,L,A,MYSE
151.909,8443,6/3/2015,5/28/2015,9:31:55,7,31.6,AH0,134,34.9380768,Day,F,L,A,MYSE
151.909,8443,6/3/2015,5/30/2015,9:31:55,7,28.1,AH0,148,28.5977253,Day,F,L,A,MYSE
151.909,8443,6/3/2015,5/28/2015,9:31:56,7,31.6,AH0,131,34.9380768,Day,F,L,A,MYSE
151.909,8443,6/3/2015,5/29/2015,9:31:56,7,29.7,AH0,241,31.9095509,Day,F,L,A,MYSE
151.909,8443,6/3/2015,5/26/2015,9:31:57,7,26.6,AH0,253,24.7838568,Day,F,L,A,MYSE
151.909,8443,6/3/2015,5/30/2015,9:31:57,7,28.2,AH0,145,28.8267944,Day,F,L,A,MYSE
151.909,8443,6/3/2015,5/29/2015,9:31:58,7,29.7,AH0,241,31.9095509,Day,F,L,A,MYSE
151.909,8443,6/3/2015,5/26/2015,9:31:59,7,26.6,AH0,254,24.7838568,Day,F,L,A,MYSE
151.909,8443,6/3/2015,5/30/2015,9:31:59,7,28.2,AH0,151,28.8267944,Day,F,L,A,MYSE
151.909,8443,6/3/2015,5/29/2015,9:32:00,7,29.7,AH0,237,31.9095509,Day,F,L,A,MYSE
151.909,8443,6/3/2015,5/28/2015,9:32:10,7,31.6,AH0,134,34.9380768,Day,F,L,A,MYSE
151.909,8443,6/3/2015,5/28/2015,9:32:12,7,31.6,AH0,135,34.9380768,Day,F,L,A,MYSE
151.909,8443,6/3/2015,5/28/2015,9:32:14,7,31.6,AH0,135,34.9380768,Day,F,L,A,MYSE
151.909,8443,6/3/2015,5/29/2015,9:32:14,7,29.7,AH0,240,31.9095509,Day,F,L,A,MYSE
151.909,8443,6/3/2015,5/30/2015,9:32:14,7,28.6,AH0,139,29.7129048,Day,F,L,A,MYSE
151.909,8443,6/3/2015,5/26/2015,9:32:15,7,26.6,AH0,255,24.7838568,Day,F,L,A,MYSE
151.909,8443,6/3/2015,5/28/2015,9:32:15,7,31.6,AH0,135,34.9380768,Day,F,L,A,MYSE
151.909,8443,6/3/2015,5/30/2015,9:32:16,7,28.6,AH0,143,29.7129048,Day,F,L,A,MYSE
151.909,8443,6/3/2015,5/26/2015,9:32:17,7,26.6,AH0,254,24.7838568,Day,F,L,A,MYSE
151.909,8443,6/3/2015,5/29/2015,9:32:17,7,29.7,AH0,238,31.9095509,Day,F,L,A,MYSE
151.909,8443,6/3/2015,5/30/2015,9:32:18,7,28.6,AH0,145,29.7129048,Day,F,L,A,MYSE
151.909,8443,6/3/2015,5/26/2015,9:32:19,7,26.6,AH0,255,24.7838568,Day,F,L,A,MYSE
151.909,8443,6/3/2015,5/29/2015,9:32:19,7,29.7,AH0,242,31.9095509,Day,F,L,A,MYSE
151.909,8443,6/3/2015,5/30/2015,9:32:20,7,28.7,AH0,145,29.9269899,Day,F,L,A,MYSE
151.909,8443,6/3/2015,5/29/2015,9:32:21,7,29.7,AH0,239,31.9095509,Day,F,L,A,MYSE
151.909,8443,6/3/2015,5/28/2015,9:32:29,7,31.5,AH0,137,34.8011375,Day,F,L,A,MYSE
151.909,8443,6/3/2015,5/28/2015,9:32:31,7,31.5,AH0,134,34.8011375,Day,F,L,A,MYSE
151.909,8443,6/3/2015,5/26/2015,9:32:33,7,26.6,AH0,254,24.7838568,Day,F,L,A,MYSE
151.909,8443,6/3/2015,5/28/2015,9:32:33,7,31.5,AH0,129,34.8011375,Day,F,L,A,MYSE
151.909,8443,6/3/2015,5/28/2015,9:32:34,7,31.5,AH0,134,34.8011375,Day,F,L,A,MYSE
151.909,8443,6/3/2015,5/30/2015,9:32:34,7,29.2,AH0,168,30.9537504,Day,F,L,A,MYSE
151.909,8443,6/3/2015,5/26/2015,9:32:35,7,26.6,AH0,254,24.7838568,Day,F,L,A,MYSE
151.909,8443,6/3/2015,5/29/2015,9:32:35,7,29.7,AH0,240,31.9095509,Day,F,L,A,MYSE
151.909,8443,6/3/2015,5/28/2015,9:32:36,7,31.5,AH0,136,34.8011375,Day,F,L,A,MYSE
151.909,8443,6/3/2015,5/30/2015,9:32:36,7,29.3,AH0,166,31.1505081,Day,F,L,A,MYSE
151.909,8443,6/3/2015,5/26/2015,9:32:37,7,26.6,AH0,255,24.7838568,Day,F,L,A,MYSE
151.909,8443,6/3/2015,5/29/2015,9:32:37,7,29.7,AH0,241,31.9095509,Day,F,L,A,MYSE
151.909,8443,6/3/2015,5/26/2015,9:32:39,7,26.6,AH0,255,24.7838568,Day,F,L,A,MYSE
151.909,8443,6/3/2015,5/29/2015,9:32:39,7,29.7,AH0,240,31.9095509,Day,F,L,A,MYSE
151.909,8443,6/3/2015,5/30/2015,9:32:39,7,29.5,AH0,168,31.5355875,Day,F,L,A,MYSE
151.909,8443,6/3/2015,5/29/2015,9:32:41,7,29.7,AH0,243,31.9095509,Day,F,L,A,MYSE
151.909,8443,6/3/2015,5/28/2015,9:32:50,7,31.5,AH0,132,34.8011375,Day,F,L,A,MYSE
151.909,8443,6/3/2015,5/28/2015,9:32:52,7,31.5,AH0,133,34.8011375,Day,F,L,A,MYSE
151.909,8443,6/3/2015,5/26/2015,9:32:53,7,26.6,AH0,254,24.7838568,Day,F,L,A,MYSE
151.909,8443,6/3/2015,5/28/2015,9:32:53,7,31.5,AH0,139,34.8011375,Day,F,L,A,MYSE
151.909,8443,6/3/2015,5/30/2015,9:32:53,7,29.5,AH0,157,31.5355875,Day,F,L,A,MYSE
151.909,8443,6/3/2015,5/26/2015,9:32:55,7,26.6,AH0,254,24.7838568,Day,F,L,A,MYSE
151.909,8443,6/3/2015,5/28/2015,9:32:55,7,31.5,AH0,133,34.8011375,Day,F,L,A,MYSE
151.909,8443,6/3/2015,5/29/2015,9:32:55,7,29.7,AH0,243,31.9095509,Day,F,L,A,MYSE
151.909,8443,6/3/2015,5/30/2015,9:32:55,7,29.4,AH0,155,31.3444472,Day,F,L,A,MYSE
151.909,8443,6/3/2015,5/26/2015,9:32:57,7,26.6,AH0,255,24.7838568,Day,F,L,A,MYSE
151.909,8443,6/3/2015,5/29/2015,9:32:57,7,29.7,AH0,240,31.9095509,Day,F,L,A,MYSE
151.909,8443,6/3/2015,5/30/2015,9:32:57,7,29.4,AH0,154,31.3444472,Day,F,L,A,MYSE
151.909,8443,6/3/2015,5/29/2015,9:32:59,7,29.7,AH0,240,31.9095509,Day,F,L,A,MYSE
151.909,8443,6/3/2015,5/30/2015,9:32:59,7,29.4,AH0,160,31.3444472,Day,F,L,A,MYSE
151.909,8443,6/3/2015,5/26/2015,9:33:00,7,26.6,AH0,254,24.7838568,Day,F,L,A,MYSE
151.909,8443,6/3/2015,5/29/2015,9:33:01,7,29.7,AH0,241,31.9095509,Day,F,L,A,MYSE
151.909,8443,6/3/2015,5/28/2015,9:33:09,7,31.5,AH0,135,34.8011375,Day,F,L,A,MYSE
151.909,8443,6/3/2015,5/28/2015,9:33:11,7,31.5,AH0,134,34.8011375,Day,F,L,A,MYSE
151.909,8443,6/3/2015,5/26/2015,9:33:13,7,26.6,AH0,254,24.7838568,Day,F,L,A,MYSE
151.909,8443,6/3/2015,5/28/2015,9:33:13,7,31.5,AH0,135,34.8011375,Day,F,L,A,MYSE
151.909,8443,6/3/2015,5/30/2015,9:33:13,7,29.1,AH0,160,30.7541543,Day,F,L,A,MYSE
151.909,8443,6/3/2015,5/28/2015,9:33:14,7,31.5,AH0,136,34.8011375,Day,F,L,A,MYSE
151.909,8443,6/3/2015,5/26/2015,9:33:15,7,26.6,AH0,254,24.7838568,Day,F,L,A,MYSE
151.909,8443,6/3/2015,5/29/2015,9:33:15,7,29.7,AH0,241,31.9095509,Day,F,L,A,MYSE
151.909,8443,6/3/2015,5/30/2015,9:33:15,7,29,AH0,157,30.5517,Day,F,L,A,MYSE
151.909,8443,6/3/2015,5/28/2015,9:33:16,7,31.5,AH0,132,34.8011375,Day,F,L,A,MYSE
151.909,8443,6/3/2015,5/29/2015,9:33:17,7,29.7,AH0,239,31.9095509,Day,F,L,A,MYSE
151.909,8443,6/3/2015,5/30/2015,9:33:17,7,29,AH0,146,30.5517,Day,F,L,A,MYSE
151.909,8443,6/3/2015,5/26/2015,9:33:18,7,26.6,AH0,254,24.7838568,Day,F,L,A,MYSE
151.909,8443,6/3/2015,5/29/2015,9:33:19,7,29.7,AH0,241,31.9095509,Day,F,L,A,MYSE
151.909,8443,6/3/2015,5/30/2015,9:33:19,7,29,AH0,161,30.5517,Day,F,L,A,MYSE
151.909,8443,6/3/2015,5/26/2015,9:33:20,7,26.6,AH0,255,24.7838568,Day,F,L,A,MYSE
151.909,8443,6/3/2015,5/29/2015,9:33:21,7,29.7,AH0,238,31.9095509,Day,F,L,A,MYSE
151.909,8443,6/3/2015,5/28/2015,9:33:30,7,31.5,AH0,136,34.8011375,Day,F,L,A,MYSE
151.909,8443,6/3/2015,5/28/2015,9:33:32,7,31.5,AH0,134,34.8011375,Day,F,L,A,MYSE
151.909,8443,6/3/2015,5/26/2015,9:33:33,7,26.6,AH0,255,24.7838568,Day,F,L,A,MYSE
151.909,8443,6/3/2015,5/28/2015,9:33:33,7,31.5,AH0,138,34.8011375,Day,F,L,A,MYSE
151.909,8443,6/3/2015,5/28/2015,9:33:35,7,31.5,AH0,132,34.8011375,Day,F,L,A,MYSE
151.909,8443,6/3/2015,5/29/2015,9:33:35,7,29.7,AH0,240,31.9095509,Day,F,L,A,MYSE
151.909,8443,6/3/2015,5/30/2015,9:33:35,7,28.8,AH0,155,30.1381376,Day,F,L,A,MYSE
151.909,8443,6/3/2015,5/26/2015,9:33:36,7,26.6,AH0,255,24.7838568,Day,F,L,A,MYSE
151.909,8443,6/3/2015,5/29/2015,9:33:37,7,29.7,AH0,238,31.9095509,Day,F,L,A,MYSE
151.909,8443,6/3/2015,5/30/2015,9:33:37,7,28.8,AH0,152,30.1381376,Day,F,L,A,MYSE
151.909,8443,6/3/2015,5/26/2015,9:33:38,7,26.6,AH0,254,24.7838568,Day,F,L,A,MYSE
151.909,8443,6/3/2015,5/29/2015,9:33:39,7,29.7,AH0,239,31.9095509,Day,F,L,A,MYSE
151.909,8443,6/3/2015,5/30/2015,9:33:39,7,28.8,AH0,154,30.1381376,Day,F,L,A,MYSE
151.909,8443,6/3/2015,5/29/2015,9:33:41,7,29.7,AH0,241,31.9095509,Day,F,L,A,MYSE
151.909,8443,6/3/2015,5/30/2015,9:33:41,7,28.8,AH0,159,30.1381376,Day,F,L,A,MYSE
151.909,8443,6/3/2015,5/28/2015,9:33:49,7,31.6,AH0,136,34.9380768,Day,F,L,A,MYSE
151.909,8443,6/3/2015,5/28/2015,9:33:51,7,31.6,AH0,131,34.9380768,Day,F,L,A,MYSE
151.909,8443,6/3/2015,5/28/2015,9:33:52,7,31.6,AH0,134,34.9380768,Day,F,L,A,MYSE
151.909,8443,6/3/2015,5/26/2015,9:33:54,7,26.6,AH0,254,24.7838568,Day,F,L,A,MYSE
151.909,8443,6/3/2015,5/28/2015,9:33:54,7,31.6,AH0,134,34.9380768,Day,F,L,A,MYSE
151.909,8443,6/3/2015,5/30/2015,9:33:55,7,28.6,AH0,168,29.7129048,Day,F,L,A,MYSE
151.909,8443,6/3/2015,5/26/2015,9:33:56,7,26.6,AH0,254,24.7838568,Day,F,L,A,MYSE
151.909,8443,6/3/2015,5/28/2015,9:33:56,7,31.6,AH0,133,34.9380768,Day,F,L,A,MYSE
151.909,8443,6/3/2015,5/29/2015,9:33:56,7,29.7,AH0,240,31.9095509,Day,F,L,A,MYSE
151.909,8443,6/3/2015,5/30/2015,9:33:57,7,28.6,AH0,169,29.7129048,Day,F,L,A,MYSE
151.909,8443,6/3/2015,5/26/2015,9:33:58,7,26.6,AH0,254,24.7838568,Day,F,L,A,MYSE
151.909,8443,6/3/2015,5/29/2015,9:33:58,7,29.7,AH0,242,31.9095509,Day,F,L,A,MYSE
151.909,8443,6/3/2015,5/30/2015,9:33:59,7,28.5,AH0,157,29.4958625,Day,F,L,A,MYSE
151.909,8443,6/3/2015,5/29/2015,9:34:00,7,29.7,AH0,239,31.9095509,Day,F,L,A,MYSE
151.909,8443,6/3/2015,5/29/2015,9:34:02,7,29.7,AH0,240,31.9095509,Day,F,L,A,MYSE
151.909,8443,6/3/2015,5/28/2015,9:34:09,7,31.6,AH0,134,34.9380768,Day,F,L,A,MYSE
151.909,8443,6/3/2015,5/28/2015,9:34:10,7,31.6,AH0,135,34.9380768,Day,F,L,A,MYSE
151.909,8443,6/3/2015,5/28/2015,9:34:12,7,31.6,AH0,135,34.9380768,Day,F,L,A,MYSE
151.909,8443,6/3/2015,5/26/2015,9:34:14,7,26.6,AH0,254,24.7838568,Day,F,L,A,MYSE
151.909,8443,6/3/2015,5/28/2015,9:34:14,7,31.6,AH0,130,34.9380768,Day,F,L,A,MYSE
151.909,8443,6/3/2015,5/30/2015,9:34:14,7,28.4,AH0,162,29.2758432,Day,F,L,A,MYSE
151.909,8443,6/3/2015,5/26/2015,9:34:16,7,26.6,AH0,255,24.7838568,Day,F,L,A,MYSE
151.909,8443,6/3/2015,5/29/2015,9:34:16,7,29.7,AH0,238,31.9095509,Day,F,L,A,MYSE
151.909,8443,6/3/2015,5/30/2015,9:34:16,7,28.3,AH0,164,29.0528271,Day,F,L,A,MYSE
151.909,8443,6/3/2015,5/29/2015,9:34:18,7,29.7,AH0,242,31.9095509,Day,F,L,A,MYSE
151.909,8443,6/3/2015,5/30/2015,9:34:18,7,28.3,AH0,165,29.0528271,Day,F,L,A,MYSE
151.909,8443,6/3/2015,5/26/2015,9:34:19,7,26.6,AH0,255,24.7838568,Day,F,L,A,MYSE
151.909,8443,6/3/2015,5/29/2015,9:34:20,7,29.7,AH0,238,31.9095509,Day,F,L,A,MYSE
151.909,8443,6/3/2015,5/30/2015,9:34:21,7,28.3,AH0,163,29.0528271,Day,F,L,A,MYSE
151.909,8443,6/3/2015,5/29/2015,9:34:22,7,29.7,AH0,238,31.9095509,Day,F,L,A,MYSE
151.909,8443,6/3/2015,5/28/2015,9:34:29,7,31.6,AH0,132,34.9380768,Day,F,L,A,MYSE
151.909,8443,6/3/2015,5/28/2015,9:34:31,7,31.6,AH0,135,34.9380768,Day,F,L,A,MYSE
151.909,8443,6/3/2015,5/28/2015,9:34:33,7,31.6,AH0,132,34.9380768,Day,F,L,A,MYSE
151.909,8443,6/3/2015,5/26/2015,9:34:34,7,26.6,AH0,254,24.7838568,Day,F,L,A,MYSE
151.909,8443,6/3/2015,5/28/2015,9:34:35,7,31.7,AH0,134,35.0726529,Day,F,L,A,MYSE
151.909,8443,6/3/2015,5/30/2015,9:34:35,7,28.2,AH0,160,28.8267944,Day,F,L,A,MYSE
151.909,8443,6/3/2015,5/29/2015,9:34:36,7,29.7,AH0,240,31.9095509,Day,F,L,A,MYSE
151.909,8443,6/3/2015,5/26/2015,9:34:37,7,26.6,AH0,255,24.7838568,Day,F,L,A,MYSE
151.909,8443,6/3/2015,5/29/2015,9:34:38,7,29.7,AH0,242,31.9095509,Day,F,L,A,MYSE
151.909,8443,6/3/2015,5/30/2015,9:34:38,7,28.2,AH0,164,28.8267944,Day,F,L,A,MYSE
151.909,8443,6/3/2015,5/26/2015,9:34:39,7,26.6,AH0,255,24.7838568,Day,F,L,A,MYSE
151.909,8443,6/3/2015,5/29/2015,9:34:40,7,29.7,AH0,241,31.9095509,Day,F,L,A,MYSE
151.909,8443,6/3/2015,5/30/2015,9:34:40,7,28.2,AH0,165,28.8267944,Day,F,L,A,MYSE
151.909,8443,6/3/2015,5/28/2015,9:34:48,7,31.7,AH0,135,35.0726529,Day,F,L,A,MYSE
151.909,8443,6/3/2015,5/28/2015,9:34:50,7,31.7,AH0,132,35.0726529,Day,F,L,A,MYSE
151.909,8443,6/3/2015,5/28/2015,9:34:52,7,31.7,AH0,134,35.0726529,Day,F,L,A,MYSE
151.909,8443,6/3/2015,5/28/2015,9:34:54,7,31.7,AH0,132,35.0726529,Day,F,L,A,MYSE
151.909,8443,6/3/2015,5/29/2015,9:34:54,7,29.7,AH0,241,31.9095509,Day,F,L,A,MYSE
151.909,8443,6/3/2015,5/26/2015,9:34:55,7,26.6,AH0,254,24.7838568,Day,F,L,A,MYSE
151.909,8443,6/3/2015,5/30/2015,9:34:55,7,28.2,AH0,166,28.8267944,Day,F,L,A,MYSE
151.909,8443,6/3/2015,5/29/2015,9:34:56,7,29.7,AH0,236,31.9095509,Day,F,L,A,MYSE
151.909,8443,6/3/2015,5/26/2015,9:34:57,7,26.6,AH0,255,24.7838568,Day,F,L,A,MYSE
151.909,8443,6/3/2015,5/30/2015,9:34:57,7,28.2,AH0,167,28.8267944,Day,F,L,A,MYSE
151.909,8443,6/3/2015,5/29/2015,9:34:58,7,29.7,AH0,242,31.9095509,Day,F,L,A,MYSE
151.909,8443,6/3/2015,5/26/2015,9:34:59,7,26.6,AH0,254,24.7838568,Day,F,L,A,MYSE
151.909,8443,6/3/2015,5/30/2015,9:34:59,7,28.2,AH0,162,28.8267944,Day,F,L,A,MYSE
151.909,8443,6/3/2015,5/29/2015,9:35:00,7,29.6,AH0,242,31.7239488,Day,F,L,A,MYSE
151.909,8443,6/3/2015,5/30/2015,9:35:01,7,28.2,AH0,166,28.8267944,Day,F,L,A,MYSE
151.909,8443,6/3/2015,5/28/2015,9:35:09,7,31.7,AH0,134,35.0726529,Day,F,L,A,MYSE
151.909,8443,6/3/2015,5/28/2015,9:35:11,7,31.7,AH0,134,35.0726529,Day,F,L,A,MYSE
151.909,8443,6/3/2015,5/26/2015,9:35:13,7,26.6,AH0,255,24.7838568,Day,F,L,A,MYSE
151.909,8443,6/3/2015,5/28/2015,9:35:13,7,31.7,AH0,130,35.0726529,Day,F,L,A,MYSE
151.909,8443,6/3/2015,5/29/2015,9:35:14,7,29.6,AH0,241,31.7239488,Day,F,L,A,MYSE
151.909,8443,6/3/2015,5/30/2015,9:35:14,7,28.3,AH0,166,29.0528271,Day,F,L,A,MYSE
151.909,8443,6/3/2015,5/26/2015,9:35:15,7,26.6,AH0,254,24.7838568,Day,F,L,A,MYSE
151.909,8443,6/3/2015,5/28/2015,9:35:15,7,31.7,AH0,135,35.0726529,Day,F,L,A,MYSE
151.909,8443,6/3/2015,5/29/2015,9:35:16,7,29.7,AH0,241,31.9095509,Day,F,L,A,MYSE
151.909,8443,6/3/2015,5/30/2015,9:35:16,7,28.3,AH0,161,29.0528271,Day,F,L,A,MYSE
151.909,8443,6/3/2015,5/26/2015,9:35:17,7,26.6,AH0,254,24.7838568,Day,F,L,A,MYSE
151.909,8443,6/3/2015,5/30/2015,9:35:18,7,28.3,AH0,170,29.0528271,Day,F,L,A,MYSE
151.909,8443,6/3/2015,5/26/2015,9:35:19,7,26.6,AH0,255,24.7838568,Day,F,L,A,MYSE
151.909,8443,6/3/2015,5/29/2015,9:35:19,7,29.6,AH0,240,31.7239488,Day,F,L,A,MYSE
151.909,8443,6/3/2015,5/30/2015,9:35:20,7,28.3,AH0,165,29.0528271,Day,F,L,A,MYSE
151.909,8443,6/3/2015,5/29/2015,9:35:21,7,29.6,AH0,239,31.7239488,Day,F,L,A,MYSE
151.909,8443,6/3/2015,5/28/2015,9:35:28,7,31.7,AH0,132,35.0726529,Day,F,L,A,MYSE
151.909,8443,6/3/2015,5/28/2015,9:35:30,7,31.7,AH0,133,35.0726529,Day,F,L,A,MYSE
151.909,8443,6/3/2015,5/28/2015,9:35:32,7,31.7,AH0,135,35.0726529,Day,F,L,A,MYSE
151.909,8443,6/3/2015,5/26/2015,9:35:33,7,26.6,AH0,254,24.7838568,Day,F,L,A,MYSE
151.909,8443,6/3/2015,5/28/2015,9:35:34,7,31.7,AH0,136,35.0726529,Day,F,L,A,MYSE
151.909,8443,6/3/2015,5/26/2015,9:35:35,7,26.6,AH0,254,24.7838568,Day,F,L,A,MYSE
151.909,8443,6/3/2015,5/29/2015,9:35:35,7,29.6,AH0,240,31.7239488,Day,F,L,A,MYSE
151.909,8443,6/3/2015,5/30/2015,9:35:35,7,28.3,AH0,170,29.0528271,Day,F,L,A,MYSE
151.909,8443,6/3/2015,5/26/2015,9:35:37,7,26.6,AH0,254,24.7838568,Day,F,L,A,MYSE
151.909,8443,6/3/2015,5/29/2015,9:35:37,7,29.6,AH0,240,31.7239488,Day,F,L,A,MYSE
151.909,8443,6/3/2015,5/30/2015,9:35:37,7,28.3,AH0,166,29.0528271,Day,F,L,A,MYSE
151.909,8443,6/3/2015,5/29/2015,9:35:39,7,29.6,AH0,239,31.7239488,Day,F,L,A,MYSE
151.909,8443,6/3/2015,5/30/2015,9:35:39,7,28.3,AH0,164,29.0528271,Day,F,L,A,MYSE
151.909,8443,6/3/2015,5/26/2015,9:35:40,7,26.6,AH0,254,24.7838568,Day,F,L,A,MYSE
151.909,8443,6/3/2015,5/29/2015,9:35:41,7,29.6,AH0,241,31.7239488,Day,F,L,A,MYSE
151.909,8443,6/3/2015,5/30/2015,9:35:41,7,28.3,AH0,168,29.0528271,Day,F,L,A,MYSE
151.909,8443,6/3/2015,5/28/2015,9:35:49,7,31.7,AH0,134,35.0726529,Day,F,L,A,MYSE
151.909,8443,6/3/2015,5/28/2015,9:35:51,7,31.8,AH0,132,35.2048856,Day,F,L,A,MYSE
151.909,8443,6/3/2015,5/26/2015,9:35:53,7,26.6,AH0,254,24.7838568,Day,F,L,A,MYSE
151.909,8443,6/3/2015,5/28/2015,9:35:53,7,31.7,AH0,134,35.0726529,Day,F,L,A,MYSE
151.909,8443,6/3/2015,5/30/2015,9:35:54,7,28.3,AH0,168,29.0528271,Day,F,L,A,MYSE
151.909,8443,6/3/2015,5/26/2015,9:35:55,7,26.6,AH0,255,24.7838568,Day,F,L,A,MYSE
151.909,8443,6/3/2015,5/28/2015,9:35:55,7,31.7,AH0,133,35.0726529,Day,F,L,A,MYSE
151.909,8443,6/3/2015,5/29/2015,9:35:55,7,29.6,AH0,240,31.7239488,Day,F,L,A,MYSE
151.909,8443,6/3/2015,5/30/2015,9:35:56,7,28.3,AH0,167,29.0528271,Day,F,L,A,MYSE
151.909,8443,6/3/2015,5/29/2015,9:35:57,7,29.6,AH0,240,31.7239488,Day,F,L,A,MYSE
151.909,8443,6/3/2015,5/26/2015,9:35:58,7,26.6,AH0,255,24.7838568,Day,F,L,A,MYSE
151.909,8443,6/3/2015,5/30/2015,9:35:58,7,28.3,AH0,169,29.0528271,Day,F,L,A,MYSE
151.909,8443,6/3/2015,5/29/2015,9:35:59,7,29.6,AH0,239,31.7239488,Day,F,L,A,MYSE
151.909,8443,6/3/2015,5/26/2015,9:36:00,7,26.6,AH0,255,24.7838568,Day,F,L,A,MYSE
151.909,8443,6/3/2015,5/30/2015,9:36:00,7,28.3,AH0,167,29.0528271,Day,F,L,A,MYSE
151.909,8443,6/3/2015,5/29/2015,9:36:01,7,29.6,AH0,241,31.7239488,Day,F,L,A,MYSE
151.909,8443,6/3/2015,5/28/2015,9:36:08,7,31.8,AH0,138,35.2048856,Day,F,L,A,MYSE
151.909,8443,6/3/2015,5/28/2015,9:36:10,7,31.8,AH0,131,35.2048856,Day,F,L,A,MYSE
151.909,8443,6/3/2015,5/28/2015,9:36:12,7,31.8,AH0,135,35.2048856,Day,F,L,A,MYSE
151.909,8443,6/3/2015,5/26/2015,9:36:14,7,26.7,AH0,254,25.0608479,Day,F,L,A,MYSE
151.909,8443,6/3/2015,5/28/2015,9:36:14,7,31.8,AH0,135,35.2048856,Day,F,L,A,MYSE
151.909,8443,6/3/2015,5/28/2015,9:36:15,7,31.8,AH0,135,35.2048856,Day,F,L,A,MYSE
151.909,8443,6/3/2015,5/29/2015,9:36:15,7,29.6,AH0,240,31.7239488,Day,F,L,A,MYSE
151.909,8443,6/3/2015,5/30/2015,9:36:15,7,28.3,AH0,168,29.0528271,Day,F,L,A,MYSE
151.909,8443,6/3/2015,5/26/2015,9:36:16,7,26.7,AH0,255,25.0608479,Day,F,L,A,MYSE
151.909,8443,6/3/2015,5/29/2015,9:36:17,7,29.6,AH0,242,31.7239488,Day,F,L,A,MYSE
151.909,8443,6/3/2015,5/30/2015,9:36:17,7,28.3,AH0,167,29.0528271,Day,F,L,A,MYSE
151.909,8443,6/3/2015,5/26/2015,9:36:18,7,26.7,AH0,254,25.0608479,Day,F,L,A,MYSE
151.909,8443,6/3/2015,5/29/2015,9:36:19,7,29.6,AH0,245,31.7239488,Day,F,L,A,MYSE
151.909,8443,6/3/2015,5/30/2015,9:36:19,7,28.3,AH0,170,29.0528271,Day,F,L,A,MYSE
151.909,8443,6/3/2015,5/29/2015,9:36:21,7,29.6,AH0,244,31.7239488,Day,F,L,A,MYSE
151.909,8443,6/3/2015,5/28/2015,9:36:29,7,31.8,AH0,130,35.2048856,Day,F,L,A,MYSE
151.909,8443,6/3/2015,5/28/2015,9:36:31,7,31.8,AH0,132,35.2048856,Day,F,L,A,MYSE
151.909,8443,6/3/2015,5/28/2015,9:36:32,7,31.8,AH0,131,35.2048856,Day,F,L,A,MYSE
151.909,8443,6/3/2015,5/26/2015,9:36:34,7,26.7,AH0,255,25.0608479,Day,F,L,A,MYSE
151.909,8443,6/3/2015,5/28/2015,9:36:34,7,31.8,AH0,135,35.2048856,Day,F,L,A,MYSE
151.909,8443,6/3/2015,5/30/2015,9:36:34,7,28.3,AH0,163,29.0528271,Day,F,L,A,MYSE
151.909,8443,6/3/2015,5/26/2015,9:36:36,7,26.7,AH0,254,25.0608479,Day,F,L,A,MYSE
151.909,8443,6/3/2015,5/29/2015,9:36:36,7,29.6,AH0,244,31.7239488,Day,F,L,A,MYSE
151.909,8443,6/3/2015,5/30/2015,9:36:36,7,28.3,AH0,165,29.0528271,Day,F,L,A,MYSE
151.909,8443,6/3/2015,5/26/2015,9:36:38,7,26.7,AH0,255,25.0608479,Day,F,L,A,MYSE
151.909,8443,6/3/2015,5/29/2015,9:36:38,7,29.6,AH0,244,31.7239488,Day,F,L,A,MYSE
151.909,8443,6/3/2015,5/30/2015,9:36:38,7,28.3,AH0,161,29.0528271,Day,F,L,A,MYSE
151.909,8443,6/3/2015,5/29/2015,9:36:40,7,29.5,AH0,243,31.5355875,Day,F,L,A,MYSE
151.909,8443,6/3/2015,5/30/2015,9:36:41,7,28.2,AH0,166,28.8267944,Day,F,L,A,MYSE
151.909,8443,6/3/2015,5/29/2015,9:36:42,7,29.5,AH0,245,31.5355875,Day,F,L,A,MYSE
151.909,8443,6/3/2015,5/28/2015,9:36:49,7,31.8,AH0,132,35.2048856,Day,F,L,A,MYSE
151.909,8443,6/3/2015,5/28/2015,9:36:51,7,31.8,AH0,130,35.2048856,Day,F,L,A,MYSE
151.909,8443,6/3/2015,5/28/2015,9:36:53,7,31.8,AH0,133,35.2048856,Day,F,L,A,MYSE
151.909,8443,6/3/2015,5/26/2015,9:36:54,7,26.7,AH0,254,25.0608479,Day,F,L,A,MYSE
151.909,8443,6/3/2015,5/28/2015,9:36:55,7,31.8,AH0,131,35.2048856,Day,F,L,A,MYSE
151.909,8443,6/3/2015,5/30/2015,9:36:55,7,28.3,AH0,159,29.0528271,Day,F,L,A,MYSE
151.909,8443,6/3/2015,5/26/2015,9:36:56,7,26.7,AH0,255,25.0608479,Day,F,L,A,MYSE
151.909,8443,6/3/2015,5/29/2015,9:36:56,7,29.5,AH0,245,31.5355875,Day,F,L,A,MYSE
151.909,8443,6/3/2015,5/26/2015,9:36:58,7,26.7,AH0,254,25.0608479,Day,F,L,A,MYSE
151.909,8443,6/3/2015,5/29/2015,9:36:58,7,29.5,AH0,243,31.5355875,Day,F,L,A,MYSE
151.909,8443,6/3/2015,5/30/2015,9:36:58,7,28.3,AH0,162,29.0528271,Day,F,L,A,MYSE
151.909,8443,6/3/2015,5/29/2015,9:37:00,7,29.5,AH0,245,31.5355875,Day,F,L,A,MYSE
151.909,8443,6/3/2015,5/30/2015,9:37:00,7,28.4,AH0,157,29.2758432,Day,F,L,A,MYSE
151.909,8443,6/3/2015,5/29/2015,9:37:02,7,29.5,AH0,244,31.5355875,Day,F,L,A,MYSE
151.909,8443,6/3/2015,5/28/2015,9:37:08,7,31.8,AH0,133,35.2048856,Day,F,L,A,MYSE
151.909,8443,6/3/2015,5/28/2015,9:37:10,7,31.8,AH0,136,35.2048856,Day,F,L,A,MYSE
151.909,8443,6/3/2015,5/28/2015,9:37:12,7,31.8,AH0,135,35.2048856,Day,F,L,A,MYSE
151.909,8443,6/3/2015,5/26/2015,9:37:14,7,26.7,AH0,255,25.0608479,Day,F,L,A,MYSE
151.909,8443,6/3/2015,5/28/2015,9:37:14,7,31.8,AH0,133,35.2048856,Day,F,L,A,MYSE
151.909,8443,6/3/2015,5/29/2015,9:37:14,7,29.5,AH0,248,31.5355875,Day,F,L,A,MYSE
151.909,8443,6/3/2015,5/30/2015,9:37:14,7,28.4,AH0,156,29.2758432,Day,F,L,A,MYSE
151.909,8443,6/3/2015,5/26/2015,9:37:16,7,26.7,AH0,254,25.0608479,Day,F,L,A,MYSE
151.909,8443,6/3/2015,5/29/2015,9:37:16,7,29.4,AH0,250,31.3444472,Day,F,L,A,MYSE
151.909,8443,6/3/2015,5/30/2015,9:37:17,7,28.4,AH0,161,29.2758432,Day,F,L,A,MYSE
151.909,8443,6/3/2015,5/29/2015,9:37:18,7,29.4,AH0,249,31.3444472,Day,F,L,A,MYSE
151.909,8443,6/3/2015,5/26/2015,9:37:19,7,26.7,AH0,255,25.0608479,Day,F,L,A,MYSE
151.909,8443,6/3/2015,5/30/2015,9:37:19,7,28.4,AH0,168,29.2758432,Day,F,L,A,MYSE
151.909,8443,6/3/2015,5/29/2015,9:37:20,7,29.4,AH0,249,31.3444472,Day,F,L,A,MYSE
151.909,8443,6/3/2015,5/30/2015,9:37:21,7,28.4,AH0,169,29.2758432,Day,F,L,A,MYSE
151.909,8443,6/3/2015,5/28/2015,9:37:29,7,31.7,AH0,136,35.0726529,Day,F,L,A,MYSE
151.909,8443,6/3/2015,5/28/2015,9:37:31,7,31.7,AH0,139,35.0726529,Day,F,L,A,MYSE
151.909,8443,6/3/2015,5/28/2015,9:37:33,7,31.7,AH0,135,35.0726529,Day,F,L,A,MYSE
151.909,8443,6/3/2015,5/26/2015,9:37:34,7,26.7,AH0,255,25.0608479,Day,F,L,A,MYSE
151.909,8443,6/3/2015,5/28/2015,9:37:35,7,31.7,AH0,135,35.0726529,Day,F,L,A,MYSE
151.909,8443,6/3/2015,5/29/2015,9:37:35,7,29.4,AH0,249,31.3444472,Day,F,L,A,MYSE
151.909,8443,6/3/2015,5/30/2015,9:37:36,7,28.6,AH0,163,29.7129048,Day,F,L,A,MYSE
151.909,8443,6/3/2015,5/26/2015,9:37:37,7,26.6,AH0,255,24.7838568,Day,F,L,A,MYSE
151.909,8443,6/3/2015,5/29/2015,9:37:37,7,29.5,AH0,246,31.5355875,Day,F,L,A,MYSE
151.909,8443,6/3/2015,5/30/2015,9:37:38,7,28.6,AH0,159,29.7129048,Day,F,L,A,MYSE
151.909,8443,6/3/2015,5/26/2015,9:37:39,7,26.6,AH0,255,24.7838568,Day,F,L,A,MYSE
151.909,8443,6/3/2015,5/29/2015,9:37:39,7,29.5,AH0,249,31.5355875,Day,F,L,A,MYSE
151.909,8443,6/3/2015,5/30/2015,9:37:40,7,28.6,AH0,162,29.7129048,Day,F,L,A,MYSE
151.909,8443,6/3/2015,5/29/2015,9:37:41,7,29.6,AH0,249,31.7239488,Day,F,L,A,MYSE
151.909,8443,6/3/2015,5/28/2015,9:37:48,7,31.7,AH0,133,35.0726529,Day,F,L,A,MYSE
151.909,8443,6/3/2015,5/28/2015,9:37:50,7,31.7,AH0,134,35.0726529,Day,F,L,A,MYSE
151.909,8443,6/3/2015,5/28/2015,9:37:52,7,31.7,AH0,135,35.0726529,Day,F,L,A,MYSE
151.909,8443,6/3/2015,5/26/2015,9:37:53,7,26.7,AH0,255,25.0608479,Day,F,L,A,MYSE
151.909,8443,6/3/2015,5/28/2015,9:37:54,7,31.7,AH0,134,35.0726529,Day,F,L,A,MYSE
151.909,8443,6/3/2015,5/30/2015,9:37:54,7,28.6,AH0,161,29.7129048,Day,F,L,A,MYSE
151.909,8443,6/3/2015,5/26/2015,9:37:55,7,26.7,AH0,255,25.0608479,Day,F,L,A,MYSE
151.909,8443,6/3/2015,5/29/2015,9:37:55,7,29.6,AH0,243,31.7239488,Day,F,L,A,MYSE
151.909,8443,6/3/2015,5/28/2015,9:37:56,7,31.6,AH0,135,34.9380768,Day,F,L,A,MYSE
151.909,8443,6/3/2015,5/26/2015,9:37:57,7,26.7,AH0,255,25.0608479,Day,F,L,A,MYSE
151.909,8443,6/3/2015,5/29/2015,9:37:57,7,29.6,AH0,242,31.7239488,Day,F,L,A,MYSE
151.909,8443,6/3/2015,5/30/2015,9:37:57,7,28.6,AH0,162,29.7129048,Day,F,L,A,MYSE
151.909,8443,6/3/2015,5/26/2015,9:37:59,7,26.6,AH0,255,24.7838568,Day,F,L,A,MYSE
151.909,8443,6/3/2015,5/29/2015,9:37:59,7,29.6,AH0,243,31.7239488,Day,F,L,A,MYSE
151.909,8443,6/3/2015,5/30/2015,9:37:59,7,28.7,AH0,160,29.9269899,Day,F,L,A,MYSE
151.909,8443,6/3/2015,5/29/2015,9:38:01,7,29.6,AH0,243,31.7239488,Day,F,L,A,MYSE
151.909,8443,6/3/2015,5/30/2015,9:38:01,7,28.7,AH0,161,29.9269899,Day,F,L,A,MYSE
151.909,8443,6/3/2015,5/28/2015,9:38:09,7,31.6,AH0,131,34.9380768,Day,F,L,A,MYSE
151.909,8443,6/3/2015,5/28/2015,9:38:11,7,31.6,AH0,130,34.9380768,Day,F,L,A,MYSE
151.909,8443,6/3/2015,5/26/2015,9:38:13,7,26.7,AH0,254,25.0608479,Day,F,L,A,MYSE
151.909,8443,6/3/2015,5/28/2015,9:38:13,7,31.6,AH0,133,34.9380768,Day,F,L,A,MYSE
151.909,8443,6/3/2015,5/26/2015,9:38:15,7,26.7,AH0,255,25.0608479,Day,F,L,A,MYSE
151.909,8443,6/3/2015,5/28/2015,9:38:15,7,31.6,AH0,135,34.9380768,Day,F,L,A,MYSE
151.909,8443,6/3/2015,5/29/2015,9:38:15,7,29.7,AH0,241,31.9095509,Day,F,L,A,MYSE
151.909,8443,6/3/2015,5/30/2015,9:38:15,7,28.7,AH0,161,29.9269899,Day,F,L,A,MYSE
151.909,8443,6/3/2015,5/26/2015,9:38:17,7,26.7,AH0,255,25.0608479,Day,F,L,A,MYSE
151.909,8443,6/3/2015,5/29/2015,9:38:17,7,29.6,AH0,242,31.7239488,Day,F,L,A,MYSE
151.909,8443,6/3/2015,5/30/2015,9:38:17,7,28.7,AH0,160,29.9269899,Day,F,L,A,MYSE
151.909,8443,6/3/2015,5/29/2015,9:38:19,7,29.7,AH0,240,31.9095509,Day,F,L,A,MYSE
151.909,8443,6/3/2015,5/26/2015,9:38:20,7,26.7,AH0,255,25.0608479,Day,F,L,A,MYSE
151.909,8443,6/3/2015,5/30/2015,9:38:20,7,28.7,AH0,159,29.9269899,Day,F,L,A,MYSE
151.909,8443,6/3/2015,5/29/2015,9:38:21,7,29.6,AH0,241,31.7239488,Day,F,L,A,MYSE
151.909,8443,6/3/2015,5/28/2015,9:38:28,7,31.6,AH0,137,34.9380768,Day,F,L,A,MYSE
151.909,8443,6/3/2015,5/28/2015,9:38:30,7,31.6,AH0,135,34.9380768,Day,F,L,A,MYSE
151.909,8443,6/3/2015,5/28/2015,9:38:32,7,31.6,AH0,135,34.9380768,Day,F,L,A,MYSE
151.909,8443,6/3/2015,5/26/2015,9:38:33,7,26.6,AH0,255,24.7838568,Day,F,L,A,MYSE
151.909,8443,6/3/2015,5/28/2015,9:38:34,7,31.6,AH0,134,34.9380768,Day,F,L,A,MYSE
151.909,8443,6/3/2015,5/30/2015,9:38:34,7,28.7,AH0,159,29.9269899,Day,F,L,A,MYSE
151.909,8443,6/3/2015,5/26/2015,9:38:35,7,26.7,AH0,255,25.0608479,Day,F,L,A,MYSE
151.909,8443,6/3/2015,5/28/2015,9:38:35,7,31.6,AH0,137,34.9380768,Day,F,L,A,MYSE
151.909,8443,6/3/2015,5/29/2015,9:38:35,7,29.6,AH0,243,31.7239488,Day,F,L,A,MYSE
151.909,8443,6/3/2015,5/30/2015,9:38:36,7,28.7,AH0,158,29.9269899,Day,F,L,A,MYSE
151.909,8443,6/3/2015,5/29/2015,9:38:37,7,29.6,AH0,244,31.7239488,Day,F,L,A,MYSE
151.909,8443,6/3/2015,5/26/2015,9:38:38,7,26.7,AH0,255,25.0608479,Day,F,L,A,MYSE
151.909,8443,6/3/2015,5/30/2015,9:38:38,7,28.7,AH0,162,29.9269899,Day,F,L,A,MYSE
151.909,8443,6/3/2015,5/29/2015,9:38:39,7,29.6,AH0,241,31.7239488,Day,F,L,A,MYSE
151.909,8443,6/3/2015,5/26/2015,9:38:40,7,26.7,AH0,255,25.0608479,Day,F,L,A,MYSE
151.909,8443,6/3/2015,5/30/2015,9:38:40,7,28.8,AH0,164,30.1381376,Day,F,L,A,MYSE
151.909,8443,6/3/2015,5/29/2015,9:38:41,7,29.6,AH0,244,31.7239488,Day,F,L,A,MYSE
151.909,8443,6/3/2015,5/28/2015,9:38:49,7,31.6,AH0,132,34.9380768,Day,F,L,A,MYSE
151.909,8443,6/3/2015,5/28/2015,9:38:51,7,31.6,AH0,134,34.9380768,Day,F,L,A,MYSE
151.909,8443,6/3/2015,5/26/2015,9:38:53,7,26.7,AH0,254,25.0608479,Day,F,L,A,MYSE
151.909,8443,6/3/2015,5/28/2015,9:38:53,7,31.6,AH0,134,34.9380768,Day,F,L,A,MYSE
151.909,8443,6/3/2015,5/28/2015,9:38:54,7,31.6,AH0,134,34.9380768,Day,F,L,A,MYSE
151.909,8443,6/3/2015,5/30/2015,9:38:55,7,28.8,AH0,162,30.1381376,Day,F,L,A,MYSE
151.909,8443,6/3/2015,5/26/2015,9:38:56,7,26.6,AH0,254,24.7838568,Day,F,L,A,MYSE
151.909,8443,6/3/2015,5/29/2015,9:38:56,7,29.6,AH0,242,31.7239488,Day,F,L,A,MYSE
151.909,8443,6/3/2015,5/30/2015,9:38:57,7,28.8,AH0,162,30.1381376,Day,F,L,A,MYSE
151.909,8443,6/3/2015,5/26/2015,9:38:58,7,26.6,AH0,255,24.7838568,Day,F,L,A,MYSE
151.909,8443,6/3/2015,5/29/2015,9:38:58,7,29.6,AH0,239,31.7239488,Day,F,L,A,MYSE
151.909,8443,6/3/2015,5/30/2015,9:38:59,7,28.8,AH0,163,30.1381376,Day,F,L,A,MYSE
151.909,8443,6/3/2015,5/26/2015,9:39:00,7,26.6,AH0,254,24.7838568,Day,F,L,A,MYSE
151.909,8443,6/3/2015,5/29/2015,9:39:00,7,29.6,AH0,242,31.7239488,Day,F,L,A,MYSE
151.909,8443,6/3/2015,5/30/2015,9:39:01,7,28.8,AH0,160,30.1381376,Day,F,L,A,MYSE
151.909,8443,6/3/2015,5/29/2015,9:39:02,7,29.6,AH0,243,31.7239488,Day,F,L,A,MYSE
151.909,8443,6/3/2015,5/28/2015,9:39:08,7,31.6,AH0,133,34.9380768,Day,F,L,A,MYSE
151.909,8443,6/3/2015,5/28/2015,9:39:10,7,31.6,AH0,135,34.9380768,Day,F,L,A,MYSE
151.909,8443,6/3/2015,5/28/2015,9:39:12,7,31.6,AH0,133,34.9380768,Day,F,L,A,MYSE
151.909,8443,6/3/2015,5/28/2015,9:39:13,7,31.6,AH0,135,34.9380768,Day,F,L,A,MYSE
151.909,8443,6/3/2015,5/26/2015,9:39:14,7,26.6,AH0,254,24.7838568,Day,F,L,A,MYSE
151.909,8443,6/3/2015,5/30/2015,9:39:14,7,28.8,AH0,161,30.1381376,Day,F,L,A,MYSE
151.909,8443,6/3/2015,5/28/2015,9:39:15,7,31.6,AH0,135,34.9380768,Day,F,L,A,MYSE
151.909,8443,6/3/2015,5/26/2015,9:39:16,7,26.7,AH0,254,25.0608479,Day,F,L,A,MYSE
151.909,8443,6/3/2015,5/29/2015,9:39:16,7,29.5,AH0,242,31.5355875,Day,F,L,A,MYSE
151.909,8443,6/3/2015,5/30/2015,9:39:16,7,28.8,AH0,163,30.1381376,Day,F,L,A,MYSE
151.909,8443,6/3/2015,5/26/2015,9:39:18,7,26.7,AH0,255,25.0608479,Day,F,L,A,MYSE
151.909,8443,6/3/2015,5/29/2015,9:39:18,7,29.5,AH0,242,31.5355875,Day,F,L,A,MYSE
151.909,8443,6/3/2015,5/30/2015,9:39:18,7,28.8,AH0,163,30.1381376,Day,F,L,A,MYSE
151.909,8443,6/3/2015,5/29/2015,9:39:20,7,29.5,AH0,244,31.5355875,Day,F,L,A,MYSE
151.909,8443,6/3/2015,5/30/2015,9:39:20,7,28.8,AH0,159,30.1381376,Day,F,L,A,MYSE
151.909,8443,6/3/2015,5/28/2015,9:39:29,7,31.6,AH0,140,34.9380768,Day,F,L,A,MYSE
151.909,8443,6/3/2015,5/28/2015,9:39:31,7,31.6,AH0,131,34.9380768,Day,F,L,A,MYSE
151.909,8443,6/3/2015,5/28/2015,9:39:32,7,31.6,AH0,133,34.9380768,Day,F,L,A,MYSE
151.909,8443,6/3/2015,5/26/2015,9:39:34,7,26.7,AH0,254,25.0608479,Day,F,L,A,MYSE
151.909,8443,6/3/2015,5/28/2015,9:39:34,7,31.6,AH0,134,34.9380768,Day,F,L,A,MYSE
151.909,8443,6/3/2015,5/29/2015,9:39:34,7,29.5,AH0,243,31.5355875,Day,F,L,A,MYSE
151.909,8443,6/3/2015,5/30/2015,9:39:35,7,28.8,AH0,161,30.1381376,Day,F,L,A,MYSE
151.909,8443,6/3/2015,5/26/2015,9:39:36,7,26.7,AH0,255,25.0608479,Day,F,L,A,MYSE
151.909,8443,6/3/2015,5/29/2015,9:39:36,7,29.5,AH0,243,31.5355875,Day,F,L,A,MYSE
151.909,8443,6/3/2015,5/30/2015,9:39:37,7,28.8,AH0,160,30.1381376,Day,F,L,A,MYSE
151.909,8443,6/3/2015,5/26/2015,9:39:38,7,26.7,AH0,254,25.0608479,Day,F,L,A,MYSE
151.909,8443,6/3/2015,5/29/2015,9:39:38,7,29.5,AH0,241,31.5355875,Day,F,L,A,MYSE
151.909,8443,6/3/2015,5/30/2015,9:39:39,7,28.8,AH0,164,30.1381376,Day,F,L,A,MYSE
151.909,8443,6/3/2015,5/29/2015,9:39:40,7,29.5,AH0,242,31.5355875,Day,F,L,A,MYSE
151.909,8443,6/3/2015,5/30/2015,9:39:41,7,28.8,AH0,163,30.1381376,Day,F,L,A,MYSE
151.909,8443,6/3/2015,5/28/2015,9:39:48,7,31.6,AH0,135,34.9380768,Day,F,L,A,MYSE
151.909,8443,6/3/2015,5/28/2015,9:39:50,7,31.6,AH0,135,34.9380768,Day,F,L,A,MYSE
151.909,8443,6/3/2015,5/28/2015,9:39:51,7,31.6,AH0,137,34.9380768,Day,F,L,A,MYSE
151.909,8443,6/3/2015,5/28/2015,9:39:53,7,31.6,AH0,135,34.9380768,Day,F,L,A,MYSE
151.909,8443,6/3/2015,5/26/2015,9:39:54,7,26.7,AH0,254,25.0608479,Day,F,L,A,MYSE
151.909,8443,6/3/2015,5/28/2015,9:39:55,7,31.6,AH0,130,34.9380768,Day,F,L,A,MYSE
151.909,8443,6/3/2015,5/29/2015,9:39:55,7,29.5,AH0,243,31.5355875,Day,F,L,A,MYSE
151.909,8443,6/3/2015,5/30/2015,9:39:55,7,28.9,AH0,162,30.3463677,Day,F,L,A,MYSE
151.909,8443,6/3/2015,5/26/2015,9:39:56,7,26.7,AH0,255,25.0608479,Day,F,L,A,MYSE
151.909,8443,6/3/2015,5/29/2015,9:39:57,7,29.4,AH0,242,31.3444472,Day,F,L,A,MYSE
151.909,8443,6/3/2015,5/30/2015,9:39:57,7,28.9,AH0,160,30.3463677,Day,F,L,A,MYSE
151.909,8443,6/3/2015,5/26/2015,9:39:59,7,26.7,AH0,255,25.0608479,Day,F,L,A,MYSE
151.909,8443,6/3/2015,5/29/2015,9:39:59,7,29.5,AH0,243,31.5355875,Day,F,L,A,MYSE
151.909,8443,6/3/2015,5/30/2015,9:40:00,7,28.9,AH0,161,30.3463677,Day,F,L,A,MYSE
151.909,8443,6/3/2015,5/29/2015,9:40:01,7,29.4,AH0,242,31.3444472,Day,F,L,A,MYSE
151.909,8443,6/3/2015,5/28/2015,9:40:08,7,31.6,AH0,134,34.9380768,Day,F,L,A,MYSE
151.909,8443,6/3/2015,5/28/2015,9:40:10,7,31.6,AH0,135,34.9380768,Day,F,L,A,MYSE
151.909,8443,6/3/2015,5/28/2015,9:40:12,7,31.6,AH0,136,34.9380768,Day,F,L,A,MYSE
151.909,8443,6/3/2015,5/26/2015,9:40:14,7,26.7,AH0,255,25.0608479,Day,F,L,A,MYSE
151.909,8443,6/3/2015,5/28/2015,9:40:14,7,31.6,AH0,134,34.9380768,Day,F,L,A,MYSE
151.909,8443,6/3/2015,5/30/2015,9:40:14,7,28.9,AH0,156,30.3463677,Day,F,L,A,MYSE
151.909,8443,6/3/2015,5/29/2015,9:40:15,7,29.4,AH0,244,31.3444472,Day,F,L,A,MYSE
151.909,8443,6/3/2015,5/30/2015,9:40:16,7,28.9,AH0,161,30.3463677,Day,F,L,A,MYSE
151.909,8443,6/3/2015,5/26/2015,9:40:17,7,26.7,AH0,255,25.0608479,Day,F,L,A,MYSE
151.909,8443,6/3/2015,5/29/2015,9:40:17,7,29.4,AH0,242,31.3444472,Day,F,L,A,MYSE
151.909,8443,6/3/2015,5/30/2015,9:40:18,7,28.9,AH0,160,30.3463677,Day,F,L,A,MYSE
151.909,8443,6/3/2015,5/26/2015,9:40:19,7,26.7,AH0,255,25.0608479,Day,F,L,A,MYSE
151.909,8443,6/3/2015,5/29/2015,9:40:19,7,29.4,AH0,243,31.3444472,Day,F,L,A,MYSE
151.909,8443,6/3/2015,5/30/2015,9:40:20,7,28.9,AH0,162,30.3463677,Day,F,L,A,MYSE
151.909,8443,6/3/2015,5/29/2015,9:40:21,7,29.4,AH0,243,31.3444472,Day,F,L,A,MYSE
151.909,8443,6/3/2015,5/28/2015,9:40:27,7,31.8,AH0,135,35.2048856,Day,F,L,A,MYSE
151.909,8443,6/3/2015,5/28/2015,9:40:29,7,31.6,AH0,138,34.9380768,Day,F,L,A,MYSE
151.909,8443,6/3/2015,5/28/2015,9:40:31,7,31.6,AH0,138,34.9380768,Day,F,L,A,MYSE
151.909,8443,6/3/2015,5/26/2015,9:40:32,7,26.7,AH0,254,25.0608479,Day,F,L,A,MYSE
151.909,8443,6/3/2015,5/28/2015,9:40:33,7,31.6,AH0,130,34.9380768,Day,F,L,A,MYSE
151.909,8443,6/3/2015,5/26/2015,9:40:35,7,26.7,AH0,253,25.0608479,Day,F,L,A,MYSE
151.909,8443,6/3/2015,5/28/2015,9:40:35,7,31.6,AH0,134,34.9380768,Day,F,L,A,MYSE
151.909,8443,6/3/2015,5/29/2015,9:40:35,7,29.4,AH0,243,31.3444472,Day,F,L,A,MYSE
151.909,8443,6/3/2015,5/30/2015,9:40:35,7,29,AH0,159,30.5517,Day,F,L,A,MYSE
151.909,8443,6/3/2015,5/26/2015,9:40:37,7,26.7,AH0,254,25.0608479,Day,F,L,A,MYSE
151.909,8443,6/3/2015,5/30/2015,9:40:37,7,28.9,AH0,162,30.3463677,Day,F,L,A,MYSE
151.909,8443,6/3/2015,5/29/2015,9:40:38,7,29.4,AH0,243,31.3444472,Day,F,L,A,MYSE
151.909,8443,6/3/2015,5/26/2015,9:40:39,7,26.7,AH0,253,25.0608479,Day,F,L,A,MYSE
151.909,8443,6/3/2015,5/30/2015,9:40:39,7,29,AH0,161,30.5517,Day,F,L,A,MYSE
151.909,8443,6/3/2015,5/29/2015,9:40:40,7,29.4,AH0,239,31.3444472,Day,F,L,A,MYSE
151.909,8443,6/3/2015,5/30/2015,9:40:41,7,29,AH0,162,30.5517,Day,F,L,A,MYSE
151.909,8443,6/3/2015,5/29/2015,9:40:42,7,29.4,AH0,242,31.3444472,Day,F,L,A,MYSE
151.909,8443,6/3/2015,5/28/2015,9:40:48,7,31.6,AH0,126,34.9380768,Day,F,L,A,MYSE
151.909,8443,6/3/2015,5/28/2015,9:40:50,7,31.6,AH0,127,34.9380768,Day,F,L,A,MYSE
151.909,8443,6/3/2015,5/28/2015,9:40:52,7,31.5,AH0,133,34.8011375,Day,F,L,A,MYSE
151.909,8443,6/3/2015,5/26/2015,9:40:53,7,26.7,AH0,255,25.0608479,Day,F,L,A,MYSE
151.909,8443,6/3/2015,5/30/2015,9:40:53,7,28.9,AH0,159,30.3463677,Day,F,L,A,MYSE
151.909,8443,6/3/2015,5/28/2015,9:40:54,7,31.6,AH0,124,34.9380768,Day,F,L,A,MYSE
151.909,8443,6/3/2015,5/26/2015,9:40:55,7,26.7,AH0,255,25.0608479,Day,F,L,A,MYSE
151.909,8443,6/3/2015,5/29/2015,9:40:56,7,29.3,AH0,242,31.1505081,Day,F,L,A,MYSE
151.909,8443,6/3/2015,5/30/2015,9:40:56,7,29,AH0,160,30.5517,Day,F,L,A,MYSE
151.909,8443,6/3/2015,5/26/2015,9:40:57,7,26.7,AH0,254,25.0608479,Day,F,L,A,MYSE
151.909,8443,6/3/2015,5/29/2015,9:40:58,7,29.4,AH0,239,31.3444472,Day,F,L,A,MYSE
151.909,8443,6/3/2015,5/30/2015,9:40:58,7,29,AH0,162,30.5517,Day,F,L,A,MYSE
151.909,8443,6/3/2015,5/26/2015,9:40:59,7,26.7,AH0,255,25.0608479,Day,F,L,A,MYSE
151.909,8443,6/3/2015,5/29/2015,9:41:00,7,29.3,AH0,242,31.1505081,Day,F,L,A,MYSE
151.909,8443,6/3/2015,5/30/2015,9:41:00,7,29,AH0,159,30.5517,Day,F,L,A,MYSE
151.909,8443,6/3/2015,5/28/2015,9:41:09,7,31.6,AH0,132,34.9380768,Day,F,L,A,MYSE
151.909,8443,6/3/2015,5/28/2015,9:41:11,7,31.6,AH0,132,34.9380768,Day,F,L,A,MYSE
151.909,8443,6/3/2015,5/26/2015,9:41:13,7,26.7,AH0,255,25.0608479,Day,F,L,A,MYSE
151.909,8443,6/3/2015,5/28/2015,9:41:13,7,31.5,AH0,132,34.8011375,Day,F,L,A,MYSE
151.909,8443,6/3/2015,5/29/2015,9:41:14,7,29.3,AH0,245,31.1505081,Day,F,L,A,MYSE
151.909,8443,6/3/2015,5/30/2015,9:41:14,7,29,AH0,162,30.5517,Day,F,L,A,MYSE
151.909,8443,6/3/2015,5/26/2015,9:41:15,7,26.7,AH0,255,25.0608479,Day,F,L,A,MYSE
151.909,8443,6/3/2015,5/28/2015,9:41:15,7,31.5,AH0,136,34.8011375,Day,F,L,A,MYSE
151.909,8443,6/3/2015,5/29/2015,9:41:16,7,29.3,AH0,244,31.1505081,Day,F,L,A,MYSE
151.909,8443,6/3/2015,5/30/2015,9:41:16,7,29,AH0,159,30.5517,Day,F,L,A,MYSE
151.909,8443,6/3/2015,5/26/2015,9:41:17,7,26.7,AH0,255,25.0608479,Day,F,L,A,MYSE
151.909,8443,6/3/2015,5/29/2015,9:41:18,7,29.3,AH0,243,31.1505081,Day,F,L,A,MYSE
151.909,8443,6/3/2015,5/30/2015,9:41:18,7,29,AH0,159,30.5517,Day,F,L,A,MYSE
151.909,8443,6/3/2015,5/26/2015,9:41:20,7,26.7,AH0,254,25.0608479,Day,F,L,A,MYSE
151.909,8443,6/3/2015,5/29/2015,9:41:20,7,29.3,AH0,242,31.1505081,Day,F,L,A,MYSE
151.909,8443,6/3/2015,5/30/2015,9:41:20,7,29,AH0,162,30.5517,Day,F,L,A,MYSE
151.909,8443,6/3/2015,5/28/2015,9:41:28,7,31.5,AH0,132,34.8011375,Day,F,L,A,MYSE
151.909,8443,6/3/2015,5/28/2015,9:41:30,7,31.5,AH0,129,34.8011375,Day,F,L,A,MYSE
151.909,8443,6/3/2015,5/28/2015,9:41:32,7,31.5,AH0,132,34.8011375,Day,F,L,A,MYSE
151.909,8443,6/3/2015,5/26/2015,9:41:33,7,26.7,AH0,255,25.0608479,Day,F,L,A,MYSE
151.909,8443,6/3/2015,5/28/2015,9:41:34,7,31.5,AH0,133,34.8011375,Day,F,L,A,MYSE
151.909,8443,6/3/2015,5/26/2015,9:41:35,7,26.7,AH0,255,25.0608479,Day,F,L,A,MYSE
151.909,8443,6/3/2015,5/29/2015,9:41:35,7,29.3,AH0,243,31.1505081,Day,F,L,A,MYSE
151.909,8443,6/3/2015,5/30/2015,9:41:35,7,29,AH0,160,30.5517,Day,F,L,A,MYSE
151.909,8443,6/3/2015,5/26/2015,9:41:37,7,26.7,AH0,255,25.0608479,Day,F,L,A,MYSE
151.909,8443,6/3/2015,5/29/2015,9:41:37,7,29.3,AH0,245,31.1505081,Day,F,L,A,MYSE
151.909,8443,6/3/2015,5/30/2015,9:41:37,7,29,AH0,163,30.5517,Day,F,L,A,MYSE
151.909,8443,6/3/2015,5/29/2015,9:41:39,7,29.3,AH0,242,31.1505081,Day,F,L,A,MYSE
151.909,8443,6/3/2015,5/30/2015,9:41:39,7,29,AH0,162,30.5517,Day,F,L,A,MYSE
151.909,8443,6/3/2015,5/26/2015,9:41:40,7,26.7,AH0,255,25.0608479,Day,F,L,A,MYSE
151.909,8443,6/3/2015,5/29/2015,9:41:41,7,29.3,AH0,244,31.1505081,Day,F,L,A,MYSE
151.909,8443,6/3/2015,5/30/2015,9:41:41,7,29,AH0,164,30.5517,Day,F,L,A,MYSE
151.909,8443,6/3/2015,5/28/2015,9:41:49,7,31.5,AH0,129,34.8011375,Day,F,L,A,MYSE
151.909,8443,6/3/2015,5/28/2015,9:41:51,7,31.5,AH0,130,34.8011375,Day,F,L,A,MYSE
151.909,8443,6/3/2015,5/26/2015,9:41:53,7,26.7,AH0,255,25.0608479,Day,F,L,A,MYSE
151.909,8443,6/3/2015,5/28/2015,9:41:53,7,31.5,AH0,134,34.8011375,Day,F,L,A,MYSE
151.909,8443,6/3/2015,5/30/2015,9:41:53,7,29,AH0,158,30.5517,Day,F,L,A,MYSE
151.909,8443,6/3/2015,5/26/2015,9:41:55,7,26.7,AH0,253,25.0608479,Day,F,L,A,MYSE
151.909,8443,6/3/2015,5/28/2015,9:41:55,7,31.5,AH0,131,34.8011375,Day,F,L,A,MYSE
151.909,8443,6/3/2015,5/29/2015,9:41:55,7,29.3,AH0,246,31.1505081,Day,F,L,A,MYSE
151.909,8443,6/3/2015,5/30/2015,9:41:56,7,29,AH0,161,30.5517,Day,F,L,A,MYSE
151.909,8443,6/3/2015,5/29/2015,9:41:57,7,29.3,AH0,244,31.1505081,Day,F,L,A,MYSE
151.909,8443,6/3/2015,5/26/2015,9:41:58,7,26.7,AH0,255,25.0608479,Day,F,L,A,MYSE
151.909,8443,6/3/2015,5/30/2015,9:41:58,7,29,AH0,164,30.5517,Day,F,L,A,MYSE
151.909,8443,6/3/2015,5/29/2015,9:41:59,7,29.3,AH0,244,31.1505081,Day,F,L,A,MYSE
151.909,8443,6/3/2015,5/26/2015,9:42:00,7,26.7,AH0,254,25.0608479,Day,F,L,A,MYSE
151.909,8443,6/3/2015,5/30/2015,9:42:00,7,29,AH0,163,30.5517,Day,F,L,A,MYSE
151.909,8443,6/3/2015,5/29/2015,9:42:01,7,29.3,AH0,245,31.1505081,Day,F,L,A,MYSE
151.909,8443,6/3/2015,5/28/2015,9:42:08,7,31.5,AH0,131,34.8011375,Day,F,L,A,MYSE
151.909,8443,6/3/2015,5/28/2015,9:42:10,7,31.5,AH0,130,34.8011375,Day,F,L,A,MYSE
151.909,8443,6/3/2015,5/28/2015,9:42:12,7,31.5,AH0,129,34.8011375,Day,F,L,A,MYSE
151.909,8443,6/3/2015,5/26/2015,9:42:13,7,26.7,AH0,254,25.0608479,Day,F,L,A,MYSE
151.909,8443,6/3/2015,5/28/2015,9:42:14,7,31.5,AH0,130,34.8011375,Day,F,L,A,MYSE
151.909,8443,6/3/2015,5/30/2015,9:42:14,7,29.1,AH0,159,30.7541543,Day,F,L,A,MYSE
151.909,8443,6/3/2015,5/26/2015,9:42:16,7,26.7,AH0,254,25.0608479,Day,F,L,A,MYSE
151.909,8443,6/3/2015,5/29/2015,9:42:16,7,29.3,AH0,243,31.1505081,Day,F,L,A,MYSE
151.909,8443,6/3/2015,5/30/2015,9:42:16,7,29.1,AH0,159,30.7541543,Day,F,L,A,MYSE
151.909,8443,6/3/2015,5/26/2015,9:42:18,7,26.7,AH0,255,25.0608479,Day,F,L,A,MYSE
151.909,8443,6/3/2015,5/29/2015,9:42:18,7,29.3,AH0,243,31.1505081,Day,F,L,A,MYSE
151.909,8443,6/3/2015,5/30/2015,9:42:18,7,29.1,AH0,162,30.7541543,Day,F,L,A,MYSE
151.909,8443,6/3/2015,5/29/2015,9:42:20,7,29.3,AH0,244,31.1505081,Day,F,L,A,MYSE
151.909,8443,6/3/2015,5/30/2015,9:42:20,7,29.1,AH0,163,30.7541543,Day,F,L,A,MYSE
151.909,8443,6/3/2015,5/29/2015,9:42:22,7,29.3,AH0,240,31.1505081,Day,F,L,A,MYSE
151.909,8443,6/3/2015,5/28/2015,9:42:29,7,31.5,AH0,123,34.8011375,Day,F,L,A,MYSE
151.909,8443,6/3/2015,5/28/2015,9:42:31,7,31.5,AH0,124,34.8011375,Day,F,L,A,MYSE
151.909,8443,6/3/2015,5/28/2015,9:42:33,7,31.4,AH0,125,34.6618152,Day,F,L,A,MYSE
151.909,8443,6/3/2015,5/26/2015,9:42:34,7,26.7,AH0,255,25.0608479,Day,F,L,A,MYSE
151.909,8443,6/3/2015,5/29/2015,9:42:34,7,29.3,AH0,242,31.1505081,Day,F,L,A,MYSE
151.909,8443,6/3/2015,5/28/2015,9:42:35,7,31.4,AH0,128,34.6618152,Day,F,L,A,MYSE
151.909,8443,6/3/2015,5/30/2015,9:42:35,7,29.1,AH0,160,30.7541543,Day,F,L,A,MYSE
151.909,8443,6/3/2015,5/26/2015,9:42:36,7,26.7,AH0,254,25.0608479,Day,F,L,A,MYSE
151.909,8443,6/3/2015,5/29/2015,9:42:36,7,29.3,AH0,245,31.1505081,Day,F,L,A,MYSE
151.909,8443,6/3/2015,5/30/2015,9:42:37,7,29.1,AH0,158,30.7541543,Day,F,L,A,MYSE
151.909,8443,6/3/2015,5/26/2015,9:42:38,7,26.7,AH0,253,25.0608479,Day,F,L,A,MYSE
151.909,8443,6/3/2015,5/29/2015,9:42:38,7,29.3,AH0,244,31.1505081,Day,F,L,A,MYSE
151.909,8443,6/3/2015,5/30/2015,9:42:39,7,29.1,AH0,160,30.7541543,Day,F,L,A,MYSE
151.909,8443,6/3/2015,5/29/2015,9:42:40,7,29.3,AH0,245,31.1505081,Day,F,L,A,MYSE
151.909,8443,6/3/2015,5/30/2015,9:42:41,7,29.1,AH0,161,30.7541543,Day,F,L,A,MYSE
151.909,8443,6/3/2015,5/28/2015,9:42:48,7,31.3,AH0,125,34.5200901,Day,F,L,A,MYSE
151.909,8443,6/3/2015,5/28/2015,9:42:50,7,31.3,AH0,129,34.5200901,Day,F,L,A,MYSE
151.909,8443,6/3/2015,5/28/2015,9:42:52,7,31.3,AH0,129,34.5200901,Day,F,L,A,MYSE
151.909,8443,6/3/2015,5/26/2015,9:42:54,7,26.8,AH0,255,25.3345056,Day,F,L,A,MYSE
151.909,8443,6/3/2015,5/28/2015,9:42:54,7,31.3,AH0,131,34.5200901,Day,F,L,A,MYSE
151.909,8443,6/3/2015,5/29/2015,9:42:55,7,29.3,AH0,242,31.1505081,Day,F,L,A,MYSE
151.909,8443,6/3/2015,5/30/2015,9:42:55,7,29.1,AH0,161,30.7541543,Day,F,L,A,MYSE
151.909,8443,6/3/2015,5/26/2015,9:42:56,7,26.8,AH0,254,25.3345056,Day,F,L,A,MYSE
151.909,8443,6/3/2015,5/29/2015,9:42:57,7,29.3,AH0,243,31.1505081,Day,F,L,A,MYSE
151.909,8443,6/3/2015,5/30/2015,9:42:57,7,29.1,AH0,160,30.7541543,Day,F,L,A,MYSE
151.909,8443,6/3/2015,5/26/2015,9:42:58,7,26.8,AH0,255,25.3345056,Day,F,L,A,MYSE
151.909,8443,6/3/2015,5/29/2015,9:42:59,7,29.3,AH0,244,31.1505081,Day,F,L,A,MYSE
151.909,8443,6/3/2015,5/30/2015,9:43:00,7,29.1,AH0,164,30.7541543,Day,F,L,A,MYSE
151.909,8443,6/3/2015,5/29/2015,9:43:01,7,29.3,AH0,245,31.1505081,Day,F,L,A,MYSE
151.909,8443,6/3/2015,5/28/2015,9:43:08,7,31.3,AH0,126,34.5200901,Day,F,L,A,MYSE
151.909,8443,6/3/2015,5/28/2015,9:43:10,7,31.3,AH0,127,34.5200901,Day,F,L,A,MYSE
151.909,8443,6/3/2015,5/28/2015,9:43:11,7,31.3,AH0,131,34.5200901,Day,F,L,A,MYSE
151.909,8443,6/3/2015,5/28/2015,9:43:13,7,31.3,AH0,127,34.5200901,Day,F,L,A,MYSE
151.909,8443,6/3/2015,5/26/2015,9:43:14,7,26.8,AH0,255,25.3345056,Day,F,L,A,MYSE
151.909,8443,6/3/2015,5/30/2015,9:43:14,7,29.2,AH0,161,30.9537504,Day,F,L,A,MYSE
151.909,8443,6/3/2015,5/28/2015,9:43:15,7,31.3,AH0,133,34.5200901,Day,F,L,A,MYSE
151.909,8443,6/3/2015,5/29/2015,9:43:15,7,29.3,AH0,244,31.1505081,Day,F,L,A,MYSE
151.909,8443,6/3/2015,5/26/2015,9:43:16,7,26.8,AH0,254,25.3345056,Day,F,L,A,MYSE
151.909,8443,6/3/2015,5/30/2015,9:43:16,7,29.2,AH0,165,30.9537504,Day,F,L,A,MYSE
151.909,8443,6/3/2015,5/29/2015,9:43:17,7,29.3,AH0,243,31.1505081,Day,F,L,A,MYSE
151.909,8443,6/3/2015,5/26/2015,9:43:18,7,26.7,AH0,254,25.0608479,Day,F,L,A,MYSE
151.909,8443,6/3/2015,5/30/2015,9:43:18,7,29.2,AH0,163,30.9537504,Day,F,L,A,MYSE
151.909,8443,6/3/2015,5/29/2015,9:43:19,7,29.3,AH0,242,31.1505081,Day,F,L,A,MYSE
151.909,8443,6/3/2015,5/30/2015,9:43:20,7,29.2,AH0,162,30.9537504,Day,F,L,A,MYSE
151.909,8443,6/3/2015,5/29/2015,9:43:21,7,29.3,AH0,241,31.1505081,Day,F,L,A,MYSE
151.909,8443,6/3/2015,5/28/2015,9:43:29,7,31.3,AH0,127,34.5200901,Day,F,L,A,MYSE
151.909,8443,6/3/2015,5/28/2015,9:43:31,7,31.3,AH0,126,34.5200901,Day,F,L,A,MYSE
151.909,8443,6/3/2015,5/28/2015,9:43:33,7,31.3,AH0,123,34.5200901,Day,F,L,A,MYSE
151.909,8443,6/3/2015,5/26/2015,9:43:34,7,26.8,AH0,255,25.3345056,Day,F,L,A,MYSE
151.909,8443,6/3/2015,5/28/2015,9:43:34,7,31.3,AH0,125,34.5200901,Day,F,L,A,MYSE
151.909,8443,6/3/2015,5/30/2015,9:43:34,7,29.3,AH0,161,31.1505081,Day,F,L,A,MYSE
151.909,8443,6/3/2015,5/26/2015,9:43:36,7,26.8,AH0,255,25.3345056,Day,F,L,A,MYSE
151.909,8443,6/3/2015,5/29/2015,9:43:36,7,29.3,AH0,245,31.1505081,Day,F,L,A,MYSE
151.909,8443,6/3/2015,5/30/2015,9:43:37,7,29.2,AH0,159,30.9537504,Day,F,L,A,MYSE
151.909,8443,6/3/2015,5/29/2015,9:43:38,7,29.3,AH0,244,31.1505081,Day,F,L,A,MYSE
151.909,8443,6/3/2015,5/26/2015,9:43:39,7,26.8,AH0,255,25.3345056,Day,F,L,A,MYSE
151.909,8443,6/3/2015,5/30/2015,9:43:39,7,29.3,AH0,160,31.1505081,Day,F,L,A,MYSE
151.909,8443,6/3/2015,5/29/2015,9:43:40,7,29.3,AH0,242,31.1505081,Day,F,L,A,MYSE
151.909,8443,6/3/2015,5/30/2015,9:43:41,7,29.3,AH0,164,31.1505081,Day,F,L,A,MYSE
151.909,8443,6/3/2015,5/29/2015,9:43:42,7,29.3,AH0,244,31.1505081,Day,F,L,A,MYSE
151.909,8443,6/3/2015,5/28/2015,9:43:48,7,31.3,AH0,122,34.5200901,Day,F,L,A,MYSE
151.909,8443,6/3/2015,5/28/2015,9:43:50,7,31.3,AH0,133,34.5200901,Day,F,L,A,MYSE
151.909,8443,6/3/2015,5/28/2015,9:43:52,7,31.3,AH0,130,34.5200901,Day,F,L,A,MYSE
151.909,8443,6/3/2015,5/26/2015,9:43:54,7,26.8,AH0,255,25.3345056,Day,F,L,A,MYSE
151.909,8443,6/3/2015,5/28/2015,9:43:54,7,31.3,AH0,131,34.5200901,Day,F,L,A,MYSE
151.909,8443,6/3/2015,5/29/2015,9:43:54,7,29.3,AH0,243,31.1505081,Day,F,L,A,MYSE
151.909,8443,6/3/2015,5/30/2015,9:43:55,7,29.2,AH0,159,30.9537504,Day,F,L,A,MYSE
151.909,8443,6/3/2015,5/29/2015,9:43:56,7,29.3,AH0,240,31.1505081,Day,F,L,A,MYSE
151.909,8443,6/3/2015,5/26/2015,9:43:57,7,26.8,AH0,254,25.3345056,Day,F,L,A,MYSE
151.909,8443,6/3/2015,5/30/2015,9:43:57,7,29.2,AH0,161,30.9537504,Day,F,L,A,MYSE
151.909,8443,6/3/2015,5/29/2015,9:43:58,7,29.3,AH0,244,31.1505081,Day,F,L,A,MYSE
151.909,8443,6/3/2015,5/26/2015,9:43:59,7,26.8,AH0,255,25.3345056,Day,F,L,A,MYSE
151.909,8443,6/3/2015,5/30/2015,9:43:59,7,29.2,AH0,161,30.9537504,Day,F,L,A,MYSE
151.909,8443,6/3/2015,5/29/2015,9:44:00,7,29.3,AH0,243,31.1505081,Day,F,L,A,MYSE
151.909,8443,6/3/2015,5/30/2015,9:44:01,7,29.2,AH0,164,30.9537504,Day,F,L,A,MYSE
151.909,8443,6/3/2015,5/28/2015,9:44:09,7,31.6,AH0,127,34.9380768,Day,F,L,A,MYSE
151.909,8443,6/3/2015,5/28/2015,9:44:11,7,31.6,AH0,120,34.9380768,Day,F,L,A,MYSE
151.909,8443,6/3/2015,5/28/2015,9:44:13,7,31.6,AH0,124,34.9380768,Day,F,L,A,MYSE
151.909,8443,6/3/2015,5/30/2015,9:44:13,7,29.3,AH0,165,31.1505081,Day,F,L,A,MYSE
151.909,8443,6/3/2015,5/26/2015,9:44:14,7,26.8,AH0,254,25.3345056,Day,F,L,A,MYSE
151.909,8443,6/3/2015,5/28/2015,9:44:15,7,31.6,AH0,124,34.9380768,Day,F,L,A,MYSE
151.909,8443,6/3/2015,5/29/2015,9:44:15,7,29.3,AH0,244,31.1505081,Day,F,L,A,MYSE
151.909,8443,6/3/2015,5/30/2015,9:44:16,7,29.2,AH0,163,30.9537504,Day,F,L,A,MYSE
151.909,8443,6/3/2015,5/26/2015,9:44:17,7,26.8,AH0,254,25.3345056,Day,F,L,A,MYSE
151.909,8443,6/3/2015,5/29/2015,9:44:17,7,29.3,AH0,243,31.1505081,Day,F,L,A,MYSE
151.909,8443,6/3/2015,5/30/2015,9:44:18,7,29.2,AH0,161,30.9537504,Day,F,L,A,MYSE
151.909,8443,6/3/2015,5/26/2015,9:44:19,7,26.8,AH0,255,25.3345056,Day,F,L,A,MYSE
151.909,8443,6/3/2015,5/29/2015,9:44:19,7,29.2,AH0,243,30.9537504,Day,F,L,A,MYSE
151.909,8443,6/3/2015,5/30/2015,9:44:20,7,29.2,AH0,162,30.9537504,Day,F,L,A,MYSE
151.909,8443,6/3/2015,5/29/2015,9:44:21,7,29.2,AH0,242,30.9537504,Day,F,L,A,MYSE
151.909,8443,6/3/2015,5/28/2015,9:44:28,7,31.7,AH0,119,35.0726529,Day,F,L,A,MYSE
151.909,8443,6/3/2015,5/28/2015,9:44:30,7,31.7,AH0,119,35.0726529,Day,F,L,A,MYSE
151.909,8443,6/3/2015,5/26/2015,9:44:32,7,26.8,AH0,254,25.3345056,Day,F,L,A,MYSE
151.909,8443,6/3/2015,5/28/2015,9:44:32,7,31.7,AH0,120,35.0726529,Day,F,L,A,MYSE
151.909,8443,6/3/2015,5/28/2015,9:44:34,7,31.7,AH0,121,35.0726529,Day,F,L,A,MYSE
151.909,8443,6/3/2015,5/30/2015,9:44:34,7,29.2,AH0,160,30.9537504,Day,F,L,A,MYSE
151.909,8443,6/3/2015,5/26/2015,9:44:35,7,26.8,AH0,255,25.3345056,Day,F,L,A,MYSE
151.909,8443,6/3/2015,5/28/2015,9:44:35,7,31.7,AH0,120,35.0726529,Day,F,L,A,MYSE
151.909,8443,6/3/2015,5/29/2015,9:44:35,7,29.2,AH0,241,30.9537504,Day,F,L,A,MYSE
151.909,8443,6/3/2015,5/30/2015,9:44:36,7,29.2,AH0,161,30.9537504,Day,F,L,A,MYSE
151.909,8443,6/3/2015,5/26/2015,9:44:37,7,26.8,AH0,255,25.3345056,Day,F,L,A,MYSE
151.909,8443,6/3/2015,5/29/2015,9:44:37,7,29.2,AH0,243,30.9537504,Day,F,L,A,MYSE
151.909,8443,6/3/2015,5/30/2015,9:44:38,7,29.2,AH0,164,30.9537504,Day,F,L,A,MYSE
151.909,8443,6/3/2015,5/26/2015,9:44:39,7,26.8,AH0,255,25.3345056,Day,F,L,A,MYSE
151.909,8443,6/3/2015,5/29/2015,9:44:39,7,29.2,AH0,241,30.9537504,Day,F,L,A,MYSE
151.909,8443,6/3/2015,5/30/2015,9:44:40,7,29.2,AH0,160,30.9537504,Day,F,L,A,MYSE
151.909,8443,6/3/2015,5/29/2015,9:44:41,7,29.2,AH0,241,30.9537504,Day,F,L,A,MYSE
151.909,8443,6/3/2015,5/28/2015,9:44:49,7,31.7,AH0,120,35.0726529,Day,F,L,A,MYSE
151.909,8443,6/3/2015,5/28/2015,9:44:51,7,31.7,AH0,124,35.0726529,Day,F,L,A,MYSE
151.909,8443,6/3/2015,5/26/2015,9:44:53,7,26.8,AH0,253,25.3345056,Day,F,L,A,MYSE
151.909,8443,6/3/2015,5/28/2015,9:44:53,7,31.7,AH0,132,35.0726529,Day,F,L,A,MYSE
151.909,8443,6/3/2015,5/28/2015,9:44:54,7,31.7,AH0,130,35.0726529,Day,F,L,A,MYSE
151.909,8443,6/3/2015,5/26/2015,9:44:55,7,26.8,AH0,254,25.3345056,Day,F,L,A,MYSE
151.909,8443,6/3/2015,5/30/2015,9:44:55,7,29.3,AH0,164,31.1505081,Day,F,L,A,MYSE
151.909,8443,6/3/2015,5/29/2015,9:44:56,7,29.2,AH0,243,30.9537504,Day,F,L,A,MYSE
151.909,8443,6/3/2015,5/26/2015,9:44:57,7,26.8,AH0,255,25.3345056,Day,F,L,A,MYSE
151.909,8443,6/3/2015,5/30/2015,9:44:57,7,29.3,AH0,165,31.1505081,Day,F,L,A,MYSE
151.909,8443,6/3/2015,5/29/2015,9:44:58,7,29.2,AH0,241,30.9537504,Day,F,L,A,MYSE
151.909,8443,6/3/2015,5/26/2015,9:44:59,7,26.8,AH0,255,25.3345056,Day,F,L,A,MYSE
151.909,8443,6/3/2015,5/30/2015,9:44:59,7,29.3,AH0,161,31.1505081,Day,F,L,A,MYSE
151.909,8443,6/3/2015,5/29/2015,9:45:00,7,29.2,AH0,241,30.9537504,Day,F,L,A,MYSE
151.909,8443,6/3/2015,5/30/2015,9:45:01,7,29.3,AH0,166,31.1505081,Day,F,L,A,MYSE
151.909,8443,6/3/2015,5/29/2015,9:45:02,7,29.2,AH0,245,30.9537504,Day,F,L,A,MYSE
151.909,8443,6/3/2015,5/28/2015,9:45:08,7,31.9,AH0,108,35.3347947,Day,F,L,A,MYSE
151.909,8443,6/3/2015,5/28/2015,9:45:10,7,31.9,AH0,108,35.3347947,Day,F,L,A,MYSE
151.909,8443,6/3/2015,5/28/2015,9:45:11,7,31.8,AH0,114,35.2048856,Day,F,L,A,MYSE
151.909,8443,6/3/2015,5/26/2015,9:45:13,7,26.8,AH0,255,25.3345056,Day,F,L,A,MYSE
151.909,8443,6/3/2015,5/28/2015,9:45:13,7,31.8,AH0,106,35.2048856,Day,F,L,A,MYSE
151.909,8443,6/3/2015,5/29/2015,9:45:14,7,29.2,AH0,242,30.9537504,Day,F,L,A,MYSE
151.909,8443,6/3/2015,5/26/2015,9:45:15,7,26.8,AH0,255,25.3345056,Day,F,L,A,MYSE
151.909,8443,6/3/2015,5/28/2015,9:45:15,7,31.8,AH0,104,35.2048856,Day,F,L,A,MYSE
151.909,8443,6/3/2015,5/30/2015,9:45:15,7,29.3,AH0,160,31.1505081,Day,F,L,A,MYSE
151.909,8443,6/3/2015,5/29/2015,9:45:16,7,29.2,AH0,243,30.9537504,Day,F,L,A,MYSE
151.909,8443,6/3/2015,5/26/2015,9:45:17,7,26.8,AH0,254,25.3345056,Day,F,L,A,MYSE
151.909,8443,6/3/2015,5/30/2015,9:45:17,7,29.3,AH0,158,31.1505081,Day,F,L,A,MYSE
151.909,8443,6/3/2015,5/29/2015,9:45:18,7,29.2,AH0,243,30.9537504,Day,F,L,A,MYSE
151.909,8443,6/3/2015,5/26/2015,9:45:19,7,26.8,AH0,255,25.3345056,Day,F,L,A,MYSE
151.909,8443,6/3/2015,5/30/2015,9:45:19,7,29.3,AH0,159,31.1505081,Day,F,L,A,MYSE
151.909,8443,6/3/2015,5/29/2015,9:45:20,7,29.2,AH0,241,30.9537504,Day,F,L,A,MYSE
151.909,8443,6/3/2015,5/30/2015,9:45:21,7,29.3,AH0,161,31.1505081,Day,F,L,A,MYSE
151.909,8443,6/3/2015,5/28/2015,9:45:28,7,31.8,AH0,104,35.2048856,Day,F,L,A,MYSE
151.909,8443,6/3/2015,5/28/2015,9:45:30,7,31.8,AH0,104,35.2048856,Day,F,L,A,MYSE
151.909,8443,6/3/2015,5/28/2015,9:45:32,7,31.7,AH0,107,35.0726529,Day,F,L,A,MYSE
151.909,8443,6/3/2015,5/26/2015,9:45:33,7,26.8,AH0,254,25.3345056,Day,F,L,A,MYSE
151.909,8443,6/3/2015,5/30/2015,9:45:33,7,29.3,AH0,163,31.1505081,Day,F,L,A,MYSE
151.909,8443,6/3/2015,5/28/2015,9:45:34,7,31.7,AH0,103,35.0726529,Day,F,L,A,MYSE
151.909,8443,6/3/2015,5/26/2015,9:45:35,7,26.8,AH0,254,25.3345056,Day,F,L,A,MYSE
151.909,8443,6/3/2015,5/29/2015,9:45:35,7,29.2,AH0,244,30.9537504,Day,F,L,A,MYSE
151.909,8443,6/3/2015,5/30/2015,9:45:35,7,29.3,AH0,159,31.1505081,Day,F,L,A,MYSE
151.909,8443,6/3/2015,5/26/2015,9:45:37,7,26.8,AH0,254,25.3345056,Day,F,L,A,MYSE
151.909,8443,6/3/2015,5/29/2015,9:45:37,7,29.2,AH0,242,30.9537504,Day,F,L,A,MYSE
151.909,8443,6/3/2015,5/30/2015,9:45:37,7,29.3,AH0,162,31.1505081,Day,F,L,A,MYSE
151.909,8443,6/3/2015,5/29/2015,9:45:39,7,29.2,AH0,243,30.9537504,Day,F,L,A,MYSE
151.909,8443,6/3/2015,5/26/2015,9:45:40,7,26.8,AH0,255,25.3345056,Day,F,L,A,MYSE
151.909,8443,6/3/2015,5/30/2015,9:45:40,7,29.3,AH0,164,31.1505081,Day,F,L,A,MYSE
151.909,8443,6/3/2015,5/29/2015,9:45:41,7,29.2,AH0,243,30.9537504,Day,F,L,A,MYSE
151.909,8443,6/3/2015,5/28/2015,9:45:49,7,31.5,AH0,105,34.8011375,Day,F,L,A,MYSE
151.909,8443,6/3/2015,5/28/2015,9:45:51,7,31.5,AH0,107,34.8011375,Day,F,L,A,MYSE
151.909,8443,6/3/2015,5/26/2015,9:45:53,7,26.8,AH0,255,25.3345056,Day,F,L,A,MYSE
151.909,8443,6/3/2015,5/28/2015,9:45:53,7,31.4,AH0,93,34.6618152,Day,F,L,A,MYSE
151.909,8443,6/3/2015,5/30/2015,9:45:54,7,29.3,AH0,162,31.1505081,Day,F,L,A,MYSE
151.909,8443,6/3/2015,5/26/2015,9:45:55,7,26.8,AH0,254,25.3345056,Day,F,L,A,MYSE
151.909,8443,6/3/2015,5/28/2015,9:45:55,7,31.3,AH0,95,34.5200901,Day,F,L,A,MYSE
151.909,8443,6/3/2015,5/29/2015,9:45:55,7,29.2,AH0,239,30.9537504,Day,F,L,A,MYSE
151.909,8443,6/3/2015,5/30/2015,9:45:56,7,29.3,AH0,165,31.1505081,Day,F,L,A,MYSE
151.909,8443,6/3/2015,5/29/2015,9:45:57,7,29.1,AH0,245,30.7541543,Day,F,L,A,MYSE
151.909,8443,6/3/2015,5/26/2015,9:45:58,7,26.8,AH0,255,25.3345056,Day,F,L,A,MYSE
151.909,8443,6/3/2015,5/30/2015,9:45:58,7,29.3,AH0,158,31.1505081,Day,F,L,A,MYSE
151.909,8443,6/3/2015,5/29/2015,9:45:59,7,29.1,AH0,244,30.7541543,Day,F,L,A,MYSE
151.909,8443,6/3/2015,5/26/2015,9:46:00,7,26.8,AH0,255,25.3345056,Day,F,L,A,MYSE
151.909,8443,6/3/2015,5/30/2015,9:46:00,7,29.3,AH0,164,31.1505081,Day,F,L,A,MYSE
151.909,8443,6/3/2015,5/29/2015,9:46:01,7,29.1,AH0,243,30.7541543,Day,F,L,A,MYSE
151.909,8443,6/3/2015,5/28/2015,9:46:09,7,30.9,AH0,96,33.9287657,Day,F,L,A,MYSE
151.909,8443,6/3/2015,5/28/2015,9:46:10,7,30.9,AH0,97,33.9287657,Day,F,L,A,MYSE
151.909,8443,6/3/2015,5/28/2015,9:46:12,7,30.9,AH0,92,33.9287657,Day,F,L,A,MYSE
151.909,8443,6/3/2015,5/26/2015,9:46:13,7,26.8,AH0,255,25.3345056,Day,F,L,A,MYSE
151.909,8443,6/3/2015,5/28/2015,9:46:14,7,30.8,AH0,96,33.7747296,Day,F,L,A,MYSE
151.909,8443,6/3/2015,5/30/2015,9:46:14,7,29.2,AH0,162,30.9537504,Day,F,L,A,MYSE
151.909,8443,6/3/2015,5/26/2015,9:46:15,7,26.8,AH0,255,25.3345056,Day,F,L,A,MYSE
151.909,8443,6/3/2015,5/29/2015,9:46:16,7,29.1,AH0,244,30.7541543,Day,F,L,A,MYSE
151.909,8443,6/3/2015,5/30/2015,9:46:16,7,29.3,AH0,164,31.1505081,Day,F,L,A,MYSE
151.909,8443,6/3/2015,5/26/2015,9:46:18,7,26.8,AH0,254,25.3345056,Day,F,L,A,MYSE
151.909,8443,6/3/2015,5/29/2015,9:46:18,7,29.1,AH0,243,30.7541543,Day,F,L,A,MYSE
151.909,8443,6/3/2015,5/30/2015,9:46:19,7,29.2,AH0,160,30.9537504,Day,F,L,A,MYSE
151.909,8443,6/3/2015,5/26/2015,9:46:20,7,26.8,AH0,254,25.3345056,Day,F,L,A,MYSE
151.909,8443,6/3/2015,5/29/2015,9:46:20,7,29.1,AH0,244,30.7541543,Day,F,L,A,MYSE
151.909,8443,6/3/2015,5/30/2015,9:46:21,7,29.2,AH0,160,30.9537504,Day,F,L,A,MYSE
151.909,8443,6/3/2015,5/28/2015,9:46:28,7,30.7,AH0,104,33.6181719,Day,F,L,A,MYSE
151.909,8443,6/3/2015,5/28/2015,9:46:30,7,30.6,AH0,102,33.4590728,Day,F,L,A,MYSE
151.909,8443,6/3/2015,5/28/2015,9:46:32,7,30.6,AH0,107,33.4590728,Day,F,L,A,MYSE
151.909,8443,6/3/2015,5/26/2015,9:46:33,7,26.8,AH0,255,25.3345056,Day,F,L,A,MYSE
151.909,8443,6/3/2015,5/28/2015,9:46:34,7,30.6,AH0,107,33.4590728,Day,F,L,A,MYSE
151.909,8443,6/3/2015,5/29/2015,9:46:34,7,29.1,AH0,244,30.7541543,Day,F,L,A,MYSE
151.909,8443,6/3/2015,5/30/2015,9:46:35,7,29.2,AH0,162,30.9537504,Day,F,L,A,MYSE
151.909,8443,6/3/2015,5/26/2015,9:46:36,7,26.8,AH0,255,25.3345056,Day,F,L,A,MYSE
151.909,8443,6/3/2015,5/29/2015,9:46:37,7,29.1,AH0,246,30.7541543,Day,F,L,A,MYSE
151.909,8443,6/3/2015,5/30/2015,9:46:37,7,29.2,AH0,161,30.9537504,Day,F,L,A,MYSE
151.909,8443,6/3/2015,5/26/2015,9:46:38,7,26.8,AH0,255,25.3345056,Day,F,L,A,MYSE
151.909,8443,6/3/2015,5/29/2015,9:46:39,7,29.1,AH0,246,30.7541543,Day,F,L,A,MYSE
151.909,8443,6/3/2015,5/30/2015,9:46:39,7,29.2,AH0,159,30.9537504,Day,F,L,A,MYSE
151.909,8443,6/3/2015,5/29/2015,9:46:41,7,29.1,AH0,245,30.7541543,Day,F,L,A,MYSE
151.909,8443,6/3/2015,5/30/2015,9:46:41,7,29.2,AH0,164,30.9537504,Day,F,L,A,MYSE
151.909,8443,6/3/2015,5/28/2015,9:46:49,7,30.5,AH0,99,33.2974125,Day,F,L,A,MYSE
151.909,8443,6/3/2015,5/28/2015,9:46:51,7,30.4,AH0,101,33.1331712,Day,F,L,A,MYSE
151.909,8443,6/3/2015,5/28/2015,9:46:53,7,30.4,AH0,102,33.1331712,Day,F,L,A,MYSE
151.909,8443,6/3/2015,5/30/2015,9:46:53,7,29.2,AH0,161,30.9537504,Day,F,L,A,MYSE
151.909,8443,6/3/2015,5/26/2015,9:46:54,7,26.8,AH0,255,25.3345056,Day,F,L,A,MYSE
151.909,8443,6/3/2015,5/28/2015,9:46:55,7,30.4,AH0,97,33.1331712,Day,F,L,A,MYSE
151.909,8443,6/3/2015,5/29/2015,9:46:55,7,29.2,AH0,245,30.9537504,Day,F,L,A,MYSE
151.909,8443,6/3/2015,5/30/2015,9:46:55,7,29.2,AH0,162,30.9537504,Day,F,L,A,MYSE
151.909,8443,6/3/2015,5/26/2015,9:46:56,7,26.8,AH0,255,25.3345056,Day,F,L,A,MYSE
151.909,8443,6/3/2015,5/29/2015,9:46:57,7,29.2,AH0,246,30.9537504,Day,F,L,A,MYSE
151.909,8443,6/3/2015,5/26/2015,9:46:58,7,26.8,AH0,255,25.3345056,Day,F,L,A,MYSE
151.909,8443,6/3/2015,5/30/2015,9:46:58,7,29.2,AH0,165,30.9537504,Day,F,L,A,MYSE
151.909,8443,6/3/2015,5/29/2015,9:46:59,7,29.2,AH0,243,30.9537504,Day,F,L,A,MYSE
151.909,8443,6/3/2015,5/30/2015,9:47:00,7,29.2,AH0,160,30.9537504,Day,F,L,A,MYSE
151.909,8443,6/3/2015,5/29/2015,9:47:01,7,29.2,AH0,244,30.9537504,Day,F,L,A,MYSE
151.909,8443,6/3/2015,5/28/2015,9:47:10,7,30.3,AH0,107,32.9663291,Day,F,L,A,MYSE
151.909,8443,6/3/2015,5/28/2015,9:47:12,7,30.3,AH0,97,32.9663291,Day,F,L,A,MYSE
151.909,8443,6/3/2015,5/26/2015,9:47:14,7,26.8,AH0,254,25.3345056,Day,F,L,A,MYSE
151.909,8443,6/3/2015,5/28/2015,9:47:14,7,30.3,AH0,103,32.9663291,Day,F,L,A,MYSE
151.909,8443,6/3/2015,5/30/2015,9:47:14,7,29.2,AH0,162,30.9537504,Day,F,L,A,MYSE
151.909,8443,6/3/2015,5/26/2015,9:47:16,7,26.8,AH0,255,25.3345056,Day,F,L,A,MYSE
151.909,8443,6/3/2015,5/28/2015,9:47:16,7,30.3,AH0,98,32.9663291,Day,F,L,A,MYSE
151.909,8443,6/3/2015,5/29/2015,9:47:16,7,29.2,AH0,244,30.9537504,Day,F,L,A,MYSE
151.909,8443,6/3/2015,5/30/2015,9:47:16,7,29.2,AH0,164,30.9537504,Day,F,L,A,MYSE
151.909,8443,6/3/2015,5/26/2015,9:47:18,7,26.8,AH0,255,25.3345056,Day,F,L,A,MYSE
151.909,8443,6/3/2015,5/29/2015,9:47:18,7,29.2,AH0,243,30.9537504,Day,F,L,A,MYSE
151.909,8443,6/3/2015,5/30/2015,9:47:18,7,29.2,AH0,167,30.9537504,Day,F,L,A,MYSE
151.909,8443,6/3/2015,5/29/2015,9:47:20,7,29.2,AH0,244,30.9537504,Day,F,L,A,MYSE
151.909,8443,6/3/2015,5/30/2015,9:47:20,7,29.2,AH0,165,30.9537504,Day,F,L,A,MYSE
151.909,8443,6/3/2015,5/29/2015,9:47:22,7,29.2,AH0,243,30.9537504,Day,F,L,A,MYSE
151.909,8443,6/3/2015,5/28/2015,9:47:30,7,30.3,AH0,99,32.9663291,Day,F,L,A,MYSE
151.909,8443,6/3/2015,5/28/2015,9:47:32,7,30.3,AH0,97,32.9663291,Day,F,L,A,MYSE
151.909,8443,6/3/2015,5/26/2015,9:47:34,7,26.8,AH0,255,25.3345056,Day,F,L,A,MYSE
151.909,8443,6/3/2015,5/28/2015,9:47:34,7,30.3,AH0,91,32.9663291,Day,F,L,A,MYSE
151.909,8443,6/3/2015,5/29/2015,9:47:34,7,29.3,AH0,244,31.1505081,Day,F,L,A,MYSE
151.909,8443,6/3/2015,5/30/2015,9:47:34,7,29.2,AH0,161,30.9537504,Day,F,L,A,MYSE
151.909,8443,6/3/2015,5/26/2015,9:47:36,7,26.8,AH0,255,25.3345056,Day,F,L,A,MYSE
151.909,8443,6/3/2015,5/28/2015,9:47:36,7,30.3,AH0,99,32.9663291,Day,F,L,A,MYSE
151.909,8443,6/3/2015,5/29/2015,9:47:36,7,29.3,AH0,243,31.1505081,Day,F,L,A,MYSE
151.909,8443,6/3/2015,5/30/2015,9:47:37,7,29.1,AH0,161,30.7541543,Day,F,L,A,MYSE
151.909,8443,6/3/2015,5/26/2015,9:47:38,7,26.8,AH0,255,25.3345056,Day,F,L,A,MYSE
151.909,8443,6/3/2015,5/29/2015,9:47:38,7,29.2,AH0,244,30.9537504,Day,F,L,A,MYSE
151.909,8443,6/3/2015,5/30/2015,9:47:39,7,29.1,AH0,164,30.7541543,Day,F,L,A,MYSE
151.909,8443,6/3/2015,5/29/2015,9:47:40,7,29.3,AH0,245,31.1505081,Day,F,L,A,MYSE
151.909,8443,6/3/2015,5/30/2015,9:47:41,7,29.1,AH0,159,30.7541543,Day,F,L,A,MYSE
151.909,8443,6/3/2015,5/28/2015,9:47:50,7,30.3,AH0,99,32.9663291,Day,F,L,A,MYSE
151.909,8443,6/3/2015,5/28/2015,9:47:52,7,30.3,AH0,104,32.9663291,Day,F,L,A,MYSE
151.909,8443,6/3/2015,5/26/2015,9:47:54,7,26.8,AH0,254,25.3345056,Day,F,L,A,MYSE
151.909,8443,6/3/2015,5/28/2015,9:47:54,7,30.3,AH0,95,32.9663291,Day,F,L,A,MYSE
151.909,8443,6/3/2015,5/29/2015,9:47:55,7,29.3,AH0,246,31.1505081,Day,F,L,A,MYSE
151.909,8443,6/3/2015,5/30/2015,9:47:55,7,29.1,AH0,164,30.7541543,Day,F,L,A,MYSE
151.909,8443,6/3/2015,5/26/2015,9:47:56,7,26.8,AH0,255,25.3345056,Day,F,L,A,MYSE
151.909,8443,6/3/2015,5/28/2015,9:47:56,7,30.3,AH0,101,32.9663291,Day,F,L,A,MYSE
151.909,8443,6/3/2015,5/29/2015,9:47:57,7,29.3,AH0,244,31.1505081,Day,F,L,A,MYSE
151.909,8443,6/3/2015,5/30/2015,9:47:57,7,29.1,AH0,162,30.7541543,Day,F,L,A,MYSE
151.909,8443,6/3/2015,5/26/2015,9:47:59,7,26.8,AH0,254,25.3345056,Day,F,L,A,MYSE
151.909,8443,6/3/2015,5/29/2015,9:47:59,7,29.3,AH0,244,31.1505081,Day,F,L,A,MYSE
151.909,8443,6/3/2015,5/30/2015,9:47:59,7,29.2,AH0,165,30.9537504,Day,F,L,A,MYSE
151.909,8443,6/3/2015,5/29/2015,9:48:01,7,29.3,AH0,242,31.1505081,Day,F,L,A,MYSE
151.909,8443,6/3/2015,5/28/2015,9:48:10,7,30.2,AH0,100,32.7968664,Day,F,L,A,MYSE
151.909,8443,6/3/2015,5/28/2015,9:48:12,7,30.2,AH0,105,32.7968664,Day,F,L,A,MYSE
151.909,8443,6/3/2015,5/26/2015,9:48:14,7,26.8,AH0,255,25.3345056,Day,F,L,A,MYSE
151.909,8443,6/3/2015,5/28/2015,9:48:14,7,30.2,AH0,106,32.7968664,Day,F,L,A,MYSE
151.909,8443,6/3/2015,5/30/2015,9:48:14,7,29.3,AH0,165,31.1505081,Day,F,L,A,MYSE
151.909,8443,6/3/2015,5/29/2015,9:48:15,7,29.3,AH0,246,31.1505081,Day,F,L,A,MYSE
151.909,8443,6/3/2015,5/26/2015,9:48:16,7,26.8,AH0,255,25.3345056,Day,F,L,A,MYSE
151.909,8443,6/3/2015,5/28/2015,9:48:16,7,30.2,AH0,100,32.7968664,Day,F,L,A,MYSE
151.909,8443,6/3/2015,5/30/2015,9:48:16,7,29.3,AH0,163,31.1505081,Day,F,L,A,MYSE
151.909,8443,6/3/2015,5/29/2015,9:48:17,7,29.3,AH0,244,31.1505081,Day,F,L,A,MYSE
151.909,8443,6/3/2015,5/30/2015,9:48:18,7,29.3,AH0,168,31.1505081,Day,F,L,A,MYSE
151.909,8443,6/3/2015,5/26/2015,9:48:19,7,26.8,AH0,254,25.3345056,Day,F,L,A,MYSE
151.909,8443,6/3/2015,5/29/2015,9:48:19,7,29.3,AH0,243,31.1505081,Day,F,L,A,MYSE
151.909,8443,6/3/2015,5/30/2015,9:48:20,7,29.3,AH0,163,31.1505081,Day,F,L,A,MYSE
151.909,8443,6/3/2015,5/29/2015,9:48:21,7,29.4,AH0,245,31.3444472,Day,F,L,A,MYSE
151.909,8443,6/3/2015,5/28/2015,9:48:30,7,30.2,AH0,101,32.7968664,Day,F,L,A,MYSE
151.909,8443,6/3/2015,5/28/2015,9:48:32,7,30.2,AH0,102,32.7968664,Day,F,L,A,MYSE
151.909,8443,6/3/2015,5/26/2015,9:48:34,7,26.7,AH0,254,25.0608479,Day,F,L,A,MYSE
151.909,8443,6/3/2015,5/28/2015,9:48:34,7,30.2,AH0,100,32.7968664,Day,F,L,A,MYSE
151.909,8443,6/3/2015,5/30/2015,9:48:34,7,29.4,AH0,167,31.3444472,Day,F,L,A,MYSE
151.909,8443,6/3/2015,5/28/2015,9:48:36,7,30.2,AH0,106,32.7968664,Day,F,L,A,MYSE
151.909,8443,6/3/2015,5/29/2015,9:48:36,7,29.4,AH0,243,31.3444472,Day,F,L,A,MYSE
151.909,8443,6/3/2015,5/30/2015,9:48:36,7,29.4,AH0,168,31.3444472,Day,F,L,A,MYSE
151.909,8443,6/3/2015,5/26/2015,9:48:37,7,26.7,AH0,254,25.0608479,Day,F,L,A,MYSE
151.909,8443,6/3/2015,5/29/2015,9:48:38,7,29.4,AH0,244,31.3444472,Day,F,L,A,MYSE
151.909,8443,6/3/2015,5/30/2015,9:48:38,7,29.4,AH0,168,31.3444472,Day,F,L,A,MYSE
151.909,8443,6/3/2015,5/26/2015,9:48:39,7,26.7,AH0,255,25.0608479,Day,F,L,A,MYSE
151.909,8443,6/3/2015,5/29/2015,9:48:40,7,29.4,AH0,245,31.3444472,Day,F,L,A,MYSE
151.909,8443,6/3/2015,5/30/2015,9:48:40,7,29.4,AH0,165,31.3444472,Day,F,L,A,MYSE
151.909,8443,6/3/2015,5/29/2015,9:48:42,7,29.4,AH0,243,31.3444472,Day,F,L,A,MYSE
151.909,8443,6/3/2015,5/28/2015,9:48:50,7,30.2,AH0,102,32.7968664,Day,F,L,A,MYSE
151.909,8443,6/3/2015,5/26/2015,9:48:52,7,26.7,AH0,255,25.0608479,Day,F,L,A,MYSE
151.909,8443,6/3/2015,5/28/2015,9:48:52,7,30.2,AH0,104,32.7968664,Day,F,L,A,MYSE
151.909,8443,6/3/2015,5/28/2015,9:48:54,7,30.2,AH0,101,32.7968664,Day,F,L,A,MYSE
151.909,8443,6/3/2015,5/29/2015,9:48:54,7,29.4,AH0,241,31.3444472,Day,F,L,A,MYSE
151.909,8443,6/3/2015,5/26/2015,9:48:55,7,26.7,AH0,253,25.0608479,Day,F,L,A,MYSE
151.909,8443,6/3/2015,5/30/2015,9:48:55,7,29.3,AH0,163,31.1505081,Day,F,L,A,MYSE
151.909,8443,6/3/2015,5/28/2015,9:48:56,7,30.2,AH0,99,32.7968664,Day,F,L,A,MYSE
151.909,8443,6/3/2015,5/29/2015,9:48:56,7,29.4,AH0,243,31.3444472,Day,F,L,A,MYSE
151.909,8443,6/3/2015,5/26/2015,9:48:57,7,26.7,AH0,254,25.0608479,Day,F,L,A,MYSE
151.909,8443,6/3/2015,5/30/2015,9:48:57,7,29.3,AH0,170,31.1505081,Day,F,L,A,MYSE
151.909,8443,6/3/2015,5/29/2015,9:48:58,7,29.4,AH0,244,31.3444472,Day,F,L,A,MYSE
151.909,8443,6/3/2015,5/26/2015,9:48:59,7,26.7,AH0,253,25.0608479,Day,F,L,A,MYSE
151.909,8443,6/3/2015,5/30/2015,9:48:59,7,29.3,AH0,166,31.1505081,Day,F,L,A,MYSE
151.909,8443,6/3/2015,5/29/2015,9:49:00,7,29.4,AH0,244,31.3444472,Day,F,L,A,MYSE
151.909,8443,6/3/2015,5/30/2015,9:49:01,7,29.3,AH0,162,31.1505081,Day,F,L,A,MYSE
151.909,8443,6/3/2015,5/28/2015,9:49:09,7,30.2,AH0,101,32.7968664,Day,F,L,A,MYSE
151.909,8443,6/3/2015,5/28/2015,9:49:11,7,30.2,AH0,99,32.7968664,Day,F,L,A,MYSE
151.909,8443,6/3/2015,5/26/2015,9:49:13,7,26.7,AH0,255,25.0608479,Day,F,L,A,MYSE
151.909,8443,6/3/2015,5/28/2015,9:49:13,7,30.2,AH0,101,32.7968664,Day,F,L,A,MYSE
151.909,8443,6/3/2015,5/29/2015,9:49:14,7,29.4,AH0,244,31.3444472,Day,F,L,A,MYSE
151.909,8443,6/3/2015,5/26/2015,9:49:15,7,26.7,AH0,255,25.0608479,Day,F,L,A,MYSE
151.909,8443,6/3/2015,5/28/2015,9:49:15,7,30.2,AH0,105,32.7968664,Day,F,L,A,MYSE
151.909,8443,6/3/2015,5/30/2015,9:49:15,7,29.2,AH0,167,30.9537504,Day,F,L,A,MYSE
151.909,8443,6/3/2015,5/29/2015,9:49:16,7,29.4,AH0,244,31.3444472,Day,F,L,A,MYSE
151.909,8443,6/3/2015,5/26/2015,9:49:17,7,26.7,AH0,255,25.0608479,Day,F,L,A,MYSE
151.909,8443,6/3/2015,5/30/2015,9:49:17,7,29.3,AH0,168,31.1505081,Day,F,L,A,MYSE
151.909,8443,6/3/2015,5/29/2015,9:49:18,7,29.4,AH0,244,31.3444472,Day,F,L,A,MYSE
151.909,8443,6/3/2015,5/26/2015,9:49:19,7,26.7,AH0,254,25.0608479,Day,F,L,A,MYSE
151.909,8443,6/3/2015,5/30/2015,9:49:19,7,29.2,AH0,165,30.9537504,Day,F,L,A,MYSE
151.909,8443,6/3/2015,5/29/2015,9:49:20,7,29.4,AH0,244,31.3444472,Day,F,L,A,MYSE
151.909,8443,6/3/2015,5/30/2015,9:49:21,7,29.2,AH0,166,30.9537504,Day,F,L,A,MYSE
151.909,8443,6/3/2015,5/28/2015,9:49:29,7,30.3,AH0,101,32.9663291,Day,F,L,A,MYSE
151.909,8443,6/3/2015,5/28/2015,9:49:31,7,30.3,AH0,104,32.9663291,Day,F,L,A,MYSE
151.909,8443,6/3/2015,5/26/2015,9:49:33,7,26.7,AH0,254,25.0608479,Day,F,L,A,MYSE
151.909,8443,6/3/2015,5/28/2015,9:49:33,7,30.3,AH0,102,32.9663291,Day,F,L,A,MYSE
151.909,8443,6/3/2015,5/30/2015,9:49:33,7,29.2,AH0,161,30.9537504,Day,F,L,A,MYSE
151.909,8443,6/3/2015,5/26/2015,9:49:35,7,26.7,AH0,255,25.0608479,Day,F,L,A,MYSE
151.909,8443,6/3/2015,5/28/2015,9:49:35,7,30.3,AH0,100,32.9663291,Day,F,L,A,MYSE
151.909,8443,6/3/2015,5/29/2015,9:49:35,7,29.5,AH0,242,31.5355875,Day,F,L,A,MYSE
151.909,8443,6/3/2015,5/30/2015,9:49:36,7,29.2,AH0,169,30.9537504,Day,F,L,A,MYSE
151.909,8443,6/3/2015,5/26/2015,9:49:37,7,26.7,AH0,255,25.0608479,Day,F,L,A,MYSE
151.909,8443,6/3/2015,5/29/2015,9:49:37,7,29.5,AH0,246,31.5355875,Day,F,L,A,MYSE
151.909,8443,6/3/2015,5/30/2015,9:49:38,7,29.2,AH0,164,30.9537504,Day,F,L,A,MYSE
151.909,8443,6/3/2015,5/29/2015,9:49:39,7,29.5,AH0,244,31.5355875,Day,F,L,A,MYSE
151.909,8443,6/3/2015,5/26/2015,9:49:40,7,26.7,AH0,255,25.0608479,Day,F,L,A,MYSE
151.909,8443,6/3/2015,5/30/2015,9:49:40,7,29.2,AH0,164,30.9537504,Day,F,L,A,MYSE
151.909,8443,6/3/2015,5/29/2015,9:49:41,7,29.5,AH0,243,31.5355875,Day,F,L,A,MYSE
151.909,8443,6/3/2015,5/28/2015,9:49:49,7,30.1,AH0,113,32.6247633,Day,F,L,A,MYSE
151.909,8443,6/3/2015,5/28/2015,9:49:51,7,30.1,AH0,120,32.6247633,Day,F,L,A,MYSE
151.909,8443,6/3/2015,5/26/2015,9:49:53,7,26.7,AH0,255,25.0608479,Day,F,L,A,MYSE
151.909,8443,6/3/2015,5/28/2015,9:49:53,7,30,AH0,119,32.45,Day,F,L,A,MYSE
151.909,8443,6/3/2015,5/30/2015,9:49:54,7,29.2,AH0,166,30.9537504,Day,F,L,A,MYSE
151.909,8443,6/3/2015,5/26/2015,9:49:55,7,26.7,AH0,255,25.0608479,Day,F,L,A,MYSE
151.909,8443,6/3/2015,5/28/2015,9:49:55,7,30,AH0,118,32.45,Day,F,L,A,MYSE
151.909,8443,6/3/2015,5/29/2015,9:49:55,7,29.5,AH0,246,31.5355875,Day,F,L,A,MYSE
151.909,8443,6/3/2015,5/30/2015,9:49:56,7,29.2,AH0,163,30.9537504,Day,F,L,A,MYSE
151.909,8443,6/3/2015,5/26/2015,9:49:57,7,26.7,AH0,254,25.0608479,Day,F,L,A,MYSE
151.909,8443,6/3/2015,5/29/2015,9:49:57,7,29.5,AH0,245,31.5355875,Day,F,L,A,MYSE
151.909,8443,6/3/2015,5/30/2015,9:49:58,7,29.2,AH0,167,30.9537504,Day,F,L,A,MYSE
151.909,8443,6/3/2015,5/29/2015,9:49:59,7,29.5,AH0,243,31.5355875,Day,F,L,A,MYSE
151.909,8443,6/3/2015,5/26/2015,9:50:00,7,26.7,AH0,255,25.0608479,Day,F,L,A,MYSE
151.909,8443,6/3/2015,5/30/2015,9:50:00,7,29.2,AH0,166,30.9537504,Day,F,L,A,MYSE
151.909,8443,6/3/2015,5/29/2015,9:50:01,7,29.5,AH0,243,31.5355875,Day,F,L,A,MYSE
151.909,8443,6/3/2015,5/28/2015,9:50:09,7,30,AH0,113,32.45,Day,F,L,A,MYSE
151.909,8443,6/3/2015,5/28/2015,9:50:11,7,30,AH0,118,32.45,Day,F,L,A,MYSE
151.909,8443,6/3/2015,5/26/2015,9:50:13,7,26.7,AH0,255,25.0608479,Day,F,L,A,MYSE
151.909,8443,6/3/2015,5/28/2015,9:50:13,7,30,AH0,119,32.45,Day,F,L,A,MYSE
151.909,8443,6/3/2015,5/26/2015,9:50:15,7,26.7,AH0,255,25.0608479,Day,F,L,A,MYSE
151.909,8443,6/3/2015,5/28/2015,9:50:15,7,30,AH0,110,32.45,Day,F,L,A,MYSE
151.909,8443,6/3/2015,5/29/2015,9:50:15,7,29.5,AH0,243,31.5355875,Day,F,L,A,MYSE
151.909,8443,6/3/2015,5/30/2015,9:50:15,7,29.1,AH0,162,30.7541543,Day,F,L,A,MYSE
151.909,8443,6/3/2015,5/29/2015,9:50:17,7,29.5,AH0,245,31.5355875,Day,F,L,A,MYSE
151.909,8443,6/3/2015,5/30/2015,9:50:17,7,29.1,AH0,168,30.7541543,Day,F,L,A,MYSE
151.909,8443,6/3/2015,5/26/2015,9:50:18,7,26.7,AH0,253,25.0608479,Day,F,L,A,MYSE
151.909,8443,6/3/2015,5/29/2015,9:50:19,7,29.5,AH0,246,31.5355875,Day,F,L,A,MYSE
151.909,8443,6/3/2015,5/30/2015,9:50:19,7,29.1,AH0,165,30.7541543,Day,F,L,A,MYSE
151.909,8443,6/3/2015,5/30/2015,9:50:21,7,29.1,AH0,165,30.7541543,Day,F,L,A,MYSE
151.909,8443,6/3/2015,5/29/2015,9:50:22,7,29.5,AH0,246,31.5355875,Day,F,L,A,MYSE
151.909,8443,6/3/2015,5/28/2015,9:50:29,7,30,AH0,104,32.45,Day,F,L,A,MYSE
151.909,8443,6/3/2015,5/28/2015,9:50:31,7,30,AH0,99,32.45,Day,F,L,A,MYSE
151.909,8443,6/3/2015,5/26/2015,9:50:33,7,26.7,AH0,254,25.0608479,Day,F,L,A,MYSE
151.909,8443,6/3/2015,5/28/2015,9:50:33,7,29.9,AH0,100,32.2725567,Day,F,L,A,MYSE
151.909,8443,6/3/2015,5/28/2015,9:50:35,7,29.9,AH0,99,32.2725567,Day,F,L,A,MYSE
151.909,8443,6/3/2015,5/30/2015,9:50:35,7,29.1,AH0,163,30.7541543,Day,F,L,A,MYSE
151.909,8443,6/3/2015,5/26/2015,9:50:36,7,26.7,AH0,255,25.0608479,Day,F,L,A,MYSE
151.909,8443,6/3/2015,5/29/2015,9:50:36,7,29.5,AH0,244,31.5355875,Day,F,L,A,MYSE
151.909,8443,6/3/2015,5/30/2015,9:50:37,7,29.1,AH0,164,30.7541543,Day,F,L,A,MYSE
151.909,8443,6/3/2015,5/26/2015,9:50:38,7,26.7,AH0,254,25.0608479,Day,F,L,A,MYSE
151.909,8443,6/3/2015,5/29/2015,9:50:38,7,29.5,AH0,244,31.5355875,Day,F,L,A,MYSE
151.909,8443,6/3/2015,5/30/2015,9:50:39,7,29.1,AH0,164,30.7541543,Day,F,L,A,MYSE
151.909,8443,6/3/2015,5/29/2015,9:50:40,7,29.5,AH0,242,31.5355875,Day,F,L,A,MYSE
151.909,8443,6/3/2015,5/28/2015,9:50:49,7,29.9,AH0,94,32.2725567,Day,F,L,A,MYSE
151.909,8443,6/3/2015,5/28/2015,9:50:51,7,29.9,AH0,97,32.2725567,Day,F,L,A,MYSE
151.909,8443,6/3/2015,5/28/2015,9:50:53,7,29.9,AH0,99,32.2725567,Day,F,L,A,MYSE
151.909,8443,6/3/2015,5/26/2015,9:50:54,7,26.7,AH0,254,25.0608479,Day,F,L,A,MYSE
151.909,8443,6/3/2015,5/29/2015,9:50:54,7,29.5,AH0,244,31.5355875,Day,F,L,A,MYSE
151.909,8443,6/3/2015,5/30/2015,9:50:54,7,29.1,AH0,167,30.7541543,Day,F,L,A,MYSE
151.909,8443,6/3/2015,5/28/2015,9:50:55,7,29.9,AH0,94,32.2725567,Day,F,L,A,MYSE
151.909,8443,6/3/2015,5/26/2015,9:50:56,7,26.7,AH0,253,25.0608479,Day,F,L,A,MYSE
151.909,8443,6/3/2015,5/29/2015,9:50:56,7,29.5,AH0,243,31.5355875,Day,F,L,A,MYSE
151.909,8443,6/3/2015,5/30/2015,9:50:56,7,29.1,AH0,162,30.7541543,Day,F,L,A,MYSE
151.909,8443,6/3/2015,5/26/2015,9:50:58,7,26.7,AH0,255,25.0608479,Day,F,L,A,MYSE
151.909,8443,6/3/2015,5/29/2015,9:50:58,7,29.5,AH0,242,31.5355875,Day,F,L,A,MYSE
151.909,8443,6/3/2015,5/30/2015,9:50:58,7,29.1,AH0,163,30.7541543,Day,F,L,A,MYSE
151.909,8443,6/3/2015,5/29/2015,9:51:00,7,29.5,AH0,245,31.5355875,Day,F,L,A,MYSE
151.909,8443,6/3/2015,5/30/2015,9:51:00,7,29.1,AH0,168,30.7541543,Day,F,L,A,MYSE
151.909,8443,6/3/2015,5/28/2015,9:51:09,7,30,AH0,93,32.45,Day,F,L,A,MYSE
151.909,8443,6/3/2015,5/28/2015,9:51:11,7,29.9,AH0,90,32.2725567,Day,F,L,A,MYSE
151.909,8443,6/3/2015,5/28/2015,9:51:13,7,30,AH0,92,32.45,Day,F,L,A,MYSE
151.909,8443,6/3/2015,5/26/2015,9:51:14,7,26.8,AH0,255,25.3345056,Day,F,L,A,MYSE
151.909,8443,6/3/2015,5/29/2015,9:51:14,7,29.5,AH0,244,31.5355875,Day,F,L,A,MYSE
151.909,8443,6/3/2015,5/30/2015,9:51:14,7,29.1,AH0,163,30.7541543,Day,F,L,A,MYSE
151.909,8443,6/3/2015,5/28/2015,9:51:15,7,30,AH0,89,32.45,Day,F,L,A,MYSE
151.909,8443,6/3/2015,5/26/2015,9:51:16,7,26.8,AH0,254,25.3345056,Day,F,L,A,MYSE
151.909,8443,6/3/2015,5/29/2015,9:51:16,7,29.5,AH0,244,31.5355875,Day,F,L,A,MYSE
151.909,8443,6/3/2015,5/30/2015,9:51:16,7,29.1,AH0,164,30.7541543,Day,F,L,A,MYSE
151.909,8443,6/3/2015,5/26/2015,9:51:18,7,26.8,AH0,254,25.3345056,Day,F,L,A,MYSE
151.909,8443,6/3/2015,5/29/2015,9:51:18,7,29.5,AH0,245,31.5355875,Day,F,L,A,MYSE
151.909,8443,6/3/2015,5/30/2015,9:51:19,7,29.1,AH0,165,30.7541543,Day,F,L,A,MYSE
151.909,8443,6/3/2015,5/29/2015,9:51:20,7,29.5,AH0,243,31.5355875,Day,F,L,A,MYSE
151.909,8443,6/3/2015,5/30/2015,9:51:21,7,29.1,AH0,165,30.7541543,Day,F,L,A,MYSE
151.909,8443,6/3/2015,5/28/2015,9:51:29,7,30,AH0,95,32.45,Day,F,L,A,MYSE
151.909,8443,6/3/2015,5/28/2015,9:51:31,7,30.1,AH0,95,32.6247633,Day,F,L,A,MYSE
151.909,8443,6/3/2015,5/28/2015,9:51:33,7,30.1,AH0,92,32.6247633,Day,F,L,A,MYSE
151.909,8443,6/3/2015,5/26/2015,9:51:34,7,26.8,AH0,255,25.3345056,Day,F,L,A,MYSE
151.909,8443,6/3/2015,5/28/2015,9:51:35,7,30.1,AH0,94,32.6247633,Day,F,L,A,MYSE
151.909,8443,6/3/2015,5/29/2015,9:51:35,7,29.5,AH0,245,31.5355875,Day,F,L,A,MYSE
151.909,8443,6/3/2015,5/30/2015,9:51:35,7,29.1,AH0,166,30.7541543,Day,F,L,A,MYSE
151.909,8443,6/3/2015,5/26/2015,9:51:36,7,26.8,AH0,255,25.3345056,Day,F,L,A,MYSE
151.909,8443,6/3/2015,5/29/2015,9:51:37,7,29.5,AH0,245,31.5355875,Day,F,L,A,MYSE
151.909,8443,6/3/2015,5/30/2015,9:51:37,7,29.1,AH0,166,30.7541543,Day,F,L,A,MYSE
151.909,8443,6/3/2015,5/26/2015,9:51:38,7,26.8,AH0,255,25.3345056,Day,F,L,A,MYSE
151.909,8443,6/3/2015,5/29/2015,9:51:39,7,29.5,AH0,244,31.5355875,Day,F,L,A,MYSE
151.909,8443,6/3/2015,5/30/2015,9:51:39,7,29.1,AH0,165,30.7541543,Day,F,L,A,MYSE
151.909,8443,6/3/2015,5/29/2015,9:51:41,7,29.5,AH0,245,31.5355875,Day,F,L,A,MYSE
151.909,8443,6/3/2015,5/28/2015,9:51:49,7,30.2,AH0,89,32.7968664,Day,F,L,A,MYSE
151.909,8443,6/3/2015,5/28/2015,9:51:51,7,30.2,AH0,92,32.7968664,Day,F,L,A,MYSE
151.909,8443,6/3/2015,5/28/2015,9:51:53,7,30.2,AH0,96,32.7968664,Day,F,L,A,MYSE
151.909,8443,6/3/2015,5/26/2015,9:51:54,7,26.8,AH0,254,25.3345056,Day,F,L,A,MYSE
151.909,8443,6/3/2015,5/30/2015,9:51:54,7,29.2,AH0,167,30.9537504,Day,F,L,A,MYSE
151.909,8443,6/3/2015,5/28/2015,9:51:55,7,30.2,AH0,88,32.7968664,Day,F,L,A,MYSE
151.909,8443,6/3/2015,5/29/2015,9:51:55,7,29.5,AH0,244,31.5355875,Day,F,L,A,MYSE
151.909,8443,6/3/2015,5/26/2015,9:51:56,7,26.8,AH0,254,25.3345056,Day,F,L,A,MYSE
151.909,8443,6/3/2015,5/30/2015,9:51:56,7,29.2,AH0,166,30.9537504,Day,F,L,A,MYSE
151.909,8443,6/3/2015,5/29/2015,9:51:57,7,29.5,AH0,246,31.5355875,Day,F,L,A,MYSE
151.909,8443,6/3/2015,5/30/2015,9:51:58,7,29.2,AH0,165,30.9537504,Day,F,L,A,MYSE
151.909,8443,6/3/2015,5/26/2015,9:51:59,7,26.8,AH0,255,25.3345056,Day,F,L,A,MYSE
151.909,8443,6/3/2015,5/29/2015,9:51:59,7,29.5,AH0,244,31.5355875,Day,F,L,A,MYSE
151.909,8443,6/3/2015,5/30/2015,9:52:00,7,29.2,AH0,166,30.9537504,Day,F,L,A,MYSE
151.909,8443,6/3/2015,5/29/2015,9:52:01,7,29.5,AH0,244,31.5355875,Day,F,L,A,MYSE
151.909,8443,6/3/2015,5/28/2015,9:52:09,7,30.3,AH0,92,32.9663291,Day,F,L,A,MYSE
151.909,8443,6/3/2015,5/28/2015,9:52:11,7,30.3,AH0,93,32.9663291,Day,F,L,A,MYSE
151.909,8443,6/3/2015,5/28/2015,9:52:13,7,30.3,AH0,93,32.9663291,Day,F,L,A,MYSE
151.909,8443,6/3/2015,5/26/2015,9:52:14,7,26.8,AH0,254,25.3345056,Day,F,L,A,MYSE
151.909,8443,6/3/2015,5/30/2015,9:52:14,7,29.2,AH0,161,30.9537504,Day,F,L,A,MYSE
151.909,8443,6/3/2015,5/28/2015,9:52:15,7,30.3,AH0,89,32.9663291,Day,F,L,A,MYSE
151.909,8443,6/3/2015,5/29/2015,9:52:15,7,29.5,AH0,244,31.5355875,Day,F,L,A,MYSE
151.909,8443,6/3/2015,5/26/2015,9:52:16,7,26.8,AH0,255,25.3345056,Day,F,L,A,MYSE
151.909,8443,6/3/2015,5/30/2015,9:52:16,7,29.1,AH0,162,30.7541543,Day,F,L,A,MYSE
151.909,8443,6/3/2015,5/29/2015,9:52:17,7,29.5,AH0,247,31.5355875,Day,F,L,A,MYSE
151.909,8443,6/3/2015,5/30/2015,9:52:18,7,29.1,AH0,166,30.7541543,Day,F,L,A,MYSE
151.909,8443,6/3/2015,5/26/2015,9:52:19,7,26.8,AH0,255,25.3345056,Day,F,L,A,MYSE
151.909,8443,6/3/2015,5/29/2015,9:52:19,7,29.5,AH0,243,31.5355875,Day,F,L,A,MYSE
151.909,8443,6/3/2015,5/30/2015,9:52:20,7,29.1,AH0,160,30.7541543,Day,F,L,A,MYSE
151.909,8443,6/3/2015,5/29/2015,9:52:21,7,29.6,AH0,245,31.7239488,Day,F,L,A,MYSE
151.909,8443,6/3/2015,5/28/2015,9:52:29,7,30.3,AH0,88,32.9663291,Day,F,L,A,MYSE
151.909,8443,6/3/2015,5/28/2015,9:52:31,7,30.3,AH0,93,32.9663291,Day,F,L,A,MYSE
151.909,8443,6/3/2015,5/28/2015,9:52:33,7,30.4,AH0,92,33.1331712,Day,F,L,A,MYSE
151.909,8443,6/3/2015,5/26/2015,9:52:34,7,26.9,AH0,255,25.6048497,Day,F,L,A,MYSE
151.909,8443,6/3/2015,5/28/2015,9:52:35,7,30.4,AH0,91,33.1331712,Day,F,L,A,MYSE
151.909,8443,6/3/2015,5/30/2015,9:52:35,7,29.1,AH0,165,30.7541543,Day,F,L,A,MYSE
151.909,8443,6/3/2015,5/29/2015,9:52:36,7,29.6,AH0,247,31.7239488,Day,F,L,A,MYSE
151.909,8443,6/3/2015,5/26/2015,9:52:37,7,26.8,AH0,255,25.3345056,Day,F,L,A,MYSE
151.909,8443,6/3/2015,5/30/2015,9:52:37,7,29.1,AH0,164,30.7541543,Day,F,L,A,MYSE
151.909,8443,6/3/2015,5/29/2015,9:52:38,7,29.6,AH0,245,31.7239488,Day,F,L,A,MYSE
151.909,8443,6/3/2015,5/26/2015,9:52:39,7,26.8,AH0,255,25.3345056,Day,F,L,A,MYSE
151.909,8443,6/3/2015,5/30/2015,9:52:39,7,29.1,AH0,164,30.7541543,Day,F,L,A,MYSE
151.909,8443,6/3/2015,5/29/2015,9:52:40,7,29.6,AH0,245,31.7239488,Day,F,L,A,MYSE
151.909,8443,6/3/2015,5/30/2015,9:52:41,7,29.1,AH0,164,30.7541543,Day,F,L,A,MYSE
151.909,8443,6/3/2015,5/28/2015,9:52:49,7,30.4,AH0,89,33.1331712,Day,F,L,A,MYSE
151.909,8443,6/3/2015,5/28/2015,9:52:51,7,30.4,AH0,87,33.1331712,Day,F,L,A,MYSE
151.909,8443,6/3/2015,5/26/2015,9:52:52,7,26.8,AH0,255,25.3345056,Day,F,L,A,MYSE
151.909,8443,6/3/2015,5/28/2015,9:52:53,7,30.4,AH0,92,33.1331712,Day,F,L,A,MYSE
151.909,8443,6/3/2015,5/30/2015,9:52:53,7,29.1,AH0,162,30.7541543,Day,F,L,A,MYSE
151.909,8443,6/3/2015,5/26/2015,9:52:54,7,26.8,AH0,255,25.3345056,Day,F,L,A,MYSE
151.909,8443,6/3/2015,5/29/2015,9:52:54,7,29.6,AH0,246,31.7239488,Day,F,L,A,MYSE
151.909,8443,6/3/2015,5/28/2015,9:52:55,7,30.4,AH0,90,33.1331712,Day,F,L,A,MYSE
151.909,8443,6/3/2015,5/30/2015,9:52:55,7,29.1,AH0,167,30.7541543,Day,F,L,A,MYSE
151.909,8443,6/3/2015,5/29/2015,9:52:56,7,29.6,AH0,244,31.7239488,Day,F,L,A,MYSE
151.909,8443,6/3/2015,5/26/2015,9:52:57,7,26.8,AH0,255,25.3345056,Day,F,L,A,MYSE
151.909,8443,6/3/2015,5/30/2015,9:52:57,7,29.1,AH0,164,30.7541543,Day,F,L,A,MYSE
151.909,8443,6/3/2015,5/29/2015,9:52:58,7,29.6,AH0,244,31.7239488,Day,F,L,A,MYSE
151.909,8443,6/3/2015,5/26/2015,9:52:59,7,26.8,AH0,253,25.3345056,Day,F,L,A,MYSE
151.909,8443,6/3/2015,5/29/2015,9:53:00,7,29.6,AH0,244,31.7239488,Day,F,L,A,MYSE
151.909,8443,6/3/2015,5/30/2015,9:53:00,7,29.1,AH0,163,30.7541543,Day,F,L,A,MYSE
151.909,8443,6/3/2015,5/28/2015,9:53:08,7,30.6,AH0,87,33.4590728,Day,F,L,A,MYSE
151.909,8443,6/3/2015,5/28/2015,9:53:10,7,30.5,AH0,90,33.2974125,Day,F,L,A,MYSE
151.909,8443,6/3/2015,5/26/2015,9:53:12,7,26.9,AH0,255,25.6048497,Day,F,L,A,MYSE
151.909,8443,6/3/2015,5/28/2015,9:53:12,7,30.4,AH0,89,33.1331712,Day,F,L,A,MYSE
151.909,8443,6/3/2015,5/28/2015,9:53:14,7,30.5,AH0,89,33.2974125,Day,F,L,A,MYSE
151.909,8443,6/3/2015,5/29/2015,9:53:14,7,29.6,AH0,244,31.7239488,Day,F,L,A,MYSE
151.909,8443,6/3/2015,5/30/2015,9:53:14,7,29.1,AH0,164,30.7541543,Day,F,L,A,MYSE
151.909,8443,6/3/2015,5/26/2015,9:53:15,7,26.8,AH0,255,25.3345056,Day,F,L,A,MYSE
151.909,8443,6/3/2015,5/28/2015,9:53:16,7,30.5,AH0,88,33.2974125,Day,F,L,A,MYSE
151.909,8443,6/3/2015,5/29/2015,9:53:16,7,29.6,AH0,244,31.7239488,Day,F,L,A,MYSE
151.909,8443,6/3/2015,5/30/2015,9:53:16,7,29.1,AH0,166,30.7541543,Day,F,L,A,MYSE
151.909,8443,6/3/2015,5/26/2015,9:53:17,7,26.8,AH0,254,25.3345056,Day,F,L,A,MYSE
151.909,8443,6/3/2015,5/29/2015,9:53:18,7,29.6,AH0,243,31.7239488,Day,F,L,A,MYSE
151.909,8443,6/3/2015,5/30/2015,9:53:18,7,29.1,AH0,161,30.7541543,Day,F,L,A,MYSE
151.909,8443,6/3/2015,5/26/2015,9:53:19,7,26.9,AH0,255,25.6048497,Day,F,L,A,MYSE
151.909,8443,6/3/2015,5/29/2015,9:53:20,7,29.6,AH0,246,31.7239488,Day,F,L,A,MYSE
151.909,8443,6/3/2015,5/30/2015,9:53:20,7,29.1,AH0,164,30.7541543,Day,F,L,A,MYSE
151.909,8443,6/3/2015,5/28/2015,9:53:30,7,30.5,AH0,88,33.2974125,Day,F,L,A,MYSE
151.909,8443,6/3/2015,5/26/2015,9:53:32,7,26.9,AH0,255,25.6048497,Day,F,L,A,MYSE
151.909,8443,6/3/2015,5/28/2015,9:53:32,7,30.5,AH0,90,33.2974125,Day,F,L,A,MYSE
151.909,8443,6/3/2015,5/28/2015,9:53:34,7,30.5,AH0,88,33.2974125,Day,F,L,A,MYSE
151.909,8443,6/3/2015,5/29/2015,9:53:34,7,29.6,AH0,243,31.7239488,Day,F,L,A,MYSE
151.909,8443,6/3/2015,5/26/2015,9:53:35,7,26.9,AH0,255,25.6048497,Day,F,L,A,MYSE
151.909,8443,6/3/2015,5/30/2015,9:53:35,7,29,AH0,165,30.5517,Day,F,L,A,MYSE
151.909,8443,6/3/2015,5/28/2015,9:53:36,7,30.5,AH0,86,33.2974125,Day,F,L,A,MYSE
151.909,8443,6/3/2015,5/26/2015,9:53:37,7,26.9,AH0,255,25.6048497,Day,F,L,A,MYSE
151.909,8443,6/3/2015,5/29/2015,9:53:37,7,29.6,AH0,243,31.7239488,Day,F,L,A,MYSE
151.909,8443,6/3/2015,5/30/2015,9:53:37,7,29,AH0,165,30.5517,Day,F,L,A,MYSE
151.909,8443,6/3/2015,5/26/2015,9:53:39,7,26.9,AH0,255,25.6048497,Day,F,L,A,MYSE
151.909,8443,6/3/2015,5/29/2015,9:53:39,7,29.6,AH0,244,31.7239488,Day,F,L,A,MYSE
151.909,8443,6/3/2015,5/30/2015,9:53:39,7,29,AH0,164,30.5517,Day,F,L,A,MYSE
151.909,8443,6/3/2015,5/29/2015,9:53:41,7,29.6,AH0,241,31.7239488,Day,F,L,A,MYSE
151.909,8443,6/3/2015,5/30/2015,9:53:41,7,29,AH0,164,30.5517,Day,F,L,A,MYSE
151.909,8443,6/3/2015,5/28/2015,9:53:50,7,30.5,AH0,89,33.2974125,Day,F,L,A,MYSE
151.909,8443,6/3/2015,5/28/2015,9:53:52,7,30.5,AH0,92,33.2974125,Day,F,L,A,MYSE
151.909,8443,6/3/2015,5/26/2015,9:53:53,7,26.9,AH0,255,25.6048497,Day,F,L,A,MYSE
151.909,8443,6/3/2015,5/30/2015,9:53:53,7,29.2,AH0,161,30.9537504,Day,F,L,A,MYSE
151.909,8443,6/3/2015,5/28/2015,9:53:54,7,30.6,AH0,91,33.4590728,Day,F,L,A,MYSE
151.909,8443,6/3/2015,5/26/2015,9:53:55,7,26.9,AH0,255,25.6048497,Day,F,L,A,MYSE
151.909,8443,6/3/2015,5/29/2015,9:53:55,7,29.6,AH0,245,31.7239488,Day,F,L,A,MYSE
151.909,8443,6/3/2015,5/30/2015,9:53:55,7,29,AH0,162,30.5517,Day,F,L,A,MYSE
151.909,8443,6/3/2015,5/28/2015,9:53:56,7,30.6,AH0,92,33.4590728,Day,F,L,A,MYSE
151.909,8443,6/3/2015,5/26/2015,9:53:57,7,26.9,AH0,255,25.6048497,Day,F,L,A,MYSE
151.909,8443,6/3/2015,5/29/2015,9:53:57,7,29.6,AH0,244,31.7239488,Day,F,L,A,MYSE
151.909,8443,6/3/2015,5/30/2015,9:53:57,7,29,AH0,157,30.5517,Day,F,L,A,MYSE
151.909,8443,6/3/2015,5/26/2015,9:53:59,7,26.9,AH0,255,25.6048497,Day,F,L,A,MYSE
151.909,8443,6/3/2015,5/29/2015,9:53:59,7,29.6,AH0,242,31.7239488,Day,F,L,A,MYSE
151.909,8443,6/3/2015,5/30/2015,9:53:59,7,29.1,AH0,162,30.7541543,Day,F,L,A,MYSE
151.909,8443,6/3/2015,5/29/2015,9:54:01,7,29.6,AH0,243,31.7239488,Day,F,L,A,MYSE
151.909,8443,6/3/2015,5/28/2015,9:54:09,7,30.5,AH0,95,33.2974125,Day,F,L,A,MYSE
151.909,8443,6/3/2015,5/28/2015,9:54:11,7,30.5,AH0,97,33.2974125,Day,F,L,A,MYSE
151.909,8443,6/3/2015,5/26/2015,9:54:13,7,27,AH0,255,25.8719,Day,F,L,A,MYSE
151.909,8443,6/3/2015,5/28/2015,9:54:13,7,30.5,AH0,95,33.2974125,Day,F,L,A,MYSE
151.909,8443,6/3/2015,5/30/2015,9:54:14,7,29.1,AH0,159,30.7541543,Day,F,L,A,MYSE
151.909,8443,6/3/2015,5/26/2015,9:54:15,7,27,AH0,255,25.8719,Day,F,L,A,MYSE
151.909,8443,6/3/2015,5/28/2015,9:54:15,7,30.5,AH0,98,33.2974125,Day,F,L,A,MYSE
151.909,8443,6/3/2015,5/29/2015,9:54:15,7,29.6,AH0,244,31.7239488,Day,F,L,A,MYSE
151.909,8443,6/3/2015,5/30/2015,9:54:16,7,29.1,AH0,158,30.7541543,Day,F,L,A,MYSE
151.909,8443,6/3/2015,5/26/2015,9:54:17,7,27,AH0,255,25.8719,Day,F,L,A,MYSE
151.909,8443,6/3/2015,5/29/2015,9:54:17,7,29.6,AH0,246,31.7239488,Day,F,L,A,MYSE
151.909,8443,6/3/2015,5/30/2015,9:54:18,7,29.1,AH0,157,30.7541543,Day,F,L,A,MYSE
151.909,8443,6/3/2015,5/26/2015,9:54:19,7,27,AH0,255,25.8719,Day,F,L,A,MYSE
151.909,8443,6/3/2015,5/29/2015,9:54:19,7,29.6,AH0,245,31.7239488,Day,F,L,A,MYSE
151.909,8443,6/3/2015,5/30/2015,9:54:20,7,29.1,AH0,159,30.7541543,Day,F,L,A,MYSE
151.909,8443,6/3/2015,5/29/2015,9:54:21,7,29.6,AH0,242,31.7239488,Day,F,L,A,MYSE
151.909,8443,6/3/2015,5/28/2015,9:54:29,7,30.5,AH0,96,33.2974125,Day,F,L,A,MYSE
151.909,8443,6/3/2015,5/28/2015,9:54:31,7,30.5,AH0,94,33.2974125,Day,F,L,A,MYSE
151.909,8443,6/3/2015,5/26/2015,9:54:33,7,27,AH0,255,25.8719,Day,F,L,A,MYSE
151.909,8443,6/3/2015,5/28/2015,9:54:33,7,30.5,AH0,90,33.2974125,Day,F,L,A,MYSE
151.909,8443,6/3/2015,5/26/2015,9:54:35,7,27,AH0,255,25.8719,Day,F,L,A,MYSE
151.909,8443,6/3/2015,5/28/2015,9:54:35,7,30.5,AH0,96,33.2974125,Day,F,L,A,MYSE
151.909,8443,6/3/2015,5/29/2015,9:54:35,7,29.6,AH0,246,31.7239488,Day,F,L,A,MYSE
151.909,8443,6/3/2015,5/30/2015,9:54:35,7,29.1,AH0,163,30.7541543,Day,F,L,A,MYSE
151.909,8443,6/3/2015,5/26/2015,9:54:37,7,27,AH0,255,25.8719,Day,F,L,A,MYSE
151.909,8443,6/3/2015,5/29/2015,9:54:37,7,29.6,AH0,242,31.7239488,Day,F,L,A,MYSE
151.909,8443,6/3/2015,5/30/2015,9:54:37,7,29.1,AH0,161,30.7541543,Day,F,L,A,MYSE
151.909,8443,6/3/2015,5/26/2015,9:54:39,7,27,AH0,255,25.8719,Day,F,L,A,MYSE
151.909,8443,6/3/2015,5/29/2015,9:54:39,7,29.6,AH0,244,31.7239488,Day,F,L,A,MYSE
151.909,8443,6/3/2015,5/30/2015,9:54:39,7,29.1,AH0,160,30.7541543,Day,F,L,A,MYSE
151.909,8443,6/3/2015,5/29/2015,9:54:41,7,29.6,AH0,243,31.7239488,Day,F,L,A,MYSE
151.909,8443,6/3/2015,5/30/2015,9:54:41,7,29.1,AH0,163,30.7541543,Day,F,L,A,MYSE
151.909,8443,6/3/2015,5/28/2015,9:54:49,7,30.6,AH0,96,33.4590728,Day,F,L,A,MYSE
151.909,8443,6/3/2015,5/28/2015,9:54:51,7,30.6,AH0,93,33.4590728,Day,F,L,A,MYSE
151.909,8443,6/3/2015,5/26/2015,9:54:53,7,27,AH0,255,25.8719,Day,F,L,A,MYSE
151.909,8443,6/3/2015,5/28/2015,9:54:53,7,30.6,AH0,91,33.4590728,Day,F,L,A,MYSE
151.909,8443,6/3/2015,5/26/2015,9:54:55,7,27,AH0,255,25.8719,Day,F,L,A,MYSE
151.909,8443,6/3/2015,5/28/2015,9:54:55,7,30.6,AH0,94,33.4590728,Day,F,L,A,MYSE
151.909,8443,6/3/2015,5/30/2015,9:54:55,7,29.2,AH0,159,30.9537504,Day,F,L,A,MYSE
151.909,8443,6/3/2015,5/29/2015,9:54:56,7,29.6,AH0,241,31.7239488,Day,F,L,A,MYSE
151.909,8443,6/3/2015,5/26/2015,9:54:57,7,27,AH0,255,25.8719,Day,F,L,A,MYSE
151.909,8443,6/3/2015,5/30/2015,9:54:57,7,29.2,AH0,164,30.9537504,Day,F,L,A,MYSE
151.909,8443,6/3/2015,5/29/2015,9:54:58,7,29.6,AH0,245,31.7239488,Day,F,L,A,MYSE
151.909,8443,6/3/2015,5/26/2015,9:54:59,7,27,AH0,255,25.8719,Day,F,L,A,MYSE
151.909,8443,6/3/2015,5/30/2015,9:54:59,7,29.2,AH0,164,30.9537504,Day,F,L,A,MYSE
151.909,8443,6/3/2015,5/29/2015,9:55:00,7,29.6,AH0,245,31.7239488,Day,F,L,A,MYSE
151.909,8443,6/3/2015,5/29/2015,9:55:02,7,29.6,AH0,242,31.7239488,Day,F,L,A,MYSE
151.909,8443,6/3/2015,5/28/2015,9:55:10,7,30.7,AH0,94,33.6181719,Day,F,L,A,MYSE
151.909,8443,6/3/2015,5/28/2015,9:55:12,7,30.8,AH0,97,33.7747296,Day,F,L,A,MYSE
151.909,8443,6/3/2015,5/26/2015,9:55:13,7,27,AH0,255,25.8719,Day,F,L,A,MYSE
151.909,8443,6/3/2015,5/28/2015,9:55:14,7,30.8,AH0,91,33.7747296,Day,F,L,A,MYSE
151.909,8443,6/3/2015,5/30/2015,9:55:14,7,29.2,AH0,164,30.9537504,Day,F,L,A,MYSE
151.909,8443,6/3/2015,5/26/2015,9:55:15,7,27.1,AH0,255,26.1356763,Day,F,L,A,MYSE
151.909,8443,6/3/2015,5/28/2015,9:55:16,7,30.8,AH0,94,33.7747296,Day,F,L,A,MYSE
151.909,8443,6/3/2015,5/29/2015,9:55:16,7,29.6,AH0,243,31.7239488,Day,F,L,A,MYSE
151.909,8443,6/3/2015,5/30/2015,9:55:16,7,29.2,AH0,162,30.9537504,Day,F,L,A,MYSE
151.909,8443,6/3/2015,5/26/2015,9:55:17,7,27,AH0,255,25.8719,Day,F,L,A,MYSE
151.909,8443,6/3/2015,5/29/2015,9:55:18,7,29.6,AH0,244,31.7239488,Day,F,L,A,MYSE
151.909,8443,6/3/2015,5/30/2015,9:55:18,7,29.2,AH0,162,30.9537504,Day,F,L,A,MYSE
151.909,8443,6/3/2015,5/26/2015,9:55:19,7,27.1,AH0,255,26.1356763,Day,F,L,A,MYSE
151.909,8443,6/3/2015,5/29/2015,9:55:20,7,29.6,AH0,244,31.7239488,Day,F,L,A,MYSE
151.909,8443,6/3/2015,5/30/2015,9:55:20,7,29.2,AH0,169,30.9537504,Day,F,L,A,MYSE
151.909,8443,6/3/2015,5/28/2015,9:55:30,7,30.6,AH0,104,33.4590728,Day,F,L,A,MYSE
151.909,8443,6/3/2015,5/28/2015,9:55:32,7,30.6,AH0,104,33.4590728,Day,F,L,A,MYSE
151.909,8443,6/3/2015,5/26/2015,9:55:33,7,27,AH0,255,25.8719,Day,F,L,A,MYSE
151.909,8443,6/3/2015,5/28/2015,9:55:34,7,30.6,AH0,104,33.4590728,Day,F,L,A,MYSE
151.909,8443,6/3/2015,5/29/2015,9:55:34,7,29.6,AH0,245,31.7239488,Day,F,L,A,MYSE
151.909,8443,6/3/2015,5/30/2015,9:55:34,7,29.3,AH0,162,31.1505081,Day,F,L,A,MYSE
151.909,8443,6/3/2015,5/26/2015,9:55:35,7,27,AH0,255,25.8719,Day,F,L,A,MYSE
151.909,8443,6/3/2015,5/28/2015,9:55:36,7,30.5,AH0,108,33.2974125,Day,F,L,A,MYSE
151.909,8443,6/3/2015,5/29/2015,9:55:36,7,29.6,AH0,243,31.7239488,Day,F,L,A,MYSE
151.909,8443,6/3/2015,5/30/2015,9:55:36,7,29.3,AH0,163,31.1505081,Day,F,L,A,MYSE
151.909,8443,6/3/2015,5/26/2015,9:55:37,7,27.1,AH0,255,26.1356763,Day,F,L,A,MYSE
151.909,8443,6/3/2015,5/29/2015,9:55:38,7,29.6,AH0,245,31.7239488,Day,F,L,A,MYSE
151.909,8443,6/3/2015,5/30/2015,9:55:38,7,29.3,AH0,161,31.1505081,Day,F,L,A,MYSE
151.909,8443,6/3/2015,5/26/2015,9:55:39,7,27,AH0,255,25.8719,Day,F,L,A,MYSE
151.909,8443,6/3/2015,5/29/2015,9:55:40,7,29.6,AH0,243,31.7239488,Day,F,L,A,MYSE
151.909,8443,6/3/2015,5/30/2015,9:55:40,7,29.3,AH0,158,31.1505081,Day,F,L,A,MYSE
151.909,8443,6/3/2015,5/28/2015,9:55:49,7,30.4,AH0,106,33.1331712,Day,F,L,A,MYSE
151.909,8443,6/3/2015,5/28/2015,9:55:51,7,30.4,AH0,103,33.1331712,Day,F,L,A,MYSE
151.909,8443,6/3/2015,5/26/2015,9:55:53,7,27,AH0,255,25.8719,Day,F,L,A,MYSE
151.909,8443,6/3/2015,5/28/2015,9:55:53,7,30.4,AH0,103,33.1331712,Day,F,L,A,MYSE
151.909,8443,6/3/2015,5/29/2015,9:55:54,7,29.6,AH0,244,31.7239488,Day,F,L,A,MYSE
151.909,8443,6/3/2015,5/26/2015,9:55:55,7,27,AH0,255,25.8719,Day,F,L,A,MYSE
151.909,8443,6/3/2015,5/28/2015,9:55:55,7,30.4,AH0,102,33.1331712,Day,F,L,A,MYSE
151.909,8443,6/3/2015,5/30/2015,9:55:55,7,29.4,AH0,161,31.3444472,Day,F,L,A,MYSE
151.909,8443,6/3/2015,5/29/2015,9:55:56,7,29.7,AH0,245,31.9095509,Day,F,L,A,MYSE
151.909,8443,6/3/2015,5/26/2015,9:55:57,7,27,AH0,255,25.8719,Day,F,L,A,MYSE
151.909,8443,6/3/2015,5/30/2015,9:55:57,7,29.4,AH0,164,31.3444472,Day,F,L,A,MYSE
151.909,8443,6/3/2015,5/29/2015,9:55:58,7,29.6,AH0,244,31.7239488,Day,F,L,A,MYSE
151.909,8443,6/3/2015,5/26/2015,9:55:59,7,27,AH0,255,25.8719,Day,F,L,A,MYSE
151.909,8443,6/3/2015,5/30/2015,9:55:59,7,29.4,AH0,161,31.3444472,Day,F,L,A,MYSE
151.909,8443,6/3/2015,5/29/2015,9:56:00,7,29.6,AH0,244,31.7239488,Day,F,L,A,MYSE
151.909,8443,6/3/2015,5/30/2015,9:56:01,7,29.4,AH0,164,31.3444472,Day,F,L,A,MYSE
151.909,8443,6/3/2015,5/28/2015,9:56:09,7,30.4,AH0,99,33.1331712,Day,F,L,A,MYSE
151.909,8443,6/3/2015,5/28/2015,9:56:11,7,30.4,AH0,101,33.1331712,Day,F,L,A,MYSE
151.909,8443,6/3/2015,5/26/2015,9:56:13,7,27,AH0,255,25.8719,Day,F,L,A,MYSE
151.909,8443,6/3/2015,5/28/2015,9:56:13,7,30.4,AH0,104,33.1331712,Day,F,L,A,MYSE
151.909,8443,6/3/2015,5/29/2015,9:56:14,7,29.6,AH0,244,31.7239488,Day,F,L,A,MYSE
151.909,8443,6/3/2015,5/26/2015,9:56:15,7,27,AH0,255,25.8719,Day,F,L,A,MYSE
151.909,8443,6/3/2015,5/28/2015,9:56:15,7,30.4,AH0,100,33.1331712,Day,F,L,A,MYSE
151.909,8443,6/3/2015,5/30/2015,9:56:15,7,29.5,AH0,157,31.5355875,Day,F,L,A,MYSE
151.909,8443,6/3/2015,5/29/2015,9:56:16,7,29.7,AH0,245,31.9095509,Day,F,L,A,MYSE
151.909,8443,6/3/2015,5/26/2015,9:56:17,7,27,AH0,255,25.8719,Day,F,L,A,MYSE
151.909,8443,6/3/2015,5/30/2015,9:56:17,7,29.5,AH0,161,31.5355875,Day,F,L,A,MYSE
151.909,8443,6/3/2015,5/26/2015,9:56:19,7,27,AH0,255,25.8719,Day,F,L,A,MYSE
151.909,8443,6/3/2015,5/29/2015,9:56:19,7,29.6,AH0,243,31.7239488,Day,F,L,A,MYSE
151.909,8443,6/3/2015,5/30/2015,9:56:19,7,29.5,AH0,161,31.5355875,Day,F,L,A,MYSE
151.909,8443,6/3/2015,5/29/2015,9:56:21,7,29.7,AH0,245,31.9095509,Day,F,L,A,MYSE
151.909,8443,6/3/2015,5/30/2015,9:56:21,7,29.5,AH0,162,31.5355875,Day,F,L,A,MYSE
151.909,8443,6/3/2015,5/28/2015,9:56:29,7,30.4,AH0,105,33.1331712,Day,F,L,A,MYSE
151.909,8443,6/3/2015,5/28/2015,9:56:31,7,30.4,AH0,105,33.1331712,Day,F,L,A,MYSE
151.909,8443,6/3/2015,5/26/2015,9:56:33,7,27,AH0,255,25.8719,Day,F,L,A,MYSE
151.909,8443,6/3/2015,5/28/2015,9:56:33,7,30.4,AH0,108,33.1331712,Day,F,L,A,MYSE
151.909,8443,6/3/2015,5/30/2015,9:56:33,7,29.5,AH0,165,31.5355875,Day,F,L,A,MYSE
151.909,8443,6/3/2015,5/26/2015,9:56:35,7,27,AH0,255,25.8719,Day,F,L,A,MYSE
151.909,8443,6/3/2015,5/28/2015,9:56:35,7,30.4,AH0,100,33.1331712,Day,F,L,A,MYSE
151.909,8443,6/3/2015,5/29/2015,9:56:35,7,29.7,AH0,244,31.9095509,Day,F,L,A,MYSE
151.909,8443,6/3/2015,5/30/2015,9:56:35,7,29.5,AH0,165,31.5355875,Day,F,L,A,MYSE
151.909,8443,6/3/2015,5/26/2015,9:56:37,7,27,AH0,255,25.8719,Day,F,L,A,MYSE
151.909,8443,6/3/2015,5/29/2015,9:56:37,7,29.7,AH0,246,31.9095509,Day,F,L,A,MYSE
151.909,8443,6/3/2015,5/30/2015,9:56:37,7,29.5,AH0,165,31.5355875,Day,F,L,A,MYSE
151.909,8443,6/3/2015,5/26/2015,9:56:39,7,27,AH0,255,25.8719,Day,F,L,A,MYSE
151.909,8443,6/3/2015,5/29/2015,9:56:39,7,29.7,AH0,242,31.9095509,Day,F,L,A,MYSE
151.909,8443,6/3/2015,5/30/2015,9:56:39,7,29.5,AH0,163,31.5355875,Day,F,L,A,MYSE
151.909,8443,6/3/2015,5/29/2015,9:56:41,7,29.7,AH0,244,31.9095509,Day,F,L,A,MYSE
151.909,8443,6/3/2015,5/28/2015,9:56:49,7,30.3,AH0,97,32.9663291,Day,F,L,A,MYSE
151.909,8443,6/3/2015,5/28/2015,9:56:51,7,30.3,AH0,104,32.9663291,Day,F,L,A,MYSE
151.909,8443,6/3/2015,5/26/2015,9:56:53,7,27,AH0,255,25.8719,Day,F,L,A,MYSE
151.909,8443,6/3/2015,5/28/2015,9:56:53,7,30.3,AH0,98,32.9663291,Day,F,L,A,MYSE
151.909,8443,6/3/2015,5/30/2015,9:56:54,7,29.5,AH0,160,31.5355875,Day,F,L,A,MYSE
151.909,8443,6/3/2015,5/26/2015,9:56:55,7,27,AH0,255,25.8719,Day,F,L,A,MYSE
151.909,8443,6/3/2015,5/28/2015,9:56:55,7,30.3,AH0,101,32.9663291,Day,F,L,A,MYSE
151.909,8443,6/3/2015,5/29/2015,9:56:55,7,29.7,AH0,243,31.9095509,Day,F,L,A,MYSE
151.909,8443,6/3/2015,5/30/2015,9:56:56,7,29.5,AH0,160,31.5355875,Day,F,L,A,MYSE
151.909,8443,6/3/2015,5/26/2015,9:56:57,7,27,AH0,255,25.8719,Day,F,L,A,MYSE
151.909,8443,6/3/2015,5/29/2015,9:56:57,7,29.6,AH0,243,31.7239488,Day,F,L,A,MYSE
151.909,8443,6/3/2015,5/30/2015,9:56:58,7,29.5,AH0,157,31.5355875,Day,F,L,A,MYSE
151.909,8443,6/3/2015,5/26/2015,9:56:59,7,27,AH0,255,25.8719,Day,F,L,A,MYSE
151.909,8443,6/3/2015,5/29/2015,9:56:59,7,29.7,AH0,244,31.9095509,Day,F,L,A,MYSE
151.909,8443,6/3/2015,5/30/2015,9:57:00,7,29.5,AH0,160,31.5355875,Day,F,L,A,MYSE
151.909,8443,6/3/2015,5/29/2015,9:57:01,7,29.7,AH0,246,31.9095509,Day,F,L,A,MYSE
151.909,8443,6/3/2015,5/28/2015,9:57:08,7,30.3,AH0,103,32.9663291,Day,F,L,A,MYSE
151.909,8443,6/3/2015,5/28/2015,9:57:10,7,30.3,AH0,97,32.9663291,Day,F,L,A,MYSE
151.909,8443,6/3/2015,5/28/2015,9:57:12,7,30.3,AH0,99,32.9663291,Day,F,L,A,MYSE
151.909,8443,6/3/2015,5/26/2015,9:57:13,7,27,AH0,255,25.8719,Day,F,L,A,MYSE
151.909,8443,6/3/2015,5/28/2015,9:57:14,7,30.3,AH0,98,32.9663291,Day,F,L,A,MYSE
151.909,8443,6/3/2015,5/30/2015,9:57:14,7,29.6,AH0,161,31.7239488,Day,F,L,A,MYSE
151.909,8443,6/3/2015,5/26/2015,9:57:15,7,26.9,AH0,255,25.6048497,Day,F,L,A,MYSE
151.909,8443,6/3/2015,5/29/2015,9:57:15,7,29.7,AH0,245,31.9095509,Day,F,L,A,MYSE
151.909,8443,6/3/2015,5/30/2015,9:57:16,7,29.6,AH0,161,31.7239488,Day,F,L,A,MYSE
151.909,8443,6/3/2015,5/26/2015,9:57:17,7,26.9,AH0,255,25.6048497,Day,F,L,A,MYSE
151.909,8443,6/3/2015,5/29/2015,9:57:17,7,29.7,AH0,245,31.9095509,Day,F,L,A,MYSE
151.909,8443,6/3/2015,5/30/2015,9:57:18,7,29.6,AH0,163,31.7239488,Day,F,L,A,MYSE
151.909,8443,6/3/2015,5/26/2015,9:57:19,7,26.9,AH0,255,25.6048497,Day,F,L,A,MYSE
151.909,8443,6/3/2015,5/29/2015,9:57:19,7,29.7,AH0,243,31.9095509,Day,F,L,A,MYSE
151.909,8443,6/3/2015,5/30/2015,9:57:20,7,29.6,AH0,160,31.7239488,Day,F,L,A,MYSE
151.909,8443,6/3/2015,5/29/2015,9:57:21,7,29.7,AH0,244,31.9095509,Day,F,L,A,MYSE
151.909,8443,6/3/2015,5/28/2015,9:57:30,7,30.3,AH0,102,32.9663291,Day,F,L,A,MYSE
151.909,8443,6/3/2015,5/28/2015,9:57:32,7,30.3,AH0,99,32.9663291,Day,F,L,A,MYSE
151.909,8443,6/3/2015,5/26/2015,9:57:33,7,26.9,AH0,255,25.6048497,Day,F,L,A,MYSE
151.909,8443,6/3/2015,5/28/2015,9:57:34,7,30.3,AH0,99,32.9663291,Day,F,L,A,MYSE
151.909,8443,6/3/2015,5/30/2015,9:57:34,7,29.6,AH0,165,31.7239488,Day,F,L,A,MYSE
151.909,8443,6/3/2015,5/26/2015,9:57:35,7,26.9,AH0,255,25.6048497,Day,F,L,A,MYSE
151.909,8443,6/3/2015,5/29/2015,9:57:35,7,29.7,AH0,243,31.9095509,Day,F,L,A,MYSE
151.909,8443,6/3/2015,5/28/2015,9:57:36,7,30.3,AH0,99,32.9663291,Day,F,L,A,MYSE
151.909,8443,6/3/2015,5/30/2015,9:57:36,7,29.6,AH0,161,31.7239488,Day,F,L,A,MYSE
151.909,8443,6/3/2015,5/26/2015,9:57:37,7,26.9,AH0,255,25.6048497,Day,F,L,A,MYSE
151.909,8443,6/3/2015,5/29/2015,9:57:37,7,29.7,AH0,244,31.9095509,Day,F,L,A,MYSE
151.909,8443,6/3/2015,5/30/2015,9:57:38,7,29.6,AH0,162,31.7239488,Day,F,L,A,MYSE
151.909,8443,6/3/2015,5/26/2015,9:57:39,7,26.9,AH0,255,25.6048497,Day,F,L,A,MYSE
151.909,8443,6/3/2015,5/29/2015,9:57:39,7,29.6,AH0,244,31.7239488,Day,F,L,A,MYSE
151.909,8443,6/3/2015,5/30/2015,9:57:40,7,29.6,AH0,165,31.7239488,Day,F,L,A,MYSE
151.909,8443,6/3/2015,5/29/2015,9:57:41,7,29.6,AH0,245,31.7239488,Day,F,L,A,MYSE
151.909,8443,6/3/2015,5/28/2015,9:57:50,7,30.3,AH0,93,32.9663291,Day,F,L,A,MYSE
151.909,8443,6/3/2015,5/28/2015,9:57:52,7,30.3,AH0,93,32.9663291,Day,F,L,A,MYSE
151.909,8443,6/3/2015,5/26/2015,9:57:53,7,26.9,AH0,255,25.6048497,Day,F,L,A,MYSE
151.909,8443,6/3/2015,5/28/2015,9:57:54,7,30.3,AH0,93,32.9663291,Day,F,L,A,MYSE
151.909,8443,6/3/2015,5/26/2015,9:57:55,7,26.9,AH0,255,25.6048497,Day,F,L,A,MYSE
151.909,8443,6/3/2015,5/30/2015,9:57:55,7,29.6,AH0,161,31.7239488,Day,F,L,A,MYSE
151.909,8443,6/3/2015,5/28/2015,9:57:56,7,30.3,AH0,95,32.9663291,Day,F,L,A,MYSE
151.909,8443,6/3/2015,5/29/2015,9:57:56,7,29.6,AH0,245,31.7239488,Day,F,L,A,MYSE
151.909,8443,6/3/2015,5/26/2015,9:57:57,7,26.9,AH0,255,25.6048497,Day,F,L,A,MYSE
151.909,8443,6/3/2015,5/30/2015,9:57:57,7,29.6,AH0,163,31.7239488,Day,F,L,A,MYSE
151.909,8443,6/3/2015,5/29/2015,9:57:58,7,29.7,AH0,244,31.9095509,Day,F,L,A,MYSE
151.909,8443,6/3/2015,5/26/2015,9:57:59,7,26.9,AH0,255,25.6048497,Day,F,L,A,MYSE
151.909,8443,6/3/2015,5/30/2015,9:57:59,7,29.6,AH0,164,31.7239488,Day,F,L,A,MYSE
151.909,8443,6/3/2015,5/29/2015,9:58:00,7,29.6,AH0,245,31.7239488,Day,F,L,A,MYSE
151.909,8443,6/3/2015,5/30/2015,9:58:01,7,29.6,AH0,164,31.7239488,Day,F,L,A,MYSE
151.909,8443,6/3/2015,5/28/2015,9:58:10,7,30.3,AH0,96,32.9663291,Day,F,L,A,MYSE
151.909,8443,6/3/2015,5/28/2015,9:58:12,7,30.3,AH0,93,32.9663291,Day,F,L,A,MYSE
151.909,8443,6/3/2015,5/26/2015,9:58:13,7,26.9,AH0,255,25.6048497,Day,F,L,A,MYSE
151.909,8443,6/3/2015,5/28/2015,9:58:14,7,30.3,AH0,85,32.9663291,Day,F,L,A,MYSE
151.909,8443,6/3/2015,5/29/2015,9:58:14,7,29.6,AH0,242,31.7239488,Day,F,L,A,MYSE
151.909,8443,6/3/2015,5/26/2015,9:58:15,7,26.9,AH0,255,25.6048497,Day,F,L,A,MYSE
151.909,8443,6/3/2015,5/30/2015,9:58:15,7,29.6,AH0,163,31.7239488,Day,F,L,A,MYSE
151.909,8443,6/3/2015,5/28/2015,9:58:16,7,30.4,AH0,92,33.1331712,Day,F,L,A,MYSE
151.909,8443,6/3/2015,5/29/2015,9:58:16,7,29.6,AH0,242,31.7239488,Day,F,L,A,MYSE
151.909,8443,6/3/2015,5/26/2015,9:58:17,7,26.9,AH0,255,25.6048497,Day,F,L,A,MYSE
151.909,8443,6/3/2015,5/30/2015,9:58:17,7,29.6,AH0,159,31.7239488,Day,F,L,A,MYSE
151.909,8443,6/3/2015,5/29/2015,9:58:18,7,29.7,AH0,245,31.9095509,Day,F,L,A,MYSE
151.909,8443,6/3/2015,5/30/2015,9:58:19,7,29.6,AH0,162,31.7239488,Day,F,L,A,MYSE
151.909,8443,6/3/2015,5/26/2015,9:58:20,7,26.9,AH0,255,25.6048497,Day,F,L,A,MYSE
151.909,8443,6/3/2015,5/29/2015,9:58:20,7,29.6,AH0,244,31.7239488,Day,F,L,A,MYSE
151.909,8443,6/3/2015,5/30/2015,9:58:21,7,29.6,AH0,162,31.7239488,Day,F,L,A,MYSE
151.909,8443,6/3/2015,5/28/2015,9:58:30,7,30.2,AH0,105,32.7968664,Day,F,L,A,MYSE
151.909,8443,6/3/2015,5/28/2015,9:58:32,7,30.2,AH0,100,32.7968664,Day,F,L,A,MYSE
151.909,8443,6/3/2015,5/26/2015,9:58:33,7,26.9,AH0,255,25.6048497,Day,F,L,A,MYSE
151.909,8443,6/3/2015,5/28/2015,9:58:34,7,30.1,AH0,102,32.6247633,Day,F,L,A,MYSE
151.909,8443,6/3/2015,5/29/2015,9:58:34,7,29.6,AH0,243,31.7239488,Day,F,L,A,MYSE
151.909,8443,6/3/2015,5/26/2015,9:58:35,7,26.9,AH0,255,25.6048497,Day,F,L,A,MYSE
151.909,8443,6/3/2015,5/30/2015,9:58:35,7,29.7,AH0,163,31.9095509,Day,F,L,A,MYSE
151.909,8443,6/3/2015,5/28/2015,9:58:36,7,30.1,AH0,104,32.6247633,Day,F,L,A,MYSE
151.909,8443,6/3/2015,5/29/2015,9:58:36,7,29.6,AH0,245,31.7239488,Day,F,L,A,MYSE
151.909,8443,6/3/2015,5/26/2015,9:58:37,7,26.9,AH0,255,25.6048497,Day,F,L,A,MYSE
151.909,8443,6/3/2015,5/30/2015,9:58:37,7,29.7,AH0,161,31.9095509,Day,F,L,A,MYSE
151.909,8443,6/3/2015,5/29/2015,9:58:38,7,29.6,AH0,243,31.7239488,Day,F,L,A,MYSE
151.909,8443,6/3/2015,5/30/2015,9:58:39,7,29.7,AH0,162,31.9095509,Day,F,L,A,MYSE
151.909,8443,6/3/2015,5/26/2015,9:58:40,7,26.9,AH0,255,25.6048497,Day,F,L,A,MYSE
151.909,8443,6/3/2015,5/29/2015,9:58:40,7,29.6,AH0,243,31.7239488,Day,F,L,A,MYSE
151.909,8443,6/3/2015,5/28/2015,9:58:50,7,30.2,AH0,89,32.7968664,Day,F,L,A,MYSE
151.909,8443,6/3/2015,5/28/2015,9:58:52,7,30.2,AH0,100,32.7968664,Day,F,L,A,MYSE
151.909,8443,6/3/2015,5/26/2015,9:58:53,7,26.9,AH0,255,25.6048497,Day,F,L,A,MYSE
151.909,8443,6/3/2015,5/30/2015,9:58:53,7,29.7,AH0,163,31.9095509,Day,F,L,A,MYSE
151.909,8443,6/3/2015,5/28/2015,9:58:54,7,30.2,AH0,97,32.7968664,Day,F,L,A,MYSE
151.909,8443,6/3/2015,5/29/2015,9:58:54,7,29.6,AH0,244,31.7239488,Day,F,L,A,MYSE
151.909,8443,6/3/2015,5/26/2015,9:58:55,7,26.9,AH0,255,25.6048497,Day,F,L,A,MYSE
151.909,8443,6/3/2015,5/28/2015,9:58:55,7,30.2,AH0,94,32.7968664,Day,F,L,A,MYSE
151.909,8443,6/3/2015,5/30/2015,9:58:55,7,29.7,AH0,161,31.9095509,Day,F,L,A,MYSE
151.909,8443,6/3/2015,5/29/2015,9:58:56,7,29.6,AH0,242,31.7239488,Day,F,L,A,MYSE
151.909,8443,6/3/2015,5/26/2015,9:58:57,7,26.9,AH0,255,25.6048497,Day,F,L,A,MYSE
151.909,8443,6/3/2015,5/30/2015,9:58:57,7,29.7,AH0,165,31.9095509,Day,F,L,A,MYSE
151.909,8443,6/3/2015,5/29/2015,9:58:58,7,29.6,AH0,243,31.7239488,Day,F,L,A,MYSE
151.909,8443,6/3/2015,5/30/2015,9:58:59,7,29.7,AH0,161,31.9095509,Day,F,L,A,MYSE
151.909,8443,6/3/2015,5/26/2015,9:59:00,7,26.9,AH0,255,25.6048497,Day,F,L,A,MYSE
151.909,8443,6/3/2015,5/29/2015,9:59:00,7,29.6,AH0,240,31.7239488,Day,F,L,A,MYSE
151.909,8443,6/3/2015,5/28/2015,9:59:09,7,30.2,AH0,89,32.7968664,Day,F,L,A,MYSE
151.909,8443,6/3/2015,5/28/2015,9:59:11,7,30.2,AH0,94,32.7968664,Day,F,L,A,MYSE
151.909,8443,6/3/2015,5/26/2015,9:59:13,7,26.9,AH0,255,25.6048497,Day,F,L,A,MYSE
151.909,8443,6/3/2015,5/28/2015,9:59:13,7,30.3,AH0,89,32.9663291,Day,F,L,A,MYSE
151.909,8443,6/3/2015,5/30/2015,9:59:13,7,29.7,AH0,161,31.9095509,Day,F,L,A,MYSE
151.909,8443,6/3/2015,5/26/2015,9:59:15,7,26.9,AH0,255,25.6048497,Day,F,L,A,MYSE
151.909,8443,6/3/2015,5/28/2015,9:59:15,7,30.2,AH0,92,32.7968664,Day,F,L,A,MYSE
151.909,8443,6/3/2015,5/29/2015,9:59:15,7,29.6,AH0,244,31.7239488,Day,F,L,A,MYSE
151.909,8443,6/3/2015,5/30/2015,9:59:15,7,29.7,AH0,162,31.9095509,Day,F,L,A,MYSE
151.909,8443,6/3/2015,5/26/2015,9:59:17,7,26.9,AH0,255,25.6048497,Day,F,L,A,MYSE
151.909,8443,6/3/2015,5/29/2015,9:59:17,7,29.6,AH0,242,31.7239488,Day,F,L,A,MYSE
151.909,8443,6/3/2015,5/30/2015,9:59:18,7,29.7,AH0,160,31.9095509,Day,F,L,A,MYSE
151.909,8443,6/3/2015,5/29/2015,9:59:19,7,29.6,AH0,241,31.7239488,Day,F,L,A,MYSE
151.909,8443,6/3/2015,5/26/2015,9:59:20,7,26.9,AH0,255,25.6048497,Day,F,L,A,MYSE
151.909,8443,6/3/2015,5/30/2015,9:59:20,7,29.7,AH0,160,31.9095509,Day,F,L,A,MYSE
151.909,8443,6/3/2015,5/29/2015,9:59:21,7,29.6,AH0,241,31.7239488,Day,F,L,A,MYSE
151.909,8443,6/3/2015,5/28/2015,9:59:29,7,30.2,AH0,94,32.7968664,Day,F,L,A,MYSE
151.909,8443,6/3/2015,5/28/2015,9:59:31,7,30.2,AH0,94,32.7968664,Day,F,L,A,MYSE
151.909,8443,6/3/2015,5/26/2015,9:59:33,7,26.9,AH0,255,25.6048497,Day,F,L,A,MYSE
151.909,8443,6/3/2015,5/28/2015,9:59:33,7,30.3,AH0,92,32.9663291,Day,F,L,A,MYSE
151.909,8443,6/3/2015,5/30/2015,9:59:34,7,29.6,AH0,160,31.7239488,Day,F,L,A,MYSE
151.909,8443,6/3/2015,5/26/2015,9:59:35,7,26.9,AH0,255,25.6048497,Day,F,L,A,MYSE
151.909,8443,6/3/2015,5/28/2015,9:59:35,7,30.2,AH0,83,32.7968664,Day,F,L,A,MYSE
151.909,8443,6/3/2015,5/29/2015,9:59:35,7,29.6,AH0,244,31.7239488,Day,F,L,A,MYSE
151.909,8443,6/3/2015,5/30/2015,9:59:36,7,29.6,AH0,163,31.7239488,Day,F,L,A,MYSE
151.909,8443,6/3/2015,5/29/2015,9:59:37,7,29.6,AH0,241,31.7239488,Day,F,L,A,MYSE
151.909,8443,6/3/2015,5/26/2015,9:59:38,7,26.9,AH0,255,25.6048497,Day,F,L,A,MYSE
151.909,8443,6/3/2015,5/30/2015,9:59:38,7,29.6,AH0,156,31.7239488,Day,F,L,A,MYSE
151.909,8443,6/3/2015,5/29/2015,9:59:39,7,29.6,AH0,244,31.7239488,Day,F,L,A,MYSE
151.909,8443,6/3/2015,5/30/2015,9:59:40,7,29.6,AH0,161,31.7239488,Day,F,L,A,MYSE
151.909,8443,6/3/2015,5/29/2015,9:59:41,7,29.6,AH0,243,31.7239488,Day,F,L,A,MYSE
151.909,8443,6/3/2015,5/28/2015,9:59:49,7,30.1,AH0,107,32.6247633,Day,F,L,A,MYSE
151.909,8443,6/3/2015,5/28/2015,9:59:51,7,30,AH0,104,32.45,Day,F,L,A,MYSE
151.909,8443,6/3/2015,5/26/2015,9:59:53,7,26.9,AH0,255,25.6048497,Day,F,L,A,MYSE
151.909,8443,6/3/2015,5/28/2015,9:59:53,7,30,AH0,105,32.45,Day,F,L,A,MYSE
151.909,8443,6/3/2015,5/30/2015,9:59:54,7,29.7,AH0,166,31.9095509,Day,F,L,A,MYSE
151.909,8443,6/3/2015,5/26/2015,9:59:55,7,26.9,AH0,255,25.6048497,Day,F,L,A,MYSE
151.909,8443,6/3/2015,5/28/2015,9:59:55,7,30,AH0,101,32.45,Day,F,L,A,MYSE
151.909,8443,6/3/2015,5/29/2015,9:59:55,7,29.6,AH0,242,31.7239488,Day,F,L,A,MYSE
151.909,8443,6/3/2015,5/30/2015,9:59:56,7,29.6,AH0,163,31.7239488,Day,F,L,A,MYSE
151.909,8443,6/3/2015,5/29/2015,9:59:57,7,29.6,AH0,243,31.7239488,Day,F,L,A,MYSE
151.909,8443,6/3/2015,5/26/2015,9:59:58,7,26.9,AH0,255,25.6048497,Day,F,L,A,MYSE
151.909,8443,6/3/2015,5/30/2015,9:59:58,7,29.6,AH0,165,31.7239488,Day,F,L,A,MYSE
151.909,8443,6/3/2015,5/29/2015,9:59:59,7,29.6,AH0,243,31.7239488,Day,F,L,A,MYSE
151.909,8443,6/3/2015,5/30/2015,10:00:00,7,29.6,AH0,168,31.7239488,Day,F,L,A,MYSE
151.909,8443,6/3/2015,5/29/2015,10:00:01,7,29.6,AH0,245,31.7239488,Day,F,L,A,MYSE
151.909,8443,6/3/2015,5/28/2015,10:00:09,7,29.7,AH0,103,31.9095509,Day,F,L,A,MYSE
151.909,8443,6/3/2015,5/28/2015,10:00:11,7,29.7,AH0,103,31.9095509,Day,F,L,A,MYSE
151.909,8443,6/3/2015,5/26/2015,10:00:13,7,26.9,AH0,255,25.6048497,Day,F,L,A,MYSE
151.909,8443,6/3/2015,5/28/2015,10:00:13,7,29.7,AH0,107,31.9095509,Day,F,L,A,MYSE
151.909,8443,6/3/2015,5/30/2015,10:00:14,7,29.7,AH0,166,31.9095509,Day,F,L,A,MYSE
151.909,8443,6/3/2015,5/26/2015,10:00:15,7,26.9,AH0,255,25.6048497,Day,F,L,A,MYSE
151.909,8443,6/3/2015,5/28/2015,10:00:15,7,29.7,AH0,102,31.9095509,Day,F,L,A,MYSE
151.909,8443,6/3/2015,5/29/2015,10:00:15,7,29.6,AH0,245,31.7239488,Day,F,L,A,MYSE
151.909,8443,6/3/2015,5/30/2015,10:00:16,7,29.6,AH0,164,31.7239488,Day,F,L,A,MYSE
151.909,8443,6/3/2015,5/29/2015,10:00:17,7,29.6,AH0,245,31.7239488,Day,F,L,A,MYSE
151.909,8443,6/3/2015,5/26/2015,10:00:18,7,26.9,AH0,255,25.6048497,Day,F,L,A,MYSE
151.909,8443,6/3/2015,5/30/2015,10:00:18,7,29.6,AH0,162,31.7239488,Day,F,L,A,MYSE
151.909,8443,6/3/2015,5/29/2015,10:00:19,7,29.6,AH0,244,31.7239488,Day,F,L,A,MYSE
151.909,8443,6/3/2015,5/30/2015,10:00:20,7,29.6,AH0,165,31.7239488,Day,F,L,A,MYSE
151.909,8443,6/3/2015,5/29/2015,10:00:21,7,29.6,AH0,242,31.7239488,Day,F,L,A,MYSE
151.909,8443,6/3/2015,5/28/2015,10:00:29,7,29.5,AH0,100,31.5355875,Day,F,L,A,MYSE
151.909,8443,6/3/2015,5/28/2015,10:00:31,7,29.5,AH0,103,31.5355875,Day,F,L,A,MYSE
151.909,8443,6/3/2015,5/26/2015,10:00:33,7,26.9,AH0,228,25.6048497,Day,F,L,A,MYSE
151.909,8443,6/3/2015,5/28/2015,10:00:34,7,29.5,AH0,98,31.5355875,Day,F,L,A,MYSE
151.909,8443,6/3/2015,5/30/2015,10:00:34,7,29.6,AH0,163,31.7239488,Day,F,L,A,MYSE
151.909,8443,6/3/2015,5/26/2015,10:00:36,7,27,AH0,250,25.8719,Day,F,L,A,MYSE
151.909,8443,6/3/2015,5/28/2015,10:00:36,7,29.5,AH0,111,31.5355875,Day,F,L,A,MYSE
151.909,8443,6/3/2015,5/29/2015,10:00:36,7,29.6,AH0,244,31.7239488,Day,F,L,A,MYSE
151.909,8443,6/3/2015,5/30/2015,10:00:36,7,29.6,AH0,162,31.7239488,Day,F,L,A,MYSE
151.909,8443,6/3/2015,5/26/2015,10:00:38,7,27,AH0,253,25.8719,Day,F,L,A,MYSE
151.909,8443,6/3/2015,5/29/2015,10:00:38,7,29.6,AH0,241,31.7239488,Day,F,L,A,MYSE
151.909,8443,6/3/2015,5/30/2015,10:00:38,7,29.6,AH0,164,31.7239488,Day,F,L,A,MYSE
151.909,8443,6/3/2015,5/29/2015,10:00:40,7,29.6,AH0,244,31.7239488,Day,F,L,A,MYSE
151.909,8443,6/3/2015,5/30/2015,10:00:41,7,29.6,AH0,158,31.7239488,Day,F,L,A,MYSE
151.909,8443,6/3/2015,5/28/2015,10:00:50,7,29.5,AH0,108,31.5355875,Day,F,L,A,MYSE
151.909,8443,6/3/2015,5/28/2015,10:00:52,7,29.5,AH0,104,31.5355875,Day,F,L,A,MYSE
151.909,8443,6/3/2015,5/26/2015,10:00:53,7,27.6,AH0,255,27.4061408,Day,F,L,A,MYSE
151.909,8443,6/3/2015,5/28/2015,10:00:54,7,29.6,AH0,100,31.7239488,Day,F,L,A,MYSE
151.909,8443,6/3/2015,5/29/2015,10:00:54,7,29.6,AH0,243,31.7239488,Day,F,L,A,MYSE
151.909,8443,6/3/2015,5/26/2015,10:00:55,7,27.6,AH0,255,27.4061408,Day,F,L,A,MYSE
151.909,8443,6/3/2015,5/30/2015,10:00:55,7,29.6,AH0,157,31.7239488,Day,F,L,A,MYSE
151.909,8443,6/3/2015,5/28/2015,10:00:56,7,29.7,AH0,101,31.9095509,Day,F,L,A,MYSE
151.909,8443,6/3/2015,5/29/2015,10:00:56,7,29.6,AH0,242,31.7239488,Day,F,L,A,MYSE
151.909,8443,6/3/2015,5/26/2015,10:00:57,7,27.7,AH0,255,27.6506889,Day,F,L,A,MYSE
151.909,8443,6/3/2015,5/30/2015,10:00:57,7,29.6,AH0,163,31.7239488,Day,F,L,A,MYSE
151.909,8443,6/3/2015,5/29/2015,10:00:58,7,29.6,AH0,243,31.7239488,Day,F,L,A,MYSE
151.909,8443,6/3/2015,5/30/2015,10:00:59,7,29.6,AH0,164,31.7239488,Day,F,L,A,MYSE
151.909,8443,6/3/2015,5/26/2015,10:01:00,7,27.7,AH0,255,27.6506889,Day,F,L,A,MYSE
151.909,8443,6/3/2015,5/29/2015,10:01:00,7,29.6,AH0,241,31.7239488,Day,F,L,A,MYSE
151.909,8443,6/3/2015,5/30/2015,10:01:01,7,29.6,AH0,166,31.7239488,Day,F,L,A,MYSE
151.909,8443,6/3/2015,5/28/2015,10:01:10,7,29.9,AH0,98,32.2725567,Day,F,L,A,MYSE
151.909,8443,6/3/2015,5/28/2015,10:01:12,7,30,AH0,92,32.45,Day,F,L,A,MYSE
151.909,8443,6/3/2015,5/26/2015,10:01:13,7,28,AH0,255,28.3656,Day,F,L,A,MYSE
151.909,8443,6/3/2015,5/28/2015,10:01:14,7,30,AH0,93,32.45,Day,F,L,A,MYSE
151.909,8443,6/3/2015,5/29/2015,10:01:14,7,29.6,AH0,244,31.7239488,Day,F,L,A,MYSE
151.909,8443,6/3/2015,5/26/2015,10:01:15,7,28,AH0,255,28.3656,Day,F,L,A,MYSE
151.909,8443,6/3/2015,5/30/2015,10:01:15,7,29.6,AH0,166,31.7239488,Day,F,L,A,MYSE
151.909,8443,6/3/2015,5/28/2015,10:01:16,7,30.1,AH0,93,32.6247633,Day,F,L,A,MYSE
151.909,8443,6/3/2015,5/29/2015,10:01:16,7,29.6,AH0,241,31.7239488,Day,F,L,A,MYSE
151.909,8443,6/3/2015,5/26/2015,10:01:17,7,28.1,AH0,255,28.5977253,Day,F,L,A,MYSE
151.909,8443,6/3/2015,5/30/2015,10:01:17,7,29.6,AH0,165,31.7239488,Day,F,L,A,MYSE
151.909,8443,6/3/2015,5/29/2015,10:01:18,7,29.6,AH0,243,31.7239488,Day,F,L,A,MYSE
151.909,8443,6/3/2015,5/26/2015,10:01:19,7,28.1,AH0,255,28.5977253,Day,F,L,A,MYSE
151.909,8443,6/3/2015,5/30/2015,10:01:19,7,29.6,AH0,166,31.7239488,Day,F,L,A,MYSE
151.909,8443,6/3/2015,5/29/2015,10:01:20,7,29.6,AH0,242,31.7239488,Day,F,L,A,MYSE
151.909,8443,6/3/2015,5/30/2015,10:01:21,7,29.6,AH0,163,31.7239488,Day,F,L,A,MYSE
151.909,8443,6/3/2015,5/28/2015,10:01:30,7,30.2,AH0,81,32.7968664,Day,F,L,A,MYSE
151.909,8443,6/3/2015,5/28/2015,10:01:32,7,30.3,AH0,80,32.9663291,Day,F,L,A,MYSE
151.909,8443,6/3/2015,5/30/2015,10:01:33,7,29.6,AH0,162,31.7239488,Day,F,L,A,MYSE
151.909,8443,6/3/2015,5/26/2015,10:01:34,7,28.1,AH0,255,28.5977253,Day,F,L,A,MYSE
151.909,8443,6/3/2015,5/28/2015,10:01:34,7,30.2,AH0,84,32.7968664,Day,F,L,A,MYSE
151.909,8443,6/3/2015,5/29/2015,10:01:34,7,29.6,AH0,242,31.7239488,Day,F,L,A,MYSE
151.909,8443,6/3/2015,5/30/2015,10:01:35,7,29.6,AH0,163,31.7239488,Day,F,L,A,MYSE
151.909,8443,6/3/2015,5/26/2015,10:01:36,7,28.1,AH0,255,28.5977253,Day,F,L,A,MYSE
151.909,8443,6/3/2015,5/28/2015,10:01:36,7,30.3,AH0,82,32.9663291,Day,F,L,A,MYSE
151.909,8443,6/3/2015,5/29/2015,10:01:36,7,29.6,AH0,242,31.7239488,Day,F,L,A,MYSE
151.909,8443,6/3/2015,5/30/2015,10:01:37,7,29.6,AH0,161,31.7239488,Day,F,L,A,MYSE
151.909,8443,6/3/2015,5/26/2015,10:01:38,7,28.2,AH0,255,28.8267944,Day,F,L,A,MYSE
151.909,8443,6/3/2015,5/29/2015,10:01:38,7,29.6,AH0,243,31.7239488,Day,F,L,A,MYSE
151.909,8443,6/3/2015,5/30/2015,10:01:39,7,29.6,AH0,163,31.7239488,Day,F,L,A,MYSE
151.909,8443,6/3/2015,5/29/2015,10:01:40,7,29.6,AH0,240,31.7239488,Day,F,L,A,MYSE
151.909,8443,6/3/2015,5/28/2015,10:01:50,7,30.3,AH0,83,32.9663291,Day,F,L,A,MYSE
151.909,8443,6/3/2015,5/28/2015,10:01:52,7,30.3,AH0,82,32.9663291,Day,F,L,A,MYSE
151.909,8443,6/3/2015,5/26/2015,10:01:53,7,28.3,AH0,255,29.0528271,Day,F,L,A,MYSE
151.909,8443,6/3/2015,5/30/2015,10:01:53,7,29.7,AH0,160,31.9095509,Day,F,L,A,MYSE
151.909,8443,6/3/2015,5/28/2015,10:01:54,7,30.3,AH0,84,32.9663291,Day,F,L,A,MYSE
151.909,8443,6/3/2015,5/26/2015,10:01:55,7,28.3,AH0,255,29.0528271,Day,F,L,A,MYSE
151.909,8443,6/3/2015,5/29/2015,10:01:55,7,29.6,AH0,240,31.7239488,Day,F,L,A,MYSE
151.909,8443,6/3/2015,5/30/2015,10:01:55,7,29.7,AH0,164,31.9095509,Day,F,L,A,MYSE
151.909,8443,6/3/2015,5/28/2015,10:01:56,7,30.2,AH0,91,32.7968664,Day,F,L,A,MYSE
151.909,8443,6/3/2015,5/26/2015,10:01:57,7,28.3,AH0,255,29.0528271,Day,F,L,A,MYSE
151.909,8443,6/3/2015,5/29/2015,10:01:57,7,29.6,AH0,242,31.7239488,Day,F,L,A,MYSE
151.909,8443,6/3/2015,5/30/2015,10:01:57,7,29.7,AH0,161,31.9095509,Day,F,L,A,MYSE
151.909,8443,6/3/2015,5/26/2015,10:01:59,7,28.3,AH0,255,29.0528271,Day,F,L,A,MYSE
151.909,8443,6/3/2015,5/29/2015,10:01:59,7,29.6,AH0,243,31.7239488,Day,F,L,A,MYSE
151.909,8443,6/3/2015,5/30/2015,10:01:59,7,29.7,AH0,164,31.9095509,Day,F,L,A,MYSE
151.909,8443,6/3/2015,5/29/2015,10:02:01,7,29.6,AH0,245,31.7239488,Day,F,L,A,MYSE
151.909,8443,6/3/2015,5/28/2015,10:02:10,7,30.2,AH0,82,32.7968664,Day,F,L,A,MYSE
151.909,8443,6/3/2015,5/26/2015,10:02:12,7,28.4,AH0,255,29.2758432,Day,F,L,A,MYSE
151.909,8443,6/3/2015,5/28/2015,10:02:12,7,30.2,AH0,88,32.7968664,Day,F,L,A,MYSE
151.909,8443,6/3/2015,5/30/2015,10:02:13,7,29.8,AH0,164,32.0924136,Day,F,L,A,MYSE
151.909,8443,6/3/2015,5/26/2015,10:02:14,7,28.4,AH0,255,29.2758432,Day,F,L,A,MYSE
151.909,8443,6/3/2015,5/28/2015,10:02:14,7,30.2,AH0,81,32.7968664,Day,F,L,A,MYSE
151.909,8443,6/3/2015,5/29/2015,10:02:15,7,29.6,AH0,244,31.7239488,Day,F,L,A,MYSE
151.909,8443,6/3/2015,5/30/2015,10:02:15,7,29.8,AH0,163,32.0924136,Day,F,L,A,MYSE
151.909,8443,6/3/2015,5/26/2015,10:02:16,7,28.4,AH0,255,29.2758432,Day,F,L,A,MYSE
151.909,8443,6/3/2015,5/28/2015,10:02:16,7,30.2,AH0,87,32.7968664,Day,F,L,A,MYSE
151.909,8443,6/3/2015,5/29/2015,10:02:17,7,29.6,AH0,241,31.7239488,Day,F,L,A,MYSE
151.909,8443,6/3/2015,5/30/2015,10:02:17,7,29.8,AH0,164,32.0924136,Day,F,L,A,MYSE
151.909,8443,6/3/2015,5/26/2015,10:02:18,7,28.4,AH0,255,29.2758432,Day,F,L,A,MYSE
151.909,8443,6/3/2015,5/29/2015,10:02:19,7,29.6,AH0,242,31.7239488,Day,F,L,A,MYSE
151.909,8443,6/3/2015,5/30/2015,10:02:19,7,29.8,AH0,164,32.0924136,Day,F,L,A,MYSE
151.909,8443,6/3/2015,5/29/2015,10:02:21,7,29.6,AH0,241,31.7239488,Day,F,L,A,MYSE
151.909,8443,6/3/2015,5/28/2015,10:02:29,7,30.2,AH0,82,32.7968664,Day,F,L,A,MYSE
151.909,8443,6/3/2015,5/28/2015,10:02:31,7,30.2,AH0,81,32.7968664,Day,F,L,A,MYSE
151.909,8443,6/3/2015,5/26/2015,10:02:33,7,28.5,AH0,255,29.4958625,Day,F,L,A,MYSE
151.909,8443,6/3/2015,5/28/2015,10:02:33,7,30.2,AH0,80,32.7968664,Day,F,L,A,MYSE
151.909,8443,6/3/2015,5/30/2015,10:02:33,7,29.8,AH0,163,32.0924136,Day,F,L,A,MYSE
151.909,8443,6/3/2015,5/26/2015,10:02:35,7,28.5,AH0,255,29.4958625,Day,F,L,A,MYSE
151.909,8443,6/3/2015,5/28/2015,10:02:35,7,30.2,AH0,77,32.7968664,Day,F,L,A,MYSE
151.909,8443,6/3/2015,5/29/2015,10:02:35,7,29.6,AH0,242,31.7239488,Day,F,L,A,MYSE
151.909,8443,6/3/2015,5/30/2015,10:02:35,7,29.8,AH0,165,32.0924136,Day,F,L,A,MYSE
151.909,8443,6/3/2015,5/26/2015,10:02:37,7,28.5,AH0,255,29.4958625,Day,F,L,A,MYSE
151.909,8443,6/3/2015,5/29/2015,10:02:37,7,29.6,AH0,241,31.7239488,Day,F,L,A,MYSE
151.909,8443,6/3/2015,5/30/2015,10:02:37,7,29.8,AH0,163,32.0924136,Day,F,L,A,MYSE
151.909,8443,6/3/2015,5/29/2015,10:02:39,7,29.6,AH0,245,31.7239488,Day,F,L,A,MYSE
151.909,8443,6/3/2015,5/30/2015,10:02:39,7,29.8,AH0,164,32.0924136,Day,F,L,A,MYSE
151.909,8443,6/3/2015,5/26/2015,10:02:40,7,28.5,AH0,255,29.4958625,Day,F,L,A,MYSE
151.909,8443,6/3/2015,5/29/2015,10:02:41,7,29.6,AH0,241,31.7239488,Day,F,L,A,MYSE
151.909,8443,6/3/2015,5/28/2015,10:02:49,7,30.1,AH0,84,32.6247633,Day,F,L,A,MYSE
151.909,8443,6/3/2015,5/28/2015,10:02:51,7,30.1,AH0,82,32.6247633,Day,F,L,A,MYSE
151.909,8443,6/3/2015,5/26/2015,10:02:52,7,28.6,AH0,255,29.7129048,Day,F,L,A,MYSE
151.909,8443,6/3/2015,5/28/2015,10:02:53,7,30.1,AH0,80,32.6247633,Day,F,L,A,MYSE
151.909,8443,6/3/2015,5/30/2015,10:02:53,7,29.8,AH0,161,32.0924136,Day,F,L,A,MYSE
151.909,8443,6/3/2015,5/26/2015,10:02:54,7,28.6,AH0,255,29.7129048,Day,F,L,A,MYSE
151.909,8443,6/3/2015,5/28/2015,10:02:55,7,30.1,AH0,82,32.6247633,Day,F,L,A,MYSE
151.909,8443,6/3/2015,5/29/2015,10:02:55,7,29.6,AH0,243,31.7239488,Day,F,L,A,MYSE
151.909,8443,6/3/2015,5/30/2015,10:02:55,7,29.8,AH0,167,32.0924136,Day,F,L,A,MYSE
151.909,8443,6/3/2015,5/26/2015,10:02:56,7,28.6,AH0,255,29.7129048,Day,F,L,A,MYSE
151.909,8443,6/3/2015,5/29/2015,10:02:57,7,29.6,AH0,241,31.7239488,Day,F,L,A,MYSE
151.909,8443,6/3/2015,5/30/2015,10:02:57,7,29.8,AH0,164,32.0924136,Day,F,L,A,MYSE
151.909,8443,6/3/2015,5/26/2015,10:02:58,7,28.6,AH0,255,29.7129048,Day,F,L,A,MYSE
151.909,8443,6/3/2015,5/30/2015,10:02:59,7,29.8,AH0,165,32.0924136,Day,F,L,A,MYSE
151.909,8443,6/3/2015,5/29/2015,10:03:00,7,29.6,AH0,241,31.7239488,Day,F,L,A,MYSE
151.909,8443,6/3/2015,5/29/2015,10:03:02,7,29.6,AH0,242,31.7239488,Day,F,L,A,MYSE
151.909,8443,6/3/2015,5/28/2015,10:03:09,7,30.1,AH0,85,32.6247633,Day,F,L,A,MYSE
151.909,8443,6/3/2015,5/28/2015,10:03:11,7,30.1,AH0,78,32.6247633,Day,F,L,A,MYSE
151.909,8443,6/3/2015,5/26/2015,10:03:13,7,28.7,AH0,255,29.9269899,Day,F,L,A,MYSE
151.909,8443,6/3/2015,5/28/2015,10:03:13,7,30.1,AH0,78,32.6247633,Day,F,L,A,MYSE
151.909,8443,6/3/2015,5/30/2015,10:03:13,7,29.9,AH0,164,32.2725567,Day,F,L,A,MYSE
151.909,8443,6/3/2015,5/29/2015,10:03:14,7,29.6,AH0,244,31.7239488,Day,F,L,A,MYSE
151.909,8443,6/3/2015,5/26/2015,10:03:15,7,28.7,AH0,255,29.9269899,Day,F,L,A,MYSE
151.909,8443,6/3/2015,5/28/2015,10:03:15,7,30.1,AH0,81,32.6247633,Day,F,L,A,MYSE
151.909,8443,6/3/2015,5/30/2015,10:03:15,7,29.9,AH0,165,32.2725567,Day,F,L,A,MYSE
151.909,8443,6/3/2015,5/29/2015,10:03:16,7,29.6,AH0,242,31.7239488,Day,F,L,A,MYSE
151.909,8443,6/3/2015,5/26/2015,10:03:17,7,28.7,AH0,255,29.9269899,Day,F,L,A,MYSE
151.909,8443,6/3/2015,5/30/2015,10:03:17,7,29.9,AH0,162,32.2725567,Day,F,L,A,MYSE
151.909,8443,6/3/2015,5/29/2015,10:03:18,7,29.6,AH0,243,31.7239488,Day,F,L,A,MYSE
151.909,8443,6/3/2015,5/26/2015,10:03:19,7,28.7,AH0,255,29.9269899,Day,F,L,A,MYSE
151.909,8443,6/3/2015,5/30/2015,10:03:19,7,29.9,AH0,165,32.2725567,Day,F,L,A,MYSE
151.909,8443,6/3/2015,5/29/2015,10:03:20,7,29.6,AH0,244,31.7239488,Day,F,L,A,MYSE
151.909,8443,6/3/2015,5/28/2015,10:03:29,7,30.1,AH0,81,32.6247633,Day,F,L,A,MYSE
151.909,8443,6/3/2015,5/28/2015,10:03:31,7,30.1,AH0,78,32.6247633,Day,F,L,A,MYSE
151.909,8443,6/3/2015,5/26/2015,10:03:32,7,28.7,AH0,255,29.9269899,Day,F,L,A,MYSE
151.909,8443,6/3/2015,5/28/2015,10:03:33,7,30.1,AH0,83,32.6247633,Day,F,L,A,MYSE
151.909,8443,6/3/2015,5/30/2015,10:03:33,7,29.9,AH0,163,32.2725567,Day,F,L,A,MYSE
151.909,8443,6/3/2015,5/26/2015,10:03:34,7,28.8,AH0,255,30.1381376,Day,F,L,A,MYSE
151.909,8443,6/3/2015,5/29/2015,10:03:34,7,29.6,AH0,243,31.7239488,Day,F,L,A,MYSE
151.909,8443,6/3/2015,5/28/2015,10:03:35,7,30.1,AH0,81,32.6247633,Day,F,L,A,MYSE
151.909,8443,6/3/2015,5/30/2015,10:03:35,7,29.9,AH0,162,32.2725567,Day,F,L,A,MYSE
151.909,8443,6/3/2015,5/26/2015,10:03:36,7,28.8,AH0,255,30.1381376,Day,F,L,A,MYSE
151.909,8443,6/3/2015,5/29/2015,10:03:36,7,29.6,AH0,244,31.7239488,Day,F,L,A,MYSE
151.909,8443,6/3/2015,5/30/2015,10:03:37,7,29.9,AH0,162,32.2725567,Day,F,L,A,MYSE
151.909,8443,6/3/2015,5/26/2015,10:03:38,7,28.8,AH0,255,30.1381376,Day,F,L,A,MYSE
151.909,8443,6/3/2015,5/29/2015,10:03:38,7,29.7,AH0,243,31.9095509,Day,F,L,A,MYSE
151.909,8443,6/3/2015,5/30/2015,10:03:39,7,29.9,AH0,168,32.2725567,Day,F,L,A,MYSE
151.909,8443,6/3/2015,5/29/2015,10:03:40,7,29.6,AH0,238,31.7239488,Day,F,L,A,MYSE
151.909,8443,6/3/2015,5/28/2015,10:03:49,7,30,AH0,87,32.45,Day,F,L,A,MYSE
151.909,8443,6/3/2015,5/28/2015,10:03:51,7,30,AH0,78,32.45,Day,F,L,A,MYSE
151.909,8443,6/3/2015,5/26/2015,10:03:53,7,28.8,AH0,255,30.1381376,Day,F,L,A,MYSE
151.909,8443,6/3/2015,5/28/2015,10:03:53,7,30,AH0,78,32.45,Day,F,L,A,MYSE
151.909,8443,6/3/2015,5/30/2015,10:03:53,7,29.9,AH0,166,32.2725567,Day,F,L,A,MYSE
151.909,8443,6/3/2015,5/29/2015,10:03:54,7,29.7,AH0,244,31.9095509,Day,F,L,A,MYSE
151.909,8443,6/3/2015,5/26/2015,10:03:55,7,28.8,AH0,255,30.1381376,Day,F,L,A,MYSE
151.909,8443,6/3/2015,5/28/2015,10:03:55,7,30,AH0,73,32.45,Day,F,L,A,MYSE
151.909,8443,6/3/2015,5/30/2015,10:03:55,7,29.9,AH0,162,32.2725567,Day,F,L,A,MYSE
151.909,8443,6/3/2015,5/29/2015,10:03:56,7,29.7,AH0,242,31.9095509,Day,F,L,A,MYSE
151.909,8443,6/3/2015,5/26/2015,10:03:57,7,28.8,AH0,255,30.1381376,Day,F,L,A,MYSE
151.909,8443,6/3/2015,5/30/2015,10:03:57,7,30,AH0,165,32.45,Day,F,L,A,MYSE
151.909,8443,6/3/2015,5/29/2015,10:03:58,7,29.7,AH0,243,31.9095509,Day,F,L,A,MYSE
151.909,8443,6/3/2015,5/26/2015,10:03:59,7,28.8,AH0,255,30.1381376,Day,F,L,A,MYSE
151.909,8443,6/3/2015,5/30/2015,10:03:59,7,30,AH0,164,32.45,Day,F,L,A,MYSE
151.909,8443,6/3/2015,5/29/2015,10:04:00,7,29.7,AH0,244,31.9095509,Day,F,L,A,MYSE
151.909,8443,6/3/2015,5/28/2015,10:04:09,7,30,AH0,87,32.45,Day,F,L,A,MYSE
151.909,8443,6/3/2015,5/28/2015,10:04:11,7,30,AH0,82,32.45,Day,F,L,A,MYSE
151.909,8443,6/3/2015,5/28/2015,10:04:13,7,30,AH0,82,32.45,Day,F,L,A,MYSE
151.909,8443,6/3/2015,5/30/2015,10:04:13,7,30,AH0,164,32.45,Day,F,L,A,MYSE
151.909,8443,6/3/2015,5/26/2015,10:04:14,7,28.8,AH0,255,30.1381376,Day,F,L,A,MYSE
151.909,8443,6/3/2015,5/29/2015,10:04:14,7,29.7,AH0,242,31.9095509,Day,F,L,A,MYSE
151.909,8443,6/3/2015,5/28/2015,10:04:15,7,30,AH0,82,32.45,Day,F,L,A,MYSE
151.909,8443,6/3/2015,5/30/2015,10:04:15,7,30,AH0,169,32.45,Day,F,L,A,MYSE
151.909,8443,6/3/2015,5/26/2015,10:04:16,7,28.8,AH0,255,30.1381376,Day,F,L,A,MYSE
151.909,8443,6/3/2015,5/29/2015,10:04:16,7,29.7,AH0,241,31.9095509,Day,F,L,A,MYSE
151.909,8443,6/3/2015,5/30/2015,10:04:17,7,30,AH0,165,32.45,Day,F,L,A,MYSE
151.909,8443,6/3/2015,5/26/2015,10:04:18,7,28.8,AH0,255,30.1381376,Day,F,L,A,MYSE
151.909,8443,6/3/2015,5/29/2015,10:04:18,7,29.7,AH0,242,31.9095509,Day,F,L,A,MYSE
151.909,8443,6/3/2015,5/30/2015,10:04:19,7,30,AH0,165,32.45,Day,F,L,A,MYSE
151.909,8443,6/3/2015,5/29/2015,10:04:20,7,29.7,AH0,244,31.9095509,Day,F,L,A,MYSE
151.909,8443,6/3/2015,5/28/2015,10:04:29,7,29.9,AH0,82,32.2725567,Day,F,L,A,MYSE
151.909,8443,6/3/2015,5/28/2015,10:04:31,7,29.9,AH0,83,32.2725567,Day,F,L,A,MYSE
151.909,8443,6/3/2015,5/26/2015,10:04:32,7,28.8,AH0,255,30.1381376,Day,F,L,A,MYSE
151.909,8443,6/3/2015,5/28/2015,10:04:33,7,29.9,AH0,86,32.2725567,Day,F,L,A,MYSE
151.909,8443,6/3/2015,5/30/2015,10:04:33,7,30.1,AH0,165,32.6247633,Day,F,L,A,MYSE
151.909,8443,6/3/2015,5/26/2015,10:04:34,7,28.9,AH0,255,30.3463677,Day,F,L,A,MYSE
151.909,8443,6/3/2015,5/28/2015,10:04:35,7,29.9,AH0,79,32.2725567,Day,F,L,A,MYSE
151.909,8443,6/3/2015,5/29/2015,10:04:35,7,29.8,AH0,242,32.0924136,Day,F,L,A,MYSE
151.909,8443,6/3/2015,5/30/2015,10:04:35,7,30.1,AH0,166,32.6247633,Day,F,L,A,MYSE
151.909,8443,6/3/2015,5/26/2015,10:04:36,7,28.9,AH0,255,30.3463677,Day,F,L,A,MYSE
151.909,8443,6/3/2015,5/29/2015,10:04:37,7,29.8,AH0,244,32.0924136,Day,F,L,A,MYSE
151.909,8443,6/3/2015,5/30/2015,10:04:37,7,30.1,AH0,165,32.6247633,Day,F,L,A,MYSE
151.909,8443,6/3/2015,5/26/2015,10:04:39,7,28.9,AH0,255,30.3463677,Day,F,L,A,MYSE
151.909,8443,6/3/2015,5/29/2015,10:04:39,7,29.8,AH0,243,32.0924136,Day,F,L,A,MYSE
151.909,8443,6/3/2015,5/30/2015,10:04:39,7,30.2,AH0,167,32.7968664,Day,F,L,A,MYSE
151.909,8443,6/3/2015,5/29/2015,10:04:41,7,29.8,AH0,244,32.0924136,Day,F,L,A,MYSE
151.909,8443,6/3/2015,5/28/2015,10:04:49,7,29.8,AH0,79,32.0924136,Day,F,L,A,MYSE
151.909,8443,6/3/2015,5/28/2015,10:04:51,7,29.8,AH0,79,32.0924136,Day,F,L,A,MYSE
151.909,8443,6/3/2015,5/26/2015,10:04:53,7,28.9,AH0,255,30.3463677,Day,F,L,A,MYSE
151.909,8443,6/3/2015,5/28/2015,10:04:53,7,29.8,AH0,86,32.0924136,Day,F,L,A,MYSE
151.909,8443,6/3/2015,5/30/2015,10:04:53,7,30.2,AH0,166,32.7968664,Day,F,L,A,MYSE
151.909,8443,6/3/2015,5/26/2015,10:04:55,7,28.9,AH0,255,30.3463677,Day,F,L,A,MYSE
151.909,8443,6/3/2015,5/28/2015,10:04:55,7,29.8,AH0,81,32.0924136,Day,F,L,A,MYSE
151.909,8443,6/3/2015,5/29/2015,10:04:55,7,29.8,AH0,245,32.0924136,Day,F,L,A,MYSE
151.909,8443,6/3/2015,5/30/2015,10:04:55,7,30.2,AH0,164,32.7968664,Day,F,L,A,MYSE
151.909,8443,6/3/2015,5/26/2015,10:04:57,7,28.9,AH0,255,30.3463677,Day,F,L,A,MYSE
151.909,8443,6/3/2015,5/29/2015,10:04:57,7,29.8,AH0,242,32.0924136,Day,F,L,A,MYSE
151.909,8443,6/3/2015,5/30/2015,10:04:57,7,30.2,AH0,166,32.7968664,Day,F,L,A,MYSE
151.909,8443,6/3/2015,5/26/2015,10:04:59,7,28.9,AH0,255,30.3463677,Day,F,L,A,MYSE
151.909,8443,6/3/2015,5/29/2015,10:04:59,7,29.8,AH0,241,32.0924136,Day,F,L,A,MYSE
151.909,8443,6/3/2015,5/30/2015,10:04:59,7,30.2,AH0,163,32.7968664,Day,F,L,A,MYSE
151.909,8443,6/3/2015,5/29/2015,10:05:01,7,29.8,AH0,243,32.0924136,Day,F,L,A,MYSE
151.909,8443,6/3/2015,5/28/2015,10:05:10,7,29.8,AH0,76,32.0924136,Day,F,L,A,MYSE
151.909,8443,6/3/2015,5/26/2015,10:05:12,7,28.9,AH0,255,30.3463677,Day,F,L,A,MYSE
151.909,8443,6/3/2015,5/28/2015,10:05:12,7,29.8,AH0,85,32.0924136,Day,F,L,A,MYSE
151.909,8443,6/3/2015,5/30/2015,10:05:13,7,30.2,AH0,166,32.7968664,Day,F,L,A,MYSE
151.909,8443,6/3/2015,5/26/2015,10:05:14,7,28.9,AH0,255,30.3463677,Day,F,L,A,MYSE
151.909,8443,6/3/2015,5/28/2015,10:05:14,7,29.8,AH0,79,32.0924136,Day,F,L,A,MYSE
151.909,8443,6/3/2015,5/29/2015,10:05:15,7,29.9,AH0,241,32.2725567,Day,F,L,A,MYSE
151.909,8443,6/3/2015,5/30/2015,10:05:15,7,30.2,AH0,164,32.7968664,Day,F,L,A,MYSE
151.909,8443,6/3/2015,5/26/2015,10:05:16,7,28.9,AH0,255,30.3463677,Day,F,L,A,MYSE
151.909,8443,6/3/2015,5/28/2015,10:05:16,7,29.8,AH0,82,32.0924136,Day,F,L,A,MYSE
151.909,8443,6/3/2015,5/29/2015,10:05:17,7,29.9,AH0,240,32.2725567,Day,F,L,A,MYSE
151.909,8443,6/3/2015,5/30/2015,10:05:17,7,30.2,AH0,165,32.7968664,Day,F,L,A,MYSE
151.909,8443,6/3/2015,5/26/2015,10:05:18,7,28.9,AH0,255,30.3463677,Day,F,L,A,MYSE
151.909,8443,6/3/2015,5/29/2015,10:05:19,7,29.9,AH0,245,32.2725567,Day,F,L,A,MYSE
151.909,8443,6/3/2015,5/30/2015,10:05:19,7,30.2,AH0,168,32.7968664,Day,F,L,A,MYSE
151.909,8443,6/3/2015,5/29/2015,10:05:21,7,29.9,AH0,243,32.2725567,Day,F,L,A,MYSE
151.909,8443,6/3/2015,5/28/2015,10:05:30,7,29.8,AH0,81,32.0924136,Day,F,L,A,MYSE
151.909,8443,6/3/2015,5/28/2015,10:05:32,7,29.8,AH0,82,32.0924136,Day,F,L,A,MYSE
151.909,8443,6/3/2015,5/26/2015,10:05:33,7,28.9,AH0,255,30.3463677,Day,F,L,A,MYSE
151.909,8443,6/3/2015,5/30/2015,10:05:33,7,30.1,AH0,165,32.6247633,Day,F,L,A,MYSE
151.909,8443,6/3/2015,5/28/2015,10:05:34,7,29.8,AH0,75,32.0924136,Day,F,L,A,MYSE
151.909,8443,6/3/2015,5/26/2015,10:05:35,7,28.9,AH0,255,30.3463677,Day,F,L,A,MYSE
151.909,8443,6/3/2015,5/29/2015,10:05:35,7,29.9,AH0,243,32.2725567,Day,F,L,A,MYSE
151.909,8443,6/3/2015,5/30/2015,10:05:35,7,30.1,AH0,167,32.6247633,Day,F,L,A,MYSE
151.909,8443,6/3/2015,5/28/2015,10:05:36,7,29.8,AH0,79,32.0924136,Day,F,L,A,MYSE
151.909,8443,6/3/2015,5/26/2015,10:05:37,7,28.9,AH0,255,30.3463677,Day,F,L,A,MYSE
151.909,8443,6/3/2015,5/29/2015,10:05:37,7,29.9,AH0,242,32.2725567,Day,F,L,A,MYSE
151.909,8443,6/3/2015,5/30/2015,10:05:37,7,30.1,AH0,169,32.6247633,Day,F,L,A,MYSE
151.909,8443,6/3/2015,5/26/2015,10:05:39,7,28.9,AH0,255,30.3463677,Day,F,L,A,MYSE
151.909,8443,6/3/2015,5/29/2015,10:05:39,7,29.9,AH0,243,32.2725567,Day,F,L,A,MYSE
151.909,8443,6/3/2015,5/30/2015,10:05:39,7,30.1,AH0,164,32.6247633,Day,F,L,A,MYSE
151.909,8443,6/3/2015,5/29/2015,10:05:41,7,29.9,AH0,244,32.2725567,Day,F,L,A,MYSE
151.909,8443,6/3/2015,5/28/2015,10:05:50,7,29.8,AH0,79,32.0924136,Day,F,L,A,MYSE
151.909,8443,6/3/2015,5/28/2015,10:05:52,7,29.8,AH0,76,32.0924136,Day,F,L,A,MYSE
151.909,8443,6/3/2015,5/26/2015,10:05:53,7,28.9,AH0,255,30.3463677,Day,F,L,A,MYSE
151.909,8443,6/3/2015,5/30/2015,10:05:53,7,30.1,AH0,162,32.6247633,Day,F,L,A,MYSE
151.909,8443,6/3/2015,5/28/2015,10:05:54,7,29.8,AH0,78,32.0924136,Day,F,L,A,MYSE
151.909,8443,6/3/2015,5/26/2015,10:05:55,7,28.9,AH0,255,30.3463677,Day,F,L,A,MYSE
151.909,8443,6/3/2015,5/29/2015,10:05:55,7,30,AH0,246,32.45,Day,F,L,A,MYSE
151.909,8443,6/3/2015,5/30/2015,10:05:55,7,30.1,AH0,165,32.6247633,Day,F,L,A,MYSE
151.909,8443,6/3/2015,5/28/2015,10:05:56,7,29.8,AH0,82,32.0924136,Day,F,L,A,MYSE
151.909,8443,6/3/2015,5/26/2015,10:05:57,7,28.9,AH0,255,30.3463677,Day,F,L,A,MYSE
151.909,8443,6/3/2015,5/29/2015,10:05:57,7,30,AH0,244,32.45,Day,F,L,A,MYSE
151.909,8443,6/3/2015,5/30/2015,10:05:57,7,30.1,AH0,163,32.6247633,Day,F,L,A,MYSE
151.909,8443,6/3/2015,5/29/2015,10:05:59,7,30,AH0,242,32.45,Day,F,L,A,MYSE
151.909,8443,6/3/2015,5/30/2015,10:05:59,7,30.1,AH0,167,32.6247633,Day,F,L,A,MYSE
151.909,8443,6/3/2015,5/26/2015,10:06:00,7,28.9,AH0,255,30.3463677,Day,F,L,A,MYSE
151.909,8443,6/3/2015,5/29/2015,10:06:01,7,30,AH0,244,32.45,Day,F,L,A,MYSE
151.909,8443,6/3/2015,5/28/2015,10:06:10,7,29.8,AH0,88,32.0924136,Day,F,L,A,MYSE
151.909,8443,6/3/2015,5/26/2015,10:06:12,7,28.9,AH0,255,30.3463677,Day,F,L,A,MYSE
151.909,8443,6/3/2015,5/28/2015,10:06:12,7,29.8,AH0,84,32.0924136,Day,F,L,A,MYSE
151.909,8443,6/3/2015,5/30/2015,10:06:13,7,30,AH0,167,32.45,Day,F,L,A,MYSE
151.909,8443,6/3/2015,5/26/2015,10:06:14,7,28.9,AH0,255,30.3463677,Day,F,L,A,MYSE
151.909,8443,6/3/2015,5/28/2015,10:06:14,7,29.8,AH0,79,32.0924136,Day,F,L,A,MYSE
151.909,8443,6/3/2015,5/29/2015,10:06:15,7,30,AH0,243,32.45,Day,F,L,A,MYSE
151.909,8443,6/3/2015,5/30/2015,10:06:15,7,30,AH0,163,32.45,Day,F,L,A,MYSE
151.909,8443,6/3/2015,5/26/2015,10:06:16,7,28.9,AH0,255,30.3463677,Day,F,L,A,MYSE
151.909,8443,6/3/2015,5/28/2015,10:06:16,7,29.8,AH0,81,32.0924136,Day,F,L,A,MYSE
151.909,8443,6/3/2015,5/29/2015,10:06:17,7,30,AH0,245,32.45,Day,F,L,A,MYSE
151.909,8443,6/3/2015,5/30/2015,10:06:17,7,30,AH0,166,32.45,Day,F,L,A,MYSE
151.909,8443,6/3/2015,5/26/2015,10:06:18,7,28.9,AH0,255,30.3463677,Day,F,L,A,MYSE
151.909,8443,6/3/2015,5/29/2015,10:06:19,7,30,AH0,242,32.45,Day,F,L,A,MYSE
151.909,8443,6/3/2015,5/30/2015,10:06:19,7,30,AH0,166,32.45,Day,F,L,A,MYSE
151.909,8443,6/3/2015,5/29/2015,10:06:21,7,30,AH0,244,32.45,Day,F,L,A,MYSE
151.909,8443,6/3/2015,5/28/2015,10:06:30,7,29.8,AH0,74,32.0924136,Day,F,L,A,MYSE
151.909,8443,6/3/2015,5/28/2015,10:06:32,7,29.8,AH0,80,32.0924136,Day,F,L,A,MYSE
151.909,8443,6/3/2015,5/26/2015,10:06:33,7,28.9,AH0,255,30.3463677,Day,F,L,A,MYSE
151.909,8443,6/3/2015,5/30/2015,10:06:33,7,29.9,AH0,163,32.2725567,Day,F,L,A,MYSE
151.909,8443,6/3/2015,5/28/2015,10:06:34,7,29.8,AH0,83,32.0924136,Day,F,L,A,MYSE
151.909,8443,6/3/2015,5/26/2015,10:06:35,7,28.9,AH0,255,30.3463677,Day,F,L,A,MYSE
151.909,8443,6/3/2015,5/29/2015,10:06:35,7,30,AH0,245,32.45,Day,F,L,A,MYSE
151.909,8443,6/3/2015,5/30/2015,10:06:35,7,29.9,AH0,166,32.2725567,Day,F,L,A,MYSE
151.909,8443,6/3/2015,5/28/2015,10:06:36,7,29.8,AH0,74,32.0924136,Day,F,L,A,MYSE
151.909,8443,6/3/2015,5/26/2015,10:06:37,7,28.9,AH0,255,30.3463677,Day,F,L,A,MYSE
151.909,8443,6/3/2015,5/29/2015,10:06:37,7,30,AH0,243,32.45,Day,F,L,A,MYSE
151.909,8443,6/3/2015,5/30/2015,10:06:37,7,29.9,AH0,164,32.2725567,Day,F,L,A,MYSE
151.909,8443,6/3/2015,5/26/2015,10:06:39,7,28.9,AH0,255,30.3463677,Day,F,L,A,MYSE
151.909,8443,6/3/2015,5/29/2015,10:06:39,7,30,AH0,243,32.45,Day,F,L,A,MYSE
151.909,8443,6/3/2015,5/30/2015,10:06:39,7,29.8,AH0,160,32.0924136,Day,F,L,A,MYSE
151.909,8443,6/3/2015,5/29/2015,10:06:41,7,30,AH0,243,32.45,Day,F,L,A,MYSE
151.909,8443,6/3/2015,5/28/2015,10:06:48,7,29.8,AH0,78,32.0924136,Day,F,L,A,MYSE
151.909,8443,6/3/2015,5/28/2015,10:06:50,7,29.7,AH0,84,31.9095509,Day,F,L,A,MYSE
151.909,8443,6/3/2015,5/28/2015,10:06:52,7,29.7,AH0,78,31.9095509,Day,F,L,A,MYSE
151.909,8443,6/3/2015,5/30/2015,10:06:53,7,29.7,AH0,165,31.9095509,Day,F,L,A,MYSE
151.909,8443,6/3/2015,5/26/2015,10:06:54,7,28.9,AH0,255,30.3463677,Day,F,L,A,MYSE
151.909,8443,6/3/2015,5/28/2015,10:06:54,7,29.7,AH0,75,31.9095509,Day,F,L,A,MYSE
151.909,8443,6/3/2015,5/29/2015,10:06:55,7,30.1,AH0,242,32.6247633,Day,F,L,A,MYSE
151.909,8443,6/3/2015,5/30/2015,10:06:55,7,29.7,AH0,160,31.9095509,Day,F,L,A,MYSE
151.909,8443,6/3/2015,5/26/2015,10:06:56,7,28.9,AH0,255,30.3463677,Day,F,L,A,MYSE
151.909,8443,6/3/2015,5/29/2015,10:06:57,7,30.1,AH0,241,32.6247633,Day,F,L,A,MYSE
151.909,8443,6/3/2015,5/30/2015,10:06:57,7,29.7,AH0,159,31.9095509,Day,F,L,A,MYSE
151.909,8443,6/3/2015,5/26/2015,10:06:58,7,28.9,AH0,255,30.3463677,Day,F,L,A,MYSE
151.909,8443,6/3/2015,5/29/2015,10:06:59,7,30.1,AH0,244,32.6247633,Day,F,L,A,MYSE
151.909,8443,6/3/2015,5/30/2015,10:06:59,7,29.7,AH0,164,31.9095509,Day,F,L,A,MYSE
151.909,8443,6/3/2015,5/29/2015,10:07:01,7,30.1,AH0,241,32.6247633,Day,F,L,A,MYSE
151.909,8443,6/3/2015,5/28/2015,10:07:08,7,29.7,AH0,78,31.9095509,Day,F,L,A,MYSE
151.909,8443,6/3/2015,5/28/2015,10:07:10,7,29.7,AH0,77,31.9095509,Day,F,L,A,MYSE
151.909,8443,6/3/2015,5/26/2015,10:07:12,7,28.9,AH0,255,30.3463677,Day,F,L,A,MYSE
151.909,8443,6/3/2015,5/28/2015,10:07:12,7,29.7,AH0,83,31.9095509,Day,F,L,A,MYSE
151.909,8443,6/3/2015,5/30/2015,10:07:13,7,29.7,AH0,165,31.9095509,Day,F,L,A,MYSE
151.909,8443,6/3/2015,5/26/2015,10:07:14,7,28.9,AH0,255,30.3463677,Day,F,L,A,MYSE
151.909,8443,6/3/2015,5/28/2015,10:07:14,7,29.7,AH0,85,31.9095509,Day,F,L,A,MYSE
151.909,8443,6/3/2015,5/29/2015,10:07:15,7,30.1,AH0,245,32.6247633,Day,F,L,A,MYSE
151.909,8443,6/3/2015,5/30/2015,10:07:15,7,29.7,AH0,163,31.9095509,Day,F,L,A,MYSE
151.909,8443,6/3/2015,5/26/2015,10:07:16,7,28.9,AH0,255,30.3463677,Day,F,L,A,MYSE
151.909,8443,6/3/2015,5/29/2015,10:07:17,7,30.1,AH0,244,32.6247633,Day,F,L,A,MYSE
151.909,8443,6/3/2015,5/30/2015,10:07:17,7,29.7,AH0,161,31.9095509,Day,F,L,A,MYSE
151.909,8443,6/3/2015,5/26/2015,10:07:18,7,29,AH0,255,30.5517,Day,F,L,A,MYSE
151.909,8443,6/3/2015,5/29/2015,10:07:19,7,30.1,AH0,243,32.6247633,Day,F,L,A,MYSE
151.909,8443,6/3/2015,5/30/2015,10:07:19,7,29.7,AH0,165,31.9095509,Day,F,L,A,MYSE
151.909,8443,6/3/2015,5/29/2015,10:07:21,7,30.1,AH0,243,32.6247633,Day,F,L,A,MYSE
151.909,8443,6/3/2015,5/28/2015,10:07:29,7,29.7,AH0,79,31.9095509,Day,F,L,A,MYSE
151.909,8443,6/3/2015,5/28/2015,10:07:31,7,29.7,AH0,81,31.9095509,Day,F,L,A,MYSE
151.909,8443,6/3/2015,5/26/2015,10:07:33,7,29,AH0,255,30.5517,Day,F,L,A,MYSE
151.909,8443,6/3/2015,5/28/2015,10:07:33,7,29.7,AH0,83,31.9095509,Day,F,L,A,MYSE
151.909,8443,6/3/2015,5/30/2015,10:07:33,7,29.7,AH0,167,31.9095509,Day,F,L,A,MYSE
151.909,8443,6/3/2015,5/26/2015,10:07:35,7,29,AH0,255,30.5517,Day,F,L,A,MYSE
151.909,8443,6/3/2015,5/28/2015,10:07:35,7,29.7,AH0,77,31.9095509,Day,F,L,A,MYSE
151.909,8443,6/3/2015,5/29/2015,10:07:35,7,30.1,AH0,243,32.6247633,Day,F,L,A,MYSE
151.909,8443,6/3/2015,5/30/2015,10:07:35,7,29.7,AH0,163,31.9095509,Day,F,L,A,MYSE
151.909,8443,6/3/2015,5/26/2015,10:07:37,7,29,AH0,255,30.5517,Day,F,L,A,MYSE
151.909,8443,6/3/2015,5/29/2015,10:07:37,7,30.1,AH0,242,32.6247633,Day,F,L,A,MYSE
151.909,8443,6/3/2015,5/30/2015,10:07:37,7,29.7,AH0,166,31.9095509,Day,F,L,A,MYSE
151.909,8443,6/3/2015,5/26/2015,10:07:39,7,29,AH0,255,30.5517,Day,F,L,A,MYSE
151.909,8443,6/3/2015,5/29/2015,10:07:39,7,30.1,AH0,243,32.6247633,Day,F,L,A,MYSE
151.909,8443,6/3/2015,5/30/2015,10:07:39,7,29.7,AH0,164,31.9095509,Day,F,L,A,MYSE
151.909,8443,6/3/2015,5/29/2015,10:07:41,7,30.1,AH0,245,32.6247633,Day,F,L,A,MYSE
151.909,8443,6/3/2015,5/28/2015,10:07:49,7,29.6,AH0,79,31.7239488,Day,F,L,A,MYSE
151.909,8443,6/3/2015,5/28/2015,10:07:51,7,29.6,AH0,82,31.7239488,Day,F,L,A,MYSE
151.909,8443,6/3/2015,5/28/2015,10:07:53,7,29.6,AH0,83,31.7239488,Day,F,L,A,MYSE
151.909,8443,6/3/2015,5/30/2015,10:07:53,7,29.8,AH0,166,32.0924136,Day,F,L,A,MYSE
151.909,8443,6/3/2015,5/26/2015,10:07:54,7,29,AH0,255,30.5517,Day,F,L,A,MYSE
151.909,8443,6/3/2015,5/28/2015,10:07:55,7,29.6,AH0,82,31.7239488,Day,F,L,A,MYSE
151.909,8443,6/3/2015,5/29/2015,10:07:55,7,30.2,AH0,244,32.7968664,Day,F,L,A,MYSE
151.909,8443,6/3/2015,5/30/2015,10:07:55,7,29.8,AH0,164,32.0924136,Day,F,L,A,MYSE
151.909,8443,6/3/2015,5/26/2015,10:07:56,7,29,AH0,255,30.5517,Day,F,L,A,MYSE
151.909,8443,6/3/2015,5/29/2015,10:07:57,7,30.2,AH0,246,32.7968664,Day,F,L,A,MYSE
151.909,8443,6/3/2015,5/26/2015,10:07:58,7,29,AH0,255,30.5517,Day,F,L,A,MYSE
151.909,8443,6/3/2015,5/30/2015,10:07:58,7,29.8,AH0,159,32.0924136,Day,F,L,A,MYSE
151.909,8443,6/3/2015,5/29/2015,10:07:59,7,30.2,AH0,243,32.7968664,Day,F,L,A,MYSE
151.909,8443,6/3/2015,5/30/2015,10:08:00,7,29.8,AH0,165,32.0924136,Day,F,L,A,MYSE
151.909,8443,6/3/2015,5/29/2015,10:08:01,7,30.2,AH0,245,32.7968664,Day,F,L,A,MYSE
151.909,8443,6/3/2015,5/28/2015,10:08:09,7,29.6,AH0,78,31.7239488,Day,F,L,A,MYSE
151.909,8443,6/3/2015,5/28/2015,10:08:11,7,29.6,AH0,83,31.7239488,Day,F,L,A,MYSE
151.909,8443,6/3/2015,5/26/2015,10:08:12,7,29,AH0,255,30.5517,Day,F,L,A,MYSE
151.909,8443,6/3/2015,5/28/2015,10:08:13,7,29.6,AH0,76,31.7239488,Day,F,L,A,MYSE
151.909,8443,6/3/2015,5/26/2015,10:08:14,7,29.1,AH0,255,30.7541543,Day,F,L,A,MYSE
151.909,8443,6/3/2015,5/30/2015,10:08:14,7,29.8,AH0,164,32.0924136,Day,F,L,A,MYSE
151.909,8443,6/3/2015,5/28/2015,10:08:15,7,29.6,AH0,76,31.7239488,Day,F,L,A,MYSE
151.909,8443,6/3/2015,5/29/2015,10:08:15,7,30.2,AH0,246,32.7968664,Day,F,L,A,MYSE
151.909,8443,6/3/2015,5/26/2015,10:08:16,7,29.1,AH0,255,30.7541543,Day,F,L,A,MYSE
151.909,8443,6/3/2015,5/30/2015,10:08:16,7,29.9,AH0,169,32.2725567,Day,F,L,A,MYSE
151.909,8443,6/3/2015,5/29/2015,10:08:17,7,30.2,AH0,243,32.7968664,Day,F,L,A,MYSE
151.909,8443,6/3/2015,5/26/2015,10:08:18,7,29.1,AH0,255,30.7541543,Day,F,L,A,MYSE
151.909,8443,6/3/2015,5/30/2015,10:08:18,7,29.9,AH0,168,32.2725567,Day,F,L,A,MYSE
151.909,8443,6/3/2015,5/29/2015,10:08:19,7,30.2,AH0,243,32.7968664,Day,F,L,A,MYSE
151.909,8443,6/3/2015,5/30/2015,10:08:20,7,29.9,AH0,166,32.2725567,Day,F,L,A,MYSE
151.909,8443,6/3/2015,5/29/2015,10:08:21,7,30.2,AH0,244,32.7968664,Day,F,L,A,MYSE
151.909,8443,6/3/2015,5/28/2015,10:08:29,7,29.5,AH0,81,31.5355875,Day,F,L,A,MYSE
151.909,8443,6/3/2015,5/28/2015,10:08:31,7,29.5,AH0,74,31.5355875,Day,F,L,A,MYSE
151.909,8443,6/3/2015,5/26/2015,10:08:33,7,29.1,AH0,255,30.7541543,Day,F,L,A,MYSE
151.909,8443,6/3/2015,5/28/2015,10:08:34,7,29.5,AH0,82,31.5355875,Day,F,L,A,MYSE
151.909,8443,6/3/2015,5/29/2015,10:08:34,7,30.2,AH0,244,32.7968664,Day,F,L,A,MYSE
151.909,8443,6/3/2015,5/30/2015,10:08:34,7,29.9,AH0,165,32.2725567,Day,F,L,A,MYSE
151.909,8443,6/3/2015,5/26/2015,10:08:35,7,29.1,AH0,255,30.7541543,Day,F,L,A,MYSE
151.909,8443,6/3/2015,5/29/2015,10:08:35,7,30.2,AH0,244,32.7968664,Day,F,L,A,MYSE
151.909,8443,6/3/2015,5/28/2015,10:08:36,7,29.5,AH0,74,31.5355875,Day,F,L,A,MYSE
151.909,8443,6/3/2015,5/30/2015,10:08:36,7,29.9,AH0,166,32.2725567,Day,F,L,A,MYSE
151.909,8443,6/3/2015,5/26/2015,10:08:37,7,29.1,AH0,255,30.7541543,Day,F,L,A,MYSE
151.909,8443,6/3/2015,5/29/2015,10:08:37,7,30.2,AH0,244,32.7968664,Day,F,L,A,MYSE
151.909,8443,6/3/2015,5/30/2015,10:08:38,7,29.9,AH0,163,32.2725567,Day,F,L,A,MYSE
151.909,8443,6/3/2015,5/26/2015,10:08:39,7,29.1,AH0,255,30.7541543,Day,F,L,A,MYSE
151.909,8443,6/3/2015,5/29/2015,10:08:39,7,30.2,AH0,244,32.7968664,Day,F,L,A,MYSE
151.909,8443,6/3/2015,5/30/2015,10:08:40,7,29.9,AH0,169,32.2725567,Day,F,L,A,MYSE
151.909,8443,6/3/2015,5/28/2015,10:08:50,7,29.5,AH0,77,31.5355875,Day,F,L,A,MYSE
151.909,8443,6/3/2015,5/28/2015,10:08:52,7,29.5,AH0,81,31.5355875,Day,F,L,A,MYSE
151.909,8443,6/3/2015,5/26/2015,10:08:53,7,29.1,AH0,255,30.7541543,Day,F,L,A,MYSE
151.909,8443,6/3/2015,5/29/2015,10:08:53,7,30.3,AH0,244,32.9663291,Day,F,L,A,MYSE
151.909,8443,6/3/2015,5/28/2015,10:08:54,7,29.5,AH0,74,31.5355875,Day,F,L,A,MYSE
151.909,8443,6/3/2015,5/30/2015,10:08:54,7,30,AH0,167,32.45,Day,F,L,A,MYSE
151.909,8443,6/3/2015,5/29/2015,10:08:55,7,30.3,AH0,243,32.9663291,Day,F,L,A,MYSE
151.909,8443,6/3/2015,5/26/2015,10:08:56,7,29.1,AH0,255,30.7541543,Day,F,L,A,MYSE
151.909,8443,6/3/2015,5/28/2015,10:08:56,7,29.5,AH0,82,31.5355875,Day,F,L,A,MYSE
151.909,8443,6/3/2015,5/30/2015,10:08:56,7,30,AH0,165,32.45,Day,F,L,A,MYSE
151.909,8443,6/3/2015,5/29/2015,10:08:57,7,30.3,AH0,239,32.9663291,Day,F,L,A,MYSE
151.909,8443,6/3/2015,5/26/2015,10:08:58,7,29.1,AH0,255,30.7541543,Day,F,L,A,MYSE
151.909,8443,6/3/2015,5/30/2015,10:08:58,7,30,AH0,169,32.45,Day,F,L,A,MYSE
151.909,8443,6/3/2015,5/29/2015,10:08:59,7,30.3,AH0,243,32.9663291,Day,F,L,A,MYSE
151.909,8443,6/3/2015,5/30/2015,10:09:00,7,30,AH0,163,32.45,Day,F,L,A,MYSE
151.909,8443,6/3/2015,5/28/2015,10:09:10,7,29.5,AH0,77,31.5355875,Day,F,L,A,MYSE
151.909,8443,6/3/2015,5/26/2015,10:09:12,7,29.1,AH0,255,30.7541543,Day,F,L,A,MYSE
151.909,8443,6/3/2015,5/28/2015,10:09:12,7,29.5,AH0,79,31.5355875,Day,F,L,A,MYSE
151.909,8443,6/3/2015,5/29/2015,10:09:13,7,30.3,AH0,245,32.9663291,Day,F,L,A,MYSE
151.909,8443,6/3/2015,5/26/2015,10:09:14,7,29.1,AH0,255,30.7541543,Day,F,L,A,MYSE
151.909,8443,6/3/2015,5/28/2015,10:09:14,7,29.5,AH0,73,31.5355875,Day,F,L,A,MYSE
151.909,8443,6/3/2015,5/30/2015,10:09:14,7,30,AH0,166,32.45,Day,F,L,A,MYSE
151.909,8443,6/3/2015,5/29/2015,10:09:15,7,30.3,AH0,242,32.9663291,Day,F,L,A,MYSE
151.909,8443,6/3/2015,5/26/2015,10:09:16,7,29.1,AH0,255,30.7541543,Day,F,L,A,MYSE
151.909,8443,6/3/2015,5/30/2015,10:09:16,7,30,AH0,166,32.45,Day,F,L,A,MYSE
151.909,8443,6/3/2015,5/29/2015,10:09:17,7,30.3,AH0,245,32.9663291,Day,F,L,A,MYSE
151.909,8443,6/3/2015,5/26/2015,10:09:18,7,29.1,AH0,255,30.7541543,Day,F,L,A,MYSE
151.909,8443,6/3/2015,5/30/2015,10:09:18,7,30,AH0,164,32.45,Day,F,L,A,MYSE
151.909,8443,6/3/2015,5/29/2015,10:09:19,7,30.3,AH0,242,32.9663291,Day,F,L,A,MYSE
151.909,8443,6/3/2015,5/30/2015,10:09:20,7,30,AH0,166,32.45,Day,F,L,A,MYSE
151.909,8443,6/3/2015,5/28/2015,10:09:28,7,29.5,AH0,81,31.5355875,Day,F,L,A,MYSE
151.909,8443,6/3/2015,5/28/2015,10:09:30,7,29.5,AH0,82,31.5355875,Day,F,L,A,MYSE
151.909,8443,6/3/2015,5/26/2015,10:09:33,7,29.1,AH0,255,30.7541543,Day,F,L,A,MYSE
151.909,8443,6/3/2015,5/28/2015,10:09:33,7,29.5,AH0,81,31.5355875,Day,F,L,A,MYSE
151.909,8443,6/3/2015,5/29/2015,10:09:34,7,30.3,AH0,241,32.9663291,Day,F,L,A,MYSE
151.909,8443,6/3/2015,5/30/2015,10:09:34,7,30,AH0,164,32.45,Day,F,L,A,MYSE
151.909,8443,6/3/2015,5/26/2015,10:09:35,7,29.1,AH0,255,30.7541543,Day,F,L,A,MYSE
151.909,8443,6/3/2015,5/28/2015,10:09:35,7,29.5,AH0,76,31.5355875,Day,F,L,A,MYSE
151.909,8443,6/3/2015,5/29/2015,10:09:36,7,30.3,AH0,244,32.9663291,Day,F,L,A,MYSE
151.909,8443,6/3/2015,5/30/2015,10:09:36,7,30,AH0,168,32.45,Day,F,L,A,MYSE
151.909,8443,6/3/2015,5/26/2015,10:09:37,7,29.1,AH0,255,30.7541543,Day,F,L,A,MYSE
151.909,8443,6/3/2015,5/29/2015,10:09:38,7,30.3,AH0,244,32.9663291,Day,F,L,A,MYSE
151.909,8443,6/3/2015,5/30/2015,10:09:38,7,30,AH0,170,32.45,Day,F,L,A,MYSE
151.909,8443,6/3/2015,5/26/2015,10:09:39,7,29.1,AH0,255,30.7541543,Day,F,L,A,MYSE
151.909,8443,6/3/2015,5/29/2015,10:09:40,7,30.3,AH0,240,32.9663291,Day,F,L,A,MYSE
151.909,8443,6/3/2015,5/30/2015,10:09:40,7,30,AH0,167,32.45,Day,F,L,A,MYSE
151.909,8443,6/3/2015,5/28/2015,10:09:49,7,29.5,AH0,80,31.5355875,Day,F,L,A,MYSE
151.909,8443,6/3/2015,5/28/2015,10:09:51,7,29.5,AH0,75,31.5355875,Day,F,L,A,MYSE
151.909,8443,6/3/2015,5/26/2015,10:09:53,7,29.1,AH0,255,30.7541543,Day,F,L,A,MYSE
151.909,8443,6/3/2015,5/28/2015,10:09:53,7,29.5,AH0,83,31.5355875,Day,F,L,A,MYSE
151.909,8443,6/3/2015,5/29/2015,10:09:54,7,30.3,AH0,243,32.9663291,Day,F,L,A,MYSE
151.909,8443,6/3/2015,5/30/2015,10:09:54,7,29.9,AH0,170,32.2725567,Day,F,L,A,MYSE
151.909,8443,6/3/2015,5/26/2015,10:09:55,7,29.1,AH0,255,30.7541543,Day,F,L,A,MYSE
151.909,8443,6/3/2015,5/28/2015,10:09:55,7,29.5,AH0,73,31.5355875,Day,F,L,A,MYSE
151.909,8443,6/3/2015,5/29/2015,10:09:56,7,30.3,AH0,241,32.9663291,Day,F,L,A,MYSE
151.909,8443,6/3/2015,5/30/2015,10:09:56,7,29.9,AH0,168,32.2725567,Day,F,L,A,MYSE
151.909,8443,6/3/2015,5/26/2015,10:09:57,7,29.1,AH0,255,30.7541543,Day,F,L,A,MYSE
151.909,8443,6/3/2015,5/29/2015,10:09:58,7,30.3,AH0,242,32.9663291,Day,F,L,A,MYSE
151.909,8443,6/3/2015,5/30/2015,10:09:58,7,29.9,AH0,171,32.2725567,Day,F,L,A,MYSE
151.909,8443,6/3/2015,5/26/2015,10:10:00,7,29.1,AH0,255,30.7541543,Day,F,L,A,MYSE
151.909,8443,6/3/2015,5/29/2015,10:10:00,7,30.3,AH0,245,32.9663291,Day,F,L,A,MYSE
151.909,8443,6/3/2015,5/30/2015,10:10:00,7,29.9,AH0,169,32.2725567,Day,F,L,A,MYSE
151.909,8443,6/3/2015,5/28/2015,10:10:09,7,29.5,AH0,81,31.5355875,Day,F,L,A,MYSE
151.909,8443,6/3/2015,5/28/2015,10:10:11,7,29.5,AH0,80,31.5355875,Day,F,L,A,MYSE
151.909,8443,6/3/2015,5/26/2015,10:10:12,7,29.1,AH0,255,30.7541543,Day,F,L,A,MYSE
151.909,8443,6/3/2015,5/28/2015,10:10:13,7,29.5,AH0,71,31.5355875,Day,F,L,A,MYSE
151.909,8443,6/3/2015,5/26/2015,10:10:14,7,29.1,AH0,255,30.7541543,Day,F,L,A,MYSE
151.909,8443,6/3/2015,5/29/2015,10:10:14,7,30.3,AH0,245,32.9663291,Day,F,L,A,MYSE
151.909,8443,6/3/2015,5/30/2015,10:10:14,7,29.8,AH0,170,32.0924136,Day,F,L,A,MYSE
151.909,8443,6/3/2015,5/28/2015,10:10:15,7,29.5,AH0,79,31.5355875,Day,F,L,A,MYSE
151.909,8443,6/3/2015,5/26/2015,10:10:16,7,29.1,AH0,255,30.7541543,Day,F,L,A,MYSE
151.909,8443,6/3/2015,5/29/2015,10:10:16,7,30.3,AH0,243,32.9663291,Day,F,L,A,MYSE
151.909,8443,6/3/2015,5/30/2015,10:10:16,7,29.8,AH0,166,32.0924136,Day,F,L,A,MYSE
151.909,8443,6/3/2015,5/26/2015,10:10:18,7,29.1,AH0,255,30.7541543,Day,F,L,A,MYSE
151.909,8443,6/3/2015,5/29/2015,10:10:18,7,30.3,AH0,244,32.9663291,Day,F,L,A,MYSE
151.909,8443,6/3/2015,5/30/2015,10:10:18,7,29.8,AH0,165,32.0924136,Day,F,L,A,MYSE
151.909,8443,6/3/2015,5/29/2015,10:10:20,7,30.3,AH0,241,32.9663291,Day,F,L,A,MYSE
151.909,8443,6/3/2015,5/28/2015,10:10:30,7,29.5,AH0,76,31.5355875,Day,F,L,A,MYSE
151.909,8443,6/3/2015,5/28/2015,10:10:32,7,29.5,AH0,76,31.5355875,Day,F,L,A,MYSE
151.909,8443,6/3/2015,5/30/2015,10:10:32,7,29.8,AH0,166,32.0924136,Day,F,L,A,MYSE
151.909,8443,6/3/2015,5/26/2015,10:10:33,7,29.1,AH0,255,30.7541543,Day,F,L,A,MYSE
151.909,8443,6/3/2015,5/28/2015,10:10:34,7,29.5,AH0,73,31.5355875,Day,F,L,A,MYSE
151.909,8443,6/3/2015,5/30/2015,10:10:34,7,29.8,AH0,170,32.0924136,Day,F,L,A,MYSE
151.909,8443,6/3/2015,5/26/2015,10:10:35,7,29.1,AH0,255,30.7541543,Day,F,L,A,MYSE
151.909,8443,6/3/2015,5/29/2015,10:10:35,7,30.3,AH0,243,32.9663291,Day,F,L,A,MYSE
151.909,8443,6/3/2015,5/28/2015,10:10:36,7,29.5,AH0,79,31.5355875,Day,F,L,A,MYSE
151.909,8443,6/3/2015,5/30/2015,10:10:36,7,29.7,AH0,169,31.9095509,Day,F,L,A,MYSE
151.909,8443,6/3/2015,5/26/2015,10:10:37,7,29.1,AH0,255,30.7541543,Day,F,L,A,MYSE
151.909,8443,6/3/2015,5/29/2015,10:10:37,7,30.3,AH0,244,32.9663291,Day,F,L,A,MYSE
151.909,8443,6/3/2015,5/30/2015,10:10:38,7,29.7,AH0,167,31.9095509,Day,F,L,A,MYSE
151.909,8443,6/3/2015,5/26/2015,10:10:39,7,29.1,AH0,255,30.7541543,Day,F,L,A,MYSE
151.909,8443,6/3/2015,5/29/2015,10:10:39,7,30.3,AH0,241,32.9663291,Day,F,L,A,MYSE
151.909,8443,6/3/2015,5/29/2015,10:10:41,7,30.3,AH0,245,32.9663291,Day,F,L,A,MYSE
151.909,8443,6/3/2015,5/28/2015,10:10:50,7,29.6,AH0,78,31.7239488,Day,F,L,A,MYSE
151.909,8443,6/3/2015,5/28/2015,10:10:52,7,29.6,AH0,79,31.7239488,Day,F,L,A,MYSE
151.909,8443,6/3/2015,5/30/2015,10:10:52,7,29.7,AH0,167,31.9095509,Day,F,L,A,MYSE
151.909,8443,6/3/2015,5/26/2015,10:10:53,7,29.1,AH0,255,30.7541543,Day,F,L,A,MYSE
151.909,8443,6/3/2015,5/28/2015,10:10:54,7,29.6,AH0,75,31.7239488,Day,F,L,A,MYSE
151.909,8443,6/3/2015,5/30/2015,10:10:54,7,29.7,AH0,169,31.9095509,Day,F,L,A,MYSE
151.909,8443,6/3/2015,5/26/2015,10:10:55,7,29.2,AH0,255,30.9537504,Day,F,L,A,MYSE
151.909,8443,6/3/2015,5/29/2015,10:10:55,7,30.3,AH0,242,32.9663291,Day,F,L,A,MYSE
151.909,8443,6/3/2015,5/28/2015,10:10:56,7,29.6,AH0,80,31.7239488,Day,F,L,A,MYSE
151.909,8443,6/3/2015,5/30/2015,10:10:56,7,29.7,AH0,168,31.9095509,Day,F,L,A,MYSE
151.909,8443,6/3/2015,5/26/2015,10:10:57,7,29.2,AH0,255,30.9537504,Day,F,L,A,MYSE
151.909,8443,6/3/2015,5/29/2015,10:10:57,7,30.3,AH0,246,32.9663291,Day,F,L,A,MYSE
151.909,8443,6/3/2015,5/30/2015,10:10:58,7,29.7,AH0,169,31.9095509,Day,F,L,A,MYSE
151.909,8443,6/3/2015,5/26/2015,10:10:59,7,29.1,AH0,255,30.7541543,Day,F,L,A,MYSE
151.909,8443,6/3/2015,5/29/2015,10:10:59,7,30.3,AH0,241,32.9663291,Day,F,L,A,MYSE
151.909,8443,6/3/2015,5/29/2015,10:11:01,7,30.3,AH0,244,32.9663291,Day,F,L,A,MYSE
151.909,8443,6/3/2015,5/28/2015,10:11:10,7,29.6,AH0,74,31.7239488,Day,F,L,A,MYSE
151.909,8443,6/3/2015,5/26/2015,10:11:12,7,29.3,AH0,255,31.1505081,Day,F,L,A,MYSE
151.909,8443,6/3/2015,5/28/2015,10:11:12,7,29.6,AH0,78,31.7239488,Day,F,L,A,MYSE
151.909,8443,6/3/2015,5/30/2015,10:11:12,7,29.6,AH0,167,31.7239488,Day,F,L,A,MYSE
151.909,8443,6/3/2015,5/26/2015,10:11:14,7,29.2,AH0,255,30.9537504,Day,F,L,A,MYSE
151.909,8443,6/3/2015,5/28/2015,10:11:14,7,29.6,AH0,77,31.7239488,Day,F,L,A,MYSE
151.909,8443,6/3/2015,5/30/2015,10:11:14,7,29.6,AH0,167,31.7239488,Day,F,L,A,MYSE
151.909,8443,6/3/2015,5/29/2015,10:11:15,7,30.3,AH0,243,32.9663291,Day,F,L,A,MYSE
151.909,8443,6/3/2015,5/26/2015,10:11:16,7,29.2,AH0,255,30.9537504,Day,F,L,A,MYSE
151.909,8443,6/3/2015,5/29/2015,10:11:17,7,30.3,AH0,245,32.9663291,Day,F,L,A,MYSE
151.909,8443,6/3/2015,5/30/2015,10:11:17,7,29.6,AH0,167,31.7239488,Day,F,L,A,MYSE
151.909,8443,6/3/2015,5/26/2015,10:11:18,7,29.2,AH0,255,30.9537504,Day,F,L,A,MYSE
151.909,8443,6/3/2015,5/29/2015,10:11:19,7,30.3,AH0,243,32.9663291,Day,F,L,A,MYSE
151.909,8443,6/3/2015,5/30/2015,10:11:19,7,29.6,AH0,166,31.7239488,Day,F,L,A,MYSE
151.909,8443,6/3/2015,5/29/2015,10:11:21,7,30.3,AH0,243,32.9663291,Day,F,L,A,MYSE
151.909,8443,6/3/2015,5/28/2015,10:11:28,7,29.7,AH0,79,31.9095509,Day,F,L,A,MYSE
151.909,8443,6/3/2015,5/28/2015,10:11:30,7,29.7,AH0,79,31.9095509,Day,F,L,A,MYSE
151.909,8443,6/3/2015,5/26/2015,10:11:32,7,29.2,AH0,255,30.9537504,Day,F,L,A,MYSE
151.909,8443,6/3/2015,5/28/2015,10:11:32,7,29.7,AH0,79,31.9095509,Day,F,L,A,MYSE
151.909,8443,6/3/2015,5/30/2015,10:11:33,7,29.5,AH0,168,31.5355875,Day,F,L,A,MYSE
151.909,8443,6/3/2015,5/26/2015,10:11:34,7,29.2,AH0,255,30.9537504,Day,F,L,A,MYSE
151.909,8443,6/3/2015,5/28/2015,10:11:34,7,29.7,AH0,75,31.9095509,Day,F,L,A,MYSE
151.909,8443,6/3/2015,5/29/2015,10:11:35,7,30.3,AH0,244,32.9663291,Day,F,L,A,MYSE
151.909,8443,6/3/2015,5/30/2015,10:11:35,7,29.5,AH0,167,31.5355875,Day,F,L,A,MYSE
151.909,8443,6/3/2015,5/26/2015,10:11:36,7,29.2,AH0,255,30.9537504,Day,F,L,A,MYSE
151.909,8443,6/3/2015,5/29/2015,10:11:37,7,30.3,AH0,244,32.9663291,Day,F,L,A,MYSE
151.909,8443,6/3/2015,5/30/2015,10:11:37,7,29.5,AH0,167,31.5355875,Day,F,L,A,MYSE
151.909,8443,6/3/2015,5/26/2015,10:11:38,7,29.2,AH0,255,30.9537504,Day,F,L,A,MYSE
151.909,8443,6/3/2015,5/29/2015,10:11:39,7,30.3,AH0,241,32.9663291,Day,F,L,A,MYSE
151.909,8443,6/3/2015,5/30/2015,10:11:39,7,29.5,AH0,165,31.5355875,Day,F,L,A,MYSE
151.909,8443,6/3/2015,5/29/2015,10:11:41,7,30.3,AH0,245,32.9663291,Day,F,L,A,MYSE
151.909,8443,6/3/2015,5/28/2015,10:11:49,7,29.7,AH0,75,31.9095509,Day,F,L,A,MYSE
151.909,8443,6/3/2015,5/28/2015,10:11:51,7,29.7,AH0,79,31.9095509,Day,F,L,A,MYSE
151.909,8443,6/3/2015,5/26/2015,10:11:53,7,29.2,AH0,255,30.9537504,Day,F,L,A,MYSE
151.909,8443,6/3/2015,5/28/2015,10:11:53,7,29.7,AH0,76,31.9095509,Day,F,L,A,MYSE
151.909,8443,6/3/2015,5/30/2015,10:11:53,7,29.5,AH0,164,31.5355875,Day,F,L,A,MYSE
151.909,8443,6/3/2015,5/26/2015,10:11:55,7,29.2,AH0,255,30.9537504,Day,F,L,A,MYSE
151.909,8443,6/3/2015,5/28/2015,10:11:55,7,29.7,AH0,77,31.9095509,Day,F,L,A,MYSE
151.909,8443,6/3/2015,5/29/2015,10:11:55,7,30.3,AH0,244,32.9663291,Day,F,L,A,MYSE
151.909,8443,6/3/2015,5/30/2015,10:11:55,7,29.5,AH0,166,31.5355875,Day,F,L,A,MYSE
151.909,8443,6/3/2015,5/29/2015,10:11:56,7,30.3,AH0,244,32.9663291,Day,F,L,A,MYSE
151.909,8443,6/3/2015,5/26/2015,10:11:57,7,29.2,AH0,255,30.9537504,Day,F,L,A,MYSE
151.909,8443,6/3/2015,5/30/2015,10:11:57,7,29.5,AH0,165,31.5355875,Day,F,L,A,MYSE
151.909,8443,6/3/2015,5/29/2015,10:11:58,7,30.3,AH0,245,32.9663291,Day,F,L,A,MYSE
151.909,8443,6/3/2015,5/26/2015,10:11:59,7,29.2,AH0,255,30.9537504,Day,F,L,A,MYSE
151.909,8443,6/3/2015,5/30/2015,10:11:59,7,29.5,AH0,165,31.5355875,Day,F,L,A,MYSE
151.909,8443,6/3/2015,5/29/2015,10:12:00,7,30.3,AH0,244,32.9663291,Day,F,L,A,MYSE
151.909,8443,6/3/2015,5/28/2015,10:12:09,7,29.7,AH0,78,31.9095509,Day,F,L,A,MYSE
151.909,8443,6/3/2015,5/28/2015,10:12:11,7,29.7,AH0,79,31.9095509,Day,F,L,A,MYSE
151.909,8443,6/3/2015,5/26/2015,10:12:13,7,29.2,AH0,255,30.9537504,Day,F,L,A,MYSE
151.909,8443,6/3/2015,5/28/2015,10:12:13,7,29.7,AH0,72,31.9095509,Day,F,L,A,MYSE
151.909,8443,6/3/2015,5/30/2015,10:12:13,7,29.5,AH0,168,31.5355875,Day,F,L,A,MYSE
151.909,8443,6/3/2015,5/29/2015,10:12:14,7,30.3,AH0,241,32.9663291,Day,F,L,A,MYSE
151.909,8443,6/3/2015,5/26/2015,10:12:15,7,29.2,AH0,255,30.9537504,Day,F,L,A,MYSE
151.909,8443,6/3/2015,5/28/2015,10:12:15,7,29.7,AH0,74,31.9095509,Day,F,L,A,MYSE
151.909,8443,6/3/2015,5/30/2015,10:12:15,7,29.5,AH0,167,31.5355875,Day,F,L,A,MYSE
151.909,8443,6/3/2015,5/29/2015,10:12:16,7,30.3,AH0,241,32.9663291,Day,F,L,A,MYSE
151.909,8443,6/3/2015,5/26/2015,10:12:18,7,29.2,AH0,255,30.9537504,Day,F,L,A,MYSE
151.909,8443,6/3/2015,5/29/2015,10:12:18,7,30.3,AH0,241,32.9663291,Day,F,L,A,MYSE
151.909,8443,6/3/2015,5/30/2015,10:12:18,7,29.4,AH0,165,31.3444472,Day,F,L,A,MYSE
151.909,8443,6/3/2015,5/26/2015,10:12:20,7,29.2,AH0,255,30.9537504,Day,F,L,A,MYSE
151.909,8443,6/3/2015,5/29/2015,10:12:20,7,30.3,AH0,242,32.9663291,Day,F,L,A,MYSE
151.909,8443,6/3/2015,5/30/2015,10:12:20,7,29.4,AH0,168,31.3444472,Day,F,L,A,MYSE
151.909,8443,6/3/2015,5/28/2015,10:12:29,7,29.7,AH0,79,31.9095509,Day,F,L,A,MYSE
151.909,8443,6/3/2015,5/28/2015,10:12:31,7,29.7,AH0,79,31.9095509,Day,F,L,A,MYSE
151.909,8443,6/3/2015,5/26/2015,10:12:32,7,29.2,AH0,255,30.9537504,Day,F,L,A,MYSE
151.909,8443,6/3/2015,5/28/2015,10:12:33,7,29.7,AH0,79,31.9095509,Day,F,L,A,MYSE
151.909,8443,6/3/2015,5/26/2015,10:12:34,7,29.2,AH0,255,30.9537504,Day,F,L,A,MYSE
151.909,8443,6/3/2015,5/29/2015,10:12:34,7,30.3,AH0,245,32.9663291,Day,F,L,A,MYSE
151.909,8443,6/3/2015,5/30/2015,10:12:34,7,29.4,AH0,165,31.3444472,Day,F,L,A,MYSE
151.909,8443,6/3/2015,5/28/2015,10:12:35,7,29.7,AH0,79,31.9095509,Day,F,L,A,MYSE
151.909,8443,6/3/2015,5/26/2015,10:12:36,7,29.2,AH0,255,30.9537504,Day,F,L,A,MYSE
151.909,8443,6/3/2015,5/29/2015,10:12:36,7,30.3,AH0,243,32.9663291,Day,F,L,A,MYSE
151.909,8443,6/3/2015,5/30/2015,10:12:36,7,29.3,AH0,169,31.1505081,Day,F,L,A,MYSE
151.909,8443,6/3/2015,5/26/2015,10:12:38,7,29.2,AH0,255,30.9537504,Day,F,L,A,MYSE
151.909,8443,6/3/2015,5/29/2015,10:12:38,7,30.3,AH0,245,32.9663291,Day,F,L,A,MYSE
151.909,8443,6/3/2015,5/30/2015,10:12:38,7,29.4,AH0,169,31.3444472,Day,F,L,A,MYSE
151.909,8443,6/3/2015,5/29/2015,10:12:40,7,30.3,AH0,244,32.9663291,Day,F,L,A,MYSE
151.909,8443,6/3/2015,5/28/2015,10:12:49,7,29.7,AH0,73,31.9095509,Day,F,L,A,MYSE
151.909,8443,6/3/2015,5/28/2015,10:12:51,7,29.7,AH0,76,31.9095509,Day,F,L,A,MYSE
151.909,8443,6/3/2015,5/26/2015,10:12:52,7,29.2,AH0,255,30.9537504,Day,F,L,A,MYSE
151.909,8443,6/3/2015,5/30/2015,10:12:52,7,29.4,AH0,168,31.3444472,Day,F,L,A,MYSE
151.909,8443,6/3/2015,5/28/2015,10:12:53,7,29.7,AH0,75,31.9095509,Day,F,L,A,MYSE
151.909,8443,6/3/2015,5/29/2015,10:12:54,7,30.3,AH0,242,32.9663291,Day,F,L,A,MYSE
151.909,8443,6/3/2015,5/30/2015,10:12:54,7,29.4,AH0,168,31.3444472,Day,F,L,A,MYSE
151.909,8443,6/3/2015,5/26/2015,10:12:55,7,29.2,AH0,255,30.9537504,Day,F,L,A,MYSE
151.909,8443,6/3/2015,5/28/2015,10:12:55,7,29.7,AH0,75,31.9095509,Day,F,L,A,MYSE
151.909,8443,6/3/2015,5/29/2015,10:12:56,7,30.4,AH0,241,33.1331712,Day,F,L,A,MYSE
151.909,8443,6/3/2015,5/30/2015,10:12:56,7,29.3,AH0,166,31.1505081,Day,F,L,A,MYSE
151.909,8443,6/3/2015,5/26/2015,10:12:57,7,29.2,AH0,255,30.9537504,Day,F,L,A,MYSE
151.909,8443,6/3/2015,5/29/2015,10:12:58,7,30.3,AH0,242,32.9663291,Day,F,L,A,MYSE
151.909,8443,6/3/2015,5/30/2015,10:12:58,7,29.3,AH0,169,31.1505081,Day,F,L,A,MYSE
151.909,8443,6/3/2015,5/26/2015,10:12:59,7,29.2,AH0,255,30.9537504,Day,F,L,A,MYSE
151.909,8443,6/3/2015,5/29/2015,10:13:00,7,30.4,AH0,242,33.1331712,Day,F,L,A,MYSE
151.909,8443,6/3/2015,5/28/2015,10:13:09,7,29.7,AH0,80,31.9095509,Day,F,L,A,MYSE
151.909,8443,6/3/2015,5/28/2015,10:13:11,7,29.7,AH0,77,31.9095509,Day,F,L,A,MYSE
151.909,8443,6/3/2015,5/26/2015,10:13:13,7,29.2,AH0,255,30.9537504,Day,F,L,A,MYSE
151.909,8443,6/3/2015,5/28/2015,10:13:13,7,29.7,AH0,73,31.9095509,Day,F,L,A,MYSE
151.909,8443,6/3/2015,5/30/2015,10:13:13,7,29.4,AH0,169,31.3444472,Day,F,L,A,MYSE
151.909,8443,6/3/2015,5/29/2015,10:13:14,7,30.4,AH0,245,33.1331712,Day,F,L,A,MYSE
151.909,8443,6/3/2015,5/26/2015,10:13:15,7,29.2,AH0,255,30.9537504,Day,F,L,A,MYSE
151.909,8443,6/3/2015,5/28/2015,10:13:15,7,29.7,AH0,77,31.9095509,Day,F,L,A,MYSE
151.909,8443,6/3/2015,5/30/2015,10:13:15,7,29.4,AH0,165,31.3444472,Day,F,L,A,MYSE
151.909,8443,6/3/2015,5/29/2015,10:13:16,7,30.4,AH0,245,33.1331712,Day,F,L,A,MYSE
151.909,8443,6/3/2015,5/26/2015,10:13:17,7,29.2,AH0,255,30.9537504,Day,F,L,A,MYSE
151.909,8443,6/3/2015,5/30/2015,10:13:17,7,29.4,AH0,168,31.3444472,Day,F,L,A,MYSE
151.909,8443,6/3/2015,5/29/2015,10:13:18,7,30.4,AH0,244,33.1331712,Day,F,L,A,MYSE
151.909,8443,6/3/2015,5/26/2015,10:13:19,7,29.2,AH0,255,30.9537504,Day,F,L,A,MYSE
151.909,8443,6/3/2015,5/30/2015,10:13:19,7,29.4,AH0,165,31.3444472,Day,F,L,A,MYSE
151.909,8443,6/3/2015,5/29/2015,10:13:20,7,30.4,AH0,242,33.1331712,Day,F,L,A,MYSE
151.909,8443,6/3/2015,5/28/2015,10:13:30,7,29.7,AH0,77,31.9095509,Day,F,L,A,MYSE
151.909,8443,6/3/2015,5/28/2015,10:13:32,7,29.7,AH0,81,31.9095509,Day,F,L,A,MYSE
151.909,8443,6/3/2015,5/30/2015,10:13:33,7,29.5,AH0,168,31.5355875,Day,F,L,A,MYSE
151.909,8443,6/3/2015,5/26/2015,10:13:34,7,29.2,AH0,255,30.9537504,Day,F,L,A,MYSE
151.909,8443,6/3/2015,5/28/2015,10:13:34,7,29.7,AH0,74,31.9095509,Day,F,L,A,MYSE
151.909,8443,6/3/2015,5/29/2015,10:13:35,7,30.4,AH0,245,33.1331712,Day,F,L,A,MYSE
151.909,8443,6/3/2015,5/30/2015,10:13:35,7,29.5,AH0,167,31.5355875,Day,F,L,A,MYSE
151.909,8443,6/3/2015,5/26/2015,10:13:36,7,29.2,AH0,255,30.9537504,Day,F,L,A,MYSE
151.909,8443,6/3/2015,5/28/2015,10:13:36,7,29.7,AH0,82,31.9095509,Day,F,L,A,MYSE
151.909,8443,6/3/2015,5/29/2015,10:13:37,7,30.4,AH0,243,33.1331712,Day,F,L,A,MYSE
151.909,8443,6/3/2015,5/30/2015,10:13:37,7,29.5,AH0,166,31.5355875,Day,F,L,A,MYSE
151.909,8443,6/3/2015,5/26/2015,10:13:38,7,29.2,AH0,255,30.9537504,Day,F,L,A,MYSE
151.909,8443,6/3/2015,5/29/2015,10:13:39,7,30.4,AH0,243,33.1331712,Day,F,L,A,MYSE
151.909,8443,6/3/2015,5/30/2015,10:13:39,7,29.5,AH0,163,31.5355875,Day,F,L,A,MYSE
151.909,8443,6/3/2015,5/29/2015,10:13:41,7,30.4,AH0,244,33.1331712,Day,F,L,A,MYSE
151.909,8443,6/3/2015,5/28/2015,10:13:50,7,29.7,AH0,71,31.9095509,Day,F,L,A,MYSE
151.909,8443,6/3/2015,5/26/2015,10:13:52,7,29.2,AH0,255,30.9537504,Day,F,L,A,MYSE
151.909,8443,6/3/2015,5/28/2015,10:13:52,7,29.7,AH0,77,31.9095509,Day,F,L,A,MYSE
151.909,8443,6/3/2015,5/30/2015,10:13:53,7,29.6,AH0,167,31.7239488,Day,F,L,A,MYSE
151.909,8443,6/3/2015,5/26/2015,10:13:54,7,29.2,AH0,255,30.9537504,Day,F,L,A,MYSE
151.909,8443,6/3/2015,5/28/2015,10:13:54,7,29.7,AH0,77,31.9095509,Day,F,L,A,MYSE
151.909,8443,6/3/2015,5/29/2015,10:13:55,7,30.4,AH0,243,33.1331712,Day,F,L,A,MYSE
151.909,8443,6/3/2015,5/30/2015,10:13:55,7,29.6,AH0,165,31.7239488,Day,F,L,A,MYSE
151.909,8443,6/3/2015,5/26/2015,10:13:56,7,29.2,AH0,255,30.9537504,Day,F,L,A,MYSE
151.909,8443,6/3/2015,5/28/2015,10:13:56,7,29.7,AH0,74,31.9095509,Day,F,L,A,MYSE
151.909,8443,6/3/2015,5/29/2015,10:13:57,7,30.4,AH0,243,33.1331712,Day,F,L,A,MYSE
151.909,8443,6/3/2015,5/26/2015,10:13:58,7,29.1,AH0,255,30.7541543,Day,F,L,A,MYSE
151.909,8443,6/3/2015,5/30/2015,10:13:58,7,29.6,AH0,167,31.7239488,Day,F,L,A,MYSE
151.909,8443,6/3/2015,5/29/2015,10:13:59,7,30.4,AH0,242,33.1331712,Day,F,L,A,MYSE
151.909,8443,6/3/2015,5/30/2015,10:14:00,7,29.5,AH0,164,31.5355875,Day,F,L,A,MYSE
151.909,8443,6/3/2015,5/29/2015,10:14:01,7,30.4,AH0,244,33.1331712,Day,F,L,A,MYSE
151.909,8443,6/3/2015,5/28/2015,10:14:10,7,29.7,AH0,79,31.9095509,Day,F,L,A,MYSE
151.909,8443,6/3/2015,5/28/2015,10:14:12,7,29.7,AH0,69,31.9095509,Day,F,L,A,MYSE
151.909,8443,6/3/2015,5/26/2015,10:14:13,7,28.7,AH0,255,29.9269899,Day,F,L,A,MYSE
151.909,8443,6/3/2015,5/28/2015,10:14:14,7,29.7,AH0,79,31.9095509,Day,F,L,A,MYSE
151.909,8443,6/3/2015,5/30/2015,10:14:14,7,29.6,AH0,163,31.7239488,Day,F,L,A,MYSE
151.909,8443,6/3/2015,5/26/2015,10:14:15,7,28.7,AH0,255,29.9269899,Day,F,L,A,MYSE
151.909,8443,6/3/2015,5/29/2015,10:14:15,7,30.4,AH0,246,33.1331712,Day,F,L,A,MYSE
151.909,8443,6/3/2015,5/28/2015,10:14:16,7,29.7,AH0,78,31.9095509,Day,F,L,A,MYSE
151.909,8443,6/3/2015,5/30/2015,10:14:16,7,29.6,AH0,168,31.7239488,Day,F,L,A,MYSE
151.909,8443,6/3/2015,5/26/2015,10:14:17,7,28.6,AH0,255,29.7129048,Day,F,L,A,MYSE
151.909,8443,6/3/2015,5/29/2015,10:14:17,7,30.4,AH0,243,33.1331712,Day,F,L,A,MYSE
151.909,8443,6/3/2015,5/30/2015,10:14:18,7,29.6,AH0,166,31.7239488,Day,F,L,A,MYSE
151.909,8443,6/3/2015,5/26/2015,10:14:19,7,28.6,AH0,255,29.7129048,Day,F,L,A,MYSE
151.909,8443,6/3/2015,5/29/2015,10:14:19,7,30.4,AH0,243,33.1331712,Day,F,L,A,MYSE
151.909,8443,6/3/2015,5/29/2015,10:14:21,7,30.4,AH0,243,33.1331712,Day,F,L,A,MYSE
151.909,8443,6/3/2015,5/28/2015,10:14:28,7,29.7,AH0,75,31.9095509,Day,F,L,A,MYSE
151.909,8443,6/3/2015,5/28/2015,10:14:30,7,29.7,AH0,74,31.9095509,Day,F,L,A,MYSE
151.909,8443,6/3/2015,5/26/2015,10:14:32,7,28.3,AH0,255,29.0528271,Day,F,L,A,MYSE
151.909,8443,6/3/2015,5/28/2015,10:14:32,7,29.7,AH0,72,31.9095509,Day,F,L,A,MYSE
151.909,8443,6/3/2015,5/30/2015,10:14:32,7,29.7,AH0,165,31.9095509,Day,F,L,A,MYSE
151.909,8443,6/3/2015,5/26/2015,10:14:34,7,28.2,AH0,255,28.8267944,Day,F,L,A,MYSE
151.909,8443,6/3/2015,5/28/2015,10:14:34,7,29.6,AH0,73,31.7239488,Day,F,L,A,MYSE
151.909,8443,6/3/2015,5/30/2015,10:14:34,7,29.7,AH0,164,31.9095509,Day,F,L,A,MYSE
151.909,8443,6/3/2015,5/29/2015,10:14:35,7,30.4,AH0,242,33.1331712,Day,F,L,A,MYSE
151.909,8443,6/3/2015,5/26/2015,10:14:36,7,28.2,AH0,255,28.8267944,Day,F,L,A,MYSE
151.909,8443,6/3/2015,5/29/2015,10:14:36,7,30.4,AH0,244,33.1331712,Day,F,L,A,MYSE
151.909,8443,6/3/2015,5/30/2015,10:14:36,7,29.7,AH0,163,31.9095509,Day,F,L,A,MYSE
151.909,8443,6/3/2015,5/26/2015,10:14:38,7,28.2,AH0,255,28.8267944,Day,F,L,A,MYSE
151.909,8443,6/3/2015,5/29/2015,10:14:38,7,30.4,AH0,242,33.1331712,Day,F,L,A,MYSE
151.909,8443,6/3/2015,5/30/2015,10:14:38,7,29.7,AH0,164,31.9095509,Day,F,L,A,MYSE
151.909,8443,6/3/2015,5/29/2015,10:14:40,7,30.4,AH0,240,33.1331712,Day,F,L,A,MYSE
151.909,8443,6/3/2015,5/28/2015,10:14:48,7,29.6,AH0,75,31.7239488,Day,F,L,A,MYSE
151.909,8443,6/3/2015,5/28/2015,10:14:50,7,29.6,AH0,75,31.7239488,Day,F,L,A,MYSE
151.909,8443,6/3/2015,5/28/2015,10:14:52,7,29.6,AH0,76,31.7239488,Day,F,L,A,MYSE
151.909,8443,6/3/2015,5/30/2015,10:14:52,7,29.7,AH0,162,31.9095509,Day,F,L,A,MYSE
151.909,8443,6/3/2015,5/26/2015,10:14:53,7,28,AH0,255,28.3656,Day,F,L,A,MYSE
151.909,8443,6/3/2015,5/28/2015,10:14:54,7,29.6,AH0,71,31.7239488,Day,F,L,A,MYSE
151.909,8443,6/3/2015,5/29/2015,10:14:54,7,30.5,AH0,241,33.2974125,Day,F,L,A,MYSE
151.909,8443,6/3/2015,5/30/2015,10:14:54,7,29.7,AH0,158,31.9095509,Day,F,L,A,MYSE
151.909,8443,6/3/2015,5/26/2015,10:14:55,7,28,AH0,255,28.3656,Day,F,L,A,MYSE
151.909,8443,6/3/2015,5/29/2015,10:14:56,7,30.5,AH0,243,33.2974125,Day,F,L,A,MYSE
151.909,8443,6/3/2015,5/30/2015,10:14:56,7,29.7,AH0,161,31.9095509,Day,F,L,A,MYSE
151.909,8443,6/3/2015,5/26/2015,10:14:57,7,28,AH0,255,28.3656,Day,F,L,A,MYSE
151.909,8443,6/3/2015,5/29/2015,10:14:58,7,30.5,AH0,241,33.2974125,Day,F,L,A,MYSE
151.909,8443,6/3/2015,5/30/2015,10:14:58,7,29.7,AH0,162,31.9095509,Day,F,L,A,MYSE
151.909,8443,6/3/2015,5/29/2015,10:15:00,7,30.5,AH0,244,33.2974125,Day,F,L,A,MYSE
151.909,8443,6/3/2015,5/28/2015,10:15:09,7,29.6,AH0,75,31.7239488,Day,F,L,A,MYSE
151.909,8443,6/3/2015,5/28/2015,10:15:11,7,29.6,AH0,76,31.7239488,Day,F,L,A,MYSE
151.909,8443,6/3/2015,5/30/2015,10:15:12,7,29.7,AH0,166,31.9095509,Day,F,L,A,MYSE
151.909,8443,6/3/2015,5/26/2015,10:15:13,7,27.8,AH0,255,27.8921016,Day,F,L,A,MYSE
151.909,8443,6/3/2015,5/28/2015,10:15:13,7,29.6,AH0,72,31.7239488,Day,F,L,A,MYSE
151.909,8443,6/3/2015,5/29/2015,10:15:14,7,30.5,AH0,241,33.2974125,Day,F,L,A,MYSE
151.909,8443,6/3/2015,5/30/2015,10:15:14,7,29.7,AH0,161,31.9095509,Day,F,L,A,MYSE
151.909,8443,6/3/2015,5/26/2015,10:15:15,7,27.8,AH0,255,27.8921016,Day,F,L,A,MYSE
151.909,8443,6/3/2015,5/28/2015,10:15:15,7,29.6,AH0,80,31.7239488,Day,F,L,A,MYSE
151.909,8443,6/3/2015,5/29/2015,10:15:16,7,30.5,AH0,245,33.2974125,Day,F,L,A,MYSE
151.909,8443,6/3/2015,5/30/2015,10:15:16,7,29.7,AH0,165,31.9095509,Day,F,L,A,MYSE
151.909,8443,6/3/2015,5/26/2015,10:15:17,7,27.8,AH0,255,27.8921016,Day,F,L,A,MYSE
151.909,8443,6/3/2015,5/29/2015,10:15:18,7,30.5,AH0,245,33.2974125,Day,F,L,A,MYSE
151.909,8443,6/3/2015,5/30/2015,10:15:18,7,29.7,AH0,163,31.9095509,Day,F,L,A,MYSE
151.909,8443,6/3/2015,5/26/2015,10:15:19,7,27.7,AH0,255,27.6506889,Day,F,L,A,MYSE
151.909,8443,6/3/2015,5/29/2015,10:15:20,7,30.5,AH0,242,33.2974125,Day,F,L,A,MYSE
151.909,8443,6/3/2015,5/28/2015,10:15:29,7,29.6,AH0,81,31.7239488,Day,F,L,A,MYSE
151.909,8443,6/3/2015,5/28/2015,10:15:31,7,29.6,AH0,82,31.7239488,Day,F,L,A,MYSE
151.909,8443,6/3/2015,5/26/2015,10:15:32,7,27.5,AH0,255,27.1584375,Day,F,L,A,MYSE
151.909,8443,6/3/2015,5/28/2015,10:15:33,7,29.6,AH0,78,31.7239488,Day,F,L,A,MYSE
151.909,8443,6/3/2015,5/30/2015,10:15:33,7,29.7,AH0,165,31.9095509,Day,F,L,A,MYSE
151.909,8443,6/3/2015,5/26/2015,10:15:34,7,27.5,AH0,255,27.1584375,Day,F,L,A,MYSE
151.909,8443,6/3/2015,5/29/2015,10:15:34,7,30.5,AH0,244,33.2974125,Day,F,L,A,MYSE
151.909,8443,6/3/2015,5/28/2015,10:15:35,7,29.6,AH0,71,31.7239488,Day,F,L,A,MYSE
151.909,8443,6/3/2015,5/30/2015,10:15:35,7,29.7,AH0,165,31.9095509,Day,F,L,A,MYSE
151.909,8443,6/3/2015,5/26/2015,10:15:36,7,27.5,AH0,255,27.1584375,Day,F,L,A,MYSE
151.909,8443,6/3/2015,5/29/2015,10:15:36,7,30.5,AH0,243,33.2974125,Day,F,L,A,MYSE
151.909,8443,6/3/2015,5/30/2015,10:15:37,7,29.7,AH0,164,31.9095509,Day,F,L,A,MYSE
151.909,8443,6/3/2015,5/29/2015,10:15:38,7,30.5,AH0,244,33.2974125,Day,F,L,A,MYSE
151.909,8443,6/3/2015,5/26/2015,10:15:39,7,27.5,AH0,255,27.1584375,Day,F,L,A,MYSE
151.909,8443,6/3/2015,5/30/2015,10:15:39,7,29.8,AH0,165,32.0924136,Day,F,L,A,MYSE
151.909,8443,6/3/2015,5/29/2015,10:15:40,7,30.5,AH0,244,33.2974125,Day,F,L,A,MYSE
151.909,8443,6/3/2015,5/28/2015,10:15:49,7,29.6,AH0,76,31.7239488,Day,F,L,A,MYSE
151.909,8443,6/3/2015,5/28/2015,10:15:51,7,29.6,AH0,78,31.7239488,Day,F,L,A,MYSE
151.909,8443,6/3/2015,5/26/2015,10:15:52,7,27.4,AH0,255,26.9075592,Day,F,L,A,MYSE
151.909,8443,6/3/2015,5/28/2015,10:15:53,7,29.6,AH0,68,31.7239488,Day,F,L,A,MYSE
151.909,8443,6/3/2015,5/30/2015,10:15:53,7,29.8,AH0,165,32.0924136,Day,F,L,A,MYSE
151.909,8443,6/3/2015,5/26/2015,10:15:54,7,27.4,AH0,255,26.9075592,Day,F,L,A,MYSE
151.909,8443,6/3/2015,5/28/2015,10:15:55,7,29.6,AH0,74,31.7239488,Day,F,L,A,MYSE
151.909,8443,6/3/2015,5/29/2015,10:15:55,7,30.5,AH0,242,33.2974125,Day,F,L,A,MYSE
151.909,8443,6/3/2015,5/30/2015,10:15:55,7,29.8,AH0,163,32.0924136,Day,F,L,A,MYSE
151.909,8443,6/3/2015,5/26/2015,10:15:56,7,27.3,AH0,255,26.6534861,Day,F,L,A,MYSE
151.909,8443,6/3/2015,5/29/2015,10:15:57,7,30.5,AH0,244,33.2974125,Day,F,L,A,MYSE
151.909,8443,6/3/2015,5/30/2015,10:15:57,7,29.8,AH0,160,32.0924136,Day,F,L,A,MYSE
151.909,8443,6/3/2015,5/26/2015,10:15:58,7,27.3,AH0,255,26.6534861,Day,F,L,A,MYSE
151.909,8443,6/3/2015,5/29/2015,10:15:59,7,30.5,AH0,242,33.2974125,Day,F,L,A,MYSE
151.909,8443,6/3/2015,5/30/2015,10:15:59,7,29.8,AH0,161,32.0924136,Day,F,L,A,MYSE
151.909,8443,6/3/2015,5/29/2015,10:16:01,7,30.5,AH0,244,33.2974125,Day,F,L,A,MYSE
151.909,8443,6/3/2015,5/28/2015,10:16:09,7,29.5,AH0,80,31.5355875,Day,F,L,A,MYSE
151.909,8443,6/3/2015,5/28/2015,10:16:12,7,29.5,AH0,75,31.5355875,Day,F,L,A,MYSE
151.909,8443,6/3/2015,5/30/2015,10:16:13,7,29.9,AH0,163,32.2725567,Day,F,L,A,MYSE
151.909,8443,6/3/2015,5/26/2015,10:16:14,7,27,AH0,255,25.8719,Day,F,L,A,MYSE
151.909,8443,6/3/2015,5/28/2015,10:16:14,7,29.5,AH0,82,31.5355875,Day,F,L,A,MYSE
151.909,8443,6/3/2015,5/29/2015,10:16:15,7,30.5,AH0,243,33.2974125,Day,F,L,A,MYSE
151.909,8443,6/3/2015,5/30/2015,10:16:15,7,29.8,AH0,166,32.0924136,Day,F,L,A,MYSE
151.909,8443,6/3/2015,5/26/2015,10:16:16,7,27,AH0,255,25.8719,Day,F,L,A,MYSE
151.909,8443,6/3/2015,5/28/2015,10:16:16,7,29.5,AH0,78,31.5355875,Day,F,L,A,MYSE
151.909,8443,6/3/2015,5/29/2015,10:16:17,7,30.5,AH0,240,33.2974125,Day,F,L,A,MYSE
151.909,8443,6/3/2015,5/30/2015,10:16:17,7,29.8,AH0,164,32.0924136,Day,F,L,A,MYSE
151.909,8443,6/3/2015,5/26/2015,10:16:18,7,27,AH0,255,25.8719,Day,F,L,A,MYSE
151.909,8443,6/3/2015,5/29/2015,10:16:19,7,30.5,AH0,244,33.2974125,Day,F,L,A,MYSE
151.909,8443,6/3/2015,5/30/2015,10:16:19,7,29.8,AH0,164,32.0924136,Day,F,L,A,MYSE
151.909,8443,6/3/2015,5/29/2015,10:16:21,7,30.5,AH0,244,33.2974125,Day,F,L,A,MYSE
151.909,8443,6/3/2015,5/28/2015,10:16:30,7,29.5,AH0,80,31.5355875,Day,F,L,A,MYSE
151.909,8443,6/3/2015,5/28/2015,10:16:32,7,29.5,AH0,78,31.5355875,Day,F,L,A,MYSE
151.909,8443,6/3/2015,5/30/2015,10:16:33,7,29.9,AH0,167,32.2725567,Day,F,L,A,MYSE
151.909,8443,6/3/2015,5/26/2015,10:16:34,7,26.8,AH0,255,25.3345056,Day,F,L,A,MYSE
151.909,8443,6/3/2015,5/28/2015,10:16:34,7,29.5,AH0,77,31.5355875,Day,F,L,A,MYSE
151.909,8443,6/3/2015,5/29/2015,10:16:35,7,30.5,AH0,244,33.2974125,Day,F,L,A,MYSE
151.909,8443,6/3/2015,5/30/2015,10:16:35,7,29.9,AH0,167,32.2725567,Day,F,L,A,MYSE
151.909,8443,6/3/2015,5/26/2015,10:16:36,7,26.9,AH0,255,25.6048497,Day,F,L,A,MYSE
151.909,8443,6/3/2015,5/28/2015,10:16:36,7,29.5,AH0,72,31.5355875,Day,F,L,A,MYSE
151.909,8443,6/3/2015,5/29/2015,10:16:37,7,30.5,AH0,244,33.2974125,Day,F,L,A,MYSE
151.909,8443,6/3/2015,5/30/2015,10:16:37,7,29.9,AH0,165,32.2725567,Day,F,L,A,MYSE
151.909,8443,6/3/2015,5/26/2015,10:16:38,7,26.9,AH0,255,25.6048497,Day,F,L,A,MYSE
151.909,8443,6/3/2015,5/29/2015,10:16:39,7,30.5,AH0,241,33.2974125,Day,F,L,A,MYSE
151.909,8443,6/3/2015,5/30/2015,10:16:39,7,29.9,AH0,165,32.2725567,Day,F,L,A,MYSE
151.909,8443,6/3/2015,5/29/2015,10:16:40,7,30.5,AH0,243,33.2974125,Day,F,L,A,MYSE
151.909,8443,6/3/2015,5/28/2015,10:16:48,7,29.4,AH0,78,31.3444472,Day,F,L,A,MYSE
151.909,8443,6/3/2015,5/28/2015,10:16:50,7,29.4,AH0,78,31.3444472,Day,F,L,A,MYSE
151.909,8443,6/3/2015,5/26/2015,10:16:52,7,26.9,AH0,255,25.6048497,Day,F,L,A,MYSE
151.909,8443,6/3/2015,5/28/2015,10:16:52,7,29.4,AH0,80,31.3444472,Day,F,L,A,MYSE
151.909,8443,6/3/2015,5/30/2015,10:16:53,7,30,AH0,169,32.45,Day,F,L,A,MYSE
151.909,8443,6/3/2015,5/26/2015,10:16:54,7,26.9,AH0,255,25.6048497,Day,F,L,A,MYSE
151.909,8443,6/3/2015,5/28/2015,10:16:54,7,29.4,AH0,78,31.3444472,Day,F,L,A,MYSE
151.909,8443,6/3/2015,5/29/2015,10:16:54,7,30.5,AH0,245,33.2974125,Day,F,L,A,MYSE
151.909,8443,6/3/2015,5/30/2015,10:16:55,7,30,AH0,169,32.45,Day,F,L,A,MYSE
151.909,8443,6/3/2015,5/26/2015,10:16:56,7,26.9,AH0,255,25.6048497,Day,F,L,A,MYSE
151.909,8443,6/3/2015,5/29/2015,10:16:56,7,30.5,AH0,244,33.2974125,Day,F,L,A,MYSE
151.909,8443,6/3/2015,5/30/2015,10:16:57,7,30,AH0,165,32.45,Day,F,L,A,MYSE
151.909,8443,6/3/2015,5/26/2015,10:16:58,7,26.9,AH0,255,25.6048497,Day,F,L,A,MYSE
151.909,8443,6/3/2015,5/29/2015,10:16:58,7,30.5,AH0,243,33.2974125,Day,F,L,A,MYSE
151.909,8443,6/3/2015,5/30/2015,10:16:59,7,30,AH0,166,32.45,Day,F,L,A,MYSE
151.909,8443,6/3/2015,5/29/2015,10:17:00,7,30.5,AH0,242,33.2974125,Day,F,L,A,MYSE
151.909,8443,6/3/2015,5/28/2015,10:17:09,7,29.4,AH0,78,31.3444472,Day,F,L,A,MYSE
151.909,8443,6/3/2015,5/28/2015,10:17:11,7,29.4,AH0,79,31.3444472,Day,F,L,A,MYSE
151.909,8443,6/3/2015,5/26/2015,10:17:12,7,26.8,AH0,255,25.3345056,Day,F,L,A,MYSE
151.909,8443,6/3/2015,5/28/2015,10:17:13,7,29.4,AH0,79,31.3444472,Day,F,L,A,MYSE
151.909,8443,6/3/2015,5/30/2015,10:17:13,7,30.1,AH0,165,32.6247633,Day,F,L,A,MYSE
151.909,8443,6/3/2015,5/26/2015,10:17:14,7,26.9,AH0,255,25.6048497,Day,F,L,A,MYSE
151.909,8443,6/3/2015,5/29/2015,10:17:14,7,30.5,AH0,245,33.2974125,Day,F,L,A,MYSE
151.909,8443,6/3/2015,5/28/2015,10:17:15,7,29.4,AH0,79,31.3444472,Day,F,L,A,MYSE
151.909,8443,6/3/2015,5/30/2015,10:17:15,7,30.1,AH0,166,32.6247633,Day,F,L,A,MYSE
151.909,8443,6/3/2015,5/26/2015,10:17:16,7,26.9,AH0,255,25.6048497,Day,F,L,A,MYSE
151.909,8443,6/3/2015,5/29/2015,10:17:16,7,30.5,AH0,244,33.2974125,Day,F,L,A,MYSE
151.909,8443,6/3/2015,5/30/2015,10:17:17,7,30.1,AH0,163,32.6247633,Day,F,L,A,MYSE
151.909,8443,6/3/2015,5/29/2015,10:17:18,7,30.5,AH0,243,33.2974125,Day,F,L,A,MYSE
151.909,8443,6/3/2015,5/26/2015,10:17:19,7,26.9,AH0,255,25.6048497,Day,F,L,A,MYSE
151.909,8443,6/3/2015,5/30/2015,10:17:19,7,30.1,AH0,167,32.6247633,Day,F,L,A,MYSE
151.909,8443,6/3/2015,5/29/2015,10:17:20,7,30.5,AH0,243,33.2974125,Day,F,L,A,MYSE
151.909,8443,6/3/2015,5/28/2015,10:17:29,7,29.4,AH0,80,31.3444472,Day,F,L,A,MYSE
151.909,8443,6/3/2015,5/28/2015,10:17:31,7,29.4,AH0,73,31.3444472,Day,F,L,A,MYSE
151.909,8443,6/3/2015,5/26/2015,10:17:32,7,26.9,AH0,255,25.6048497,Day,F,L,A,MYSE
151.909,8443,6/3/2015,5/28/2015,10:17:33,7,29.4,AH0,76,31.3444472,Day,F,L,A,MYSE
151.909,8443,6/3/2015,5/30/2015,10:17:33,7,30.1,AH0,165,32.6247633,Day,F,L,A,MYSE
151.909,8443,6/3/2015,5/26/2015,10:17:34,7,27,AH0,255,25.8719,Day,F,L,A,MYSE
151.909,8443,6/3/2015,5/29/2015,10:17:34,7,30.5,AH0,244,33.2974125,Day,F,L,A,MYSE
151.909,8443,6/3/2015,5/28/2015,10:17:35,7,29.4,AH0,76,31.3444472,Day,F,L,A,MYSE
151.909,8443,6/3/2015,5/30/2015,10:17:35,7,30.1,AH0,163,32.6247633,Day,F,L,A,MYSE
151.909,8443,6/3/2015,5/26/2015,10:17:36,7,27,AH0,255,25.8719,Day,F,L,A,MYSE
151.909,8443,6/3/2015,5/29/2015,10:17:36,7,30.5,AH0,243,33.2974125,Day,F,L,A,MYSE
151.909,8443,6/3/2015,5/30/2015,10:17:37,7,30.1,AH0,169,32.6247633,Day,F,L,A,MYSE
151.909,8443,6/3/2015,5/29/2015,10:17:38,7,30.5,AH0,244,33.2974125,Day,F,L,A,MYSE
151.909,8443,6/3/2015,5/26/2015,10:17:39,7,27,AH0,255,25.8719,Day,F,L,A,MYSE
151.909,8443,6/3/2015,5/29/2015,10:17:39,7,30.5,AH0,242,33.2974125,Day,F,L,A,MYSE
151.909,8443,6/3/2015,5/30/2015,10:17:39,7,30.2,AH0,168,32.7968664,Day,F,L,A,MYSE
151.909,8443,6/3/2015,5/28/2015,10:17:49,7,29.4,AH0,72,31.3444472,Day,F,L,A,MYSE
151.909,8443,6/3/2015,5/28/2015,10:17:51,7,29.4,AH0,78,31.3444472,Day,F,L,A,MYSE
151.909,8443,6/3/2015,5/26/2015,10:17:52,7,27,AH0,255,25.8719,Day,F,L,A,MYSE
151.909,8443,6/3/2015,5/28/2015,10:17:53,7,29.4,AH0,67,31.3444472,Day,F,L,A,MYSE
151.909,8443,6/3/2015,5/30/2015,10:17:53,7,30.2,AH0,165,32.7968664,Day,F,L,A,MYSE
151.909,8443,6/3/2015,5/26/2015,10:17:54,7,27,AH0,255,25.8719,Day,F,L,A,MYSE
151.909,8443,6/3/2015,5/29/2015,10:17:55,7,30.5,AH0,243,33.2974125,Day,F,L,A,MYSE
151.909,8443,6/3/2015,5/30/2015,10:17:55,7,30.2,AH0,165,32.7968664,Day,F,L,A,MYSE
151.909,8443,6/3/2015,5/26/2015,10:17:56,7,27,AH0,255,25.8719,Day,F,L,A,MYSE
151.909,8443,6/3/2015,5/28/2015,10:17:56,7,29.4,AH0,73,31.3444472,Day,F,L,A,MYSE
151.909,8443,6/3/2015,5/29/2015,10:17:57,7,30.5,AH0,243,33.2974125,Day,F,L,A,MYSE
151.909,8443,6/3/2015,5/30/2015,10:17:57,7,30.2,AH0,164,32.7968664,Day,F,L,A,MYSE
151.909,8443,6/3/2015,5/26/2015,10:17:59,7,26.9,AH0,255,25.6048497,Day,F,L,A,MYSE
151.909,8443,6/3/2015,5/29/2015,10:17:59,7,30.5,AH0,242,33.2974125,Day,F,L,A,MYSE
151.909,8443,6/3/2015,5/30/2015,10:17:59,7,30.2,AH0,164,32.7968664,Day,F,L,A,MYSE
151.909,8443,6/3/2015,5/29/2015,10:18:01,7,30.5,AH0,244,33.2974125,Day,F,L,A,MYSE
151.909,8443,6/3/2015,5/28/2015,10:18:10,7,29.4,AH0,74,31.3444472,Day,F,L,A,MYSE
151.909,8443,6/3/2015,5/26/2015,10:18:12,7,26.9,AH0,255,25.6048497,Day,F,L,A,MYSE
151.909,8443,6/3/2015,5/28/2015,10:18:12,7,29.4,AH0,75,31.3444472,Day,F,L,A,MYSE
151.909,8443,6/3/2015,5/30/2015,10:18:13,7,30.2,AH0,164,32.7968664,Day,F,L,A,MYSE
151.909,8443,6/3/2015,5/26/2015,10:18:14,7,26.9,AH0,255,25.6048497,Day,F,L,A,MYSE
151.909,8443,6/3/2015,5/28/2015,10:18:14,7,29.4,AH0,72,31.3444472,Day,F,L,A,MYSE
151.909,8443,6/3/2015,5/29/2015,10:18:15,7,30.5,AH0,241,33.2974125,Day,F,L,A,MYSE
151.909,8443,6/3/2015,5/30/2015,10:18:15,7,30.2,AH0,160,32.7968664,Day,F,L,A,MYSE
151.909,8443,6/3/2015,5/28/2015,10:18:16,7,29.4,AH0,76,31.3444472,Day,F,L,A,MYSE
151.909,8443,6/3/2015,5/26/2015,10:18:17,7,26.9,AH0,255,25.6048497,Day,F,L,A,MYSE
151.909,8443,6/3/2015,5/29/2015,10:18:17,7,30.5,AH0,244,33.2974125,Day,F,L,A,MYSE
151.909,8443,6/3/2015,5/30/2015,10:18:17,7,30.2,AH0,163,32.7968664,Day,F,L,A,MYSE
151.909,8443,6/3/2015,5/26/2015,10:18:19,7,26.9,AH0,255,25.6048497,Day,F,L,A,MYSE
151.909,8443,6/3/2015,5/29/2015,10:18:19,7,30.5,AH0,244,33.2974125,Day,F,L,A,MYSE
151.909,8443,6/3/2015,5/30/2015,10:18:19,7,30.2,AH0,166,32.7968664,Day,F,L,A,MYSE
151.909,8443,6/3/2015,5/29/2015,10:18:21,7,30.5,AH0,244,33.2974125,Day,F,L,A,MYSE
151.909,8443,6/3/2015,5/28/2015,10:18:28,7,29.4,AH0,72,31.3444472,Day,F,L,A,MYSE
151.909,8443,6/3/2015,5/28/2015,10:18:30,7,29.4,AH0,76,31.3444472,Day,F,L,A,MYSE
151.909,8443,6/3/2015,5/28/2015,10:18:32,7,29.4,AH0,73,31.3444472,Day,F,L,A,MYSE
151.909,8443,6/3/2015,5/26/2015,10:18:33,7,26.9,AH0,255,25.6048497,Day,F,L,A,MYSE
151.909,8443,6/3/2015,5/30/2015,10:18:33,7,30.3,AH0,164,32.9663291,Day,F,L,A,MYSE
151.909,8443,6/3/2015,5/28/2015,10:18:34,7,29.4,AH0,71,31.3444472,Day,F,L,A,MYSE
151.909,8443,6/3/2015,5/29/2015,10:18:34,7,30.5,AH0,242,33.2974125,Day,F,L,A,MYSE
151.909,8443,6/3/2015,5/26/2015,10:18:35,7,26.9,AH0,255,25.6048497,Day,F,L,A,MYSE
151.909,8443,6/3/2015,5/30/2015,10:18:35,7,30.3,AH0,168,32.9663291,Day,F,L,A,MYSE
151.909,8443,6/3/2015,5/29/2015,10:18:36,7,30.6,AH0,244,33.4590728,Day,F,L,A,MYSE
151.909,8443,6/3/2015,5/30/2015,10:18:37,7,30.3,AH0,165,32.9663291,Day,F,L,A,MYSE
151.909,8443,6/3/2015,5/26/2015,10:18:38,7,26.9,AH0,255,25.6048497,Day,F,L,A,MYSE
151.909,8443,6/3/2015,5/29/2015,10:18:38,7,30.5,AH0,244,33.2974125,Day,F,L,A,MYSE
151.909,8443,6/3/2015,5/30/2015,10:18:38,7,30.3,AH0,164,32.9663291,Day,F,L,A,MYSE
151.909,8443,6/3/2015,5/26/2015,10:18:40,7,26.9,AH0,255,25.6048497,Day,F,L,A,MYSE
151.909,8443,6/3/2015,5/29/2015,10:18:40,7,30.6,AH0,241,33.4590728,Day,F,L,A,MYSE
151.909,8443,6/3/2015,5/28/2015,10:18:49,7,29.4,AH0,72,31.3444472,Day,F,L,A,MYSE
151.909,8443,6/3/2015,5/28/2015,10:18:51,7,29.4,AH0,74,31.3444472,Day,F,L,A,MYSE
151.909,8443,6/3/2015,5/30/2015,10:18:52,7,30.4,AH0,163,33.1331712,Day,F,L,A,MYSE
151.909,8443,6/3/2015,5/26/2015,10:18:53,7,26.9,AH0,255,25.6048497,Day,F,L,A,MYSE
151.909,8443,6/3/2015,5/28/2015,10:18:53,7,29.4,AH0,70,31.3444472,Day,F,L,A,MYSE
151.909,8443,6/3/2015,5/29/2015,10:18:54,7,30.6,AH0,243,33.4590728,Day,F,L,A,MYSE
151.909,8443,6/3/2015,5/30/2015,10:18:54,7,30.4,AH0,168,33.1331712,Day,F,L,A,MYSE
151.909,8443,6/3/2015,5/26/2015,10:18:55,7,26.9,AH0,255,25.6048497,Day,F,L,A,MYSE
151.909,8443,6/3/2015,5/28/2015,10:18:55,7,29.4,AH0,71,31.3444472,Day,F,L,A,MYSE
151.909,8443,6/3/2015,5/29/2015,10:18:56,7,30.6,AH0,244,33.4590728,Day,F,L,A,MYSE
151.909,8443,6/3/2015,5/30/2015,10:18:56,7,30.4,AH0,165,33.1331712,Day,F,L,A,MYSE
151.909,8443,6/3/2015,5/26/2015,10:18:58,7,26.9,AH0,255,25.6048497,Day,F,L,A,MYSE
151.909,8443,6/3/2015,5/29/2015,10:18:58,7,30.6,AH0,241,33.4590728,Day,F,L,A,MYSE
151.909,8443,6/3/2015,5/30/2015,10:18:58,7,30.4,AH0,164,33.1331712,Day,F,L,A,MYSE
151.909,8443,6/3/2015,5/26/2015,10:19:00,7,26.9,AH0,255,25.6048497,Day,F,L,A,MYSE
151.909,8443,6/3/2015,5/29/2015,10:19:00,7,30.6,AH0,244,33.4590728,Day,F,L,A,MYSE
151.909,8443,6/3/2015,5/28/2015,10:19:09,7,29.4,AH0,68,31.3444472,Day,F,L,A,MYSE
151.909,8443,6/3/2015,5/28/2015,10:19:11,7,29.4,AH0,70,31.3444472,Day,F,L,A,MYSE
151.909,8443,6/3/2015,5/30/2015,10:19:12,7,30.4,AH0,166,33.1331712,Day,F,L,A,MYSE
151.909,8443,6/3/2015,5/26/2015,10:19:13,7,26.9,AH0,255,25.6048497,Day,F,L,A,MYSE
151.909,8443,6/3/2015,5/28/2015,10:19:13,7,29.4,AH0,71,31.3444472,Day,F,L,A,MYSE
151.909,8443,6/3/2015,5/29/2015,10:19:14,7,30.6,AH0,243,33.4590728,Day,F,L,A,MYSE
151.909,8443,6/3/2015,5/30/2015,10:19:14,7,30.4,AH0,166,33.1331712,Day,F,L,A,MYSE
151.909,8443,6/3/2015,5/28/2015,10:19:15,7,29.4,AH0,71,31.3444472,Day,F,L,A,MYSE
151.909,8443,6/3/2015,5/26/2015,10:19:16,7,27,AH0,255,25.8719,Day,F,L,A,MYSE
151.909,8443,6/3/2015,5/29/2015,10:19:16,7,30.6,AH0,243,33.4590728,Day,F,L,A,MYSE
151.909,8443,6/3/2015,5/30/2015,10:19:16,7,30.4,AH0,164,33.1331712,Day,F,L,A,MYSE
151.909,8443,6/3/2015,5/26/2015,10:19:18,7,27,AH0,255,25.8719,Day,F,L,A,MYSE
151.909,8443,6/3/2015,5/29/2015,10:19:18,7,30.6,AH0,244,33.4590728,Day,F,L,A,MYSE
151.909,8443,6/3/2015,5/30/2015,10:19:18,7,30.4,AH0,165,33.1331712,Day,F,L,A,MYSE
151.909,8443,6/3/2015,5/26/2015,10:19:20,7,27,AH0,255,25.8719,Day,F,L,A,MYSE
151.909,8443,6/3/2015,5/29/2015,10:19:20,7,30.6,AH0,244,33.4590728,Day,F,L,A,MYSE
151.909,8443,6/3/2015,5/28/2015,10:19:29,7,29.4,AH0,73,31.3444472,Day,F,L,A,MYSE
151.909,8443,6/3/2015,5/28/2015,10:19:32,7,29.4,AH0,72,31.3444472,Day,F,L,A,MYSE
151.909,8443,6/3/2015,5/30/2015,10:19:32,7,30.4,AH0,167,33.1331712,Day,F,L,A,MYSE
151.909,8443,6/3/2015,5/26/2015,10:19:33,7,27.1,AH0,255,26.1356763,Day,F,L,A,MYSE
151.909,8443,6/3/2015,5/29/2015,10:19:33,7,30.6,AH0,243,33.4590728,Day,F,L,A,MYSE
151.909,8443,6/3/2015,5/28/2015,10:19:34,7,29.4,AH0,75,31.3444472,Day,F,L,A,MYSE
151.909,8443,6/3/2015,5/30/2015,10:19:34,7,30.4,AH0,165,33.1331712,Day,F,L,A,MYSE
151.909,8443,6/3/2015,5/29/2015,10:19:35,7,30.5,AH0,243,33.2974125,Day,F,L,A,MYSE
151.909,8443,6/3/2015,5/26/2015,10:19:36,7,27,AH0,255,25.8719,Day,F,L,A,MYSE
151.909,8443,6/3/2015,5/28/2015,10:19:36,7,29.4,AH0,74,31.3444472,Day,F,L,A,MYSE
151.909,8443,6/3/2015,5/30/2015,10:19:36,7,30.4,AH0,167,33.1331712,Day,F,L,A,MYSE
151.909,8443,6/3/2015,5/29/2015,10:19:37,7,30.6,AH0,243,33.4590728,Day,F,L,A,MYSE
151.909,8443,6/3/2015,5/26/2015,10:19:38,7,27.1,AH0,255,26.1356763,Day,F,L,A,MYSE
151.909,8443,6/3/2015,5/30/2015,10:19:38,7,30.4,AH0,164,33.1331712,Day,F,L,A,MYSE
151.909,8443,6/3/2015,5/29/2015,10:19:39,7,30.5,AH0,244,33.2974125,Day,F,L,A,MYSE
151.909,8443,6/3/2015,5/26/2015,10:19:40,7,27.2,AH0,255,26.3961984,Day,F,L,A,MYSE
151.909,8443,6/3/2015,5/30/2015,10:19:40,7,30.4,AH0,166,33.1331712,Day,F,L,A,MYSE
151.909,8443,6/3/2015,5/29/2015,10:19:41,7,30.5,AH0,244,33.2974125,Day,F,L,A,MYSE
151.909,8443,6/3/2015,5/28/2015,10:19:50,7,29.4,AH0,72,31.3444472,Day,F,L,A,MYSE
151.909,8443,6/3/2015,5/28/2015,10:19:52,7,29.4,AH0,74,31.3444472,Day,F,L,A,MYSE
151.909,8443,6/3/2015,5/26/2015,10:19:53,7,27.2,AH0,255,26.3961984,Day,F,L,A,MYSE
151.909,8443,6/3/2015,5/30/2015,10:19:53,7,30.3,AH0,166,32.9663291,Day,F,L,A,MYSE
151.909,8443,6/3/2015,5/28/2015,10:19:54,7,29.4,AH0,75,31.3444472,Day,F,L,A,MYSE
151.909,8443,6/3/2015,5/26/2015,10:19:55,7,27.3,AH0,255,26.6534861,Day,F,L,A,MYSE
151.909,8443,6/3/2015,5/29/2015,10:19:55,7,30.5,AH0,243,33.2974125,Day,F,L,A,MYSE
151.909,8443,6/3/2015,5/30/2015,10:19:55,7,30.3,AH0,169,32.9663291,Day,F,L,A,MYSE
151.909,8443,6/3/2015,5/29/2015,10:19:57,7,30.5,AH0,243,33.2974125,Day,F,L,A,MYSE
151.909,8443,6/3/2015,5/30/2015,10:19:57,7,30.3,AH0,165,32.9663291,Day,F,L,A,MYSE
151.909,8443,6/3/2015,5/26/2015,10:19:58,7,27.3,AH0,255,26.6534861,Day,F,L,A,MYSE
151.909,8443,6/3/2015,5/29/2015,10:19:59,7,30.5,AH0,242,33.2974125,Day,F,L,A,MYSE
151.909,8443,6/3/2015,5/30/2015,10:19:59,7,30.3,AH0,164,32.9663291,Day,F,L,A,MYSE
151.909,8443,6/3/2015,5/26/2015,10:20:00,7,27.3,AH0,255,26.6534861,Day,F,L,A,MYSE
151.909,8443,6/3/2015,5/29/2015,10:20:01,7,30.5,AH0,244,33.2974125,Day,F,L,A,MYSE
151.909,8443,6/3/2015,5/28/2015,10:20:08,7,29.5,AH0,64,31.5355875,Day,F,L,A,MYSE
151.909,8443,6/3/2015,5/28/2015,10:20:10,7,29.5,AH0,74,31.5355875,Day,F,L,A,MYSE
151.909,8443,6/3/2015,5/28/2015,10:20:12,7,29.5,AH0,72,31.5355875,Day,F,L,A,MYSE
151.909,8443,6/3/2015,5/26/2015,10:20:13,7,27.5,AH0,255,27.1584375,Day,F,L,A,MYSE
151.909,8443,6/3/2015,5/30/2015,10:20:13,7,30.3,AH0,164,32.9663291,Day,F,L,A,MYSE
151.909,8443,6/3/2015,5/28/2015,10:20:14,7,29.5,AH0,68,31.5355875,Day,F,L,A,MYSE
151.909,8443,6/3/2015,5/26/2015,10:20:15,7,27.5,AH0,255,27.1584375,Day,F,L,A,MYSE
151.909,8443,6/3/2015,5/29/2015,10:20:15,7,30.5,AH0,244,33.2974125,Day,F,L,A,MYSE
151.909,8443,6/3/2015,5/30/2015,10:20:15,7,30.3,AH0,166,32.9663291,Day,F,L,A,MYSE
151.909,8443,6/3/2015,5/26/2015,10:20:17,7,27.5,AH0,255,27.1584375,Day,F,L,A,MYSE
151.909,8443,6/3/2015,5/29/2015,10:20:17,7,30.5,AH0,242,33.2974125,Day,F,L,A,MYSE
151.909,8443,6/3/2015,5/30/2015,10:20:17,7,30.3,AH0,166,32.9663291,Day,F,L,A,MYSE
151.909,8443,6/3/2015,5/26/2015,10:20:19,7,27.5,AH0,255,27.1584375,Day,F,L,A,MYSE
151.909,8443,6/3/2015,5/29/2015,10:20:19,7,30.5,AH0,245,33.2974125,Day,F,L,A,MYSE
151.909,8443,6/3/2015,5/30/2015,10:20:19,7,30.3,AH0,167,32.9663291,Day,F,L,A,MYSE
151.909,8443,6/3/2015,5/29/2015,10:20:21,7,30.5,AH0,243,33.2974125,Day,F,L,A,MYSE
151.909,8443,6/3/2015,5/28/2015,10:20:29,7,29.5,AH0,68,31.5355875,Day,F,L,A,MYSE
151.909,8443,6/3/2015,5/28/2015,10:20:31,7,29.5,AH0,70,31.5355875,Day,F,L,A,MYSE
151.909,8443,6/3/2015,5/28/2015,10:20:33,7,29.5,AH0,78,31.5355875,Day,F,L,A,MYSE
151.909,8443,6/3/2015,5/30/2015,10:20:33,7,30.3,AH0,167,32.9663291,Day,F,L,A,MYSE
151.909,8443,6/3/2015,5/29/2015,10:20:34,7,30.5,AH0,241,33.2974125,Day,F,L,A,MYSE
151.909,8443,6/3/2015,5/26/2015,10:20:35,7,27.5,AH0,255,27.1584375,Day,F,L,A,MYSE
151.909,8443,6/3/2015,5/28/2015,10:20:35,7,29.5,AH0,71,31.5355875,Day,F,L,A,MYSE
151.909,8443,6/3/2015,5/30/2015,10:20:35,7,30.3,AH0,168,32.9663291,Day,F,L,A,MYSE
151.909,8443,6/3/2015,5/29/2015,10:20:36,7,30.5,AH0,241,33.2974125,Day,F,L,A,MYSE
151.909,8443,6/3/2015,5/26/2015,10:20:37,7,27.5,AH0,255,27.1584375,Day,F,L,A,MYSE
151.909,8443,6/3/2015,5/30/2015,10:20:37,7,30.3,AH0,163,32.9663291,Day,F,L,A,MYSE
151.909,8443,6/3/2015,5/29/2015,10:20:38,7,30.5,AH0,244,33.2974125,Day,F,L,A,MYSE
151.909,8443,6/3/2015,5/26/2015,10:20:39,7,27.5,AH0,255,27.1584375,Day,F,L,A,MYSE
151.909,8443,6/3/2015,5/30/2015,10:20:39,7,30.4,AH0,167,33.1331712,Day,F,L,A,MYSE
151.909,8443,6/3/2015,5/29/2015,10:20:40,7,30.5,AH0,242,33.2974125,Day,F,L,A,MYSE
151.909,8443,6/3/2015,5/28/2015,10:20:49,7,29.6,AH0,73,31.7239488,Day,F,L,A,MYSE
151.909,8443,6/3/2015,5/28/2015,10:20:51,7,29.6,AH0,73,31.7239488,Day,F,L,A,MYSE
151.909,8443,6/3/2015,5/28/2015,10:20:53,7,29.6,AH0,68,31.7239488,Day,F,L,A,MYSE
151.909,8443,6/3/2015,5/30/2015,10:20:53,7,30.4,AH0,163,33.1331712,Day,F,L,A,MYSE
151.909,8443,6/3/2015,5/26/2015,10:20:54,7,27.5,AH0,255,27.1584375,Day,F,L,A,MYSE
151.909,8443,6/3/2015,5/29/2015,10:20:54,7,30.5,AH0,244,33.2974125,Day,F,L,A,MYSE
151.909,8443,6/3/2015,5/28/2015,10:20:55,7,29.6,AH0,71,31.7239488,Day,F,L,A,MYSE
151.909,8443,6/3/2015,5/30/2015,10:20:55,7,30.4,AH0,168,33.1331712,Day,F,L,A,MYSE
151.909,8443,6/3/2015,5/29/2015,10:20:56,7,30.5,AH0,245,33.2974125,Day,F,L,A,MYSE
151.909,8443,6/3/2015,5/26/2015,10:20:57,7,27.5,AH0,255,27.1584375,Day,F,L,A,MYSE
151.909,8443,6/3/2015,5/30/2015,10:20:57,7,30.4,AH0,165,33.1331712,Day,F,L,A,MYSE
151.909,8443,6/3/2015,5/29/2015,10:20:58,7,30.5,AH0,245,33.2974125,Day,F,L,A,MYSE
151.909,8443,6/3/2015,5/26/2015,10:20:59,7,27.5,AH0,255,27.1584375,Day,F,L,A,MYSE
151.909,8443,6/3/2015,5/30/2015,10:20:59,7,30.4,AH0,163,33.1331712,Day,F,L,A,MYSE
151.909,8443,6/3/2015,5/29/2015,10:21:00,7,30.5,AH0,243,33.2974125,Day,F,L,A,MYSE
151.909,8443,6/3/2015,5/28/2015,10:21:09,7,29.6,AH0,75,31.7239488,Day,F,L,A,MYSE
151.909,8443,6/3/2015,5/28/2015,10:21:11,7,29.6,AH0,73,31.7239488,Day,F,L,A,MYSE
151.909,8443,6/3/2015,5/28/2015,10:21:13,7,29.6,AH0,74,31.7239488,Day,F,L,A,MYSE
151.909,8443,6/3/2015,5/30/2015,10:21:13,7,30.3,AH0,161,32.9663291,Day,F,L,A,MYSE
151.909,8443,6/3/2015,5/26/2015,10:21:14,7,27.6,AH0,255,27.4061408,Day,F,L,A,MYSE
151.909,8443,6/3/2015,5/29/2015,10:21:14,7,30.5,AH0,243,33.2974125,Day,F,L,A,MYSE
151.909,8443,6/3/2015,5/28/2015,10:21:15,7,29.6,AH0,76,31.7239488,Day,F,L,A,MYSE
151.909,8443,6/3/2015,5/30/2015,10:21:15,7,30.3,AH0,164,32.9663291,Day,F,L,A,MYSE
151.909,8443,6/3/2015,5/26/2015,10:21:16,7,27.6,AH0,255,27.4061408,Day,F,L,A,MYSE
151.909,8443,6/3/2015,5/29/2015,10:21:16,7,30.5,AH0,242,33.2974125,Day,F,L,A,MYSE
151.909,8443,6/3/2015,5/30/2015,10:21:17,7,30.3,AH0,163,32.9663291,Day,F,L,A,MYSE
151.909,8443,6/3/2015,5/26/2015,10:21:18,7,27.6,AH0,255,27.4061408,Day,F,L,A,MYSE
151.909,8443,6/3/2015,5/29/2015,10:21:18,7,30.5,AH0,243,33.2974125,Day,F,L,A,MYSE
151.909,8443,6/3/2015,5/30/2015,10:21:19,7,30.3,AH0,167,32.9663291,Day,F,L,A,MYSE
151.909,8443,6/3/2015,5/29/2015,10:21:20,7,30.5,AH0,243,33.2974125,Day,F,L,A,MYSE
151.909,8443,6/3/2015,5/28/2015,10:21:29,7,29.6,AH0,73,31.7239488,Day,F,L,A,MYSE
151.909,8443,6/3/2015,5/28/2015,10:21:31,7,29.6,AH0,75,31.7239488,Day,F,L,A,MYSE
151.909,8443,6/3/2015,5/30/2015,10:21:32,7,30.2,AH0,164,32.7968664,Day,F,L,A,MYSE
151.909,8443,6/3/2015,5/28/2015,10:21:33,7,29.6,AH0,72,31.7239488,Day,F,L,A,MYSE
151.909,8443,6/3/2015,5/29/2015,10:21:33,7,30.5,AH0,243,33.2974125,Day,F,L,A,MYSE
151.909,8443,6/3/2015,5/26/2015,10:21:34,7,27.6,AH0,255,27.4061408,Day,F,L,A,MYSE
151.909,8443,6/3/2015,5/30/2015,10:21:34,7,30.2,AH0,163,32.7968664,Day,F,L,A,MYSE
151.909,8443,6/3/2015,5/28/2015,10:21:35,7,29.6,AH0,68,31.7239488,Day,F,L,A,MYSE
151.909,8443,6/3/2015,5/29/2015,10:21:35,7,30.5,AH0,244,33.2974125,Day,F,L,A,MYSE
151.909,8443,6/3/2015,5/26/2015,10:21:36,7,27.6,AH0,255,27.4061408,Day,F,L,A,MYSE
151.909,8443,6/3/2015,5/30/2015,10:21:36,7,30.2,AH0,167,32.7968664,Day,F,L,A,MYSE
151.909,8443,6/3/2015,5/29/2015,10:21:37,7,30.6,AH0,243,33.4590728,Day,F,L,A,MYSE
151.909,8443,6/3/2015,5/26/2015,10:21:38,7,27.6,AH0,255,27.4061408,Day,F,L,A,MYSE
151.909,8443,6/3/2015,5/30/2015,10:21:38,7,30.2,AH0,164,32.7968664,Day,F,L,A,MYSE
151.909,8443,6/3/2015,5/29/2015,10:21:39,7,30.5,AH0,242,33.2974125,Day,F,L,A,MYSE
151.909,8443,6/3/2015,5/26/2015,10:21:40,7,27.6,AH0,255,27.4061408,Day,F,L,A,MYSE
151.909,8443,6/3/2015,5/29/2015,10:21:41,7,30.5,AH0,244,33.2974125,Day,F,L,A,MYSE
151.909,8443,6/3/2015,5/28/2015,10:21:50,7,29.6,AH0,79,31.7239488,Day,F,L,A,MYSE
151.909,8443,6/3/2015,5/28/2015,10:21:52,7,29.7,AH0,76,31.9095509,Day,F,L,A,MYSE
151.909,8443,6/3/2015,5/30/2015,10:21:52,7,30.1,AH0,167,32.6247633,Day,F,L,A,MYSE
151.909,8443,6/3/2015,5/26/2015,10:21:53,7,27.6,AH0,255,27.4061408,Day,F,L,A,MYSE
151.909,8443,6/3/2015,5/28/2015,10:21:54,7,29.7,AH0,74,31.9095509,Day,F,L,A,MYSE
151.909,8443,6/3/2015,5/30/2015,10:21:54,7,30.1,AH0,167,32.6247633,Day,F,L,A,MYSE
151.909,8443,6/3/2015,5/26/2015,10:21:55,7,27.6,AH0,255,27.4061408,Day,F,L,A,MYSE
151.909,8443,6/3/2015,5/29/2015,10:21:55,7,30.5,AH0,243,33.2974125,Day,F,L,A,MYSE
151.909,8443,6/3/2015,5/28/2015,10:21:56,7,29.7,AH0,74,31.9095509,Day,F,L,A,MYSE
151.909,8443,6/3/2015,5/30/2015,10:21:56,7,30.1,AH0,163,32.6247633,Day,F,L,A,MYSE
151.909,8443,6/3/2015,5/26/2015,10:21:57,7,27.6,AH0,255,27.4061408,Day,F,L,A,MYSE
151.909,8443,6/3/2015,5/29/2015,10:21:57,7,30.6,AH0,243,33.4590728,Day,F,L,A,MYSE
151.909,8443,6/3/2015,5/30/2015,10:21:58,7,30.1,AH0,163,32.6247633,Day,F,L,A,MYSE
151.909,8443,6/3/2015,5/29/2015,10:21:59,7,30.6,AH0,245,33.4590728,Day,F,L,A,MYSE
151.909,8443,6/3/2015,5/26/2015,10:22:00,7,27.7,AH0,255,27.6506889,Day,F,L,A,MYSE
151.909,8443,6/3/2015,5/29/2015,10:22:01,7,30.6,AH0,242,33.4590728,Day,F,L,A,MYSE
151.909,8443,6/3/2015,5/28/2015,10:22:10,7,29.7,AH0,75,31.9095509,Day,F,L,A,MYSE
151.909,8443,6/3/2015,5/28/2015,10:22:12,7,29.7,AH0,74,31.9095509,Day,F,L,A,MYSE
151.909,8443,6/3/2015,5/30/2015,10:22:12,7,30.1,AH0,170,32.6247633,Day,F,L,A,MYSE
151.909,8443,6/3/2015,5/26/2015,10:22:13,7,27.7,AH0,255,27.6506889,Day,F,L,A,MYSE
151.909,8443,6/3/2015,5/28/2015,10:22:14,7,29.7,AH0,72,31.9095509,Day,F,L,A,MYSE
151.909,8443,6/3/2015,5/30/2015,10:22:14,7,30.2,AH0,165,32.7968664,Day,F,L,A,MYSE
151.909,8443,6/3/2015,5/26/2015,10:22:15,7,27.7,AH0,255,27.6506889,Day,F,L,A,MYSE
151.909,8443,6/3/2015,5/29/2015,10:22:15,7,30.6,AH0,241,33.4590728,Day,F,L,A,MYSE
151.909,8443,6/3/2015,5/30/2015,10:22:16,7,30.2,AH0,166,32.7968664,Day,F,L,A,MYSE
151.909,8443,6/3/2015,5/26/2015,10:22:17,7,27.7,AH0,255,27.6506889,Day,F,L,A,MYSE
151.909,8443,6/3/2015,5/29/2015,10:22:17,7,30.6,AH0,243,33.4590728,Day,F,L,A,MYSE
151.909,8443,6/3/2015,5/29/2015,10:22:18,7,30.6,AH0,244,33.4590728,Day,F,L,A,MYSE
151.909,8443,6/3/2015,5/30/2015,10:22:18,7,30.2,AH0,170,32.7968664,Day,F,L,A,MYSE
151.909,8443,6/3/2015,5/26/2015,10:22:19,7,27.7,AH0,255,27.6506889,Day,F,L,A,MYSE
151.909,8443,6/3/2015,5/29/2015,10:22:20,7,30.5,AH0,244,33.2974125,Day,F,L,A,MYSE
151.909,8443,6/3/2015,5/28/2015,10:22:28,7,29.7,AH0,74,31.9095509,Day,F,L,A,MYSE
151.909,8443,6/3/2015,5/28/2015,10:22:30,7,29.7,AH0,76,31.9095509,Day,F,L,A,MYSE
151.909,8443,6/3/2015,5/28/2015,10:22:32,7,29.7,AH0,76,31.9095509,Day,F,L,A,MYSE
151.909,8443,6/3/2015,5/30/2015,10:22:32,7,30.2,AH0,165,32.7968664,Day,F,L,A,MYSE
151.909,8443,6/3/2015,5/26/2015,10:22:34,7,27.7,AH0,255,27.6506889,Day,F,L,A,MYSE
151.909,8443,6/3/2015,5/28/2015,10:22:34,7,29.7,AH0,74,31.9095509,Day,F,L,A,MYSE
151.909,8443,6/3/2015,5/29/2015,10:22:34,7,30.5,AH0,239,33.2974125,Day,F,L,A,MYSE
151.909,8443,6/3/2015,5/30/2015,10:22:34,7,30.2,AH0,168,32.7968664,Day,F,L,A,MYSE
151.909,8443,6/3/2015,5/26/2015,10:22:36,7,27.7,AH0,255,27.6506889,Day,F,L,A,MYSE
151.909,8443,6/3/2015,5/29/2015,10:22:36,7,30.5,AH0,241,33.2974125,Day,F,L,A,MYSE
151.909,8443,6/3/2015,5/30/2015,10:22:36,7,30.3,AH0,164,32.9663291,Day,F,L,A,MYSE
151.909,8443,6/3/2015,5/29/2015,10:22:38,7,30.5,AH0,242,33.2974125,Day,F,L,A,MYSE
151.909,8443,6/3/2015,5/30/2015,10:22:38,7,30.3,AH0,168,32.9663291,Day,F,L,A,MYSE
151.909,8443,6/3/2015,5/26/2015,10:22:39,7,27.7,AH0,255,27.6506889,Day,F,L,A,MYSE
151.909,8443,6/3/2015,5/29/2015,10:22:40,7,30.5,AH0,242,33.2974125,Day,F,L,A,MYSE
151.909,8443,6/3/2015,5/28/2015,10:22:48,7,29.7,AH0,73,31.9095509,Day,F,L,A,MYSE
151.909,8443,6/3/2015,5/28/2015,10:22:50,7,29.7,AH0,73,31.9095509,Day,F,L,A,MYSE
151.909,8443,6/3/2015,5/28/2015,10:22:52,7,29.7,AH0,76,31.9095509,Day,F,L,A,MYSE
151.909,8443,6/3/2015,5/30/2015,10:22:52,7,30.3,AH0,167,32.9663291,Day,F,L,A,MYSE
151.909,8443,6/3/2015,5/26/2015,10:22:54,7,27.7,AH0,255,27.6506889,Day,F,L,A,MYSE
151.909,8443,6/3/2015,5/28/2015,10:22:54,7,29.7,AH0,76,31.9095509,Day,F,L,A,MYSE
151.909,8443,6/3/2015,5/29/2015,10:22:54,7,30.5,AH0,241,33.2974125,Day,F,L,A,MYSE
151.909,8443,6/3/2015,5/30/2015,10:22:54,7,30.3,AH0,163,32.9663291,Day,F,L,A,MYSE
151.909,8443,6/3/2015,5/26/2015,10:22:56,7,27.7,AH0,255,27.6506889,Day,F,L,A,MYSE
151.909,8443,6/3/2015,5/29/2015,10:22:56,7,30.5,AH0,244,33.2974125,Day,F,L,A,MYSE
151.909,8443,6/3/2015,5/30/2015,10:22:56,7,30.3,AH0,168,32.9663291,Day,F,L,A,MYSE
151.909,8443,6/3/2015,5/26/2015,10:22:58,7,27.7,AH0,255,27.6506889,Day,F,L,A,MYSE
151.909,8443,6/3/2015,5/29/2015,10:22:58,7,30.5,AH0,243,33.2974125,Day,F,L,A,MYSE
151.909,8443,6/3/2015,5/30/2015,10:22:58,7,30.3,AH0,164,32.9663291,Day,F,L,A,MYSE
151.909,8443,6/3/2015,5/26/2015,10:23:00,7,27.7,AH0,255,27.6506889,Day,F,L,A,MYSE
151.909,8443,6/3/2015,5/29/2015,10:23:00,7,30.5,AH0,243,33.2974125,Day,F,L,A,MYSE
151.909,8443,6/3/2015,5/28/2015,10:23:08,7,29.7,AH0,72,31.9095509,Day,F,L,A,MYSE
151.909,8443,6/3/2015,5/28/2015,10:23:10,7,29.7,AH0,78,31.9095509,Day,F,L,A,MYSE
151.909,8443,6/3/2015,5/28/2015,10:23:12,7,29.7,AH0,75,31.9095509,Day,F,L,A,MYSE
151.909,8443,6/3/2015,5/30/2015,10:23:12,7,30.2,AH0,168,32.7968664,Day,F,L,A,MYSE
151.909,8443,6/3/2015,5/26/2015,10:23:13,7,27.7,AH0,255,27.6506889,Day,F,L,A,MYSE
151.909,8443,6/3/2015,5/29/2015,10:23:13,7,30.5,AH0,243,33.2974125,Day,F,L,A,MYSE
151.909,8443,6/3/2015,5/28/2015,10:23:14,7,29.7,AH0,74,31.9095509,Day,F,L,A,MYSE
151.909,8443,6/3/2015,5/30/2015,10:23:14,7,30.2,AH0,167,32.7968664,Day,F,L,A,MYSE
151.909,8443,6/3/2015,5/26/2015,10:23:15,7,27.7,AH0,255,27.6506889,Day,F,L,A,MYSE
151.909,8443,6/3/2015,5/29/2015,10:23:15,7,30.5,AH0,244,33.2974125,Day,F,L,A,MYSE
151.909,8443,6/3/2015,5/30/2015,10:23:16,7,30.3,AH0,164,32.9663291,Day,F,L,A,MYSE
151.909,8443,6/3/2015,5/29/2015,10:23:17,7,30.5,AH0,242,33.2974125,Day,F,L,A,MYSE
151.909,8443,6/3/2015,5/26/2015,10:23:18,7,27.7,AH0,255,27.6506889,Day,F,L,A,MYSE
151.909,8443,6/3/2015,5/30/2015,10:23:18,7,30.2,AH0,162,32.7968664,Day,F,L,A,MYSE
151.909,8443,6/3/2015,5/29/2015,10:23:19,7,30.5,AH0,243,33.2974125,Day,F,L,A,MYSE
151.909,8443,6/3/2015,5/26/2015,10:23:20,7,27.7,AH0,255,27.6506889,Day,F,L,A,MYSE
151.909,8443,6/3/2015,5/28/2015,10:23:29,7,29.7,AH0,77,31.9095509,Day,F,L,A,MYSE
151.909,8443,6/3/2015,5/28/2015,10:23:31,7,29.7,AH0,72,31.9095509,Day,F,L,A,MYSE
151.909,8443,6/3/2015,5/26/2015,10:23:33,7,27.7,AH0,255,27.6506889,Day,F,L,A,MYSE
151.909,8443,6/3/2015,5/28/2015,10:23:33,7,29.8,AH0,71,32.0924136,Day,F,L,A,MYSE
151.909,8443,6/3/2015,5/30/2015,10:23:34,7,30.3,AH0,163,32.9663291,Day,F,L,A,MYSE
151.909,8443,6/3/2015,5/26/2015,10:23:35,7,27.7,AH0,255,27.6506889,Day,F,L,A,MYSE
151.909,8443,6/3/2015,5/28/2015,10:23:35,7,29.8,AH0,73,32.0924136,Day,F,L,A,MYSE
151.909,8443,6/3/2015,5/29/2015,10:23:35,7,30.5,AH0,242,33.2974125,Day,F,L,A,MYSE
151.909,8443,6/3/2015,5/30/2015,10:23:36,7,30.3,AH0,167,32.9663291,Day,F,L,A,MYSE
151.909,8443,6/3/2015,5/26/2015,10:23:37,7,27.7,AH0,255,27.6506889,Day,F,L,A,MYSE
151.909,8443,6/3/2015,5/29/2015,10:23:37,7,30.5,AH0,242,33.2974125,Day,F,L,A,MYSE
151.909,8443,6/3/2015,5/30/2015,10:23:38,7,30.3,AH0,167,32.9663291,Day,F,L,A,MYSE
151.909,8443,6/3/2015,5/26/2015,10:23:39,7,27.7,AH0,255,27.6506889,Day,F,L,A,MYSE
151.909,8443,6/3/2015,5/29/2015,10:23:39,7,30.5,AH0,242,33.2974125,Day,F,L,A,MYSE
151.909,8443,6/3/2015,5/30/2015,10:23:40,7,30.3,AH0,166,32.9663291,Day,F,L,A,MYSE
151.909,8443,6/3/2015,5/29/2015,10:23:41,7,30.5,AH0,244,33.2974125,Day,F,L,A,MYSE
151.909,8443,6/3/2015,5/28/2015,10:23:49,7,29.8,AH0,75,32.0924136,Day,F,L,A,MYSE
151.909,8443,6/3/2015,5/28/2015,10:23:51,7,29.7,AH0,70,31.9095509,Day,F,L,A,MYSE
151.909,8443,6/3/2015,5/28/2015,10:23:53,7,29.8,AH0,80,32.0924136,Day,F,L,A,MYSE
151.909,8443,6/3/2015,5/30/2015,10:23:53,7,30.4,AH0,169,33.1331712,Day,F,L,A,MYSE
151.909,8443,6/3/2015,5/26/2015,10:23:54,7,27.7,AH0,255,27.6506889,Day,F,L,A,MYSE
151.909,8443,6/3/2015,5/28/2015,10:23:55,7,29.8,AH0,77,32.0924136,Day,F,L,A,MYSE
151.909,8443,6/3/2015,5/29/2015,10:23:55,7,30.5,AH0,244,33.2974125,Day,F,L,A,MYSE
151.909,8443,6/3/2015,5/30/2015,10:23:55,7,30.4,AH0,169,33.1331712,Day,F,L,A,MYSE
151.909,8443,6/3/2015,5/26/2015,10:23:57,7,27.7,AH0,255,27.6506889,Day,F,L,A,MYSE
151.909,8443,6/3/2015,5/29/2015,10:23:57,7,30.5,AH0,244,33.2974125,Day,F,L,A,MYSE
151.909,8443,6/3/2015,5/30/2015,10:23:57,7,30.4,AH0,167,33.1331712,Day,F,L,A,MYSE
151.909,8443,6/3/2015,5/26/2015,10:23:59,7,27.7,AH0,255,27.6506889,Day,F,L,A,MYSE
151.909,8443,6/3/2015,5/29/2015,10:23:59,7,30.5,AH0,241,33.2974125,Day,F,L,A,MYSE
151.909,8443,6/3/2015,5/30/2015,10:23:59,7,30.4,AH0,166,33.1331712,Day,F,L,A,MYSE
151.909,8443,6/3/2015,5/29/2015,10:24:01,7,30.5,AH0,244,33.2974125,Day,F,L,A,MYSE
151.909,8443,6/3/2015,5/28/2015,10:24:09,7,29.8,AH0,73,32.0924136,Day,F,L,A,MYSE
151.909,8443,6/3/2015,5/28/2015,10:24:11,7,29.8,AH0,76,32.0924136,Day,F,L,A,MYSE
151.909,8443,6/3/2015,5/28/2015,10:24:13,7,29.8,AH0,76,32.0924136,Day,F,L,A,MYSE
151.909,8443,6/3/2015,5/30/2015,10:24:13,7,30.5,AH0,168,33.2974125,Day,F,L,A,MYSE
151.909,8443,6/3/2015,5/26/2015,10:24:14,7,27.7,AH0,255,27.6506889,Day,F,L,A,MYSE
151.909,8443,6/3/2015,5/29/2015,10:24:14,7,30.6,AH0,241,33.4590728,Day,F,L,A,MYSE
151.909,8443,6/3/2015,5/28/2015,10:24:15,7,29.8,AH0,76,32.0924136,Day,F,L,A,MYSE
151.909,8443,6/3/2015,5/30/2015,10:24:15,7,30.5,AH0,167,33.2974125,Day,F,L,A,MYSE
151.909,8443,6/3/2015,5/26/2015,10:24:16,7,27.7,AH0,255,27.6506889,Day,F,L,A,MYSE
151.909,8443,6/3/2015,5/29/2015,10:24:16,7,30.6,AH0,242,33.4590728,Day,F,L,A,MYSE
151.909,8443,6/3/2015,5/30/2015,10:24:17,7,30.5,AH0,166,33.2974125,Day,F,L,A,MYSE
151.909,8443,6/3/2015,5/26/2015,10:24:18,7,27.7,AH0,255,27.6506889,Day,F,L,A,MYSE
151.909,8443,6/3/2015,5/29/2015,10:24:18,7,30.6,AH0,243,33.4590728,Day,F,L,A,MYSE
151.909,8443,6/3/2015,5/30/2015,10:24:19,7,30.5,AH0,165,33.2974125,Day,F,L,A,MYSE
151.909,8443,6/3/2015,5/29/2015,10:24:20,7,30.6,AH0,241,33.4590728,Day,F,L,A,MYSE
151.909,8443,6/3/2015,5/28/2015,10:24:29,7,29.8,AH0,79,32.0924136,Day,F,L,A,MYSE
151.909,8443,6/3/2015,5/28/2015,10:24:31,7,29.8,AH0,77,32.0924136,Day,F,L,A,MYSE
151.909,8443,6/3/2015,5/26/2015,10:24:33,7,27.7,AH0,255,27.6506889,Day,F,L,A,MYSE
151.909,8443,6/3/2015,5/28/2015,10:24:33,7,29.8,AH0,75,32.0924136,Day,F,L,A,MYSE
151.909,8443,6/3/2015,5/30/2015,10:24:33,7,30.5,AH0,167,33.2974125,Day,F,L,A,MYSE
151.909,8443,6/3/2015,5/29/2015,10:24:34,7,30.7,AH0,244,33.6181719,Day,F,L,A,MYSE
151.909,8443,6/3/2015,5/28/2015,10:24:35,7,29.8,AH0,75,32.0924136,Day,F,L,A,MYSE
151.909,8443,6/3/2015,5/30/2015,10:24:35,7,30.5,AH0,166,33.2974125,Day,F,L,A,MYSE
151.909,8443,6/3/2015,5/26/2015,10:24:36,7,27.7,AH0,255,27.6506889,Day,F,L,A,MYSE
151.909,8443,6/3/2015,5/29/2015,10:24:36,7,30.7,AH0,243,33.6181719,Day,F,L,A,MYSE
151.909,8443,6/3/2015,5/30/2015,10:24:37,7,30.5,AH0,167,33.2974125,Day,F,L,A,MYSE
151.909,8443,6/3/2015,5/26/2015,10:24:38,7,27.7,AH0,255,27.6506889,Day,F,L,A,MYSE
151.909,8443,6/3/2015,5/29/2015,10:24:38,7,30.7,AH0,244,33.6181719,Day,F,L,A,MYSE
151.909,8443,6/3/2015,5/30/2015,10:24:39,7,30.5,AH0,167,33.2974125,Day,F,L,A,MYSE
151.909,8443,6/3/2015,5/26/2015,10:24:40,7,27.7,AH0,255,27.6506889,Day,F,L,A,MYSE
151.909,8443,6/3/2015,5/29/2015,10:24:40,7,30.7,AH0,245,33.6181719,Day,F,L,A,MYSE
151.909,8443,6/3/2015,5/28/2015,10:24:49,7,29.8,AH0,79,32.0924136,Day,F,L,A,MYSE
151.909,8443,6/3/2015,5/28/2015,10:24:51,7,29.9,AH0,71,32.2725567,Day,F,L,A,MYSE
151.909,8443,6/3/2015,5/30/2015,10:24:52,7,30.5,AH0,165,33.2974125,Day,F,L,A,MYSE
151.909,8443,6/3/2015,5/26/2015,10:24:53,7,27.8,AH0,255,27.8921016,Day,F,L,A,MYSE
151.909,8443,6/3/2015,5/28/2015,10:24:53,7,29.9,AH0,73,32.2725567,Day,F,L,A,MYSE
151.909,8443,6/3/2015,5/29/2015,10:24:54,7,30.8,AH0,244,33.7747296,Day,F,L,A,MYSE
151.909,8443,6/3/2015,5/30/2015,10:24:54,7,30.5,AH0,165,33.2974125,Day,F,L,A,MYSE
151.909,8443,6/3/2015,5/26/2015,10:24:55,7,27.8,AH0,255,27.8921016,Day,F,L,A,MYSE
151.909,8443,6/3/2015,5/28/2015,10:24:55,7,29.9,AH0,74,32.2725567,Day,F,L,A,MYSE
151.909,8443,6/3/2015,5/29/2015,10:24:56,7,30.8,AH0,243,33.7747296,Day,F,L,A,MYSE
151.909,8443,6/3/2015,5/30/2015,10:24:56,7,30.6,AH0,164,33.4590728,Day,F,L,A,MYSE
151.909,8443,6/3/2015,5/26/2015,10:24:57,7,27.8,AH0,255,27.8921016,Day,F,L,A,MYSE
151.909,8443,6/3/2015,5/29/2015,10:24:57,7,30.8,AH0,244,33.7747296,Day,F,L,A,MYSE
151.909,8443,6/3/2015,5/30/2015,10:24:58,7,30.5,AH0,164,33.2974125,Day,F,L,A,MYSE
151.909,8443,6/3/2015,5/26/2015,10:24:59,7,27.8,AH0,255,27.8921016,Day,F,L,A,MYSE
151.909,8443,6/3/2015,5/29/2015,10:24:59,7,30.8,AH0,245,33.7747296,Day,F,L,A,MYSE
151.909,8443,6/3/2015,5/28/2015,10:25:09,7,29.9,AH0,72,32.2725567,Day,F,L,A,MYSE
151.909,8443,6/3/2015,5/28/2015,10:25:11,7,29.9,AH0,78,32.2725567,Day,F,L,A,MYSE
151.909,8443,6/3/2015,5/30/2015,10:25:12,7,30.6,AH0,165,33.4590728,Day,F,L,A,MYSE
151.909,8443,6/3/2015,5/28/2015,10:25:13,7,29.9,AH0,74,32.2725567,Day,F,L,A,MYSE
151.909,8443,6/3/2015,5/30/2015,10:25:14,7,30.6,AH0,161,33.4590728,Day,F,L,A,MYSE
151.909,8443,6/3/2015,5/26/2015,10:25:15,7,27.8,AH0,255,27.8921016,Day,F,L,A,MYSE
151.909,8443,6/3/2015,5/28/2015,10:25:15,7,29.9,AH0,75,32.2725567,Day,F,L,A,MYSE
151.909,8443,6/3/2015,5/29/2015,10:25:15,7,30.9,AH0,244,33.9287657,Day,F,L,A,MYSE
151.909,8443,6/3/2015,5/30/2015,10:25:16,7,30.6,AH0,160,33.4590728,Day,F,L,A,MYSE
151.909,8443,6/3/2015,5/26/2015,10:25:17,7,27.8,AH0,255,27.8921016,Day,F,L,A,MYSE
151.909,8443,6/3/2015,5/29/2015,10:25:17,7,30.9,AH0,245,33.9287657,Day,F,L,A,MYSE
151.909,8443,6/3/2015,5/30/2015,10:25:18,7,30.6,AH0,158,33.4590728,Day,F,L,A,MYSE
151.909,8443,6/3/2015,5/26/2015,10:25:19,7,27.8,AH0,255,27.8921016,Day,F,L,A,MYSE
151.909,8443,6/3/2015,5/29/2015,10:25:19,7,30.9,AH0,245,33.9287657,Day,F,L,A,MYSE
151.909,8443,6/3/2015,5/29/2015,10:25:21,7,30.9,AH0,243,33.9287657,Day,F,L,A,MYSE
151.909,8443,6/3/2015,5/28/2015,10:25:29,7,29.9,AH0,78,32.2725567,Day,F,L,A,MYSE
151.909,8443,6/3/2015,5/28/2015,10:25:31,7,29.9,AH0,79,32.2725567,Day,F,L,A,MYSE
151.909,8443,6/3/2015,5/30/2015,10:25:32,7,30.5,AH0,160,33.2974125,Day,F,L,A,MYSE
151.909,8443,6/3/2015,5/26/2015,10:25:33,7,27.8,AH0,255,27.8921016,Day,F,L,A,MYSE
151.909,8443,6/3/2015,5/28/2015,10:25:33,7,29.9,AH0,72,32.2725567,Day,F,L,A,MYSE
151.909,8443,6/3/2015,5/29/2015,10:25:34,7,30.9,AH0,241,33.9287657,Day,F,L,A,MYSE
151.909,8443,6/3/2015,5/30/2015,10:25:34,7,30.5,AH0,165,33.2974125,Day,F,L,A,MYSE
151.909,8443,6/3/2015,5/26/2015,10:25:35,7,27.8,AH0,255,27.8921016,Day,F,L,A,MYSE
151.909,8443,6/3/2015,5/28/2015,10:25:35,7,29.9,AH0,76,32.2725567,Day,F,L,A,MYSE
151.909,8443,6/3/2015,5/29/2015,10:25:36,7,30.9,AH0,245,33.9287657,Day,F,L,A,MYSE
151.909,8443,6/3/2015,5/30/2015,10:25:36,7,30.5,AH0,164,33.2974125,Day,F,L,A,MYSE
151.909,8443,6/3/2015,5/26/2015,10:25:37,7,27.8,AH0,255,27.8921016,Day,F,L,A,MYSE
151.909,8443,6/3/2015,5/29/2015,10:25:38,7,30.9,AH0,243,33.9287657,Day,F,L,A,MYSE
151.909,8443,6/3/2015,5/30/2015,10:25:38,7,30.5,AH0,167,33.2974125,Day,F,L,A,MYSE
151.909,8443,6/3/2015,5/29/2015,10:25:40,7,30.9,AH0,244,33.9287657,Day,F,L,A,MYSE
151.909,8443,6/3/2015,5/30/2015,10:25:40,7,30.5,AH0,163,33.2974125,Day,F,L,A,MYSE
151.909,8443,6/3/2015,5/28/2015,10:25:49,7,29.9,AH0,75,32.2725567,Day,F,L,A,MYSE
151.909,8443,6/3/2015,5/28/2015,10:25:51,7,29.9,AH0,74,32.2725567,Day,F,L,A,MYSE
151.909,8443,6/3/2015,5/26/2015,10:25:53,7,27.8,AH0,255,27.8921016,Day,F,L,A,MYSE
151.909,8443,6/3/2015,5/28/2015,10:25:53,7,29.9,AH0,76,32.2725567,Day,F,L,A,MYSE
151.909,8443,6/3/2015,5/30/2015,10:25:53,7,30.5,AH0,163,33.2974125,Day,F,L,A,MYSE
151.909,8443,6/3/2015,5/29/2015,10:25:54,7,31,AH0,243,34.0803,Day,F,L,A,MYSE
151.909,8443,6/3/2015,5/28/2015,10:25:55,7,29.9,AH0,69,32.2725567,Day,F,L,A,MYSE
151.909,8443,6/3/2015,5/30/2015,10:25:55,7,30.5,AH0,164,33.2974125,Day,F,L,A,MYSE
151.909,8443,6/3/2015,5/26/2015,10:25:56,7,27.8,AH0,255,27.8921016,Day,F,L,A,MYSE
151.909,8443,6/3/2015,5/29/2015,10:25:56,7,31,AH0,243,34.0803,Day,F,L,A,MYSE
151.909,8443,6/3/2015,5/30/2015,10:25:57,7,30.5,AH0,160,33.2974125,Day,F,L,A,MYSE
151.909,8443,6/3/2015,5/26/2015,10:25:58,7,27.8,AH0,255,27.8921016,Day,F,L,A,MYSE
151.909,8443,6/3/2015,5/29/2015,10:25:58,7,31,AH0,243,34.0803,Day,F,L,A,MYSE
151.909,8443,6/3/2015,5/30/2015,10:25:59,7,30.5,AH0,164,33.2974125,Day,F,L,A,MYSE
151.909,8443,6/3/2015,5/26/2015,10:26:00,7,27.8,AH0,255,27.8921016,Day,F,L,A,MYSE
151.909,8443,6/3/2015,5/29/2015,10:26:00,7,31,AH0,244,34.0803,Day,F,L,A,MYSE
151.909,8443,6/3/2015,5/28/2015,10:26:09,7,30,AH0,78,32.45,Day,F,L,A,MYSE
151.909,8443,6/3/2015,5/28/2015,10:26:12,7,29.9,AH0,78,32.2725567,Day,F,L,A,MYSE
151.909,8443,6/3/2015,5/26/2015,10:26:13,7,27.8,AH0,255,27.8921016,Day,F,L,A,MYSE
151.909,8443,6/3/2015,5/30/2015,10:26:13,7,30.5,AH0,162,33.2974125,Day,F,L,A,MYSE
151.909,8443,6/3/2015,5/28/2015,10:26:14,7,30,AH0,80,32.45,Day,F,L,A,MYSE
151.909,8443,6/3/2015,5/26/2015,10:26:15,7,27.8,AH0,255,27.8921016,Day,F,L,A,MYSE
151.909,8443,6/3/2015,5/29/2015,10:26:15,7,31,AH0,243,34.0803,Day,F,L,A,MYSE
151.909,8443,6/3/2015,5/30/2015,10:26:15,7,30.5,AH0,163,33.2974125,Day,F,L,A,MYSE
151.909,8443,6/3/2015,5/28/2015,10:26:16,7,29.9,AH0,72,32.2725567,Day,F,L,A,MYSE
151.909,8443,6/3/2015,5/26/2015,10:26:17,7,27.8,AH0,255,27.8921016,Day,F,L,A,MYSE
151.909,8443,6/3/2015,5/29/2015,10:26:17,7,31.1,AH0,243,34.2293523,Day,F,L,A,MYSE
151.909,8443,6/3/2015,5/30/2015,10:26:17,7,30.5,AH0,165,33.2974125,Day,F,L,A,MYSE
151.909,8443,6/3/2015,5/26/2015,10:26:19,7,27.8,AH0,255,27.8921016,Day,F,L,A,MYSE
151.909,8443,6/3/2015,5/29/2015,10:26:19,7,31.1,AH0,246,34.2293523,Day,F,L,A,MYSE
151.909,8443,6/3/2015,5/30/2015,10:26:19,7,30.5,AH0,162,33.2974125,Day,F,L,A,MYSE
151.909,8443,6/3/2015,5/29/2015,10:26:21,7,31,AH0,245,34.0803,Day,F,L,A,MYSE
151.909,8443,6/3/2015,5/28/2015,10:26:30,7,30,AH0,78,32.45,Day,F,L,A,MYSE
151.909,8443,6/3/2015,5/28/2015,10:26:32,7,30,AH0,79,32.45,Day,F,L,A,MYSE
151.909,8443,6/3/2015,5/30/2015,10:26:33,7,30.5,AH0,161,33.2974125,Day,F,L,A,MYSE
151.909,8443,6/3/2015,5/26/2015,10:26:34,7,27.8,AH0,255,27.8921016,Day,F,L,A,MYSE
151.909,8443,6/3/2015,5/28/2015,10:26:34,7,30,AH0,77,32.45,Day,F,L,A,MYSE
151.909,8443,6/3/2015,5/29/2015,10:26:34,7,31.1,AH0,245,34.2293523,Day,F,L,A,MYSE
151.909,8443,6/3/2015,5/30/2015,10:26:35,7,30.5,AH0,164,33.2974125,Day,F,L,A,MYSE
151.909,8443,6/3/2015,5/28/2015,10:26:36,7,30,AH0,71,32.45,Day,F,L,A,MYSE
151.909,8443,6/3/2015,5/29/2015,10:26:36,7,31.1,AH0,245,34.2293523,Day,F,L,A,MYSE
151.909,8443,6/3/2015,5/26/2015,10:26:37,7,27.8,AH0,255,27.8921016,Day,F,L,A,MYSE
151.909,8443,6/3/2015,5/30/2015,10:26:37,7,30.5,AH0,163,33.2974125,Day,F,L,A,MYSE
151.909,8443,6/3/2015,5/29/2015,10:26:38,7,31.1,AH0,246,34.2293523,Day,F,L,A,MYSE
151.909,8443,6/3/2015,5/26/2015,10:26:39,7,27.8,AH0,255,27.8921016,Day,F,L,A,MYSE
151.909,8443,6/3/2015,5/30/2015,10:26:39,7,30.5,AH0,163,33.2974125,Day,F,L,A,MYSE
151.909,8443,6/3/2015,5/29/2015,10:26:40,7,31.1,AH0,245,34.2293523,Day,F,L,A,MYSE
151.909,8443,6/3/2015,5/28/2015,10:26:50,7,30,AH0,72,32.45,Day,F,L,A,MYSE
151.909,8443,6/3/2015,5/28/2015,10:26:52,7,30,AH0,75,32.45,Day,F,L,A,MYSE
151.909,8443,6/3/2015,5/30/2015,10:26:52,7,30.5,AH0,164,33.2974125,Day,F,L,A,MYSE
151.909,8443,6/3/2015,5/26/2015,10:26:54,7,27.8,AH0,255,27.8921016,Day,F,L,A,MYSE
151.909,8443,6/3/2015,5/28/2015,10:26:54,7,30,AH0,76,32.45,Day,F,L,A,MYSE
151.909,8443,6/3/2015,5/29/2015,10:26:54,7,31.1,AH0,243,34.2293523,Day,F,L,A,MYSE
151.909,8443,6/3/2015,5/30/2015,10:26:54,7,30.5,AH0,169,33.2974125,Day,F,L,A,MYSE
151.909,8443,6/3/2015,5/26/2015,10:26:56,7,27.8,AH0,255,27.8921016,Day,F,L,A,MYSE
151.909,8443,6/3/2015,5/28/2015,10:26:56,7,30,AH0,75,32.45,Day,F,L,A,MYSE
151.909,8443,6/3/2015,5/29/2015,10:26:56,7,31.1,AH0,243,34.2293523,Day,F,L,A,MYSE
151.909,8443,6/3/2015,5/30/2015,10:26:56,7,30.5,AH0,168,33.2974125,Day,F,L,A,MYSE
151.909,8443,6/3/2015,5/26/2015,10:26:58,7,27.8,AH0,255,27.8921016,Day,F,L,A,MYSE
151.909,8443,6/3/2015,5/29/2015,10:26:58,7,31.2,AH0,244,34.3759424,Day,F,L,A,MYSE
151.909,8443,6/3/2015,5/30/2015,10:26:58,7,30.5,AH0,164,33.2974125,Day,F,L,A,MYSE
151.909,8443,6/3/2015,5/29/2015,10:26:59,7,31.1,AH0,245,34.2293523,Day,F,L,A,MYSE
151.909,8443,6/3/2015,5/26/2015,10:27:00,7,27.8,AH0,255,27.8921016,Day,F,L,A,MYSE
151.909,8443,6/3/2015,5/28/2015,10:27:10,7,30,AH0,78,32.45,Day,F,L,A,MYSE
151.909,8443,6/3/2015,5/28/2015,10:27:12,7,30,AH0,78,32.45,Day,F,L,A,MYSE
151.909,8443,6/3/2015,5/30/2015,10:27:12,7,30.5,AH0,166,33.2974125,Day,F,L,A,MYSE
151.909,8443,6/3/2015,5/26/2015,10:27:13,7,27.9,AH0,255,28.1303987,Day,F,L,A,MYSE
151.909,8443,6/3/2015,5/28/2015,10:27:14,7,30,AH0,71,32.45,Day,F,L,A,MYSE
151.909,8443,6/3/2015,5/30/2015,10:27:14,7,30.5,AH0,165,33.2974125,Day,F,L,A,MYSE
151.909,8443,6/3/2015,5/26/2015,10:27:15,7,27.8,AH0,255,27.8921016,Day,F,L,A,MYSE
151.909,8443,6/3/2015,5/29/2015,10:27:15,7,31.2,AH0,244,34.3759424,Day,F,L,A,MYSE
151.909,8443,6/3/2015,5/28/2015,10:27:16,7,30,AH0,73,32.45,Day,F,L,A,MYSE
151.909,8443,6/3/2015,5/30/2015,10:27:16,7,30.5,AH0,164,33.2974125,Day,F,L,A,MYSE
151.909,8443,6/3/2015,5/26/2015,10:27:17,7,27.8,AH0,255,27.8921016,Day,F,L,A,MYSE
151.909,8443,6/3/2015,5/29/2015,10:27:17,7,31.2,AH0,243,34.3759424,Day,F,L,A,MYSE
151.909,8443,6/3/2015,5/30/2015,10:27:18,7,30.5,AH0,169,33.2974125,Day,F,L,A,MYSE
151.909,8443,6/3/2015,5/29/2015,10:27:19,7,31.2,AH0,243,34.3759424,Day,F,L,A,MYSE
151.909,8443,6/3/2015,5/26/2015,10:27:20,7,27.8,AH0,255,27.8921016,Day,F,L,A,MYSE
151.909,8443,6/3/2015,5/29/2015,10:27:21,7,31.2,AH0,244,34.3759424,Day,F,L,A,MYSE
151.909,8443,6/3/2015,5/28/2015,10:27:30,7,30,AH0,74,32.45,Day,F,L,A,MYSE
151.909,8443,6/3/2015,5/28/2015,10:27:32,7,30,AH0,74,32.45,Day,F,L,A,MYSE
151.909,8443,6/3/2015,5/30/2015,10:27:32,7,30.6,AH0,165,33.4590728,Day,F,L,A,MYSE
151.909,8443,6/3/2015,5/26/2015,10:27:33,7,27.8,AH0,255,27.8921016,Day,F,L,A,MYSE
151.909,8443,6/3/2015,5/28/2015,10:27:34,7,30,AH0,75,32.45,Day,F,L,A,MYSE
151.909,8443,6/3/2015,5/29/2015,10:27:34,7,31.2,AH0,243,34.3759424,Day,F,L,A,MYSE
151.909,8443,6/3/2015,5/30/2015,10:27:34,7,30.5,AH0,167,33.2974125,Day,F,L,A,MYSE
151.909,8443,6/3/2015,5/26/2015,10:27:35,7,27.8,AH0,255,27.8921016,Day,F,L,A,MYSE
151.909,8443,6/3/2015,5/28/2015,10:27:36,7,30,AH0,74,32.45,Day,F,L,A,MYSE
151.909,8443,6/3/2015,5/29/2015,10:27:36,7,31.2,AH0,244,34.3759424,Day,F,L,A,MYSE
151.909,8443,6/3/2015,5/30/2015,10:27:36,7,30.5,AH0,167,33.2974125,Day,F,L,A,MYSE
151.909,8443,6/3/2015,5/26/2015,10:27:37,7,27.8,AH0,255,27.8921016,Day,F,L,A,MYSE
151.909,8443,6/3/2015,5/29/2015,10:27:38,7,31.2,AH0,242,34.3759424,Day,F,L,A,MYSE
151.909,8443,6/3/2015,5/30/2015,10:27:38,7,30.5,AH0,166,33.2974125,Day,F,L,A,MYSE
151.909,8443,6/3/2015,5/26/2015,10:27:39,7,27.8,AH0,255,27.8921016,Day,F,L,A,MYSE
151.909,8443,6/3/2015,5/29/2015,10:27:40,7,31.2,AH0,246,34.3759424,Day,F,L,A,MYSE
151.909,8443,6/3/2015,5/30/2015,10:27:40,7,30.5,AH0,164,33.2974125,Day,F,L,A,MYSE
151.909,8443,6/3/2015,5/28/2015,10:27:50,7,30,AH0,79,32.45,Day,F,L,A,MYSE
151.909,8443,6/3/2015,5/28/2015,10:27:52,7,30,AH0,67,32.45,Day,F,L,A,MYSE
151.909,8443,6/3/2015,5/29/2015,10:27:53,7,31.3,AH0,245,34.5200901,Day,F,L,A,MYSE
151.909,8443,6/3/2015,5/30/2015,10:27:53,7,30.6,AH0,166,33.4590728,Day,F,L,A,MYSE
151.909,8443,6/3/2015,5/26/2015,10:27:54,7,27.9,AH0,255,28.1303987,Day,F,L,A,MYSE
151.909,8443,6/3/2015,5/28/2015,10:27:54,7,30,AH0,72,32.45,Day,F,L,A,MYSE
151.909,8443,6/3/2015,5/29/2015,10:27:55,7,31.3,AH0,243,34.5200901,Day,F,L,A,MYSE
151.909,8443,6/3/2015,5/30/2015,10:27:55,7,30.6,AH0,167,33.4590728,Day,F,L,A,MYSE
151.909,8443,6/3/2015,5/26/2015,10:27:56,7,27.9,AH0,255,28.1303987,Day,F,L,A,MYSE
151.909,8443,6/3/2015,5/28/2015,10:27:56,7,30,AH0,70,32.45,Day,F,L,A,MYSE
151.909,8443,6/3/2015,5/29/2015,10:27:57,7,31.3,AH0,244,34.5200901,Day,F,L,A,MYSE
151.909,8443,6/3/2015,5/30/2015,10:27:57,7,30.5,AH0,165,33.2974125,Day,F,L,A,MYSE
151.909,8443,6/3/2015,5/26/2015,10:27:58,7,27.9,AH0,255,28.1303987,Day,F,L,A,MYSE
151.909,8443,6/3/2015,5/29/2015,10:27:59,7,31.3,AH0,243,34.5200901,Day,F,L,A,MYSE
151.909,8443,6/3/2015,5/30/2015,10:27:59,7,30.5,AH0,168,33.2974125,Day,F,L,A,MYSE
151.909,8443,6/3/2015,5/29/2015,10:28:01,7,31.3,AH0,245,34.5200901,Day,F,L,A,MYSE
151.909,8443,6/3/2015,5/28/2015,10:28:10,7,30,AH0,73,32.45,Day,F,L,A,MYSE
151.909,8443,6/3/2015,5/28/2015,10:28:12,7,30,AH0,74,32.45,Day,F,L,A,MYSE
151.909,8443,6/3/2015,5/26/2015,10:28:13,7,27.9,AH0,255,28.1303987,Day,F,L,A,MYSE
151.909,8443,6/3/2015,5/30/2015,10:28:13,7,30.5,AH0,165,33.2974125,Day,F,L,A,MYSE
151.909,8443,6/3/2015,5/28/2015,10:28:14,7,30,AH0,69,32.45,Day,F,L,A,MYSE
151.909,8443,6/3/2015,5/29/2015,10:28:14,7,31.3,AH0,246,34.5200901,Day,F,L,A,MYSE
151.909,8443,6/3/2015,5/30/2015,10:28:15,7,30.5,AH0,166,33.2974125,Day,F,L,A,MYSE
151.909,8443,6/3/2015,5/26/2015,10:28:16,7,27.9,AH0,255,28.1303987,Day,F,L,A,MYSE
151.909,8443,6/3/2015,5/28/2015,10:28:16,7,30,AH0,79,32.45,Day,F,L,A,MYSE
151.909,8443,6/3/2015,5/29/2015,10:28:16,7,31.3,AH0,244,34.5200901,Day,F,L,A,MYSE
151.909,8443,6/3/2015,5/30/2015,10:28:17,7,30.5,AH0,168,33.2974125,Day,F,L,A,MYSE
151.909,8443,6/3/2015,5/26/2015,10:28:18,7,27.9,AH0,255,28.1303987,Day,F,L,A,MYSE
151.909,8443,6/3/2015,5/29/2015,10:28:18,7,31.3,AH0,244,34.5200901,Day,F,L,A,MYSE
151.909,8443,6/3/2015,5/30/2015,10:28:19,7,30.5,AH0,164,33.2974125,Day,F,L,A,MYSE
151.909,8443,6/3/2015,5/26/2015,10:28:20,7,27.9,AH0,255,28.1303987,Day,F,L,A,MYSE
151.909,8443,6/3/2015,5/29/2015,10:28:20,7,31.3,AH0,244,34.5200901,Day,F,L,A,MYSE
151.909,8443,6/3/2015,5/28/2015,10:28:30,7,30,AH0,74,32.45,Day,F,L,A,MYSE
151.909,8443,6/3/2015,5/28/2015,10:28:32,7,30,AH0,70,32.45,Day,F,L,A,MYSE
151.909,8443,6/3/2015,5/26/2015,10:28:33,7,27.8,AH0,255,27.8921016,Day,F,L,A,MYSE
151.909,8443,6/3/2015,5/30/2015,10:28:33,7,30.5,AH0,163,33.2974125,Day,F,L,A,MYSE
151.909,8443,6/3/2015,5/28/2015,10:28:34,7,30.1,AH0,68,32.6247633,Day,F,L,A,MYSE
151.909,8443,6/3/2015,5/29/2015,10:28:34,7,31.3,AH0,246,34.5200901,Day,F,L,A,MYSE
151.909,8443,6/3/2015,5/26/2015,10:28:35,7,27.8,AH0,255,27.8921016,Day,F,L,A,MYSE
151.909,8443,6/3/2015,5/30/2015,10:28:35,7,30.5,AH0,164,33.2974125,Day,F,L,A,MYSE
151.909,8443,6/3/2015,5/28/2015,10:28:36,7,30.1,AH0,66,32.6247633,Day,F,L,A,MYSE
151.909,8443,6/3/2015,5/29/2015,10:28:36,7,31.3,AH0,244,34.5200901,Day,F,L,A,MYSE
151.909,8443,6/3/2015,5/26/2015,10:28:37,7,27.8,AH0,255,27.8921016,Day,F,L,A,MYSE
151.909,8443,6/3/2015,5/29/2015,10:28:37,7,31.3,AH0,244,34.5200901,Day,F,L,A,MYSE
151.909,8443,6/3/2015,5/30/2015,10:28:37,7,30.5,AH0,161,33.2974125,Day,F,L,A,MYSE
151.909,8443,6/3/2015,5/26/2015,10:28:39,7,27.9,AH0,255,28.1303987,Day,F,L,A,MYSE
151.909,8443,6/3/2015,5/29/2015,10:28:39,7,31.3,AH0,242,34.5200901,Day,F,L,A,MYSE
151.909,8443,6/3/2015,5/30/2015,10:28:39,7,30.5,AH0,164,33.2974125,Day,F,L,A,MYSE
151.909,8443,6/3/2015,5/28/2015,10:28:50,7,30.1,AH0,73,32.6247633,Day,F,L,A,MYSE
151.909,8443,6/3/2015,5/28/2015,10:28:52,7,30.1,AH0,82,32.6247633,Day,F,L,A,MYSE
151.909,8443,6/3/2015,5/30/2015,10:28:52,7,30.5,AH0,164,33.2974125,Day,F,L,A,MYSE
151.909,8443,6/3/2015,5/26/2015,10:28:54,7,27.9,AH0,255,28.1303987,Day,F,L,A,MYSE
151.909,8443,6/3/2015,5/28/2015,10:28:54,7,30.1,AH0,76,32.6247633,Day,F,L,A,MYSE
151.909,8443,6/3/2015,5/30/2015,10:28:54,7,30.6,AH0,165,33.4590728,Day,F,L,A,MYSE
151.909,8443,6/3/2015,5/29/2015,10:28:55,7,31.3,AH0,242,34.5200901,Day,F,L,A,MYSE
151.909,8443,6/3/2015,5/28/2015,10:28:56,7,30.2,AH0,78,32.7968664,Day,F,L,A,MYSE
151.909,8443,6/3/2015,5/30/2015,10:28:56,7,30.6,AH0,165,33.4590728,Day,F,L,A,MYSE
151.909,8443,6/3/2015,5/26/2015,10:28:57,7,27.8,AH0,255,27.8921016,Day,F,L,A,MYSE
151.909,8443,6/3/2015,5/29/2015,10:28:57,7,31.3,AH0,242,34.5200901,Day,F,L,A,MYSE
151.909,8443,6/3/2015,5/30/2015,10:28:58,7,30.6,AH0,168,33.4590728,Day,F,L,A,MYSE
151.909,8443,6/3/2015,5/26/2015,10:28:59,7,27.9,AH0,255,28.1303987,Day,F,L,A,MYSE
151.909,8443,6/3/2015,5/29/2015,10:28:59,7,31.3,AH0,241,34.5200901,Day,F,L,A,MYSE
151.909,8443,6/3/2015,5/29/2015,10:29:00,7,31.3,AH0,246,34.5200901,Day,F,L,A,MYSE
151.909,8443,6/3/2015,5/28/2015,10:29:09,7,30.1,AH0,77,32.6247633,Day,F,L,A,MYSE
151.909,8443,6/3/2015,5/28/2015,10:29:11,7,30.1,AH0,70,32.6247633,Day,F,L,A,MYSE
151.909,8443,6/3/2015,5/30/2015,10:29:12,7,30.6,AH0,162,33.4590728,Day,F,L,A,MYSE
151.909,8443,6/3/2015,5/28/2015,10:29:13,7,30.2,AH0,73,32.7968664,Day,F,L,A,MYSE
151.909,8443,6/3/2015,5/26/2015,10:29:14,7,27.8,AH0,255,27.8921016,Day,F,L,A,MYSE
151.909,8443,6/3/2015,5/29/2015,10:29:14,7,31.3,AH0,245,34.5200901,Day,F,L,A,MYSE
151.909,8443,6/3/2015,5/30/2015,10:29:14,7,30.6,AH0,166,33.4590728,Day,F,L,A,MYSE
151.909,8443,6/3/2015,5/28/2015,10:29:15,7,30.1,AH0,77,32.6247633,Day,F,L,A,MYSE
151.909,8443,6/3/2015,5/26/2015,10:29:16,7,27.9,AH0,255,28.1303987,Day,F,L,A,MYSE
151.909,8443,6/3/2015,5/29/2015,10:29:16,7,31.3,AH0,243,34.5200901,Day,F,L,A,MYSE
151.909,8443,6/3/2015,5/30/2015,10:29:16,7,30.5,AH0,167,33.2974125,Day,F,L,A,MYSE
151.909,8443,6/3/2015,5/26/2015,10:29:18,7,27.9,AH0,255,28.1303987,Day,F,L,A,MYSE
151.909,8443,6/3/2015,5/29/2015,10:29:18,7,31.3,AH0,245,34.5200901,Day,F,L,A,MYSE
151.909,8443,6/3/2015,5/30/2015,10:29:18,7,30.6,AH0,169,33.4590728,Day,F,L,A,MYSE
151.909,8443,6/3/2015,5/26/2015,10:29:20,7,27.9,AH0,255,28.1303987,Day,F,L,A,MYSE
151.909,8443,6/3/2015,5/29/2015,10:29:20,7,31.3,AH0,243,34.5200901,Day,F,L,A,MYSE
151.909,8443,6/3/2015,5/28/2015,10:29:29,7,30.2,AH0,77,32.7968664,Day,F,L,A,MYSE
151.909,8443,6/3/2015,5/28/2015,10:29:31,7,30.2,AH0,69,32.7968664,Day,F,L,A,MYSE
151.909,8443,6/3/2015,5/26/2015,10:29:33,7,27.9,AH0,255,28.1303987,Day,F,L,A,MYSE
151.909,8443,6/3/2015,5/28/2015,10:29:33,7,30.2,AH0,75,32.7968664,Day,F,L,A,MYSE
151.909,8443,6/3/2015,5/30/2015,10:29:34,7,30.6,AH0,166,33.4590728,Day,F,L,A,MYSE
151.909,8443,6/3/2015,5/26/2015,10:29:35,7,27.9,AH0,255,28.1303987,Day,F,L,A,MYSE
151.909,8443,6/3/2015,5/28/2015,10:29:35,7,30.2,AH0,70,32.7968664,Day,F,L,A,MYSE
151.909,8443,6/3/2015,5/29/2015,10:29:35,7,31.4,AH0,242,34.6618152,Day,F,L,A,MYSE
151.909,8443,6/3/2015,5/30/2015,10:29:35,7,30.6,AH0,163,33.4590728,Day,F,L,A,MYSE
151.909,8443,6/3/2015,5/29/2015,10:29:37,7,31.4,AH0,244,34.6618152,Day,F,L,A,MYSE
151.909,8443,6/3/2015,5/30/2015,10:29:37,7,30.6,AH0,164,33.4590728,Day,F,L,A,MYSE
151.909,8443,6/3/2015,5/26/2015,10:29:38,7,27.9,AH0,255,28.1303987,Day,F,L,A,MYSE
151.909,8443,6/3/2015,5/29/2015,10:29:39,7,31.4,AH0,244,34.6618152,Day,F,L,A,MYSE
151.909,8443,6/3/2015,5/30/2015,10:29:39,7,30.6,AH0,165,33.4590728,Day,F,L,A,MYSE
151.909,8443,6/3/2015,5/26/2015,10:29:40,7,27.9,AH0,255,28.1303987,Day,F,L,A,MYSE
151.909,8443,6/3/2015,5/29/2015,10:29:41,7,31.4,AH0,242,34.6618152,Day,F,L,A,MYSE
151.909,8443,6/3/2015,5/28/2015,10:29:49,7,30.2,AH0,74,32.7968664,Day,F,L,A,MYSE
151.909,8443,6/3/2015,5/28/2015,10:29:51,7,30.2,AH0,73,32.7968664,Day,F,L,A,MYSE
151.909,8443,6/3/2015,5/26/2015,10:29:53,7,27.9,AH0,255,28.1303987,Day,F,L,A,MYSE
151.909,8443,6/3/2015,5/28/2015,10:29:53,7,30.2,AH0,72,32.7968664,Day,F,L,A,MYSE
151.909,8443,6/3/2015,5/30/2015,10:29:53,7,30.6,AH0,167,33.4590728,Day,F,L,A,MYSE
151.909,8443,6/3/2015,5/29/2015,10:29:54,7,31.4,AH0,246,34.6618152,Day,F,L,A,MYSE
151.909,8443,6/3/2015,5/26/2015,10:29:55,7,27.9,AH0,255,28.1303987,Day,F,L,A,MYSE
151.909,8443,6/3/2015,5/28/2015,10:29:55,7,30.2,AH0,77,32.7968664,Day,F,L,A,MYSE
151.909,8443,6/3/2015,5/30/2015,10:29:55,7,30.6,AH0,167,33.4590728,Day,F,L,A,MYSE
151.909,8443,6/3/2015,5/29/2015,10:29:56,7,31.4,AH0,244,34.6618152,Day,F,L,A,MYSE
151.909,8443,6/3/2015,5/26/2015,10:29:57,7,27.9,AH0,255,28.1303987,Day,F,L,A,MYSE
151.909,8443,6/3/2015,5/30/2015,10:29:57,7,30.6,AH0,165,33.4590728,Day,F,L,A,MYSE
151.909,8443,6/3/2015,5/29/2015,10:29:58,7,31.4,AH0,243,34.6618152,Day,F,L,A,MYSE
151.909,8443,6/3/2015,5/26/2015,10:29:59,7,27.9,AH0,255,28.1303987,Day,F,L,A,MYSE
151.909,8443,6/3/2015,5/30/2015,10:29:59,7,30.6,AH0,164,33.4590728,Day,F,L,A,MYSE
151.909,8443,6/3/2015,5/29/2015,10:30:00,7,31.4,AH0,245,34.6618152,Day,F,L,A,MYSE
151.909,8443,6/3/2015,5/28/2015,10:30:09,7,30.2,AH0,74,32.7968664,Day,F,L,A,MYSE
151.909,8443,6/3/2015,5/28/2015,10:30:11,7,30.2,AH0,80,32.7968664,Day,F,L,A,MYSE
151.909,8443,6/3/2015,5/28/2015,10:30:13,7,30.2,AH0,76,32.7968664,Day,F,L,A,MYSE
151.909,8443,6/3/2015,5/29/2015,10:30:13,7,31.4,AH0,245,34.6618152,Day,F,L,A,MYSE
151.909,8443,6/3/2015,5/30/2015,10:30:13,7,30.6,AH0,164,33.4590728,Day,F,L,A,MYSE
151.909,8443,6/3/2015,5/26/2015,10:30:14,7,27.9,AH0,255,28.1303987,Day,F,L,A,MYSE
151.909,8443,6/3/2015,5/28/2015,10:30:15,7,30.2,AH0,71,32.7968664,Day,F,L,A,MYSE
151.909,8443,6/3/2015,5/29/2015,10:30:15,7,31.4,AH0,244,34.6618152,Day,F,L,A,MYSE
151.909,8443,6/3/2015,5/30/2015,10:30:15,7,30.6,AH0,165,33.4590728,Day,F,L,A,MYSE
151.909,8443,6/3/2015,5/26/2015,10:30:16,7,27.9,AH0,255,28.1303987,Day,F,L,A,MYSE
151.909,8443,6/3/2015,5/29/2015,10:30:17,7,31.4,AH0,244,34.6618152,Day,F,L,A,MYSE
151.909,8443,6/3/2015,5/30/2015,10:30:17,7,30.6,AH0,167,33.4590728,Day,F,L,A,MYSE
151.909,8443,6/3/2015,5/26/2015,10:30:18,7,27.9,AH0,255,28.1303987,Day,F,L,A,MYSE
151.909,8443,6/3/2015,5/29/2015,10:30:19,7,31.4,AH0,244,34.6618152,Day,F,L,A,MYSE
151.909,8443,6/3/2015,5/30/2015,10:30:19,7,30.6,AH0,168,33.4590728,Day,F,L,A,MYSE
151.909,8443,6/3/2015,5/29/2015,10:30:21,7,31.4,AH0,244,34.6618152,Day,F,L,A,MYSE
151.909,8443,6/3/2015,5/28/2015,10:30:29,7,30.2,AH0,75,32.7968664,Day,F,L,A,MYSE
151.909,8443,6/3/2015,5/28/2015,10:30:31,7,30.2,AH0,72,32.7968664,Day,F,L,A,MYSE
151.909,8443,6/3/2015,5/30/2015,10:30:32,7,30.6,AH0,167,33.4590728,Day,F,L,A,MYSE
151.909,8443,6/3/2015,5/26/2015,10:30:33,7,28,AH0,255,28.3656,Day,F,L,A,MYSE
151.909,8443,6/3/2015,5/28/2015,10:30:33,7,30.2,AH0,72,32.7968664,Day,F,L,A,MYSE
151.909,8443,6/3/2015,5/29/2015,10:30:34,7,31.4,AH0,243,34.6618152,Day,F,L,A,MYSE
151.909,8443,6/3/2015,5/30/2015,10:30:34,7,30.6,AH0,168,33.4590728,Day,F,L,A,MYSE
151.909,8443,6/3/2015,5/28/2015,10:30:35,7,30.2,AH0,73,32.7968664,Day,F,L,A,MYSE
151.909,8443,6/3/2015,5/26/2015,10:30:36,7,28,AH0,255,28.3656,Day,F,L,A,MYSE
151.909,8443,6/3/2015,5/29/2015,10:30:36,7,31.4,AH0,246,34.6618152,Day,F,L,A,MYSE
151.909,8443,6/3/2015,5/30/2015,10:30:36,7,30.6,AH0,165,33.4590728,Day,F,L,A,MYSE
151.909,8443,6/3/2015,5/26/2015,10:30:38,7,28,AH0,255,28.3656,Day,F,L,A,MYSE
151.909,8443,6/3/2015,5/29/2015,10:30:38,7,31.4,AH0,245,34.6618152,Day,F,L,A,MYSE
151.909,8443,6/3/2015,5/30/2015,10:30:38,7,30.6,AH0,164,33.4590728,Day,F,L,A,MYSE
151.909,8443,6/3/2015,5/26/2015,10:30:40,7,28,AH0,255,28.3656,Day,F,L,A,MYSE
151.909,8443,6/3/2015,5/29/2015,10:30:40,7,31.4,AH0,246,34.6618152,Day,F,L,A,MYSE
151.909,8443,6/3/2015,5/28/2015,10:30:49,7,30.2,AH0,73,32.7968664,Day,F,L,A,MYSE
151.909,8443,6/3/2015,5/28/2015,10:30:51,7,30.2,AH0,79,32.7968664,Day,F,L,A,MYSE
151.909,8443,6/3/2015,5/30/2015,10:30:52,7,30.6,AH0,164,33.4590728,Day,F,L,A,MYSE
151.909,8443,6/3/2015,5/26/2015,10:30:53,7,28,AH0,255,28.3656,Day,F,L,A,MYSE
151.909,8443,6/3/2015,5/28/2015,10:30:53,7,30.2,AH0,75,32.7968664,Day,F,L,A,MYSE
151.909,8443,6/3/2015,5/29/2015,10:30:53,7,31.4,AH0,245,34.6618152,Day,F,L,A,MYSE
151.909,8443,6/3/2015,5/30/2015,10:30:54,7,30.6,AH0,164,33.4590728,Day,F,L,A,MYSE
151.909,8443,6/3/2015,5/26/2015,10:30:55,7,28,AH0,255,28.3656,Day,F,L,A,MYSE
151.909,8443,6/3/2015,5/28/2015,10:30:55,7,30.2,AH0,73,32.7968664,Day,F,L,A,MYSE
151.909,8443,6/3/2015,5/29/2015,10:30:55,7,31.5,AH0,245,34.8011375,Day,F,L,A,MYSE
151.909,8443,6/3/2015,5/30/2015,10:30:56,7,30.6,AH0,163,33.4590728,Day,F,L,A,MYSE
151.909,8443,6/3/2015,5/26/2015,10:30:57,7,28,AH0,255,28.3656,Day,F,L,A,MYSE
151.909,8443,6/3/2015,5/29/2015,10:30:57,7,31.5,AH0,243,34.8011375,Day,F,L,A,MYSE
151.909,8443,6/3/2015,5/30/2015,10:30:58,7,30.6,AH0,169,33.4590728,Day,F,L,A,MYSE
151.909,8443,6/3/2015,5/26/2015,10:30:59,7,28,AH0,255,28.3656,Day,F,L,A,MYSE
151.909,8443,6/3/2015,5/29/2015,10:30:59,7,31.4,AH0,243,34.6618152,Day,F,L,A,MYSE
151.909,8443,6/3/2015,5/29/2015,10:31:01,7,31.5,AH0,241,34.8011375,Day,F,L,A,MYSE
151.909,8443,6/3/2015,5/28/2015,10:31:09,7,30.2,AH0,80,32.7968664,Day,F,L,A,MYSE
151.909,8443,6/3/2015,5/28/2015,10:31:11,7,30.2,AH0,69,32.7968664,Day,F,L,A,MYSE
151.909,8443,6/3/2015,5/28/2015,10:31:13,7,30.2,AH0,76,32.7968664,Day,F,L,A,MYSE
151.909,8443,6/3/2015,5/30/2015,10:31:13,7,30.6,AH0,168,33.4590728,Day,F,L,A,MYSE
151.909,8443,6/3/2015,5/26/2015,10:31:14,7,28,AH0,255,28.3656,Day,F,L,A,MYSE
151.909,8443,6/3/2015,5/29/2015,10:31:14,7,31.5,AH0,242,34.8011375,Day,F,L,A,MYSE
151.909,8443,6/3/2015,5/28/2015,10:31:15,7,30.2,AH0,73,32.7968664,Day,F,L,A,MYSE
151.909,8443,6/3/2015,5/30/2015,10:31:15,7,30.6,AH0,164,33.4590728,Day,F,L,A,MYSE
151.909,8443,6/3/2015,5/26/2015,10:31:16,7,28,AH0,255,28.3656,Day,F,L,A,MYSE
151.909,8443,6/3/2015,5/29/2015,10:31:16,7,31.5,AH0,244,34.8011375,Day,F,L,A,MYSE
151.909,8443,6/3/2015,5/30/2015,10:31:17,7,30.6,AH0,164,33.4590728,Day,F,L,A,MYSE
151.909,8443,6/3/2015,5/26/2015,10:31:18,7,28,AH0,255,28.3656,Day,F,L,A,MYSE
151.909,8443,6/3/2015,5/29/2015,10:31:18,7,31.5,AH0,243,34.8011375,Day,F,L,A,MYSE
151.909,8443,6/3/2015,5/30/2015,10:31:19,7,30.6,AH0,164,33.4590728,Day,F,L,A,MYSE
151.909,8443,6/3/2015,5/29/2015,10:31:20,7,31.5,AH0,243,34.8011375,Day,F,L,A,MYSE
151.909,8443,6/3/2015,5/28/2015,10:31:29,7,30.2,AH0,76,32.7968664,Day,F,L,A,MYSE
151.909,8443,6/3/2015,5/28/2015,10:31:31,7,30.2,AH0,69,32.7968664,Day,F,L,A,MYSE
151.909,8443,6/3/2015,5/26/2015,10:31:33,7,28,AH0,255,28.3656,Day,F,L,A,MYSE
151.909,8443,6/3/2015,5/28/2015,10:31:33,7,30.2,AH0,70,32.7968664,Day,F,L,A,MYSE
151.909,8443,6/3/2015,5/29/2015,10:31:33,7,31.5,AH0,244,34.8011375,Day,F,L,A,MYSE
151.909,8443,6/3/2015,5/30/2015,10:31:33,7,30.6,AH0,166,33.4590728,Day,F,L,A,MYSE
151.909,8443,6/3/2015,5/28/2015,10:31:35,7,30.2,AH0,72,32.7968664,Day,F,L,A,MYSE
151.909,8443,6/3/2015,5/29/2015,10:31:35,7,31.5,AH0,243,34.8011375,Day,F,L,A,MYSE
151.909,8443,6/3/2015,5/30/2015,10:31:35,7,30.6,AH0,165,33.4590728,Day,F,L,A,MYSE
151.909,8443,6/3/2015,5/26/2015,10:31:36,7,28,AH0,255,28.3656,Day,F,L,A,MYSE
151.909,8443,6/3/2015,5/29/2015,10:31:37,7,31.5,AH0,244,34.8011375,Day,F,L,A,MYSE
151.909,8443,6/3/2015,5/30/2015,10:31:37,7,30.5,AH0,160,33.2974125,Day,F,L,A,MYSE
151.909,8443,6/3/2015,5/26/2015,10:31:38,7,28,AH0,255,28.3656,Day,F,L,A,MYSE
151.909,8443,6/3/2015,5/29/2015,10:31:39,7,31.5,AH0,245,34.8011375,Day,F,L,A,MYSE
151.909,8443,6/3/2015,5/30/2015,10:31:39,7,30.5,AH0,167,33.2974125,Day,F,L,A,MYSE
151.909,8443,6/3/2015,5/26/2015,10:31:40,7,28,AH0,255,28.3656,Day,F,L,A,MYSE
151.909,8443,6/3/2015,5/29/2015,10:31:41,7,31.5,AH0,242,34.8011375,Day,F,L,A,MYSE
151.909,8443,6/3/2015,5/28/2015,10:31:49,7,30.2,AH0,75,32.7968664,Day,F,L,A,MYSE
151.909,8443,6/3/2015,5/28/2015,10:31:51,7,30.2,AH0,70,32.7968664,Day,F,L,A,MYSE
151.909,8443,6/3/2015,5/26/2015,10:31:53,7,28,AH0,255,28.3656,Day,F,L,A,MYSE
151.909,8443,6/3/2015,5/28/2015,10:31:53,7,30.2,AH0,73,32.7968664,Day,F,L,A,MYSE
151.909,8443,6/3/2015,5/30/2015,10:31:53,7,30.6,AH0,162,33.4590728,Day,F,L,A,MYSE
151.909,8443,6/3/2015,5/29/2015,10:31:54,7,31.5,AH0,243,34.8011375,Day,F,L,A,MYSE
151.909,8443,6/3/2015,5/26/2015,10:31:55,7,28,AH0,255,28.3656,Day,F,L,A,MYSE
151.909,8443,6/3/2015,5/28/2015,10:31:55,7,30.2,AH0,67,32.7968664,Day,F,L,A,MYSE
151.909,8443,6/3/2015,5/30/2015,10:31:55,7,30.6,AH0,164,33.4590728,Day,F,L,A,MYSE
151.909,8443,6/3/2015,5/29/2015,10:31:56,7,31.5,AH0,245,34.8011375,Day,F,L,A,MYSE
151.909,8443,6/3/2015,5/26/2015,10:31:57,7,28,AH0,255,28.3656,Day,F,L,A,MYSE
151.909,8443,6/3/2015,5/30/2015,10:31:57,7,30.6,AH0,162,33.4590728,Day,F,L,A,MYSE
151.909,8443,6/3/2015,5/29/2015,10:31:58,7,31.5,AH0,243,34.8011375,Day,F,L,A,MYSE
151.909,8443,6/3/2015,5/26/2015,10:31:59,7,28,AH0,255,28.3656,Day,F,L,A,MYSE
151.909,8443,6/3/2015,5/30/2015,10:31:59,7,30.6,AH0,164,33.4590728,Day,F,L,A,MYSE
151.909,8443,6/3/2015,5/29/2015,10:32:00,7,31.5,AH0,243,34.8011375,Day,F,L,A,MYSE
151.909,8443,6/3/2015,5/28/2015,10:32:08,7,30.2,AH0,64,32.7968664,Day,F,L,A,MYSE
151.909,8443,6/3/2015,5/28/2015,10:32:10,7,30.2,AH0,68,32.7968664,Day,F,L,A,MYSE
151.909,8443,6/3/2015,5/28/2015,10:32:12,7,30.2,AH0,64,32.7968664,Day,F,L,A,MYSE
151.909,8443,6/3/2015,5/30/2015,10:32:12,7,30.5,AH0,164,33.2974125,Day,F,L,A,MYSE
151.909,8443,6/3/2015,5/29/2015,10:32:13,7,31.5,AH0,244,34.8011375,Day,F,L,A,MYSE
151.909,8443,6/3/2015,5/26/2015,10:32:14,7,28,AH0,255,28.3656,Day,F,L,A,MYSE
151.909,8443,6/3/2015,5/28/2015,10:32:14,7,30.2,AH0,67,32.7968664,Day,F,L,A,MYSE
151.909,8443,6/3/2015,5/30/2015,10:32:14,7,30.5,AH0,164,33.2974125,Day,F,L,A,MYSE
151.909,8443,6/3/2015,5/29/2015,10:32:15,7,31.5,AH0,243,34.8011375,Day,F,L,A,MYSE
151.909,8443,6/3/2015,5/26/2015,10:32:16,7,28,AH0,255,28.3656,Day,F,L,A,MYSE
151.909,8443,6/3/2015,5/30/2015,10:32:16,7,30.5,AH0,163,33.2974125,Day,F,L,A,MYSE
151.909,8443,6/3/2015,5/29/2015,10:32:17,7,31.5,AH0,245,34.8011375,Day,F,L,A,MYSE
151.909,8443,6/3/2015,5/26/2015,10:32:18,7,28,AH0,255,28.3656,Day,F,L,A,MYSE
151.909,8443,6/3/2015,5/30/2015,10:32:18,7,30.5,AH0,167,33.2974125,Day,F,L,A,MYSE
151.909,8443,6/3/2015,5/29/2015,10:32:19,7,31.5,AH0,244,34.8011375,Day,F,L,A,MYSE
151.909,8443,6/3/2015,5/29/2015,10:32:21,7,31.5,AH0,244,34.8011375,Day,F,L,A,MYSE
151.909,8443,6/3/2015,5/28/2015,10:32:28,7,30.2,AH0,67,32.7968664,Day,F,L,A,MYSE
151.909,8443,6/3/2015,5/28/2015,10:32:30,7,30.2,AH0,70,32.7968664,Day,F,L,A,MYSE
151.909,8443,6/3/2015,5/26/2015,10:32:32,7,28,AH0,255,28.3656,Day,F,L,A,MYSE
151.909,8443,6/3/2015,5/28/2015,10:32:32,7,30.1,AH0,64,32.6247633,Day,F,L,A,MYSE
151.909,8443,6/3/2015,5/30/2015,10:32:32,7,30.4,AH0,163,33.1331712,Day,F,L,A,MYSE
151.909,8443,6/3/2015,5/28/2015,10:32:34,7,30.1,AH0,65,32.6247633,Day,F,L,A,MYSE
151.909,8443,6/3/2015,5/29/2015,10:32:34,7,31.5,AH0,245,34.8011375,Day,F,L,A,MYSE
151.909,8443,6/3/2015,5/30/2015,10:32:34,7,30.5,AH0,166,33.2974125,Day,F,L,A,MYSE
151.909,8443,6/3/2015,5/26/2015,10:32:35,7,28,AH0,255,28.3656,Day,F,L,A,MYSE
151.909,8443,6/3/2015,5/29/2015,10:32:36,7,31.5,AH0,243,34.8011375,Day,F,L,A,MYSE
151.909,8443,6/3/2015,5/30/2015,10:32:36,7,30.5,AH0,164,33.2974125,Day,F,L,A,MYSE
151.909,8443,6/3/2015,5/26/2015,10:32:37,7,28,AH0,255,28.3656,Day,F,L,A,MYSE
151.909,8443,6/3/2015,5/29/2015,10:32:38,7,31.5,AH0,244,34.8011375,Day,F,L,A,MYSE
151.909,8443,6/3/2015,5/30/2015,10:32:38,7,30.5,AH0,165,33.2974125,Day,F,L,A,MYSE
151.909,8443,6/3/2015,5/26/2015,10:32:39,7,28,AH0,255,28.3656,Day,F,L,A,MYSE
151.909,8443,6/3/2015,5/29/2015,10:32:40,7,31.5,AH0,244,34.8011375,Day,F,L,A,MYSE
151.909,8443,6/3/2015,5/28/2015,10:32:48,7,30.1,AH0,64,32.6247633,Day,F,L,A,MYSE
151.909,8443,6/3/2015,5/28/2015,10:32:50,7,30.1,AH0,64,32.6247633,Day,F,L,A,MYSE
151.909,8443,6/3/2015,5/26/2015,10:32:52,7,28,AH0,255,28.3656,Day,F,L,A,MYSE
151.909,8443,6/3/2015,5/28/2015,10:32:52,7,30.1,AH0,60,32.6247633,Day,F,L,A,MYSE
151.909,8443,6/3/2015,5/30/2015,10:32:52,7,30.5,AH0,160,33.2974125,Day,F,L,A,MYSE
151.909,8443,6/3/2015,5/29/2015,10:32:53,7,31.5,AH0,240,34.8011375,Day,F,L,A,MYSE
151.909,8443,6/3/2015,5/26/2015,10:32:54,7,28,AH0,255,28.3656,Day,F,L,A,MYSE
151.909,8443,6/3/2015,5/28/2015,10:32:54,7,30.1,AH0,63,32.6247633,Day,F,L,A,MYSE
151.909,8443,6/3/2015,5/30/2015,10:32:54,7,30.5,AH0,161,33.2974125,Day,F,L,A,MYSE
151.909,8443,6/3/2015,5/29/2015,10:32:55,7,31.5,AH0,245,34.8011375,Day,F,L,A,MYSE
151.909,8443,6/3/2015,5/26/2015,10:32:56,7,28,AH0,255,28.3656,Day,F,L,A,MYSE
151.909,8443,6/3/2015,5/30/2015,10:32:56,7,30.6,AH0,161,33.4590728,Day,F,L,A,MYSE
151.909,8443,6/3/2015,5/29/2015,10:32:57,7,31.5,AH0,245,34.8011375,Day,F,L,A,MYSE
151.909,8443,6/3/2015,5/26/2015,10:32:58,7,28,AH0,255,28.3656,Day,F,L,A,MYSE
151.909,8443,6/3/2015,5/30/2015,10:32:58,7,30.5,AH0,164,33.2974125,Day,F,L,A,MYSE
151.909,8443,6/3/2015,5/29/2015,10:32:59,7,31.5,AH0,245,34.8011375,Day,F,L,A,MYSE
151.909,8443,6/3/2015,5/29/2015,10:33:01,7,31.5,AH0,245,34.8011375,Day,F,L,A,MYSE
151.909,8443,6/3/2015,5/28/2015,10:33:08,7,30.1,AH0,64,32.6247633,Day,F,L,A,MYSE
151.909,8443,6/3/2015,5/28/2015,10:33:10,7,30.1,AH0,67,32.6247633,Day,F,L,A,MYSE
151.909,8443,6/3/2015,5/28/2015,10:33:12,7,30,AH0,64,32.45,Day,F,L,A,MYSE
151.909,8443,6/3/2015,5/26/2015,10:33:13,7,28,AH0,255,28.3656,Day,F,L,A,MYSE
151.909,8443,6/3/2015,5/30/2015,10:33:13,7,30.4,AH0,156,33.1331712,Day,F,L,A,MYSE
151.909,8443,6/3/2015,5/28/2015,10:33:14,7,30,AH0,66,32.45,Day,F,L,A,MYSE
151.909,8443,6/3/2015,5/29/2015,10:33:14,7,31.5,AH0,243,34.8011375,Day,F,L,A,MYSE
151.909,8443,6/3/2015,5/26/2015,10:33:15,7,28,AH0,255,28.3656,Day,F,L,A,MYSE
151.909,8443,6/3/2015,5/30/2015,10:33:15,7,30.4,AH0,159,33.1331712,Day,F,L,A,MYSE
151.909,8443,6/3/2015,5/29/2015,10:33:16,7,31.5,AH0,244,34.8011375,Day,F,L,A,MYSE
151.909,8443,6/3/2015,5/26/2015,10:33:17,7,28,AH0,255,28.3656,Day,F,L,A,MYSE
151.909,8443,6/3/2015,5/30/2015,10:33:17,7,30.3,AH0,161,32.9663291,Day,F,L,A,MYSE
151.909,8443,6/3/2015,5/29/2015,10:33:18,7,31.5,AH0,244,34.8011375,Day,F,L,A,MYSE
151.909,8443,6/3/2015,5/30/2015,10:33:19,7,30.3,AH0,161,32.9663291,Day,F,L,A,MYSE
151.909,8443,6/3/2015,5/29/2015,10:33:20,7,31.5,AH0,243,34.8011375,Day,F,L,A,MYSE
151.909,8443,6/3/2015,5/28/2015,10:33:28,7,30,AH0,66,32.45,Day,F,L,A,MYSE
151.909,8443,6/3/2015,5/28/2015,10:33:30,7,30,AH0,61,32.45,Day,F,L,A,MYSE
151.909,8443,6/3/2015,5/26/2015,10:33:32,7,28,AH0,255,28.3656,Day,F,L,A,MYSE
151.909,8443,6/3/2015,5/28/2015,10:33:32,7,30,AH0,67,32.45,Day,F,L,A,MYSE
151.909,8443,6/3/2015,5/29/2015,10:33:33,7,31.5,AH0,245,34.8011375,Day,F,L,A,MYSE
151.909,8443,6/3/2015,5/30/2015,10:33:33,7,30.2,AH0,159,32.7968664,Day,F,L,A,MYSE
151.909,8443,6/3/2015,5/28/2015,10:33:34,7,30,AH0,65,32.45,Day,F,L,A,MYSE
151.909,8443,6/3/2015,5/26/2015,10:33:35,7,28,AH0,255,28.3656,Day,F,L,A,MYSE
151.909,8443,6/3/2015,5/29/2015,10:33:35,7,31.5,AH0,244,34.8011375,Day,F,L,A,MYSE
151.909,8443,6/3/2015,5/30/2015,10:33:35,7,30.2,AH0,158,32.7968664,Day,F,L,A,MYSE
151.909,8443,6/3/2015,5/26/2015,10:33:37,7,28,AH0,255,28.3656,Day,F,L,A,MYSE
151.909,8443,6/3/2015,5/29/2015,10:33:37,7,31.5,AH0,243,34.8011375,Day,F,L,A,MYSE
151.909,8443,6/3/2015,5/30/2015,10:33:37,7,30.2,AH0,159,32.7968664,Day,F,L,A,MYSE
151.909,8443,6/3/2015,5/26/2015,10:33:39,7,28,AH0,255,28.3656,Day,F,L,A,MYSE
151.909,8443,6/3/2015,5/29/2015,10:33:39,7,31.5,AH0,244,34.8011375,Day,F,L,A,MYSE
151.909,8443,6/3/2015,5/30/2015,10:33:39,7,30.2,AH0,161,32.7968664,Day,F,L,A,MYSE
151.909,8443,6/3/2015,5/29/2015,10:33:41,7,31.5,AH0,243,34.8011375,Day,F,L,A,MYSE
151.909,8443,6/3/2015,5/28/2015,10:33:48,7,29.9,AH0,64,32.2725567,Day,F,L,A,MYSE
151.909,8443,6/3/2015,5/28/2015,10:33:50,7,29.9,AH0,67,32.2725567,Day,F,L,A,MYSE
151.909,8443,6/3/2015,5/26/2015,10:33:52,7,28,AH0,255,28.3656,Day,F,L,A,MYSE
151.909,8443,6/3/2015,5/28/2015,10:33:52,7,29.9,AH0,67,32.2725567,Day,F,L,A,MYSE
151.909,8443,6/3/2015,5/30/2015,10:33:53,7,30.2,AH0,158,32.7968664,Day,F,L,A,MYSE
151.909,8443,6/3/2015,5/26/2015,10:33:54,7,28,AH0,255,28.3656,Day,F,L,A,MYSE
151.909,8443,6/3/2015,5/28/2015,10:33:54,7,29.9,AH0,67,32.2725567,Day,F,L,A,MYSE
151.909,8443,6/3/2015,5/29/2015,10:33:54,7,31.5,AH0,243,34.8011375,Day,F,L,A,MYSE
151.909,8443,6/3/2015,5/30/2015,10:33:55,7,30.2,AH0,157,32.7968664,Day,F,L,A,MYSE
151.909,8443,6/3/2015,5/26/2015,10:33:56,7,28,AH0,255,28.3656,Day,F,L,A,MYSE
151.909,8443,6/3/2015,5/29/2015,10:33:56,7,31.5,AH0,243,34.8011375,Day,F,L,A,MYSE
151.909,8443,6/3/2015,5/30/2015,10:33:57,7,30.2,AH0,158,32.7968664,Day,F,L,A,MYSE
151.909,8443,6/3/2015,5/26/2015,10:33:58,7,28,AH0,255,28.3656,Day,F,L,A,MYSE
151.909,8443,6/3/2015,5/29/2015,10:33:58,7,31.5,AH0,244,34.8011375,Day,F,L,A,MYSE
151.909,8443,6/3/2015,5/30/2015,10:33:59,7,30.2,AH0,155,32.7968664,Day,F,L,A,MYSE
151.909,8443,6/3/2015,5/29/2015,10:34:00,7,31.5,AH0,244,34.8011375,Day,F,L,A,MYSE
151.909,8443,6/3/2015,5/28/2015,10:34:08,7,29.9,AH0,68,32.2725567,Day,F,L,A,MYSE
151.909,8443,6/3/2015,5/28/2015,10:34:10,7,29.9,AH0,70,32.2725567,Day,F,L,A,MYSE
151.909,8443,6/3/2015,5/28/2015,10:34:12,7,29.9,AH0,70,32.2725567,Day,F,L,A,MYSE
151.909,8443,6/3/2015,5/26/2015,10:34:13,7,28,AH0,255,28.3656,Day,F,L,A,MYSE
151.909,8443,6/3/2015,5/29/2015,10:34:13,7,31.5,AH0,244,34.8011375,Day,F,L,A,MYSE
151.909,8443,6/3/2015,5/30/2015,10:34:13,7,30.1,AH0,161,32.6247633,Day,F,L,A,MYSE
151.909,8443,6/3/2015,5/28/2015,10:34:14,7,29.9,AH0,66,32.2725567,Day,F,L,A,MYSE
151.909,8443,6/3/2015,5/26/2015,10:34:15,7,28,AH0,255,28.3656,Day,F,L,A,MYSE
151.909,8443,6/3/2015,5/29/2015,10:34:15,7,31.5,AH0,244,34.8011375,Day,F,L,A,MYSE
151.909,8443,6/3/2015,5/30/2015,10:34:15,7,30.1,AH0,159,32.6247633,Day,F,L,A,MYSE
151.909,8443,6/3/2015,5/26/2015,10:34:17,7,28,AH0,255,28.3656,Day,F,L,A,MYSE
151.909,8443,6/3/2015,5/29/2015,10:34:17,7,31.5,AH0,245,34.8011375,Day,F,L,A,MYSE
151.909,8443,6/3/2015,5/30/2015,10:34:17,7,30.1,AH0,163,32.6247633,Day,F,L,A,MYSE
151.909,8443,6/3/2015,5/29/2015,10:34:19,7,31.6,AH0,245,34.9380768,Day,F,L,A,MYSE
151.909,8443,6/3/2015,5/30/2015,10:34:19,7,30.1,AH0,161,32.6247633,Day,F,L,A,MYSE
151.909,8443,6/3/2015,5/29/2015,10:34:21,7,31.6,AH0,243,34.9380768,Day,F,L,A,MYSE
151.909,8443,6/3/2015,5/28/2015,10:34:28,7,29.9,AH0,68,32.2725567,Day,F,L,A,MYSE
151.909,8443,6/3/2015,5/28/2015,10:34:30,7,29.9,AH0,63,32.2725567,Day,F,L,A,MYSE
151.909,8443,6/3/2015,5/26/2015,10:34:32,7,28,AH0,255,28.3656,Day,F,L,A,MYSE
151.909,8443,6/3/2015,5/28/2015,10:34:32,7,29.9,AH0,70,32.2725567,Day,F,L,A,MYSE
151.909,8443,6/3/2015,5/30/2015,10:34:33,7,30.1,AH0,159,32.6247633,Day,F,L,A,MYSE
151.909,8443,6/3/2015,5/28/2015,10:34:34,7,29.9,AH0,66,32.2725567,Day,F,L,A,MYSE
151.909,8443,6/3/2015,5/29/2015,10:34:34,7,31.6,AH0,245,34.9380768,Day,F,L,A,MYSE
151.909,8443,6/3/2015,5/26/2015,10:34:35,7,28,AH0,255,28.3656,Day,F,L,A,MYSE
151.909,8443,6/3/2015,5/30/2015,10:34:35,7,30.1,AH0,159,32.6247633,Day,F,L,A,MYSE
151.909,8443,6/3/2015,5/29/2015,10:34:36,7,31.6,AH0,246,34.9380768,Day,F,L,A,MYSE
151.909,8443,6/3/2015,5/26/2015,10:34:37,7,28,AH0,255,28.3656,Day,F,L,A,MYSE
151.909,8443,6/3/2015,5/30/2015,10:34:37,7,30.1,AH0,161,32.6247633,Day,F,L,A,MYSE
151.909,8443,6/3/2015,5/29/2015,10:34:38,7,31.6,AH0,245,34.9380768,Day,F,L,A,MYSE
151.909,8443,6/3/2015,5/26/2015,10:34:39,7,28,AH0,255,28.3656,Day,F,L,A,MYSE
151.909,8443,6/3/2015,5/30/2015,10:34:39,7,30.1,AH0,161,32.6247633,Day,F,L,A,MYSE
151.909,8443,6/3/2015,5/29/2015,10:34:40,7,31.6,AH0,244,34.9380768,Day,F,L,A,MYSE
151.909,8443,6/3/2015,5/28/2015,10:34:48,7,29.9,AH0,65,32.2725567,Day,F,L,A,MYSE
151.909,8443,6/3/2015,5/28/2015,10:34:50,7,29.9,AH0,64,32.2725567,Day,F,L,A,MYSE
151.909,8443,6/3/2015,5/26/2015,10:34:52,7,28,AH0,255,28.3656,Day,F,L,A,MYSE
151.909,8443,6/3/2015,5/28/2015,10:34:53,7,29.9,AH0,71,32.2725567,Day,F,L,A,MYSE
151.909,8443,6/3/2015,5/29/2015,10:34:53,7,31.6,AH0,243,34.9380768,Day,F,L,A,MYSE
151.909,8443,6/3/2015,5/30/2015,10:34:53,7,30.2,AH0,157,32.7968664,Day,F,L,A,MYSE
151.909,8443,6/3/2015,5/26/2015,10:34:54,7,28,AH0,255,28.3656,Day,F,L,A,MYSE
151.909,8443,6/3/2015,5/28/2015,10:34:55,7,29.9,AH0,60,32.2725567,Day,F,L,A,MYSE
151.909,8443,6/3/2015,5/29/2015,10:34:55,7,31.6,AH0,244,34.9380768,Day,F,L,A,MYSE
151.909,8443,6/3/2015,5/30/2015,10:34:55,7,30.2,AH0,161,32.7968664,Day,F,L,A,MYSE
151.909,8443,6/3/2015,5/26/2015,10:34:56,7,28,AH0,255,28.3656,Day,F,L,A,MYSE
151.909,8443,6/3/2015,5/29/2015,10:34:57,7,31.6,AH0,245,34.9380768,Day,F,L,A,MYSE
151.909,8443,6/3/2015,5/30/2015,10:34:57,7,30.2,AH0,161,32.7968664,Day,F,L,A,MYSE
151.909,8443,6/3/2015,5/26/2015,10:34:58,7,28,AH0,255,28.3656,Day,F,L,A,MYSE
151.909,8443,6/3/2015,5/29/2015,10:34:59,7,31.6,AH0,245,34.9380768,Day,F,L,A,MYSE
151.909,8443,6/3/2015,5/30/2015,10:34:59,7,30.2,AH0,161,32.7968664,Day,F,L,A,MYSE
151.909,8443,6/3/2015,5/29/2015,10:35:01,7,31.6,AH0,244,34.9380768,Day,F,L,A,MYSE
151.909,8443,6/3/2015,5/28/2015,10:35:09,7,29.8,AH0,60,32.0924136,Day,F,L,A,MYSE
151.909,8443,6/3/2015,5/28/2015,10:35:11,7,29.9,AH0,65,32.2725567,Day,F,L,A,MYSE
151.909,8443,6/3/2015,5/26/2015,10:35:13,7,28,AH0,255,28.3656,Day,F,L,A,MYSE
151.909,8443,6/3/2015,5/28/2015,10:35:13,7,29.8,AH0,69,32.0924136,Day,F,L,A,MYSE
151.909,8443,6/3/2015,5/30/2015,10:35:13,7,30.2,AH0,162,32.7968664,Day,F,L,A,MYSE
151.909,8443,6/3/2015,5/29/2015,10:35:14,7,31.6,AH0,242,34.9380768,Day,F,L,A,MYSE
151.909,8443,6/3/2015,5/26/2015,10:35:15,7,28,AH0,255,28.3656,Day,F,L,A,MYSE
151.909,8443,6/3/2015,5/28/2015,10:35:15,7,29.9,AH0,62,32.2725567,Day,F,L,A,MYSE
151.909,8443,6/3/2015,5/30/2015,10:35:15,7,30.2,AH0,159,32.7968664,Day,F,L,A,MYSE
151.909,8443,6/3/2015,5/29/2015,10:35:16,7,31.6,AH0,243,34.9380768,Day,F,L,A,MYSE
151.909,8443,6/3/2015,5/26/2015,10:35:17,7,28,AH0,255,28.3656,Day,F,L,A,MYSE
151.909,8443,6/3/2015,5/30/2015,10:35:17,7,30.2,AH0,158,32.7968664,Day,F,L,A,MYSE
151.909,8443,6/3/2015,5/29/2015,10:35:18,7,31.6,AH0,242,34.9380768,Day,F,L,A,MYSE
151.909,8443,6/3/2015,5/30/2015,10:35:19,7,30.2,AH0,156,32.7968664,Day,F,L,A,MYSE
151.909,8443,6/3/2015,5/29/2015,10:35:20,7,31.7,AH0,245,35.0726529,Day,F,L,A,MYSE
151.909,8443,6/3/2015,5/28/2015,10:35:29,7,29.8,AH0,62,32.0924136,Day,F,L,A,MYSE
151.909,8443,6/3/2015,5/28/2015,10:35:31,7,29.8,AH0,69,32.0924136,Day,F,L,A,MYSE
151.909,8443,6/3/2015,5/26/2015,10:35:32,7,28,AH0,255,28.3656,Day,F,L,A,MYSE
151.909,8443,6/3/2015,5/28/2015,10:35:33,7,29.8,AH0,69,32.0924136,Day,F,L,A,MYSE
151.909,8443,6/3/2015,5/29/2015,10:35:33,7,31.7,AH0,246,35.0726529,Day,F,L,A,MYSE
151.909,8443,6/3/2015,5/30/2015,10:35:33,7,30.1,AH0,163,32.6247633,Day,F,L,A,MYSE
151.909,8443,6/3/2015,5/26/2015,10:35:35,7,28,AH0,255,28.3656,Day,F,L,A,MYSE
151.909,8443,6/3/2015,5/28/2015,10:35:35,7,29.8,AH0,65,32.0924136,Day,F,L,A,MYSE
151.909,8443,6/3/2015,5/29/2015,10:35:35,7,31.7,AH0,243,35.0726529,Day,F,L,A,MYSE
151.909,8443,6/3/2015,5/30/2015,10:35:35,7,30.1,AH0,160,32.6247633,Day,F,L,A,MYSE
151.909,8443,6/3/2015,5/26/2015,10:35:37,7,28,AH0,255,28.3656,Day,F,L,A,MYSE
151.909,8443,6/3/2015,5/29/2015,10:35:37,7,31.7,AH0,240,35.0726529,Day,F,L,A,MYSE
151.909,8443,6/3/2015,5/30/2015,10:35:37,7,30.1,AH0,164,32.6247633,Day,F,L,A,MYSE
151.909,8443,6/3/2015,5/26/2015,10:35:39,7,28,AH0,255,28.3656,Day,F,L,A,MYSE
151.909,8443,6/3/2015,5/29/2015,10:35:39,7,31.7,AH0,244,35.0726529,Day,F,L,A,MYSE
151.909,8443,6/3/2015,5/30/2015,10:35:39,7,30.1,AH0,165,32.6247633,Day,F,L,A,MYSE
151.909,8443,6/3/2015,5/29/2015,10:35:41,7,31.7,AH0,245,35.0726529,Day,F,L,A,MYSE
151.909,8443,6/3/2015,5/28/2015,10:35:49,7,29.8,AH0,65,32.0924136,Day,F,L,A,MYSE
151.909,8443,6/3/2015,5/28/2015,10:35:51,7,29.8,AH0,65,32.0924136,Day,F,L,A,MYSE
151.909,8443,6/3/2015,5/26/2015,10:35:52,7,28,AH0,255,28.3656,Day,F,L,A,MYSE
151.909,8443,6/3/2015,5/28/2015,10:35:53,7,29.8,AH0,68,32.0924136,Day,F,L,A,MYSE
151.909,8443,6/3/2015,5/30/2015,10:35:53,7,30,AH0,162,32.45,Day,F,L,A,MYSE
151.909,8443,6/3/2015,5/26/2015,10:35:54,7,28,AH0,255,28.3656,Day,F,L,A,MYSE
151.909,8443,6/3/2015,5/29/2015,10:35:54,7,31.7,AH0,245,35.0726529,Day,F,L,A,MYSE
151.909,8443,6/3/2015,5/28/2015,10:35:55,7,29.8,AH0,63,32.0924136,Day,F,L,A,MYSE
151.909,8443,6/3/2015,5/30/2015,10:35:55,7,30,AH0,160,32.45,Day,F,L,A,MYSE
151.909,8443,6/3/2015,5/26/2015,10:35:56,7,28,AH0,255,28.3656,Day,F,L,A,MYSE
151.909,8443,6/3/2015,5/29/2015,10:35:56,7,31.7,AH0,243,35.0726529,Day,F,L,A,MYSE
151.909,8443,6/3/2015,5/30/2015,10:35:57,7,30,AH0,161,32.45,Day,F,L,A,MYSE
151.909,8443,6/3/2015,5/26/2015,10:35:58,7,28,AH0,255,28.3656,Day,F,L,A,MYSE
151.909,8443,6/3/2015,5/29/2015,10:35:58,7,31.7,AH0,244,35.0726529,Day,F,L,A,MYSE
151.909,8443,6/3/2015,5/30/2015,10:35:59,7,29.9,AH0,162,32.2725567,Day,F,L,A,MYSE
151.909,8443,6/3/2015,5/29/2015,10:36:00,7,31.7,AH0,242,35.0726529,Day,F,L,A,MYSE
151.909,8443,6/3/2015,5/28/2015,10:36:09,7,29.8,AH0,68,32.0924136,Day,F,L,A,MYSE
151.909,8443,6/3/2015,5/28/2015,10:36:11,7,29.8,AH0,70,32.0924136,Day,F,L,A,MYSE
151.909,8443,6/3/2015,5/26/2015,10:36:13,7,28,AH0,255,28.3656,Day,F,L,A,MYSE
151.909,8443,6/3/2015,5/28/2015,10:36:13,7,29.8,AH0,71,32.0924136,Day,F,L,A,MYSE
151.909,8443,6/3/2015,5/30/2015,10:36:13,7,29.9,AH0,159,32.2725567,Day,F,L,A,MYSE
151.909,8443,6/3/2015,5/26/2015,10:36:15,7,28,AH0,255,28.3656,Day,F,L,A,MYSE
151.909,8443,6/3/2015,5/28/2015,10:36:15,7,29.8,AH0,67,32.0924136,Day,F,L,A,MYSE
151.909,8443,6/3/2015,5/29/2015,10:36:15,7,31.7,AH0,240,35.0726529,Day,F,L,A,MYSE
151.909,8443,6/3/2015,5/30/2015,10:36:15,7,30,AH0,159,32.45,Day,F,L,A,MYSE
151.909,8443,6/3/2015,5/26/2015,10:36:17,7,28,AH0,255,28.3656,Day,F,L,A,MYSE
151.909,8443,6/3/2015,5/29/2015,10:36:17,7,31.7,AH0,242,35.0726529,Day,F,L,A,MYSE
151.909,8443,6/3/2015,5/30/2015,10:36:17,7,30,AH0,159,32.45,Day,F,L,A,MYSE
151.909,8443,6/3/2015,5/29/2015,10:36:19,7,31.7,AH0,244,35.0726529,Day,F,L,A,MYSE
151.909,8443,6/3/2015,5/30/2015,10:36:19,7,30,AH0,166,32.45,Day,F,L,A,MYSE
151.909,8443,6/3/2015,5/29/2015,10:36:20,7,31.7,AH0,243,35.0726529,Day,F,L,A,MYSE
151.909,8443,6/3/2015,5/28/2015,10:36:29,7,29.8,AH0,66,32.0924136,Day,F,L,A,MYSE
151.909,8443,6/3/2015,5/28/2015,10:36:31,7,29.8,AH0,63,32.0924136,Day,F,L,A,MYSE
151.909,8443,6/3/2015,5/26/2015,10:36:32,7,28,AH0,255,28.3656,Day,F,L,A,MYSE
151.909,8443,6/3/2015,5/28/2015,10:36:33,7,29.8,AH0,66,32.0924136,Day,F,L,A,MYSE
151.909,8443,6/3/2015,5/30/2015,10:36:33,7,30.1,AH0,163,32.6247633,Day,F,L,A,MYSE
151.909,8443,6/3/2015,5/26/2015,10:36:34,7,28,AH0,255,28.3656,Day,F,L,A,MYSE
151.909,8443,6/3/2015,5/29/2015,10:36:34,7,31.7,AH0,244,35.0726529,Day,F,L,A,MYSE
151.909,8443,6/3/2015,5/28/2015,10:36:35,7,29.8,AH0,61,32.0924136,Day,F,L,A,MYSE
151.909,8443,6/3/2015,5/30/2015,10:36:35,7,30.1,AH0,159,32.6247633,Day,F,L,A,MYSE
151.909,8443,6/3/2015,5/29/2015,10:36:36,7,31.7,AH0,242,35.0726529,Day,F,L,A,MYSE
151.909,8443,6/3/2015,5/26/2015,10:36:37,7,28,AH0,255,28.3656,Day,F,L,A,MYSE
151.909,8443,6/3/2015,5/29/2015,10:36:37,7,31.7,AH0,244,35.0726529,Day,F,L,A,MYSE
151.909,8443,6/3/2015,5/30/2015,10:36:37,7,30.1,AH0,157,32.6247633,Day,F,L,A,MYSE
151.909,8443,6/3/2015,5/26/2015,10:36:39,7,28,AH0,255,28.3656,Day,F,L,A,MYSE
151.909,8443,6/3/2015,5/29/2015,10:36:39,7,31.7,AH0,244,35.0726529,Day,F,L,A,MYSE
151.909,8443,6/3/2015,5/30/2015,10:36:39,7,30.1,AH0,162,32.6247633,Day,F,L,A,MYSE
151.909,8443,6/3/2015,5/28/2015,10:36:49,7,29.8,AH0,70,32.0924136,Day,F,L,A,MYSE
151.909,8443,6/3/2015,5/28/2015,10:36:51,7,29.8,AH0,65,32.0924136,Day,F,L,A,MYSE
151.909,8443,6/3/2015,5/26/2015,10:36:52,7,28,AH0,255,28.3656,Day,F,L,A,MYSE
151.909,8443,6/3/2015,5/28/2015,10:36:53,7,29.8,AH0,61,32.0924136,Day,F,L,A,MYSE
151.909,8443,6/3/2015,5/30/2015,10:36:53,7,30.1,AH0,157,32.6247633,Day,F,L,A,MYSE
151.909,8443,6/3/2015,5/26/2015,10:36:54,7,28,AH0,255,28.3656,Day,F,L,A,MYSE
151.909,8443,6/3/2015,5/29/2015,10:36:54,7,31.7,AH0,244,35.0726529,Day,F,L,A,MYSE
151.909,8443,6/3/2015,5/28/2015,10:36:55,7,29.8,AH0,64,32.0924136,Day,F,L,A,MYSE
151.909,8443,6/3/2015,5/30/2015,10:36:55,7,30.1,AH0,159,32.6247633,Day,F,L,A,MYSE
151.909,8443,6/3/2015,5/26/2015,10:36:56,7,28,AH0,255,28.3656,Day,F,L,A,MYSE
151.909,8443,6/3/2015,5/29/2015,10:36:56,7,31.7,AH0,242,35.0726529,Day,F,L,A,MYSE
151.909,8443,6/3/2015,5/30/2015,10:36:57,7,30.1,AH0,160,32.6247633,Day,F,L,A,MYSE
151.909,8443,6/3/2015,5/26/2015,10:36:58,7,28,AH0,255,28.3656,Day,F,L,A,MYSE
151.909,8443,6/3/2015,5/29/2015,10:36:58,7,31.7,AH0,245,35.0726529,Day,F,L,A,MYSE
151.909,8443,6/3/2015,5/30/2015,10:36:59,7,30.1,AH0,161,32.6247633,Day,F,L,A,MYSE
151.909,8443,6/3/2015,5/29/2015,10:37:00,7,31.7,AH0,243,35.0726529,Day,F,L,A,MYSE
151.909,8443,6/3/2015,5/28/2015,10:37:09,7,29.8,AH0,68,32.0924136,Day,F,L,A,MYSE
151.909,8443,6/3/2015,5/28/2015,10:37:11,7,29.8,AH0,67,32.0924136,Day,F,L,A,MYSE
151.909,8443,6/3/2015,5/26/2015,10:37:13,7,28,AH0,255,28.3656,Day,F,L,A,MYSE
151.909,8443,6/3/2015,5/28/2015,10:37:13,7,29.8,AH0,58,32.0924136,Day,F,L,A,MYSE
151.909,8443,6/3/2015,5/29/2015,10:37:13,7,31.7,AH0,244,35.0726529,Day,F,L,A,MYSE
151.909,8443,6/3/2015,5/30/2015,10:37:13,7,30.1,AH0,156,32.6247633,Day,F,L,A,MYSE
151.909,8443,6/3/2015,5/26/2015,10:37:15,7,28,AH0,255,28.3656,Day,F,L,A,MYSE
151.909,8443,6/3/2015,5/28/2015,10:37:15,7,29.8,AH0,67,32.0924136,Day,F,L,A,MYSE
151.909,8443,6/3/2015,5/29/2015,10:37:15,7,31.7,AH0,245,35.0726529,Day,F,L,A,MYSE
151.909,8443,6/3/2015,5/30/2015,10:37:15,7,30.1,AH0,160,32.6247633,Day,F,L,A,MYSE
151.909,8443,6/3/2015,5/26/2015,10:37:17,7,28,AH0,255,28.3656,Day,F,L,A,MYSE
151.909,8443,6/3/2015,5/29/2015,10:37:17,7,31.7,AH0,246,35.0726529,Day,F,L,A,MYSE
151.909,8443,6/3/2015,5/30/2015,10:37:17,7,30.1,AH0,163,32.6247633,Day,F,L,A,MYSE
151.909,8443,6/3/2015,5/29/2015,10:37:19,7,31.7,AH0,245,35.0726529,Day,F,L,A,MYSE
151.909,8443,6/3/2015,5/30/2015,10:37:19,7,30.1,AH0,165,32.6247633,Day,F,L,A,MYSE
151.909,8443,6/3/2015,5/29/2015,10:37:21,7,31.7,AH0,245,35.0726529,Day,F,L,A,MYSE
151.909,8443,6/3/2015,5/28/2015,10:37:30,7,29.8,AH0,66,32.0924136,Day,F,L,A,MYSE
151.909,8443,6/3/2015,5/26/2015,10:37:32,7,28,AH0,255,28.3656,Day,F,L,A,MYSE
151.909,8443,6/3/2015,5/28/2015,10:37:32,7,29.8,AH0,64,32.0924136,Day,F,L,A,MYSE
151.909,8443,6/3/2015,5/26/2015,10:37:34,7,28,AH0,255,28.3656,Day,F,L,A,MYSE
151.909,8443,6/3/2015,5/28/2015,10:37:34,7,29.8,AH0,65,32.0924136,Day,F,L,A,MYSE
151.909,8443,6/3/2015,5/29/2015,10:37:34,7,31.7,AH0,250,35.0726529,Day,F,L,A,MYSE
151.909,8443,6/3/2015,5/30/2015,10:37:34,7,30.1,AH0,162,32.6247633,Day,F,L,A,MYSE
151.909,8443,6/3/2015,5/28/2015,10:37:36,7,29.8,AH0,64,32.0924136,Day,F,L,A,MYSE
151.909,8443,6/3/2015,5/29/2015,10:37:36,7,31.6,AH0,247,34.9380768,Day,F,L,A,MYSE
151.909,8443,6/3/2015,5/30/2015,10:37:36,7,30.1,AH0,162,32.6247633,Day,F,L,A,MYSE
151.909,8443,6/3/2015,5/26/2015,10:37:37,7,28,AH0,255,28.3656,Day,F,L,A,MYSE
151.909,8443,6/3/2015,5/29/2015,10:37:38,7,31.7,AH0,249,35.0726529,Day,F,L,A,MYSE
151.909,8443,6/3/2015,5/30/2015,10:37:38,7,30.1,AH0,162,32.6247633,Day,F,L,A,MYSE
151.909,8443,6/3/2015,5/26/2015,10:37:39,7,28,AH0,255,28.3656,Day,F,L,A,MYSE
151.909,8443,6/3/2015,5/29/2015,10:37:40,7,31.7,AH0,244,35.0726529,Day,F,L,A,MYSE
151.909,8443,6/3/2015,5/30/2015,10:37:40,7,30.1,AH0,163,32.6247633,Day,F,L,A,MYSE
151.909,8443,6/3/2015,5/28/2015,10:37:50,7,29.8,AH0,69,32.0924136,Day,F,L,A,MYSE
151.909,8443,6/3/2015,5/26/2015,10:37:52,7,28,AH0,255,28.3656,Day,F,L,A,MYSE
151.909,8443,6/3/2015,5/28/2015,10:37:52,7,29.8,AH0,68,32.0924136,Day,F,L,A,MYSE
151.909,8443,6/3/2015,5/29/2015,10:37:53,7,31.7,AH0,253,35.0726529,Day,F,L,A,MYSE
151.909,8443,6/3/2015,5/26/2015,10:37:54,7,28,AH0,255,28.3656,Day,F,L,A,MYSE
151.909,8443,6/3/2015,5/28/2015,10:37:54,7,29.8,AH0,67,32.0924136,Day,F,L,A,MYSE
151.909,8443,6/3/2015,5/30/2015,10:37:54,7,30,AH0,163,32.45,Day,F,L,A,MYSE
151.909,8443,6/3/2015,5/29/2015,10:37:55,7,31.7,AH0,251,35.0726529,Day,F,L,A,MYSE
151.909,8443,6/3/2015,5/26/2015,10:37:56,7,28,AH0,255,28.3656,Day,F,L,A,MYSE
151.909,8443,6/3/2015,5/30/2015,10:37:56,7,30,AH0,165,32.45,Day,F,L,A,MYSE
151.909,8443,6/3/2015,5/29/2015,10:37:57,7,31.7,AH0,252,35.0726529,Day,F,L,A,MYSE
151.909,8443,6/3/2015,5/26/2015,10:37:58,7,28,AH0,255,28.3656,Day,F,L,A,MYSE
151.909,8443,6/3/2015,5/30/2015,10:37:58,7,30,AH0,164,32.45,Day,F,L,A,MYSE
151.909,8443,6/3/2015,5/29/2015,10:37:59,7,31.7,AH0,253,35.0726529,Day,F,L,A,MYSE
151.909,8443,6/3/2015,5/30/2015,10:38:00,7,30,AH0,165,32.45,Day,F,L,A,MYSE
151.909,8443,6/3/2015,5/29/2015,10:38:01,7,31.7,AH0,252,35.0726529,Day,F,L,A,MYSE
151.909,8443,6/3/2015,5/28/2015,10:38:08,7,29.9,AH0,65,32.2725567,Day,F,L,A,MYSE
151.909,8443,6/3/2015,5/28/2015,10:38:10,7,29.8,AH0,60,32.0924136,Day,F,L,A,MYSE
151.909,8443,6/3/2015,5/28/2015,10:38:12,7,29.8,AH0,63,32.0924136,Day,F,L,A,MYSE
151.909,8443,6/3/2015,5/26/2015,10:38:13,7,28,AH0,255,28.3656,Day,F,L,A,MYSE
151.909,8443,6/3/2015,5/28/2015,10:38:14,7,29.8,AH0,68,32.0924136,Day,F,L,A,MYSE
151.909,8443,6/3/2015,5/29/2015,10:38:14,7,31.9,AH0,250,35.3347947,Day,F,L,A,MYSE
151.909,8443,6/3/2015,5/30/2015,10:38:14,7,29.9,AH0,155,32.2725567,Day,F,L,A,MYSE
151.909,8443,6/3/2015,5/26/2015,10:38:15,7,28,AH0,255,28.3656,Day,F,L,A,MYSE
151.909,8443,6/3/2015,5/29/2015,10:38:16,7,31.9,AH0,251,35.3347947,Day,F,L,A,MYSE
151.909,8443,6/3/2015,5/30/2015,10:38:16,7,29.9,AH0,156,32.2725567,Day,F,L,A,MYSE
151.909,8443,6/3/2015,5/26/2015,10:38:17,7,28,AH0,255,28.3656,Day,F,L,A,MYSE
151.909,8443,6/3/2015,5/29/2015,10:38:18,7,31.9,AH0,252,35.3347947,Day,F,L,A,MYSE
151.909,8443,6/3/2015,5/30/2015,10:38:18,7,29.9,AH0,157,32.2725567,Day,F,L,A,MYSE
151.909,8443,6/3/2015,5/29/2015,10:38:20,7,31.9,AH0,250,35.3347947,Day,F,L,A,MYSE
151.909,8443,6/3/2015,5/30/2015,10:38:20,7,29.8,AH0,159,32.0924136,Day,F,L,A,MYSE
151.909,8443,6/3/2015,5/28/2015,10:38:28,7,29.8,AH0,57,32.0924136,Day,F,L,A,MYSE
151.909,8443,6/3/2015,5/28/2015,10:38:30,7,29.8,AH0,65,32.0924136,Day,F,L,A,MYSE
151.909,8443,6/3/2015,5/26/2015,10:38:32,7,28,AH0,255,28.3656,Day,F,L,A,MYSE
151.909,8443,6/3/2015,5/28/2015,10:38:32,7,29.8,AH0,70,32.0924136,Day,F,L,A,MYSE
151.909,8443,6/3/2015,5/26/2015,10:38:34,7,28,AH0,255,28.3656,Day,F,L,A,MYSE
151.909,8443,6/3/2015,5/28/2015,10:38:34,7,29.8,AH0,58,32.0924136,Day,F,L,A,MYSE
151.909,8443,6/3/2015,5/30/2015,10:38:34,7,29.7,AH0,160,31.9095509,Day,F,L,A,MYSE
151.909,8443,6/3/2015,5/29/2015,10:38:35,7,32,AH0,254,35.4624,Day,F,L,A,MYSE
151.909,8443,6/3/2015,5/29/2015,10:38:36,7,32,AH0,252,35.4624,Day,F,L,A,MYSE
151.909,8443,6/3/2015,5/30/2015,10:38:36,7,29.7,AH0,157,31.9095509,Day,F,L,A,MYSE
151.909,8443,6/3/2015,5/26/2015,10:38:37,7,28,AH0,255,28.3656,Day,F,L,A,MYSE
151.909,8443,6/3/2015,5/29/2015,10:38:38,7,32,AH0,253,35.4624,Day,F,L,A,MYSE
151.909,8443,6/3/2015,5/30/2015,10:38:38,7,29.7,AH0,162,31.9095509,Day,F,L,A,MYSE
151.909,8443,6/3/2015,5/26/2015,10:38:39,7,28,AH0,255,28.3656,Day,F,L,A,MYSE
151.909,8443,6/3/2015,5/29/2015,10:38:40,7,32,AH0,252,35.4624,Day,F,L,A,MYSE
151.909,8443,6/3/2015,5/30/2015,10:38:40,7,29.7,AH0,161,31.9095509,Day,F,L,A,MYSE
151.909,8443,6/3/2015,5/28/2015,10:38:48,7,29.9,AH0,57,32.2725567,Day,F,L,A,MYSE
151.909,8443,6/3/2015,5/28/2015,10:38:50,7,30,AH0,59,32.45,Day,F,L,A,MYSE
151.909,8443,6/3/2015,5/26/2015,10:38:52,7,28,AH0,255,28.3656,Day,F,L,A,MYSE
151.909,8443,6/3/2015,5/28/2015,10:38:52,7,29.9,AH0,52,32.2725567,Day,F,L,A,MYSE
151.909,8443,6/3/2015,5/29/2015,10:38:53,7,31.8,AH0,254,35.2048856,Day,F,L,A,MYSE
151.909,8443,6/3/2015,5/26/2015,10:38:54,7,28,AH0,255,28.3656,Day,F,L,A,MYSE
151.909,8443,6/3/2015,5/28/2015,10:38:54,7,29.9,AH0,62,32.2725567,Day,F,L,A,MYSE
151.909,8443,6/3/2015,5/30/2015,10:38:54,7,29.6,AH0,161,31.7239488,Day,F,L,A,MYSE
151.909,8443,6/3/2015,5/29/2015,10:38:55,7,31.8,AH0,254,35.2048856,Day,F,L,A,MYSE
151.909,8443,6/3/2015,5/26/2015,10:38:56,7,28,AH0,255,28.3656,Day,F,L,A,MYSE
151.909,8443,6/3/2015,5/30/2015,10:38:56,7,29.6,AH0,159,31.7239488,Day,F,L,A,MYSE
151.909,8443,6/3/2015,5/29/2015,10:38:57,7,31.8,AH0,249,35.2048856,Day,F,L,A,MYSE
151.909,8443,6/3/2015,5/26/2015,10:38:58,7,28,AH0,255,28.3656,Day,F,L,A,MYSE
151.909,8443,6/3/2015,5/30/2015,10:38:58,7,29.6,AH0,159,31.7239488,Day,F,L,A,MYSE
151.909,8443,6/3/2015,5/29/2015,10:38:59,7,31.7,AH0,250,35.0726529,Day,F,L,A,MYSE
151.909,8443,6/3/2015,5/30/2015,10:39:00,7,29.6,AH0,162,31.7239488,Day,F,L,A,MYSE
151.909,8443,6/3/2015,5/29/2015,10:39:01,7,31.7,AH0,250,35.0726529,Day,F,L,A,MYSE
151.909,8443,6/3/2015,5/26/2015,10:39:13,7,28,AH0,255,28.3656,Day,F,L,A,MYSE
151.909,8443,6/3/2015,5/29/2015,10:39:14,7,31.4,AH0,243,34.6618152,Day,F,L,A,MYSE
151.909,8443,6/3/2015,5/30/2015,10:39:14,7,29.5,AH0,159,31.5355875,Day,F,L,A,MYSE
151.909,8443,6/3/2015,5/26/2015,10:39:15,7,28.1,AH0,255,28.5977253,Day,F,L,A,MYSE
151.909,8443,6/3/2015,5/29/2015,10:39:16,7,31.3,AH0,241,34.5200901,Day,F,L,A,MYSE
151.909,8443,6/3/2015,5/30/2015,10:39:16,7,29.5,AH0,158,31.5355875,Day,F,L,A,MYSE
151.909,8443,6/3/2015,5/26/2015,10:39:17,7,28,AH0,255,28.3656,Day,F,L,A,MYSE
151.909,8443,6/3/2015,5/29/2015,10:39:18,7,31.3,AH0,243,34.5200901,Day,F,L,A,MYSE
151.909,8443,6/3/2015,5/30/2015,10:39:18,7,29.5,AH0,160,31.5355875,Day,F,L,A,MYSE
151.909,8443,6/3/2015,5/29/2015,10:39:20,7,31.3,AH0,235,34.5200901,Day,F,L,A,MYSE
151.909,8443,6/3/2015,5/30/2015,10:39:20,7,29.5,AH0,162,31.5355875,Day,F,L,A,MYSE
151.909,8443,6/3/2015,5/28/2015,10:39:30,7,14.9,AH0,52,-36.0561783,Day,F,L,A,MYSE
151.909,8443,6/3/2015,5/26/2015,10:39:32,7,28.1,AH0,255,28.5977253,Day,F,L,A,MYSE
151.909,8443,6/3/2015,5/28/2015,10:39:32,7,29.7,AH0,45,31.9095509,Day,F,L,A,MYSE
151.909,8443,6/3/2015,5/30/2015,10:39:33,7,29.4,AH0,159,31.3444472,Day,F,L,A,MYSE
151.909,8443,6/3/2015,5/26/2015,10:39:34,7,28,AH0,255,28.3656,Day,F,L,A,MYSE
151.909,8443,6/3/2015,5/29/2015,10:39:34,7,30.9,AH0,238,33.9287657,Day,F,L,A,MYSE
151.909,8443,6/3/2015,5/30/2015,10:39:35,7,29.4,AH0,157,31.3444472,Day,F,L,A,MYSE
151.909,8443,6/3/2015,5/26/2015,10:39:36,7,28,AH0,255,28.3656,Day,F,L,A,MYSE
151.909,8443,6/3/2015,5/29/2015,10:39:36,7,30.9,AH0,240,33.9287657,Day,F,L,A,MYSE
151.909,8443,6/3/2015,5/29/2015,10:39:37,7,30.9,AH0,238,33.9287657,Day,F,L,A,MYSE
151.909,8443,6/3/2015,5/30/2015,10:39:37,7,29.4,AH0,162,31.3444472,Day,F,L,A,MYSE
151.909,8443,6/3/2015,5/26/2015,10:39:39,7,28.1,AH0,255,28.5977253,Day,F,L,A,MYSE
151.909,8443,6/3/2015,5/29/2015,10:39:39,7,30.8,AH0,240,33.7747296,Day,F,L,A,MYSE
151.909,8443,6/3/2015,5/30/2015,10:39:39,7,29.4,AH0,162,31.3444472,Day,F,L,A,MYSE
151.909,8443,6/3/2015,5/28/2015,10:39:49,7,29.9,AH0,55,32.2725567,Day,F,L,A,MYSE
151.909,8443,6/3/2015,5/26/2015,10:39:51,7,28,AH0,255,28.3656,Day,F,L,A,MYSE
151.909,8443,6/3/2015,5/28/2015,10:39:51,7,29.9,AH0,54,32.2725567,Day,F,L,A,MYSE
151.909,8443,6/3/2015,5/28/2015,10:39:53,7,29.9,AH0,56,32.2725567,Day,F,L,A,MYSE
151.909,8443,6/3/2015,5/29/2015,10:39:53,7,30.9,AH0,236,33.9287657,Day,F,L,A,MYSE
151.909,8443,6/3/2015,5/30/2015,10:39:53,7,29.5,AH0,157,31.5355875,Day,F,L,A,MYSE
151.909,8443,6/3/2015,5/26/2015,10:39:54,7,28.1,AH0,255,28.5977253,Day,F,L,A,MYSE
151.909,8443,6/3/2015,5/28/2015,10:39:55,7,29.8,AH0,51,32.0924136,Day,F,L,A,MYSE
151.909,8443,6/3/2015,5/29/2015,10:39:55,7,30.8,AH0,238,33.7747296,Day,F,L,A,MYSE
151.909,8443,6/3/2015,5/30/2015,10:39:55,7,29.5,AH0,160,31.5355875,Day,F,L,A,MYSE
151.909,8443,6/3/2015,5/26/2015,10:39:56,7,28.1,AH0,255,28.5977253,Day,F,L,A,MYSE
151.909,8443,6/3/2015,5/29/2015,10:39:57,7,30.8,AH0,238,33.7747296,Day,F,L,A,MYSE
151.909,8443,6/3/2015,5/30/2015,10:39:57,7,29.5,AH0,157,31.5355875,Day,F,L,A,MYSE
151.909,8443,6/3/2015,5/26/2015,10:39:58,7,28.1,AH0,255,28.5977253,Day,F,L,A,MYSE
151.909,8443,6/3/2015,5/29/2015,10:39:59,7,30.8,AH0,241,33.7747296,Day,F,L,A,MYSE
151.909,8443,6/3/2015,5/30/2015,10:39:59,7,29.5,AH0,159,31.5355875,Day,F,L,A,MYSE
151.909,8443,6/3/2015,5/29/2015,10:40:01,7,30.7,AH0,241,33.6181719,Day,F,L,A,MYSE
151.909,8443,6/3/2015,5/26/2015,10:40:13,7,28.1,AH0,255,28.5977253,Day,F,L,A,MYSE
151.909,8443,6/3/2015,5/30/2015,10:40:13,7,29.6,AH0,158,31.7239488,Day,F,L,A,MYSE
151.909,8443,6/3/2015,5/26/2015,10:40:15,7,28.1,AH0,255,28.5977253,Day,F,L,A,MYSE
151.909,8443,6/3/2015,5/29/2015,10:40:15,7,30.4,AH0,244,33.1331712,Day,F,L,A,MYSE
151.909,8443,6/3/2015,5/30/2015,10:40:15,7,29.6,AH0,162,31.7239488,Day,F,L,A,MYSE
151.909,8443,6/3/2015,5/26/2015,10:40:17,7,28.1,AH0,255,28.5977253,Day,F,L,A,MYSE
151.909,8443,6/3/2015,5/29/2015,10:40:17,7,30.4,AH0,240,33.1331712,Day,F,L,A,MYSE
151.909,8443,6/3/2015,5/30/2015,10:40:17,7,29.6,AH0,152,31.7239488,Day,F,L,A,MYSE
151.909,8443,6/3/2015,5/29/2015,10:40:19,7,30.4,AH0,243,33.1331712,Day,F,L,A,MYSE
151.909,8443,6/3/2015,5/30/2015,10:40:19,7,29.6,AH0,156,31.7239488,Day,F,L,A,MYSE
151.909,8443,6/3/2015,5/29/2015,10:40:20,7,30.3,AH0,241,32.9663291,Day,F,L,A,MYSE
151.909,8443,6/3/2015,5/26/2015,10:40:32,7,28.1,AH0,255,28.5977253,Day,F,L,A,MYSE
151.909,8443,6/3/2015,5/26/2015,10:40:34,7,28.1,AH0,255,28.5977253,Day,F,L,A,MYSE
151.909,8443,6/3/2015,5/29/2015,10:40:34,7,30.1,AH0,239,32.6247633,Day,F,L,A,MYSE
151.909,8443,6/3/2015,5/30/2015,10:40:34,7,29.6,AH0,159,31.7239488,Day,F,L,A,MYSE
151.909,8443,6/3/2015,5/26/2015,10:40:36,7,28.1,AH0,255,28.5977253,Day,F,L,A,MYSE
151.909,8443,6/3/2015,5/29/2015,10:40:36,7,30,AH0,239,32.45,Day,F,L,A,MYSE
151.909,8443,6/3/2015,5/30/2015,10:40:36,7,29.6,AH0,159,31.7239488,Day,F,L,A,MYSE
151.909,8443,6/3/2015,5/29/2015,10:40:38,7,30,AH0,241,32.45,Day,F,L,A,MYSE
151.909,8443,6/3/2015,5/30/2015,10:40:38,7,29.7,AH0,153,31.9095509,Day,F,L,A,MYSE
151.909,8443,6/3/2015,5/26/2015,10:40:39,7,28.1,AH0,255,28.5977253,Day,F,L,A,MYSE
151.909,8443,6/3/2015,5/29/2015,10:40:40,7,30,AH0,240,32.45,Day,F,L,A,MYSE
151.909,8443,6/3/2015,5/30/2015,10:40:40,7,29.7,AH0,159,31.9095509,Day,F,L,A,MYSE
151.909,8443,6/3/2015,5/26/2015,10:40:51,7,28.1,AH0,255,28.5977253,Day,F,L,A,MYSE
151.909,8443,6/3/2015,5/28/2015,10:40:53,7,29.8,AH0,49,32.0924136,Day,F,L,A,MYSE
151.909,8443,6/3/2015,5/26/2015,10:40:54,7,28.1,AH0,255,28.5977253,Day,F,L,A,MYSE
151.909,8443,6/3/2015,5/29/2015,10:40:54,7,29.9,AH0,239,32.2725567,Day,F,L,A,MYSE
151.909,8443,6/3/2015,5/30/2015,10:40:54,7,29.7,AH0,158,31.9095509,Day,F,L,A,MYSE
151.909,8443,6/3/2015,5/28/2015,10:40:55,7,29.9,AH0,49,32.2725567,Day,F,L,A,MYSE
151.909,8443,6/3/2015,5/26/2015,10:40:56,7,28,AH0,255,28.3656,Day,F,L,A,MYSE
151.909,8443,6/3/2015,5/29/2015,10:40:56,7,29.9,AH0,242,32.2725567,Day,F,L,A,MYSE
151.909,8443,6/3/2015,5/30/2015,10:40:56,7,29.8,AH0,159,32.0924136,Day,F,L,A,MYSE
151.909,8443,6/3/2015,5/26/2015,10:40:58,7,28.1,AH0,255,28.5977253,Day,F,L,A,MYSE
151.909,8443,6/3/2015,5/29/2015,10:40:58,7,29.9,AH0,240,32.2725567,Day,F,L,A,MYSE
151.909,8443,6/3/2015,5/30/2015,10:40:58,7,29.8,AH0,161,32.0924136,Day,F,L,A,MYSE
151.909,8443,6/3/2015,5/29/2015,10:41:00,7,29.9,AH0,240,32.2725567,Day,F,L,A,MYSE
151.909,8443,6/3/2015,5/30/2015,10:41:00,7,29.8,AH0,158,32.0924136,Day,F,L,A,MYSE
151.909,8443,6/3/2015,5/28/2015,10:41:09,7,30.1,AH0,52,32.6247633,Day,F,L,A,MYSE
151.909,8443,6/3/2015,5/28/2015,10:41:11,7,29.9,AH0,52,32.2725567,Day,F,L,A,MYSE
151.909,8443,6/3/2015,5/26/2015,10:41:13,7,28.1,AH0,255,28.5977253,Day,F,L,A,MYSE
151.909,8443,6/3/2015,5/28/2015,10:41:13,7,30,AH0,54,32.45,Day,F,L,A,MYSE
151.909,8443,6/3/2015,5/30/2015,10:41:14,7,29.8,AH0,160,32.0924136,Day,F,L,A,MYSE
151.909,8443,6/3/2015,5/26/2015,10:41:15,7,28.1,AH0,255,28.5977253,Day,F,L,A,MYSE
151.909,8443,6/3/2015,5/28/2015,10:41:15,7,30.1,AH0,52,32.6247633,Day,F,L,A,MYSE
151.909,8443,6/3/2015,5/29/2015,10:41:15,7,29.8,AH0,240,32.0924136,Day,F,L,A,MYSE
151.909,8443,6/3/2015,5/30/2015,10:41:16,7,29.8,AH0,160,32.0924136,Day,F,L,A,MYSE
151.909,8443,6/3/2015,5/26/2015,10:41:17,7,28.1,AH0,255,28.5977253,Day,F,L,A,MYSE
151.909,8443,6/3/2015,5/29/2015,10:41:17,7,29.8,AH0,242,32.0924136,Day,F,L,A,MYSE
151.909,8443,6/3/2015,5/30/2015,10:41:18,7,29.8,AH0,158,32.0924136,Day,F,L,A,MYSE
151.909,8443,6/3/2015,5/29/2015,10:41:19,7,29.8,AH0,242,32.0924136,Day,F,L,A,MYSE
151.909,8443,6/3/2015,5/30/2015,10:41:20,7,29.8,AH0,160,32.0924136,Day,F,L,A,MYSE
151.909,8443,6/3/2015,5/29/2015,10:41:21,7,29.8,AH0,240,32.0924136,Day,F,L,A,MYSE
151.909,8443,6/3/2015,5/26/2015,10:41:32,7,28.1,AH0,255,28.5977253,Day,F,L,A,MYSE
151.909,8443,6/3/2015,5/26/2015,10:41:34,7,28,AH0,255,28.3656,Day,F,L,A,MYSE
151.909,8443,6/3/2015,5/30/2015,10:41:34,7,29.8,AH0,158,32.0924136,Day,F,L,A,MYSE
151.909,8443,6/3/2015,5/29/2015,10:41:35,7,29.7,AH0,239,31.9095509,Day,F,L,A,MYSE
151.909,8443,6/3/2015,5/26/2015,10:41:36,7,28.1,AH0,255,28.5977253,Day,F,L,A,MYSE
151.909,8443,6/3/2015,5/30/2015,10:41:36,7,29.8,AH0,160,32.0924136,Day,F,L,A,MYSE
151.909,8443,6/3/2015,5/29/2015,10:41:37,7,29.7,AH0,241,31.9095509,Day,F,L,A,MYSE
151.909,8443,6/3/2015,5/26/2015,10:41:38,7,28.1,AH0,255,28.5977253,Day,F,L,A,MYSE
151.909,8443,6/3/2015,5/30/2015,10:41:38,7,29.8,AH0,160,32.0924136,Day,F,L,A,MYSE
151.909,8443,6/3/2015,5/29/2015,10:41:39,7,29.7,AH0,239,31.9095509,Day,F,L,A,MYSE
151.909,8443,6/3/2015,5/30/2015,10:41:40,7,29.8,AH0,159,32.0924136,Day,F,L,A,MYSE
151.909,8443,6/3/2015,5/29/2015,10:41:41,7,29.7,AH0,241,31.9095509,Day,F,L,A,MYSE
151.909,8443,6/3/2015,5/26/2015,10:41:51,7,28.1,AH0,255,28.5977253,Day,F,L,A,MYSE
151.909,8443,6/3/2015,5/26/2015,10:41:53,7,28.1,AH0,255,28.5977253,Day,F,L,A,MYSE
151.909,8443,6/3/2015,5/30/2015,10:41:54,7,29.7,AH0,159,31.9095509,Day,F,L,A,MYSE
151.909,8443,6/3/2015,5/29/2015,10:41:55,7,29.7,AH0,239,31.9095509,Day,F,L,A,MYSE
151.909,8443,6/3/2015,5/26/2015,10:41:56,7,28.1,AH0,255,28.5977253,Day,F,L,A,MYSE
151.909,8443,6/3/2015,5/30/2015,10:41:56,7,29.7,AH0,164,31.9095509,Day,F,L,A,MYSE
151.909,8443,6/3/2015,5/29/2015,10:41:57,7,29.7,AH0,240,31.9095509,Day,F,L,A,MYSE
151.909,8443,6/3/2015,5/26/2015,10:41:58,7,28.1,AH0,255,28.5977253,Day,F,L,A,MYSE
151.909,8443,6/3/2015,5/30/2015,10:41:58,7,29.8,AH0,161,32.0924136,Day,F,L,A,MYSE
151.909,8443,6/3/2015,5/29/2015,10:41:59,7,29.7,AH0,239,31.9095509,Day,F,L,A,MYSE
151.909,8443,6/3/2015,5/30/2015,10:42:00,7,29.8,AH0,165,32.0924136,Day,F,L,A,MYSE
151.909,8443,6/3/2015,5/26/2015,10:42:13,7,28.1,AH0,255,28.5977253,Day,F,L,A,MYSE
151.909,8443,6/3/2015,5/29/2015,10:42:13,7,29.7,AH0,234,31.9095509,Day,F,L,A,MYSE
151.909,8443,6/3/2015,5/30/2015,10:42:14,7,29.8,AH0,164,32.0924136,Day,F,L,A,MYSE
151.909,8443,6/3/2015,5/26/2015,10:42:15,7,28.1,AH0,255,28.5977253,Day,F,L,A,MYSE
151.909,8443,6/3/2015,5/29/2015,10:42:15,7,29.7,AH0,223,31.9095509,Day,F,L,A,MYSE
151.909,8443,6/3/2015,5/30/2015,10:42:16,7,29.8,AH0,161,32.0924136,Day,F,L,A,MYSE
151.909,8443,6/3/2015,5/26/2015,10:42:17,7,28.1,AH0,255,28.5977253,Day,F,L,A,MYSE
151.909,8443,6/3/2015,5/29/2015,10:42:17,7,29.7,AH0,236,31.9095509,Day,F,L,A,MYSE
151.909,8443,6/3/2015,5/30/2015,10:42:18,7,29.8,AH0,161,32.0924136,Day,F,L,A,MYSE
151.909,8443,6/3/2015,5/26/2015,10:42:19,7,28.1,AH0,255,28.5977253,Day,F,L,A,MYSE
151.909,8443,6/3/2015,5/29/2015,10:42:19,7,29.7,AH0,233,31.9095509,Day,F,L,A,MYSE
151.909,8443,6/3/2015,5/28/2015,10:42:28,7,30.1,AH0,49,32.6247633,Day,F,L,A,MYSE
151.909,8443,6/3/2015,5/28/2015,10:42:30,7,30.1,AH0,50,32.6247633,Day,F,L,A,MYSE
151.909,8443,6/3/2015,5/26/2015,10:42:32,7,28.1,AH0,255,28.5977253,Day,F,L,A,MYSE
151.909,8443,6/3/2015,5/28/2015,10:42:32,7,30,AH0,51,32.45,Day,F,L,A,MYSE
151.909,8443,6/3/2015,5/30/2015,10:42:32,7,30,AH0,162,32.45,Day,F,L,A,MYSE
151.909,8443,6/3/2015,5/29/2015,10:42:33,7,29.7,AH0,238,31.9095509,Day,F,L,A,MYSE
151.909,8443,6/3/2015,5/26/2015,10:42:34,7,28.1,AH0,255,28.5977253,Day,F,L,A,MYSE
151.909,8443,6/3/2015,5/28/2015,10:42:34,7,30.1,AH0,52,32.6247633,Day,F,L,A,MYSE
151.909,8443,6/3/2015,5/30/2015,10:42:34,7,30,AH0,165,32.45,Day,F,L,A,MYSE
151.909,8443,6/3/2015,5/29/2015,10:42:35,7,29.7,AH0,237,31.9095509,Day,F,L,A,MYSE
151.909,8443,6/3/2015,5/26/2015,10:42:36,7,28.1,AH0,255,28.5977253,Day,F,L,A,MYSE
151.909,8443,6/3/2015,5/30/2015,10:42:36,7,30,AH0,161,32.45,Day,F,L,A,MYSE
151.909,8443,6/3/2015,5/29/2015,10:42:37,7,29.7,AH0,239,31.9095509,Day,F,L,A,MYSE
151.909,8443,6/3/2015,5/26/2015,10:42:38,7,28.1,AH0,255,28.5977253,Day,F,L,A,MYSE
151.909,8443,6/3/2015,5/30/2015,10:42:38,7,30,AH0,160,32.45,Day,F,L,A,MYSE
151.909,8443,6/3/2015,5/29/2015,10:42:39,7,29.7,AH0,238,31.9095509,Day,F,L,A,MYSE
151.909,8443,6/3/2015,5/30/2015,10:42:52,7,30.2,AH0,164,32.7968664,Day,F,L,A,MYSE
151.909,8443,6/3/2015,5/26/2015,10:42:53,7,28.1,AH0,255,28.5977253,Day,F,L,A,MYSE
151.909,8443,6/3/2015,5/29/2015,10:42:54,7,29.6,AH0,235,31.7239488,Day,F,L,A,MYSE
151.909,8443,6/3/2015,5/30/2015,10:42:54,7,30.1,AH0,157,32.6247633,Day,F,L,A,MYSE
151.909,8443,6/3/2015,5/26/2015,10:42:55,7,28.1,AH0,255,28.5977253,Day,F,L,A,MYSE
151.909,8443,6/3/2015,5/29/2015,10:42:56,7,29.6,AH0,227,31.7239488,Day,F,L,A,MYSE
151.909,8443,6/3/2015,5/30/2015,10:42:56,7,30.1,AH0,160,32.6247633,Day,F,L,A,MYSE
151.909,8443,6/3/2015,5/26/2015,10:42:58,7,28.1,AH0,255,28.5977253,Day,F,L,A,MYSE
151.909,8443,6/3/2015,5/29/2015,10:42:58,7,29.7,AH0,221,31.9095509,Day,F,L,A,MYSE
151.909,8443,6/3/2015,5/30/2015,10:42:58,7,30.1,AH0,164,32.6247633,Day,F,L,A,MYSE
151.909,8443,6/3/2015,5/29/2015,10:43:00,7,29.7,AH0,215,31.9095509,Day,F,L,A,MYSE
151.909,8443,6/3/2015,5/26/2015,10:43:13,7,28.1,AH0,255,28.5977253,Day,F,L,A,MYSE
151.909,8443,6/3/2015,5/29/2015,10:43:14,7,29.9,AH0,204,32.2725567,Day,F,L,A,MYSE
151.909,8443,6/3/2015,5/30/2015,10:43:14,7,30.1,AH0,153,32.6247633,Day,F,L,A,MYSE
151.909,8443,6/3/2015,5/26/2015,10:43:15,7,28.1,AH0,255,28.5977253,Day,F,L,A,MYSE
151.909,8443,6/3/2015,5/29/2015,10:43:16,7,29.9,AH0,200,32.2725567,Day,F,L,A,MYSE
151.909,8443,6/3/2015,5/30/2015,10:43:16,7,30.1,AH0,154,32.6247633,Day,F,L,A,MYSE
151.909,8443,6/3/2015,5/26/2015,10:43:17,7,28.1,AH0,255,28.5977253,Day,F,L,A,MYSE
151.909,8443,6/3/2015,5/29/2015,10:43:18,7,29.9,AH0,201,32.2725567,Day,F,L,A,MYSE
151.909,8443,6/3/2015,5/30/2015,10:43:18,7,30.1,AH0,154,32.6247633,Day,F,L,A,MYSE
151.909,8443,6/3/2015,5/26/2015,10:43:19,7,28.1,AH0,255,28.5977253,Day,F,L,A,MYSE
151.909,8443,6/3/2015,5/29/2015,10:43:20,7,29.9,AH0,197,32.2725567,Day,F,L,A,MYSE
151.909,8443,6/3/2015,5/30/2015,10:43:20,7,30.1,AH0,154,32.6247633,Day,F,L,A,MYSE
151.909,8443,6/3/2015,5/26/2015,10:43:32,7,28.1,AH0,255,28.5977253,Day,F,L,A,MYSE
151.909,8443,6/3/2015,5/26/2015,10:43:34,7,28.1,AH0,255,28.5977253,Day,F,L,A,MYSE
151.909,8443,6/3/2015,5/29/2015,10:43:34,7,30,AH0,196,32.45,Day,F,L,A,MYSE
151.909,8443,6/3/2015,5/30/2015,10:43:34,7,30.2,AH0,159,32.7968664,Day,F,L,A,MYSE
151.909,8443,6/3/2015,5/26/2015,10:43:36,7,28.1,AH0,255,28.5977253,Day,F,L,A,MYSE
151.909,8443,6/3/2015,5/29/2015,10:43:36,7,30,AH0,195,32.45,Day,F,L,A,MYSE
151.909,8443,6/3/2015,5/30/2015,10:43:36,7,30.2,AH0,161,32.7968664,Day,F,L,A,MYSE
151.909,8443,6/3/2015,5/26/2015,10:43:38,7,28.1,AH0,255,28.5977253,Day,F,L,A,MYSE
151.909,8443,6/3/2015,5/29/2015,10:43:38,7,30,AH0,193,32.45,Day,F,L,A,MYSE
151.909,8443,6/3/2015,5/30/2015,10:43:38,7,30.2,AH0,158,32.7968664,Day,F,L,A,MYSE
151.909,8443,6/3/2015,5/29/2015,10:43:40,7,30,AH0,195,32.45,Day,F,L,A,MYSE
151.909,8443,6/3/2015,5/30/2015,10:43:40,7,30.2,AH0,154,32.7968664,Day,F,L,A,MYSE
151.909,8443,6/3/2015,5/28/2015,10:43:48,7,30.2,AH0,53,32.7968664,Day,F,L,A,MYSE
151.909,8443,6/3/2015,5/28/2015,10:43:50,7,30.2,AH0,52,32.7968664,Day,F,L,A,MYSE
151.909,8443,6/3/2015,5/28/2015,10:43:52,7,30.1,AH0,55,32.6247633,Day,F,L,A,MYSE
151.909,8443,6/3/2015,5/26/2015,10:43:53,7,28.1,AH0,255,28.5977253,Day,F,L,A,MYSE
151.909,8443,6/3/2015,5/28/2015,10:43:54,7,30.1,AH0,50,32.6247633,Day,F,L,A,MYSE
151.909,8443,6/3/2015,5/29/2015,10:43:54,7,30,AH0,198,32.45,Day,F,L,A,MYSE
151.909,8443,6/3/2015,5/30/2015,10:43:54,7,30.3,AH0,155,32.9663291,Day,F,L,A,MYSE
151.909,8443,6/3/2015,5/26/2015,10:43:55,7,28.1,AH0,255,28.5977253,Day,F,L,A,MYSE
151.909,8443,6/3/2015,5/29/2015,10:43:56,7,30,AH0,200,32.45,Day,F,L,A,MYSE
151.909,8443,6/3/2015,5/30/2015,10:43:56,7,30.3,AH0,157,32.9663291,Day,F,L,A,MYSE
151.909,8443,6/3/2015,5/26/2015,10:43:57,7,28.1,AH0,255,28.5977253,Day,F,L,A,MYSE
151.909,8443,6/3/2015,5/29/2015,10:43:58,7,30,AH0,204,32.45,Day,F,L,A,MYSE
151.909,8443,6/3/2015,5/30/2015,10:43:58,7,30.3,AH0,156,32.9663291,Day,F,L,A,MYSE
151.909,8443,6/3/2015,5/29/2015,10:44:00,7,30.1,AH0,200,32.6247633,Day,F,L,A,MYSE
151.909,8443,6/3/2015,5/30/2015,10:44:00,7,30.3,AH0,153,32.9663291,Day,F,L,A,MYSE
151.909,8443,6/3/2015,5/26/2015,10:44:12,7,28.1,AH0,255,28.5977253,Day,F,L,A,MYSE
151.909,8443,6/3/2015,5/29/2015,10:44:14,7,30.1,AH0,199,32.6247633,Day,F,L,A,MYSE
151.909,8443,6/3/2015,5/30/2015,10:44:14,7,30.3,AH0,155,32.9663291,Day,F,L,A,MYSE
151.909,8443,6/3/2015,5/26/2015,10:44:15,7,28.1,AH0,255,28.5977253,Day,F,L,A,MYSE
151.909,8443,6/3/2015,5/29/2015,10:44:16,7,30.1,AH0,194,32.6247633,Day,F,L,A,MYSE
151.909,8443,6/3/2015,5/30/2015,10:44:16,7,30.3,AH0,159,32.9663291,Day,F,L,A,MYSE
151.909,8443,6/3/2015,5/26/2015,10:44:17,7,28.1,AH0,255,28.5977253,Day,F,L,A,MYSE
151.909,8443,6/3/2015,5/29/2015,10:44:18,7,30.1,AH0,198,32.6247633,Day,F,L,A,MYSE
151.909,8443,6/3/2015,5/30/2015,10:44:18,7,30.3,AH0,155,32.9663291,Day,F,L,A,MYSE
151.909,8443,6/3/2015,5/26/2015,10:44:19,7,28.1,AH0,255,28.5977253,Day,F,L,A,MYSE
151.909,8443,6/3/2015,5/29/2015,10:44:20,7,30.1,AH0,198,32.6247633,Day,F,L,A,MYSE
151.909,8443,6/3/2015,5/30/2015,10:44:20,7,30.3,AH0,161,32.9663291,Day,F,L,A,MYSE
151.909,8443,6/3/2015,5/28/2015,10:44:28,7,30.2,AH0,50,32.7968664,Day,F,L,A,MYSE
151.909,8443,6/3/2015,5/28/2015,10:44:30,7,30.2,AH0,47,32.7968664,Day,F,L,A,MYSE
151.909,8443,6/3/2015,5/26/2015,10:44:32,7,28.1,AH0,255,28.5977253,Day,F,L,A,MYSE
151.909,8443,6/3/2015,5/28/2015,10:44:32,7,30.1,AH0,49,32.6247633,Day,F,L,A,MYSE
151.909,8443,6/3/2015,5/26/2015,10:44:34,7,28.1,AH0,255,28.5977253,Day,F,L,A,MYSE
151.909,8443,6/3/2015,5/28/2015,10:44:34,7,30.2,AH0,43,32.7968664,Day,F,L,A,MYSE
151.909,8443,6/3/2015,5/29/2015,10:44:34,7,30.2,AH0,194,32.7968664,Day,F,L,A,MYSE
151.909,8443,6/3/2015,5/30/2015,10:44:34,7,30.3,AH0,158,32.9663291,Day,F,L,A,MYSE
151.909,8443,6/3/2015,5/26/2015,10:44:36,7,28.1,AH0,255,28.5977253,Day,F,L,A,MYSE
151.909,8443,6/3/2015,5/29/2015,10:44:36,7,30.2,AH0,187,32.7968664,Day,F,L,A,MYSE
151.909,8443,6/3/2015,5/30/2015,10:44:36,7,30.3,AH0,160,32.9663291,Day,F,L,A,MYSE
151.909,8443,6/3/2015,5/26/2015,10:44:38,7,28.1,AH0,255,28.5977253,Day,F,L,A,MYSE
151.909,8443,6/3/2015,5/29/2015,10:44:38,7,30.2,AH0,186,32.7968664,Day,F,L,A,MYSE
151.909,8443,6/3/2015,5/30/2015,10:44:38,7,30.4,AH0,165,33.1331712,Day,F,L,A,MYSE
151.909,8443,6/3/2015,5/29/2015,10:44:40,7,30.2,AH0,186,32.7968664,Day,F,L,A,MYSE
151.909,8443,6/3/2015,5/30/2015,10:44:40,7,30.4,AH0,164,33.1331712,Day,F,L,A,MYSE
151.909,8443,6/3/2015,5/26/2015,10:44:53,7,28.1,AH0,255,28.5977253,Day,F,L,A,MYSE
151.909,8443,6/3/2015,5/29/2015,10:44:53,7,30.3,AH0,154,32.9663291,Day,F,L,A,MYSE
151.909,8443,6/3/2015,5/30/2015,10:44:53,7,30.3,AH0,160,32.9663291,Day,F,L,A,MYSE
151.909,8443,6/3/2015,5/26/2015,10:44:55,7,28.1,AH0,255,28.5977253,Day,F,L,A,MYSE
151.909,8443,6/3/2015,5/29/2015,10:44:55,7,30.3,AH0,160,32.9663291,Day,F,L,A,MYSE
151.909,8443,6/3/2015,5/30/2015,10:44:55,7,30.3,AH0,160,32.9663291,Day,F,L,A,MYSE
151.909,8443,6/3/2015,5/26/2015,10:44:57,7,28.1,AH0,255,28.5977253,Day,F,L,A,MYSE
151.909,8443,6/3/2015,5/29/2015,10:44:57,7,30.4,AH0,162,33.1331712,Day,F,L,A,MYSE
151.909,8443,6/3/2015,5/30/2015,10:44:57,7,30.4,AH0,160,33.1331712,Day,F,L,A,MYSE
151.909,8443,6/3/2015,5/29/2015,10:44:59,7,30.4,AH0,148,33.1331712,Day,F,L,A,MYSE
151.909,8443,6/3/2015,5/30/2015,10:44:59,7,30.4,AH0,163,33.1331712,Day,F,L,A,MYSE
151.909,8443,6/3/2015,5/26/2015,10:45:12,7,28.1,AH0,255,28.5977253,Day,F,L,A,MYSE
151.909,8443,6/3/2015,5/29/2015,10:45:13,7,30.5,AH0,197,33.2974125,Day,F,L,A,MYSE
151.909,8443,6/3/2015,5/30/2015,10:45:13,7,30.3,AH0,156,32.9663291,Day,F,L,A,MYSE
151.909,8443,6/3/2015,5/26/2015,10:45:14,7,28.1,AH0,255,28.5977253,Day,F,L,A,MYSE
151.909,8443,6/3/2015,5/29/2015,10:45:15,7,30.5,AH0,203,33.2974125,Day,F,L,A,MYSE
151.909,8443,6/3/2015,5/30/2015,10:45:15,7,30.3,AH0,159,32.9663291,Day,F,L,A,MYSE
151.909,8443,6/3/2015,5/26/2015,10:45:16,7,28.1,AH0,255,28.5977253,Day,F,L,A,MYSE
151.909,8443,6/3/2015,5/29/2015,10:45:17,7,30.4,AH0,200,33.1331712,Day,F,L,A,MYSE
151.909,8443,6/3/2015,5/30/2015,10:45:17,7,30.3,AH0,158,32.9663291,Day,F,L,A,MYSE
151.909,8443,6/3/2015,5/26/2015,10:45:19,7,28.1,AH0,255,28.5977253,Day,F,L,A,MYSE
151.909,8443,6/3/2015,5/29/2015,10:45:19,7,30.4,AH0,201,33.1331712,Day,F,L,A,MYSE
151.909,8443,6/3/2015,5/30/2015,10:45:19,7,30.3,AH0,158,32.9663291,Day,F,L,A,MYSE
151.909,8443,6/3/2015,5/28/2015,10:45:28,7,30.3,AH0,53,32.9663291,Day,F,L,A,MYSE
151.909,8443,6/3/2015,5/28/2015,10:45:30,7,30.3,AH0,49,32.9663291,Day,F,L,A,MYSE
151.909,8443,6/3/2015,5/26/2015,10:45:31,7,28.1,AH0,255,28.5977253,Day,F,L,A,MYSE
151.909,8443,6/3/2015,5/28/2015,10:45:32,7,30.3,AH0,49,32.9663291,Day,F,L,A,MYSE
151.909,8443,6/3/2015,5/29/2015,10:45:33,7,30.4,AH0,202,33.1331712,Day,F,L,A,MYSE
151.909,8443,6/3/2015,5/30/2015,10:45:33,7,30.3,AH0,159,32.9663291,Day,F,L,A,MYSE
151.909,8443,6/3/2015,5/26/2015,10:45:34,7,28.1,AH0,255,28.5977253,Day,F,L,A,MYSE
151.909,8443,6/3/2015,5/28/2015,10:45:34,7,30.3,AH0,55,32.9663291,Day,F,L,A,MYSE
151.909,8443,6/3/2015,5/29/2015,10:45:35,7,30.3,AH0,197,32.9663291,Day,F,L,A,MYSE
151.909,8443,6/3/2015,5/30/2015,10:45:35,7,30.3,AH0,157,32.9663291,Day,F,L,A,MYSE
151.909,8443,6/3/2015,5/26/2015,10:45:36,7,28.1,AH0,255,28.5977253,Day,F,L,A,MYSE
151.909,8443,6/3/2015,5/29/2015,10:45:37,7,30.3,AH0,200,32.9663291,Day,F,L,A,MYSE
151.909,8443,6/3/2015,5/30/2015,10:45:37,7,30.3,AH0,155,32.9663291,Day,F,L,A,MYSE
151.909,8443,6/3/2015,5/26/2015,10:45:38,7,28.1,AH0,255,28.5977253,Day,F,L,A,MYSE
151.909,8443,6/3/2015,5/29/2015,10:45:39,7,30.3,AH0,196,32.9663291,Day,F,L,A,MYSE
151.909,8443,6/3/2015,5/30/2015,10:45:39,7,30.3,AH0,156,32.9663291,Day,F,L,A,MYSE
151.909,8443,6/3/2015,5/29/2015,10:45:41,7,30.2,AH0,194,32.7968664,Day,F,L,A,MYSE
151.909,8443,6/3/2015,5/26/2015,10:45:53,7,28.1,AH0,255,28.5977253,Day,F,L,A,MYSE
151.909,8443,6/3/2015,5/30/2015,10:45:53,7,30.3,AH0,153,32.9663291,Day,F,L,A,MYSE
151.909,8443,6/3/2015,5/26/2015,10:45:55,7,28.1,AH0,255,28.5977253,Day,F,L,A,MYSE
151.909,8443,6/3/2015,5/29/2015,10:45:55,7,30.1,AH0,199,32.6247633,Day,F,L,A,MYSE
151.909,8443,6/3/2015,5/30/2015,10:45:55,7,30.3,AH0,155,32.9663291,Day,F,L,A,MYSE
151.909,8443,6/3/2015,5/26/2015,10:45:57,7,28.1,AH0,255,28.5977253,Day,F,L,A,MYSE
151.909,8443,6/3/2015,5/29/2015,10:45:57,7,30.2,AH0,203,32.7968664,Day,F,L,A,MYSE
151.909,8443,6/3/2015,5/30/2015,10:45:57,7,30.3,AH0,155,32.9663291,Day,F,L,A,MYSE
151.909,8443,6/3/2015,5/29/2015,10:45:59,7,30.2,AH0,196,32.7968664,Day,F,L,A,MYSE
151.909,8443,6/3/2015,5/30/2015,10:45:59,7,30.3,AH0,159,32.9663291,Day,F,L,A,MYSE
151.909,8443,6/3/2015,5/29/2015,10:46:01,7,30.2,AH0,193,32.7968664,Day,F,L,A,MYSE
151.909,8443,6/3/2015,5/28/2015,10:46:08,7,30.3,AH0,53,32.9663291,Day,F,L,A,MYSE
151.909,8443,6/3/2015,5/28/2015,10:46:10,7,30.2,AH0,17,32.7968664,Day,F,L,A,MYSE
151.909,8443,6/3/2015,5/26/2015,10:46:12,7,28.1,AH0,255,28.5977253,Day,F,L,A,MYSE
151.909,8443,6/3/2015,5/28/2015,10:46:12,7,30.4,AH0,44,33.1331712,Day,F,L,A,MYSE
151.909,8443,6/3/2015,5/30/2015,10:46:13,7,30.2,AH0,156,32.7968664,Day,F,L,A,MYSE
151.909,8443,6/3/2015,5/26/2015,10:46:14,7,28.1,AH0,255,28.5977253,Day,F,L,A,MYSE
151.909,8443,6/3/2015,5/28/2015,10:46:14,7,30.3,AH0,46,32.9663291,Day,F,L,A,MYSE
151.909,8443,6/3/2015,5/29/2015,10:46:15,7,30.1,AH0,188,32.6247633,Day,F,L,A,MYSE
151.909,8443,6/3/2015,5/30/2015,10:46:15,7,30.2,AH0,155,32.7968664,Day,F,L,A,MYSE
151.909,8443,6/3/2015,5/26/2015,10:46:16,7,28.1,AH0,255,28.5977253,Day,F,L,A,MYSE
151.909,8443,6/3/2015,5/29/2015,10:46:17,7,30,AH0,186,32.45,Day,F,L,A,MYSE
151.909,8443,6/3/2015,5/30/2015,10:46:17,7,30.2,AH0,152,32.7968664,Day,F,L,A,MYSE
151.909,8443,6/3/2015,5/26/2015,10:46:18,7,28.1,AH0,255,28.5977253,Day,F,L,A,MYSE
151.909,8443,6/3/2015,5/29/2015,10:46:19,7,30,AH0,179,32.45,Day,F,L,A,MYSE
151.909,8443,6/3/2015,5/30/2015,10:46:19,7,30.2,AH0,157,32.7968664,Day,F,L,A,MYSE
151.909,8443,6/3/2015,5/29/2015,10:46:21,7,30,AH0,180,32.45,Day,F,L,A,MYSE
151.909,8443,6/3/2015,5/26/2015,10:46:31,7,28.1,AH0,255,28.5977253,Day,F,L,A,MYSE
151.909,8443,6/3/2015,5/30/2015,10:46:32,7,30.3,AH0,160,32.9663291,Day,F,L,A,MYSE
151.909,8443,6/3/2015,5/26/2015,10:46:33,7,28.1,AH0,255,28.5977253,Day,F,L,A,MYSE
151.909,8443,6/3/2015,5/30/2015,10:46:34,7,30.3,AH0,161,32.9663291,Day,F,L,A,MYSE
151.909,8443,6/3/2015,5/29/2015,10:46:35,7,29.9,AH0,182,32.2725567,Day,F,L,A,MYSE
151.909,8443,6/3/2015,5/26/2015,10:46:36,7,28.1,AH0,255,28.5977253,Day,F,L,A,MYSE
151.909,8443,6/3/2015,5/30/2015,10:46:36,7,30.4,AH0,161,33.1331712,Day,F,L,A,MYSE
151.909,8443,6/3/2015,5/29/2015,10:46:37,7,29.9,AH0,177,32.2725567,Day,F,L,A,MYSE
151.909,8443,6/3/2015,5/26/2015,10:46:38,7,28.1,AH0,255,28.5977253,Day,F,L,A,MYSE
151.909,8443,6/3/2015,5/30/2015,10:46:38,7,30.4,AH0,158,33.1331712,Day,F,L,A,MYSE
151.909,8443,6/3/2015,5/29/2015,10:46:39,7,29.9,AH0,186,32.2725567,Day,F,L,A,MYSE
151.909,8443,6/3/2015,5/29/2015,10:46:41,7,29.8,AH0,186,32.0924136,Day,F,L,A,MYSE
151.909,8443,6/3/2015,5/28/2015,10:46:47,7,30.3,AH0,47,32.9663291,Day,F,L,A,MYSE
151.909,8443,6/3/2015,5/28/2015,10:46:49,7,30.4,AH0,43,33.1331712,Day,F,L,A,MYSE
151.909,8443,6/3/2015,5/28/2015,10:46:51,7,30.3,AH0,46,32.9663291,Day,F,L,A,MYSE
151.909,8443,6/3/2015,5/26/2015,10:46:53,7,28.1,AH0,255,28.5977253,Day,F,L,A,MYSE
151.909,8443,6/3/2015,5/28/2015,10:46:53,7,30.3,AH0,42,32.9663291,Day,F,L,A,MYSE
151.909,8443,6/3/2015,5/30/2015,10:46:54,7,30.4,AH0,160,33.1331712,Day,F,L,A,MYSE
151.909,8443,6/3/2015,5/26/2015,10:46:55,7,28.1,AH0,255,28.5977253,Day,F,L,A,MYSE
151.909,8443,6/3/2015,5/29/2015,10:46:55,7,29.6,AH0,185,31.7239488,Day,F,L,A,MYSE
151.909,8443,6/3/2015,5/30/2015,10:46:56,7,30.4,AH0,160,33.1331712,Day,F,L,A,MYSE
151.909,8443,6/3/2015,5/26/2015,10:46:57,7,28.1,AH0,255,28.5977253,Day,F,L,A,MYSE
151.909,8443,6/3/2015,5/29/2015,10:46:57,7,29.6,AH0,183,31.7239488,Day,F,L,A,MYSE
151.909,8443,6/3/2015,5/30/2015,10:46:58,7,30.4,AH0,162,33.1331712,Day,F,L,A,MYSE
151.909,8443,6/3/2015,5/26/2015,10:46:59,7,28.1,AH0,255,28.5977253,Day,F,L,A,MYSE
151.909,8443,6/3/2015,5/29/2015,10:46:59,7,29.6,AH0,186,31.7239488,Day,F,L,A,MYSE
151.909,8443,6/3/2015,5/30/2015,10:47:00,7,30.4,AH0,160,33.1331712,Day,F,L,A,MYSE
151.909,8443,6/3/2015,5/26/2015,10:47:12,7,28.1,AH0,255,28.5977253,Day,F,L,A,MYSE
151.909,8443,6/3/2015,5/29/2015,10:47:13,7,29.6,AH0,177,31.7239488,Day,F,L,A,MYSE
151.909,8443,6/3/2015,5/26/2015,10:47:14,7,28.1,AH0,255,28.5977253,Day,F,L,A,MYSE
151.909,8443,6/3/2015,5/30/2015,10:47:14,7,30.3,AH0,165,32.9663291,Day,F,L,A,MYSE
151.909,8443,6/3/2015,5/29/2015,10:47:15,7,29.6,AH0,184,31.7239488,Day,F,L,A,MYSE
151.909,8443,6/3/2015,5/26/2015,10:47:16,7,28.1,AH0,255,28.5977253,Day,F,L,A,MYSE
151.909,8443,6/3/2015,5/30/2015,10:47:16,7,30.4,AH0,163,33.1331712,Day,F,L,A,MYSE
151.909,8443,6/3/2015,5/29/2015,10:47:17,7,29.6,AH0,183,31.7239488,Day,F,L,A,MYSE
151.909,8443,6/3/2015,5/26/2015,10:47:18,7,28.1,AH0,255,28.5977253,Day,F,L,A,MYSE
151.909,8443,6/3/2015,5/30/2015,10:47:18,7,30.4,AH0,164,33.1331712,Day,F,L,A,MYSE
151.909,8443,6/3/2015,5/29/2015,10:47:19,7,29.5,AH0,181,31.5355875,Day,F,L,A,MYSE
151.909,8443,6/3/2015,5/30/2015,10:47:20,7,30.4,AH0,165,33.1331712,Day,F,L,A,MYSE
151.909,8443,6/3/2015,5/28/2015,10:47:27,7,30.2,AH0,43,32.7968664,Day,F,L,A,MYSE
151.909,8443,6/3/2015,5/28/2015,10:47:29,7,30.3,AH0,47,32.9663291,Day,F,L,A,MYSE
151.909,8443,6/3/2015,5/28/2015,10:47:31,7,30.3,AH0,49,32.9663291,Day,F,L,A,MYSE
151.909,8443,6/3/2015,5/26/2015,10:47:33,7,28.1,AH0,255,28.5977253,Day,F,L,A,MYSE
151.909,8443,6/3/2015,5/28/2015,10:47:33,7,30.4,AH0,45,33.1331712,Day,F,L,A,MYSE
151.909,8443,6/3/2015,5/29/2015,10:47:33,7,29.6,AH0,100,31.7239488,Day,F,L,A,MYSE
151.909,8443,6/3/2015,5/30/2015,10:47:34,7,30.4,AH0,155,33.1331712,Day,F,L,A,MYSE
151.909,8443,6/3/2015,5/26/2015,10:47:35,7,28.2,AH0,255,28.8267944,Day,F,L,A,MYSE
151.909,8443,6/3/2015,5/29/2015,10:47:35,7,29.5,AH0,97,31.5355875,Day,F,L,A,MYSE
151.909,8443,6/3/2015,5/30/2015,10:47:36,7,30.4,AH0,158,33.1331712,Day,F,L,A,MYSE
151.909,8443,6/3/2015,5/26/2015,10:47:37,7,28.2,AH0,255,28.8267944,Day,F,L,A,MYSE
151.909,8443,6/3/2015,5/29/2015,10:47:37,7,29.5,AH0,100,31.5355875,Day,F,L,A,MYSE
151.909,8443,6/3/2015,5/30/2015,10:47:38,7,30.4,AH0,160,33.1331712,Day,F,L,A,MYSE
151.909,8443,6/3/2015,5/29/2015,10:47:40,7,29.4,AH0,111,31.3444472,Day,F,L,A,MYSE
151.909,8443,6/3/2015,5/30/2015,10:47:40,7,30.4,AH0,160,33.1331712,Day,F,L,A,MYSE
151.909,8443,6/3/2015,5/26/2015,10:47:52,7,28.4,AH0,255,29.2758432,Day,F,L,A,MYSE
151.909,8443,6/3/2015,5/30/2015,10:47:53,7,30.4,AH0,160,33.1331712,Day,F,L,A,MYSE
151.909,8443,6/3/2015,5/26/2015,10:47:54,7,28.4,AH0,255,29.2758432,Day,F,L,A,MYSE
151.909,8443,6/3/2015,5/29/2015,10:47:54,7,29.3,AH0,201,31.1505081,Day,F,L,A,MYSE
151.909,8443,6/3/2015,5/30/2015,10:47:55,7,30.4,AH0,163,33.1331712,Day,F,L,A,MYSE
151.909,8443,6/3/2015,5/26/2015,10:47:56,7,28.4,AH0,255,29.2758432,Day,F,L,A,MYSE
151.909,8443,6/3/2015,5/29/2015,10:47:56,7,29.3,AH0,170,31.1505081,Day,F,L,A,MYSE
151.909,8443,6/3/2015,5/30/2015,10:47:57,7,30.4,AH0,162,33.1331712,Day,F,L,A,MYSE
151.909,8443,6/3/2015,5/29/2015,10:47:58,7,29.3,AH0,149,31.1505081,Day,F,L,A,MYSE
151.909,8443,6/3/2015,5/26/2015,10:47:59,7,28.4,AH0,255,29.2758432,Day,F,L,A,MYSE
151.909,8443,6/3/2015,5/30/2015,10:47:59,7,30.4,AH0,159,33.1331712,Day,F,L,A,MYSE
151.909,8443,6/3/2015,5/29/2015,10:48:00,7,29.3,AH0,149,31.1505081,Day,F,L,A,MYSE
151.909,8443,6/3/2015,5/28/2015,10:48:07,7,30.2,AH0,47,32.7968664,Day,F,L,A,MYSE
151.909,8443,6/3/2015,5/28/2015,10:48:09,7,30.4,AH0,45,33.1331712,Day,F,L,A,MYSE
151.909,8443,6/3/2015,5/26/2015,10:48:11,7,28.4,AH0,255,29.2758432,Day,F,L,A,MYSE
151.909,8443,6/3/2015,5/28/2015,10:48:11,7,30.3,AH0,43,32.9663291,Day,F,L,A,MYSE
151.909,8443,6/3/2015,5/26/2015,10:48:13,7,28.4,AH0,255,29.2758432,Day,F,L,A,MYSE
151.909,8443,6/3/2015,5/28/2015,10:48:13,7,30.3,AH0,46,32.9663291,Day,F,L,A,MYSE
151.909,8443,6/3/2015,5/30/2015,10:48:13,7,30.4,AH0,159,33.1331712,Day,F,L,A,MYSE
151.909,8443,6/3/2015,5/26/2015,10:48:15,7,28.4,AH0,255,29.2758432,Day,F,L,A,MYSE
151.909,8443,6/3/2015,5/30/2015,10:48:15,7,30.4,AH0,162,33.1331712,Day,F,L,A,MYSE
151.909,8443,6/3/2015,5/29/2015,10:48:16,7,29.7,AH0,82,31.9095509,Day,F,L,A,MYSE
151.909,8443,6/3/2015,5/30/2015,10:48:17,7,30.4,AH0,164,33.1331712,Day,F,L,A,MYSE
151.909,8443,6/3/2015,5/26/2015,10:48:18,7,28.5,AH0,255,29.4958625,Day,F,L,A,MYSE
151.909,8443,6/3/2015,5/29/2015,10:48:18,7,29.7,AH0,124,31.9095509,Day,F,L,A,MYSE
151.909,8443,6/3/2015,5/30/2015,10:48:19,7,30.3,AH0,161,32.9663291,Day,F,L,A,MYSE
151.909,8443,6/3/2015,5/29/2015,10:48:20,7,29.7,AH0,139,31.9095509,Day,F,L,A,MYSE
151.909,8443,6/3/2015,5/26/2015,10:48:32,7,28.4,AH0,255,29.2758432,Day,F,L,A,MYSE
151.909,8443,6/3/2015,5/30/2015,10:48:33,7,30.4,AH0,161,33.1331712,Day,F,L,A,MYSE
151.909,8443,6/3/2015,5/26/2015,10:48:34,7,28.4,AH0,255,29.2758432,Day,F,L,A,MYSE
151.909,8443,6/3/2015,5/29/2015,10:48:35,7,29.3,AH0,136,31.1505081,Day,F,L,A,MYSE
151.909,8443,6/3/2015,5/30/2015,10:48:35,7,30.4,AH0,161,33.1331712,Day,F,L,A,MYSE
151.909,8443,6/3/2015,5/26/2015,10:48:37,7,28.5,AH0,255,29.4958625,Day,F,L,A,MYSE
151.909,8443,6/3/2015,5/29/2015,10:48:37,7,29.2,AH0,143,30.9537504,Day,F,L,A,MYSE
151.909,8443,6/3/2015,5/30/2015,10:48:37,7,30.4,AH0,162,33.1331712,Day,F,L,A,MYSE
151.909,8443,6/3/2015,5/26/2015,10:48:39,7,28.4,AH0,255,29.2758432,Day,F,L,A,MYSE
151.909,8443,6/3/2015,5/29/2015,10:48:39,7,29.2,AH0,144,30.9537504,Day,F,L,A,MYSE
151.909,8443,6/3/2015,5/30/2015,10:48:39,7,30.4,AH0,164,33.1331712,Day,F,L,A,MYSE
151.909,8443,6/3/2015,5/29/2015,10:48:41,7,29.1,AH0,146,30.7541543,Day,F,L,A,MYSE
151.909,8443,6/3/2015,5/28/2015,10:48:47,7,30.2,AH0,46,32.7968664,Day,F,L,A,MYSE
151.909,8443,6/3/2015,5/28/2015,10:48:49,7,30.2,AH0,45,32.7968664,Day,F,L,A,MYSE
151.909,8443,6/3/2015,5/26/2015,10:48:51,7,28.5,AH0,255,29.4958625,Day,F,L,A,MYSE
151.909,8443,6/3/2015,5/28/2015,10:48:51,7,30.2,AH0,46,32.7968664,Day,F,L,A,MYSE
151.909,8443,6/3/2015,5/26/2015,10:48:53,7,28.4,AH0,255,29.2758432,Day,F,L,A,MYSE
151.909,8443,6/3/2015,5/28/2015,10:48:53,7,30.2,AH0,49,32.7968664,Day,F,L,A,MYSE
151.909,8443,6/3/2015,5/29/2015,10:48:53,7,28.9,AH0,150,30.3463677,Day,F,L,A,MYSE
151.909,8443,6/3/2015,5/30/2015,10:48:53,7,30.4,AH0,164,33.1331712,Day,F,L,A,MYSE
151.909,8443,6/3/2015,5/29/2015,10:48:55,7,28.9,AH0,212,30.3463677,Day,F,L,A,MYSE
151.909,8443,6/3/2015,5/30/2015,10:48:55,7,30.4,AH0,163,33.1331712,Day,F,L,A,MYSE
151.909,8443,6/3/2015,5/26/2015,10:48:56,7,28.5,AH0,255,29.4958625,Day,F,L,A,MYSE
151.909,8443,6/3/2015,5/29/2015,10:48:57,7,28.9,AH0,247,30.3463677,Day,F,L,A,MYSE
151.909,8443,6/3/2015,5/30/2015,10:48:57,7,30.4,AH0,163,33.1331712,Day,F,L,A,MYSE
151.909,8443,6/3/2015,5/26/2015,10:48:58,7,28.5,AH0,255,29.4958625,Day,F,L,A,MYSE
151.909,8443,6/3/2015,5/29/2015,10:48:59,7,29,AH0,247,30.5517,Day,F,L,A,MYSE
151.909,8443,6/3/2015,5/30/2015,10:48:59,7,30.4,AH0,162,33.1331712,Day,F,L,A,MYSE
151.909,8443,6/3/2015,5/26/2015,10:49:12,7,28.5,AH0,255,29.4958625,Day,F,L,A,MYSE
151.909,8443,6/3/2015,5/30/2015,10:49:12,7,30.5,AH0,166,33.2974125,Day,F,L,A,MYSE
151.909,8443,6/3/2015,5/29/2015,10:49:14,7,29.8,AH0,241,32.0924136,Day,F,L,A,MYSE
151.909,8443,6/3/2015,5/30/2015,10:49:14,7,30.5,AH0,165,33.2974125,Day,F,L,A,MYSE
151.909,8443,6/3/2015,5/26/2015,10:49:15,7,28.5,AH0,255,29.4958625,Day,F,L,A,MYSE
151.909,8443,6/3/2015,5/29/2015,10:49:16,7,29.8,AH0,247,32.0924136,Day,F,L,A,MYSE
151.909,8443,6/3/2015,5/30/2015,10:49:16,7,30.5,AH0,168,33.2974125,Day,F,L,A,MYSE
151.909,8443,6/3/2015,5/26/2015,10:49:17,7,28.5,AH0,255,29.4958625,Day,F,L,A,MYSE
151.909,8443,6/3/2015,5/29/2015,10:49:18,7,29.7,AH0,251,31.9095509,Day,F,L,A,MYSE
151.909,8443,6/3/2015,5/30/2015,10:49:18,7,30.5,AH0,166,33.2974125,Day,F,L,A,MYSE
151.909,8443,6/3/2015,5/26/2015,10:49:19,7,28.5,AH0,255,29.4958625,Day,F,L,A,MYSE
151.909,8443,6/3/2015,5/29/2015,10:49:20,7,29.7,AH0,254,31.9095509,Day,F,L,A,MYSE
151.909,8443,6/3/2015,5/30/2015,10:49:20,7,30.5,AH0,166,33.2974125,Day,F,L,A,MYSE
151.909,8443,6/3/2015,5/28/2015,10:49:28,7,30.3,AH0,45,32.9663291,Day,F,L,A,MYSE
151.909,8443,6/3/2015,5/28/2015,10:49:30,7,30,AH0,44,32.45,Day,F,L,A,MYSE
151.909,8443,6/3/2015,5/28/2015,10:49:34,7,15.1,AH0,45,-34.4544717,Day,F,L,A,MYSE
151.909,8443,6/3/2015,5/29/2015,10:49:34,7,29.2,AH0,191,30.9537504,Day,F,L,A,MYSE
151.909,8443,6/3/2015,5/30/2015,10:49:34,7,30.5,AH0,164,33.2974125,Day,F,L,A,MYSE
151.909,8443,6/3/2015,5/29/2015,10:49:36,7,29.1,AH0,190,30.7541543,Day,F,L,A,MYSE
151.909,8443,6/3/2015,5/30/2015,10:49:36,7,30.5,AH0,162,33.2974125,Day,F,L,A,MYSE
151.909,8443,6/3/2015,5/29/2015,10:49:38,7,29.1,AH0,190,30.7541543,Day,F,L,A,MYSE
151.909,8443,6/3/2015,5/30/2015,10:49:38,7,30.5,AH0,164,33.2974125,Day,F,L,A,MYSE
151.909,8443,6/3/2015,5/29/2015,10:49:40,7,29,AH0,188,30.5517,Day,F,L,A,MYSE
151.909,8443,6/3/2015,5/30/2015,10:49:40,7,30.5,AH0,161,33.2974125,Day,F,L,A,MYSE
151.909,8443,6/3/2015,5/30/2015,10:49:54,7,30.5,AH0,162,33.2974125,Day,F,L,A,MYSE
151.909,8443,6/3/2015,5/29/2015,10:49:55,7,28.8,AH0,212,30.1381376,Day,F,L,A,MYSE
151.909,8443,6/3/2015,5/30/2015,10:49:56,7,30.5,AH0,165,33.2974125,Day,F,L,A,MYSE
151.909,8443,6/3/2015,5/29/2015,10:49:57,7,28.7,AH0,208,29.9269899,Day,F,L,A,MYSE
151.909,8443,6/3/2015,5/30/2015,10:49:58,7,30.5,AH0,160,33.2974125,Day,F,L,A,MYSE
151.909,8443,6/3/2015,5/29/2015,10:49:59,7,28.7,AH0,210,29.9269899,Day,F,L,A,MYSE
151.909,8443,6/3/2015,5/30/2015,10:50:00,7,30.5,AH0,159,33.2974125,Day,F,L,A,MYSE
151.909,8443,6/3/2015,5/28/2015,10:50:08,7,30.3,AH0,52,32.9663291,Day,F,L,A,MYSE
151.909,8443,6/3/2015,5/28/2015,10:50:10,7,30.3,AH0,46,32.9663291,Day,F,L,A,MYSE
151.909,8443,6/3/2015,5/28/2015,10:50:12,7,30.3,AH0,47,32.9663291,Day,F,L,A,MYSE
151.909,8443,6/3/2015,5/30/2015,10:50:13,7,30.6,AH0,162,33.4590728,Day,F,L,A,MYSE
151.909,8443,6/3/2015,5/28/2015,10:50:14,7,30.3,AH0,48,32.9663291,Day,F,L,A,MYSE
151.909,8443,6/3/2015,5/29/2015,10:50:14,7,28.5,AH0,210,29.4958625,Day,F,L,A,MYSE
151.909,8443,6/3/2015,5/30/2015,10:50:15,7,30.6,AH0,163,33.4590728,Day,F,L,A,MYSE
151.909,8443,6/3/2015,5/29/2015,10:50:16,7,28.5,AH0,213,29.4958625,Day,F,L,A,MYSE
151.909,8443,6/3/2015,5/30/2015,10:50:17,7,30.6,AH0,162,33.4590728,Day,F,L,A,MYSE
151.909,8443,6/3/2015,5/29/2015,10:50:18,7,28.4,AH0,213,29.2758432,Day,F,L,A,MYSE
151.909,8443,6/3/2015,5/30/2015,10:50:19,7,30.6,AH0,161,33.4590728,Day,F,L,A,MYSE
151.909,8443,6/3/2015,5/29/2015,10:50:20,7,28.4,AH0,212,29.2758432,Day,F,L,A,MYSE
151.909,8443,6/3/2015,5/30/2015,10:50:33,7,30.8,AH0,159,33.7747296,Day,F,L,A,MYSE
151.909,8443,6/3/2015,5/28/2015,10:50:34,7,10.1,AH0,42,-81.6652167,Day,F,L,A,MYSE
151.909,8443,6/3/2015,5/29/2015,10:50:35,7,28.3,AH0,214,29.0528271,Day,F,L,A,MYSE
151.909,8443,6/3/2015,5/30/2015,10:50:35,7,30.8,AH0,160,33.7747296,Day,F,L,A,MYSE
151.909,8443,6/3/2015,5/29/2015,10:50:37,7,28.3,AH0,212,29.0528271,Day,F,L,A,MYSE
151.909,8443,6/3/2015,5/30/2015,10:50:37,7,30.8,AH0,160,33.7747296,Day,F,L,A,MYSE
151.909,8443,6/3/2015,5/29/2015,10:50:39,7,28.3,AH0,211,29.0528271,Day,F,L,A,MYSE
151.909,8443,6/3/2015,5/30/2015,10:50:39,7,30.8,AH0,163,33.7747296,Day,F,L,A,MYSE
151.909,8443,6/3/2015,5/28/2015,10:50:49,7,30.4,AH0,48,33.1331712,Day,F,L,A,MYSE
151.909,8443,6/3/2015,5/28/2015,10:50:51,7,30.5,AH0,46,33.2974125,Day,F,L,A,MYSE
151.909,8443,6/3/2015,5/30/2015,10:50:52,7,30.8,AH0,165,33.7747296,Day,F,L,A,MYSE
151.909,8443,6/3/2015,5/28/2015,10:50:53,7,30.5,AH0,50,33.2974125,Day,F,L,A,MYSE
151.909,8443,6/3/2015,5/29/2015,10:50:54,7,28.2,AH0,215,28.8267944,Day,F,L,A,MYSE
151.909,8443,6/3/2015,5/30/2015,10:50:54,7,30.8,AH0,166,33.7747296,Day,F,L,A,MYSE
151.909,8443,6/3/2015,5/28/2015,10:50:55,7,30.4,AH0,49,33.1331712,Day,F,L,A,MYSE
151.909,8443,6/3/2015,5/29/2015,10:50:56,7,28.2,AH0,212,28.8267944,Day,F,L,A,MYSE
151.909,8443,6/3/2015,5/30/2015,10:50:56,7,30.8,AH0,160,33.7747296,Day,F,L,A,MYSE
151.909,8443,6/3/2015,5/29/2015,10:50:58,7,28.2,AH0,211,28.8267944,Day,F,L,A,MYSE
151.909,8443,6/3/2015,5/30/2015,10:50:58,7,30.8,AH0,159,33.7747296,Day,F,L,A,MYSE
151.909,8443,6/3/2015,5/29/2015,10:51:00,7,28.2,AH0,216,28.8267944,Day,F,L,A,MYSE
151.909,8443,6/3/2015,5/30/2015,10:51:00,7,30.8,AH0,160,33.7747296,Day,F,L,A,MYSE
151.909,8443,6/3/2015,5/29/2015,10:51:13,7,28.1,AH0,212,28.5977253,Day,F,L,A,MYSE
151.909,8443,6/3/2015,5/30/2015,10:51:14,7,30.8,AH0,153,33.7747296,Day,F,L,A,MYSE
151.909,8443,6/3/2015,5/29/2015,10:51:15,7,28.1,AH0,216,28.5977253,Day,F,L,A,MYSE
151.909,8443,6/3/2015,5/30/2015,10:51:16,7,30.8,AH0,159,33.7747296,Day,F,L,A,MYSE
151.909,8443,6/3/2015,5/29/2015,10:51:17,7,28.1,AH0,214,28.5977253,Day,F,L,A,MYSE
151.909,8443,6/3/2015,5/30/2015,10:51:18,7,30.8,AH0,162,33.7747296,Day,F,L,A,MYSE
151.909,8443,6/3/2015,5/29/2015,10:51:19,7,28.1,AH0,211,28.5977253,Day,F,L,A,MYSE
151.909,8443,6/3/2015,5/30/2015,10:51:20,7,30.8,AH0,166,33.7747296,Day,F,L,A,MYSE
151.909,8443,6/3/2015,5/28/2015,10:51:28,7,30.5,AH0,45,33.2974125,Day,F,L,A,MYSE
151.909,8443,6/3/2015,5/28/2015,10:51:30,7,30.3,AH0,40,32.9663291,Day,F,L,A,MYSE
151.909,8443,6/3/2015,5/30/2015,10:51:33,7,30.8,AH0,158,33.7747296,Day,F,L,A,MYSE
151.909,8443,6/3/2015,5/29/2015,10:51:34,7,28.1,AH0,215,28.5977253,Day,F,L,A,MYSE
151.909,8443,6/3/2015,5/30/2015,10:51:35,7,30.8,AH0,171,33.7747296,Day,F,L,A,MYSE
151.909,8443,6/3/2015,5/29/2015,10:51:37,7,28.1,AH0,215,28.5977253,Day,F,L,A,MYSE
151.909,8443,6/3/2015,5/30/2015,10:51:37,7,30.8,AH0,157,33.7747296,Day,F,L,A,MYSE
151.909,8443,6/3/2015,5/29/2015,10:51:39,7,28.1,AH0,215,28.5977253,Day,F,L,A,MYSE
151.909,8443,6/3/2015,5/30/2015,10:51:39,7,30.8,AH0,150,33.7747296,Day,F,L,A,MYSE
151.909,8443,6/3/2015,5/30/2015,10:51:53,7,30.9,AH0,144,33.9287657,Day,F,L,A,MYSE
151.909,8443,6/3/2015,5/29/2015,10:51:54,7,28,AH0,215,28.3656,Day,F,L,A,MYSE
151.909,8443,6/3/2015,5/30/2015,10:51:55,7,31,AH0,142,34.0803,Day,F,L,A,MYSE
151.909,8443,6/3/2015,5/29/2015,10:51:56,7,28,AH0,210,28.3656,Day,F,L,A,MYSE
151.909,8443,6/3/2015,5/30/2015,10:51:57,7,31,AH0,147,34.0803,Day,F,L,A,MYSE
151.909,8443,6/3/2015,5/29/2015,10:51:58,7,28,AH0,212,28.3656,Day,F,L,A,MYSE
151.909,8443,6/3/2015,5/30/2015,10:51:59,7,31,AH0,134,34.0803,Day,F,L,A,MYSE
151.909,8443,6/3/2015,5/29/2015,10:52:00,7,28,AH0,213,28.3656,Day,F,L,A,MYSE
151.909,8443,6/3/2015,5/28/2015,10:52:08,7,30.5,AH0,48,33.2974125,Day,F,L,A,MYSE
151.909,8443,6/3/2015,5/28/2015,10:52:10,7,30.4,AH0,46,33.1331712,Day,F,L,A,MYSE
151.909,8443,6/3/2015,5/28/2015,10:52:12,7,30.5,AH0,53,33.2974125,Day,F,L,A,MYSE
151.909,8443,6/3/2015,5/28/2015,10:52:14,7,30.5,AH0,49,33.2974125,Day,F,L,A,MYSE
151.909,8443,6/3/2015,5/30/2015,10:52:14,7,31.2,AH0,156,34.3759424,Day,F,L,A,MYSE
151.909,8443,6/3/2015,5/29/2015,10:52:15,7,28,AH0,215,28.3656,Day,F,L,A,MYSE
151.909,8443,6/3/2015,5/30/2015,10:52:16,7,31.2,AH0,153,34.3759424,Day,F,L,A,MYSE
151.909,8443,6/3/2015,5/29/2015,10:52:17,7,28,AH0,216,28.3656,Day,F,L,A,MYSE
151.909,8443,6/3/2015,5/30/2015,10:52:18,7,31.2,AH0,153,34.3759424,Day,F,L,A,MYSE
151.909,8443,6/3/2015,5/29/2015,10:52:19,7,28,AH0,217,28.3656,Day,F,L,A,MYSE
151.909,8443,6/3/2015,5/30/2015,10:52:20,7,31.2,AH0,156,34.3759424,Day,F,L,A,MYSE
151.909,8443,6/3/2015,5/30/2015,10:52:33,7,31.1,AH0,154,34.2293523,Day,F,L,A,MYSE
151.909,8443,6/3/2015,5/29/2015,10:52:34,7,28,AH0,217,28.3656,Day,F,L,A,MYSE
151.909,8443,6/3/2015,5/30/2015,10:52:35,7,31,AH0,156,34.0803,Day,F,L,A,MYSE
151.909,8443,6/3/2015,5/29/2015,10:52:36,7,28,AH0,216,28.3656,Day,F,L,A,MYSE
151.909,8443,6/3/2015,5/30/2015,10:52:37,7,31,AH0,158,34.0803,Day,F,L,A,MYSE
151.909,8443,6/3/2015,5/29/2015,10:52:39,7,28,AH0,214,28.3656,Day,F,L,A,MYSE
151.909,8443,6/3/2015,5/30/2015,10:52:39,7,31,AH0,154,34.0803,Day,F,L,A,MYSE
151.909,8443,6/3/2015,5/29/2015,10:52:41,7,28,AH0,215,28.3656,Day,F,L,A,MYSE
151.909,8443,6/3/2015,5/28/2015,10:52:52,7,30.5,AH0,49,33.2974125,Day,F,L,A,MYSE
151.909,8443,6/3/2015,5/28/2015,10:52:53,7,30.6,AH0,46,33.4590728,Day,F,L,A,MYSE
151.909,8443,6/3/2015,5/30/2015,10:52:53,7,30.9,AH0,149,33.9287657,Day,F,L,A,MYSE
151.909,8443,6/3/2015,5/29/2015,10:52:54,7,28.1,AH0,219,28.5977253,Day,F,L,A,MYSE
151.909,8443,6/3/2015,5/30/2015,10:52:55,7,30.9,AH0,151,33.9287657,Day,F,L,A,MYSE
151.909,8443,6/3/2015,5/29/2015,10:52:56,7,28.1,AH0,216,28.5977253,Day,F,L,A,MYSE
151.909,8443,6/3/2015,5/30/2015,10:52:57,7,30.9,AH0,150,33.9287657,Day,F,L,A,MYSE
151.909,8443,6/3/2015,5/29/2015,10:52:58,7,28.1,AH0,217,28.5977253,Day,F,L,A,MYSE
151.909,8443,6/3/2015,5/30/2015,10:52:58,7,30.9,AH0,149,33.9287657,Day,F,L,A,MYSE
151.909,8443,6/3/2015,5/29/2015,10:53:00,7,28.1,AH0,218,28.5977253,Day,F,L,A,MYSE
151.909,8443,6/3/2015,5/30/2015,10:53:14,7,30.9,AH0,152,33.9287657,Day,F,L,A,MYSE
151.909,8443,6/3/2015,5/29/2015,10:53:15,7,28.2,AH0,215,28.8267944,Day,F,L,A,MYSE
151.909,8443,6/3/2015,5/30/2015,10:53:16,7,30.9,AH0,156,33.9287657,Day,F,L,A,MYSE
151.909,8443,6/3/2015,5/29/2015,10:53:17,7,28.2,AH0,220,28.8267944,Day,F,L,A,MYSE
151.909,8443,6/3/2015,5/30/2015,10:53:18,7,30.9,AH0,155,33.9287657,Day,F,L,A,MYSE
151.909,8443,6/3/2015,5/29/2015,10:53:19,7,28.2,AH0,215,28.8267944,Day,F,L,A,MYSE
151.909,8443,6/3/2015,5/30/2015,10:53:20,7,30.9,AH0,156,33.9287657,Day,F,L,A,MYSE
151.909,8443,6/3/2015,5/28/2015,10:53:29,7,30.6,AH0,44,33.4590728,Day,F,L,A,MYSE
151.909,8443,6/3/2015,5/28/2015,10:53:31,7,30.5,AH0,49,33.2974125,Day,F,L,A,MYSE
151.909,8443,6/3/2015,5/30/2015,10:53:33,7,30.7,AH0,154,33.6181719,Day,F,L,A,MYSE
151.909,8443,6/3/2015,5/29/2015,10:53:34,7,28.4,AH0,215,29.2758432,Day,F,L,A,MYSE
151.909,8443,6/3/2015,5/28/2015,10:53:35,7,15.3,AH0,47,-32.8752859,Day,F,L,A,MYSE
151.909,8443,6/3/2015,5/30/2015,10:53:35,7,30.7,AH0,153,33.6181719,Day,F,L,A,MYSE
151.909,8443,6/3/2015,5/29/2015,10:53:36,7,28.4,AH0,216,29.2758432,Day,F,L,A,MYSE
151.909,8443,6/3/2015,5/30/2015,10:53:37,7,30.7,AH0,157,33.6181719,Day,F,L,A,MYSE
151.909,8443,6/3/2015,5/29/2015,10:53:38,7,28.4,AH0,217,29.2758432,Day,F,L,A,MYSE
151.909,8443,6/3/2015,5/30/2015,10:53:39,7,30.7,AH0,153,33.6181719,Day,F,L,A,MYSE
151.909,8443,6/3/2015,5/29/2015,10:53:40,7,28.4,AH0,222,29.2758432,Day,F,L,A,MYSE
151.909,8443,6/3/2015,5/29/2015,10:53:53,7,28.6,AH0,214,29.7129048,Day,F,L,A,MYSE
151.909,8443,6/3/2015,5/30/2015,10:53:53,7,30.6,AH0,152,33.4590728,Day,F,L,A,MYSE
151.909,8443,6/3/2015,5/29/2015,10:53:55,7,28.7,AH0,208,29.9269899,Day,F,L,A,MYSE
151.909,8443,6/3/2015,5/30/2015,10:53:55,7,30.6,AH0,155,33.4590728,Day,F,L,A,MYSE
151.909,8443,6/3/2015,5/29/2015,10:53:57,7,28.8,AH0,206,30.1381376,Day,F,L,A,MYSE
151.909,8443,6/3/2015,5/30/2015,10:53:57,7,30.6,AH0,144,33.4590728,Day,F,L,A,MYSE
151.909,8443,6/3/2015,5/29/2015,10:53:59,7,28.9,AH0,201,30.3463677,Day,F,L,A,MYSE
151.909,8443,6/3/2015,5/30/2015,10:53:59,7,30.6,AH0,150,33.4590728,Day,F,L,A,MYSE
151.909,8443,6/3/2015,5/28/2015,10:54:08,7,30.6,AH0,49,33.4590728,Day,F,L,A,MYSE
151.909,8443,6/3/2015,5/28/2015,10:54:10,7,30.7,AH0,49,33.6181719,Day,F,L,A,MYSE
151.909,8443,6/3/2015,5/28/2015,10:54:12,7,30.7,AH0,48,33.6181719,Day,F,L,A,MYSE
151.909,8443,6/3/2015,5/30/2015,10:54:13,7,30.5,AH0,151,33.2974125,Day,F,L,A,MYSE
151.909,8443,6/3/2015,5/28/2015,10:54:14,7,30.4,AH0,40,33.1331712,Day,F,L,A,MYSE
151.909,8443,6/3/2015,5/29/2015,10:54:14,7,29,AH0,201,30.5517,Day,F,L,A,MYSE
151.909,8443,6/3/2015,5/30/2015,10:54:15,7,30.5,AH0,147,33.2974125,Day,F,L,A,MYSE
151.909,8443,6/3/2015,5/29/2015,10:54:16,7,29.1,AH0,200,30.7541543,Day,F,L,A,MYSE
151.909,8443,6/3/2015,5/30/2015,10:54:17,7,30.5,AH0,153,33.2974125,Day,F,L,A,MYSE
151.909,8443,6/3/2015,5/29/2015,10:54:18,7,29.1,AH0,194,30.7541543,Day,F,L,A,MYSE
151.909,8443,6/3/2015,5/30/2015,10:54:19,7,30.5,AH0,152,33.2974125,Day,F,L,A,MYSE
151.909,8443,6/3/2015,5/29/2015,10:54:20,7,29.1,AH0,193,30.7541543,Day,F,L,A,MYSE
151.909,8443,6/3/2015,5/30/2015,10:54:32,7,30.5,AH0,150,33.2974125,Day,F,L,A,MYSE
151.909,8443,6/3/2015,5/29/2015,10:54:34,7,29,AH0,192,30.5517,Day,F,L,A,MYSE
151.909,8443,6/3/2015,5/30/2015,10:54:34,7,30.5,AH0,148,33.2974125,Day,F,L,A,MYSE
151.909,8443,6/3/2015,5/30/2015,10:54:36,7,30.5,AH0,149,33.2974125,Day,F,L,A,MYSE
151.909,8443,6/3/2015,5/29/2015,10:54:37,7,29,AH0,194,30.5517,Day,F,L,A,MYSE
151.909,8443,6/3/2015,5/30/2015,10:54:38,7,30.5,AH0,148,33.2974125,Day,F,L,A,MYSE
151.909,8443,6/3/2015,5/29/2015,10:54:39,7,29.1,AH0,191,30.7541543,Day,F,L,A,MYSE
151.909,8443,6/3/2015,5/29/2015,10:54:41,7,29.1,AH0,191,30.7541543,Day,F,L,A,MYSE
151.909,8443,6/3/2015,5/29/2015,10:54:53,7,29.1,AH0,196,30.7541543,Day,F,L,A,MYSE
151.909,8443,6/3/2015,5/30/2015,10:54:54,7,30.4,AH0,151,33.1331712,Day,F,L,A,MYSE
151.909,8443,6/3/2015,5/29/2015,10:54:55,7,29.1,AH0,198,30.7541543,Day,F,L,A,MYSE
151.909,8443,6/3/2015,5/30/2015,10:54:56,7,30.4,AH0,148,33.1331712,Day,F,L,A,MYSE
151.909,8443,6/3/2015,5/29/2015,10:54:57,7,29.1,AH0,195,30.7541543,Day,F,L,A,MYSE
151.909,8443,6/3/2015,5/30/2015,10:54:58,7,30.4,AH0,145,33.1331712,Day,F,L,A,MYSE
151.909,8443,6/3/2015,5/29/2015,10:54:59,7,29.1,AH0,196,30.7541543,Day,F,L,A,MYSE
151.909,8443,6/3/2015,5/30/2015,10:55:00,7,30.4,AH0,150,33.1331712,Day,F,L,A,MYSE
151.909,8443,6/3/2015,5/28/2015,10:55:09,7,30.4,AH0,41,33.1331712,Day,F,L,A,MYSE
151.909,8443,6/3/2015,5/28/2015,10:55:11,7,30.5,AH0,43,33.2974125,Day,F,L,A,MYSE
151.909,8443,6/3/2015,5/28/2015,10:55:13,7,30.6,AH0,42,33.4590728,Day,F,L,A,MYSE
151.909,8443,6/3/2015,5/29/2015,10:55:14,7,29.1,AH0,194,30.7541543,Day,F,L,A,MYSE
151.909,8443,6/3/2015,5/30/2015,10:55:14,7,30.5,AH0,152,33.2974125,Day,F,L,A,MYSE
151.909,8443,6/3/2015,5/28/2015,10:55:15,7,30.6,AH0,52,33.4590728,Day,F,L,A,MYSE
151.909,8443,6/3/2015,5/29/2015,10:55:16,7,29.2,AH0,198,30.9537504,Day,F,L,A,MYSE
151.909,8443,6/3/2015,5/30/2015,10:55:16,7,30.5,AH0,152,33.2974125,Day,F,L,A,MYSE
151.909,8443,6/3/2015,5/29/2015,10:55:18,7,29.2,AH0,197,30.9537504,Day,F,L,A,MYSE
151.909,8443,6/3/2015,5/30/2015,10:55:18,7,30.5,AH0,141,33.2974125,Day,F,L,A,MYSE
151.909,8443,6/3/2015,5/29/2015,10:55:20,7,29.2,AH0,200,30.9537504,Day,F,L,A,MYSE
151.909,8443,6/3/2015,5/30/2015,10:55:20,7,30.4,AH0,143,33.1331712,Day,F,L,A,MYSE
151.909,8443,6/3/2015,5/28/2015,10:55:29,7,30.4,AH0,43,33.1331712,Day,F,L,A,MYSE
151.909,8443,6/3/2015,5/28/2015,10:55:33,7,15.2,AH0,39,-33.6620736,Day,F,L,A,MYSE
151.909,8443,6/3/2015,5/29/2015,10:55:34,7,29.2,AH0,197,30.9537504,Day,F,L,A,MYSE
151.909,8443,6/3/2015,5/30/2015,10:55:34,7,30.4,AH0,143,33.1331712,Day,F,L,A,MYSE
151.909,8443,6/3/2015,5/28/2015,10:55:35,7,30.5,AH0,40,33.2974125,Day,F,L,A,MYSE
151.909,8443,6/3/2015,5/30/2015,10:55:35,7,30.4,AH0,145,33.1331712,Day,F,L,A,MYSE
151.909,8443,6/3/2015,5/29/2015,10:55:36,7,29.2,AH0,197,30.9537504,Day,F,L,A,MYSE
151.909,8443,6/3/2015,5/30/2015,10:55:37,7,30.4,AH0,148,33.1331712,Day,F,L,A,MYSE
151.909,8443,6/3/2015,5/29/2015,10:55:38,7,29.2,AH0,197,30.9537504,Day,F,L,A,MYSE
151.909,8443,6/3/2015,5/30/2015,10:55:39,7,30.4,AH0,151,33.1331712,Day,F,L,A,MYSE
151.909,8443,6/3/2015,5/29/2015,10:55:40,7,29.2,AH0,194,30.9537504,Day,F,L,A,MYSE
151.909,8443,6/3/2015,5/28/2015,10:55:49,7,30.3,AH0,43,32.9663291,Day,F,L,A,MYSE
151.909,8443,6/3/2015,5/28/2015,10:55:53,7,15.2,AH0,40,-33.6620736,Day,F,L,A,MYSE
151.909,8443,6/3/2015,5/30/2015,10:55:53,7,30.4,AH0,147,33.1331712,Day,F,L,A,MYSE
151.909,8443,6/3/2015,5/29/2015,10:55:55,7,29.2,AH0,191,30.9537504,Day,F,L,A,MYSE
151.909,8443,6/3/2015,5/30/2015,10:55:55,7,30.3,AH0,152,32.9663291,Day,F,L,A,MYSE
151.909,8443,6/3/2015,5/29/2015,10:55:57,7,29.2,AH0,197,30.9537504,Day,F,L,A,MYSE
151.909,8443,6/3/2015,5/30/2015,10:55:57,7,30.3,AH0,153,32.9663291,Day,F,L,A,MYSE
151.909,8443,6/3/2015,5/29/2015,10:55:59,7,29.2,AH0,197,30.9537504,Day,F,L,A,MYSE
151.909,8443,6/3/2015,5/30/2015,10:55:59,7,30.3,AH0,151,32.9663291,Day,F,L,A,MYSE
151.909,8443,6/3/2015,5/28/2015,10:56:09,7,30.6,AH0,51,33.4590728,Day,F,L,A,MYSE
151.909,8443,6/3/2015,5/28/2015,10:56:11,7,30.5,AH0,49,33.2974125,Day,F,L,A,MYSE
151.909,8443,6/3/2015,5/28/2015,10:56:13,7,30.6,AH0,51,33.4590728,Day,F,L,A,MYSE
151.909,8443,6/3/2015,5/29/2015,10:56:13,7,29.1,AH0,195,30.7541543,Day,F,L,A,MYSE
151.909,8443,6/3/2015,5/30/2015,10:56:13,7,30.4,AH0,149,33.1331712,Day,F,L,A,MYSE
151.909,8443,6/3/2015,5/28/2015,10:56:15,7,30.7,AH0,54,33.6181719,Day,F,L,A,MYSE
151.909,8443,6/3/2015,5/29/2015,10:56:15,7,29.1,AH0,193,30.7541543,Day,F,L,A,MYSE
151.909,8443,6/3/2015,5/30/2015,10:56:15,7,30.4,AH0,152,33.1331712,Day,F,L,A,MYSE
151.909,8443,6/3/2015,5/29/2015,10:56:17,7,29.1,AH0,193,30.7541543,Day,F,L,A,MYSE
151.909,8443,6/3/2015,5/30/2015,10:56:17,7,30.4,AH0,149,33.1331712,Day,F,L,A,MYSE
151.909,8443,6/3/2015,5/29/2015,10:56:19,7,29.1,AH0,190,30.7541543,Day,F,L,A,MYSE
151.909,8443,6/3/2015,5/30/2015,10:56:19,7,30.3,AH0,147,32.9663291,Day,F,L,A,MYSE
151.909,8443,6/3/2015,5/30/2015,10:56:33,7,30.3,AH0,153,32.9663291,Day,F,L,A,MYSE
151.909,8443,6/3/2015,5/29/2015,10:56:34,7,29.1,AH0,190,30.7541543,Day,F,L,A,MYSE
151.909,8443,6/3/2015,5/30/2015,10:56:35,7,30.3,AH0,149,32.9663291,Day,F,L,A,MYSE
151.909,8443,6/3/2015,5/29/2015,10:56:36,7,29.1,AH0,194,30.7541543,Day,F,L,A,MYSE
151.909,8443,6/3/2015,5/30/2015,10:56:37,7,30.3,AH0,151,32.9663291,Day,F,L,A,MYSE
151.909,8443,6/3/2015,5/29/2015,10:56:38,7,29.1,AH0,193,30.7541543,Day,F,L,A,MYSE
151.909,8443,6/3/2015,5/30/2015,10:56:39,7,30.3,AH0,155,32.9663291,Day,F,L,A,MYSE
151.909,8443,6/3/2015,5/29/2015,10:56:40,7,29,AH0,192,30.5517,Day,F,L,A,MYSE
151.909,8443,6/3/2015,5/28/2015,10:56:50,7,30.4,AH0,46,33.1331712,Day,F,L,A,MYSE
151.909,8443,6/3/2015,5/28/2015,10:56:52,7,30.4,AH0,42,33.1331712,Day,F,L,A,MYSE
151.909,8443,6/3/2015,5/30/2015,10:56:53,7,30.3,AH0,153,32.9663291,Day,F,L,A,MYSE
151.909,8443,6/3/2015,5/29/2015,10:56:55,7,29.1,AH0,193,30.7541543,Day,F,L,A,MYSE
151.909,8443,6/3/2015,5/30/2015,10:56:55,7,30.2,AH0,150,32.7968664,Day,F,L,A,MYSE
151.909,8443,6/3/2015,5/29/2015,10:56:57,7,29.2,AH0,194,30.9537504,Day,F,L,A,MYSE
151.909,8443,6/3/2015,5/30/2015,10:56:57,7,30.2,AH0,151,32.7968664,Day,F,L,A,MYSE
151.909,8443,6/3/2015,5/29/2015,10:56:59,7,29.2,AH0,196,30.9537504,Day,F,L,A,MYSE
151.909,8443,6/3/2015,5/30/2015,10:56:59,7,30.2,AH0,147,32.7968664,Day,F,L,A,MYSE
151.909,8443,6/3/2015,5/29/2015,10:57:01,7,29.2,AH0,195,30.9537504,Day,F,L,A,MYSE
151.909,8443,6/3/2015,5/29/2015,10:57:13,7,29.2,AH0,197,30.9537504,Day,F,L,A,MYSE
151.909,8443,6/3/2015,5/30/2015,10:57:13,7,30.2,AH0,149,32.7968664,Day,F,L,A,MYSE
151.909,8443,6/3/2015,5/30/2015,10:57:14,7,30.2,AH0,151,32.7968664,Day,F,L,A,MYSE
151.909,8443,6/3/2015,5/29/2015,10:57:15,7,29.1,AH0,195,30.7541543,Day,F,L,A,MYSE
151.909,8443,6/3/2015,5/30/2015,10:57:16,7,30.2,AH0,153,32.7968664,Day,F,L,A,MYSE
151.909,8443,6/3/2015,5/29/2015,10:57:17,7,29.2,AH0,194,30.9537504,Day,F,L,A,MYSE
151.909,8443,6/3/2015,5/30/2015,10:57:18,7,30.2,AH0,145,32.7968664,Day,F,L,A,MYSE
151.909,8443,6/3/2015,5/29/2015,10:57:19,7,29.2,AH0,186,30.9537504,Day,F,L,A,MYSE
151.909,8443,6/3/2015,5/28/2015,10:57:28,7,30.5,AH0,45,33.2974125,Day,F,L,A,MYSE
151.909,8443,6/3/2015,5/28/2015,10:57:30,7,30.5,AH0,50,33.2974125,Day,F,L,A,MYSE
151.909,8443,6/3/2015,5/28/2015,10:57:32,7,30.4,AH0,53,33.1331712,Day,F,L,A,MYSE
151.909,8443,6/3/2015,5/30/2015,10:57:32,7,30.2,AH0,148,32.7968664,Day,F,L,A,MYSE
151.909,8443,6/3/2015,5/28/2015,10:57:34,7,30.4,AH0,47,33.1331712,Day,F,L,A,MYSE
151.909,8443,6/3/2015,5/29/2015,10:57:34,7,29.2,AH0,186,30.9537504,Day,F,L,A,MYSE
151.909,8443,6/3/2015,5/30/2015,10:57:34,7,30.2,AH0,150,32.7968664,Day,F,L,A,MYSE
151.909,8443,6/3/2015,5/29/2015,10:57:36,7,29.2,AH0,186,30.9537504,Day,F,L,A,MYSE
151.909,8443,6/3/2015,5/30/2015,10:57:36,7,30.1,AH0,141,32.6247633,Day,F,L,A,MYSE
151.909,8443,6/3/2015,5/29/2015,10:57:38,7,29.2,AH0,187,30.9537504,Day,F,L,A,MYSE
151.909,8443,6/3/2015,5/30/2015,10:57:38,7,30.1,AH0,142,32.6247633,Day,F,L,A,MYSE
151.909,8443,6/3/2015,5/29/2015,10:57:40,7,29.2,AH0,188,30.9537504,Day,F,L,A,MYSE
151.909,8443,6/3/2015,5/30/2015,10:57:52,7,30.2,AH0,149,32.7968664,Day,F,L,A,MYSE
151.909,8443,6/3/2015,5/29/2015,10:57:54,7,29.1,AH0,186,30.7541543,Day,F,L,A,MYSE
151.909,8443,6/3/2015,5/30/2015,10:57:54,7,30.2,AH0,145,32.7968664,Day,F,L,A,MYSE
151.909,8443,6/3/2015,5/29/2015,10:57:56,7,29.1,AH0,187,30.7541543,Day,F,L,A,MYSE
151.909,8443,6/3/2015,5/30/2015,10:57:56,7,30.1,AH0,148,32.6247633,Day,F,L,A,MYSE
151.909,8443,6/3/2015,5/29/2015,10:57:58,7,29.1,AH0,187,30.7541543,Day,F,L,A,MYSE
151.909,8443,6/3/2015,5/30/2015,10:57:58,7,30.1,AH0,152,32.6247633,Day,F,L,A,MYSE
151.909,8443,6/3/2015,5/29/2015,10:58:00,7,29.1,AH0,184,30.7541543,Day,F,L,A,MYSE
151.909,8443,6/3/2015,5/28/2015,10:58:09,7,30.4,AH0,47,33.1331712,Day,F,L,A,MYSE
151.909,8443,6/3/2015,5/28/2015,10:58:11,7,30.3,AH0,50,32.9663291,Day,F,L,A,MYSE
151.909,8443,6/3/2015,5/30/2015,10:58:12,7,30,AH0,147,32.45,Day,F,L,A,MYSE
151.909,8443,6/3/2015,5/28/2015,10:58:13,7,30.6,AH0,49,33.4590728,Day,F,L,A,MYSE
151.909,8443,6/3/2015,5/30/2015,10:58:14,7,30,AH0,149,32.45,Day,F,L,A,MYSE
151.909,8443,6/3/2015,5/28/2015,10:58:15,7,30.5,AH0,46,33.2974125,Day,F,L,A,MYSE
151.909,8443,6/3/2015,5/29/2015,10:58:15,7,29.1,AH0,189,30.7541543,Day,F,L,A,MYSE
151.909,8443,6/3/2015,5/30/2015,10:58:16,7,30,AH0,151,32.45,Day,F,L,A,MYSE
151.909,8443,6/3/2015,5/29/2015,10:58:17,7,29.1,AH0,189,30.7541543,Day,F,L,A,MYSE
151.909,8443,6/3/2015,5/30/2015,10:58:18,7,30,AH0,152,32.45,Day,F,L,A,MYSE
151.909,8443,6/3/2015,5/29/2015,10:58:19,7,29.1,AH0,190,30.7541543,Day,F,L,A,MYSE
151.909,8443,6/3/2015,5/30/2015,10:58:32,7,29.9,AH0,153,32.2725567,Day,F,L,A,MYSE
151.909,8443,6/3/2015,5/29/2015,10:58:33,7,29.1,AH0,190,30.7541543,Day,F,L,A,MYSE
151.909,8443,6/3/2015,5/30/2015,10:58:34,7,29.9,AH0,157,32.2725567,Day,F,L,A,MYSE
151.909,8443,6/3/2015,5/28/2015,10:58:35,7,30.4,AH0,47,33.1331712,Day,F,L,A,MYSE
151.909,8443,6/3/2015,5/29/2015,10:58:35,7,29.1,AH0,185,30.7541543,Day,F,L,A,MYSE
151.909,8443,6/3/2015,5/30/2015,10:58:36,7,29.9,AH0,156,32.2725567,Day,F,L,A,MYSE
151.909,8443,6/3/2015,5/29/2015,10:58:38,7,29.1,AH0,190,30.7541543,Day,F,L,A,MYSE
151.909,8443,6/3/2015,5/30/2015,10:58:38,7,29.9,AH0,150,32.2725567,Day,F,L,A,MYSE
151.909,8443,6/3/2015,5/29/2015,10:58:40,7,29.1,AH0,191,30.7541543,Day,F,L,A,MYSE
151.909,8443,6/3/2015,5/28/2015,10:58:49,7,30.8,AH0,45,33.7747296,Day,F,L,A,MYSE
151.909,8443,6/3/2015,5/28/2015,10:58:51,7,30.8,AH0,53,33.7747296,Day,F,L,A,MYSE
151.909,8443,6/3/2015,5/30/2015,10:58:52,7,29.9,AH0,150,32.2725567,Day,F,L,A,MYSE
151.909,8443,6/3/2015,5/28/2015,10:58:53,7,30.7,AH0,53,33.6181719,Day,F,L,A,MYSE
151.909,8443,6/3/2015,5/29/2015,10:58:54,7,29,AH0,185,30.5517,Day,F,L,A,MYSE
151.909,8443,6/3/2015,5/30/2015,10:58:54,7,29.8,AH0,154,32.0924136,Day,F,L,A,MYSE
151.909,8443,6/3/2015,5/28/2015,10:58:55,7,30.7,AH0,45,33.6181719,Day,F,L,A,MYSE
151.909,8443,6/3/2015,5/29/2015,10:58:56,7,29,AH0,190,30.5517,Day,F,L,A,MYSE
151.909,8443,6/3/2015,5/30/2015,10:58:56,7,29.8,AH0,152,32.0924136,Day,F,L,A,MYSE
151.909,8443,6/3/2015,5/29/2015,10:58:58,7,29,AH0,189,30.5517,Day,F,L,A,MYSE
151.909,8443,6/3/2015,5/30/2015,10:58:58,7,29.8,AH0,149,32.0924136,Day,F,L,A,MYSE
151.909,8443,6/3/2015,5/29/2015,10:59:00,7,29,AH0,188,30.5517,Day,F,L,A,MYSE
151.909,8443,6/3/2015,5/30/2015,10:59:13,7,29.9,AH0,144,32.2725567,Day,F,L,A,MYSE
151.909,8443,6/3/2015,5/29/2015,10:59:15,7,29,AH0,185,30.5517,Day,F,L,A,MYSE
151.909,8443,6/3/2015,5/30/2015,10:59:15,7,29.9,AH0,145,32.2725567,Day,F,L,A,MYSE
151.909,8443,6/3/2015,5/29/2015,10:59:17,7,29,AH0,189,30.5517,Day,F,L,A,MYSE
151.909,8443,6/3/2015,5/30/2015,10:59:17,7,29.9,AH0,147,32.2725567,Day,F,L,A,MYSE
151.909,8443,6/3/2015,5/29/2015,10:59:19,7,29,AH0,188,30.5517,Day,F,L,A,MYSE
151.909,8443,6/3/2015,5/30/2015,10:59:19,7,29.9,AH0,143,32.2725567,Day,F,L,A,MYSE
151.909,8443,6/3/2015,5/29/2015,10:59:33,7,29,AH0,183,30.5517,Day,F,L,A,MYSE
151.909,8443,6/3/2015,5/30/2015,10:59:33,7,29.9,AH0,149,32.2725567,Day,F,L,A,MYSE
151.909,8443,6/3/2015,5/29/2015,10:59:35,7,29,AH0,186,30.5517,Day,F,L,A,MYSE
151.909,8443,6/3/2015,5/30/2015,10:59:35,7,29.9,AH0,150,32.2725567,Day,F,L,A,MYSE
151.909,8443,6/3/2015,5/30/2015,10:59:37,7,29.9,AH0,155,32.2725567,Day,F,L,A,MYSE
151.909,8443,6/3/2015,5/29/2015,10:59:38,7,29,AH0,186,30.5517,Day,F,L,A,MYSE
151.909,8443,6/3/2015,5/30/2015,10:59:39,7,29.9,AH0,151,32.2725567,Day,F,L,A,MYSE
151.909,8443,6/3/2015,5/29/2015,10:59:40,7,29,AH0,182,30.5517,Day,F,L,A,MYSE
151.909,8443,6/3/2015,5/30/2015,10:59:53,7,29.9,AH0,144,32.2725567,Day,F,L,A,MYSE
151.909,8443,6/3/2015,5/29/2015,10:59:54,7,29,AH0,182,30.5517,Day,F,L,A,MYSE
151.909,8443,6/3/2015,5/30/2015,10:59:55,7,29.9,AH0,143,32.2725567,Day,F,L,A,MYSE
151.909,8443,6/3/2015,5/29/2015,10:59:56,7,29,AH0,181,30.5517,Day,F,L,A,MYSE
151.909,8443,6/3/2015,5/30/2015,10:59:57,7,29.9,AH0,144,32.2725567,Day,F,L,A,MYSE
151.909,8443,6/3/2015,5/29/2015,10:59:58,7,29,AH0,185,30.5517,Day,F,L,A,MYSE
151.909,8443,6/3/2015,5/30/2015,10:59:59,7,29.9,AH0,149,32.2725567,Day,F,L,A,MYSE
151.909,8443,6/3/2015,5/29/2015,11:00:00,7,29,AH0,186,30.5517,Day,F,L,A,MYSE
151.909,8443,6/3/2015,5/30/2015,11:00:13,7,29.9,AH0,146,32.2725567,Day,F,L,A,MYSE
151.909,8443,6/3/2015,5/29/2015,11:00:15,7,29,AH0,181,30.5517,Day,F,L,A,MYSE
151.909,8443,6/3/2015,5/30/2015,11:00:15,7,29.9,AH0,147,32.2725567,Day,F,L,A,MYSE
151.909,8443,6/3/2015,5/29/2015,11:00:17,7,29,AH0,184,30.5517,Day,F,L,A,MYSE
151.909,8443,6/3/2015,5/30/2015,11:00:17,7,29.9,AH0,141,32.2725567,Day,F,L,A,MYSE
151.909,8443,6/3/2015,5/29/2015,11:00:19,7,29,AH0,180,30.5517,Day,F,L,A,MYSE
151.909,8443,6/3/2015,5/30/2015,11:00:19,7,29.9,AH0,145,32.2725567,Day,F,L,A,MYSE
151.909,8443,6/3/2015,5/28/2015,11:00:28,7,30.7,AH0,43,33.6181719,Day,F,L,A,MYSE
151.909,8443,6/3/2015,5/28/2015,11:00:30,7,30.5,AH0,48,33.2974125,Day,F,L,A,MYSE
151.909,8443,6/3/2015,5/29/2015,11:00:33,7,29,AH0,183,30.5517,Day,F,L,A,MYSE
151.909,8443,6/3/2015,5/30/2015,11:00:33,7,30,AH0,148,32.45,Day,F,L,A,MYSE
151.909,8443,6/3/2015,5/28/2015,11:00:34,7,15.3,AH0,47,-32.8752859,Day,F,L,A,MYSE
151.909,8443,6/3/2015,5/30/2015,11:00:35,7,30,AH0,146,32.45,Day,F,L,A,MYSE
151.909,8443,6/3/2015,5/29/2015,11:00:36,7,29,AH0,182,30.5517,Day,F,L,A,MYSE
151.909,8443,6/3/2015,5/30/2015,11:00:37,7,30,AH0,150,32.45,Day,F,L,A,MYSE
151.909,8443,6/3/2015,5/29/2015,11:00:38,7,29,AH0,181,30.5517,Day,F,L,A,MYSE
151.909,8443,6/3/2015,5/30/2015,11:00:39,7,30,AH0,147,32.45,Day,F,L,A,MYSE
151.909,8443,6/3/2015,5/29/2015,11:00:40,7,29,AH0,183,30.5517,Day,F,L,A,MYSE
151.909,8443,6/3/2015,5/28/2015,11:00:48,7,30.8,AH0,53,33.7747296,Day,F,L,A,MYSE
151.909,8443,6/3/2015,5/28/2015,11:00:50,7,30.8,AH0,50,33.7747296,Day,F,L,A,MYSE
151.909,8443,6/3/2015,5/28/2015,11:00:52,7,30.8,AH0,48,33.7747296,Day,F,L,A,MYSE
151.909,8443,6/3/2015,5/30/2015,11:00:53,7,29.9,AH0,154,32.2725567,Day,F,L,A,MYSE
151.909,8443,6/3/2015,5/28/2015,11:00:54,7,30.8,AH0,50,33.7747296,Day,F,L,A,MYSE
151.909,8443,6/3/2015,5/29/2015,11:00:54,7,28.9,AH0,183,30.3463677,Day,F,L,A,MYSE
151.909,8443,6/3/2015,5/30/2015,11:00:55,7,29.9,AH0,151,32.2725567,Day,F,L,A,MYSE
151.909,8443,6/3/2015,5/29/2015,11:00:56,7,28.9,AH0,182,30.3463677,Day,F,L,A,MYSE
151.909,8443,6/3/2015,5/30/2015,11:00:57,7,29.9,AH0,148,32.2725567,Day,F,L,A,MYSE
151.909,8443,6/3/2015,5/29/2015,11:00:58,7,28.9,AH0,181,30.3463677,Day,F,L,A,MYSE
151.909,8443,6/3/2015,5/30/2015,11:00:59,7,29.9,AH0,153,32.2725567,Day,F,L,A,MYSE
151.909,8443,6/3/2015,5/29/2015,11:01:00,7,28.9,AH0,183,30.3463677,Day,F,L,A,MYSE
151.909,8443,6/3/2015,5/29/2015,11:01:13,7,28.9,AH0,182,30.3463677,Day,F,L,A,MYSE
151.909,8443,6/3/2015,5/30/2015,11:01:13,7,30,AH0,150,32.45,Day,F,L,A,MYSE
151.909,8443,6/3/2015,5/29/2015,11:01:15,7,28.9,AH0,185,30.3463677,Day,F,L,A,MYSE
151.909,8443,6/3/2015,5/30/2015,11:01:15,7,30,AH0,152,32.45,Day,F,L,A,MYSE
151.909,8443,6/3/2015,5/29/2015,11:01:17,7,28.9,AH0,181,30.3463677,Day,F,L,A,MYSE
151.909,8443,6/3/2015,5/30/2015,11:01:17,7,30,AH0,152,32.45,Day,F,L,A,MYSE
151.909,8443,6/3/2015,5/29/2015,11:01:19,7,28.9,AH0,182,30.3463677,Day,F,L,A,MYSE
151.909,8443,6/3/2015,5/30/2015,11:01:19,7,30,AH0,149,32.45,Day,F,L,A,MYSE
151.909,8443,6/3/2015,5/28/2015,11:01:29,7,30.5,AH0,44,33.2974125,Day,F,L,A,MYSE
151.909,8443,6/3/2015,5/30/2015,11:01:33,7,30,AH0,145,32.45,Day,F,L,A,MYSE
151.909,8443,6/3/2015,5/29/2015,11:01:34,7,28.9,AH0,183,30.3463677,Day,F,L,A,MYSE
151.909,8443,6/3/2015,5/30/2015,11:01:35,7,30,AH0,149,32.45,Day,F,L,A,MYSE
151.909,8443,6/3/2015,5/29/2015,11:01:36,7,28.9,AH0,183,30.3463677,Day,F,L,A,MYSE
151.909,8443,6/3/2015,5/30/2015,11:01:37,7,30,AH0,149,32.45,Day,F,L,A,MYSE
151.909,8443,6/3/2015,5/29/2015,11:01:38,7,28.9,AH0,184,30.3463677,Day,F,L,A,MYSE
151.909,8443,6/3/2015,5/30/2015,11:01:39,7,30,AH0,148,32.45,Day,F,L,A,MYSE
151.909,8443,6/3/2015,5/29/2015,11:01:40,7,28.9,AH0,184,30.3463677,Day,F,L,A,MYSE
151.909,8443,6/3/2015,5/28/2015,11:01:49,7,30.8,AH0,48,33.7747296,Day,F,L,A,MYSE
151.909,8443,6/3/2015,5/28/2015,11:01:51,7,30.6,AH0,46,33.4590728,Day,F,L,A,MYSE
151.909,8443,6/3/2015,5/30/2015,11:01:53,7,30.1,AH0,150,32.6247633,Day,F,L,A,MYSE
151.909,8443,6/3/2015,5/29/2015,11:01:54,7,28.9,AH0,185,30.3463677,Day,F,L,A,MYSE
151.909,8443,6/3/2015,5/28/2015,11:01:55,7,15.3,AH0,47,-32.8752859,Day,F,L,A,MYSE
151.909,8443,6/3/2015,5/30/2015,11:01:55,7,30.1,AH0,152,32.6247633,Day,F,L,A,MYSE
151.909,8443,6/3/2015,5/29/2015,11:01:56,7,28.9,AH0,184,30.3463677,Day,F,L,A,MYSE
151.909,8443,6/3/2015,5/30/2015,11:01:57,7,30.1,AH0,152,32.6247633,Day,F,L,A,MYSE
151.909,8443,6/3/2015,5/29/2015,11:01:58,7,28.9,AH0,181,30.3463677,Day,F,L,A,MYSE
151.909,8443,6/3/2015,5/30/2015,11:01:59,7,30,AH0,152,32.45,Day,F,L,A,MYSE
151.909,8443,6/3/2015,5/29/2015,11:02:01,7,28.9,AH0,183,30.3463677,Day,F,L,A,MYSE
151.909,8443,6/3/2015,5/28/2015,11:02:10,7,30.5,AH0,46,33.2974125,Day,F,L,A,MYSE
151.909,8443,6/3/2015,5/29/2015,11:02:13,7,28.9,AH0,182,30.3463677,Day,F,L,A,MYSE
151.909,8443,6/3/2015,5/30/2015,11:02:13,7,30.1,AH0,152,32.6247633,Day,F,L,A,MYSE
151.909,8443,6/3/2015,5/29/2015,11:02:15,7,28.9,AH0,182,30.3463677,Day,F,L,A,MYSE
151.909,8443,6/3/2015,5/30/2015,11:02:15,7,30.1,AH0,156,32.6247633,Day,F,L,A,MYSE
151.909,8443,6/3/2015,5/29/2015,11:02:17,7,28.9,AH0,179,30.3463677,Day,F,L,A,MYSE
151.909,8443,6/3/2015,5/30/2015,11:02:17,7,30.1,AH0,154,32.6247633,Day,F,L,A,MYSE
151.909,8443,6/3/2015,5/29/2015,11:02:19,7,28.9,AH0,179,30.3463677,Day,F,L,A,MYSE
151.909,8443,6/3/2015,5/30/2015,11:02:19,7,30.1,AH0,152,32.6247633,Day,F,L,A,MYSE
151.909,8443,6/3/2015,5/28/2015,11:02:30,7,30.7,AH0,48,33.6181719,Day,F,L,A,MYSE
151.909,8443,6/3/2015,5/28/2015,11:02:32,7,30.8,AH0,52,33.7747296,Day,F,L,A,MYSE
151.909,8443,6/3/2015,5/30/2015,11:02:33,7,30.1,AH0,152,32.6247633,Day,F,L,A,MYSE
151.909,8443,6/3/2015,5/28/2015,11:02:34,7,30.8,AH0,60,33.7747296,Day,F,L,A,MYSE
151.909,8443,6/3/2015,5/29/2015,11:02:34,7,28.9,AH0,181,30.3463677,Day,F,L,A,MYSE
151.909,8443,6/3/2015,5/30/2015,11:02:35,7,30.1,AH0,154,32.6247633,Day,F,L,A,MYSE
151.909,8443,6/3/2015,5/29/2015,11:02:36,7,28.9,AH0,182,30.3463677,Day,F,L,A,MYSE
151.909,8443,6/3/2015,5/30/2015,11:02:37,7,30.1,AH0,155,32.6247633,Day,F,L,A,MYSE
151.909,8443,6/3/2015,5/29/2015,11:02:38,7,28.9,AH0,182,30.3463677,Day,F,L,A,MYSE
151.909,8443,6/3/2015,5/30/2015,11:02:39,7,30.1,AH0,159,32.6247633,Day,F,L,A,MYSE
151.909,8443,6/3/2015,5/29/2015,11:02:40,7,28.9,AH0,181,30.3463677,Day,F,L,A,MYSE
151.909,8443,6/3/2015,5/30/2015,11:02:53,7,30.1,AH0,151,32.6247633,Day,F,L,A,MYSE
151.909,8443,6/3/2015,5/29/2015,11:02:55,7,28.9,AH0,183,30.3463677,Day,F,L,A,MYSE
151.909,8443,6/3/2015,5/30/2015,11:02:55,7,30.1,AH0,154,32.6247633,Day,F,L,A,MYSE
151.909,8443,6/3/2015,5/29/2015,11:02:57,7,28.9,AH0,190,30.3463677,Day,F,L,A,MYSE
151.909,8443,6/3/2015,5/30/2015,11:02:57,7,30.1,AH0,153,32.6247633,Day,F,L,A,MYSE
151.909,8443,6/3/2015,5/29/2015,11:02:59,7,28.9,AH0,188,30.3463677,Day,F,L,A,MYSE
151.909,8443,6/3/2015,5/30/2015,11:02:59,7,30.1,AH0,153,32.6247633,Day,F,L,A,MYSE
151.909,8443,6/3/2015,5/28/2015,11:03:09,7,30,AH0,36,32.45,Day,F,L,A,MYSE
151.909,8443,6/3/2015,5/28/2015,11:03:11,7,30,AH0,37,32.45,Day,F,L,A,MYSE
151.909,8443,6/3/2015,5/28/2015,11:03:13,7,30.2,AH0,42,32.7968664,Day,F,L,A,MYSE
151.909,8443,6/3/2015,5/29/2015,11:03:13,7,28.8,AH0,184,30.1381376,Day,F,L,A,MYSE
151.909,8443,6/3/2015,5/30/2015,11:03:13,7,30.2,AH0,150,32.7968664,Day,F,L,A,MYSE
151.909,8443,6/3/2015,5/29/2015,11:03:15,7,28.8,AH0,184,30.1381376,Day,F,L,A,MYSE
151.909,8443,6/3/2015,5/30/2015,11:03:15,7,30.2,AH0,147,32.7968664,Day,F,L,A,MYSE
151.909,8443,6/3/2015,5/29/2015,11:03:17,7,28.8,AH0,184,30.1381376,Day,F,L,A,MYSE
151.909,8443,6/3/2015,5/30/2015,11:03:17,7,30.2,AH0,150,32.7968664,Day,F,L,A,MYSE
151.909,8443,6/3/2015,5/30/2015,11:03:19,7,30.2,AH0,149,32.7968664,Day,F,L,A,MYSE
151.909,8443,6/3/2015,5/29/2015,11:03:20,7,28.8,AH0,186,30.1381376,Day,F,L,A,MYSE
151.909,8443,6/3/2015,5/28/2015,11:03:27,7,30.3,AH0,51,32.9663291,Day,F,L,A,MYSE
151.909,8443,6/3/2015,5/28/2015,11:03:29,7,30.3,AH0,57,32.9663291,Day,F,L,A,MYSE
151.909,8443,6/3/2015,5/28/2015,11:03:31,7,30.1,AH0,58,32.6247633,Day,F,L,A,MYSE
151.909,8443,6/3/2015,5/28/2015,11:03:33,7,30.1,AH0,57,32.6247633,Day,F,L,A,MYSE
151.909,8443,6/3/2015,5/30/2015,11:03:33,7,30.2,AH0,148,32.7968664,Day,F,L,A,MYSE
151.909,8443,6/3/2015,5/29/2015,11:03:34,7,28.9,AH0,182,30.3463677,Day,F,L,A,MYSE
151.909,8443,6/3/2015,5/30/2015,11:03:35,7,30.2,AH0,152,32.7968664,Day,F,L,A,MYSE
151.909,8443,6/3/2015,5/29/2015,11:03:36,7,28.9,AH0,180,30.3463677,Day,F,L,A,MYSE
151.909,8443,6/3/2015,5/30/2015,11:03:37,7,30.2,AH0,147,32.7968664,Day,F,L,A,MYSE
151.909,8443,6/3/2015,5/29/2015,11:03:38,7,28.9,AH0,183,30.3463677,Day,F,L,A,MYSE
151.909,8443,6/3/2015,5/30/2015,11:03:38,7,30.2,AH0,152,32.7968664,Day,F,L,A,MYSE
151.909,8443,6/3/2015,5/29/2015,11:03:40,7,28.9,AH0,180,30.3463677,Day,F,L,A,MYSE
151.909,8443,6/3/2015,5/28/2015,11:03:47,7,30,AH0,54,32.45,Day,F,L,A,MYSE
151.909,8443,6/3/2015,5/28/2015,11:03:49,7,29.9,AH0,66,32.2725567,Day,F,L,A,MYSE
151.909,8443,6/3/2015,5/28/2015,11:03:51,7,29.9,AH0,62,32.2725567,Day,F,L,A,MYSE
151.909,8443,6/3/2015,5/30/2015,11:03:52,7,30.2,AH0,147,32.7968664,Day,F,L,A,MYSE
151.909,8443,6/3/2015,5/28/2015,11:03:53,7,29.9,AH0,63,32.2725567,Day,F,L,A,MYSE
151.909,8443,6/3/2015,5/29/2015,11:03:53,7,28.9,AH0,182,30.3463677,Day,F,L,A,MYSE
151.909,8443,6/3/2015,5/30/2015,11:03:54,7,30.2,AH0,146,32.7968664,Day,F,L,A,MYSE
151.909,8443,6/3/2015,5/29/2015,11:03:55,7,28.9,AH0,181,30.3463677,Day,F,L,A,MYSE
151.909,8443,6/3/2015,5/30/2015,11:03:56,7,30.2,AH0,147,32.7968664,Day,F,L,A,MYSE
151.909,8443,6/3/2015,5/29/2015,11:03:57,7,28.9,AH0,176,30.3463677,Day,F,L,A,MYSE
151.909,8443,6/3/2015,5/30/2015,11:03:58,7,30.2,AH0,148,32.7968664,Day,F,L,A,MYSE
151.909,8443,6/3/2015,5/29/2015,11:03:59,7,28.9,AH0,181,30.3463677,Day,F,L,A,MYSE
151.909,8443,6/3/2015,5/28/2015,11:04:07,7,29.9,AH0,67,32.2725567,Day,F,L,A,MYSE
151.909,8443,6/3/2015,5/28/2015,11:04:09,7,29.8,AH0,63,32.0924136,Day,F,L,A,MYSE
151.909,8443,6/3/2015,5/28/2015,11:04:12,7,29.8,AH0,70,32.0924136,Day,F,L,A,MYSE
151.909,8443,6/3/2015,5/30/2015,11:04:12,7,30.2,AH0,151,32.7968664,Day,F,L,A,MYSE
151.909,8443,6/3/2015,5/28/2015,11:04:14,7,29.8,AH0,66,32.0924136,Day,F,L,A,MYSE
151.909,8443,6/3/2015,5/29/2015,11:04:14,7,28.9,AH0,181,30.3463677,Day,F,L,A,MYSE
151.909,8443,6/3/2015,5/30/2015,11:04:14,7,30.2,AH0,147,32.7968664,Day,F,L,A,MYSE
151.909,8443,6/3/2015,5/29/2015,11:04:16,7,28.9,AH0,182,30.3463677,Day,F,L,A,MYSE
151.909,8443,6/3/2015,5/30/2015,11:04:16,7,30.2,AH0,148,32.7968664,Day,F,L,A,MYSE
151.909,8443,6/3/2015,5/29/2015,11:04:18,7,28.9,AH0,178,30.3463677,Day,F,L,A,MYSE
151.909,8443,6/3/2015,5/30/2015,11:04:18,7,30.2,AH0,147,32.7968664,Day,F,L,A,MYSE
151.909,8443,6/3/2015,5/29/2015,11:04:20,7,28.9,AH0,178,30.3463677,Day,F,L,A,MYSE
151.909,8443,6/3/2015,5/28/2015,11:04:28,7,29.8,AH0,78,32.0924136,Day,F,L,A,MYSE
151.909,8443,6/3/2015,5/28/2015,11:04:30,7,29.8,AH0,76,32.0924136,Day,F,L,A,MYSE
151.909,8443,6/3/2015,5/28/2015,11:04:32,7,29.8,AH0,76,32.0924136,Day,F,L,A,MYSE
151.909,8443,6/3/2015,5/30/2015,11:04:32,7,30.1,AH0,148,32.6247633,Day,F,L,A,MYSE
151.909,8443,6/3/2015,5/28/2015,11:04:34,7,29.8,AH0,75,32.0924136,Day,F,L,A,MYSE
151.909,8443,6/3/2015,5/29/2015,11:04:34,7,28.9,AH0,180,30.3463677,Day,F,L,A,MYSE
151.909,8443,6/3/2015,5/30/2015,11:04:34,7,30,AH0,150,32.45,Day,F,L,A,MYSE
151.909,8443,6/3/2015,5/29/2015,11:04:36,7,28.9,AH0,179,30.3463677,Day,F,L,A,MYSE
151.909,8443,6/3/2015,5/30/2015,11:04:36,7,30,AH0,149,32.45,Day,F,L,A,MYSE
151.909,8443,6/3/2015,5/29/2015,11:04:38,7,28.9,AH0,179,30.3463677,Day,F,L,A,MYSE
151.909,8443,6/3/2015,5/30/2015,11:04:38,7,30,AH0,155,32.45,Day,F,L,A,MYSE
151.909,8443,6/3/2015,5/29/2015,11:04:41,7,28.9,AH0,179,30.3463677,Day,F,L,A,MYSE
151.909,8443,6/3/2015,5/28/2015,11:04:48,7,29.9,AH0,77,32.2725567,Day,F,L,A,MYSE
151.909,8443,6/3/2015,5/28/2015,11:04:50,7,29.9,AH0,71,32.2725567,Day,F,L,A,MYSE
151.909,8443,6/3/2015,5/28/2015,11:04:52,7,30,AH0,76,32.45,Day,F,L,A,MYSE
151.909,8443,6/3/2015,5/30/2015,11:04:52,7,29.9,AH0,152,32.2725567,Day,F,L,A,MYSE
151.909,8443,6/3/2015,5/29/2015,11:04:53,7,28.9,AH0,183,30.3463677,Day,F,L,A,MYSE
151.909,8443,6/3/2015,5/28/2015,11:04:54,7,30,AH0,80,32.45,Day,F,L,A,MYSE
151.909,8443,6/3/2015,5/30/2015,11:04:54,7,29.9,AH0,152,32.2725567,Day,F,L,A,MYSE
151.909,8443,6/3/2015,5/29/2015,11:04:55,7,28.9,AH0,189,30.3463677,Day,F,L,A,MYSE
151.909,8443,6/3/2015,5/30/2015,11:04:56,7,29.9,AH0,151,32.2725567,Day,F,L,A,MYSE
151.909,8443,6/3/2015,5/29/2015,11:04:57,7,28.9,AH0,186,30.3463677,Day,F,L,A,MYSE
151.909,8443,6/3/2015,5/30/2015,11:04:58,7,29.9,AH0,148,32.2725567,Day,F,L,A,MYSE
151.909,8443,6/3/2015,5/29/2015,11:04:59,7,28.9,AH0,185,30.3463677,Day,F,L,A,MYSE
151.909,8443,6/3/2015,5/28/2015,11:05:08,7,30.1,AH0,73,32.6247633,Day,F,L,A,MYSE
151.909,8443,6/3/2015,5/28/2015,11:05:10,7,30.1,AH0,76,32.6247633,Day,F,L,A,MYSE
151.909,8443,6/3/2015,5/28/2015,11:05:12,7,30.1,AH0,72,32.6247633,Day,F,L,A,MYSE
151.909,8443,6/3/2015,5/30/2015,11:05:12,7,29.8,AH0,148,32.0924136,Day,F,L,A,MYSE
151.909,8443,6/3/2015,5/28/2015,11:05:14,7,30.1,AH0,70,32.6247633,Day,F,L,A,MYSE
151.909,8443,6/3/2015,5/29/2015,11:05:14,7,28.9,AH0,184,30.3463677,Day,F,L,A,MYSE
151.909,8443,6/3/2015,5/30/2015,11:05:14,7,29.8,AH0,151,32.0924136,Day,F,L,A,MYSE
151.909,8443,6/3/2015,5/29/2015,11:05:16,7,28.9,AH0,181,30.3463677,Day,F,L,A,MYSE
151.909,8443,6/3/2015,5/30/2015,11:05:16,7,29.8,AH0,148,32.0924136,Day,F,L,A,MYSE
151.909,8443,6/3/2015,5/29/2015,11:05:18,7,28.9,AH0,180,30.3463677,Day,F,L,A,MYSE
151.909,8443,6/3/2015,5/30/2015,11:05:18,7,29.9,AH0,148,32.2725567,Day,F,L,A,MYSE
151.909,8443,6/3/2015,5/29/2015,11:05:20,7,28.9,AH0,184,30.3463677,Day,F,L,A,MYSE
151.909,8443,6/3/2015,5/28/2015,11:05:28,7,30,AH0,84,32.45,Day,F,L,A,MYSE
151.909,8443,6/3/2015,5/28/2015,11:05:30,7,30,AH0,88,32.45,Day,F,L,A,MYSE
151.909,8443,6/3/2015,5/28/2015,11:05:32,7,30,AH0,83,32.45,Day,F,L,A,MYSE
151.909,8443,6/3/2015,5/30/2015,11:05:32,7,29.8,AH0,153,32.0924136,Day,F,L,A,MYSE
151.909,8443,6/3/2015,5/28/2015,11:05:34,7,30,AH0,84,32.45,Day,F,L,A,MYSE
151.909,8443,6/3/2015,5/30/2015,11:05:34,7,29.8,AH0,148,32.0924136,Day,F,L,A,MYSE
151.909,8443,6/3/2015,5/29/2015,11:05:35,7,28.9,AH0,183,30.3463677,Day,F,L,A,MYSE
151.909,8443,6/3/2015,5/30/2015,11:05:36,7,29.8,AH0,144,32.0924136,Day,F,L,A,MYSE
151.909,8443,6/3/2015,5/29/2015,11:05:37,7,28.9,AH0,183,30.3463677,Day,F,L,A,MYSE
151.909,8443,6/3/2015,5/30/2015,11:05:38,7,29.9,AH0,153,32.2725567,Day,F,L,A,MYSE
151.909,8443,6/3/2015,5/29/2015,11:05:39,7,28.9,AH0,182,30.3463677,Day,F,L,A,MYSE
151.909,8443,6/3/2015,5/28/2015,11:05:48,7,29.9,AH0,85,32.2725567,Day,F,L,A,MYSE
151.909,8443,6/3/2015,5/28/2015,11:05:50,7,30,AH0,90,32.45,Day,F,L,A,MYSE
151.909,8443,6/3/2015,5/28/2015,11:05:52,7,30.1,AH0,88,32.6247633,Day,F,L,A,MYSE
151.909,8443,6/3/2015,5/29/2015,11:05:53,7,28.9,AH0,182,30.3463677,Day,F,L,A,MYSE
151.909,8443,6/3/2015,5/30/2015,11:05:53,7,29.8,AH0,147,32.0924136,Day,F,L,A,MYSE
151.909,8443,6/3/2015,5/28/2015,11:05:54,7,30.2,AH0,93,32.7968664,Day,F,L,A,MYSE
151.909,8443,6/3/2015,5/29/2015,11:05:55,7,28.9,AH0,182,30.3463677,Day,F,L,A,MYSE
151.909,8443,6/3/2015,5/30/2015,11:05:55,7,29.8,AH0,148,32.0924136,Day,F,L,A,MYSE
151.909,8443,6/3/2015,5/29/2015,11:05:57,7,28.9,AH0,184,30.3463677,Day,F,L,A,MYSE
151.909,8443,6/3/2015,5/30/2015,11:05:57,7,29.8,AH0,148,32.0924136,Day,F,L,A,MYSE
151.909,8443,6/3/2015,5/29/2015,11:05:59,7,28.9,AH0,182,30.3463677,Day,F,L,A,MYSE
151.909,8443,6/3/2015,5/30/2015,11:05:59,7,29.8,AH0,144,32.0924136,Day,F,L,A,MYSE
151.909,8443,6/3/2015,5/28/2015,11:06:07,7,30.6,AH0,91,33.4590728,Day,F,L,A,MYSE
151.909,8443,6/3/2015,5/28/2015,11:06:09,7,30.6,AH0,90,33.4590728,Day,F,L,A,MYSE
151.909,8443,6/3/2015,5/28/2015,11:06:11,7,30.7,AH0,90,33.6181719,Day,F,L,A,MYSE
151.909,8443,6/3/2015,5/28/2015,11:06:13,7,30.7,AH0,94,33.6181719,Day,F,L,A,MYSE
151.909,8443,6/3/2015,5/30/2015,11:06:13,7,29.7,AH0,144,31.9095509,Day,F,L,A,MYSE
151.909,8443,6/3/2015,5/29/2015,11:06:14,7,28.9,AH0,181,30.3463677,Day,F,L,A,MYSE
151.909,8443,6/3/2015,5/30/2015,11:06:15,7,29.7,AH0,148,31.9095509,Day,F,L,A,MYSE
151.909,8443,6/3/2015,5/29/2015,11:06:16,7,28.9,AH0,181,30.3463677,Day,F,L,A,MYSE
151.909,8443,6/3/2015,5/30/2015,11:06:17,7,29.7,AH0,147,31.9095509,Day,F,L,A,MYSE
151.909,8443,6/3/2015,5/29/2015,11:06:18,7,28.9,AH0,180,30.3463677,Day,F,L,A,MYSE
151.909,8443,6/3/2015,5/30/2015,11:06:19,7,29.7,AH0,145,31.9095509,Day,F,L,A,MYSE
151.909,8443,6/3/2015,5/29/2015,11:06:20,7,28.9,AH0,184,30.3463677,Day,F,L,A,MYSE
151.909,8443,6/3/2015,5/28/2015,11:06:29,7,30.9,AH0,91,33.9287657,Day,F,L,A,MYSE
151.909,8443,6/3/2015,5/28/2015,11:06:31,7,31,AH0,90,34.0803,Day,F,L,A,MYSE
151.909,8443,6/3/2015,5/28/2015,11:06:33,7,31,AH0,89,34.0803,Day,F,L,A,MYSE
151.909,8443,6/3/2015,5/29/2015,11:06:33,7,29,AH0,181,30.5517,Day,F,L,A,MYSE
151.909,8443,6/3/2015,5/30/2015,11:06:33,7,29.7,AH0,147,31.9095509,Day,F,L,A,MYSE
151.909,8443,6/3/2015,5/28/2015,11:06:35,7,31,AH0,87,34.0803,Day,F,L,A,MYSE
151.909,8443,6/3/2015,5/29/2015,11:06:35,7,28.9,AH0,180,30.3463677,Day,F,L,A,MYSE
151.909,8443,6/3/2015,5/30/2015,11:06:35,7,29.7,AH0,149,31.9095509,Day,F,L,A,MYSE
151.909,8443,6/3/2015,5/29/2015,11:06:37,7,28.9,AH0,182,30.3463677,Day,F,L,A,MYSE
151.909,8443,6/3/2015,5/30/2015,11:06:37,7,29.7,AH0,148,31.9095509,Day,F,L,A,MYSE
151.909,8443,6/3/2015,5/29/2015,11:06:39,7,28.9,AH0,185,30.3463677,Day,F,L,A,MYSE
151.909,8443,6/3/2015,5/30/2015,11:06:39,7,29.7,AH0,153,31.9095509,Day,F,L,A,MYSE
151.909,8443,6/3/2015,5/28/2015,11:06:48,7,31.3,AH0,95,34.5200901,Day,F,L,A,MYSE
151.909,8443,6/3/2015,5/28/2015,11:06:50,7,31.4,AH0,86,34.6618152,Day,F,L,A,MYSE
151.909,8443,6/3/2015,5/28/2015,11:06:52,7,31.4,AH0,93,34.6618152,Day,F,L,A,MYSE
151.909,8443,6/3/2015,5/29/2015,11:06:53,7,28.9,AH0,180,30.3463677,Day,F,L,A,MYSE
151.909,8443,6/3/2015,5/30/2015,11:06:53,7,29.6,AH0,152,31.7239488,Day,F,L,A,MYSE
151.909,8443,6/3/2015,5/28/2015,11:06:54,7,31.4,AH0,93,34.6618152,Day,F,L,A,MYSE
151.909,8443,6/3/2015,5/30/2015,11:06:55,7,29.6,AH0,150,31.7239488,Day,F,L,A,MYSE
151.909,8443,6/3/2015,5/29/2015,11:06:56,7,28.9,AH0,180,30.3463677,Day,F,L,A,MYSE
151.909,8443,6/3/2015,5/30/2015,11:06:57,7,29.6,AH0,149,31.7239488,Day,F,L,A,MYSE
151.909,8443,6/3/2015,5/29/2015,11:06:58,7,28.9,AH0,177,30.3463677,Day,F,L,A,MYSE
151.909,8443,6/3/2015,5/30/2015,11:06:59,7,29.6,AH0,153,31.7239488,Day,F,L,A,MYSE
151.909,8443,6/3/2015,5/29/2015,11:07:00,7,28.9,AH0,184,30.3463677,Day,F,L,A,MYSE
151.909,8443,6/3/2015,5/28/2015,11:07:07,7,31.3,AH0,96,34.5200901,Day,F,L,A,MYSE
151.909,8443,6/3/2015,5/28/2015,11:07:09,7,31.4,AH0,89,34.6618152,Day,F,L,A,MYSE
151.909,8443,6/3/2015,5/28/2015,11:07:11,7,31.5,AH0,92,34.8011375,Day,F,L,A,MYSE
151.909,8443,6/3/2015,5/28/2015,11:07:13,7,31.6,AH0,96,34.9380768,Day,F,L,A,MYSE
151.909,8443,6/3/2015,5/30/2015,11:07:13,7,29.7,AH0,152,31.9095509,Day,F,L,A,MYSE
151.909,8443,6/3/2015,5/29/2015,11:07:14,7,28.9,AH0,185,30.3463677,Day,F,L,A,MYSE
151.909,8443,6/3/2015,5/28/2015,11:07:15,7,31.7,AH0,96,35.0726529,Day,F,L,A,MYSE
151.909,8443,6/3/2015,5/30/2015,11:07:15,7,29.7,AH0,154,31.9095509,Day,F,L,A,MYSE
151.909,8443,6/3/2015,5/29/2015,11:07:16,7,28.9,AH0,183,30.3463677,Day,F,L,A,MYSE
151.909,8443,6/3/2015,5/30/2015,11:07:17,7,29.7,AH0,151,31.9095509,Day,F,L,A,MYSE
151.909,8443,6/3/2015,5/29/2015,11:07:18,7,28.9,AH0,181,30.3463677,Day,F,L,A,MYSE
151.909,8443,6/3/2015,5/30/2015,11:07:19,7,29.7,AH0,149,31.9095509,Day,F,L,A,MYSE
151.909,8443,6/3/2015,5/29/2015,11:07:20,7,28.9,AH0,187,30.3463677,Day,F,L,A,MYSE
151.909,8443,6/3/2015,5/28/2015,11:07:28,7,31.8,AH0,91,35.2048856,Day,F,L,A,MYSE
151.909,8443,6/3/2015,5/28/2015,11:07:30,7,31.8,AH0,92,35.2048856,Day,F,L,A,MYSE
151.909,8443,6/3/2015,5/28/2015,11:07:32,7,31.8,AH0,93,35.2048856,Day,F,L,A,MYSE
151.909,8443,6/3/2015,5/29/2015,11:07:33,7,28.9,AH0,184,30.3463677,Day,F,L,A,MYSE
151.909,8443,6/3/2015,5/28/2015,11:07:34,7,31.8,AH0,92,35.2048856,Day,F,L,A,MYSE
151.909,8443,6/3/2015,5/30/2015,11:07:34,7,29.8,AH0,141,32.0924136,Day,F,L,A,MYSE
151.909,8443,6/3/2015,5/29/2015,11:07:35,7,28.9,AH0,181,30.3463677,Day,F,L,A,MYSE
151.909,8443,6/3/2015,5/30/2015,11:07:36,7,29.8,AH0,147,32.0924136,Day,F,L,A,MYSE
151.909,8443,6/3/2015,5/29/2015,11:07:37,7,28.9,AH0,183,30.3463677,Day,F,L,A,MYSE
151.909,8443,6/3/2015,5/30/2015,11:07:38,7,29.8,AH0,145,32.0924136,Day,F,L,A,MYSE
151.909,8443,6/3/2015,5/29/2015,11:07:39,7,28.9,AH0,184,30.3463677,Day,F,L,A,MYSE
151.909,8443,6/3/2015,5/30/2015,11:07:40,7,29.8,AH0,143,32.0924136,Day,F,L,A,MYSE
151.909,8443,6/3/2015,5/28/2015,11:07:49,7,31.8,AH0,93,35.2048856,Day,F,L,A,MYSE
151.909,8443,6/3/2015,5/28/2015,11:07:51,7,31.8,AH0,84,35.2048856,Day,F,L,A,MYSE
151.909,8443,6/3/2015,5/28/2015,11:07:53,7,31.9,AH0,93,35.3347947,Day,F,L,A,MYSE
151.909,8443,6/3/2015,5/29/2015,11:07:54,7,28.9,AH0,184,30.3463677,Day,F,L,A,MYSE
151.909,8443,6/3/2015,5/30/2015,11:07:54,7,29.8,AH0,147,32.0924136,Day,F,L,A,MYSE
151.909,8443,6/3/2015,5/28/2015,11:07:55,7,32,AH0,95,35.4624,Day,F,L,A,MYSE
151.909,8443,6/3/2015,5/29/2015,11:07:56,7,28.9,AH0,185,30.3463677,Day,F,L,A,MYSE
151.909,8443,6/3/2015,5/30/2015,11:07:56,7,29.8,AH0,148,32.0924136,Day,F,L,A,MYSE
151.909,8443,6/3/2015,5/29/2015,11:07:58,7,28.9,AH0,184,30.3463677,Day,F,L,A,MYSE
151.909,8443,6/3/2015,5/30/2015,11:07:58,7,29.8,AH0,145,32.0924136,Day,F,L,A,MYSE
151.909,8443,6/3/2015,5/29/2015,11:08:00,7,28.9,AH0,184,30.3463677,Day,F,L,A,MYSE
151.909,8443,6/3/2015,5/30/2015,11:08:00,7,29.8,AH0,142,32.0924136,Day,F,L,A,MYSE
151.909,8443,6/3/2015,5/28/2015,11:08:08,7,31.9,AH0,89,35.3347947,Day,F,L,A,MYSE
151.909,8443,6/3/2015,5/28/2015,11:08:10,7,31.9,AH0,89,35.3347947,Day,F,L,A,MYSE
151.909,8443,6/3/2015,5/28/2015,11:08:11,7,31.9,AH0,86,35.3347947,Day,F,L,A,MYSE
151.909,8443,6/3/2015,5/28/2015,11:08:13,7,31.9,AH0,83,35.3347947,Day,F,L,A,MYSE
151.909,8443,6/3/2015,5/29/2015,11:08:14,7,28.9,AH0,181,30.3463677,Day,F,L,A,MYSE
151.909,8443,6/3/2015,5/30/2015,11:08:14,7,29.8,AH0,146,32.0924136,Day,F,L,A,MYSE
151.909,8443,6/3/2015,5/29/2015,11:08:16,7,28.9,AH0,180,30.3463677,Day,F,L,A,MYSE
151.909,8443,6/3/2015,5/30/2015,11:08:16,7,29.8,AH0,149,32.0924136,Day,F,L,A,MYSE
151.909,8443,6/3/2015,5/30/2015,11:08:18,7,29.9,AH0,150,32.2725567,Day,F,L,A,MYSE
151.909,8443,6/3/2015,5/29/2015,11:08:19,7,28.9,AH0,184,30.3463677,Day,F,L,A,MYSE
151.909,8443,6/3/2015,5/30/2015,11:08:20,7,29.9,AH0,147,32.2725567,Day,F,L,A,MYSE
151.909,8443,6/3/2015,5/28/2015,11:08:28,7,31.9,AH0,86,35.3347947,Day,F,L,A,MYSE
151.909,8443,6/3/2015,5/28/2015,11:08:30,7,31.9,AH0,93,35.3347947,Day,F,L,A,MYSE
151.909,8443,6/3/2015,5/28/2015,11:08:32,7,31.9,AH0,95,35.3347947,Day,F,L,A,MYSE
151.909,8443,6/3/2015,5/29/2015,11:08:33,7,28.9,AH0,183,30.3463677,Day,F,L,A,MYSE
151.909,8443,6/3/2015,5/28/2015,11:08:34,7,31.9,AH0,96,35.3347947,Day,F,L,A,MYSE
151.909,8443,6/3/2015,5/30/2015,11:08:34,7,29.9,AH0,147,32.2725567,Day,F,L,A,MYSE
151.909,8443,6/3/2015,5/29/2015,11:08:35,7,28.9,AH0,183,30.3463677,Day,F,L,A,MYSE
151.909,8443,6/3/2015,5/30/2015,11:08:36,7,29.9,AH0,148,32.2725567,Day,F,L,A,MYSE
151.909,8443,6/3/2015,5/29/2015,11:08:37,7,28.9,AH0,183,30.3463677,Day,F,L,A,MYSE
151.909,8443,6/3/2015,5/30/2015,11:08:38,7,29.9,AH0,146,32.2725567,Day,F,L,A,MYSE
151.909,8443,6/3/2015,5/29/2015,11:08:39,7,28.9,AH0,181,30.3463677,Day,F,L,A,MYSE
151.909,8443,6/3/2015,5/30/2015,11:08:40,7,29.9,AH0,148,32.2725567,Day,F,L,A,MYSE
151.909,8443,6/3/2015,5/28/2015,11:08:47,7,31.9,AH0,98,35.3347947,Day,F,L,A,MYSE
151.909,8443,6/3/2015,5/28/2015,11:08:49,7,31.9,AH0,91,35.3347947,Day,F,L,A,MYSE
151.909,8443,6/3/2015,5/28/2015,11:08:51,7,31.9,AH0,96,35.3347947,Day,F,L,A,MYSE
151.909,8443,6/3/2015,5/28/2015,11:08:53,7,31.9,AH0,92,35.3347947,Day,F,L,A,MYSE
151.909,8443,6/3/2015,5/29/2015,11:08:54,7,28.9,AH0,180,30.3463677,Day,F,L,A,MYSE
151.909,8443,6/3/2015,5/30/2015,11:08:54,7,29.9,AH0,140,32.2725567,Day,F,L,A,MYSE
151.909,8443,6/3/2015,5/28/2015,11:08:55,7,31.9,AH0,95,35.3347947,Day,F,L,A,MYSE
151.909,8443,6/3/2015,5/29/2015,11:08:56,7,28.9,AH0,182,30.3463677,Day,F,L,A,MYSE
151.909,8443,6/3/2015,5/30/2015,11:08:56,7,29.9,AH0,141,32.2725567,Day,F,L,A,MYSE
151.909,8443,6/3/2015,5/29/2015,11:08:58,7,28.9,AH0,180,30.3463677,Day,F,L,A,MYSE
151.909,8443,6/3/2015,5/30/2015,11:08:58,7,29.9,AH0,145,32.2725567,Day,F,L,A,MYSE
151.909,8443,6/3/2015,5/29/2015,11:09:00,7,28.9,AH0,181,30.3463677,Day,F,L,A,MYSE
151.909,8443,6/3/2015,5/28/2015,11:09:08,7,31.5,AH0,131,34.8011375,Day,F,L,A,MYSE
151.909,8443,6/3/2015,5/28/2015,11:09:10,7,31.5,AH0,127,34.8011375,Day,F,L,A,MYSE
151.909,8443,6/3/2015,5/28/2015,11:09:12,7,31.5,AH0,128,34.8011375,Day,F,L,A,MYSE
151.909,8443,6/3/2015,5/30/2015,11:09:12,7,30,AH0,136,32.45,Day,F,L,A,MYSE
151.909,8443,6/3/2015,5/28/2015,11:09:14,7,31.4,AH0,118,34.6618152,Day,F,L,A,MYSE
151.909,8443,6/3/2015,5/30/2015,11:09:14,7,30,AH0,137,32.45,Day,F,L,A,MYSE
151.909,8443,6/3/2015,5/29/2015,11:09:15,7,28.9,AH0,188,30.3463677,Day,F,L,A,MYSE
151.909,8443,6/3/2015,5/30/2015,11:09:16,7,30,AH0,132,32.45,Day,F,L,A,MYSE
151.909,8443,6/3/2015,5/29/2015,11:09:17,7,28.9,AH0,191,30.3463677,Day,F,L,A,MYSE
151.909,8443,6/3/2015,5/30/2015,11:09:18,7,30,AH0,134,32.45,Day,F,L,A,MYSE
151.909,8443,6/3/2015,5/29/2015,11:09:19,7,28.9,AH0,188,30.3463677,Day,F,L,A,MYSE
151.909,8443,6/3/2015,5/28/2015,11:09:29,7,31.9,AH0,64,35.3347947,Day,F,L,A,MYSE
151.909,8443,6/3/2015,5/28/2015,11:09:31,7,31.6,AH0,90,34.9380768,Day,F,L,A,MYSE
151.909,8443,6/3/2015,5/30/2015,11:09:32,7,30,AH0,136,32.45,Day,F,L,A,MYSE
151.909,8443,6/3/2015,5/28/2015,11:09:33,7,31.5,AH0,84,34.8011375,Day,F,L,A,MYSE
151.909,8443,6/3/2015,5/29/2015,11:09:33,7,28.8,AH0,202,30.1381376,Day,F,L,A,MYSE
151.909,8443,6/3/2015,5/30/2015,11:09:34,7,30,AH0,139,32.45,Day,F,L,A,MYSE
151.909,8443,6/3/2015,5/28/2015,11:09:35,7,31.5,AH0,67,34.8011375,Day,F,L,A,MYSE
151.909,8443,6/3/2015,5/29/2015,11:09:35,7,28.8,AH0,203,30.1381376,Day,F,L,A,MYSE
151.909,8443,6/3/2015,5/30/2015,11:09:36,7,30,AH0,134,32.45,Day,F,L,A,MYSE
151.909,8443,6/3/2015,5/29/2015,11:09:37,7,28.8,AH0,204,30.1381376,Day,F,L,A,MYSE
151.909,8443,6/3/2015,5/30/2015,11:09:38,7,30,AH0,147,32.45,Day,F,L,A,MYSE
151.909,8443,6/3/2015,5/29/2015,11:09:40,7,28.8,AH0,201,30.1381376,Day,F,L,A,MYSE
151.909,8443,6/3/2015,5/28/2015,11:09:48,7,31.2,AH0,62,34.3759424,Day,F,L,A,MYSE
151.909,8443,6/3/2015,5/28/2015,11:09:50,7,31.2,AH0,62,34.3759424,Day,F,L,A,MYSE
151.909,8443,6/3/2015,5/28/2015,11:09:52,7,31.2,AH0,63,34.3759424,Day,F,L,A,MYSE
151.909,8443,6/3/2015,5/30/2015,11:09:52,7,30.1,AH0,158,32.6247633,Day,F,L,A,MYSE
151.909,8443,6/3/2015,5/28/2015,11:09:54,7,30.9,AH0,59,33.9287657,Day,F,L,A,MYSE
151.909,8443,6/3/2015,5/29/2015,11:09:54,7,28.8,AH0,204,30.1381376,Day,F,L,A,MYSE
151.909,8443,6/3/2015,5/30/2015,11:09:54,7,30.1,AH0,156,32.6247633,Day,F,L,A,MYSE
151.909,8443,6/3/2015,5/29/2015,11:09:56,7,28.8,AH0,202,30.1381376,Day,F,L,A,MYSE
151.909,8443,6/3/2015,5/30/2015,11:09:56,7,30.1,AH0,154,32.6247633,Day,F,L,A,MYSE
151.909,8443,6/3/2015,5/29/2015,11:09:58,7,28.9,AH0,200,30.3463677,Day,F,L,A,MYSE
151.909,8443,6/3/2015,5/30/2015,11:09:58,7,30.1,AH0,152,32.6247633,Day,F,L,A,MYSE
151.909,8443,6/3/2015,5/29/2015,11:10:00,7,28.9,AH0,199,30.3463677,Day,F,L,A,MYSE
151.909,8443,6/3/2015,5/28/2015,11:10:08,7,30.5,AH0,96,33.2974125,Day,F,L,A,MYSE
151.909,8443,6/3/2015,5/28/2015,11:10:10,7,30.5,AH0,75,33.2974125,Day,F,L,A,MYSE
151.909,8443,6/3/2015,5/28/2015,11:10:12,7,30.5,AH0,66,33.2974125,Day,F,L,A,MYSE
151.909,8443,6/3/2015,5/29/2015,11:10:13,7,28.8,AH0,200,30.1381376,Day,F,L,A,MYSE
151.909,8443,6/3/2015,5/30/2015,11:10:14,7,30.2,AH0,154,32.7968664,Day,F,L,A,MYSE
151.909,8443,6/3/2015,5/29/2015,11:10:15,7,28.8,AH0,202,30.1381376,Day,F,L,A,MYSE
151.909,8443,6/3/2015,5/30/2015,11:10:16,7,30.2,AH0,155,32.7968664,Day,F,L,A,MYSE
151.909,8443,6/3/2015,5/29/2015,11:10:17,7,28.8,AH0,203,30.1381376,Day,F,L,A,MYSE
151.909,8443,6/3/2015,5/30/2015,11:10:18,7,30.2,AH0,152,32.7968664,Day,F,L,A,MYSE
151.909,8443,6/3/2015,5/29/2015,11:10:19,7,28.8,AH0,199,30.1381376,Day,F,L,A,MYSE
151.909,8443,6/3/2015,5/30/2015,11:10:20,7,30.2,AH0,151,32.7968664,Day,F,L,A,MYSE
151.909,8443,6/3/2015,5/30/2015,11:10:33,7,30.2,AH0,152,32.7968664,Day,F,L,A,MYSE
151.909,8443,6/3/2015,5/29/2015,11:10:34,7,28.8,AH0,201,30.1381376,Day,F,L,A,MYSE
151.909,8443,6/3/2015,5/30/2015,11:10:35,7,30.2,AH0,152,32.7968664,Day,F,L,A,MYSE
151.909,8443,6/3/2015,5/29/2015,11:10:36,7,28.8,AH0,201,30.1381376,Day,F,L,A,MYSE
151.909,8443,6/3/2015,5/30/2015,11:10:37,7,30.2,AH0,152,32.7968664,Day,F,L,A,MYSE
151.909,8443,6/3/2015,5/29/2015,11:10:38,7,28.8,AH0,206,30.1381376,Day,F,L,A,MYSE
151.909,8443,6/3/2015,5/30/2015,11:10:39,7,30.2,AH0,149,32.7968664,Day,F,L,A,MYSE
151.909,8443,6/3/2015,5/29/2015,11:10:40,7,28.8,AH0,203,30.1381376,Day,F,L,A,MYSE
151.909,8443,6/3/2015,5/30/2015,11:10:53,7,30.2,AH0,157,32.7968664,Day,F,L,A,MYSE
151.909,8443,6/3/2015,5/29/2015,11:10:54,7,28.8,AH0,204,30.1381376,Day,F,L,A,MYSE
151.909,8443,6/3/2015,5/30/2015,11:10:55,7,30.2,AH0,154,32.7968664,Day,F,L,A,MYSE
151.909,8443,6/3/2015,5/29/2015,11:10:56,7,28.8,AH0,204,30.1381376,Day,F,L,A,MYSE
151.909,8443,6/3/2015,5/30/2015,11:10:57,7,30.2,AH0,150,32.7968664,Day,F,L,A,MYSE
151.909,8443,6/3/2015,5/29/2015,11:10:59,7,28.8,AH0,203,30.1381376,Day,F,L,A,MYSE
151.909,8443,6/3/2015,5/30/2015,11:10:59,7,30.3,AH0,156,32.9663291,Day,F,L,A,MYSE
151.909,8443,6/3/2015,5/28/2015,11:11:07,7,30.6,AH0,91,33.4590728,Day,F,L,A,MYSE
151.909,8443,6/3/2015,5/28/2015,11:11:09,7,30.6,AH0,85,33.4590728,Day,F,L,A,MYSE
151.909,8443,6/3/2015,5/29/2015,11:11:13,7,28.8,AH0,204,30.1381376,Day,F,L,A,MYSE
151.909,8443,6/3/2015,5/30/2015,11:11:13,7,30.3,AH0,153,32.9663291,Day,F,L,A,MYSE
151.909,8443,6/3/2015,5/30/2015,11:11:14,7,30.3,AH0,155,32.9663291,Day,F,L,A,MYSE
151.909,8443,6/3/2015,5/29/2015,11:11:15,7,28.8,AH0,204,30.1381376,Day,F,L,A,MYSE
151.909,8443,6/3/2015,5/30/2015,11:11:16,7,30.3,AH0,149,32.9663291,Day,F,L,A,MYSE
151.909,8443,6/3/2015,5/29/2015,11:11:17,7,28.8,AH0,204,30.1381376,Day,F,L,A,MYSE
151.909,8443,6/3/2015,5/30/2015,11:11:18,7,30.3,AH0,156,32.9663291,Day,F,L,A,MYSE
151.909,8443,6/3/2015,5/29/2015,11:11:19,7,28.8,AH0,205,30.1381376,Day,F,L,A,MYSE
151.909,8443,6/3/2015,5/28/2015,11:11:27,7,30.8,AH0,70,33.7747296,Day,F,L,A,MYSE
151.909,8443,6/3/2015,5/28/2015,11:11:29,7,30.6,AH0,67,33.4590728,Day,F,L,A,MYSE
151.909,8443,6/3/2015,5/28/2015,11:11:31,7,30.7,AH0,70,33.6181719,Day,F,L,A,MYSE
151.909,8443,6/3/2015,5/30/2015,11:11:32,7,30.3,AH0,150,32.9663291,Day,F,L,A,MYSE
151.909,8443,6/3/2015,5/28/2015,11:11:33,7,30.7,AH0,72,33.6181719,Day,F,L,A,MYSE
151.909,8443,6/3/2015,5/29/2015,11:11:34,7,28.8,AH0,203,30.1381376,Day,F,L,A,MYSE
151.909,8443,6/3/2015,5/30/2015,11:11:34,7,30.3,AH0,154,32.9663291,Day,F,L,A,MYSE
151.909,8443,6/3/2015,5/28/2015,11:11:35,7,30.7,AH0,57,33.6181719,Day,F,L,A,MYSE
151.909,8443,6/3/2015,5/29/2015,11:11:36,7,28.8,AH0,202,30.1381376,Day,F,L,A,MYSE
151.909,8443,6/3/2015,5/30/2015,11:11:36,7,30.3,AH0,157,32.9663291,Day,F,L,A,MYSE
151.909,8443,6/3/2015,5/29/2015,11:11:38,7,28.8,AH0,203,30.1381376,Day,F,L,A,MYSE
151.909,8443,6/3/2015,5/30/2015,11:11:38,7,30.3,AH0,153,32.9663291,Day,F,L,A,MYSE
151.909,8443,6/3/2015,5/29/2015,11:11:40,7,28.8,AH0,203,30.1381376,Day,F,L,A,MYSE
151.909,8443,6/3/2015,5/28/2015,11:11:49,7,30.7,AH0,77,33.6181719,Day,F,L,A,MYSE
151.909,8443,6/3/2015,5/28/2015,11:11:51,7,30.7,AH0,76,33.6181719,Day,F,L,A,MYSE
151.909,8443,6/3/2015,5/30/2015,11:11:52,7,30.4,AH0,154,33.1331712,Day,F,L,A,MYSE
151.909,8443,6/3/2015,5/28/2015,11:11:53,7,30.7,AH0,79,33.6181719,Day,F,L,A,MYSE
151.909,8443,6/3/2015,5/29/2015,11:11:53,7,28.8,AH0,205,30.1381376,Day,F,L,A,MYSE
151.909,8443,6/3/2015,5/30/2015,11:11:54,7,30.4,AH0,156,33.1331712,Day,F,L,A,MYSE
151.909,8443,6/3/2015,5/28/2015,11:11:55,7,30.7,AH0,73,33.6181719,Day,F,L,A,MYSE
151.909,8443,6/3/2015,5/29/2015,11:11:55,7,28.8,AH0,203,30.1381376,Day,F,L,A,MYSE
151.909,8443,6/3/2015,5/30/2015,11:11:56,7,30.4,AH0,155,33.1331712,Day,F,L,A,MYSE
151.909,8443,6/3/2015,5/29/2015,11:11:57,7,28.9,AH0,203,30.3463677,Day,F,L,A,MYSE
151.909,8443,6/3/2015,5/30/2015,11:11:58,7,30.4,AH0,161,33.1331712,Day,F,L,A,MYSE
151.909,8443,6/3/2015,5/29/2015,11:11:59,7,28.9,AH0,203,30.3463677,Day,F,L,A,MYSE
151.909,8443,6/3/2015,5/28/2015,11:12:08,7,30.6,AH0,78,33.4590728,Day,F,L,A,MYSE
151.909,8443,6/3/2015,5/28/2015,11:12:10,7,30.6,AH0,79,33.4590728,Day,F,L,A,MYSE
151.909,8443,6/3/2015,5/28/2015,11:12:12,7,30.6,AH0,78,33.4590728,Day,F,L,A,MYSE
151.909,8443,6/3/2015,5/30/2015,11:12:12,7,30.4,AH0,154,33.1331712,Day,F,L,A,MYSE
151.909,8443,6/3/2015,5/29/2015,11:12:13,7,28.9,AH0,202,30.3463677,Day,F,L,A,MYSE
151.909,8443,6/3/2015,5/28/2015,11:12:14,7,30.7,AH0,76,33.6181719,Day,F,L,A,MYSE
151.909,8443,6/3/2015,5/30/2015,11:12:14,7,30.4,AH0,153,33.1331712,Day,F,L,A,MYSE
151.909,8443,6/3/2015,5/29/2015,11:12:16,7,28.9,AH0,203,30.3463677,Day,F,L,A,MYSE
151.909,8443,6/3/2015,5/30/2015,11:12:16,7,30.4,AH0,156,33.1331712,Day,F,L,A,MYSE
151.909,8443,6/3/2015,5/29/2015,11:12:18,7,28.9,AH0,201,30.3463677,Day,F,L,A,MYSE
151.909,8443,6/3/2015,5/30/2015,11:12:18,7,30.4,AH0,152,33.1331712,Day,F,L,A,MYSE
151.909,8443,6/3/2015,5/29/2015,11:12:20,7,28.9,AH0,204,30.3463677,Day,F,L,A,MYSE
151.909,8443,6/3/2015,5/28/2015,11:12:28,7,30.7,AH0,85,33.6181719,Day,F,L,A,MYSE
151.909,8443,6/3/2015,5/28/2015,11:12:30,7,30.7,AH0,84,33.6181719,Day,F,L,A,MYSE
151.909,8443,6/3/2015,5/28/2015,11:12:32,7,30.7,AH0,78,33.6181719,Day,F,L,A,MYSE
151.909,8443,6/3/2015,5/30/2015,11:12:32,7,30.3,AH0,158,32.9663291,Day,F,L,A,MYSE
151.909,8443,6/3/2015,5/28/2015,11:12:34,7,30.7,AH0,80,33.6181719,Day,F,L,A,MYSE
151.909,8443,6/3/2015,5/29/2015,11:12:34,7,28.8,AH0,204,30.1381376,Day,F,L,A,MYSE
151.909,8443,6/3/2015,5/30/2015,11:12:34,7,30.3,AH0,158,32.9663291,Day,F,L,A,MYSE
151.909,8443,6/3/2015,5/29/2015,11:12:36,7,28.8,AH0,201,30.1381376,Day,F,L,A,MYSE
151.909,8443,6/3/2015,5/30/2015,11:12:36,7,30.3,AH0,151,32.9663291,Day,F,L,A,MYSE
151.909,8443,6/3/2015,5/29/2015,11:12:38,7,28.8,AH0,204,30.1381376,Day,F,L,A,MYSE
151.909,8443,6/3/2015,5/30/2015,11:12:38,7,30.3,AH0,157,32.9663291,Day,F,L,A,MYSE
151.909,8443,6/3/2015,5/28/2015,11:12:47,7,30.8,AH0,83,33.7747296,Day,F,L,A,MYSE
151.909,8443,6/3/2015,5/28/2015,11:12:49,7,30.8,AH0,83,33.7747296,Day,F,L,A,MYSE
151.909,8443,6/3/2015,5/28/2015,11:12:51,7,30.8,AH0,81,33.7747296,Day,F,L,A,MYSE
151.909,8443,6/3/2015,5/30/2015,11:12:51,7,30.2,AH0,147,32.7968664,Day,F,L,A,MYSE
151.909,8443,6/3/2015,5/28/2015,11:12:53,7,30.8,AH0,82,33.7747296,Day,F,L,A,MYSE
151.909,8443,6/3/2015,5/29/2015,11:12:53,7,28.8,AH0,203,30.1381376,Day,F,L,A,MYSE
151.909,8443,6/3/2015,5/30/2015,11:12:53,7,30.2,AH0,151,32.7968664,Day,F,L,A,MYSE
151.909,8443,6/3/2015,5/28/2015,11:12:55,7,30.8,AH0,81,33.7747296,Day,F,L,A,MYSE
151.909,8443,6/3/2015,5/29/2015,11:12:55,7,28.8,AH0,202,30.1381376,Day,F,L,A,MYSE
151.909,8443,6/3/2015,5/30/2015,11:12:55,7,30.2,AH0,150,32.7968664,Day,F,L,A,MYSE
151.909,8443,6/3/2015,5/29/2015,11:12:57,7,28.8,AH0,200,30.1381376,Day,F,L,A,MYSE
151.909,8443,6/3/2015,5/30/2015,11:12:57,7,30.2,AH0,155,32.7968664,Day,F,L,A,MYSE
151.909,8443,6/3/2015,5/29/2015,11:12:59,7,28.8,AH0,198,30.1381376,Day,F,L,A,MYSE
151.909,8443,6/3/2015,5/28/2015,11:13:09,7,30.9,AH0,90,33.9287657,Day,F,L,A,MYSE
151.909,8443,6/3/2015,5/28/2015,11:13:11,7,30.9,AH0,78,33.9287657,Day,F,L,A,MYSE
151.909,8443,6/3/2015,5/30/2015,11:13:11,7,30.2,AH0,156,32.7968664,Day,F,L,A,MYSE
151.909,8443,6/3/2015,5/28/2015,11:13:13,7,31,AH0,72,34.0803,Day,F,L,A,MYSE
151.909,8443,6/3/2015,5/30/2015,11:13:13,7,30.2,AH0,153,32.7968664,Day,F,L,A,MYSE
151.909,8443,6/3/2015,5/29/2015,11:13:14,7,28.8,AH0,200,30.1381376,Day,F,L,A,MYSE
151.909,8443,6/3/2015,5/28/2015,11:13:15,7,31.1,AH0,68,34.2293523,Day,F,L,A,MYSE
151.909,8443,6/3/2015,5/30/2015,11:13:15,7,30.2,AH0,150,32.7968664,Day,F,L,A,MYSE
151.909,8443,6/3/2015,5/29/2015,11:13:16,7,28.8,AH0,201,30.1381376,Day,F,L,A,MYSE
151.909,8443,6/3/2015,5/30/2015,11:13:17,7,30.2,AH0,151,32.7968664,Day,F,L,A,MYSE
151.909,8443,6/3/2015,5/29/2015,11:13:18,7,28.8,AH0,205,30.1381376,Day,F,L,A,MYSE
151.909,8443,6/3/2015,5/29/2015,11:13:20,7,28.8,AH0,203,30.1381376,Day,F,L,A,MYSE
151.909,8443,6/3/2015,5/28/2015,11:13:28,7,31.5,AH0,77,34.8011375,Day,F,L,A,MYSE
151.909,8443,6/3/2015,5/28/2015,11:13:30,7,31.5,AH0,84,34.8011375,Day,F,L,A,MYSE
151.909,8443,6/3/2015,5/30/2015,11:13:31,7,30.2,AH0,149,32.7968664,Day,F,L,A,MYSE
151.909,8443,6/3/2015,5/28/2015,11:13:32,7,31.6,AH0,82,34.9380768,Day,F,L,A,MYSE
151.909,8443,6/3/2015,5/30/2015,11:13:33,7,30.2,AH0,152,32.7968664,Day,F,L,A,MYSE
151.909,8443,6/3/2015,5/28/2015,11:13:34,7,31.6,AH0,73,34.9380768,Day,F,L,A,MYSE
151.909,8443,6/3/2015,5/29/2015,11:13:34,7,28.8,AH0,200,30.1381376,Day,F,L,A,MYSE
151.909,8443,6/3/2015,5/30/2015,11:13:35,7,30.2,AH0,149,32.7968664,Day,F,L,A,MYSE
151.909,8443,6/3/2015,5/29/2015,11:13:36,7,28.8,AH0,202,30.1381376,Day,F,L,A,MYSE
151.909,8443,6/3/2015,5/30/2015,11:13:37,7,30.3,AH0,147,32.9663291,Day,F,L,A,MYSE
151.909,8443,6/3/2015,5/29/2015,11:13:38,7,28.8,AH0,204,30.1381376,Day,F,L,A,MYSE
151.909,8443,6/3/2015,5/29/2015,11:13:40,7,28.8,AH0,202,30.1381376,Day,F,L,A,MYSE
151.909,8443,6/3/2015,5/28/2015,11:13:49,7,31.8,AH0,78,35.2048856,Day,F,L,A,MYSE
151.909,8443,6/3/2015,5/28/2015,11:13:51,7,31.8,AH0,93,35.2048856,Day,F,L,A,MYSE
151.909,8443,6/3/2015,5/30/2015,11:13:51,7,30.3,AH0,150,32.9663291,Day,F,L,A,MYSE
151.909,8443,6/3/2015,5/28/2015,11:13:53,7,31.8,AH0,92,35.2048856,Day,F,L,A,MYSE
151.909,8443,6/3/2015,5/30/2015,11:13:53,7,30.3,AH0,149,32.9663291,Day,F,L,A,MYSE
151.909,8443,6/3/2015,5/28/2015,11:13:54,7,31.8,AH0,93,35.2048856,Day,F,L,A,MYSE
151.909,8443,6/3/2015,5/29/2015,11:13:54,7,28.8,AH0,201,30.1381376,Day,F,L,A,MYSE
151.909,8443,6/3/2015,5/30/2015,11:13:55,7,30.3,AH0,145,32.9663291,Day,F,L,A,MYSE
151.909,8443,6/3/2015,5/29/2015,11:13:57,7,28.8,AH0,204,30.1381376,Day,F,L,A,MYSE
151.909,8443,6/3/2015,5/30/2015,11:13:57,7,30.3,AH0,149,32.9663291,Day,F,L,A,MYSE
151.909,8443,6/3/2015,5/29/2015,11:13:59,7,28.8,AH0,204,30.1381376,Day,F,L,A,MYSE
151.909,8443,6/3/2015,5/29/2015,11:14:01,7,28.8,AH0,204,30.1381376,Day,F,L,A,MYSE
151.909,8443,6/3/2015,5/28/2015,11:14:08,7,31.8,AH0,78,35.2048856,Day,F,L,A,MYSE
151.909,8443,6/3/2015,5/28/2015,11:14:10,7,31.8,AH0,79,35.2048856,Day,F,L,A,MYSE
151.909,8443,6/3/2015,5/28/2015,11:14:11,7,31.8,AH0,73,35.2048856,Day,F,L,A,MYSE
151.909,8443,6/3/2015,5/28/2015,11:14:13,7,31.8,AH0,72,35.2048856,Day,F,L,A,MYSE
151.909,8443,6/3/2015,5/30/2015,11:14:13,7,30.3,AH0,152,32.9663291,Day,F,L,A,MYSE
151.909,8443,6/3/2015,5/29/2015,11:14:15,7,28.8,AH0,204,30.1381376,Day,F,L,A,MYSE
151.909,8443,6/3/2015,5/30/2015,11:14:15,7,30.3,AH0,150,32.9663291,Day,F,L,A,MYSE
151.909,8443,6/3/2015,5/29/2015,11:14:17,7,28.8,AH0,205,30.1381376,Day,F,L,A,MYSE
151.909,8443,6/3/2015,5/30/2015,11:14:17,7,30.3,AH0,150,32.9663291,Day,F,L,A,MYSE
151.909,8443,6/3/2015,5/29/2015,11:14:19,7,28.8,AH0,207,30.1381376,Day,F,L,A,MYSE
151.909,8443,6/3/2015,5/30/2015,11:14:19,7,30.3,AH0,147,32.9663291,Day,F,L,A,MYSE
151.909,8443,6/3/2015,5/28/2015,11:14:28,7,31.6,AH0,66,34.9380768,Day,F,L,A,MYSE
151.909,8443,6/3/2015,5/28/2015,11:14:30,7,31.7,AH0,71,35.0726529,Day,F,L,A,MYSE
151.909,8443,6/3/2015,5/28/2015,11:14:32,7,31.6,AH0,74,34.9380768,Day,F,L,A,MYSE
151.909,8443,6/3/2015,5/30/2015,11:14:33,7,30.3,AH0,154,32.9663291,Day,F,L,A,MYSE
151.909,8443,6/3/2015,5/28/2015,11:14:34,7,31.6,AH0,70,34.9380768,Day,F,L,A,MYSE
151.909,8443,6/3/2015,5/29/2015,11:14:34,7,28.8,AH0,207,30.1381376,Day,F,L,A,MYSE
151.909,8443,6/3/2015,5/30/2015,11:14:35,7,30.3,AH0,152,32.9663291,Day,F,L,A,MYSE
151.909,8443,6/3/2015,5/29/2015,11:14:36,7,28.8,AH0,204,30.1381376,Day,F,L,A,MYSE
151.909,8443,6/3/2015,5/30/2015,11:14:37,7,30.3,AH0,156,32.9663291,Day,F,L,A,MYSE
151.909,8443,6/3/2015,5/29/2015,11:14:38,7,28.8,AH0,204,30.1381376,Day,F,L,A,MYSE
151.909,8443,6/3/2015,5/30/2015,11:14:39,7,30.3,AH0,153,32.9663291,Day,F,L,A,MYSE
151.909,8443,6/3/2015,5/29/2015,11:14:40,7,28.8,AH0,197,30.1381376,Day,F,L,A,MYSE
151.909,8443,6/3/2015,5/28/2015,11:14:47,7,31.6,AH0,68,34.9380768,Day,F,L,A,MYSE
151.909,8443,6/3/2015,5/28/2015,11:14:49,7,31.6,AH0,65,34.9380768,Day,F,L,A,MYSE
151.909,8443,6/3/2015,5/28/2015,11:14:51,7,31.6,AH0,70,34.9380768,Day,F,L,A,MYSE
151.909,8443,6/3/2015,5/30/2015,11:14:52,7,30.3,AH0,154,32.9663291,Day,F,L,A,MYSE
151.909,8443,6/3/2015,5/28/2015,11:14:53,7,31.6,AH0,71,34.9380768,Day,F,L,A,MYSE
151.909,8443,6/3/2015,5/30/2015,11:14:54,7,30.3,AH0,152,32.9663291,Day,F,L,A,MYSE
151.909,8443,6/3/2015,5/28/2015,11:14:55,7,31.6,AH0,69,34.9380768,Day,F,L,A,MYSE
151.909,8443,6/3/2015,5/29/2015,11:14:55,7,28.8,AH0,199,30.1381376,Day,F,L,A,MYSE
151.909,8443,6/3/2015,5/30/2015,11:14:56,7,30.3,AH0,150,32.9663291,Day,F,L,A,MYSE
151.909,8443,6/3/2015,5/29/2015,11:14:57,7,28.8,AH0,202,30.1381376,Day,F,L,A,MYSE
151.909,8443,6/3/2015,5/30/2015,11:14:58,7,30.3,AH0,155,32.9663291,Day,F,L,A,MYSE
151.909,8443,6/3/2015,5/29/2015,11:14:59,7,28.8,AH0,200,30.1381376,Day,F,L,A,MYSE
151.909,8443,6/3/2015,5/29/2015,11:15:01,7,28.8,AH0,200,30.1381376,Day,F,L,A,MYSE
151.909,8443,6/3/2015,5/28/2015,11:15:08,7,31.6,AH0,67,34.9380768,Day,F,L,A,MYSE
151.909,8443,6/3/2015,5/28/2015,11:15:10,7,31.6,AH0,80,34.9380768,Day,F,L,A,MYSE
151.909,8443,6/3/2015,5/28/2015,11:15:12,7,31.6,AH0,76,34.9380768,Day,F,L,A,MYSE
151.909,8443,6/3/2015,5/30/2015,11:15:12,7,30.4,AH0,153,33.1331712,Day,F,L,A,MYSE
151.909,8443,6/3/2015,5/28/2015,11:15:14,7,31.6,AH0,75,34.9380768,Day,F,L,A,MYSE
151.909,8443,6/3/2015,5/29/2015,11:15:14,7,28.8,AH0,200,30.1381376,Day,F,L,A,MYSE
151.909,8443,6/3/2015,5/30/2015,11:15:14,7,30.4,AH0,154,33.1331712,Day,F,L,A,MYSE
151.909,8443,6/3/2015,5/29/2015,11:15:16,7,28.8,AH0,198,30.1381376,Day,F,L,A,MYSE
151.909,8443,6/3/2015,5/30/2015,11:15:16,7,30.4,AH0,155,33.1331712,Day,F,L,A,MYSE
151.909,8443,6/3/2015,5/29/2015,11:15:18,7,28.8,AH0,199,30.1381376,Day,F,L,A,MYSE
151.909,8443,6/3/2015,5/30/2015,11:15:18,7,30.3,AH0,154,32.9663291,Day,F,L,A,MYSE
151.909,8443,6/3/2015,5/29/2015,11:15:20,7,28.8,AH0,202,30.1381376,Day,F,L,A,MYSE
151.909,8443,6/3/2015,5/28/2015,11:15:27,7,31.5,AH0,69,34.8011375,Day,F,L,A,MYSE
151.909,8443,6/3/2015,5/28/2015,11:15:29,7,31.6,AH0,67,34.9380768,Day,F,L,A,MYSE
151.909,8443,6/3/2015,5/28/2015,11:15:31,7,31.5,AH0,61,34.8011375,Day,F,L,A,MYSE
151.909,8443,6/3/2015,5/30/2015,11:15:32,7,30.3,AH0,154,32.9663291,Day,F,L,A,MYSE
151.909,8443,6/3/2015,5/28/2015,11:15:33,7,31.7,AH0,65,35.0726529,Day,F,L,A,MYSE
151.909,8443,6/3/2015,5/30/2015,11:15:34,7,30.3,AH0,154,32.9663291,Day,F,L,A,MYSE
151.909,8443,6/3/2015,5/28/2015,11:15:35,7,31.5,AH0,88,34.8011375,Day,F,L,A,MYSE
151.909,8443,6/3/2015,5/29/2015,11:15:35,7,28.7,AH0,206,29.9269899,Day,F,L,A,MYSE
151.909,8443,6/3/2015,5/30/2015,11:15:36,7,30.3,AH0,151,32.9663291,Day,F,L,A,MYSE
151.909,8443,6/3/2015,5/29/2015,11:15:37,7,28.7,AH0,206,29.9269899,Day,F,L,A,MYSE
151.909,8443,6/3/2015,5/30/2015,11:15:38,7,30.4,AH0,150,33.1331712,Day,F,L,A,MYSE
151.909,8443,6/3/2015,5/29/2015,11:15:39,7,28.7,AH0,205,29.9269899,Day,F,L,A,MYSE
151.909,8443,6/3/2015,5/29/2015,11:15:41,7,28.7,AH0,202,29.9269899,Day,F,L,A,MYSE
151.909,8443,6/3/2015,5/28/2015,11:15:48,7,31.5,AH0,70,34.8011375,Day,F,L,A,MYSE
151.909,8443,6/3/2015,5/28/2015,11:15:50,7,31.4,AH0,54,34.6618152,Day,F,L,A,MYSE
151.909,8443,6/3/2015,5/28/2015,11:15:52,7,31.5,AH0,65,34.8011375,Day,F,L,A,MYSE
151.909,8443,6/3/2015,5/30/2015,11:15:52,7,30.4,AH0,151,33.1331712,Day,F,L,A,MYSE
151.909,8443,6/3/2015,5/28/2015,11:15:54,7,31.6,AH0,62,34.9380768,Day,F,L,A,MYSE
151.909,8443,6/3/2015,5/30/2015,11:15:54,7,30.4,AH0,150,33.1331712,Day,F,L,A,MYSE
151.909,8443,6/3/2015,5/29/2015,11:15:55,7,28.7,AH0,201,29.9269899,Day,F,L,A,MYSE
151.909,8443,6/3/2015,5/30/2015,11:15:56,7,30.4,AH0,150,33.1331712,Day,F,L,A,MYSE
151.909,8443,6/3/2015,5/29/2015,11:15:58,7,28.7,AH0,202,29.9269899,Day,F,L,A,MYSE
151.909,8443,6/3/2015,5/30/2015,11:15:58,7,30.4,AH0,150,33.1331712,Day,F,L,A,MYSE
151.909,8443,6/3/2015,5/29/2015,11:16:00,7,28.7,AH0,199,29.9269899,Day,F,L,A,MYSE
151.909,8443,6/3/2015,5/28/2015,11:16:07,7,31.7,AH0,51,35.0726529,Day,F,L,A,MYSE
151.909,8443,6/3/2015,5/28/2015,11:16:09,7,31.7,AH0,56,35.0726529,Day,F,L,A,MYSE
151.909,8443,6/3/2015,5/28/2015,11:16:11,7,31.8,AH0,62,35.2048856,Day,F,L,A,MYSE
151.909,8443,6/3/2015,5/30/2015,11:16:11,7,30.5,AH0,149,33.2974125,Day,F,L,A,MYSE
151.909,8443,6/3/2015,5/28/2015,11:16:13,7,31.8,AH0,67,35.2048856,Day,F,L,A,MYSE
151.909,8443,6/3/2015,5/30/2015,11:16:13,7,30.5,AH0,155,33.2974125,Day,F,L,A,MYSE
151.909,8443,6/3/2015,5/29/2015,11:16:14,7,28.6,AH0,200,29.7129048,Day,F,L,A,MYSE
151.909,8443,6/3/2015,5/28/2015,11:16:15,7,31.5,AH0,63,34.8011375,Day,F,L,A,MYSE
151.909,8443,6/3/2015,5/30/2015,11:16:15,7,30.5,AH0,151,33.2974125,Day,F,L,A,MYSE
151.909,8443,6/3/2015,5/29/2015,11:16:16,7,28.6,AH0,199,29.7129048,Day,F,L,A,MYSE
151.909,8443,6/3/2015,5/30/2015,11:16:17,7,30.5,AH0,151,33.2974125,Day,F,L,A,MYSE
151.909,8443,6/3/2015,5/29/2015,11:16:19,7,28.6,AH0,201,29.7129048,Day,F,L,A,MYSE
151.909,8443,6/3/2015,5/29/2015,11:16:21,7,28.6,AH0,202,29.7129048,Day,F,L,A,MYSE
151.909,8443,6/3/2015,5/30/2015,11:16:31,7,30.6,AH0,153,33.4590728,Day,F,L,A,MYSE
151.909,8443,6/3/2015,5/30/2015,11:16:33,7,30.6,AH0,151,33.4590728,Day,F,L,A,MYSE
151.909,8443,6/3/2015,5/29/2015,11:16:35,7,28.6,AH0,200,29.7129048,Day,F,L,A,MYSE
151.909,8443,6/3/2015,5/30/2015,11:16:35,7,30.6,AH0,152,33.4590728,Day,F,L,A,MYSE
151.909,8443,6/3/2015,5/29/2015,11:16:37,7,28.5,AH0,199,29.4958625,Day,F,L,A,MYSE
151.909,8443,6/3/2015,5/30/2015,11:16:37,7,30.6,AH0,153,33.4590728,Day,F,L,A,MYSE
151.909,8443,6/3/2015,5/29/2015,11:16:40,7,28.5,AH0,201,29.4958625,Day,F,L,A,MYSE
151.909,8443,6/3/2015,5/29/2015,11:16:53,7,28.5,AH0,200,29.4958625,Day,F,L,A,MYSE
151.909,8443,6/3/2015,5/30/2015,11:16:53,7,30.6,AH0,148,33.4590728,Day,F,L,A,MYSE
151.909,8443,6/3/2015,5/29/2015,11:16:55,7,28.5,AH0,202,29.4958625,Day,F,L,A,MYSE
151.909,8443,6/3/2015,5/30/2015,11:16:55,7,30.5,AH0,151,33.2974125,Day,F,L,A,MYSE
151.909,8443,6/3/2015,5/29/2015,11:16:57,7,28.5,AH0,199,29.4958625,Day,F,L,A,MYSE
151.909,8443,6/3/2015,5/30/2015,11:16:57,7,30.5,AH0,152,33.2974125,Day,F,L,A,MYSE
151.909,8443,6/3/2015,5/30/2015,11:16:59,7,30.5,AH0,152,33.2974125,Day,F,L,A,MYSE
151.909,8443,6/3/2015,5/29/2015,11:17:00,7,28.5,AH0,202,29.4958625,Day,F,L,A,MYSE
151.909,8443,6/3/2015,5/28/2015,11:17:08,7,31.5,AH0,58,34.8011375,Day,F,L,A,MYSE
151.909,8443,6/3/2015,5/28/2015,11:17:10,7,31.5,AH0,60,34.8011375,Day,F,L,A,MYSE
151.909,8443,6/3/2015,5/28/2015,11:17:12,7,31.5,AH0,55,34.8011375,Day,F,L,A,MYSE
151.909,8443,6/3/2015,5/30/2015,11:17:12,7,30.5,AH0,151,33.2974125,Day,F,L,A,MYSE
151.909,8443,6/3/2015,5/29/2015,11:17:14,7,28.4,AH0,201,29.2758432,Day,F,L,A,MYSE
151.909,8443,6/3/2015,5/30/2015,11:17:14,7,30.6,AH0,155,33.4590728,Day,F,L,A,MYSE
151.909,8443,6/3/2015,5/29/2015,11:17:16,7,28.4,AH0,201,29.2758432,Day,F,L,A,MYSE
151.909,8443,6/3/2015,5/30/2015,11:17:16,7,30.6,AH0,151,33.4590728,Day,F,L,A,MYSE
151.909,8443,6/3/2015,5/30/2015,11:17:18,7,30.6,AH0,151,33.4590728,Day,F,L,A,MYSE
151.909,8443,6/3/2015,5/29/2015,11:17:19,7,28.4,AH0,200,29.2758432,Day,F,L,A,MYSE
151.909,8443,6/3/2015,5/30/2015,11:17:32,7,30.6,AH0,152,33.4590728,Day,F,L,A,MYSE
151.909,8443,6/3/2015,5/29/2015,11:17:33,7,28.4,AH0,200,29.2758432,Day,F,L,A,MYSE
151.909,8443,6/3/2015,5/30/2015,11:17:34,7,30.6,AH0,149,33.4590728,Day,F,L,A,MYSE
151.909,8443,6/3/2015,5/29/2015,11:17:35,7,28.4,AH0,200,29.2758432,Day,F,L,A,MYSE
151.909,8443,6/3/2015,5/30/2015,11:17:36,7,30.6,AH0,148,33.4590728,Day,F,L,A,MYSE
151.909,8443,6/3/2015,5/29/2015,11:17:38,7,28.4,AH0,198,29.2758432,Day,F,L,A,MYSE
151.909,8443,6/3/2015,5/30/2015,11:17:38,7,30.6,AH0,151,33.4590728,Day,F,L,A,MYSE
151.909,8443,6/3/2015,5/29/2015,11:17:40,7,28.4,AH0,200,29.2758432,Day,F,L,A,MYSE
151.909,8443,6/3/2015,5/30/2015,11:17:51,7,30.7,AH0,151,33.6181719,Day,F,L,A,MYSE
151.909,8443,6/3/2015,5/30/2015,11:17:53,7,30.7,AH0,147,33.6181719,Day,F,L,A,MYSE
151.909,8443,6/3/2015,5/29/2015,11:17:54,7,28.4,AH0,201,29.2758432,Day,F,L,A,MYSE
151.909,8443,6/3/2015,5/30/2015,11:17:55,7,30.7,AH0,150,33.6181719,Day,F,L,A,MYSE
151.909,8443,6/3/2015,5/29/2015,11:17:57,7,28.4,AH0,198,29.2758432,Day,F,L,A,MYSE
151.909,8443,6/3/2015,5/30/2015,11:17:57,7,30.7,AH0,147,33.6181719,Day,F,L,A,MYSE
151.909,8443,6/3/2015,5/29/2015,11:17:59,7,28.4,AH0,196,29.2758432,Day,F,L,A,MYSE
151.909,8443,6/3/2015,5/30/2015,11:18:11,7,30.8,AH0,148,33.7747296,Day,F,L,A,MYSE
151.909,8443,6/3/2015,5/29/2015,11:18:13,7,28.4,AH0,199,29.2758432,Day,F,L,A,MYSE
151.909,8443,6/3/2015,5/30/2015,11:18:13,7,30.8,AH0,150,33.7747296,Day,F,L,A,MYSE
151.909,8443,6/3/2015,5/30/2015,11:18:15,7,30.8,AH0,151,33.7747296,Day,F,L,A,MYSE
151.909,8443,6/3/2015,5/29/2015,11:18:16,7,28.4,AH0,197,29.2758432,Day,F,L,A,MYSE
151.909,8443,6/3/2015,5/30/2015,11:18:17,7,30.8,AH0,149,33.7747296,Day,F,L,A,MYSE
151.909,8443,6/3/2015,5/29/2015,11:18:18,7,28.4,AH0,200,29.2758432,Day,F,L,A,MYSE
151.909,8443,6/3/2015,5/30/2015,11:18:19,7,30.8,AH0,152,33.7747296,Day,F,L,A,MYSE
151.909,8443,6/3/2015,5/29/2015,11:18:20,7,28.4,AH0,201,29.2758432,Day,F,L,A,MYSE
151.909,8443,6/3/2015,5/30/2015,11:18:32,7,30.8,AH0,152,33.7747296,Day,F,L,A,MYSE
151.909,8443,6/3/2015,5/30/2015,11:18:34,7,30.8,AH0,155,33.7747296,Day,F,L,A,MYSE
151.909,8443,6/3/2015,5/29/2015,11:18:35,7,28.4,AH0,201,29.2758432,Day,F,L,A,MYSE
151.909,8443,6/3/2015,5/30/2015,11:18:36,7,30.8,AH0,157,33.7747296,Day,F,L,A,MYSE
151.909,8443,6/3/2015,5/29/2015,11:18:37,7,28.4,AH0,200,29.2758432,Day,F,L,A,MYSE
151.909,8443,6/3/2015,5/30/2015,11:18:38,7,30.8,AH0,153,33.7747296,Day,F,L,A,MYSE
151.909,8443,6/3/2015,5/29/2015,11:18:39,7,28.4,AH0,201,29.2758432,Day,F,L,A,MYSE
151.909,8443,6/3/2015,5/28/2015,11:18:50,7,31.4,AH0,48,34.6618152,Day,F,L,A,MYSE
151.909,8443,6/3/2015,5/28/2015,11:18:52,7,31.5,AH0,47,34.8011375,Day,F,L,A,MYSE
151.909,8443,6/3/2015,5/30/2015,11:18:52,7,30.6,AH0,156,33.4590728,Day,F,L,A,MYSE
151.909,8443,6/3/2015,5/29/2015,11:18:54,7,28.5,AH0,198,29.4958625,Day,F,L,A,MYSE
151.909,8443,6/3/2015,5/30/2015,11:18:54,7,30.6,AH0,157,33.4590728,Day,F,L,A,MYSE
151.909,8443,6/3/2015,5/29/2015,11:18:56,7,28.4,AH0,200,29.2758432,Day,F,L,A,MYSE
151.909,8443,6/3/2015,5/30/2015,11:18:56,7,30.6,AH0,159,33.4590728,Day,F,L,A,MYSE
151.909,8443,6/3/2015,5/29/2015,11:18:58,7,28.4,AH0,196,29.2758432,Day,F,L,A,MYSE
151.909,8443,6/3/2015,5/30/2015,11:18:58,7,30.6,AH0,160,33.4590728,Day,F,L,A,MYSE
151.909,8443,6/3/2015,5/29/2015,11:19:00,7,28.5,AH0,198,29.4958625,Day,F,L,A,MYSE
151.909,8443,6/3/2015,5/30/2015,11:19:12,7,30.5,AH0,157,33.2974125,Day,F,L,A,MYSE
151.909,8443,6/3/2015,5/29/2015,11:19:13,7,28.4,AH0,195,29.2758432,Day,F,L,A,MYSE
151.909,8443,6/3/2015,5/30/2015,11:19:14,7,30.6,AH0,157,33.4590728,Day,F,L,A,MYSE
151.909,8443,6/3/2015,5/29/2015,11:19:15,7,28.4,AH0,198,29.2758432,Day,F,L,A,MYSE
151.909,8443,6/3/2015,5/30/2015,11:19:16,7,30.6,AH0,157,33.4590728,Day,F,L,A,MYSE
151.909,8443,6/3/2015,5/29/2015,11:19:17,7,28.4,AH0,198,29.2758432,Day,F,L,A,MYSE
151.909,8443,6/3/2015,5/30/2015,11:19:17,7,30.6,AH0,159,33.4590728,Day,F,L,A,MYSE
151.909,8443,6/3/2015,5/29/2015,11:19:19,7,28.4,AH0,196,29.2758432,Day,F,L,A,MYSE
151.909,8443,6/3/2015,5/28/2015,11:19:28,7,31.3,AH0,53,34.5200901,Day,F,L,A,MYSE
151.909,8443,6/3/2015,5/28/2015,11:19:30,7,31.3,AH0,51,34.5200901,Day,F,L,A,MYSE
151.909,8443,6/3/2015,5/30/2015,11:19:31,7,30.5,AH0,154,33.2974125,Day,F,L,A,MYSE
151.909,8443,6/3/2015,5/28/2015,11:19:32,7,31.2,AH0,43,34.3759424,Day,F,L,A,MYSE
151.909,8443,6/3/2015,5/30/2015,11:19:33,7,30.5,AH0,149,33.2974125,Day,F,L,A,MYSE
151.909,8443,6/3/2015,5/28/2015,11:19:34,7,31.2,AH0,41,34.3759424,Day,F,L,A,MYSE
151.909,8443,6/3/2015,5/29/2015,11:19:34,7,28.4,AH0,196,29.2758432,Day,F,L,A,MYSE
151.909,8443,6/3/2015,5/30/2015,11:19:35,7,30.5,AH0,151,33.2974125,Day,F,L,A,MYSE
151.909,8443,6/3/2015,5/29/2015,11:19:36,7,28.4,AH0,194,29.2758432,Day,F,L,A,MYSE
151.909,8443,6/3/2015,5/30/2015,11:19:37,7,30.5,AH0,153,33.2974125,Day,F,L,A,MYSE
151.909,8443,6/3/2015,5/29/2015,11:19:38,7,28.4,AH0,193,29.2758432,Day,F,L,A,MYSE
151.909,8443,6/3/2015,5/29/2015,11:19:40,7,28.4,AH0,194,29.2758432,Day,F,L,A,MYSE
151.909,8443,6/3/2015,5/28/2015,11:19:51,7,10.4,AH0,45,-78.3905088,Day,F,L,A,MYSE
151.909,8443,6/3/2015,5/30/2015,11:19:51,7,30.5,AH0,153,33.2974125,Day,F,L,A,MYSE
151.909,8443,6/3/2015,5/28/2015,11:19:53,7,31.2,AH0,47,34.3759424,Day,F,L,A,MYSE
151.909,8443,6/3/2015,5/29/2015,11:19:53,7,28.4,AH0,198,29.2758432,Day,F,L,A,MYSE
151.909,8443,6/3/2015,5/30/2015,11:19:53,7,30.5,AH0,152,33.2974125,Day,F,L,A,MYSE
151.909,8443,6/3/2015,5/29/2015,11:19:55,7,28.4,AH0,198,29.2758432,Day,F,L,A,MYSE
151.909,8443,6/3/2015,5/30/2015,11:19:55,7,30.5,AH0,150,33.2974125,Day,F,L,A,MYSE
151.909,8443,6/3/2015,5/29/2015,11:19:57,7,28.4,AH0,194,29.2758432,Day,F,L,A,MYSE
151.909,8443,6/3/2015,5/30/2015,11:19:57,7,30.5,AH0,149,33.2974125,Day,F,L,A,MYSE
151.909,8443,6/3/2015,5/29/2015,11:19:59,7,28.4,AH0,192,29.2758432,Day,F,L,A,MYSE
151.909,8443,6/3/2015,5/30/2015,11:19:59,7,30.5,AH0,152,33.2974125,Day,F,L,A,MYSE
151.909,8443,6/3/2015,5/28/2015,11:20:09,7,31.4,AH0,44,34.6618152,Day,F,L,A,MYSE
151.909,8443,6/3/2015,5/28/2015,11:20:11,7,31.4,AH0,49,34.6618152,Day,F,L,A,MYSE
151.909,8443,6/3/2015,5/30/2015,11:20:13,7,30.6,AH0,150,33.4590728,Day,F,L,A,MYSE
151.909,8443,6/3/2015,5/29/2015,11:20:14,7,28.3,AH0,191,29.0528271,Day,F,L,A,MYSE
151.909,8443,6/3/2015,5/30/2015,11:20:14,7,30.5,AH0,152,33.2974125,Day,F,L,A,MYSE
151.909,8443,6/3/2015,5/29/2015,11:20:16,7,28.4,AH0,195,29.2758432,Day,F,L,A,MYSE
151.909,8443,6/3/2015,5/30/2015,11:20:16,7,30.5,AH0,150,33.2974125,Day,F,L,A,MYSE
151.909,8443,6/3/2015,5/29/2015,11:20:18,7,28.3,AH0,197,29.0528271,Day,F,L,A,MYSE
151.909,8443,6/3/2015,5/30/2015,11:20:18,7,30.5,AH0,154,33.2974125,Day,F,L,A,MYSE
151.909,8443,6/3/2015,5/29/2015,11:20:20,7,28.3,AH0,193,29.0528271,Day,F,L,A,MYSE
151.909,8443,6/3/2015,5/30/2015,11:20:32,7,30.6,AH0,152,33.4590728,Day,F,L,A,MYSE
151.909,8443,6/3/2015,5/29/2015,11:20:33,7,28.3,AH0,193,29.0528271,Day,F,L,A,MYSE
151.909,8443,6/3/2015,5/30/2015,11:20:34,7,30.6,AH0,156,33.4590728,Day,F,L,A,MYSE
151.909,8443,6/3/2015,5/29/2015,11:20:35,7,28.3,AH0,193,29.0528271,Day,F,L,A,MYSE
151.909,8443,6/3/2015,5/30/2015,11:20:36,7,30.6,AH0,152,33.4590728,Day,F,L,A,MYSE
151.909,8443,6/3/2015,5/29/2015,11:20:37,7,28.3,AH0,193,29.0528271,Day,F,L,A,MYSE
151.909,8443,6/3/2015,5/30/2015,11:20:38,7,30.6,AH0,149,33.4590728,Day,F,L,A,MYSE
151.909,8443,6/3/2015,5/29/2015,11:20:39,7,28.3,AH0,193,29.0528271,Day,F,L,A,MYSE
151.909,8443,6/3/2015,5/30/2015,11:20:52,7,30.6,AH0,151,33.4590728,Day,F,L,A,MYSE
151.909,8443,6/3/2015,5/29/2015,11:20:54,7,28.3,AH0,195,29.0528271,Day,F,L,A,MYSE
151.909,8443,6/3/2015,5/30/2015,11:20:54,7,30.6,AH0,150,33.4590728,Day,F,L,A,MYSE
151.909,8443,6/3/2015,5/29/2015,11:20:56,7,28.3,AH0,194,29.0528271,Day,F,L,A,MYSE
151.909,8443,6/3/2015,5/30/2015,11:20:56,7,30.6,AH0,151,33.4590728,Day,F,L,A,MYSE
151.909,8443,6/3/2015,5/29/2015,11:20:58,7,28.3,AH0,192,29.0528271,Day,F,L,A,MYSE
151.909,8443,6/3/2015,5/30/2015,11:20:58,7,30.7,AH0,152,33.6181719,Day,F,L,A,MYSE
151.909,8443,6/3/2015,5/28/2015,11:21:08,7,31.3,AH0,51,34.5200901,Day,F,L,A,MYSE
151.909,8443,6/3/2015,5/28/2015,11:21:10,7,31.3,AH0,56,34.5200901,Day,F,L,A,MYSE
151.909,8443,6/3/2015,5/30/2015,11:21:11,7,30.7,AH0,151,33.6181719,Day,F,L,A,MYSE
151.909,8443,6/3/2015,5/28/2015,11:21:12,7,31.3,AH0,48,34.5200901,Day,F,L,A,MYSE
151.909,8443,6/3/2015,5/29/2015,11:21:13,7,28.4,AH0,194,29.2758432,Day,F,L,A,MYSE
151.909,8443,6/3/2015,5/30/2015,11:21:13,7,30.7,AH0,150,33.6181719,Day,F,L,A,MYSE
151.909,8443,6/3/2015,5/28/2015,11:21:14,7,31.3,AH0,53,34.5200901,Day,F,L,A,MYSE
151.909,8443,6/3/2015,5/29/2015,11:21:15,7,28.3,AH0,192,29.0528271,Day,F,L,A,MYSE
151.909,8443,6/3/2015,5/30/2015,11:21:15,7,30.7,AH0,151,33.6181719,Day,F,L,A,MYSE
151.909,8443,6/3/2015,5/29/2015,11:21:17,7,28.3,AH0,193,29.0528271,Day,F,L,A,MYSE
151.909,8443,6/3/2015,5/30/2015,11:21:17,7,30.7,AH0,156,33.6181719,Day,F,L,A,MYSE
151.909,8443,6/3/2015,5/29/2015,11:21:20,7,28.4,AH0,195,29.2758432,Day,F,L,A,MYSE
151.909,8443,6/3/2015,5/30/2015,11:21:31,7,30.7,AH0,156,33.6181719,Day,F,L,A,MYSE
151.909,8443,6/3/2015,5/30/2015,11:21:33,7,30.8,AH0,153,33.7747296,Day,F,L,A,MYSE
151.909,8443,6/3/2015,5/29/2015,11:21:34,7,28.4,AH0,199,29.2758432,Day,F,L,A,MYSE
151.909,8443,6/3/2015,5/30/2015,11:21:35,7,30.8,AH0,153,33.7747296,Day,F,L,A,MYSE
151.909,8443,6/3/2015,5/29/2015,11:21:36,7,28.4,AH0,201,29.2758432,Day,F,L,A,MYSE
151.909,8443,6/3/2015,5/30/2015,11:21:37,7,30.7,AH0,156,33.6181719,Day,F,L,A,MYSE
151.909,8443,6/3/2015,5/29/2015,11:21:39,7,28.4,AH0,197,29.2758432,Day,F,L,A,MYSE
151.909,8443,6/3/2015,5/30/2015,11:21:39,7,30.8,AH0,155,33.7747296,Day,F,L,A,MYSE
151.909,8443,6/3/2015,5/28/2015,11:21:52,7,31.2,AH0,48,34.3759424,Day,F,L,A,MYSE
151.909,8443,6/3/2015,5/30/2015,11:21:52,7,30.7,AH0,150,33.6181719,Day,F,L,A,MYSE
151.909,8443,6/3/2015,5/29/2015,11:21:53,7,28.4,AH0,201,29.2758432,Day,F,L,A,MYSE
151.909,8443,6/3/2015,5/30/2015,11:21:54,7,30.7,AH0,154,33.6181719,Day,F,L,A,MYSE
151.909,8443,6/3/2015,5/29/2015,11:21:55,7,28.4,AH0,199,29.2758432,Day,F,L,A,MYSE
151.909,8443,6/3/2015,5/30/2015,11:21:56,7,30.7,AH0,160,33.6181719,Day,F,L,A,MYSE
151.909,8443,6/3/2015,5/29/2015,11:21:58,7,28.5,AH0,201,29.4958625,Day,F,L,A,MYSE
151.909,8443,6/3/2015,5/30/2015,11:21:58,7,30.7,AH0,156,33.6181719,Day,F,L,A,MYSE
151.909,8443,6/3/2015,5/29/2015,11:22:00,7,28.5,AH0,198,29.4958625,Day,F,L,A,MYSE
151.909,8443,6/3/2015,5/30/2015,11:22:12,7,30.8,AH0,151,33.7747296,Day,F,L,A,MYSE
151.909,8443,6/3/2015,5/29/2015,11:22:14,7,28.6,AH0,193,29.7129048,Day,F,L,A,MYSE
151.909,8443,6/3/2015,5/30/2015,11:22:14,7,30.8,AH0,152,33.7747296,Day,F,L,A,MYSE
151.909,8443,6/3/2015,5/30/2015,11:22:16,7,30.8,AH0,153,33.7747296,Day,F,L,A,MYSE
151.909,8443,6/3/2015,5/29/2015,11:22:17,7,28.6,AH0,192,29.7129048,Day,F,L,A,MYSE
151.909,8443,6/3/2015,5/30/2015,11:22:18,7,30.7,AH0,153,33.6181719,Day,F,L,A,MYSE
151.909,8443,6/3/2015,5/29/2015,11:22:19,7,28.6,AH0,193,29.7129048,Day,F,L,A,MYSE
151.909,8443,6/3/2015,5/30/2015,11:22:31,7,30.7,AH0,153,33.6181719,Day,F,L,A,MYSE
151.909,8443,6/3/2015,5/29/2015,11:22:33,7,28.7,AH0,195,29.9269899,Day,F,L,A,MYSE
151.909,8443,6/3/2015,5/30/2015,11:22:33,7,30.7,AH0,150,33.6181719,Day,F,L,A,MYSE
151.909,8443,6/3/2015,5/29/2015,11:22:35,7,28.7,AH0,191,29.9269899,Day,F,L,A,MYSE
151.909,8443,6/3/2015,5/30/2015,11:22:35,7,30.7,AH0,153,33.6181719,Day,F,L,A,MYSE
151.909,8443,6/3/2015,5/29/2015,11:22:37,7,28.7,AH0,193,29.9269899,Day,F,L,A,MYSE
151.909,8443,6/3/2015,5/30/2015,11:22:37,7,30.7,AH0,152,33.6181719,Day,F,L,A,MYSE
151.909,8443,6/3/2015,5/29/2015,11:22:40,7,28.7,AH0,192,29.9269899,Day,F,L,A,MYSE
151.909,8443,6/3/2015,5/30/2015,11:22:51,7,30.8,AH0,150,33.7747296,Day,F,L,A,MYSE
151.909,8443,6/3/2015,5/30/2015,11:22:53,7,30.7,AH0,151,33.6181719,Day,F,L,A,MYSE
151.909,8443,6/3/2015,5/29/2015,11:22:54,7,28.8,AH0,192,30.1381376,Day,F,L,A,MYSE
151.909,8443,6/3/2015,5/30/2015,11:22:55,7,30.8,AH0,149,33.7747296,Day,F,L,A,MYSE
151.909,8443,6/3/2015,5/29/2015,11:22:56,7,28.8,AH0,190,30.1381376,Day,F,L,A,MYSE
151.909,8443,6/3/2015,5/30/2015,11:22:57,7,30.8,AH0,149,33.7747296,Day,F,L,A,MYSE
151.909,8443,6/3/2015,5/29/2015,11:22:58,7,28.8,AH0,190,30.1381376,Day,F,L,A,MYSE
151.909,8443,6/3/2015,5/30/2015,11:23:12,7,30.7,AH0,149,33.6181719,Day,F,L,A,MYSE
151.909,8443,6/3/2015,5/29/2015,11:23:13,7,28.8,AH0,191,30.1381376,Day,F,L,A,MYSE
151.909,8443,6/3/2015,5/30/2015,11:23:14,7,30.7,AH0,146,33.6181719,Day,F,L,A,MYSE
151.909,8443,6/3/2015,5/29/2015,11:23:15,7,28.8,AH0,191,30.1381376,Day,F,L,A,MYSE
151.909,8443,6/3/2015,5/30/2015,11:23:16,7,30.7,AH0,152,33.6181719,Day,F,L,A,MYSE
151.909,8443,6/3/2015,5/29/2015,11:23:17,7,28.8,AH0,191,30.1381376,Day,F,L,A,MYSE
151.909,8443,6/3/2015,5/30/2015,11:23:18,7,30.7,AH0,145,33.6181719,Day,F,L,A,MYSE
151.909,8443,6/3/2015,5/29/2015,11:23:19,7,28.8,AH0,190,30.1381376,Day,F,L,A,MYSE
151.909,8443,6/3/2015,5/30/2015,11:23:32,7,30.7,AH0,149,33.6181719,Day,F,L,A,MYSE
151.909,8443,6/3/2015,5/29/2015,11:23:34,7,28.9,AH0,192,30.3463677,Day,F,L,A,MYSE
151.909,8443,6/3/2015,5/30/2015,11:23:34,7,30.7,AH0,150,33.6181719,Day,F,L,A,MYSE
151.909,8443,6/3/2015,5/29/2015,11:23:36,7,28.9,AH0,190,30.3463677,Day,F,L,A,MYSE
151.909,8443,6/3/2015,5/30/2015,11:23:36,7,30.7,AH0,151,33.6181719,Day,F,L,A,MYSE
151.909,8443,6/3/2015,5/29/2015,11:23:38,7,28.9,AH0,191,30.3463677,Day,F,L,A,MYSE
151.909,8443,6/3/2015,5/30/2015,11:23:38,7,30.7,AH0,152,33.6181719,Day,F,L,A,MYSE
151.909,8443,6/3/2015,5/29/2015,11:23:40,7,28.9,AH0,194,30.3463677,Day,F,L,A,MYSE
151.909,8443,6/3/2015,5/29/2015,11:23:52,7,28.9,AH0,190,30.3463677,Day,F,L,A,MYSE
151.909,8443,6/3/2015,5/30/2015,11:23:52,7,30.7,AH0,154,33.6181719,Day,F,L,A,MYSE
151.909,8443,6/3/2015,5/30/2015,11:23:53,7,30.7,AH0,154,33.6181719,Day,F,L,A,MYSE
151.909,8443,6/3/2015,5/29/2015,11:23:55,7,28.9,AH0,191,30.3463677,Day,F,L,A,MYSE
151.909,8443,6/3/2015,5/30/2015,11:23:55,7,30.7,AH0,152,33.6181719,Day,F,L,A,MYSE
151.909,8443,6/3/2015,5/29/2015,11:23:57,7,28.9,AH0,191,30.3463677,Day,F,L,A,MYSE
151.909,8443,6/3/2015,5/30/2015,11:23:57,7,30.7,AH0,150,33.6181719,Day,F,L,A,MYSE
151.909,8443,6/3/2015,5/29/2015,11:23:59,7,28.9,AH0,192,30.3463677,Day,F,L,A,MYSE
151.909,8443,6/3/2015,5/30/2015,11:24:11,7,30.8,AH0,148,33.7747296,Day,F,L,A,MYSE
151.909,8443,6/3/2015,5/29/2015,11:24:13,7,28.9,AH0,191,30.3463677,Day,F,L,A,MYSE
151.909,8443,6/3/2015,5/30/2015,11:24:13,7,30.8,AH0,150,33.7747296,Day,F,L,A,MYSE
151.909,8443,6/3/2015,5/29/2015,11:24:15,7,28.9,AH0,193,30.3463677,Day,F,L,A,MYSE
151.909,8443,6/3/2015,5/30/2015,11:24:15,7,30.8,AH0,154,33.7747296,Day,F,L,A,MYSE
151.909,8443,6/3/2015,5/29/2015,11:24:17,7,28.9,AH0,192,30.3463677,Day,F,L,A,MYSE
151.909,8443,6/3/2015,5/30/2015,11:24:17,7,30.7,AH0,154,33.6181719,Day,F,L,A,MYSE
151.909,8443,6/3/2015,5/29/2015,11:24:19,7,28.9,AH0,189,30.3463677,Day,F,L,A,MYSE
151.909,8443,6/3/2015,5/30/2015,11:24:33,7,30.7,AH0,148,33.6181719,Day,F,L,A,MYSE
151.909,8443,6/3/2015,5/29/2015,11:24:34,7,29,AH0,191,30.5517,Day,F,L,A,MYSE
151.909,8443,6/3/2015,5/30/2015,11:24:34,7,30.7,AH0,148,33.6181719,Day,F,L,A,MYSE
151.909,8443,6/3/2015,5/29/2015,11:24:36,7,29,AH0,191,30.5517,Day,F,L,A,MYSE
151.909,8443,6/3/2015,5/30/2015,11:24:36,7,30.7,AH0,150,33.6181719,Day,F,L,A,MYSE
151.909,8443,6/3/2015,5/29/2015,11:24:38,7,29,AH0,191,30.5517,Day,F,L,A,MYSE
151.909,8443,6/3/2015,5/30/2015,11:24:38,7,30.7,AH0,150,33.6181719,Day,F,L,A,MYSE
151.909,8443,6/3/2015,5/29/2015,11:24:40,7,29,AH0,194,30.5517,Day,F,L,A,MYSE
151.909,8443,6/3/2015,5/30/2015,11:24:52,7,30.7,AH0,149,33.6181719,Day,F,L,A,MYSE
151.909,8443,6/3/2015,5/29/2015,11:24:53,7,29,AH0,191,30.5517,Day,F,L,A,MYSE
151.909,8443,6/3/2015,5/30/2015,11:24:54,7,30.7,AH0,150,33.6181719,Day,F,L,A,MYSE
151.909,8443,6/3/2015,5/29/2015,11:24:55,7,29,AH0,191,30.5517,Day,F,L,A,MYSE
151.909,8443,6/3/2015,5/30/2015,11:24:56,7,30.7,AH0,150,33.6181719,Day,F,L,A,MYSE
151.909,8443,6/3/2015,5/29/2015,11:24:57,7,29,AH0,191,30.5517,Day,F,L,A,MYSE
151.909,8443,6/3/2015,5/30/2015,11:24:58,7,30.7,AH0,151,33.6181719,Day,F,L,A,MYSE
151.909,8443,6/3/2015,5/29/2015,11:24:59,7,29,AH0,192,30.5517,Day,F,L,A,MYSE
151.909,8443,6/3/2015,5/30/2015,11:25:12,7,30.7,AH0,144,33.6181719,Day,F,L,A,MYSE
151.909,8443,6/3/2015,5/29/2015,11:25:13,7,29,AH0,188,30.5517,Day,F,L,A,MYSE
151.909,8443,6/3/2015,5/30/2015,11:25:14,7,30.7,AH0,147,33.6181719,Day,F,L,A,MYSE
151.909,8443,6/3/2015,5/29/2015,11:25:15,7,29,AH0,191,30.5517,Day,F,L,A,MYSE
151.909,8443,6/3/2015,5/30/2015,11:25:16,7,30.7,AH0,148,33.6181719,Day,F,L,A,MYSE
151.909,8443,6/3/2015,5/29/2015,11:25:17,7,29,AH0,187,30.5517,Day,F,L,A,MYSE
151.909,8443,6/3/2015,5/30/2015,11:25:17,7,30.7,AH0,147,33.6181719,Day,F,L,A,MYSE
151.909,8443,6/3/2015,5/29/2015,11:25:19,7,29,AH0,193,30.5517,Day,F,L,A,MYSE
151.909,8443,6/3/2015,5/30/2015,11:25:31,7,30.7,AH0,149,33.6181719,Day,F,L,A,MYSE
151.909,8443,6/3/2015,5/30/2015,11:25:33,7,30.7,AH0,151,33.6181719,Day,F,L,A,MYSE
151.909,8443,6/3/2015,5/29/2015,11:25:34,7,29.1,AH0,191,30.7541543,Day,F,L,A,MYSE
151.909,8443,6/3/2015,5/30/2015,11:25:35,7,30.7,AH0,148,33.6181719,Day,F,L,A,MYSE
151.909,8443,6/3/2015,5/29/2015,11:25:36,7,29.1,AH0,191,30.7541543,Day,F,L,A,MYSE
151.909,8443,6/3/2015,5/30/2015,11:25:37,7,30.7,AH0,146,33.6181719,Day,F,L,A,MYSE
151.909,8443,6/3/2015,5/29/2015,11:25:38,7,29.1,AH0,190,30.7541543,Day,F,L,A,MYSE
151.909,8443,6/3/2015,5/29/2015,11:25:40,7,29.1,AH0,191,30.7541543,Day,F,L,A,MYSE
151.909,8443,6/3/2015,5/30/2015,11:25:51,7,30.7,AH0,148,33.6181719,Day,F,L,A,MYSE
151.909,8443,6/3/2015,5/29/2015,11:25:53,7,29,AH0,191,30.5517,Day,F,L,A,MYSE
151.909,8443,6/3/2015,5/30/2015,11:25:53,7,30.7,AH0,148,33.6181719,Day,F,L,A,MYSE
151.909,8443,6/3/2015,5/29/2015,11:25:55,7,29,AH0,192,30.5517,Day,F,L,A,MYSE
151.909,8443,6/3/2015,5/30/2015,11:25:55,7,30.7,AH0,149,33.6181719,Day,F,L,A,MYSE
151.909,8443,6/3/2015,5/29/2015,11:25:57,7,29,AH0,193,30.5517,Day,F,L,A,MYSE
151.909,8443,6/3/2015,5/30/2015,11:25:57,7,30.7,AH0,153,33.6181719,Day,F,L,A,MYSE
151.909,8443,6/3/2015,5/29/2015,11:25:59,7,29,AH0,190,30.5517,Day,F,L,A,MYSE
151.909,8443,6/3/2015,5/30/2015,11:25:59,7,30.7,AH0,152,33.6181719,Day,F,L,A,MYSE
151.909,8443,6/3/2015,5/30/2015,11:26:12,7,30.8,AH0,154,33.7747296,Day,F,L,A,MYSE
151.909,8443,6/3/2015,5/29/2015,11:26:13,7,29,AH0,195,30.5517,Day,F,L,A,MYSE
151.909,8443,6/3/2015,5/30/2015,11:26:14,7,30.8,AH0,152,33.7747296,Day,F,L,A,MYSE
151.909,8443,6/3/2015,5/29/2015,11:26:15,7,29,AH0,194,30.5517,Day,F,L,A,MYSE
151.909,8443,6/3/2015,5/30/2015,11:26:16,7,30.8,AH0,146,33.7747296,Day,F,L,A,MYSE
151.909,8443,6/3/2015,5/29/2015,11:26:17,7,29,AH0,193,30.5517,Day,F,L,A,MYSE
151.909,8443,6/3/2015,5/30/2015,11:26:18,7,30.8,AH0,146,33.7747296,Day,F,L,A,MYSE
151.909,8443,6/3/2015,5/29/2015,11:26:19,7,28.9,AH0,194,30.3463677,Day,F,L,A,MYSE
151.909,8443,6/3/2015,5/30/2015,11:26:32,7,30.8,AH0,157,33.7747296,Day,F,L,A,MYSE
151.909,8443,6/3/2015,5/29/2015,11:26:34,7,28.9,AH0,192,30.3463677,Day,F,L,A,MYSE
151.909,8443,6/3/2015,5/30/2015,11:26:34,7,30.8,AH0,161,33.7747296,Day,F,L,A,MYSE
151.909,8443,6/3/2015,5/29/2015,11:26:36,7,28.9,AH0,194,30.3463677,Day,F,L,A,MYSE
151.909,8443,6/3/2015,5/30/2015,11:26:36,7,30.8,AH0,155,33.7747296,Day,F,L,A,MYSE
151.909,8443,6/3/2015,5/29/2015,11:26:38,7,28.9,AH0,194,30.3463677,Day,F,L,A,MYSE
151.909,8443,6/3/2015,5/30/2015,11:26:38,7,30.8,AH0,153,33.7747296,Day,F,L,A,MYSE
151.909,8443,6/3/2015,5/29/2015,11:26:40,7,28.9,AH0,192,30.3463677,Day,F,L,A,MYSE
151.909,8443,6/3/2015,5/30/2015,11:26:51,7,30.9,AH0,162,33.9287657,Day,F,L,A,MYSE
151.909,8443,6/3/2015,5/29/2015,11:26:53,7,28.8,AH0,196,30.1381376,Day,F,L,A,MYSE
151.909,8443,6/3/2015,5/30/2015,11:26:53,7,30.9,AH0,155,33.9287657,Day,F,L,A,MYSE
151.909,8443,6/3/2015,5/29/2015,11:26:55,7,28.8,AH0,193,30.1381376,Day,F,L,A,MYSE
151.909,8443,6/3/2015,5/30/2015,11:26:55,7,30.9,AH0,156,33.9287657,Day,F,L,A,MYSE
151.909,8443,6/3/2015,5/29/2015,11:26:57,7,28.8,AH0,196,30.1381376,Day,F,L,A,MYSE
151.909,8443,6/3/2015,5/30/2015,11:26:57,7,30.9,AH0,155,33.9287657,Day,F,L,A,MYSE
151.909,8443,6/3/2015,5/29/2015,11:26:59,7,28.8,AH0,197,30.1381376,Day,F,L,A,MYSE
151.909,8443,6/3/2015,5/30/2015,11:27:13,7,30.9,AH0,157,33.9287657,Day,F,L,A,MYSE
151.909,8443,6/3/2015,5/29/2015,11:27:14,7,28.7,AH0,194,29.9269899,Day,F,L,A,MYSE
151.909,8443,6/3/2015,5/30/2015,11:27:14,7,30.9,AH0,147,33.9287657,Day,F,L,A,MYSE
151.909,8443,6/3/2015,5/29/2015,11:27:16,7,28.7,AH0,194,29.9269899,Day,F,L,A,MYSE
151.909,8443,6/3/2015,5/30/2015,11:27:16,7,30.9,AH0,150,33.9287657,Day,F,L,A,MYSE
151.909,8443,6/3/2015,5/29/2015,11:27:18,7,28.7,AH0,192,29.9269899,Day,F,L,A,MYSE
151.909,8443,6/3/2015,5/30/2015,11:27:18,7,30.9,AH0,155,33.9287657,Day,F,L,A,MYSE
151.909,8443,6/3/2015,5/29/2015,11:27:20,7,28.7,AH0,194,29.9269899,Day,F,L,A,MYSE
151.909,8443,6/3/2015,5/30/2015,11:27:32,7,30.9,AH0,149,33.9287657,Day,F,L,A,MYSE
151.909,8443,6/3/2015,5/29/2015,11:27:34,7,28.7,AH0,193,29.9269899,Day,F,L,A,MYSE
151.909,8443,6/3/2015,5/30/2015,11:27:34,7,30.9,AH0,152,33.9287657,Day,F,L,A,MYSE
151.909,8443,6/3/2015,5/30/2015,11:27:36,7,30.9,AH0,151,33.9287657,Day,F,L,A,MYSE
151.909,8443,6/3/2015,5/29/2015,11:27:37,7,28.7,AH0,196,29.9269899,Day,F,L,A,MYSE
151.909,8443,6/3/2015,5/30/2015,11:27:38,7,30.9,AH0,151,33.9287657,Day,F,L,A,MYSE
151.909,8443,6/3/2015,5/29/2015,11:27:39,7,28.6,AH0,194,29.7129048,Day,F,L,A,MYSE
151.909,8443,6/3/2015,5/30/2015,11:27:51,7,30.9,AH0,155,33.9287657,Day,F,L,A,MYSE
151.909,8443,6/3/2015,5/29/2015,11:27:53,7,28.6,AH0,193,29.7129048,Day,F,L,A,MYSE
151.909,8443,6/3/2015,5/30/2015,11:27:53,7,30.9,AH0,153,33.9287657,Day,F,L,A,MYSE
151.909,8443,6/3/2015,5/29/2015,11:27:55,7,28.6,AH0,192,29.7129048,Day,F,L,A,MYSE
151.909,8443,6/3/2015,5/30/2015,11:27:55,7,30.9,AH0,154,33.9287657,Day,F,L,A,MYSE
151.909,8443,6/3/2015,5/30/2015,11:27:57,7,30.9,AH0,160,33.9287657,Day,F,L,A,MYSE
151.909,8443,6/3/2015,5/29/2015,11:27:58,7,28.6,AH0,195,29.7129048,Day,F,L,A,MYSE
151.909,8443,6/3/2015,5/29/2015,11:28:00,7,28.6,AH0,193,29.7129048,Day,F,L,A,MYSE
151.909,8443,6/3/2015,5/30/2015,11:28:11,7,31,AH0,160,34.0803,Day,F,L,A,MYSE
151.909,8443,6/3/2015,5/30/2015,11:28:13,7,31,AH0,158,34.0803,Day,F,L,A,MYSE
151.909,8443,6/3/2015,5/29/2015,11:28:14,7,28.5,AH0,191,29.4958625,Day,F,L,A,MYSE
151.909,8443,6/3/2015,5/30/2015,11:28:15,7,31,AH0,162,34.0803,Day,F,L,A,MYSE
151.909,8443,6/3/2015,5/29/2015,11:28:16,7,28.5,AH0,193,29.4958625,Day,F,L,A,MYSE
151.909,8443,6/3/2015,5/30/2015,11:28:17,7,31,AH0,161,34.0803,Day,F,L,A,MYSE
151.909,8443,6/3/2015,5/29/2015,11:28:19,7,28.5,AH0,194,29.4958625,Day,F,L,A,MYSE
151.909,8443,6/3/2015,5/30/2015,11:28:19,7,31,AH0,160,34.0803,Day,F,L,A,MYSE
151.909,8443,6/3/2015,5/30/2015,11:28:32,7,31,AH0,159,34.0803,Day,F,L,A,MYSE
151.909,8443,6/3/2015,5/29/2015,11:28:33,7,28.5,AH0,194,29.4958625,Day,F,L,A,MYSE
151.909,8443,6/3/2015,5/30/2015,11:28:34,7,31,AH0,164,34.0803,Day,F,L,A,MYSE
151.909,8443,6/3/2015,5/29/2015,11:28:35,7,28.5,AH0,192,29.4958625,Day,F,L,A,MYSE
151.909,8443,6/3/2015,5/30/2015,11:28:36,7,31,AH0,159,34.0803,Day,F,L,A,MYSE
151.909,8443,6/3/2015,5/29/2015,11:28:37,7,28.5,AH0,192,29.4958625,Day,F,L,A,MYSE
151.909,8443,6/3/2015,5/30/2015,11:28:38,7,31,AH0,159,34.0803,Day,F,L,A,MYSE
151.909,8443,6/3/2015,5/29/2015,11:28:40,7,28.5,AH0,192,29.4958625,Day,F,L,A,MYSE
151.909,8443,6/3/2015,5/30/2015,11:28:51,7,31,AH0,157,34.0803,Day,F,L,A,MYSE
151.909,8443,6/3/2015,5/30/2015,11:28:53,7,31,AH0,154,34.0803,Day,F,L,A,MYSE
151.909,8443,6/3/2015,5/29/2015,11:28:54,7,28.4,AH0,192,29.2758432,Day,F,L,A,MYSE
151.909,8443,6/3/2015,5/30/2015,11:28:55,7,31,AH0,158,34.0803,Day,F,L,A,MYSE
151.909,8443,6/3/2015,5/29/2015,11:28:56,7,28.4,AH0,192,29.2758432,Day,F,L,A,MYSE
151.909,8443,6/3/2015,5/30/2015,11:28:57,7,31,AH0,163,34.0803,Day,F,L,A,MYSE
151.909,8443,6/3/2015,5/29/2015,11:28:59,7,28.4,AH0,194,29.2758432,Day,F,L,A,MYSE
151.909,8443,6/3/2015,5/30/2015,11:29:11,7,31.1,AH0,162,34.2293523,Day,F,L,A,MYSE
151.909,8443,6/3/2015,5/29/2015,11:29:13,7,28.4,AH0,196,29.2758432,Day,F,L,A,MYSE
151.909,8443,6/3/2015,5/30/2015,11:29:13,7,31.1,AH0,162,34.2293523,Day,F,L,A,MYSE
151.909,8443,6/3/2015,5/29/2015,11:29:15,7,28.4,AH0,193,29.2758432,Day,F,L,A,MYSE
151.909,8443,6/3/2015,5/30/2015,11:29:15,7,31.1,AH0,164,34.2293523,Day,F,L,A,MYSE
151.909,8443,6/3/2015,5/30/2015,11:29:17,7,31.1,AH0,160,34.2293523,Day,F,L,A,MYSE
151.909,8443,6/3/2015,5/29/2015,11:29:18,7,28.4,AH0,194,29.2758432,Day,F,L,A,MYSE
151.909,8443,6/3/2015,5/30/2015,11:29:18,7,31.1,AH0,158,34.2293523,Day,F,L,A,MYSE
151.909,8443,6/3/2015,5/29/2015,11:29:20,7,28.4,AH0,194,29.2758432,Day,F,L,A,MYSE
151.909,8443,6/3/2015,5/29/2015,11:29:32,7,28.3,AH0,192,29.0528271,Day,F,L,A,MYSE
151.909,8443,6/3/2015,5/30/2015,11:29:32,7,31.1,AH0,162,34.2293523,Day,F,L,A,MYSE
151.909,8443,6/3/2015,5/30/2015,11:29:34,7,31,AH0,159,34.0803,Day,F,L,A,MYSE
151.909,8443,6/3/2015,5/29/2015,11:29:35,7,28.4,AH0,196,29.2758432,Day,F,L,A,MYSE
151.909,8443,6/3/2015,5/30/2015,11:29:36,7,31,AH0,159,34.0803,Day,F,L,A,MYSE
151.909,8443,6/3/2015,5/29/2015,11:29:37,7,28.4,AH0,195,29.2758432,Day,F,L,A,MYSE
151.909,8443,6/3/2015,5/30/2015,11:29:38,7,31,AH0,159,34.0803,Day,F,L,A,MYSE
151.909,8443,6/3/2015,5/29/2015,11:29:39,7,28.3,AH0,192,29.0528271,Day,F,L,A,MYSE
151.909,8443,6/3/2015,5/30/2015,11:29:51,7,31,AH0,160,34.0803,Day,F,L,A,MYSE
151.909,8443,6/3/2015,5/30/2015,11:29:53,7,30.9,AH0,156,33.9287657,Day,F,L,A,MYSE
151.909,8443,6/3/2015,5/29/2015,11:29:54,7,28.3,AH0,192,29.0528271,Day,F,L,A,MYSE
151.909,8443,6/3/2015,5/30/2015,11:29:55,7,30.9,AH0,158,33.9287657,Day,F,L,A,MYSE
151.909,8443,6/3/2015,5/29/2015,11:29:56,7,28.3,AH0,194,29.0528271,Day,F,L,A,MYSE
151.909,8443,6/3/2015,5/30/2015,11:29:57,7,30.9,AH0,155,33.9287657,Day,F,L,A,MYSE
151.909,8443,6/3/2015,5/29/2015,11:29:58,7,28.3,AH0,194,29.0528271,Day,F,L,A,MYSE
151.909,8443,6/3/2015,5/29/2015,11:30:00,7,28.3,AH0,192,29.0528271,Day,F,L,A,MYSE
151.909,8443,6/3/2015,5/30/2015,11:30:11,7,30.8,AH0,156,33.7747296,Day,F,L,A,MYSE
151.909,8443,6/3/2015,5/29/2015,11:30:13,7,28.3,AH0,195,29.0528271,Day,F,L,A,MYSE
151.909,8443,6/3/2015,5/30/2015,11:30:13,7,30.8,AH0,159,33.7747296,Day,F,L,A,MYSE
151.909,8443,6/3/2015,5/29/2015,11:30:15,7,28.3,AH0,195,29.0528271,Day,F,L,A,MYSE
151.909,8443,6/3/2015,5/30/2015,11:30:15,7,30.8,AH0,158,33.7747296,Day,F,L,A,MYSE
151.909,8443,6/3/2015,5/29/2015,11:30:17,7,28.3,AH0,193,29.0528271,Day,F,L,A,MYSE
151.909,8443,6/3/2015,5/30/2015,11:30:17,7,30.8,AH0,155,33.7747296,Day,F,L,A,MYSE
151.909,8443,6/3/2015,5/29/2015,11:30:19,7,28.3,AH0,195,29.0528271,Day,F,L,A,MYSE
151.909,8443,6/3/2015,5/30/2015,11:30:19,7,30.8,AH0,158,33.7747296,Day,F,L,A,MYSE
151.909,8443,6/3/2015,5/30/2015,11:30:32,7,30.8,AH0,155,33.7747296,Day,F,L,A,MYSE
151.909,8443,6/3/2015,5/29/2015,11:30:34,7,28.2,AH0,189,28.8267944,Day,F,L,A,MYSE
151.909,8443,6/3/2015,5/30/2015,11:30:34,7,30.8,AH0,158,33.7747296,Day,F,L,A,MYSE
151.909,8443,6/3/2015,5/29/2015,11:30:36,7,28.2,AH0,195,28.8267944,Day,F,L,A,MYSE
151.909,8443,6/3/2015,5/30/2015,11:30:36,7,30.8,AH0,159,33.7747296,Day,F,L,A,MYSE
151.909,8443,6/3/2015,5/29/2015,11:30:38,7,28.2,AH0,193,28.8267944,Day,F,L,A,MYSE
151.909,8443,6/3/2015,5/30/2015,11:30:38,7,30.7,AH0,155,33.6181719,Day,F,L,A,MYSE
151.909,8443,6/3/2015,5/30/2015,11:30:52,7,30.7,AH0,158,33.6181719,Day,F,L,A,MYSE
151.909,8443,6/3/2015,5/29/2015,11:30:53,7,28.3,AH0,197,29.0528271,Day,F,L,A,MYSE
151.909,8443,6/3/2015,5/30/2015,11:30:54,7,30.7,AH0,158,33.6181719,Day,F,L,A,MYSE
151.909,8443,6/3/2015,5/29/2015,11:30:55,7,28.3,AH0,193,29.0528271,Day,F,L,A,MYSE
151.909,8443,6/3/2015,5/30/2015,11:30:56,7,30.7,AH0,159,33.6181719,Day,F,L,A,MYSE
151.909,8443,6/3/2015,5/29/2015,11:30:57,7,28.3,AH0,195,29.0528271,Day,F,L,A,MYSE
151.909,8443,6/3/2015,5/30/2015,11:30:58,7,30.7,AH0,161,33.6181719,Day,F,L,A,MYSE
151.909,8443,6/3/2015,5/29/2015,11:30:59,7,28.3,AH0,195,29.0528271,Day,F,L,A,MYSE
151.909,8443,6/3/2015,5/30/2015,11:31:11,7,30.7,AH0,161,33.6181719,Day,F,L,A,MYSE
151.909,8443,6/3/2015,5/30/2015,11:31:13,7,30.7,AH0,159,33.6181719,Day,F,L,A,MYSE
151.909,8443,6/3/2015,5/29/2015,11:31:14,7,28.4,AH0,196,29.2758432,Day,F,L,A,MYSE
151.909,8443,6/3/2015,5/30/2015,11:31:15,7,30.7,AH0,155,33.6181719,Day,F,L,A,MYSE
151.909,8443,6/3/2015,5/29/2015,11:31:16,7,28.4,AH0,192,29.2758432,Day,F,L,A,MYSE
151.909,8443,6/3/2015,5/30/2015,11:31:17,7,30.7,AH0,154,33.6181719,Day,F,L,A,MYSE
151.909,8443,6/3/2015,5/29/2015,11:31:18,7,28.4,AH0,194,29.2758432,Day,F,L,A,MYSE
151.909,8443,6/3/2015,5/30/2015,11:31:31,7,30.6,AH0,157,33.4590728,Day,F,L,A,MYSE
151.909,8443,6/3/2015,5/29/2015,11:31:33,7,28.4,AH0,195,29.2758432,Day,F,L,A,MYSE
151.909,8443,6/3/2015,5/30/2015,11:31:33,7,30.6,AH0,159,33.4590728,Day,F,L,A,MYSE
151.909,8443,6/3/2015,5/29/2015,11:31:35,7,28.4,AH0,194,29.2758432,Day,F,L,A,MYSE
151.909,8443,6/3/2015,5/30/2015,11:31:35,7,30.6,AH0,149,33.4590728,Day,F,L,A,MYSE
151.909,8443,6/3/2015,5/29/2015,11:31:37,7,28.4,AH0,195,29.2758432,Day,F,L,A,MYSE
151.909,8443,6/3/2015,5/30/2015,11:31:37,7,30.6,AH0,156,33.4590728,Day,F,L,A,MYSE
151.909,8443,6/3/2015,5/29/2015,11:31:40,7,28.4,AH0,194,29.2758432,Day,F,L,A,MYSE
151.909,8443,6/3/2015,5/28/2015,11:31:52,7,31.7,AH0,51,35.0726529,Day,F,L,A,MYSE
151.909,8443,6/3/2015,5/30/2015,11:31:52,7,30.7,AH0,156,33.6181719,Day,F,L,A,MYSE
151.909,8443,6/3/2015,5/29/2015,11:31:54,7,28.4,AH0,194,29.2758432,Day,F,L,A,MYSE
151.909,8443,6/3/2015,5/30/2015,11:31:54,7,30.7,AH0,156,33.6181719,Day,F,L,A,MYSE
151.909,8443,6/3/2015,5/29/2015,11:31:56,7,28.4,AH0,196,29.2758432,Day,F,L,A,MYSE
151.909,8443,6/3/2015,5/30/2015,11:31:56,7,30.7,AH0,157,33.6181719,Day,F,L,A,MYSE
151.909,8443,6/3/2015,5/30/2015,11:31:58,7,30.7,AH0,151,33.6181719,Day,F,L,A,MYSE
151.909,8443,6/3/2015,5/29/2015,11:31:59,7,28.4,AH0,196,29.2758432,Day,F,L,A,MYSE
151.909,8443,6/3/2015,5/30/2015,11:32:12,7,30.8,AH0,155,33.7747296,Day,F,L,A,MYSE
151.909,8443,6/3/2015,5/29/2015,11:32:13,7,28.5,AH0,190,29.4958625,Day,F,L,A,MYSE
151.909,8443,6/3/2015,5/30/2015,11:32:14,7,30.8,AH0,155,33.7747296,Day,F,L,A,MYSE
151.909,8443,6/3/2015,5/29/2015,11:32:15,7,28.5,AH0,189,29.4958625,Day,F,L,A,MYSE
151.909,8443,6/3/2015,5/30/2015,11:32:16,7,30.8,AH0,154,33.7747296,Day,F,L,A,MYSE
151.909,8443,6/3/2015,5/29/2015,11:32:18,7,28.5,AH0,193,29.4958625,Day,F,L,A,MYSE
151.909,8443,6/3/2015,5/30/2015,11:32:18,7,30.8,AH0,153,33.7747296,Day,F,L,A,MYSE
151.909,8443,6/3/2015,5/29/2015,11:32:20,7,28.5,AH0,190,29.4958625,Day,F,L,A,MYSE
151.909,8443,6/3/2015,5/30/2015,11:32:31,7,30.8,AH0,155,33.7747296,Day,F,L,A,MYSE
151.909,8443,6/3/2015,5/29/2015,11:32:32,7,28.6,AH0,193,29.7129048,Day,F,L,A,MYSE
151.909,8443,6/3/2015,5/30/2015,11:32:33,7,30.8,AH0,151,33.7747296,Day,F,L,A,MYSE
151.909,8443,6/3/2015,5/29/2015,11:32:34,7,28.5,AH0,191,29.4958625,Day,F,L,A,MYSE
151.909,8443,6/3/2015,5/30/2015,11:32:35,7,30.8,AH0,151,33.7747296,Day,F,L,A,MYSE
151.909,8443,6/3/2015,5/29/2015,11:32:37,7,28.5,AH0,192,29.4958625,Day,F,L,A,MYSE
151.909,8443,6/3/2015,5/30/2015,11:32:37,7,30.8,AH0,152,33.7747296,Day,F,L,A,MYSE
151.909,8443,6/3/2015,5/29/2015,11:32:39,7,28.5,AH0,191,29.4958625,Day,F,L,A,MYSE
151.909,8443,6/3/2015,5/30/2015,11:32:51,7,30.8,AH0,150,33.7747296,Day,F,L,A,MYSE
151.909,8443,6/3/2015,5/29/2015,11:32:53,7,28.5,AH0,188,29.4958625,Day,F,L,A,MYSE
151.909,8443,6/3/2015,5/30/2015,11:32:53,7,30.8,AH0,159,33.7747296,Day,F,L,A,MYSE
151.909,8443,6/3/2015,5/29/2015,11:32:55,7,28.5,AH0,189,29.4958625,Day,F,L,A,MYSE
151.909,8443,6/3/2015,5/30/2015,11:32:55,7,30.8,AH0,152,33.7747296,Day,F,L,A,MYSE
151.909,8443,6/3/2015,5/30/2015,11:32:57,7,30.8,AH0,152,33.7747296,Day,F,L,A,MYSE
151.909,8443,6/3/2015,5/29/2015,11:32:58,7,28.5,AH0,188,29.4958625,Day,F,L,A,MYSE
151.909,8443,6/3/2015,5/29/2015,11:33:00,7,28.5,AH0,190,29.4958625,Day,F,L,A,MYSE
151.909,8443,6/3/2015,5/29/2015,11:33:12,7,28.5,AH0,197,29.4958625,Day,F,L,A,MYSE
151.909,8443,6/3/2015,5/30/2015,11:33:12,7,30.8,AH0,150,33.7747296,Day,F,L,A,MYSE
151.909,8443,6/3/2015,5/29/2015,11:33:14,7,28.5,AH0,196,29.4958625,Day,F,L,A,MYSE
151.909,8443,6/3/2015,5/30/2015,11:33:14,7,30.8,AH0,151,33.7747296,Day,F,L,A,MYSE
151.909,8443,6/3/2015,5/30/2015,11:33:16,7,30.8,AH0,150,33.7747296,Day,F,L,A,MYSE
151.909,8443,6/3/2015,5/29/2015,11:33:17,7,28.5,AH0,195,29.4958625,Day,F,L,A,MYSE
151.909,8443,6/3/2015,5/30/2015,11:33:18,7,30.8,AH0,153,33.7747296,Day,F,L,A,MYSE
151.909,8443,6/3/2015,5/29/2015,11:33:19,7,28.5,AH0,193,29.4958625,Day,F,L,A,MYSE
151.909,8443,6/3/2015,5/30/2015,11:33:32,7,30.8,AH0,149,33.7747296,Day,F,L,A,MYSE
151.909,8443,6/3/2015,5/29/2015,11:33:33,7,28.6,AH0,193,29.7129048,Day,F,L,A,MYSE
151.909,8443,6/3/2015,5/30/2015,11:33:34,7,30.8,AH0,153,33.7747296,Day,F,L,A,MYSE
151.909,8443,6/3/2015,5/29/2015,11:33:35,7,28.6,AH0,193,29.7129048,Day,F,L,A,MYSE
151.909,8443,6/3/2015,5/30/2015,11:33:36,7,30.8,AH0,154,33.7747296,Day,F,L,A,MYSE
151.909,8443,6/3/2015,5/29/2015,11:33:38,7,28.6,AH0,192,29.7129048,Day,F,L,A,MYSE
151.909,8443,6/3/2015,5/30/2015,11:33:38,7,30.8,AH0,148,33.7747296,Day,F,L,A,MYSE
151.909,8443,6/3/2015,5/29/2015,11:33:40,7,28.6,AH0,192,29.7129048,Day,F,L,A,MYSE
151.909,8443,6/3/2015,5/30/2015,11:33:51,7,30.9,AH0,152,33.9287657,Day,F,L,A,MYSE
151.909,8443,6/3/2015,5/30/2015,11:33:53,7,30.9,AH0,147,33.9287657,Day,F,L,A,MYSE
151.909,8443,6/3/2015,5/29/2015,11:33:54,7,28.6,AH0,195,29.7129048,Day,F,L,A,MYSE
151.909,8443,6/3/2015,5/30/2015,11:33:55,7,30.9,AH0,150,33.9287657,Day,F,L,A,MYSE
151.909,8443,6/3/2015,5/29/2015,11:33:56,7,28.6,AH0,195,29.7129048,Day,F,L,A,MYSE
151.909,8443,6/3/2015,5/30/2015,11:33:57,7,30.9,AH0,144,33.9287657,Day,F,L,A,MYSE
151.909,8443,6/3/2015,5/29/2015,11:33:59,7,28.6,AH0,193,29.7129048,Day,F,L,A,MYSE
151.909,8443,6/3/2015,5/30/2015,11:34:11,7,30.9,AH0,152,33.9287657,Day,F,L,A,MYSE
151.909,8443,6/3/2015,5/29/2015,11:34:13,7,28.6,AH0,199,29.7129048,Day,F,L,A,MYSE
151.909,8443,6/3/2015,5/30/2015,11:34:13,7,30.9,AH0,153,33.9287657,Day,F,L,A,MYSE
151.909,8443,6/3/2015,5/29/2015,11:34:15,7,28.6,AH0,196,29.7129048,Day,F,L,A,MYSE
151.909,8443,6/3/2015,5/30/2015,11:34:15,7,30.9,AH0,150,33.9287657,Day,F,L,A,MYSE
151.909,8443,6/3/2015,5/29/2015,11:34:17,7,28.6,AH0,193,29.7129048,Day,F,L,A,MYSE
151.909,8443,6/3/2015,5/30/2015,11:34:17,7,30.9,AH0,151,33.9287657,Day,F,L,A,MYSE
151.909,8443,6/3/2015,5/29/2015,11:34:20,7,28.6,AH0,197,29.7129048,Day,F,L,A,MYSE
151.909,8443,6/3/2015,5/30/2015,11:34:32,7,30.9,AH0,153,33.9287657,Day,F,L,A,MYSE
151.909,8443,6/3/2015,5/29/2015,11:34:34,7,28.6,AH0,195,29.7129048,Day,F,L,A,MYSE
151.909,8443,6/3/2015,5/30/2015,11:34:34,7,30.9,AH0,154,33.9287657,Day,F,L,A,MYSE
151.909,8443,6/3/2015,5/29/2015,11:34:36,7,28.6,AH0,197,29.7129048,Day,F,L,A,MYSE
151.909,8443,6/3/2015,5/30/2015,11:34:36,7,30.9,AH0,152,33.9287657,Day,F,L,A,MYSE
151.909,8443,6/3/2015,5/29/2015,11:34:38,7,28.6,AH0,195,29.7129048,Day,F,L,A,MYSE
151.909,8443,6/3/2015,5/30/2015,11:34:38,7,30.9,AH0,152,33.9287657,Day,F,L,A,MYSE
151.909,8443,6/3/2015,5/30/2015,11:34:52,7,30.9,AH0,153,33.9287657,Day,F,L,A,MYSE
151.909,8443,6/3/2015,5/29/2015,11:34:53,7,28.6,AH0,195,29.7129048,Day,F,L,A,MYSE
151.909,8443,6/3/2015,5/30/2015,11:34:54,7,31,AH0,156,34.0803,Day,F,L,A,MYSE
151.909,8443,6/3/2015,5/29/2015,11:34:55,7,28.6,AH0,192,29.7129048,Day,F,L,A,MYSE
151.909,8443,6/3/2015,5/30/2015,11:34:56,7,31,AH0,157,34.0803,Day,F,L,A,MYSE
151.909,8443,6/3/2015,5/29/2015,11:34:57,7,28.6,AH0,195,29.7129048,Day,F,L,A,MYSE
151.909,8443,6/3/2015,5/30/2015,11:34:57,7,31,AH0,151,34.0803,Day,F,L,A,MYSE
151.909,8443,6/3/2015,5/29/2015,11:34:59,7,28.6,AH0,196,29.7129048,Day,F,L,A,MYSE
151.909,8443,6/3/2015,5/28/2015,11:35:07,7,31.3,AH0,90,34.5200901,Day,F,L,A,MYSE
151.909,8443,6/3/2015,5/28/2015,11:35:09,7,31.2,AH0,105,34.3759424,Day,F,L,A,MYSE
151.909,8443,6/3/2015,5/28/2015,11:35:11,7,31.2,AH0,111,34.3759424,Day,F,L,A,MYSE
151.909,8443,6/3/2015,5/30/2015,11:35:11,7,31,AH0,154,34.0803,Day,F,L,A,MYSE
151.909,8443,6/3/2015,5/28/2015,11:35:13,7,31.2,AH0,115,34.3759424,Day,F,L,A,MYSE
151.909,8443,6/3/2015,5/30/2015,11:35:13,7,31,AH0,158,34.0803,Day,F,L,A,MYSE
151.909,8443,6/3/2015,5/29/2015,11:35:14,7,28.6,AH0,198,29.7129048,Day,F,L,A,MYSE
151.909,8443,6/3/2015,5/30/2015,11:35:15,7,31.1,AH0,155,34.2293523,Day,F,L,A,MYSE
151.909,8443,6/3/2015,5/29/2015,11:35:16,7,28.6,AH0,197,29.7129048,Day,F,L,A,MYSE
151.909,8443,6/3/2015,5/30/2015,11:35:17,7,31.1,AH0,159,34.2293523,Day,F,L,A,MYSE
151.909,8443,6/3/2015,5/29/2015,11:35:18,7,28.6,AH0,196,29.7129048,Day,F,L,A,MYSE
151.909,8443,6/3/2015,5/28/2015,11:35:29,7,31,AH0,114,34.0803,Day,F,L,A,MYSE
151.909,8443,6/3/2015,5/28/2015,11:35:30,7,31,AH0,119,34.0803,Day,F,L,A,MYSE
151.909,8443,6/3/2015,5/28/2015,11:35:32,7,31,AH0,119,34.0803,Day,F,L,A,MYSE
151.909,8443,6/3/2015,5/30/2015,11:35:32,7,31.1,AH0,152,34.2293523,Day,F,L,A,MYSE
151.909,8443,6/3/2015,5/29/2015,11:35:33,7,28.7,AH0,201,29.9269899,Day,F,L,A,MYSE
151.909,8443,6/3/2015,5/28/2015,11:35:34,7,31,AH0,137,34.0803,Day,F,L,A,MYSE
151.909,8443,6/3/2015,5/30/2015,11:35:34,7,31.1,AH0,150,34.2293523,Day,F,L,A,MYSE
151.909,8443,6/3/2015,5/29/2015,11:35:35,7,28.7,AH0,199,29.9269899,Day,F,L,A,MYSE
151.909,8443,6/3/2015,5/30/2015,11:35:36,7,31.1,AH0,151,34.2293523,Day,F,L,A,MYSE
151.909,8443,6/3/2015,5/29/2015,11:35:37,7,28.7,AH0,197,29.9269899,Day,F,L,A,MYSE
151.909,8443,6/3/2015,5/30/2015,11:35:38,7,31.1,AH0,153,34.2293523,Day,F,L,A,MYSE
151.909,8443,6/3/2015,5/29/2015,11:35:39,7,28.7,AH0,196,29.9269899,Day,F,L,A,MYSE
151.909,8443,6/3/2015,5/30/2015,11:35:52,7,31,AH0,150,34.0803,Day,F,L,A,MYSE
151.909,8443,6/3/2015,5/29/2015,11:35:54,7,28.7,AH0,197,29.9269899,Day,F,L,A,MYSE
151.909,8443,6/3/2015,5/30/2015,11:35:54,7,31,AH0,148,34.0803,Day,F,L,A,MYSE
151.909,8443,6/3/2015,5/30/2015,11:35:55,7,31,AH0,152,34.0803,Day,F,L,A,MYSE
151.909,8443,6/3/2015,5/29/2015,11:35:56,7,28.7,AH0,197,29.9269899,Day,F,L,A,MYSE
151.909,8443,6/3/2015,5/30/2015,11:35:57,7,31,AH0,150,34.0803,Day,F,L,A,MYSE
151.909,8443,6/3/2015,5/29/2015,11:35:58,7,28.7,AH0,198,29.9269899,Day,F,L,A,MYSE
151.909,8443,6/3/2015,5/30/2015,11:36:11,7,31,AH0,147,34.0803,Day,F,L,A,MYSE
151.909,8443,6/3/2015,5/29/2015,11:36:13,7,28.7,AH0,195,29.9269899,Day,F,L,A,MYSE
151.909,8443,6/3/2015,5/30/2015,11:36:13,7,31.1,AH0,146,34.2293523,Day,F,L,A,MYSE
151.909,8443,6/3/2015,5/29/2015,11:36:15,7,28.7,AH0,196,29.9269899,Day,F,L,A,MYSE
151.909,8443,6/3/2015,5/30/2015,11:36:15,7,31,AH0,149,34.0803,Day,F,L,A,MYSE
151.909,8443,6/3/2015,5/29/2015,11:36:17,7,28.7,AH0,197,29.9269899,Day,F,L,A,MYSE
151.909,8443,6/3/2015,5/30/2015,11:36:17,7,31.1,AH0,152,34.2293523,Day,F,L,A,MYSE
151.909,8443,6/3/2015,5/29/2015,11:36:19,7,28.7,AH0,198,29.9269899,Day,F,L,A,MYSE
151.909,8443,6/3/2015,5/28/2015,11:36:27,7,31,AH0,109,34.0803,Day,F,L,A,MYSE
151.909,8443,6/3/2015,5/28/2015,11:36:29,7,31,AH0,120,34.0803,Day,F,L,A,MYSE
151.909,8443,6/3/2015,5/28/2015,11:36:31,7,31,AH0,109,34.0803,Day,F,L,A,MYSE
151.909,8443,6/3/2015,5/30/2015,11:36:32,7,31.1,AH0,152,34.2293523,Day,F,L,A,MYSE
151.909,8443,6/3/2015,5/28/2015,11:36:33,7,31,AH0,129,34.0803,Day,F,L,A,MYSE
151.909,8443,6/3/2015,5/29/2015,11:36:34,7,28.7,AH0,194,29.9269899,Day,F,L,A,MYSE
151.909,8443,6/3/2015,5/30/2015,11:36:34,7,31.1,AH0,154,34.2293523,Day,F,L,A,MYSE
151.909,8443,6/3/2015,5/28/2015,11:36:35,7,30.9,AH0,137,33.9287657,Day,F,L,A,MYSE
151.909,8443,6/3/2015,5/29/2015,11:36:36,7,28.7,AH0,195,29.9269899,Day,F,L,A,MYSE
151.909,8443,6/3/2015,5/30/2015,11:36:36,7,31.1,AH0,150,34.2293523,Day,F,L,A,MYSE
151.909,8443,6/3/2015,5/29/2015,11:36:38,7,28.7,AH0,197,29.9269899,Day,F,L,A,MYSE
151.909,8443,6/3/2015,5/30/2015,11:36:38,7,31.1,AH0,153,34.2293523,Day,F,L,A,MYSE
151.909,8443,6/3/2015,5/29/2015,11:36:40,7,28.7,AH0,197,29.9269899,Day,F,L,A,MYSE
151.909,8443,6/3/2015,5/28/2015,11:36:48,7,30.5,AH0,135,33.2974125,Day,F,L,A,MYSE
151.909,8443,6/3/2015,5/28/2015,11:36:50,7,30.5,AH0,130,33.2974125,Day,F,L,A,MYSE
151.909,8443,6/3/2015,5/30/2015,11:36:51,7,31.1,AH0,145,34.2293523,Day,F,L,A,MYSE
151.909,8443,6/3/2015,5/28/2015,11:36:52,7,30.5,AH0,131,33.2974125,Day,F,L,A,MYSE
151.909,8443,6/3/2015,5/29/2015,11:36:52,7,28.7,AH0,199,29.9269899,Day,F,L,A,MYSE
151.909,8443,6/3/2015,5/30/2015,11:36:53,7,31.1,AH0,145,34.2293523,Day,F,L,A,MYSE
151.909,8443,6/3/2015,5/28/2015,11:36:54,7,30.4,AH0,126,33.1331712,Day,F,L,A,MYSE
151.909,8443,6/3/2015,5/29/2015,11:36:55,7,28.7,AH0,198,29.9269899,Day,F,L,A,MYSE
151.909,8443,6/3/2015,5/30/2015,11:36:55,7,31.1,AH0,148,34.2293523,Day,F,L,A,MYSE
151.909,8443,6/3/2015,5/29/2015,11:36:57,7,28.7,AH0,197,29.9269899,Day,F,L,A,MYSE
151.909,8443,6/3/2015,5/30/2015,11:36:57,7,31,AH0,147,34.0803,Day,F,L,A,MYSE
151.909,8443,6/3/2015,5/29/2015,11:36:59,7,28.7,AH0,198,29.9269899,Day,F,L,A,MYSE
151.909,8443,6/3/2015,5/28/2015,11:37:08,7,30.2,AH0,56,32.7968664,Day,F,L,A,MYSE
151.909,8443,6/3/2015,5/30/2015,11:37:11,7,30.9,AH0,144,33.9287657,Day,F,L,A,MYSE
151.909,8443,6/3/2015,5/28/2015,11:37:12,7,15.2,AH0,52,-33.6620736,Day,F,L,A,MYSE
151.909,8443,6/3/2015,5/29/2015,11:37:13,7,28.7,AH0,195,29.9269899,Day,F,L,A,MYSE
151.909,8443,6/3/2015,5/30/2015,11:37:13,7,30.9,AH0,153,33.9287657,Day,F,L,A,MYSE
151.909,8443,6/3/2015,5/28/2015,11:37:14,7,30.5,AH0,62,33.2974125,Day,F,L,A,MYSE
151.909,8443,6/3/2015,5/29/2015,11:37:15,7,28.7,AH0,196,29.9269899,Day,F,L,A,MYSE
151.909,8443,6/3/2015,5/30/2015,11:37:15,7,30.9,AH0,150,33.9287657,Day,F,L,A,MYSE
151.909,8443,6/3/2015,5/30/2015,11:37:17,7,30.9,AH0,152,33.9287657,Day,F,L,A,MYSE
151.909,8443,6/3/2015,5/29/2015,11:37:18,7,28.7,AH0,197,29.9269899,Day,F,L,A,MYSE
151.909,8443,6/3/2015,5/29/2015,11:37:20,7,28.7,AH0,199,29.9269899,Day,F,L,A,MYSE
151.909,8443,6/3/2015,5/28/2015,11:37:28,7,30.9,AH0,60,33.9287657,Day,F,L,A,MYSE
151.909,8443,6/3/2015,5/28/2015,11:37:30,7,30.9,AH0,63,33.9287657,Day,F,L,A,MYSE
151.909,8443,6/3/2015,5/28/2015,11:37:32,7,31.2,AH0,66,34.3759424,Day,F,L,A,MYSE
151.909,8443,6/3/2015,5/29/2015,11:37:32,7,28.7,AH0,198,29.9269899,Day,F,L,A,MYSE
151.909,8443,6/3/2015,5/30/2015,11:37:32,7,30.9,AH0,158,33.9287657,Day,F,L,A,MYSE
151.909,8443,6/3/2015,5/28/2015,11:37:34,7,31,AH0,59,34.0803,Day,F,L,A,MYSE
151.909,8443,6/3/2015,5/29/2015,11:37:34,7,28.7,AH0,197,29.9269899,Day,F,L,A,MYSE
151.909,8443,6/3/2015,5/30/2015,11:37:34,7,30.9,AH0,161,33.9287657,Day,F,L,A,MYSE
151.909,8443,6/3/2015,5/29/2015,11:37:36,7,28.7,AH0,197,29.9269899,Day,F,L,A,MYSE
151.909,8443,6/3/2015,5/30/2015,11:37:36,7,31,AH0,161,34.0803,Day,F,L,A,MYSE
151.909,8443,6/3/2015,5/30/2015,11:37:38,7,31,AH0,155,34.0803,Day,F,L,A,MYSE
151.909,8443,6/3/2015,5/29/2015,11:37:39,7,28.7,AH0,195,29.9269899,Day,F,L,A,MYSE
151.909,8443,6/3/2015,5/28/2015,11:37:47,7,31.3,AH0,66,34.5200901,Day,F,L,A,MYSE
151.909,8443,6/3/2015,5/28/2015,11:37:49,7,31.3,AH0,63,34.5200901,Day,F,L,A,MYSE
151.909,8443,6/3/2015,5/28/2015,11:37:51,7,31.3,AH0,62,34.5200901,Day,F,L,A,MYSE
151.909,8443,6/3/2015,5/30/2015,11:37:52,7,31.1,AH0,161,34.2293523,Day,F,L,A,MYSE
151.909,8443,6/3/2015,5/28/2015,11:37:53,7,31.6,AH0,54,34.9380768,Day,F,L,A,MYSE
151.909,8443,6/3/2015,5/29/2015,11:37:53,7,28.7,AH0,197,29.9269899,Day,F,L,A,MYSE
151.909,8443,6/3/2015,5/30/2015,11:37:53,7,31.1,AH0,157,34.2293523,Day,F,L,A,MYSE
151.909,8443,6/3/2015,5/29/2015,11:37:55,7,28.7,AH0,197,29.9269899,Day,F,L,A,MYSE
151.909,8443,6/3/2015,5/30/2015,11:37:55,7,31.1,AH0,152,34.2293523,Day,F,L,A,MYSE
151.909,8443,6/3/2015,5/29/2015,11:37:57,7,28.7,AH0,196,29.9269899,Day,F,L,A,MYSE
151.909,8443,6/3/2015,5/30/2015,11:37:57,7,31.1,AH0,154,34.2293523,Day,F,L,A,MYSE
151.909,8443,6/3/2015,5/29/2015,11:37:59,7,28.7,AH0,194,29.9269899,Day,F,L,A,MYSE
151.909,8443,6/3/2015,5/28/2015,11:38:08,7,31.6,AH0,52,34.9380768,Day,F,L,A,MYSE
151.909,8443,6/3/2015,5/28/2015,11:38:10,7,31.6,AH0,51,34.9380768,Day,F,L,A,MYSE
151.909,8443,6/3/2015,5/30/2015,11:38:11,7,31.1,AH0,157,34.2293523,Day,F,L,A,MYSE
151.909,8443,6/3/2015,5/28/2015,11:38:12,7,31.7,AH0,59,35.0726529,Day,F,L,A,MYSE
151.909,8443,6/3/2015,5/30/2015,11:38:13,7,31.1,AH0,155,34.2293523,Day,F,L,A,MYSE
151.909,8443,6/3/2015,5/28/2015,11:38:14,7,31.6,AH0,60,34.9380768,Day,F,L,A,MYSE
151.909,8443,6/3/2015,5/29/2015,11:38:14,7,28.7,AH0,197,29.9269899,Day,F,L,A,MYSE
151.909,8443,6/3/2015,5/30/2015,11:38:15,7,31.1,AH0,154,34.2293523,Day,F,L,A,MYSE
151.909,8443,6/3/2015,5/29/2015,11:38:16,7,28.7,AH0,197,29.9269899,Day,F,L,A,MYSE
151.909,8443,6/3/2015,5/30/2015,11:38:17,7,31.1,AH0,157,34.2293523,Day,F,L,A,MYSE
151.909,8443,6/3/2015,5/29/2015,11:38:18,7,28.7,AH0,195,29.9269899,Day,F,L,A,MYSE
151.909,8443,6/3/2015,5/28/2015,11:38:28,7,31.5,AH0,48,34.8011375,Day,F,L,A,MYSE
151.909,8443,6/3/2015,5/28/2015,11:38:29,7,31.6,AH0,52,34.9380768,Day,F,L,A,MYSE
151.909,8443,6/3/2015,5/28/2015,11:38:31,7,31.7,AH0,49,35.0726529,Day,F,L,A,MYSE
151.909,8443,6/3/2015,5/30/2015,11:38:32,7,31.2,AH0,161,34.3759424,Day,F,L,A,MYSE
151.909,8443,6/3/2015,5/28/2015,11:38:33,7,31.7,AH0,50,35.0726529,Day,F,L,A,MYSE
151.909,8443,6/3/2015,5/29/2015,11:38:33,7,28.7,AH0,196,29.9269899,Day,F,L,A,MYSE
151.909,8443,6/3/2015,5/30/2015,11:38:34,7,31.1,AH0,164,34.2293523,Day,F,L,A,MYSE
151.909,8443,6/3/2015,5/29/2015,11:38:35,7,28.7,AH0,199,29.9269899,Day,F,L,A,MYSE
151.909,8443,6/3/2015,5/30/2015,11:38:36,7,31.2,AH0,167,34.3759424,Day,F,L,A,MYSE
151.909,8443,6/3/2015,5/29/2015,11:38:37,7,28.7,AH0,195,29.9269899,Day,F,L,A,MYSE
151.909,8443,6/3/2015,5/30/2015,11:38:38,7,31.2,AH0,164,34.3759424,Day,F,L,A,MYSE
151.909,8443,6/3/2015,5/29/2015,11:38:39,7,28.7,AH0,194,29.9269899,Day,F,L,A,MYSE
151.909,8443,6/3/2015,5/30/2015,11:38:51,7,31.2,AH0,160,34.3759424,Day,F,L,A,MYSE
151.909,8443,6/3/2015,5/30/2015,11:38:53,7,31.2,AH0,161,34.3759424,Day,F,L,A,MYSE
151.909,8443,6/3/2015,5/29/2015,11:38:54,7,28.7,AH0,197,29.9269899,Day,F,L,A,MYSE
151.909,8443,6/3/2015,5/30/2015,11:38:55,7,31.2,AH0,157,34.3759424,Day,F,L,A,MYSE
151.909,8443,6/3/2015,5/29/2015,11:38:56,7,28.7,AH0,193,29.9269899,Day,F,L,A,MYSE
151.909,8443,6/3/2015,5/30/2015,11:38:57,7,31.2,AH0,159,34.3759424,Day,F,L,A,MYSE
151.909,8443,6/3/2015,5/29/2015,11:38:58,7,28.7,AH0,196,29.9269899,Day,F,L,A,MYSE
151.909,8443,6/3/2015,5/28/2015,11:39:07,7,31.9,AH0,58,35.3347947,Day,F,L,A,MYSE
151.909,8443,6/3/2015,5/28/2015,11:39:09,7,31.7,AH0,48,35.0726529,Day,F,L,A,MYSE
151.909,8443,6/3/2015,5/30/2015,11:39:11,7,31.3,AH0,167,34.5200901,Day,F,L,A,MYSE
151.909,8443,6/3/2015,5/30/2015,11:39:12,7,31.3,AH0,157,34.5200901,Day,F,L,A,MYSE
151.909,8443,6/3/2015,5/28/2015,11:39:13,7,15.9,AH0,52,-28.2712693,Day,F,L,A,MYSE
151.909,8443,6/3/2015,5/29/2015,11:39:13,7,28.6,AH0,196,29.7129048,Day,F,L,A,MYSE
151.909,8443,6/3/2015,5/30/2015,11:39:14,7,31.3,AH0,155,34.5200901,Day,F,L,A,MYSE
151.909,8443,6/3/2015,5/29/2015,11:39:15,7,28.6,AH0,192,29.7129048,Day,F,L,A,MYSE
151.909,8443,6/3/2015,5/30/2015,11:39:16,7,31.2,AH0,159,34.3759424,Day,F,L,A,MYSE
151.909,8443,6/3/2015,5/29/2015,11:39:17,7,28.6,AH0,194,29.7129048,Day,F,L,A,MYSE
151.909,8443,6/3/2015,5/30/2015,11:39:18,7,31.2,AH0,158,34.3759424,Day,F,L,A,MYSE
151.909,8443,6/3/2015,5/29/2015,11:39:19,7,28.6,AH0,194,29.7129048,Day,F,L,A,MYSE
151.909,8443,6/3/2015,5/30/2015,11:39:32,7,31.1,AH0,157,34.2293523,Day,F,L,A,MYSE
151.909,8443,6/3/2015,5/29/2015,11:39:34,7,28.6,AH0,194,29.7129048,Day,F,L,A,MYSE
151.909,8443,6/3/2015,5/30/2015,11:39:34,7,31.1,AH0,154,34.2293523,Day,F,L,A,MYSE
151.909,8443,6/3/2015,5/29/2015,11:39:36,7,28.6,AH0,195,29.7129048,Day,F,L,A,MYSE
151.909,8443,6/3/2015,5/30/2015,11:39:36,7,31.1,AH0,153,34.2293523,Day,F,L,A,MYSE
151.909,8443,6/3/2015,5/30/2015,11:39:37,7,31.1,AH0,153,34.2293523,Day,F,L,A,MYSE
151.909,8443,6/3/2015,5/29/2015,11:39:38,7,28.6,AH0,194,29.7129048,Day,F,L,A,MYSE
151.909,8443,6/3/2015,5/29/2015,11:39:40,7,28.6,AH0,197,29.7129048,Day,F,L,A,MYSE
151.909,8443,6/3/2015,5/28/2015,11:39:49,7,16.1,AH0,51,-26.7805827,Day,F,L,A,MYSE
151.909,8443,6/3/2015,5/28/2015,11:39:51,7,32.2,AH0,54,35.7107784,Day,F,L,A,MYSE
151.909,8443,6/3/2015,5/30/2015,11:39:51,7,31,AH0,154,34.0803,Day,F,L,A,MYSE
151.909,8443,6/3/2015,5/28/2015,11:39:53,7,32.3,AH0,56,35.8315911,Day,F,L,A,MYSE
151.909,8443,6/3/2015,5/29/2015,11:39:53,7,28.6,AH0,195,29.7129048,Day,F,L,A,MYSE
151.909,8443,6/3/2015,5/30/2015,11:39:53,7,31,AH0,153,34.0803,Day,F,L,A,MYSE
151.909,8443,6/3/2015,5/28/2015,11:39:54,7,32.2,AH0,55,35.7107784,Day,F,L,A,MYSE
151.909,8443,6/3/2015,5/29/2015,11:39:55,7,28.6,AH0,192,29.7129048,Day,F,L,A,MYSE
151.909,8443,6/3/2015,5/30/2015,11:39:55,7,30.9,AH0,153,33.9287657,Day,F,L,A,MYSE
151.909,8443,6/3/2015,5/29/2015,11:39:57,7,28.6,AH0,198,29.7129048,Day,F,L,A,MYSE
151.909,8443,6/3/2015,5/30/2015,11:39:57,7,30.9,AH0,152,33.9287657,Day,F,L,A,MYSE
151.909,8443,6/3/2015,5/29/2015,11:39:59,7,28.6,AH0,197,29.7129048,Day,F,L,A,MYSE
151.909,8443,6/3/2015,5/28/2015,11:40:07,7,32.2,AH0,54,35.7107784,Day,F,L,A,MYSE
151.909,8443,6/3/2015,5/28/2015,11:40:09,7,32.1,AH0,58,35.5877213,Day,F,L,A,MYSE
151.909,8443,6/3/2015,5/30/2015,11:40:10,7,30.8,AH0,149,33.7747296,Day,F,L,A,MYSE
151.909,8443,6/3/2015,5/28/2015,11:40:11,7,32.2,AH0,54,35.7107784,Day,F,L,A,MYSE
151.909,8443,6/3/2015,5/30/2015,11:40:12,7,30.8,AH0,151,33.7747296,Day,F,L,A,MYSE
151.909,8443,6/3/2015,5/28/2015,11:40:13,7,32.3,AH0,55,35.8315911,Day,F,L,A,MYSE
151.909,8443,6/3/2015,5/29/2015,11:40:14,7,28.5,AH0,196,29.4958625,Day,F,L,A,MYSE
151.909,8443,6/3/2015,5/30/2015,11:40:14,7,30.8,AH0,152,33.7747296,Day,F,L,A,MYSE
151.909,8443,6/3/2015,5/29/2015,11:40:16,7,28.5,AH0,198,29.4958625,Day,F,L,A,MYSE
151.909,8443,6/3/2015,5/30/2015,11:40:16,7,30.8,AH0,148,33.7747296,Day,F,L,A,MYSE
151.909,8443,6/3/2015,5/29/2015,11:40:18,7,28.5,AH0,193,29.4958625,Day,F,L,A,MYSE
151.909,8443,6/3/2015,5/30/2015,11:40:18,7,30.8,AH0,151,33.7747296,Day,F,L,A,MYSE
151.909,8443,6/3/2015,5/29/2015,11:40:20,7,28.5,AH0,198,29.4958625,Day,F,L,A,MYSE
151.909,8443,6/3/2015,5/28/2015,11:40:28,7,32.4,AH0,56,35.9501792,Day,F,L,A,MYSE
151.909,8443,6/3/2015,5/28/2015,11:40:30,7,32.5,AH0,59,36.0665625,Day,F,L,A,MYSE
151.909,8443,6/3/2015,5/28/2015,11:40:32,7,32.5,AH0,53,36.0665625,Day,F,L,A,MYSE
151.909,8443,6/3/2015,5/30/2015,11:40:32,7,30.9,AH0,157,33.9287657,Day,F,L,A,MYSE
151.909,8443,6/3/2015,5/28/2015,11:40:33,7,32.5,AH0,65,36.0665625,Day,F,L,A,MYSE
151.909,8443,6/3/2015,5/29/2015,11:40:33,7,28.5,AH0,196,29.4958625,Day,F,L,A,MYSE
151.909,8443,6/3/2015,5/30/2015,11:40:34,7,30.9,AH0,147,33.9287657,Day,F,L,A,MYSE
151.909,8443,6/3/2015,5/29/2015,11:40:35,7,28.5,AH0,195,29.4958625,Day,F,L,A,MYSE
151.909,8443,6/3/2015,5/30/2015,11:40:36,7,30.9,AH0,150,33.9287657,Day,F,L,A,MYSE
151.909,8443,6/3/2015,5/29/2015,11:40:37,7,28.5,AH0,196,29.4958625,Day,F,L,A,MYSE
151.909,8443,6/3/2015,5/30/2015,11:40:38,7,30.9,AH0,151,33.9287657,Day,F,L,A,MYSE
151.909,8443,6/3/2015,5/29/2015,11:40:39,7,28.5,AH0,196,29.4958625,Day,F,L,A,MYSE
151.909,8443,6/3/2015,5/30/2015,11:40:51,7,31,AH0,153,34.0803,Day,F,L,A,MYSE
151.909,8443,6/3/2015,5/30/2015,11:40:53,7,31,AH0,146,34.0803,Day,F,L,A,MYSE
151.909,8443,6/3/2015,5/29/2015,11:40:54,7,28.5,AH0,192,29.4958625,Day,F,L,A,MYSE
151.909,8443,6/3/2015,5/30/2015,11:40:55,7,31,AH0,148,34.0803,Day,F,L,A,MYSE
151.909,8443,6/3/2015,5/29/2015,11:40:56,7,28.5,AH0,195,29.4958625,Day,F,L,A,MYSE
151.909,8443,6/3/2015,5/30/2015,11:40:57,7,31.1,AH0,151,34.2293523,Day,F,L,A,MYSE
151.909,8443,6/3/2015,5/29/2015,11:40:58,7,28.5,AH0,194,29.4958625,Day,F,L,A,MYSE
151.909,8443,6/3/2015,5/29/2015,11:41:00,7,28.5,AH0,189,29.4958625,Day,F,L,A,MYSE
151.909,8443,6/3/2015,5/28/2015,11:41:10,7,32.7,AH0,50,36.2927939,Day,F,L,A,MYSE
151.909,8443,6/3/2015,5/30/2015,11:41:12,7,31,AH0,147,34.0803,Day,F,L,A,MYSE
151.909,8443,6/3/2015,5/29/2015,11:41:13,7,28.4,AH0,197,29.2758432,Day,F,L,A,MYSE
151.909,8443,6/3/2015,5/30/2015,11:41:14,7,31.1,AH0,146,34.2293523,Day,F,L,A,MYSE
151.909,8443,6/3/2015,5/29/2015,11:41:15,7,28.4,AH0,195,29.2758432,Day,F,L,A,MYSE
151.909,8443,6/3/2015,5/30/2015,11:41:15,7,31.1,AH0,147,34.2293523,Day,F,L,A,MYSE
151.909,8443,6/3/2015,5/29/2015,11:41:17,7,28.4,AH0,197,29.2758432,Day,F,L,A,MYSE
151.909,8443,6/3/2015,5/30/2015,11:41:17,7,31.1,AH0,140,34.2293523,Day,F,L,A,MYSE
151.909,8443,6/3/2015,5/29/2015,11:41:19,7,28.5,AH0,192,29.4958625,Day,F,L,A,MYSE
151.909,8443,6/3/2015,5/30/2015,11:41:19,7,31.1,AH0,149,34.2293523,Day,F,L,A,MYSE
151.909,8443,6/3/2015,5/28/2015,11:41:27,7,32.6,AH0,47,36.1807608,Day,F,L,A,MYSE
151.909,8443,6/3/2015,5/28/2015,11:41:29,7,32.5,AH0,49,36.0665625,Day,F,L,A,MYSE
151.909,8443,6/3/2015,5/28/2015,11:41:31,7,32.6,AH0,54,36.1807608,Day,F,L,A,MYSE
151.909,8443,6/3/2015,5/28/2015,11:41:32,7,32.7,AH0,54,36.2927939,Day,F,L,A,MYSE
151.909,8443,6/3/2015,5/30/2015,11:41:33,7,31,AH0,147,34.0803,Day,F,L,A,MYSE
151.909,8443,6/3/2015,5/28/2015,11:41:34,7,32.6,AH0,53,36.1807608,Day,F,L,A,MYSE
151.909,8443,6/3/2015,5/29/2015,11:41:34,7,28.4,AH0,197,29.2758432,Day,F,L,A,MYSE
151.909,8443,6/3/2015,5/30/2015,11:41:35,7,31,AH0,156,34.0803,Day,F,L,A,MYSE
151.909,8443,6/3/2015,5/29/2015,11:41:36,7,28.5,AH0,202,29.4958625,Day,F,L,A,MYSE
151.909,8443,6/3/2015,5/30/2015,11:41:37,7,31,AH0,156,34.0803,Day,F,L,A,MYSE
151.909,8443,6/3/2015,5/29/2015,11:41:38,7,28.5,AH0,201,29.4958625,Day,F,L,A,MYSE
151.909,8443,6/3/2015,5/30/2015,11:41:39,7,31,AH0,151,34.0803,Day,F,L,A,MYSE
151.909,8443,6/3/2015,5/29/2015,11:41:40,7,28.5,AH0,197,29.4958625,Day,F,L,A,MYSE
151.909,8443,6/3/2015,5/28/2015,11:41:47,7,32.8,AH0,56,36.4026816,Day,F,L,A,MYSE
151.909,8443,6/3/2015,5/28/2015,11:41:49,7,32.9,AH0,61,36.5104437,Day,F,L,A,MYSE
151.909,8443,6/3/2015,5/28/2015,11:41:51,7,32.8,AH0,61,36.4026816,Day,F,L,A,MYSE
151.909,8443,6/3/2015,5/30/2015,11:41:52,7,31.1,AH0,151,34.2293523,Day,F,L,A,MYSE
151.909,8443,6/3/2015,5/28/2015,11:41:53,7,32.9,AH0,56,36.5104437,Day,F,L,A,MYSE
151.909,8443,6/3/2015,5/29/2015,11:41:53,7,28.5,AH0,198,29.4958625,Day,F,L,A,MYSE
151.909,8443,6/3/2015,5/30/2015,11:41:54,7,31.1,AH0,151,34.2293523,Day,F,L,A,MYSE
151.909,8443,6/3/2015,5/28/2015,11:41:55,7,32.9,AH0,58,36.5104437,Day,F,L,A,MYSE
151.909,8443,6/3/2015,5/29/2015,11:41:55,7,28.5,AH0,197,29.4958625,Day,F,L,A,MYSE
151.909,8443,6/3/2015,5/30/2015,11:41:56,7,31.1,AH0,152,34.2293523,Day,F,L,A,MYSE
151.909,8443,6/3/2015,5/29/2015,11:41:57,7,28.5,AH0,197,29.4958625,Day,F,L,A,MYSE
151.909,8443,6/3/2015,5/30/2015,11:41:58,7,31,AH0,148,34.0803,Day,F,L,A,MYSE
151.909,8443,6/3/2015,5/29/2015,11:41:59,7,28.5,AH0,197,29.4958625,Day,F,L,A,MYSE
151.909,8443,6/3/2015,5/30/2015,11:42:12,7,30.9,AH0,158,33.9287657,Day,F,L,A,MYSE
151.909,8443,6/3/2015,5/30/2015,11:42:13,7,30.9,AH0,150,33.9287657,Day,F,L,A,MYSE
151.909,8443,6/3/2015,5/29/2015,11:42:14,7,28.5,AH0,198,29.4958625,Day,F,L,A,MYSE
151.909,8443,6/3/2015,5/30/2015,11:42:15,7,30.8,AH0,154,33.7747296,Day,F,L,A,MYSE
151.909,8443,6/3/2015,5/29/2015,11:42:16,7,28.5,AH0,199,29.4958625,Day,F,L,A,MYSE
151.909,8443,6/3/2015,5/30/2015,11:42:17,7,30.8,AH0,152,33.7747296,Day,F,L,A,MYSE
151.909,8443,6/3/2015,5/29/2015,11:42:18,7,28.5,AH0,195,29.4958625,Day,F,L,A,MYSE
151.909,8443,6/3/2015,5/30/2015,11:42:19,7,30.8,AH0,152,33.7747296,Day,F,L,A,MYSE
151.909,8443,6/3/2015,5/28/2015,11:42:28,7,33,AH0,60,36.6161,Day,F,L,A,MYSE
151.909,8443,6/3/2015,5/28/2015,11:42:29,7,32.9,AH0,56,36.5104437,Day,F,L,A,MYSE
151.909,8443,6/3/2015,5/28/2015,11:42:31,7,32.8,AH0,49,36.4026816,Day,F,L,A,MYSE
151.909,8443,6/3/2015,5/28/2015,11:42:33,7,32.9,AH0,59,36.5104437,Day,F,L,A,MYSE
151.909,8443,6/3/2015,5/29/2015,11:42:33,7,28.5,AH0,196,29.4958625,Day,F,L,A,MYSE
151.909,8443,6/3/2015,5/30/2015,11:42:33,7,30.6,AH0,150,33.4590728,Day,F,L,A,MYSE
151.909,8443,6/3/2015,5/29/2015,11:42:35,7,28.5,AH0,196,29.4958625,Day,F,L,A,MYSE
151.909,8443,6/3/2015,5/30/2015,11:42:35,7,30.6,AH0,147,33.4590728,Day,F,L,A,MYSE
151.909,8443,6/3/2015,5/29/2015,11:42:37,7,28.5,AH0,193,29.4958625,Day,F,L,A,MYSE
151.909,8443,6/3/2015,5/30/2015,11:42:37,7,30.6,AH0,148,33.4590728,Day,F,L,A,MYSE
151.909,8443,6/3/2015,5/29/2015,11:42:39,7,28.5,AH0,195,29.4958625,Day,F,L,A,MYSE
151.909,8443,6/3/2015,5/30/2015,11:42:39,7,30.6,AH0,150,33.4590728,Day,F,L,A,MYSE
151.909,8443,6/3/2015,5/30/2015,11:42:53,7,30.5,AH0,154,33.2974125,Day,F,L,A,MYSE
151.909,8443,6/3/2015,5/29/2015,11:42:54,7,28.5,AH0,193,29.4958625,Day,F,L,A,MYSE
151.909,8443,6/3/2015,5/30/2015,11:42:55,7,30.5,AH0,150,33.2974125,Day,F,L,A,MYSE
151.909,8443,6/3/2015,5/29/2015,11:42:56,7,28.5,AH0,197,29.4958625,Day,F,L,A,MYSE
151.909,8443,6/3/2015,5/30/2015,11:42:57,7,30.4,AH0,143,33.1331712,Day,F,L,A,MYSE
151.909,8443,6/3/2015,5/29/2015,11:42:58,7,28.5,AH0,197,29.4958625,Day,F,L,A,MYSE
151.909,8443,6/3/2015,5/30/2015,11:42:59,7,30.5,AH0,153,33.2974125,Day,F,L,A,MYSE
151.909,8443,6/3/2015,5/28/2015,11:43:08,7,33,AH0,56,36.6161,Day,F,L,A,MYSE
151.909,8443,6/3/2015,5/28/2015,11:43:10,7,33,AH0,58,36.6161,Day,F,L,A,MYSE
151.909,8443,6/3/2015,5/28/2015,11:43:11,7,32.8,AH0,59,36.4026816,Day,F,L,A,MYSE
151.909,8443,6/3/2015,5/30/2015,11:43:12,7,30.5,AH0,146,33.2974125,Day,F,L,A,MYSE
151.909,8443,6/3/2015,5/28/2015,11:43:13,7,33,AH0,59,36.6161,Day,F,L,A,MYSE
151.909,8443,6/3/2015,5/29/2015,11:43:13,7,28.5,AH0,194,29.4958625,Day,F,L,A,MYSE
151.909,8443,6/3/2015,5/30/2015,11:43:14,7,30.5,AH0,148,33.2974125,Day,F,L,A,MYSE
151.909,8443,6/3/2015,5/29/2015,11:43:15,7,28.5,AH0,197,29.4958625,Day,F,L,A,MYSE
151.909,8443,6/3/2015,5/30/2015,11:43:16,7,30.5,AH0,150,33.2974125,Day,F,L,A,MYSE
151.909,8443,6/3/2015,5/29/2015,11:43:17,7,28.4,AH0,198,29.2758432,Day,F,L,A,MYSE
151.909,8443,6/3/2015,5/30/2015,11:43:18,7,30.6,AH0,149,33.4590728,Day,F,L,A,MYSE
151.909,8443,6/3/2015,5/29/2015,11:43:19,7,28.5,AH0,196,29.4958625,Day,F,L,A,MYSE
151.909,8443,6/3/2015,5/30/2015,11:43:32,7,30.5,AH0,151,33.2974125,Day,F,L,A,MYSE
151.909,8443,6/3/2015,5/29/2015,11:43:34,7,28.4,AH0,197,29.2758432,Day,F,L,A,MYSE
151.909,8443,6/3/2015,5/30/2015,11:43:34,7,30.5,AH0,150,33.2974125,Day,F,L,A,MYSE
151.909,8443,6/3/2015,5/29/2015,11:43:36,7,28.4,AH0,196,29.2758432,Day,F,L,A,MYSE
151.909,8443,6/3/2015,5/30/2015,11:43:36,7,30.5,AH0,152,33.2974125,Day,F,L,A,MYSE
151.909,8443,6/3/2015,5/29/2015,11:43:38,7,28.4,AH0,195,29.2758432,Day,F,L,A,MYSE
151.909,8443,6/3/2015,5/30/2015,11:43:38,7,30.5,AH0,148,33.2974125,Day,F,L,A,MYSE
151.909,8443,6/3/2015,5/30/2015,11:43:52,7,30.6,AH0,159,33.4590728,Day,F,L,A,MYSE
151.909,8443,6/3/2015,5/29/2015,11:43:53,7,28.4,AH0,198,29.2758432,Day,F,L,A,MYSE
151.909,8443,6/3/2015,5/30/2015,11:43:54,7,30.6,AH0,150,33.4590728,Day,F,L,A,MYSE
151.909,8443,6/3/2015,5/29/2015,11:43:55,7,28.4,AH0,193,29.2758432,Day,F,L,A,MYSE
151.909,8443,6/3/2015,5/30/2015,11:43:56,7,30.6,AH0,148,33.4590728,Day,F,L,A,MYSE
151.909,8443,6/3/2015,5/29/2015,11:43:57,7,28.4,AH0,196,29.2758432,Day,F,L,A,MYSE
151.909,8443,6/3/2015,5/30/2015,11:43:58,7,30.6,AH0,152,33.4590728,Day,F,L,A,MYSE
151.909,8443,6/3/2015,5/29/2015,11:43:59,7,28.4,AH0,199,29.2758432,Day,F,L,A,MYSE
151.909,8443,6/3/2015,5/30/2015,11:44:13,7,30.5,AH0,162,33.2974125,Day,F,L,A,MYSE
151.909,8443,6/3/2015,5/29/2015,11:44:14,7,28.4,AH0,193,29.2758432,Day,F,L,A,MYSE
151.909,8443,6/3/2015,5/30/2015,11:44:15,7,30.5,AH0,171,33.2974125,Day,F,L,A,MYSE
151.909,8443,6/3/2015,5/29/2015,11:44:16,7,28.4,AH0,193,29.2758432,Day,F,L,A,MYSE
151.909,8443,6/3/2015,5/30/2015,11:44:17,7,30.6,AH0,160,33.4590728,Day,F,L,A,MYSE
151.909,8443,6/3/2015,5/29/2015,11:44:18,7,28.4,AH0,195,29.2758432,Day,F,L,A,MYSE
151.909,8443,6/3/2015,5/30/2015,11:44:19,7,30.5,AH0,155,33.2974125,Day,F,L,A,MYSE
151.909,8443,6/3/2015,5/28/2015,11:44:30,7,33,AH0,57,36.6161,Day,F,L,A,MYSE
151.909,8443,6/3/2015,5/29/2015,11:44:33,7,28.4,AH0,195,29.2758432,Day,F,L,A,MYSE
151.909,8443,6/3/2015,5/30/2015,11:44:33,7,30.5,AH0,153,33.2974125,Day,F,L,A,MYSE
151.909,8443,6/3/2015,5/29/2015,11:44:35,7,28.4,AH0,196,29.2758432,Day,F,L,A,MYSE
151.909,8443,6/3/2015,5/30/2015,11:44:35,7,30.4,AH0,150,33.1331712,Day,F,L,A,MYSE
151.909,8443,6/3/2015,5/29/2015,11:44:37,7,28.4,AH0,197,29.2758432,Day,F,L,A,MYSE
151.909,8443,6/3/2015,5/30/2015,11:44:37,7,30.4,AH0,156,33.1331712,Day,F,L,A,MYSE
151.909,8443,6/3/2015,5/29/2015,11:44:39,7,28.4,AH0,192,29.2758432,Day,F,L,A,MYSE
151.909,8443,6/3/2015,5/30/2015,11:44:39,7,30.4,AH0,153,33.1331712,Day,F,L,A,MYSE
151.909,8443,6/3/2015,5/30/2015,11:44:53,7,30.3,AH0,151,32.9663291,Day,F,L,A,MYSE
151.909,8443,6/3/2015,5/29/2015,11:44:54,7,28.3,AH0,197,29.0528271,Day,F,L,A,MYSE
151.909,8443,6/3/2015,5/30/2015,11:44:55,7,30.3,AH0,152,32.9663291,Day,F,L,A,MYSE
151.909,8443,6/3/2015,5/29/2015,11:44:56,7,28.4,AH0,195,29.2758432,Day,F,L,A,MYSE
151.909,8443,6/3/2015,5/30/2015,11:44:57,7,30.3,AH0,147,32.9663291,Day,F,L,A,MYSE
151.909,8443,6/3/2015,5/29/2015,11:44:58,7,28.4,AH0,196,29.2758432,Day,F,L,A,MYSE
151.909,8443,6/3/2015,5/30/2015,11:44:59,7,30.3,AH0,153,32.9663291,Day,F,L,A,MYSE
151.909,8443,6/3/2015,5/28/2015,11:45:10,7,33.1,AH0,60,36.7196703,Day,F,L,A,MYSE
151.909,8443,6/3/2015,5/28/2015,11:45:12,7,33.1,AH0,59,36.7196703,Day,F,L,A,MYSE
151.909,8443,6/3/2015,5/30/2015,11:45:12,7,30.3,AH0,150,32.9663291,Day,F,L,A,MYSE
151.909,8443,6/3/2015,5/29/2015,11:45:13,7,28.4,AH0,195,29.2758432,Day,F,L,A,MYSE
151.909,8443,6/3/2015,5/28/2015,11:45:14,7,33,AH0,61,36.6161,Day,F,L,A,MYSE
151.909,8443,6/3/2015,5/30/2015,11:45:14,7,30.3,AH0,156,32.9663291,Day,F,L,A,MYSE
151.909,8443,6/3/2015,5/29/2015,11:45:15,7,28.4,AH0,196,29.2758432,Day,F,L,A,MYSE
151.909,8443,6/3/2015,5/30/2015,11:45:16,7,30.3,AH0,155,32.9663291,Day,F,L,A,MYSE
151.909,8443,6/3/2015,5/29/2015,11:45:17,7,28.4,AH0,196,29.2758432,Day,F,L,A,MYSE
151.909,8443,6/3/2015,5/30/2015,11:45:18,7,30.3,AH0,154,32.9663291,Day,F,L,A,MYSE
151.909,8443,6/3/2015,5/29/2015,11:45:20,7,28.3,AH0,196,29.0528271,Day,F,L,A,MYSE
151.909,8443,6/3/2015,5/29/2015,11:45:32,7,28.3,AH0,195,29.0528271,Day,F,L,A,MYSE
151.909,8443,6/3/2015,5/30/2015,11:45:32,7,30.2,AH0,146,32.7968664,Day,F,L,A,MYSE
151.909,8443,6/3/2015,5/29/2015,11:45:34,7,28.3,AH0,197,29.0528271,Day,F,L,A,MYSE
151.909,8443,6/3/2015,5/30/2015,11:45:34,7,30.2,AH0,144,32.7968664,Day,F,L,A,MYSE
151.909,8443,6/3/2015,5/29/2015,11:45:36,7,28.3,AH0,199,29.0528271,Day,F,L,A,MYSE
151.909,8443,6/3/2015,5/30/2015,11:45:36,7,30.2,AH0,147,32.7968664,Day,F,L,A,MYSE
151.909,8443,6/3/2015,5/30/2015,11:45:38,7,30.2,AH0,145,32.7968664,Day,F,L,A,MYSE
151.909,8443,6/3/2015,5/29/2015,11:45:39,7,28.3,AH0,197,29.0528271,Day,F,L,A,MYSE
151.909,8443,6/3/2015,5/28/2015,11:45:47,7,33.2,AH0,63,36.8211744,Day,F,L,A,MYSE
151.909,8443,6/3/2015,5/28/2015,11:45:48,7,33.1,AH0,51,36.7196703,Day,F,L,A,MYSE
151.909,8443,6/3/2015,5/28/2015,11:45:52,7,16.5,AH0,53,-23.8642375,Day,F,L,A,MYSE
151.909,8443,6/3/2015,5/30/2015,11:45:52,7,30.1,AH0,104,32.6247633,Day,F,L,A,MYSE
151.909,8443,6/3/2015,5/29/2015,11:45:53,7,28.3,AH0,194,29.0528271,Day,F,L,A,MYSE
151.909,8443,6/3/2015,5/30/2015,11:45:54,7,30.1,AH0,111,32.6247633,Day,F,L,A,MYSE
151.909,8443,6/3/2015,5/29/2015,11:45:56,7,28.3,AH0,197,29.0528271,Day,F,L,A,MYSE
151.909,8443,6/3/2015,5/30/2015,11:45:56,7,30.1,AH0,124,32.6247633,Day,F,L,A,MYSE
151.909,8443,6/3/2015,5/29/2015,11:45:58,7,28.3,AH0,197,29.0528271,Day,F,L,A,MYSE
151.909,8443,6/3/2015,5/30/2015,11:45:58,7,30.1,AH0,117,32.6247633,Day,F,L,A,MYSE
151.909,8443,6/3/2015,5/29/2015,11:46:00,7,28.3,AH0,196,29.0528271,Day,F,L,A,MYSE
151.909,8443,6/3/2015,5/29/2015,11:46:12,7,28.4,AH0,196,29.2758432,Day,F,L,A,MYSE
151.909,8443,6/3/2015,5/30/2015,11:46:12,7,30.2,AH0,135,32.7968664,Day,F,L,A,MYSE
151.909,8443,6/3/2015,5/30/2015,11:46:14,7,30.2,AH0,133,32.7968664,Day,F,L,A,MYSE
151.909,8443,6/3/2015,5/29/2015,11:46:15,7,28.4,AH0,195,29.2758432,Day,F,L,A,MYSE
151.909,8443,6/3/2015,5/30/2015,11:46:16,7,30.2,AH0,125,32.7968664,Day,F,L,A,MYSE
151.909,8443,6/3/2015,5/29/2015,11:46:17,7,28.4,AH0,197,29.2758432,Day,F,L,A,MYSE
151.909,8443,6/3/2015,5/30/2015,11:46:18,7,30.2,AH0,120,32.7968664,Day,F,L,A,MYSE
151.909,8443,6/3/2015,5/29/2015,11:46:19,7,28.4,AH0,196,29.2758432,Day,F,L,A,MYSE
151.909,8443,6/3/2015,5/28/2015,11:46:27,7,33.2,AH0,52,36.8211744,Day,F,L,A,MYSE
151.909,8443,6/3/2015,5/28/2015,11:46:28,7,33.3,AH0,60,36.9206321,Day,F,L,A,MYSE
151.909,8443,6/3/2015,5/28/2015,11:46:30,7,33.3,AH0,62,36.9206321,Day,F,L,A,MYSE
151.909,8443,6/3/2015,5/28/2015,11:46:32,7,33.3,AH0,58,36.9206321,Day,F,L,A,MYSE
151.909,8443,6/3/2015,5/30/2015,11:46:32,7,30.3,AH0,134,32.9663291,Day,F,L,A,MYSE
151.909,8443,6/3/2015,5/28/2015,11:46:34,7,33.3,AH0,57,36.9206321,Day,F,L,A,MYSE
151.909,8443,6/3/2015,5/29/2015,11:46:34,7,28.4,AH0,195,29.2758432,Day,F,L,A,MYSE
151.909,8443,6/3/2015,5/30/2015,11:46:34,7,30.3,AH0,141,32.9663291,Day,F,L,A,MYSE
151.909,8443,6/3/2015,5/29/2015,11:46:36,7,28.4,AH0,196,29.2758432,Day,F,L,A,MYSE
151.909,8443,6/3/2015,5/30/2015,11:46:36,7,30.3,AH0,134,32.9663291,Day,F,L,A,MYSE
151.909,8443,6/3/2015,5/29/2015,11:46:38,7,28.4,AH0,196,29.2758432,Day,F,L,A,MYSE
151.909,8443,6/3/2015,5/30/2015,11:46:38,7,30.3,AH0,135,32.9663291,Day,F,L,A,MYSE
151.909,8443,6/3/2015,5/29/2015,11:46:40,7,28.4,AH0,198,29.2758432,Day,F,L,A,MYSE
151.909,8443,6/3/2015,5/30/2015,11:46:52,7,30.3,AH0,137,32.9663291,Day,F,L,A,MYSE
151.909,8443,6/3/2015,5/29/2015,11:46:53,7,28.4,AH0,192,29.2758432,Day,F,L,A,MYSE
151.909,8443,6/3/2015,5/30/2015,11:46:54,7,30.2,AH0,133,32.7968664,Day,F,L,A,MYSE
151.909,8443,6/3/2015,5/29/2015,11:46:55,7,28.4,AH0,197,29.2758432,Day,F,L,A,MYSE
151.909,8443,6/3/2015,5/30/2015,11:46:56,7,30.3,AH0,137,32.9663291,Day,F,L,A,MYSE
151.909,8443,6/3/2015,5/29/2015,11:46:57,7,28.4,AH0,196,29.2758432,Day,F,L,A,MYSE
151.909,8443,6/3/2015,5/30/2015,11:46:58,7,30.3,AH0,140,32.9663291,Day,F,L,A,MYSE
151.909,8443,6/3/2015,5/29/2015,11:46:59,7,28.4,AH0,198,29.2758432,Day,F,L,A,MYSE
151.909,8443,6/3/2015,5/28/2015,11:47:08,7,16.6,AH0,55,-23.1485832,Day,F,L,A,MYSE
151.909,8443,6/3/2015,5/30/2015,11:47:12,7,30.3,AH0,150,32.9663291,Day,F,L,A,MYSE
151.909,8443,6/3/2015,5/29/2015,11:47:14,7,28.4,AH0,195,29.2758432,Day,F,L,A,MYSE
151.909,8443,6/3/2015,5/30/2015,11:47:14,7,30.4,AH0,144,33.1331712,Day,F,L,A,MYSE
151.909,8443,6/3/2015,5/29/2015,11:47:16,7,28.4,AH0,197,29.2758432,Day,F,L,A,MYSE
151.909,8443,6/3/2015,5/30/2015,11:47:16,7,30.4,AH0,144,33.1331712,Day,F,L,A,MYSE
151.909,8443,6/3/2015,5/29/2015,11:47:18,7,28.4,AH0,196,29.2758432,Day,F,L,A,MYSE
151.909,8443,6/3/2015,5/30/2015,11:47:18,7,30.4,AH0,139,33.1331712,Day,F,L,A,MYSE
151.909,8443,6/3/2015,5/29/2015,11:47:33,7,28.4,AH0,192,29.2758432,Day,F,L,A,MYSE
151.909,8443,6/3/2015,5/30/2015,11:47:33,7,30.4,AH0,154,33.1331712,Day,F,L,A,MYSE
151.909,8443,6/3/2015,5/29/2015,11:47:35,7,28.4,AH0,197,29.2758432,Day,F,L,A,MYSE
151.909,8443,6/3/2015,5/30/2015,11:47:35,7,30.5,AH0,158,33.2974125,Day,F,L,A,MYSE
151.909,8443,6/3/2015,5/29/2015,11:47:37,7,28.4,AH0,195,29.2758432,Day,F,L,A,MYSE
151.909,8443,6/3/2015,5/30/2015,11:47:37,7,30.4,AH0,159,33.1331712,Day,F,L,A,MYSE
151.909,8443,6/3/2015,5/29/2015,11:47:39,7,28.4,AH0,194,29.2758432,Day,F,L,A,MYSE
151.909,8443,6/3/2015,5/30/2015,11:47:39,7,30.4,AH0,157,33.1331712,Day,F,L,A,MYSE
151.909,8443,6/3/2015,5/28/2015,11:47:48,7,33.4,AH0,59,37.0180632,Day,F,L,A,MYSE
151.909,8443,6/3/2015,5/28/2015,11:47:50,7,33.1,AH0,60,36.7196703,Day,F,L,A,MYSE
151.909,8443,6/3/2015,5/28/2015,11:47:52,7,33.3,AH0,61,36.9206321,Day,F,L,A,MYSE
151.909,8443,6/3/2015,5/28/2015,11:47:53,7,33.3,AH0,61,36.9206321,Day,F,L,A,MYSE
151.909,8443,6/3/2015,5/30/2015,11:47:53,7,30.5,AH0,154,33.2974125,Day,F,L,A,MYSE
151.909,8443,6/3/2015,5/29/2015,11:47:54,7,28.5,AH0,193,29.4958625,Day,F,L,A,MYSE
151.909,8443,6/3/2015,5/30/2015,11:47:55,7,30.5,AH0,150,33.2974125,Day,F,L,A,MYSE
151.909,8443,6/3/2015,5/29/2015,11:47:56,7,28.5,AH0,196,29.4958625,Day,F,L,A,MYSE
151.909,8443,6/3/2015,5/30/2015,11:47:57,7,30.5,AH0,151,33.2974125,Day,F,L,A,MYSE
151.909,8443,6/3/2015,5/29/2015,11:47:58,7,28.5,AH0,193,29.4958625,Day,F,L,A,MYSE
151.909,8443,6/3/2015,5/30/2015,11:47:59,7,30.5,AH0,148,33.2974125,Day,F,L,A,MYSE
151.909,8443,6/3/2015,5/29/2015,11:48:13,7,28.5,AH0,201,29.4958625,Day,F,L,A,MYSE
151.909,8443,6/3/2015,5/30/2015,11:48:13,7,30.5,AH0,155,33.2974125,Day,F,L,A,MYSE
151.909,8443,6/3/2015,5/29/2015,11:48:15,7,28.5,AH0,199,29.4958625,Day,F,L,A,MYSE
151.909,8443,6/3/2015,5/30/2015,11:48:15,7,30.5,AH0,155,33.2974125,Day,F,L,A,MYSE
151.909,8443,6/3/2015,5/29/2015,11:48:17,7,28.5,AH0,199,29.4958625,Day,F,L,A,MYSE
151.909,8443,6/3/2015,5/30/2015,11:48:17,7,30.5,AH0,154,33.2974125,Day,F,L,A,MYSE
151.909,8443,6/3/2015,5/29/2015,11:48:19,7,28.6,AH0,200,29.7129048,Day,F,L,A,MYSE
151.909,8443,6/3/2015,5/30/2015,11:48:19,7,30.4,AH0,157,33.1331712,Day,F,L,A,MYSE
151.909,8443,6/3/2015,5/28/2015,11:48:28,7,33.4,AH0,59,37.0180632,Day,F,L,A,MYSE
151.909,8443,6/3/2015,5/28/2015,11:48:30,7,33,AH0,14,36.6161,Day,F,L,A,MYSE
151.909,8443,6/3/2015,5/30/2015,11:48:32,7,30.5,AH0,158,33.2974125,Day,F,L,A,MYSE
151.909,8443,6/3/2015,5/29/2015,11:48:34,7,28.7,AH0,202,29.9269899,Day,F,L,A,MYSE
151.909,8443,6/3/2015,5/30/2015,11:48:34,7,30.5,AH0,149,33.2974125,Day,F,L,A,MYSE
151.909,8443,6/3/2015,5/29/2015,11:48:36,7,28.7,AH0,198,29.9269899,Day,F,L,A,MYSE
151.909,8443,6/3/2015,5/30/2015,11:48:36,7,30.5,AH0,148,33.2974125,Day,F,L,A,MYSE
151.909,8443,6/3/2015,5/29/2015,11:48:38,7,28.7,AH0,198,29.9269899,Day,F,L,A,MYSE
151.909,8443,6/3/2015,5/30/2015,11:48:38,7,30.5,AH0,151,33.2974125,Day,F,L,A,MYSE
151.909,8443,6/3/2015,5/30/2015,11:48:52,7,30.5,AH0,151,33.2974125,Day,F,L,A,MYSE
151.909,8443,6/3/2015,5/29/2015,11:48:53,7,28.8,AH0,198,30.1381376,Day,F,L,A,MYSE
151.909,8443,6/3/2015,5/30/2015,11:48:54,7,30.5,AH0,155,33.2974125,Day,F,L,A,MYSE
151.909,8443,6/3/2015,5/29/2015,11:48:55,7,28.8,AH0,200,30.1381376,Day,F,L,A,MYSE
151.909,8443,6/3/2015,5/30/2015,11:48:56,7,30.5,AH0,154,33.2974125,Day,F,L,A,MYSE
151.909,8443,6/3/2015,5/29/2015,11:48:57,7,28.8,AH0,195,30.1381376,Day,F,L,A,MYSE
151.909,8443,6/3/2015,5/30/2015,11:48:58,7,30.6,AH0,157,33.4590728,Day,F,L,A,MYSE
151.909,8443,6/3/2015,5/29/2015,11:48:59,7,28.8,AH0,199,30.1381376,Day,F,L,A,MYSE
151.909,8443,6/3/2015,5/28/2015,11:49:07,7,33.5,AH0,66,37.1134875,Day,F,L,A,MYSE
151.909,8443,6/3/2015,5/28/2015,11:49:09,7,33.4,AH0,62,37.0180632,Day,F,L,A,MYSE
151.909,8443,6/3/2015,5/28/2015,11:49:11,7,33.5,AH0,57,37.1134875,Day,F,L,A,MYSE
151.909,8443,6/3/2015,5/30/2015,11:49:12,7,30.6,AH0,149,33.4590728,Day,F,L,A,MYSE
151.909,8443,6/3/2015,5/28/2015,11:49:13,7,33.6,AH0,61,37.2069248,Day,F,L,A,MYSE
151.909,8443,6/3/2015,5/29/2015,11:49:13,7,28.8,AH0,200,30.1381376,Day,F,L,A,MYSE
151.909,8443,6/3/2015,5/30/2015,11:49:14,7,30.6,AH0,152,33.4590728,Day,F,L,A,MYSE
151.909,8443,6/3/2015,5/29/2015,11:49:16,7,28.8,AH0,198,30.1381376,Day,F,L,A,MYSE
151.909,8443,6/3/2015,5/30/2015,11:49:16,7,30.6,AH0,156,33.4590728,Day,F,L,A,MYSE
151.909,8443,6/3/2015,5/29/2015,11:49:18,7,28.8,AH0,197,30.1381376,Day,F,L,A,MYSE
151.909,8443,6/3/2015,5/30/2015,11:49:18,7,30.6,AH0,156,33.4590728,Day,F,L,A,MYSE
151.909,8443,6/3/2015,5/29/2015,11:49:20,7,28.8,AH0,198,30.1381376,Day,F,L,A,MYSE
151.909,8443,6/3/2015,5/29/2015,11:49:32,7,28.9,AH0,200,30.3463677,Day,F,L,A,MYSE
151.909,8443,6/3/2015,5/30/2015,11:49:33,7,30.5,AH0,146,33.2974125,Day,F,L,A,MYSE
151.909,8443,6/3/2015,5/29/2015,11:49:34,7,28.9,AH0,200,30.3463677,Day,F,L,A,MYSE
151.909,8443,6/3/2015,5/30/2015,11:49:35,7,30.5,AH0,148,33.2974125,Day,F,L,A,MYSE
151.909,8443,6/3/2015,5/29/2015,11:49:36,7,28.9,AH0,199,30.3463677,Day,F,L,A,MYSE
151.909,8443,6/3/2015,5/30/2015,11:49:37,7,30.5,AH0,149,33.2974125,Day,F,L,A,MYSE
151.909,8443,6/3/2015,5/29/2015,11:49:38,7,28.9,AH0,199,30.3463677,Day,F,L,A,MYSE
151.909,8443,6/3/2015,5/30/2015,11:49:39,7,30.4,AH0,148,33.1331712,Day,F,L,A,MYSE
151.909,8443,6/3/2015,5/28/2015,11:49:51,7,33.3,AH0,62,36.9206321,Day,F,L,A,MYSE
151.909,8443,6/3/2015,5/29/2015,11:49:53,7,29,AH0,201,30.5517,Day,F,L,A,MYSE
151.909,8443,6/3/2015,5/30/2015,11:49:53,7,30.4,AH0,154,33.1331712,Day,F,L,A,MYSE
151.909,8443,6/3/2015,5/29/2015,11:49:55,7,29,AH0,196,30.5517,Day,F,L,A,MYSE
151.909,8443,6/3/2015,5/30/2015,11:49:55,7,30.4,AH0,151,33.1331712,Day,F,L,A,MYSE
151.909,8443,6/3/2015,5/29/2015,11:49:57,7,29,AH0,196,30.5517,Day,F,L,A,MYSE
151.909,8443,6/3/2015,5/30/2015,11:49:57,7,30.4,AH0,156,33.1331712,Day,F,L,A,MYSE
151.909,8443,6/3/2015,5/29/2015,11:49:59,7,29,AH0,200,30.5517,Day,F,L,A,MYSE
151.909,8443,6/3/2015,5/30/2015,11:49:59,7,30.4,AH0,157,33.1331712,Day,F,L,A,MYSE
151.909,8443,6/3/2015,5/30/2015,11:50:13,7,30.4,AH0,151,33.1331712,Day,F,L,A,MYSE
151.909,8443,6/3/2015,5/29/2015,11:50:14,7,29,AH0,197,30.5517,Day,F,L,A,MYSE
151.909,8443,6/3/2015,5/30/2015,11:50:15,7,30.4,AH0,148,33.1331712,Day,F,L,A,MYSE
151.909,8443,6/3/2015,5/29/2015,11:50:16,7,29,AH0,200,30.5517,Day,F,L,A,MYSE
151.909,8443,6/3/2015,5/30/2015,11:50:17,7,30.5,AH0,150,33.2974125,Day,F,L,A,MYSE
151.909,8443,6/3/2015,5/29/2015,11:50:18,7,29,AH0,197,30.5517,Day,F,L,A,MYSE
151.909,8443,6/3/2015,5/30/2015,11:50:19,7,30.5,AH0,155,33.2974125,Day,F,L,A,MYSE
151.909,8443,6/3/2015,5/29/2015,11:50:20,7,29,AH0,196,30.5517,Day,F,L,A,MYSE
151.909,8443,6/3/2015,5/29/2015,11:50:32,7,29,AH0,200,30.5517,Day,F,L,A,MYSE
151.909,8443,6/3/2015,5/30/2015,11:50:32,7,30.5,AH0,147,33.2974125,Day,F,L,A,MYSE
151.909,8443,6/3/2015,5/29/2015,11:50:34,7,29,AH0,197,30.5517,Day,F,L,A,MYSE
151.909,8443,6/3/2015,5/30/2015,11:50:34,7,30.5,AH0,156,33.2974125,Day,F,L,A,MYSE
151.909,8443,6/3/2015,5/29/2015,11:50:36,7,29,AH0,195,30.5517,Day,F,L,A,MYSE
151.909,8443,6/3/2015,5/30/2015,11:50:36,7,30.5,AH0,149,33.2974125,Day,F,L,A,MYSE
151.909,8443,6/3/2015,5/29/2015,11:50:38,7,29,AH0,201,30.5517,Day,F,L,A,MYSE
151.909,8443,6/3/2015,5/30/2015,11:50:38,7,30.5,AH0,150,33.2974125,Day,F,L,A,MYSE
151.909,8443,6/3/2015,5/30/2015,11:50:52,7,30.5,AH0,148,33.2974125,Day,F,L,A,MYSE
151.909,8443,6/3/2015,5/29/2015,11:50:53,7,29,AH0,197,30.5517,Day,F,L,A,MYSE
151.909,8443,6/3/2015,5/30/2015,11:50:54,7,30.5,AH0,144,33.2974125,Day,F,L,A,MYSE
151.909,8443,6/3/2015,5/29/2015,11:50:55,7,28.9,AH0,196,30.3463677,Day,F,L,A,MYSE
151.909,8443,6/3/2015,5/30/2015,11:50:56,7,30.4,AH0,147,33.1331712,Day,F,L,A,MYSE
151.909,8443,6/3/2015,5/29/2015,11:50:57,7,28.9,AH0,199,30.3463677,Day,F,L,A,MYSE
151.909,8443,6/3/2015,5/30/2015,11:50:58,7,30.4,AH0,146,33.1331712,Day,F,L,A,MYSE
151.909,8443,6/3/2015,5/29/2015,11:50:59,7,28.9,AH0,200,30.3463677,Day,F,L,A,MYSE
151.909,8443,6/3/2015,5/28/2015,11:51:06,7,33.3,AH0,56,36.9206321,Day,F,L,A,MYSE
151.909,8443,6/3/2015,5/28/2015,11:51:11,7,11,AH0,57,-72.0177,Day,F,L,A,MYSE
151.909,8443,6/3/2015,5/30/2015,11:51:12,7,30.5,AH0,140,33.2974125,Day,F,L,A,MYSE
151.909,8443,6/3/2015,5/28/2015,11:51:13,7,33.1,AH0,54,36.7196703,Day,F,L,A,MYSE
151.909,8443,6/3/2015,5/29/2015,11:51:14,7,28.9,AH0,196,30.3463677,Day,F,L,A,MYSE
151.909,8443,6/3/2015,5/30/2015,11:51:14,7,30.5,AH0,142,33.2974125,Day,F,L,A,MYSE
151.909,8443,6/3/2015,5/29/2015,11:51:16,7,28.9,AH0,197,30.3463677,Day,F,L,A,MYSE
151.909,8443,6/3/2015,5/30/2015,11:51:16,7,30.6,AH0,139,33.4590728,Day,F,L,A,MYSE
151.909,8443,6/3/2015,5/29/2015,11:51:18,7,28.9,AH0,196,30.3463677,Day,F,L,A,MYSE
151.909,8443,6/3/2015,5/30/2015,11:51:18,7,30.5,AH0,143,33.2974125,Day,F,L,A,MYSE
151.909,8443,6/3/2015,5/30/2015,11:51:31,7,30.6,AH0,145,33.4590728,Day,F,L,A,MYSE
151.909,8443,6/3/2015,5/29/2015,11:51:32,7,28.9,AH0,202,30.3463677,Day,F,L,A,MYSE
151.909,8443,6/3/2015,5/30/2015,11:51:33,7,30.6,AH0,150,33.4590728,Day,F,L,A,MYSE
151.909,8443,6/3/2015,5/29/2015,11:51:34,7,28.9,AH0,198,30.3463677,Day,F,L,A,MYSE
151.909,8443,6/3/2015,5/30/2015,11:51:35,7,30.6,AH0,150,33.4590728,Day,F,L,A,MYSE
151.909,8443,6/3/2015,5/29/2015,11:51:37,7,28.9,AH0,197,30.3463677,Day,F,L,A,MYSE
151.909,8443,6/3/2015,5/30/2015,11:51:37,7,30.6,AH0,148,33.4590728,Day,F,L,A,MYSE
151.909,8443,6/3/2015,5/29/2015,11:51:39,7,28.9,AH0,196,30.3463677,Day,F,L,A,MYSE
151.909,8443,6/3/2015,5/30/2015,11:51:39,7,30.6,AH0,147,33.4590728,Day,F,L,A,MYSE
151.909,8443,6/3/2015,5/28/2015,11:51:46,7,33.3,AH0,51,36.9206321,Day,F,L,A,MYSE
151.909,8443,6/3/2015,5/28/2015,11:51:47,7,33.2,AH0,61,36.8211744,Day,F,L,A,MYSE
151.909,8443,6/3/2015,5/28/2015,11:51:49,7,33.4,AH0,60,37.0180632,Day,F,L,A,MYSE
151.909,8443,6/3/2015,5/28/2015,11:51:51,7,33.1,AH0,15,36.7196703,Day,F,L,A,MYSE
151.909,8443,6/3/2015,5/28/2015,11:51:53,7,33.4,AH0,59,37.0180632,Day,F,L,A,MYSE
151.909,8443,6/3/2015,5/29/2015,11:51:53,7,28.8,AH0,198,30.1381376,Day,F,L,A,MYSE
151.909,8443,6/3/2015,5/30/2015,11:51:53,7,30.7,AH0,154,33.6181719,Day,F,L,A,MYSE
151.909,8443,6/3/2015,5/29/2015,11:51:55,7,28.9,AH0,197,30.3463677,Day,F,L,A,MYSE
151.909,8443,6/3/2015,5/30/2015,11:51:55,7,30.7,AH0,154,33.6181719,Day,F,L,A,MYSE
151.909,8443,6/3/2015,5/29/2015,11:51:57,7,28.8,AH0,198,30.1381376,Day,F,L,A,MYSE
151.909,8443,6/3/2015,5/30/2015,11:51:57,7,30.7,AH0,151,33.6181719,Day,F,L,A,MYSE
151.909,8443,6/3/2015,5/29/2015,11:51:59,7,28.8,AH0,194,30.1381376,Day,F,L,A,MYSE
151.909,8443,6/3/2015,5/30/2015,11:51:59,7,30.7,AH0,154,33.6181719,Day,F,L,A,MYSE
151.909,8443,6/3/2015,5/30/2015,11:52:13,7,30.7,AH0,153,33.6181719,Day,F,L,A,MYSE
151.909,8443,6/3/2015,5/29/2015,11:52:14,7,28.8,AH0,195,30.1381376,Day,F,L,A,MYSE
151.909,8443,6/3/2015,5/30/2015,11:52:14,7,30.7,AH0,154,33.6181719,Day,F,L,A,MYSE
151.909,8443,6/3/2015,5/29/2015,11:52:16,7,28.8,AH0,197,30.1381376,Day,F,L,A,MYSE
151.909,8443,6/3/2015,5/30/2015,11:52:16,7,30.7,AH0,153,33.6181719,Day,F,L,A,MYSE
151.909,8443,6/3/2015,5/29/2015,11:52:18,7,28.8,AH0,195,30.1381376,Day,F,L,A,MYSE
151.909,8443,6/3/2015,5/30/2015,11:52:18,7,30.7,AH0,150,33.6181719,Day,F,L,A,MYSE
151.909,8443,6/3/2015,5/30/2015,11:52:32,7,30.6,AH0,155,33.4590728,Day,F,L,A,MYSE
151.909,8443,6/3/2015,5/29/2015,11:52:33,7,28.8,AH0,198,30.1381376,Day,F,L,A,MYSE
151.909,8443,6/3/2015,5/30/2015,11:52:34,7,30.6,AH0,156,33.4590728,Day,F,L,A,MYSE
151.909,8443,6/3/2015,5/29/2015,11:52:35,7,28.8,AH0,197,30.1381376,Day,F,L,A,MYSE
151.909,8443,6/3/2015,5/30/2015,11:52:36,7,30.6,AH0,154,33.4590728,Day,F,L,A,MYSE
151.909,8443,6/3/2015,5/29/2015,11:52:37,7,28.8,AH0,199,30.1381376,Day,F,L,A,MYSE
151.909,8443,6/3/2015,5/30/2015,11:52:38,7,30.6,AH0,158,33.4590728,Day,F,L,A,MYSE
151.909,8443,6/3/2015,5/29/2015,11:52:39,7,28.8,AH0,198,30.1381376,Day,F,L,A,MYSE
151.909,8443,6/3/2015,5/28/2015,11:52:52,7,33.3,AH0,12,36.9206321,Day,F,L,A,MYSE
151.909,8443,6/3/2015,5/30/2015,11:52:52,7,30.6,AH0,155,33.4590728,Day,F,L,A,MYSE
151.909,8443,6/3/2015,5/29/2015,11:52:54,7,28.8,AH0,198,30.1381376,Day,F,L,A,MYSE
151.909,8443,6/3/2015,5/30/2015,11:52:54,7,30.6,AH0,152,33.4590728,Day,F,L,A,MYSE
151.909,8443,6/3/2015,5/29/2015,11:52:56,7,28.8,AH0,199,30.1381376,Day,F,L,A,MYSE
151.909,8443,6/3/2015,5/30/2015,11:52:56,7,30.6,AH0,153,33.4590728,Day,F,L,A,MYSE
151.909,8443,6/3/2015,5/29/2015,11:52:58,7,28.8,AH0,197,30.1381376,Day,F,L,A,MYSE
151.909,8443,6/3/2015,5/30/2015,11:52:58,7,30.7,AH0,154,33.6181719,Day,F,L,A,MYSE
151.909,8443,6/3/2015,5/29/2015,11:53:00,7,28.9,AH0,199,30.3463677,Day,F,L,A,MYSE
151.909,8443,6/3/2015,5/28/2015,11:53:09,7,33.4,AH0,55,37.0180632,Day,F,L,A,MYSE
151.909,8443,6/3/2015,5/28/2015,11:53:10,7,33.4,AH0,54,37.0180632,Day,F,L,A,MYSE
151.909,8443,6/3/2015,5/30/2015,11:53:11,7,30.7,AH0,149,33.6181719,Day,F,L,A,MYSE
151.909,8443,6/3/2015,5/28/2015,11:53:12,7,33.5,AH0,62,37.1134875,Day,F,L,A,MYSE
151.909,8443,6/3/2015,5/29/2015,11:53:12,7,28.9,AH0,197,30.3463677,Day,F,L,A,MYSE
151.909,8443,6/3/2015,5/30/2015,11:53:13,7,30.7,AH0,155,33.6181719,Day,F,L,A,MYSE
151.909,8443,6/3/2015,5/29/2015,11:53:14,7,28.9,AH0,196,30.3463677,Day,F,L,A,MYSE
151.909,8443,6/3/2015,5/30/2015,11:53:15,7,30.7,AH0,151,33.6181719,Day,F,L,A,MYSE
151.909,8443,6/3/2015,5/29/2015,11:53:16,7,28.9,AH0,197,30.3463677,Day,F,L,A,MYSE
151.909,8443,6/3/2015,5/30/2015,11:53:17,7,30.7,AH0,151,33.6181719,Day,F,L,A,MYSE
151.909,8443,6/3/2015,5/29/2015,11:53:18,7,28.9,AH0,197,30.3463677,Day,F,L,A,MYSE
151.909,8443,6/3/2015,5/30/2015,11:53:19,7,30.7,AH0,153,33.6181719,Day,F,L,A,MYSE
151.909,8443,6/3/2015,5/29/2015,11:53:33,7,28.9,AH0,200,30.3463677,Day,F,L,A,MYSE
151.909,8443,6/3/2015,5/30/2015,11:53:33,7,30.7,AH0,147,33.6181719,Day,F,L,A,MYSE
151.909,8443,6/3/2015,5/29/2015,11:53:35,7,28.9,AH0,201,30.3463677,Day,F,L,A,MYSE
151.909,8443,6/3/2015,5/30/2015,11:53:35,7,30.7,AH0,149,33.6181719,Day,F,L,A,MYSE
151.909,8443,6/3/2015,5/29/2015,11:53:37,7,28.9,AH0,196,30.3463677,Day,F,L,A,MYSE
151.909,8443,6/3/2015,5/30/2015,11:53:37,7,30.7,AH0,149,33.6181719,Day,F,L,A,MYSE
151.909,8443,6/3/2015,5/29/2015,11:53:39,7,28.9,AH0,198,30.3463677,Day,F,L,A,MYSE
151.909,8443,6/3/2015,5/30/2015,11:53:39,7,30.7,AH0,147,33.6181719,Day,F,L,A,MYSE
151.909,8443,6/3/2015,5/28/2015,11:53:47,7,33.2,AH0,58,36.8211744,Day,F,L,A,MYSE
151.909,8443,6/3/2015,5/28/2015,11:53:48,7,33.3,AH0,53,36.9206321,Day,F,L,A,MYSE
151.909,8443,6/3/2015,5/30/2015,11:53:52,7,30.6,AH0,154,33.4590728,Day,F,L,A,MYSE
151.909,8443,6/3/2015,5/29/2015,11:53:54,7,28.9,AH0,199,30.3463677,Day,F,L,A,MYSE
151.909,8443,6/3/2015,5/30/2015,11:53:54,7,30.6,AH0,152,33.4590728,Day,F,L,A,MYSE
151.909,8443,6/3/2015,5/29/2015,11:53:56,7,28.9,AH0,198,30.3463677,Day,F,L,A,MYSE
151.909,8443,6/3/2015,5/30/2015,11:53:56,7,30.6,AH0,153,33.4590728,Day,F,L,A,MYSE
151.909,8443,6/3/2015,5/29/2015,11:53:58,7,28.9,AH0,195,30.3463677,Day,F,L,A,MYSE
151.909,8443,6/3/2015,5/30/2015,11:53:58,7,30.6,AH0,155,33.4590728,Day,F,L,A,MYSE
151.909,8443,6/3/2015,5/28/2015,11:54:12,7,33.4,AH0,52,37.0180632,Day,F,L,A,MYSE
151.909,8443,6/3/2015,5/29/2015,11:54:12,7,29,AH0,199,30.5517,Day,F,L,A,MYSE
151.909,8443,6/3/2015,5/30/2015,11:54:12,7,30.6,AH0,141,33.4590728,Day,F,L,A,MYSE
151.909,8443,6/3/2015,5/29/2015,11:54:14,7,29,AH0,200,30.5517,Day,F,L,A,MYSE
151.909,8443,6/3/2015,5/30/2015,11:54:14,7,30.7,AH0,142,33.6181719,Day,F,L,A,MYSE
151.909,8443,6/3/2015,5/30/2015,11:54:16,7,30.7,AH0,137,33.6181719,Day,F,L,A,MYSE
151.909,8443,6/3/2015,5/29/2015,11:54:17,7,29,AH0,195,30.5517,Day,F,L,A,MYSE
151.909,8443,6/3/2015,5/30/2015,11:54:18,7,30.7,AH0,138,33.6181719,Day,F,L,A,MYSE
151.909,8443,6/3/2015,5/29/2015,11:54:19,7,29,AH0,197,30.5517,Day,F,L,A,MYSE
151.909,8443,6/3/2015,5/28/2015,11:54:31,7,33.3,AH0,56,36.9206321,Day,F,L,A,MYSE
151.909,8443,6/3/2015,5/30/2015,11:54:32,7,30.8,AH0,139,33.7747296,Day,F,L,A,MYSE
151.909,8443,6/3/2015,5/29/2015,11:54:33,7,28.9,AH0,199,30.3463677,Day,F,L,A,MYSE
151.909,8443,6/3/2015,5/30/2015,11:54:33,7,30.8,AH0,143,33.7747296,Day,F,L,A,MYSE
151.909,8443,6/3/2015,5/29/2015,11:54:35,7,28.9,AH0,198,30.3463677,Day,F,L,A,MYSE
151.909,8443,6/3/2015,5/30/2015,11:54:35,7,30.8,AH0,129,33.7747296,Day,F,L,A,MYSE
151.909,8443,6/3/2015,5/29/2015,11:54:37,7,28.9,AH0,198,30.3463677,Day,F,L,A,MYSE
151.909,8443,6/3/2015,5/30/2015,11:54:37,7,30.8,AH0,99,33.7747296,Day,F,L,A,MYSE
151.909,8443,6/3/2015,5/29/2015,11:54:39,7,28.9,AH0,202,30.3463677,Day,F,L,A,MYSE
151.909,8443,6/3/2015,5/30/2015,11:54:53,7,30.8,AH0,116,33.7747296,Day,F,L,A,MYSE
151.909,8443,6/3/2015,5/29/2015,11:54:54,7,28.9,AH0,200,30.3463677,Day,F,L,A,MYSE
151.909,8443,6/3/2015,5/30/2015,11:54:55,7,30.7,AH0,111,33.6181719,Day,F,L,A,MYSE
151.909,8443,6/3/2015,5/29/2015,11:54:56,7,28.9,AH0,198,30.3463677,Day,F,L,A,MYSE
151.909,8443,6/3/2015,5/30/2015,11:54:57,7,30.6,AH0,126,33.4590728,Day,F,L,A,MYSE
151.909,8443,6/3/2015,5/29/2015,11:54:58,7,28.9,AH0,199,30.3463677,Day,F,L,A,MYSE
151.909,8443,6/3/2015,5/30/2015,11:54:59,7,30.5,AH0,125,33.2974125,Day,F,L,A,MYSE
151.909,8443,6/3/2015,5/29/2015,11:55:13,7,28.8,AH0,201,30.1381376,Day,F,L,A,MYSE
151.909,8443,6/3/2015,5/30/2015,11:55:13,7,31,AH0,126,34.0803,Day,F,L,A,MYSE
151.909,8443,6/3/2015,5/28/2015,11:55:14,7,33.3,AH0,59,36.9206321,Day,F,L,A,MYSE
151.909,8443,6/3/2015,5/30/2015,11:55:14,7,31,AH0,121,34.0803,Day,F,L,A,MYSE
151.909,8443,6/3/2015,5/29/2015,11:55:15,7,28.8,AH0,198,30.1381376,Day,F,L,A,MYSE
151.909,8443,6/3/2015,5/30/2015,11:55:16,7,31.1,AH0,117,34.2293523,Day,F,L,A,MYSE
151.909,8443,6/3/2015,5/29/2015,11:55:17,7,28.8,AH0,198,30.1381376,Day,F,L,A,MYSE
151.909,8443,6/3/2015,5/30/2015,11:55:18,7,31,AH0,107,34.0803,Day,F,L,A,MYSE
151.909,8443,6/3/2015,5/29/2015,11:55:19,7,28.8,AH0,201,30.1381376,Day,F,L,A,MYSE
151.909,8443,6/3/2015,5/28/2015,11:55:32,7,33.3,AH0,55,36.9206321,Day,F,L,A,MYSE
151.909,8443,6/3/2015,5/30/2015,11:55:32,7,30.9,AH0,134,33.9287657,Day,F,L,A,MYSE
151.909,8443,6/3/2015,5/29/2015,11:55:33,7,28.8,AH0,198,30.1381376,Day,F,L,A,MYSE
151.909,8443,6/3/2015,5/28/2015,11:55:34,7,33.2,AH0,55,36.8211744,Day,F,L,A,MYSE
151.909,8443,6/3/2015,5/30/2015,11:55:34,7,31,AH0,122,34.0803,Day,F,L,A,MYSE
151.909,8443,6/3/2015,5/29/2015,11:55:36,7,28.8,AH0,200,30.1381376,Day,F,L,A,MYSE
151.909,8443,6/3/2015,5/30/2015,11:55:36,7,31.1,AH0,103,34.2293523,Day,F,L,A,MYSE
151.909,8443,6/3/2015,5/29/2015,11:55:38,7,28.8,AH0,199,30.1381376,Day,F,L,A,MYSE
151.909,8443,6/3/2015,5/30/2015,11:55:38,7,32.5,AH0,106,36.0665625,Day,F,L,A,MYSE
151.909,8443,6/3/2015,5/29/2015,11:55:40,7,28.8,AH0,196,30.1381376,Day,F,L,A,MYSE
151.909,8443,6/3/2015,5/28/2015,11:55:47,7,33.4,AH0,56,37.0180632,Day,F,L,A,MYSE
151.909,8443,6/3/2015,5/28/2015,11:55:50,7,16.7,AH0,45,-22.4382621,Day,F,L,A,MYSE
151.909,8443,6/3/2015,5/29/2015,11:55:52,7,28.8,AH0,199,30.1381376,Day,F,L,A,MYSE
151.909,8443,6/3/2015,5/30/2015,11:55:52,7,30,AH0,124,32.45,Day,F,L,A,MYSE
151.909,8443,6/3/2015,5/29/2015,11:55:54,7,28.8,AH0,196,30.1381376,Day,F,L,A,MYSE
151.909,8443,6/3/2015,5/30/2015,11:55:54,7,29.9,AH0,127,32.2725567,Day,F,L,A,MYSE
151.909,8443,6/3/2015,5/29/2015,11:55:56,7,28.8,AH0,200,30.1381376,Day,F,L,A,MYSE
151.909,8443,6/3/2015,5/30/2015,11:55:56,7,29.9,AH0,132,32.2725567,Day,F,L,A,MYSE
151.909,8443,6/3/2015,5/29/2015,11:55:58,7,28.8,AH0,196,30.1381376,Day,F,L,A,MYSE
151.909,8443,6/3/2015,5/30/2015,11:55:58,7,30,AH0,123,32.45,Day,F,L,A,MYSE
151.909,8443,6/3/2015,5/28/2015,11:56:07,7,33.4,AH0,58,37.0180632,Day,F,L,A,MYSE
151.909,8443,6/3/2015,5/28/2015,11:56:09,7,33.3,AH0,60,36.9206321,Day,F,L,A,MYSE
151.909,8443,6/3/2015,5/30/2015,11:56:11,7,30.3,AH0,120,32.9663291,Day,F,L,A,MYSE
151.909,8443,6/3/2015,5/28/2015,11:56:12,7,16.6,AH0,54,-23.1485832,Day,F,L,A,MYSE
151.909,8443,6/3/2015,5/29/2015,11:56:13,7,28.7,AH0,200,29.9269899,Day,F,L,A,MYSE
151.909,8443,6/3/2015,5/30/2015,11:56:13,7,30.3,AH0,118,32.9663291,Day,F,L,A,MYSE
151.909,8443,6/3/2015,5/28/2015,11:56:14,7,33.4,AH0,58,37.0180632,Day,F,L,A,MYSE
151.909,8443,6/3/2015,5/29/2015,11:56:15,7,28.7,AH0,200,29.9269899,Day,F,L,A,MYSE
151.909,8443,6/3/2015,5/30/2015,11:56:15,7,30.3,AH0,119,32.9663291,Day,F,L,A,MYSE
151.909,8443,6/3/2015,5/29/2015,11:56:17,7,28.7,AH0,199,29.9269899,Day,F,L,A,MYSE
151.909,8443,6/3/2015,5/30/2015,11:56:17,7,30.3,AH0,116,32.9663291,Day,F,L,A,MYSE
151.909,8443,6/3/2015,5/29/2015,11:56:19,7,28.7,AH0,198,29.9269899,Day,F,L,A,MYSE
151.909,8443,6/3/2015,5/30/2015,11:56:31,7,30.4,AH0,111,33.1331712,Day,F,L,A,MYSE
151.909,8443,6/3/2015,5/28/2015,11:56:32,7,33.1,AH0,12,36.7196703,Day,F,L,A,MYSE
151.909,8443,6/3/2015,5/30/2015,11:56:33,7,30.4,AH0,118,33.1331712,Day,F,L,A,MYSE
151.909,8443,6/3/2015,5/29/2015,11:56:34,7,28.7,AH0,198,29.9269899,Day,F,L,A,MYSE
151.909,8443,6/3/2015,5/30/2015,11:56:35,7,30.4,AH0,114,33.1331712,Day,F,L,A,MYSE
151.909,8443,6/3/2015,5/29/2015,11:56:36,7,28.7,AH0,199,29.9269899,Day,F,L,A,MYSE
151.909,8443,6/3/2015,5/30/2015,11:56:37,7,30.4,AH0,111,33.1331712,Day,F,L,A,MYSE
151.909,8443,6/3/2015,5/29/2015,11:56:38,7,28.7,AH0,197,29.9269899,Day,F,L,A,MYSE
151.909,8443,6/3/2015,5/30/2015,11:56:39,7,30.4,AH0,116,33.1331712,Day,F,L,A,MYSE
151.909,8443,6/3/2015,5/29/2015,11:56:53,7,28.7,AH0,197,29.9269899,Day,F,L,A,MYSE
151.909,8443,6/3/2015,5/30/2015,11:56:53,7,30.1,AH0,102,32.6247633,Day,F,L,A,MYSE
151.909,8443,6/3/2015,5/29/2015,11:56:55,7,28.7,AH0,198,29.9269899,Day,F,L,A,MYSE
151.909,8443,6/3/2015,5/30/2015,11:56:55,7,30,AH0,105,32.45,Day,F,L,A,MYSE
151.909,8443,6/3/2015,5/29/2015,11:56:57,7,28.7,AH0,199,29.9269899,Day,F,L,A,MYSE
151.909,8443,6/3/2015,5/30/2015,11:56:57,7,29.9,AH0,94,32.2725567,Day,F,L,A,MYSE
151.909,8443,6/3/2015,5/29/2015,11:56:59,7,28.7,AH0,199,29.9269899,Day,F,L,A,MYSE
151.909,8443,6/3/2015,5/30/2015,11:56:59,7,29.9,AH0,97,32.2725567,Day,F,L,A,MYSE
151.909,8443,6/3/2015,5/28/2015,11:57:08,7,33.3,AH0,56,36.9206321,Day,F,L,A,MYSE
151.909,8443,6/3/2015,5/28/2015,11:57:10,7,33.2,AH0,61,36.8211744,Day,F,L,A,MYSE
151.909,8443,6/3/2015,5/28/2015,11:57:12,7,33.4,AH0,56,37.0180632,Day,F,L,A,MYSE
151.909,8443,6/3/2015,5/30/2015,11:57:13,7,30,AH0,94,32.45,Day,F,L,A,MYSE
151.909,8443,6/3/2015,5/28/2015,11:57:14,7,33.1,AH0,59,36.7196703,Day,F,L,A,MYSE
151.909,8443,6/3/2015,5/29/2015,11:57:14,7,28.6,AH0,197,29.7129048,Day,F,L,A,MYSE
151.909,8443,6/3/2015,5/30/2015,11:57:15,7,30,AH0,107,32.45,Day,F,L,A,MYSE
151.909,8443,6/3/2015,5/29/2015,11:57:16,7,28.6,AH0,198,29.7129048,Day,F,L,A,MYSE
151.909,8443,6/3/2015,5/30/2015,11:57:17,7,30.1,AH0,92,32.6247633,Day,F,L,A,MYSE
151.909,8443,6/3/2015,5/29/2015,11:57:18,7,28.6,AH0,197,29.7129048,Day,F,L,A,MYSE
151.909,8443,6/3/2015,5/30/2015,11:57:19,7,30.2,AH0,88,32.7968664,Day,F,L,A,MYSE
151.909,8443,6/3/2015,5/29/2015,11:57:33,7,28.6,AH0,195,29.7129048,Day,F,L,A,MYSE
151.909,8443,6/3/2015,5/30/2015,11:57:33,7,30.5,AH0,92,33.2974125,Day,F,L,A,MYSE
151.909,8443,6/3/2015,5/29/2015,11:57:35,7,28.6,AH0,199,29.7129048,Day,F,L,A,MYSE
151.909,8443,6/3/2015,5/30/2015,11:57:35,7,30.6,AH0,94,33.4590728,Day,F,L,A,MYSE
151.909,8443,6/3/2015,5/29/2015,11:57:37,7,28.6,AH0,197,29.7129048,Day,F,L,A,MYSE
151.909,8443,6/3/2015,5/30/2015,11:57:37,7,30.6,AH0,96,33.4590728,Day,F,L,A,MYSE
151.909,8443,6/3/2015,5/29/2015,11:57:39,7,28.6,AH0,198,29.7129048,Day,F,L,A,MYSE
151.909,8443,6/3/2015,5/30/2015,11:57:39,7,30.6,AH0,99,33.4590728,Day,F,L,A,MYSE
151.909,8443,6/3/2015,5/28/2015,11:57:48,7,33.4,AH0,64,37.0180632,Day,F,L,A,MYSE
151.909,8443,6/3/2015,5/28/2015,11:57:50,7,33.3,AH0,60,36.9206321,Day,F,L,A,MYSE
151.909,8443,6/3/2015,5/28/2015,11:57:52,7,33.4,AH0,63,37.0180632,Day,F,L,A,MYSE
151.909,8443,6/3/2015,5/30/2015,11:57:52,7,30.6,AH0,128,33.4590728,Day,F,L,A,MYSE
151.909,8443,6/3/2015,5/28/2015,11:57:53,7,33.4,AH0,60,37.0180632,Day,F,L,A,MYSE
151.909,8443,6/3/2015,5/29/2015,11:57:54,7,28.6,AH0,200,29.7129048,Day,F,L,A,MYSE
151.909,8443,6/3/2015,5/30/2015,11:57:54,7,30.5,AH0,118,33.2974125,Day,F,L,A,MYSE
151.909,8443,6/3/2015,5/29/2015,11:57:56,7,28.6,AH0,197,29.7129048,Day,F,L,A,MYSE
151.909,8443,6/3/2015,5/30/2015,11:57:56,7,30.5,AH0,123,33.2974125,Day,F,L,A,MYSE
151.909,8443,6/3/2015,5/29/2015,11:57:58,7,28.6,AH0,197,29.7129048,Day,F,L,A,MYSE
151.909,8443,6/3/2015,5/30/2015,11:57:58,7,30.5,AH0,122,33.2974125,Day,F,L,A,MYSE
151.909,8443,6/3/2015,5/30/2015,11:58:12,7,30.1,AH0,132,32.6247633,Day,F,L,A,MYSE
151.909,8443,6/3/2015,5/29/2015,11:58:13,7,28.6,AH0,200,29.7129048,Day,F,L,A,MYSE
151.909,8443,6/3/2015,5/30/2015,11:58:14,7,30.1,AH0,132,32.6247633,Day,F,L,A,MYSE
151.909,8443,6/3/2015,5/29/2015,11:58:15,7,28.6,AH0,199,29.7129048,Day,F,L,A,MYSE
151.909,8443,6/3/2015,5/30/2015,11:58:16,7,30.2,AH0,151,32.7968664,Day,F,L,A,MYSE
151.909,8443,6/3/2015,5/29/2015,11:58:17,7,28.6,AH0,198,29.7129048,Day,F,L,A,MYSE
151.909,8443,6/3/2015,5/30/2015,11:58:18,7,30.2,AH0,140,32.7968664,Day,F,L,A,MYSE
151.909,8443,6/3/2015,5/29/2015,11:58:19,7,28.6,AH0,197,29.7129048,Day,F,L,A,MYSE
151.909,8443,6/3/2015,5/28/2015,11:58:28,7,33.4,AH0,65,37.0180632,Day,F,L,A,MYSE
151.909,8443,6/3/2015,5/28/2015,11:58:30,7,33.4,AH0,69,37.0180632,Day,F,L,A,MYSE
151.909,8443,6/3/2015,5/28/2015,11:58:31,7,33.1,AH0,68,36.7196703,Day,F,L,A,MYSE
151.909,8443,6/3/2015,5/30/2015,11:58:32,7,30.4,AH0,119,33.1331712,Day,F,L,A,MYSE
151.909,8443,6/3/2015,5/28/2015,11:58:33,7,33.1,AH0,63,36.7196703,Day,F,L,A,MYSE
151.909,8443,6/3/2015,5/29/2015,11:58:33,7,28.7,AH0,196,29.9269899,Day,F,L,A,MYSE
151.909,8443,6/3/2015,5/30/2015,11:58:34,7,30.4,AH0,130,33.1331712,Day,F,L,A,MYSE
151.909,8443,6/3/2015,5/29/2015,11:58:36,7,28.7,AH0,197,29.9269899,Day,F,L,A,MYSE
151.909,8443,6/3/2015,5/30/2015,11:58:36,7,30.4,AH0,129,33.1331712,Day,F,L,A,MYSE
151.909,8443,6/3/2015,5/29/2015,11:58:38,7,28.7,AH0,199,29.9269899,Day,F,L,A,MYSE
151.909,8443,6/3/2015,5/30/2015,11:58:38,7,30.4,AH0,133,33.1331712,Day,F,L,A,MYSE
151.909,8443,6/3/2015,5/29/2015,11:58:52,7,28.7,AH0,197,29.9269899,Day,F,L,A,MYSE
151.909,8443,6/3/2015,5/30/2015,11:58:52,7,30.5,AH0,136,33.2974125,Day,F,L,A,MYSE
151.909,8443,6/3/2015,5/29/2015,11:58:54,7,28.7,AH0,198,29.9269899,Day,F,L,A,MYSE
151.909,8443,6/3/2015,5/30/2015,11:58:54,7,30.5,AH0,129,33.2974125,Day,F,L,A,MYSE
151.909,8443,6/3/2015,5/30/2015,11:58:56,7,30.6,AH0,132,33.4590728,Day,F,L,A,MYSE
151.909,8443,6/3/2015,5/29/2015,11:58:57,7,28.7,AH0,198,29.9269899,Day,F,L,A,MYSE
151.909,8443,6/3/2015,5/30/2015,11:58:58,7,30.6,AH0,135,33.4590728,Day,F,L,A,MYSE
151.909,8443,6/3/2015,5/29/2015,11:58:59,7,28.7,AH0,198,29.9269899,Day,F,L,A,MYSE
151.909,8443,6/3/2015,5/28/2015,11:59:08,7,33.3,AH0,64,36.9206321,Day,F,L,A,MYSE
151.909,8443,6/3/2015,5/28/2015,11:59:10,7,33.4,AH0,59,37.0180632,Day,F,L,A,MYSE
151.909,8443,6/3/2015,5/28/2015,11:59:11,7,33.3,AH0,62,36.9206321,Day,F,L,A,MYSE
151.909,8443,6/3/2015,5/30/2015,11:59:11,7,30.8,AH0,131,33.7747296,Day,F,L,A,MYSE
151.909,8443,6/3/2015,5/28/2015,11:59:13,7,33.4,AH0,62,37.0180632,Day,F,L,A,MYSE
151.909,8443,6/3/2015,5/29/2015,11:59:13,7,28.7,AH0,200,29.9269899,Day,F,L,A,MYSE
151.909,8443,6/3/2015,5/30/2015,11:59:13,7,30.9,AH0,139,33.9287657,Day,F,L,A,MYSE
151.909,8443,6/3/2015,5/29/2015,11:59:15,7,28.7,AH0,197,29.9269899,Day,F,L,A,MYSE
151.909,8443,6/3/2015,5/30/2015,11:59:15,7,30.9,AH0,134,33.9287657,Day,F,L,A,MYSE
151.909,8443,6/3/2015,5/29/2015,11:59:17,7,28.7,AH0,196,29.9269899,Day,F,L,A,MYSE
151.909,8443,6/3/2015,5/30/2015,11:59:17,7,31,AH0,136,34.0803,Day,F,L,A,MYSE
151.909,8443,6/3/2015,5/30/2015,11:59:19,7,31,AH0,136,34.0803,Day,F,L,A,MYSE
151.909,8443,6/3/2015,5/29/2015,11:59:20,7,28.7,AH0,197,29.9269899,Day,F,L,A,MYSE
151.909,8443,6/3/2015,5/29/2015,11:59:32,7,28.8,AH0,199,30.1381376,Day,F,L,A,MYSE
151.909,8443,6/3/2015,5/30/2015,11:59:33,7,31.1,AH0,145,34.2293523,Day,F,L,A,MYSE
151.909,8443,6/3/2015,5/29/2015,11:59:34,7,28.8,AH0,202,30.1381376,Day,F,L,A,MYSE
151.909,8443,6/3/2015,5/30/2015,11:59:35,7,31.2,AH0,136,34.3759424,Day,F,L,A,MYSE
151.909,8443,6/3/2015,5/29/2015,11:59:36,7,28.8,AH0,201,30.1381376,Day,F,L,A,MYSE
151.909,8443,6/3/2015,5/30/2015,11:59:36,7,31.2,AH0,145,34.3759424,Day,F,L,A,MYSE
151.909,8443,6/3/2015,5/29/2015,11:59:38,7,28.8,AH0,200,30.1381376,Day,F,L,A,MYSE
151.909,8443,6/3/2015,5/30/2015,11:59:38,7,31.2,AH0,143,34.3759424,Day,F,L,A,MYSE
151.909,8443,6/3/2015,5/30/2015,11:59:52,7,31.2,AH0,145,34.3759424,Day,F,L,A,MYSE
151.909,8443,6/3/2015,5/29/2015,11:59:53,7,28.9,AH0,196,30.3463677,Day,F,L,A,MYSE
151.909,8443,6/3/2015,5/30/2015,11:59:54,7,31.2,AH0,142,34.3759424,Day,F,L,A,MYSE
151.909,8443,6/3/2015,5/29/2015,11:59:55,7,28.9,AH0,196,30.3463677,Day,F,L,A,MYSE
151.909,8443,6/3/2015,5/30/2015,11:59:56,7,31.2,AH0,145,34.3759424,Day,F,L,A,MYSE
151.909,8443,6/3/2015,5/29/2015,11:59:57,7,29,AH0,195,30.5517,Day,F,L,A,MYSE
151.909,8443,6/3/2015,5/30/2015,11:59:58,7,31.3,AH0,142,34.5200901,Day,F,L,A,MYSE
151.909,8443,6/3/2015,5/29/2015,11:59:59,7,29,AH0,195,30.5517,Day,F,L,A,MYSE
151.909,8443,6/3/2015,5/28/2015,12:00:08,7,33.2,AH0,63,36.8211744,Day,F,L,A,MYSE
151.909,8443,6/3/2015,5/28/2015,12:00:09,7,33.2,AH0,62,36.8211744,Day,F,L,A,MYSE
151.909,8443,6/3/2015,5/28/2015,12:00:11,7,33.1,AH0,60,36.7196703,Day,F,L,A,MYSE
151.909,8443,6/3/2015,5/28/2015,12:00:13,7,33.2,AH0,62,36.8211744,Day,F,L,A,MYSE
151.909,8443,6/3/2015,5/30/2015,12:00:13,7,31.4,AH0,139,34.6618152,Day,F,L,A,MYSE
151.909,8443,6/3/2015,5/29/2015,12:00:14,7,29,AH0,195,30.5517,Day,F,L,A,MYSE
151.909,8443,6/3/2015,5/30/2015,12:00:15,7,31.5,AH0,141,34.8011375,Day,F,L,A,MYSE
151.909,8443,6/3/2015,5/29/2015,12:00:16,7,29,AH0,194,30.5517,Day,F,L,A,MYSE
151.909,8443,6/3/2015,5/30/2015,12:00:17,7,31.5,AH0,140,34.8011375,Day,F,L,A,MYSE
151.909,8443,6/3/2015,5/29/2015,12:00:18,7,29,AH0,194,30.5517,Day,F,L,A,MYSE
151.909,8443,6/3/2015,5/30/2015,12:00:19,7,31.5,AH0,147,34.8011375,Day,F,L,A,MYSE
151.909,8443,6/3/2015,5/29/2015,12:00:20,7,29,AH0,199,30.5517,Day,F,L,A,MYSE
151.909,8443,6/3/2015,5/29/2015,12:00:32,7,29.1,AH0,200,30.7541543,Day,F,L,A,MYSE
151.909,8443,6/3/2015,5/30/2015,12:00:32,7,31.6,AH0,135,34.9380768,Day,F,L,A,MYSE
151.909,8443,6/3/2015,5/29/2015,12:00:34,7,29.1,AH0,200,30.7541543,Day,F,L,A,MYSE
151.909,8443,6/3/2015,5/30/2015,12:00:34,7,31.6,AH0,142,34.9380768,Day,F,L,A,MYSE
151.909,8443,6/3/2015,5/29/2015,12:00:36,7,29.1,AH0,198,30.7541543,Day,F,L,A,MYSE
151.909,8443,6/3/2015,5/30/2015,12:00:36,7,31.7,AH0,139,35.0726529,Day,F,L,A,MYSE
151.909,8443,6/3/2015,5/29/2015,12:00:38,7,29.1,AH0,199,30.7541543,Day,F,L,A,MYSE
151.909,8443,6/3/2015,5/30/2015,12:00:38,7,31.7,AH0,140,35.0726529,Day,F,L,A,MYSE
151.909,8443,6/3/2015,5/29/2015,12:00:53,7,29.1,AH0,196,30.7541543,Day,F,L,A,MYSE
151.909,8443,6/3/2015,5/30/2015,12:00:53,7,31.8,AH0,136,35.2048856,Day,F,L,A,MYSE
151.909,8443,6/3/2015,5/29/2015,12:00:55,7,29.1,AH0,195,30.7541543,Day,F,L,A,MYSE
151.909,8443,6/3/2015,5/30/2015,12:00:55,7,31.8,AH0,139,35.2048856,Day,F,L,A,MYSE
151.909,8443,6/3/2015,5/29/2015,12:00:57,7,29.1,AH0,197,30.7541543,Day,F,L,A,MYSE
151.909,8443,6/3/2015,5/30/2015,12:00:57,7,31.8,AH0,142,35.2048856,Day,F,L,A,MYSE
151.909,8443,6/3/2015,5/30/2015,12:00:58,7,31.8,AH0,141,35.2048856,Day,F,L,A,MYSE
151.909,8443,6/3/2015,5/29/2015,12:00:59,7,29.1,AH0,199,30.7541543,Day,F,L,A,MYSE
151.909,8443,6/3/2015,5/28/2015,12:01:08,7,32.8,AH0,68,36.4026816,Day,F,L,A,MYSE
151.909,8443,6/3/2015,5/28/2015,12:01:09,7,33,AH0,67,36.6161,Day,F,L,A,MYSE
151.909,8443,6/3/2015,5/28/2015,12:01:11,7,32.8,AH0,67,36.4026816,Day,F,L,A,MYSE
151.909,8443,6/3/2015,5/30/2015,12:01:12,7,31.8,AH0,142,35.2048856,Day,F,L,A,MYSE
151.909,8443,6/3/2015,5/28/2015,12:01:13,7,32.8,AH0,68,36.4026816,Day,F,L,A,MYSE
151.909,8443,6/3/2015,5/29/2015,12:01:13,7,29.1,AH0,199,30.7541543,Day,F,L,A,MYSE
151.909,8443,6/3/2015,5/30/2015,12:01:14,7,31.8,AH0,141,35.2048856,Day,F,L,A,MYSE
151.909,8443,6/3/2015,5/29/2015,12:01:15,7,29.1,AH0,197,30.7541543,Day,F,L,A,MYSE
151.909,8443,6/3/2015,5/30/2015,12:01:15,7,31.8,AH0,142,35.2048856,Day,F,L,A,MYSE
151.909,8443,6/3/2015,5/29/2015,12:01:17,7,29.2,AH0,198,30.9537504,Day,F,L,A,MYSE
151.909,8443,6/3/2015,5/30/2015,12:01:17,7,31.8,AH0,137,35.2048856,Day,F,L,A,MYSE
151.909,8443,6/3/2015,5/29/2015,12:01:20,7,29.1,AH0,199,30.7541543,Day,F,L,A,MYSE
151.909,8443,6/3/2015,5/29/2015,12:01:32,7,29.2,AH0,200,30.9537504,Day,F,L,A,MYSE
151.909,8443,6/3/2015,5/30/2015,12:01:32,7,31.8,AH0,135,35.2048856,Day,F,L,A,MYSE
151.909,8443,6/3/2015,5/28/2015,12:01:33,7,32.9,AH0,52,36.5104437,Day,F,L,A,MYSE
151.909,8443,6/3/2015,5/29/2015,12:01:34,7,29.2,AH0,200,30.9537504,Day,F,L,A,MYSE
151.909,8443,6/3/2015,5/30/2015,12:01:34,7,31.8,AH0,139,35.2048856,Day,F,L,A,MYSE
151.909,8443,6/3/2015,5/29/2015,12:01:36,7,29.2,AH0,201,30.9537504,Day,F,L,A,MYSE
151.909,8443,6/3/2015,5/30/2015,12:01:36,7,31.7,AH0,139,35.0726529,Day,F,L,A,MYSE
151.909,8443,6/3/2015,5/29/2015,12:01:38,7,29.2,AH0,198,30.9537504,Day,F,L,A,MYSE
151.909,8443,6/3/2015,5/30/2015,12:01:38,7,31.8,AH0,139,35.2048856,Day,F,L,A,MYSE
151.909,8443,6/3/2015,5/28/2015,12:01:48,7,33.2,AH0,66,36.8211744,Day,F,L,A,MYSE
151.909,8443,6/3/2015,5/28/2015,12:01:50,7,32.9,AH0,70,36.5104437,Day,F,L,A,MYSE
151.909,8443,6/3/2015,5/28/2015,12:01:51,7,32.9,AH0,62,36.5104437,Day,F,L,A,MYSE
151.909,8443,6/3/2015,5/30/2015,12:01:51,7,31.8,AH0,137,35.2048856,Day,F,L,A,MYSE
151.909,8443,6/3/2015,5/29/2015,12:01:52,7,29.2,AH0,196,30.9537504,Day,F,L,A,MYSE
151.909,8443,6/3/2015,5/28/2015,12:01:53,7,33.2,AH0,69,36.8211744,Day,F,L,A,MYSE
151.909,8443,6/3/2015,5/30/2015,12:01:53,7,31.8,AH0,139,35.2048856,Day,F,L,A,MYSE
151.909,8443,6/3/2015,5/29/2015,12:01:54,7,29.2,AH0,198,30.9537504,Day,F,L,A,MYSE
151.909,8443,6/3/2015,5/30/2015,12:01:55,7,31.8,AH0,136,35.2048856,Day,F,L,A,MYSE
151.909,8443,6/3/2015,5/29/2015,12:01:57,7,29.2,AH0,197,30.9537504,Day,F,L,A,MYSE
151.909,8443,6/3/2015,5/30/2015,12:01:57,7,31.9,AH0,134,35.3347947,Day,F,L,A,MYSE
151.909,8443,6/3/2015,5/29/2015,12:01:59,7,29.2,AH0,196,30.9537504,Day,F,L,A,MYSE
151.909,8443,6/3/2015,5/30/2015,12:01:59,7,31.9,AH0,136,35.3347947,Day,F,L,A,MYSE
151.909,8443,6/3/2015,5/28/2015,12:02:11,7,11,AH0,56,-72.0177,Day,F,L,A,MYSE
151.909,8443,6/3/2015,5/30/2015,12:02:12,7,31.9,AH0,140,35.3347947,Day,F,L,A,MYSE
151.909,8443,6/3/2015,5/29/2015,12:02:13,7,29.2,AH0,197,30.9537504,Day,F,L,A,MYSE
151.909,8443,6/3/2015,5/30/2015,12:02:14,7,32,AH0,139,35.4624,Day,F,L,A,MYSE
151.909,8443,6/3/2015,5/29/2015,12:02:15,7,29.2,AH0,201,30.9537504,Day,F,L,A,MYSE
151.909,8443,6/3/2015,5/30/2015,12:02:16,7,32,AH0,144,35.4624,Day,F,L,A,MYSE
151.909,8443,6/3/2015,5/29/2015,12:02:17,7,29.2,AH0,198,30.9537504,Day,F,L,A,MYSE
151.909,8443,6/3/2015,5/30/2015,12:02:18,7,32,AH0,142,35.4624,Day,F,L,A,MYSE
151.909,8443,6/3/2015,5/29/2015,12:02:19,7,29.2,AH0,198,30.9537504,Day,F,L,A,MYSE
151.909,8443,6/3/2015,5/28/2015,12:02:28,7,33,AH0,61,36.6161,Day,F,L,A,MYSE
151.909,8443,6/3/2015,5/28/2015,12:02:30,7,33.1,AH0,63,36.7196703,Day,F,L,A,MYSE
151.909,8443,6/3/2015,5/28/2015,12:02:32,7,33.1,AH0,60,36.7196703,Day,F,L,A,MYSE
151.909,8443,6/3/2015,5/28/2015,12:02:33,7,33,AH0,58,36.6161,Day,F,L,A,MYSE
151.909,8443,6/3/2015,5/29/2015,12:02:33,7,29.3,AH0,198,31.1505081,Day,F,L,A,MYSE
151.909,8443,6/3/2015,5/30/2015,12:02:33,7,32.1,AH0,147,35.5877213,Day,F,L,A,MYSE
151.909,8443,6/3/2015,5/30/2015,12:02:34,7,32.1,AH0,146,35.5877213,Day,F,L,A,MYSE
151.909,8443,6/3/2015,5/29/2015,12:02:36,7,29.3,AH0,197,31.1505081,Day,F,L,A,MYSE
151.909,8443,6/3/2015,5/30/2015,12:02:36,7,32.1,AH0,146,35.5877213,Day,F,L,A,MYSE
151.909,8443,6/3/2015,5/29/2015,12:02:38,7,29.3,AH0,199,31.1505081,Day,F,L,A,MYSE
151.909,8443,6/3/2015,5/30/2015,12:02:38,7,32.1,AH0,142,35.5877213,Day,F,L,A,MYSE
151.909,8443,6/3/2015,5/29/2015,12:02:40,7,29.3,AH0,197,31.1505081,Day,F,L,A,MYSE
151.909,8443,6/3/2015,5/30/2015,12:02:51,7,32.2,AH0,142,35.7107784,Day,F,L,A,MYSE
151.909,8443,6/3/2015,5/29/2015,12:02:52,7,29.3,AH0,195,31.1505081,Day,F,L,A,MYSE
151.909,8443,6/3/2015,5/30/2015,12:02:53,7,32.2,AH0,141,35.7107784,Day,F,L,A,MYSE
151.909,8443,6/3/2015,5/29/2015,12:02:54,7,29.3,AH0,193,31.1505081,Day,F,L,A,MYSE
151.909,8443,6/3/2015,5/30/2015,12:02:55,7,32.2,AH0,145,35.7107784,Day,F,L,A,MYSE
151.909,8443,6/3/2015,5/29/2015,12:02:56,7,29.3,AH0,197,31.1505081,Day,F,L,A,MYSE
151.909,8443,6/3/2015,5/30/2015,12:02:57,7,32.2,AH0,147,35.7107784,Day,F,L,A,MYSE
151.909,8443,6/3/2015,5/29/2015,12:02:58,7,29.3,AH0,195,31.1505081,Day,F,L,A,MYSE
151.909,8443,6/3/2015,5/30/2015,12:02:59,7,32.2,AH0,144,35.7107784,Day,F,L,A,MYSE
151.909,8443,6/3/2015,5/28/2015,12:03:06,7,32.9,AH0,63,36.5104437,Day,F,L,A,MYSE
151.909,8443,6/3/2015,5/28/2015,12:03:08,7,32.8,AH0,62,36.4026816,Day,F,L,A,MYSE
151.909,8443,6/3/2015,5/28/2015,12:03:10,7,32.6,AH0,60,36.1807608,Day,F,L,A,MYSE
151.909,8443,6/3/2015,5/28/2015,12:03:12,7,32.5,AH0,55,36.0665625,Day,F,L,A,MYSE
151.909,8443,6/3/2015,5/29/2015,12:03:12,7,29.3,AH0,196,31.1505081,Day,F,L,A,MYSE
151.909,8443,6/3/2015,5/30/2015,12:03:12,7,32.3,AH0,148,35.8315911,Day,F,L,A,MYSE
151.909,8443,6/3/2015,5/28/2015,12:03:14,7,32.5,AH0,64,36.0665625,Day,F,L,A,MYSE
151.909,8443,6/3/2015,5/29/2015,12:03:14,7,29.3,AH0,196,31.1505081,Day,F,L,A,MYSE
151.909,8443,6/3/2015,5/30/2015,12:03:14,7,32.3,AH0,148,35.8315911,Day,F,L,A,MYSE
151.909,8443,6/3/2015,5/30/2015,12:03:15,7,32.3,AH0,146,35.8315911,Day,F,L,A,MYSE
151.909,8443,6/3/2015,5/29/2015,12:03:17,7,29.3,AH0,199,31.1505081,Day,F,L,A,MYSE
151.909,8443,6/3/2015,5/30/2015,12:03:17,7,32.3,AH0,147,35.8315911,Day,F,L,A,MYSE
151.909,8443,6/3/2015,5/29/2015,12:03:19,7,29.3,AH0,198,31.1505081,Day,F,L,A,MYSE
151.909,8443,6/3/2015,5/30/2015,12:03:32,7,32.2,AH0,147,35.7107784,Day,F,L,A,MYSE
151.909,8443,6/3/2015,5/29/2015,12:03:33,7,29.3,AH0,198,31.1505081,Day,F,L,A,MYSE
151.909,8443,6/3/2015,5/30/2015,12:03:34,7,32.2,AH0,148,35.7107784,Day,F,L,A,MYSE
151.909,8443,6/3/2015,5/29/2015,12:03:35,7,29.3,AH0,198,31.1505081,Day,F,L,A,MYSE
151.909,8443,6/3/2015,5/30/2015,12:03:36,7,32.2,AH0,150,35.7107784,Day,F,L,A,MYSE
151.909,8443,6/3/2015,5/29/2015,12:03:37,7,29.3,AH0,199,31.1505081,Day,F,L,A,MYSE
151.909,8443,6/3/2015,5/30/2015,12:03:38,7,32.2,AH0,144,35.7107784,Day,F,L,A,MYSE
151.909,8443,6/3/2015,5/29/2015,12:03:39,7,29.3,AH0,199,31.1505081,Day,F,L,A,MYSE
151.909,8443,6/3/2015,5/28/2015,12:03:48,7,31.5,AH0,52,34.8011375,Day,F,L,A,MYSE
151.909,8443,6/3/2015,5/28/2015,12:03:50,7,31.4,AH0,59,34.6618152,Day,F,L,A,MYSE
151.909,8443,6/3/2015,5/28/2015,12:03:52,7,31.4,AH0,55,34.6618152,Day,F,L,A,MYSE
151.909,8443,6/3/2015,5/29/2015,12:03:53,7,29.3,AH0,197,31.1505081,Day,F,L,A,MYSE
151.909,8443,6/3/2015,5/30/2015,12:03:53,7,32.2,AH0,145,35.7107784,Day,F,L,A,MYSE
151.909,8443,6/3/2015,5/28/2015,12:03:54,7,31.4,AH0,54,34.6618152,Day,F,L,A,MYSE
151.909,8443,6/3/2015,5/29/2015,12:03:55,7,29.3,AH0,195,31.1505081,Day,F,L,A,MYSE
151.909,8443,6/3/2015,5/30/2015,12:03:55,7,32.2,AH0,143,35.7107784,Day,F,L,A,MYSE
151.909,8443,6/3/2015,5/30/2015,12:03:56,7,32.2,AH0,145,35.7107784,Day,F,L,A,MYSE
151.909,8443,6/3/2015,5/29/2015,12:03:57,7,29.3,AH0,195,31.1505081,Day,F,L,A,MYSE
151.909,8443,6/3/2015,5/30/2015,12:03:58,7,32.2,AH0,147,35.7107784,Day,F,L,A,MYSE
151.909,8443,6/3/2015,5/29/2015,12:04:00,7,29.3,AH0,196,31.1505081,Day,F,L,A,MYSE
151.909,8443,6/3/2015,5/30/2015,12:04:11,7,32.2,AH0,144,35.7107784,Day,F,L,A,MYSE
151.909,8443,6/3/2015,5/29/2015,12:04:12,7,29.3,AH0,180,31.1505081,Day,F,L,A,MYSE
151.909,8443,6/3/2015,5/30/2015,12:04:13,7,32.3,AH0,144,35.8315911,Day,F,L,A,MYSE
151.909,8443,6/3/2015,5/29/2015,12:04:14,7,29.3,AH0,192,31.1505081,Day,F,L,A,MYSE
151.909,8443,6/3/2015,5/30/2015,12:04:15,7,32.3,AH0,145,35.8315911,Day,F,L,A,MYSE
151.909,8443,6/3/2015,5/29/2015,12:04:16,7,29.3,AH0,194,31.1505081,Day,F,L,A,MYSE
151.909,8443,6/3/2015,5/30/2015,12:04:17,7,32.3,AH0,146,35.8315911,Day,F,L,A,MYSE
151.909,8443,6/3/2015,5/29/2015,12:04:18,7,29.3,AH0,192,31.1505081,Day,F,L,A,MYSE
151.909,8443,6/3/2015,5/30/2015,12:04:19,7,32.3,AH0,147,35.8315911,Day,F,L,A,MYSE
151.909,8443,6/3/2015,5/28/2015,12:04:27,7,31.1,AH0,60,34.2293523,Day,F,L,A,MYSE
151.909,8443,6/3/2015,5/28/2015,12:04:28,7,31.2,AH0,59,34.3759424,Day,F,L,A,MYSE
151.909,8443,6/3/2015,5/28/2015,12:04:30,7,31.1,AH0,59,34.2293523,Day,F,L,A,MYSE
151.909,8443,6/3/2015,5/28/2015,12:04:32,7,31,AH0,53,34.0803,Day,F,L,A,MYSE
151.909,8443,6/3/2015,5/29/2015,12:04:32,7,29.3,AH0,199,31.1505081,Day,F,L,A,MYSE
151.909,8443,6/3/2015,5/30/2015,12:04:32,7,32.3,AH0,142,35.8315911,Day,F,L,A,MYSE
151.909,8443,6/3/2015,5/28/2015,12:04:34,7,31.3,AH0,53,34.5200901,Day,F,L,A,MYSE
151.909,8443,6/3/2015,5/29/2015,12:04:34,7,29.4,AH0,202,31.3444472,Day,F,L,A,MYSE
151.909,8443,6/3/2015,5/30/2015,12:04:34,7,32.3,AH0,142,35.8315911,Day,F,L,A,MYSE
151.909,8443,6/3/2015,5/30/2015,12:04:35,7,32.3,AH0,144,35.8315911,Day,F,L,A,MYSE
151.909,8443,6/3/2015,5/29/2015,12:04:36,7,29.4,AH0,201,31.3444472,Day,F,L,A,MYSE
151.909,8443,6/3/2015,5/30/2015,12:04:37,7,32.3,AH0,138,35.8315911,Day,F,L,A,MYSE
151.909,8443,6/3/2015,5/29/2015,12:04:38,7,29.4,AH0,202,31.3444472,Day,F,L,A,MYSE
151.909,8443,6/3/2015,5/28/2015,12:04:48,7,31.2,AH0,47,34.3759424,Day,F,L,A,MYSE
151.909,8443,6/3/2015,5/28/2015,12:04:50,7,31.2,AH0,53,34.3759424,Day,F,L,A,MYSE
151.909,8443,6/3/2015,5/28/2015,12:04:52,7,31.3,AH0,58,34.5200901,Day,F,L,A,MYSE
151.909,8443,6/3/2015,5/30/2015,12:04:52,7,32.4,AH0,143,35.9501792,Day,F,L,A,MYSE
151.909,8443,6/3/2015,5/29/2015,12:04:53,7,29.4,AH0,201,31.3444472,Day,F,L,A,MYSE
151.909,8443,6/3/2015,5/28/2015,12:04:54,7,31.1,AH0,53,34.2293523,Day,F,L,A,MYSE
151.909,8443,6/3/2015,5/30/2015,12:04:54,7,32.4,AH0,142,35.9501792,Day,F,L,A,MYSE
151.909,8443,6/3/2015,5/29/2015,12:04:55,7,29.5,AH0,201,31.5355875,Day,F,L,A,MYSE
151.909,8443,6/3/2015,5/30/2015,12:04:56,7,32.4,AH0,144,35.9501792,Day,F,L,A,MYSE
151.909,8443,6/3/2015,5/29/2015,12:04:57,7,29.4,AH0,202,31.3444472,Day,F,L,A,MYSE
151.909,8443,6/3/2015,5/30/2015,12:04:58,7,32.4,AH0,141,35.9501792,Day,F,L,A,MYSE
151.909,8443,6/3/2015,5/29/2015,12:04:59,7,29.5,AH0,200,31.5355875,Day,F,L,A,MYSE
151.909,8443,6/3/2015,5/28/2015,12:05:13,7,10.4,AH0,52,-78.3905088,Day,F,L,A,MYSE
151.909,8443,6/3/2015,5/29/2015,12:05:13,7,29.5,AH0,199,31.5355875,Day,F,L,A,MYSE
151.909,8443,6/3/2015,5/30/2015,12:05:13,7,32.4,AH0,154,35.9501792,Day,F,L,A,MYSE
151.909,8443,6/3/2015,5/30/2015,12:05:14,7,32.4,AH0,155,35.9501792,Day,F,L,A,MYSE
151.909,8443,6/3/2015,5/29/2015,12:05:15,7,29.5,AH0,200,31.5355875,Day,F,L,A,MYSE
151.909,8443,6/3/2015,5/30/2015,12:05:16,7,32.5,AH0,154,36.0665625,Day,F,L,A,MYSE
151.909,8443,6/3/2015,5/29/2015,12:05:17,7,29.5,AH0,198,31.5355875,Day,F,L,A,MYSE
151.909,8443,6/3/2015,5/30/2015,12:05:18,7,32.5,AH0,155,36.0665625,Day,F,L,A,MYSE
151.909,8443,6/3/2015,5/29/2015,12:05:19,7,29.5,AH0,200,31.5355875,Day,F,L,A,MYSE
151.909,8443,6/3/2015,5/30/2015,12:05:31,7,32.5,AH0,148,36.0665625,Day,F,L,A,MYSE
151.909,8443,6/3/2015,5/29/2015,12:05:33,7,29.5,AH0,204,31.5355875,Day,F,L,A,MYSE
151.909,8443,6/3/2015,5/30/2015,12:05:33,7,32.5,AH0,148,36.0665625,Day,F,L,A,MYSE
151.909,8443,6/3/2015,5/29/2015,12:05:35,7,29.5,AH0,199,31.5355875,Day,F,L,A,MYSE
151.909,8443,6/3/2015,5/30/2015,12:05:35,7,32.5,AH0,150,36.0665625,Day,F,L,A,MYSE
151.909,8443,6/3/2015,5/29/2015,12:05:37,7,29.5,AH0,201,31.5355875,Day,F,L,A,MYSE
151.909,8443,6/3/2015,5/30/2015,12:05:37,7,32.5,AH0,147,36.0665625,Day,F,L,A,MYSE
151.909,8443,6/3/2015,5/30/2015,12:05:38,7,32.6,AH0,147,36.1807608,Day,F,L,A,MYSE
151.909,8443,6/3/2015,5/29/2015,12:05:39,7,29.5,AH0,199,31.5355875,Day,F,L,A,MYSE
151.909,8443,6/3/2015,5/30/2015,12:05:51,7,32.6,AH0,144,36.1807608,Day,F,L,A,MYSE
151.909,8443,6/3/2015,5/30/2015,12:05:53,7,32.6,AH0,141,36.1807608,Day,F,L,A,MYSE
151.909,8443,6/3/2015,5/29/2015,12:05:54,7,29.5,AH0,198,31.5355875,Day,F,L,A,MYSE
151.909,8443,6/3/2015,5/30/2015,12:05:55,7,32.6,AH0,143,36.1807608,Day,F,L,A,MYSE
151.909,8443,6/3/2015,5/29/2015,12:05:56,7,29.6,AH0,195,31.7239488,Day,F,L,A,MYSE
151.909,8443,6/3/2015,5/30/2015,12:05:57,7,32.6,AH0,143,36.1807608,Day,F,L,A,MYSE
151.909,8443,6/3/2015,5/29/2015,12:05:58,7,29.6,AH0,193,31.7239488,Day,F,L,A,MYSE
151.909,8443,6/3/2015,5/30/2015,12:05:59,7,32.6,AH0,141,36.1807608,Day,F,L,A,MYSE
151.909,8443,6/3/2015,5/28/2015,12:06:07,7,31.2,AH0,48,34.3759424,Day,F,L,A,MYSE
151.909,8443,6/3/2015,5/28/2015,12:06:09,7,31.2,AH0,50,34.3759424,Day,F,L,A,MYSE
151.909,8443,6/3/2015,5/28/2015,12:06:11,7,31.2,AH0,51,34.3759424,Day,F,L,A,MYSE
151.909,8443,6/3/2015,5/29/2015,12:06:12,7,29.6,AH0,199,31.7239488,Day,F,L,A,MYSE
151.909,8443,6/3/2015,5/30/2015,12:06:12,7,32.6,AH0,133,36.1807608,Day,F,L,A,MYSE
151.909,8443,6/3/2015,5/28/2015,12:06:13,7,31.1,AH0,50,34.2293523,Day,F,L,A,MYSE
151.909,8443,6/3/2015,5/30/2015,12:06:13,7,32.6,AH0,137,36.1807608,Day,F,L,A,MYSE
151.909,8443,6/3/2015,5/29/2015,12:06:14,7,29.6,AH0,197,31.7239488,Day,F,L,A,MYSE
151.909,8443,6/3/2015,5/30/2015,12:06:15,7,32.5,AH0,141,36.0665625,Day,F,L,A,MYSE
151.909,8443,6/3/2015,5/29/2015,12:06:16,7,29.6,AH0,196,31.7239488,Day,F,L,A,MYSE
151.909,8443,6/3/2015,5/30/2015,12:06:17,7,32.5,AH0,138,36.0665625,Day,F,L,A,MYSE
151.909,8443,6/3/2015,5/29/2015,12:06:18,7,29.6,AH0,197,31.7239488,Day,F,L,A,MYSE
151.909,8443,6/3/2015,5/30/2015,12:06:19,7,32.5,AH0,139,36.0665625,Day,F,L,A,MYSE
151.909,8443,6/3/2015,5/29/2015,12:06:32,7,29.6,AH0,197,31.7239488,Day,F,L,A,MYSE
151.909,8443,6/3/2015,5/30/2015,12:06:32,7,32.3,AH0,139,35.8315911,Day,F,L,A,MYSE
151.909,8443,6/3/2015,5/29/2015,12:06:34,7,29.6,AH0,195,31.7239488,Day,F,L,A,MYSE
151.909,8443,6/3/2015,5/30/2015,12:06:34,7,32.3,AH0,141,35.8315911,Day,F,L,A,MYSE
151.909,8443,6/3/2015,5/29/2015,12:06:36,7,29.6,AH0,197,31.7239488,Day,F,L,A,MYSE
151.909,8443,6/3/2015,5/30/2015,12:06:36,7,32.3,AH0,138,35.8315911,Day,F,L,A,MYSE
151.909,8443,6/3/2015,5/30/2015,12:06:37,7,32.3,AH0,138,35.8315911,Day,F,L,A,MYSE
151.909,8443,6/3/2015,5/29/2015,12:06:38,7,29.6,AH0,197,31.7239488,Day,F,L,A,MYSE
151.909,8443,6/3/2015,5/28/2015,12:06:48,7,31.2,AH0,46,34.3759424,Day,F,L,A,MYSE
151.909,8443,6/3/2015,5/28/2015,12:06:50,7,31.1,AH0,51,34.2293523,Day,F,L,A,MYSE
151.909,8443,6/3/2015,5/28/2015,12:06:51,7,31.1,AH0,48,34.2293523,Day,F,L,A,MYSE
151.909,8443,6/3/2015,5/30/2015,12:06:52,7,32.4,AH0,133,35.9501792,Day,F,L,A,MYSE
151.909,8443,6/3/2015,5/28/2015,12:06:53,7,31,AH0,50,34.0803,Day,F,L,A,MYSE
151.909,8443,6/3/2015,5/29/2015,12:06:53,7,29.7,AH0,197,31.9095509,Day,F,L,A,MYSE
151.909,8443,6/3/2015,5/30/2015,12:06:54,7,32.4,AH0,131,35.9501792,Day,F,L,A,MYSE
151.909,8443,6/3/2015,5/29/2015,12:06:55,7,29.6,AH0,192,31.7239488,Day,F,L,A,MYSE
151.909,8443,6/3/2015,5/30/2015,12:06:56,7,32.4,AH0,131,35.9501792,Day,F,L,A,MYSE
151.909,8443,6/3/2015,5/29/2015,12:06:57,7,29.6,AH0,192,31.7239488,Day,F,L,A,MYSE
151.909,8443,6/3/2015,5/30/2015,12:06:58,7,32.4,AH0,133,35.9501792,Day,F,L,A,MYSE
151.909,8443,6/3/2015,5/29/2015,12:06:59,7,29.6,AH0,192,31.7239488,Day,F,L,A,MYSE
151.909,8443,6/3/2015,5/29/2015,12:07:13,7,29.6,AH0,194,31.7239488,Day,F,L,A,MYSE
151.909,8443,6/3/2015,5/30/2015,12:07:13,7,32.3,AH0,129,35.8315911,Day,F,L,A,MYSE
151.909,8443,6/3/2015,5/29/2015,12:07:15,7,29.7,AH0,190,31.9095509,Day,F,L,A,MYSE
151.909,8443,6/3/2015,5/30/2015,12:07:15,7,32.4,AH0,129,35.9501792,Day,F,L,A,MYSE
151.909,8443,6/3/2015,5/30/2015,12:07:16,7,32.4,AH0,134,35.9501792,Day,F,L,A,MYSE
151.909,8443,6/3/2015,5/29/2015,12:07:17,7,29.7,AH0,195,31.9095509,Day,F,L,A,MYSE
151.909,8443,6/3/2015,5/30/2015,12:07:18,7,32.4,AH0,134,35.9501792,Day,F,L,A,MYSE
151.909,8443,6/3/2015,5/29/2015,12:07:19,7,29.7,AH0,193,31.9095509,Day,F,L,A,MYSE
151.909,8443,6/3/2015,5/30/2015,12:07:31,7,32.4,AH0,126,35.9501792,Day,F,L,A,MYSE
151.909,8443,6/3/2015,5/29/2015,12:07:33,7,29.6,AH0,207,31.7239488,Day,F,L,A,MYSE
151.909,8443,6/3/2015,5/30/2015,12:07:33,7,32.5,AH0,126,36.0665625,Day,F,L,A,MYSE
151.909,8443,6/3/2015,5/29/2015,12:07:35,7,29.6,AH0,201,31.7239488,Day,F,L,A,MYSE
151.909,8443,6/3/2015,5/30/2015,12:07:35,7,32.5,AH0,127,36.0665625,Day,F,L,A,MYSE
151.909,8443,6/3/2015,5/29/2015,12:07:37,7,29.6,AH0,204,31.7239488,Day,F,L,A,MYSE
151.909,8443,6/3/2015,5/30/2015,12:07:37,7,32.5,AH0,127,36.0665625,Day,F,L,A,MYSE
151.909,8443,6/3/2015,5/29/2015,12:07:39,7,29.6,AH0,201,31.7239488,Day,F,L,A,MYSE
151.909,8443,6/3/2015,5/30/2015,12:07:39,7,32.5,AH0,129,36.0665625,Day,F,L,A,MYSE
151.909,8443,6/3/2015,5/30/2015,12:07:51,7,32.5,AH0,129,36.0665625,Day,F,L,A,MYSE
151.909,8443,6/3/2015,5/29/2015,12:07:53,7,29.7,AH0,196,31.9095509,Day,F,L,A,MYSE
151.909,8443,6/3/2015,5/30/2015,12:07:53,7,32.6,AH0,132,36.1807608,Day,F,L,A,MYSE
151.909,8443,6/3/2015,5/29/2015,12:07:55,7,29.8,AH0,193,32.0924136,Day,F,L,A,MYSE
151.909,8443,6/3/2015,5/30/2015,12:07:55,7,32.6,AH0,131,36.1807608,Day,F,L,A,MYSE
151.909,8443,6/3/2015,5/29/2015,12:07:57,7,29.7,AH0,195,31.9095509,Day,F,L,A,MYSE
151.909,8443,6/3/2015,5/30/2015,12:07:57,7,32.5,AH0,135,36.0665625,Day,F,L,A,MYSE
151.909,8443,6/3/2015,5/29/2015,12:07:59,7,29.7,AH0,187,31.9095509,Day,F,L,A,MYSE
151.909,8443,6/3/2015,5/30/2015,12:07:59,7,32.5,AH0,133,36.0665625,Day,F,L,A,MYSE
151.909,8443,6/3/2015,5/28/2015,12:08:09,7,122.2,AH0,37,1642.167218,Day,F,L,A,MYSE
151.909,8443,6/3/2015,5/30/2015,12:08:12,7,32.5,AH0,133,36.0665625,Day,F,L,A,MYSE
151.909,8443,6/3/2015,5/29/2015,12:08:13,7,29.6,AH0,188,31.7239488,Day,F,L,A,MYSE
151.909,8443,6/3/2015,5/30/2015,12:08:14,7,32.5,AH0,138,36.0665625,Day,F,L,A,MYSE
151.909,8443,6/3/2015,5/29/2015,12:08:15,7,29.6,AH0,192,31.7239488,Day,F,L,A,MYSE
151.909,8443,6/3/2015,5/30/2015,12:08:15,7,32.5,AH0,137,36.0665625,Day,F,L,A,MYSE
151.909,8443,6/3/2015,5/30/2015,12:08:17,7,32.5,AH0,144,36.0665625,Day,F,L,A,MYSE
151.909,8443,6/3/2015,5/29/2015,12:08:18,7,29.5,AH0,196,31.5355875,Day,F,L,A,MYSE
151.909,8443,6/3/2015,5/29/2015,12:08:20,7,29.5,AH0,194,31.5355875,Day,F,L,A,MYSE
151.909,8443,6/3/2015,5/29/2015,12:08:32,7,29.4,AH0,195,31.3444472,Day,F,L,A,MYSE
151.909,8443,6/3/2015,5/30/2015,12:08:32,7,32.5,AH0,145,36.0665625,Day,F,L,A,MYSE
151.909,8443,6/3/2015,5/29/2015,12:08:34,7,29.3,AH0,202,31.1505081,Day,F,L,A,MYSE
151.909,8443,6/3/2015,5/30/2015,12:08:34,7,32.5,AH0,141,36.0665625,Day,F,L,A,MYSE
151.909,8443,6/3/2015,5/29/2015,12:08:36,7,29.3,AH0,199,31.1505081,Day,F,L,A,MYSE
151.909,8443,6/3/2015,5/30/2015,12:08:36,7,32.5,AH0,140,36.0665625,Day,F,L,A,MYSE
151.909,8443,6/3/2015,5/29/2015,12:08:38,7,29.3,AH0,196,31.1505081,Day,F,L,A,MYSE
151.909,8443,6/3/2015,5/30/2015,12:08:38,7,32.5,AH0,142,36.0665625,Day,F,L,A,MYSE
151.909,8443,6/3/2015,5/29/2015,12:08:52,7,29.2,AH0,196,30.9537504,Day,F,L,A,MYSE
151.909,8443,6/3/2015,5/30/2015,12:08:52,7,32.4,AH0,145,35.9501792,Day,F,L,A,MYSE
151.909,8443,6/3/2015,5/29/2015,12:08:54,7,29.2,AH0,194,30.9537504,Day,F,L,A,MYSE
151.909,8443,6/3/2015,5/30/2015,12:08:54,7,32.4,AH0,142,35.9501792,Day,F,L,A,MYSE
151.909,8443,6/3/2015,5/29/2015,12:08:56,7,29.2,AH0,195,30.9537504,Day,F,L,A,MYSE
151.909,8443,6/3/2015,5/30/2015,12:08:56,7,32.4,AH0,145,35.9501792,Day,F,L,A,MYSE
151.909,8443,6/3/2015,5/29/2015,12:08:58,7,29.2,AH0,189,30.9537504,Day,F,L,A,MYSE
151.909,8443,6/3/2015,5/30/2015,12:08:58,7,32.4,AH0,142,35.9501792,Day,F,L,A,MYSE
151.909,8443,6/3/2015,5/30/2015,12:09:11,7,32.5,AH0,140,36.0665625,Day,F,L,A,MYSE
151.909,8443,6/3/2015,5/29/2015,12:09:13,7,29.1,AH0,205,30.7541543,Day,F,L,A,MYSE
151.909,8443,6/3/2015,5/30/2015,12:09:13,7,32.4,AH0,139,35.9501792,Day,F,L,A,MYSE
151.909,8443,6/3/2015,5/29/2015,12:09:15,7,29.1,AH0,203,30.7541543,Day,F,L,A,MYSE
151.909,8443,6/3/2015,5/30/2015,12:09:15,7,32.4,AH0,134,35.9501792,Day,F,L,A,MYSE
151.909,8443,6/3/2015,5/30/2015,12:09:16,7,32.4,AH0,138,35.9501792,Day,F,L,A,MYSE
151.909,8443,6/3/2015,5/29/2015,12:09:17,7,29.1,AH0,206,30.7541543,Day,F,L,A,MYSE
151.909,8443,6/3/2015,5/30/2015,12:09:18,7,32.5,AH0,133,36.0665625,Day,F,L,A,MYSE
151.909,8443,6/3/2015,5/29/2015,12:09:19,7,29,AH0,202,30.5517,Day,F,L,A,MYSE
151.909,8443,6/3/2015,5/30/2015,12:09:31,7,32.4,AH0,137,35.9501792,Day,F,L,A,MYSE
151.909,8443,6/3/2015,5/30/2015,12:09:33,7,32.5,AH0,142,36.0665625,Day,F,L,A,MYSE
151.909,8443,6/3/2015,5/29/2015,12:09:34,7,29,AH0,205,30.5517,Day,F,L,A,MYSE
151.909,8443,6/3/2015,5/30/2015,12:09:35,7,32.5,AH0,143,36.0665625,Day,F,L,A,MYSE
151.909,8443,6/3/2015,5/29/2015,12:09:36,7,29,AH0,204,30.5517,Day,F,L,A,MYSE
151.909,8443,6/3/2015,5/30/2015,12:09:37,7,32.5,AH0,139,36.0665625,Day,F,L,A,MYSE
151.909,8443,6/3/2015,5/29/2015,12:09:38,7,29,AH0,198,30.5517,Day,F,L,A,MYSE
151.909,8443,6/3/2015,5/30/2015,12:09:39,7,32.4,AH0,133,35.9501792,Day,F,L,A,MYSE
151.909,8443,6/3/2015,5/29/2015,12:09:52,7,28.9,AH0,210,30.3463677,Day,F,L,A,MYSE
151.909,8443,6/3/2015,5/30/2015,12:09:52,7,32.5,AH0,144,36.0665625,Day,F,L,A,MYSE
151.909,8443,6/3/2015,5/30/2015,12:09:53,7,32.4,AH0,146,35.9501792,Day,F,L,A,MYSE
151.909,8443,6/3/2015,5/29/2015,12:09:54,7,28.9,AH0,205,30.3463677,Day,F,L,A,MYSE
151.909,8443,6/3/2015,5/30/2015,12:09:55,7,32.5,AH0,143,36.0665625,Day,F,L,A,MYSE
151.909,8443,6/3/2015,5/29/2015,12:09:56,7,28.9,AH0,206,30.3463677,Day,F,L,A,MYSE
151.909,8443,6/3/2015,5/30/2015,12:09:57,7,32.4,AH0,140,35.9501792,Day,F,L,A,MYSE
151.909,8443,6/3/2015,5/29/2015,12:09:58,7,28.9,AH0,205,30.3463677,Day,F,L,A,MYSE
151.909,8443,6/3/2015,5/30/2015,12:09:59,7,32.4,AH0,142,35.9501792,Day,F,L,A,MYSE
151.909,8443,6/3/2015,5/30/2015,12:10:12,7,32.4,AH0,136,35.9501792,Day,F,L,A,MYSE
151.909,8443,6/3/2015,5/29/2015,12:10:13,7,28.9,AH0,205,30.3463677,Day,F,L,A,MYSE
151.909,8443,6/3/2015,5/30/2015,12:10:14,7,32.3,AH0,140,35.8315911,Day,F,L,A,MYSE
151.909,8443,6/3/2015,5/29/2015,12:10:15,7,28.9,AH0,206,30.3463677,Day,F,L,A,MYSE
151.909,8443,6/3/2015,5/30/2015,12:10:16,7,32.3,AH0,147,35.8315911,Day,F,L,A,MYSE
151.909,8443,6/3/2015,5/29/2015,12:10:17,7,28.9,AH0,205,30.3463677,Day,F,L,A,MYSE
151.909,8443,6/3/2015,5/30/2015,12:10:18,7,32.3,AH0,143,35.8315911,Day,F,L,A,MYSE
151.909,8443,6/3/2015,5/29/2015,12:10:19,7,28.9,AH0,207,30.3463677,Day,F,L,A,MYSE
151.909,8443,6/3/2015,5/28/2015,12:10:28,7,73,AH0,53,122.7801,Day,F,L,A,MYSE
151.909,8443,6/3/2015,5/30/2015,12:10:32,7,32.1,AH0,138,35.5877213,Day,F,L,A,MYSE
151.909,8443,6/3/2015,5/29/2015,12:10:34,7,28.9,AH0,203,30.3463677,Day,F,L,A,MYSE
151.909,8443,6/3/2015,5/30/2015,12:10:34,7,32.1,AH0,136,35.5877213,Day,F,L,A,MYSE
151.909,8443,6/3/2015,5/29/2015,12:10:36,7,28.9,AH0,203,30.3463677,Day,F,L,A,MYSE
151.909,8443,6/3/2015,5/30/2015,12:10:36,7,32.1,AH0,134,35.5877213,Day,F,L,A,MYSE
151.909,8443,6/3/2015,5/29/2015,12:10:38,7,29,AH0,206,30.5517,Day,F,L,A,MYSE
151.909,8443,6/3/2015,5/30/2015,12:10:38,7,32.1,AH0,144,35.5877213,Day,F,L,A,MYSE
151.909,8443,6/3/2015,5/30/2015,12:10:51,7,32.1,AH0,128,35.5877213,Day,F,L,A,MYSE
151.909,8443,6/3/2015,5/29/2015,12:10:52,7,29,AH0,204,30.5517,Day,F,L,A,MYSE
151.909,8443,6/3/2015,5/30/2015,12:10:53,7,32.1,AH0,134,35.5877213,Day,F,L,A,MYSE
151.909,8443,6/3/2015,5/28/2015,12:10:54,7,12.6,AH0,66,-56.1457192,Day,F,L,A,MYSE
151.909,8443,6/3/2015,5/29/2015,12:10:54,7,29,AH0,204,30.5517,Day,F,L,A,MYSE
151.909,8443,6/3/2015,5/30/2015,12:10:55,7,32.1,AH0,139,35.5877213,Day,F,L,A,MYSE
151.909,8443,6/3/2015,5/29/2015,12:10:57,7,29,AH0,204,30.5517,Day,F,L,A,MYSE
151.909,8443,6/3/2015,5/30/2015,12:10:57,7,32,AH0,141,35.4624,Day,F,L,A,MYSE
151.909,8443,6/3/2015,5/29/2015,12:10:59,7,29,AH0,206,30.5517,Day,F,L,A,MYSE
151.909,8443,6/3/2015,5/30/2015,12:10:59,7,32,AH0,135,35.4624,Day,F,L,A,MYSE
151.909,8443,6/3/2015,5/28/2015,12:11:09,7,22.4,AH0,61,9.8779392,Day,F,L,A,MYSE
151.909,8443,6/3/2015,5/28/2015,12:11:10,7,50.2,AH0,49,40.5447864,Day,F,L,A,MYSE
151.909,8443,6/3/2015,5/30/2015,12:11:12,7,32.1,AH0,139,35.5877213,Day,F,L,A,MYSE
151.909,8443,6/3/2015,5/29/2015,12:11:13,7,29,AH0,204,30.5517,Day,F,L,A,MYSE
151.909,8443,6/3/2015,5/30/2015,12:11:14,7,32.1,AH0,141,35.5877213,Day,F,L,A,MYSE
151.909,8443,6/3/2015,5/29/2015,12:11:15,7,29,AH0,208,30.5517,Day,F,L,A,MYSE
151.909,8443,6/3/2015,5/30/2015,12:11:15,7,32.1,AH0,134,35.5877213,Day,F,L,A,MYSE
151.909,8443,6/3/2015,5/29/2015,12:11:17,7,29,AH0,205,30.5517,Day,F,L,A,MYSE
151.909,8443,6/3/2015,5/30/2015,12:11:17,7,32.1,AH0,136,35.5877213,Day,F,L,A,MYSE
151.909,8443,6/3/2015,5/29/2015,12:11:19,7,29,AH0,207,30.5517,Day,F,L,A,MYSE
151.909,8443,6/3/2015,5/29/2015,12:11:32,7,29.1,AH0,208,30.7541543,Day,F,L,A,MYSE
151.909,8443,6/3/2015,5/30/2015,12:11:32,7,32.2,AH0,137,35.7107784,Day,F,L,A,MYSE
151.909,8443,6/3/2015,5/29/2015,12:11:34,7,29.1,AH0,207,30.7541543,Day,F,L,A,MYSE
151.909,8443,6/3/2015,5/30/2015,12:11:34,7,32.2,AH0,139,35.7107784,Day,F,L,A,MYSE
151.909,8443,6/3/2015,5/29/2015,12:11:36,7,29.1,AH0,207,30.7541543,Day,F,L,A,MYSE
151.909,8443,6/3/2015,5/30/2015,12:11:36,7,32.2,AH0,142,35.7107784,Day,F,L,A,MYSE
151.909,8443,6/3/2015,5/29/2015,12:11:38,7,29.1,AH0,204,30.7541543,Day,F,L,A,MYSE
151.909,8443,6/3/2015,5/30/2015,12:11:38,7,32.2,AH0,142,35.7107784,Day,F,L,A,MYSE
151.909,8443,6/3/2015,5/30/2015,12:11:51,7,32.2,AH0,143,35.7107784,Day,F,L,A,MYSE
151.909,8443,6/3/2015,5/29/2015,12:11:52,7,29.1,AH0,202,30.7541543,Day,F,L,A,MYSE
151.909,8443,6/3/2015,5/30/2015,12:11:53,7,32.2,AH0,142,35.7107784,Day,F,L,A,MYSE
151.909,8443,6/3/2015,5/29/2015,12:11:54,7,29.1,AH0,201,30.7541543,Day,F,L,A,MYSE
151.909,8443,6/3/2015,5/30/2015,12:11:55,7,32.2,AH0,143,35.7107784,Day,F,L,A,MYSE
151.909,8443,6/3/2015,5/29/2015,12:11:56,7,29.1,AH0,207,30.7541543,Day,F,L,A,MYSE
151.909,8443,6/3/2015,5/30/2015,12:11:57,7,32.2,AH0,146,35.7107784,Day,F,L,A,MYSE
151.909,8443,6/3/2015,5/30/2015,12:11:58,7,32.2,AH0,144,35.7107784,Day,F,L,A,MYSE
151.909,8443,6/3/2015,5/29/2015,12:11:59,7,29.1,AH0,205,30.7541543,Day,F,L,A,MYSE
151.909,8443,6/3/2015,5/30/2015,12:12:11,7,32.3,AH0,147,35.8315911,Day,F,L,A,MYSE
151.909,8443,6/3/2015,5/29/2015,12:12:13,7,29.1,AH0,218,30.7541543,Day,F,L,A,MYSE
151.909,8443,6/3/2015,5/30/2015,12:12:13,7,32.3,AH0,149,35.8315911,Day,F,L,A,MYSE
151.909,8443,6/3/2015,5/29/2015,12:12:15,7,29.1,AH0,197,30.7541543,Day,F,L,A,MYSE
151.909,8443,6/3/2015,5/30/2015,12:12:15,7,32.3,AH0,146,35.8315911,Day,F,L,A,MYSE
151.909,8443,6/3/2015,5/29/2015,12:12:17,7,29.2,AH0,199,30.9537504,Day,F,L,A,MYSE
151.909,8443,6/3/2015,5/30/2015,12:12:17,7,32.3,AH0,147,35.8315911,Day,F,L,A,MYSE
151.909,8443,6/3/2015,5/29/2015,12:12:19,7,29.2,AH0,200,30.9537504,Day,F,L,A,MYSE
151.909,8443,6/3/2015,5/30/2015,12:12:19,7,32.3,AH0,150,35.8315911,Day,F,L,A,MYSE
151.909,8443,6/3/2015,5/30/2015,12:12:32,7,32.4,AH0,151,35.9501792,Day,F,L,A,MYSE
151.909,8443,6/3/2015,5/29/2015,12:12:34,7,29.1,AH0,209,30.7541543,Day,F,L,A,MYSE
151.909,8443,6/3/2015,5/30/2015,12:12:34,7,32.4,AH0,152,35.9501792,Day,F,L,A,MYSE
151.909,8443,6/3/2015,5/29/2015,12:12:36,7,29.1,AH0,208,30.7541543,Day,F,L,A,MYSE
151.909,8443,6/3/2015,5/30/2015,12:12:36,7,32.4,AH0,150,35.9501792,Day,F,L,A,MYSE
151.909,8443,6/3/2015,5/30/2015,12:12:37,7,32.4,AH0,150,35.9501792,Day,F,L,A,MYSE
151.909,8443,6/3/2015,5/29/2015,12:12:38,7,29.1,AH0,207,30.7541543,Day,F,L,A,MYSE
151.909,8443,6/3/2015,5/29/2015,12:12:52,7,29,AH0,209,30.5517,Day,F,L,A,MYSE
151.909,8443,6/3/2015,5/30/2015,12:12:52,7,32.5,AH0,151,36.0665625,Day,F,L,A,MYSE
151.909,8443,6/3/2015,5/29/2015,12:12:54,7,29,AH0,199,30.5517,Day,F,L,A,MYSE
151.909,8443,6/3/2015,5/30/2015,12:12:54,7,32.5,AH0,154,36.0665625,Day,F,L,A,MYSE
151.909,8443,6/3/2015,5/29/2015,12:12:56,7,29,AH0,201,30.5517,Day,F,L,A,MYSE
151.909,8443,6/3/2015,5/30/2015,12:12:56,7,32.5,AH0,153,36.0665625,Day,F,L,A,MYSE
151.909,8443,6/3/2015,5/29/2015,12:12:58,7,29,AH0,203,30.5517,Day,F,L,A,MYSE
151.909,8443,6/3/2015,5/30/2015,12:12:58,7,32.5,AH0,159,36.0665625,Day,F,L,A,MYSE
151.909,8443,6/3/2015,5/30/2015,12:13:12,7,32.6,AH0,149,36.1807608,Day,F,L,A,MYSE
151.909,8443,6/3/2015,5/29/2015,12:13:13,7,29.2,AH0,204,30.9537504,Day,F,L,A,MYSE
151.909,8443,6/3/2015,5/30/2015,12:13:14,7,32.6,AH0,153,36.1807608,Day,F,L,A,MYSE
151.909,8443,6/3/2015,5/29/2015,12:13:15,7,29.2,AH0,204,30.9537504,Day,F,L,A,MYSE
151.909,8443,6/3/2015,5/30/2015,12:13:16,7,32.6,AH0,150,36.1807608,Day,F,L,A,MYSE
151.909,8443,6/3/2015,5/29/2015,12:13:17,7,29.2,AH0,205,30.9537504,Day,F,L,A,MYSE
151.909,8443,6/3/2015,5/30/2015,12:13:18,7,32.6,AH0,151,36.1807608,Day,F,L,A,MYSE
151.909,8443,6/3/2015,5/29/2015,12:13:19,7,29.2,AH0,197,30.9537504,Day,F,L,A,MYSE
151.909,8443,6/3/2015,5/30/2015,12:13:31,7,32.8,AH0,147,36.4026816,Day,F,L,A,MYSE
151.909,8443,6/3/2015,5/29/2015,12:13:33,7,29.1,AH0,217,30.7541543,Day,F,L,A,MYSE
151.909,8443,6/3/2015,5/30/2015,12:13:33,7,32.6,AH0,146,36.1807608,Day,F,L,A,MYSE
151.909,8443,6/3/2015,5/29/2015,12:13:35,7,29.1,AH0,209,30.7541543,Day,F,L,A,MYSE
151.909,8443,6/3/2015,5/30/2015,12:13:35,7,32.6,AH0,148,36.1807608,Day,F,L,A,MYSE
151.909,8443,6/3/2015,5/30/2015,12:13:36,7,32.6,AH0,147,36.1807608,Day,F,L,A,MYSE
151.909,8443,6/3/2015,5/29/2015,12:13:37,7,29.1,AH0,204,30.7541543,Day,F,L,A,MYSE
151.909,8443,6/3/2015,5/30/2015,12:13:38,7,32.6,AH0,150,36.1807608,Day,F,L,A,MYSE
151.909,8443,6/3/2015,5/28/2015,12:13:47,7,28.7,AH0,69,29.9269899,Day,F,L,A,MYSE
151.909,8443,6/3/2015,5/28/2015,12:13:49,7,28.7,AH0,67,29.9269899,Day,F,L,A,MYSE
151.909,8443,6/3/2015,5/28/2015,12:13:49,7,97.4,AH0,57,552.8122392,Day,F,L,A,MYSE
151.909,8443,6/3/2015,5/28/2015,12:13:50,7,102.6,AH0,49,716.7854408,Day,F,L,A,MYSE
151.909,8443,6/3/2015,5/28/2015,12:13:51,7,106,AH0,54,840.9228,Day,F,L,A,MYSE
151.909,8443,6/3/2015,5/30/2015,12:13:51,7,32.7,AH0,139,36.2927939,Day,F,L,A,MYSE
151.909,8443,6/3/2015,5/28/2015,12:13:52,7,55.3,AH0,51,44.6723541,Day,F,L,A,MYSE
151.909,8443,6/3/2015,5/29/2015,12:13:52,7,29.2,AH0,214,30.9537504,Day,F,L,A,MYSE
151.909,8443,6/3/2015,5/30/2015,12:13:53,7,32.7,AH0,141,36.2927939,Day,F,L,A,MYSE
151.909,8443,6/3/2015,5/29/2015,12:13:54,7,29.3,AH0,218,31.1505081,Day,F,L,A,MYSE
151.909,8443,6/3/2015,5/30/2015,12:13:55,7,32.7,AH0,142,36.2927939,Day,F,L,A,MYSE
151.909,8443,6/3/2015,5/29/2015,12:13:56,7,29.2,AH0,215,30.9537504,Day,F,L,A,MYSE
151.909,8443,6/3/2015,5/30/2015,12:13:57,7,32.7,AH0,141,36.2927939,Day,F,L,A,MYSE
151.909,8443,6/3/2015,5/29/2015,12:13:58,7,29.2,AH0,216,30.9537504,Day,F,L,A,MYSE
151.909,8443,6/3/2015,5/30/2015,12:13:58,7,32.7,AH0,138,36.2927939,Day,F,L,A,MYSE
151.909,8443,6/3/2015,5/30/2015,12:14:11,7,32.7,AH0,146,36.2927939,Day,F,L,A,MYSE
151.909,8443,6/3/2015,5/29/2015,12:14:12,7,29.2,AH0,216,30.9537504,Day,F,L,A,MYSE
151.909,8443,6/3/2015,5/30/2015,12:14:13,7,32.7,AH0,146,36.2927939,Day,F,L,A,MYSE
151.909,8443,6/3/2015,5/29/2015,12:14:14,7,29.2,AH0,218,30.9537504,Day,F,L,A,MYSE
151.909,8443,6/3/2015,5/30/2015,12:14:15,7,32.7,AH0,145,36.2927939,Day,F,L,A,MYSE
151.909,8443,6/3/2015,5/29/2015,12:14:17,7,29.2,AH0,220,30.9537504,Day,F,L,A,MYSE
151.909,8443,6/3/2015,5/30/2015,12:14:17,7,32.7,AH0,139,36.2927939,Day,F,L,A,MYSE
151.909,8443,6/3/2015,5/29/2015,12:14:19,7,29.3,AH0,222,31.1505081,Day,F,L,A,MYSE
151.909,8443,6/3/2015,5/30/2015,12:14:19,7,32.7,AH0,141,36.2927939,Day,F,L,A,MYSE
151.909,8443,6/3/2015,5/30/2015,12:14:31,7,32.6,AH0,135,36.1807608,Day,F,L,A,MYSE
151.909,8443,6/3/2015,5/29/2015,12:14:33,7,29.2,AH0,216,30.9537504,Day,F,L,A,MYSE
151.909,8443,6/3/2015,5/30/2015,12:14:33,7,32.6,AH0,135,36.1807608,Day,F,L,A,MYSE
151.909,8443,6/3/2015,5/29/2015,12:14:35,7,29.2,AH0,220,30.9537504,Day,F,L,A,MYSE
151.909,8443,6/3/2015,5/30/2015,12:14:35,7,32.6,AH0,133,36.1807608,Day,F,L,A,MYSE
151.909,8443,6/3/2015,5/29/2015,12:14:37,7,29.2,AH0,221,30.9537504,Day,F,L,A,MYSE
151.909,8443,6/3/2015,5/30/2015,12:14:37,7,32.6,AH0,134,36.1807608,Day,F,L,A,MYSE
151.909,8443,6/3/2015,5/29/2015,12:14:39,7,29.2,AH0,222,30.9537504,Day,F,L,A,MYSE
151.909,8443,6/3/2015,5/30/2015,12:14:39,7,32.6,AH0,134,36.1807608,Day,F,L,A,MYSE
151.909,8443,6/3/2015,5/30/2015,12:14:52,7,32.6,AH0,133,36.1807608,Day,F,L,A,MYSE
151.909,8443,6/3/2015,5/29/2015,12:14:53,7,29,AH0,223,30.5517,Day,F,L,A,MYSE
151.909,8443,6/3/2015,5/30/2015,12:14:54,7,32.6,AH0,138,36.1807608,Day,F,L,A,MYSE
151.909,8443,6/3/2015,5/30/2015,12:14:55,7,32.6,AH0,136,36.1807608,Day,F,L,A,MYSE
151.909,8443,6/3/2015,5/29/2015,12:14:56,7,29,AH0,218,30.5517,Day,F,L,A,MYSE
151.909,8443,6/3/2015,5/30/2015,12:14:57,7,32.7,AH0,135,36.2927939,Day,F,L,A,MYSE
151.909,8443,6/3/2015,5/29/2015,12:14:58,7,29,AH0,220,30.5517,Day,F,L,A,MYSE
151.909,8443,6/3/2015,5/29/2015,12:15:12,7,28.9,AH0,212,30.3463677,Day,F,L,A,MYSE
151.909,8443,6/3/2015,5/30/2015,12:15:12,7,32.7,AH0,139,36.2927939,Day,F,L,A,MYSE
151.909,8443,6/3/2015,5/29/2015,12:15:14,7,28.9,AH0,211,30.3463677,Day,F,L,A,MYSE
151.909,8443,6/3/2015,5/30/2015,12:15:14,7,32.7,AH0,138,36.2927939,Day,F,L,A,MYSE
151.909,8443,6/3/2015,5/29/2015,12:15:16,7,28.9,AH0,210,30.3463677,Day,F,L,A,MYSE
151.909,8443,6/3/2015,5/30/2015,12:15:16,7,32.7,AH0,143,36.2927939,Day,F,L,A,MYSE
151.909,8443,6/3/2015,5/30/2015,12:15:17,7,32.7,AH0,134,36.2927939,Day,F,L,A,MYSE
151.909,8443,6/3/2015,5/29/2015,12:15:18,7,28.9,AH0,219,30.3463677,Day,F,L,A,MYSE
151.909,8443,6/3/2015,5/30/2015,12:15:32,7,32.8,AH0,122,36.4026816,Day,F,L,A,MYSE
151.909,8443,6/3/2015,5/29/2015,12:15:33,7,28.9,AH0,237,30.3463677,Day,F,L,A,MYSE
151.909,8443,6/3/2015,5/30/2015,12:15:34,7,32.8,AH0,120,36.4026816,Day,F,L,A,MYSE
151.909,8443,6/3/2015,5/29/2015,12:15:35,7,28.9,AH0,226,30.3463677,Day,F,L,A,MYSE
151.909,8443,6/3/2015,5/30/2015,12:15:36,7,32.8,AH0,116,36.4026816,Day,F,L,A,MYSE
151.909,8443,6/3/2015,5/29/2015,12:15:37,7,28.9,AH0,214,30.3463677,Day,F,L,A,MYSE
151.909,8443,6/3/2015,5/30/2015,12:15:38,7,32.8,AH0,120,36.4026816,Day,F,L,A,MYSE
151.909,8443,6/3/2015,5/29/2015,12:15:39,7,28.9,AH0,193,30.3463677,Day,F,L,A,MYSE
151.909,8443,6/3/2015,5/29/2015,12:15:52,7,28.7,AH0,200,29.9269899,Day,F,L,A,MYSE
151.909,8443,6/3/2015,5/30/2015,12:15:52,7,32.8,AH0,96,36.4026816,Day,F,L,A,MYSE
151.909,8443,6/3/2015,5/29/2015,12:15:54,7,28.7,AH0,206,29.9269899,Day,F,L,A,MYSE
151.909,8443,6/3/2015,5/30/2015,12:15:54,7,32.8,AH0,110,36.4026816,Day,F,L,A,MYSE
151.909,8443,6/3/2015,5/29/2015,12:15:56,7,28.7,AH0,199,29.9269899,Day,F,L,A,MYSE
151.909,8443,6/3/2015,5/30/2015,12:15:56,7,32.8,AH0,103,36.4026816,Day,F,L,A,MYSE
151.909,8443,6/3/2015,5/29/2015,12:15:58,7,28.7,AH0,191,29.9269899,Day,F,L,A,MYSE
151.909,8443,6/3/2015,5/30/2015,12:15:58,7,32.8,AH0,97,36.4026816,Day,F,L,A,MYSE
151.909,8443,6/3/2015,5/28/2015,12:16:08,7,20.1,AH0,72,-1.3192267,Day,F,L,A,MYSE
151.909,8443,6/3/2015,5/28/2015,12:16:10,7,29.2,AH0,63,30.9537504,Day,F,L,A,MYSE
151.909,8443,6/3/2015,5/28/2015,12:16:12,7,29.4,AH0,65,31.3444472,Day,F,L,A,MYSE
151.909,8443,6/3/2015,5/30/2015,12:16:12,7,32.8,AH0,110,36.4026816,Day,F,L,A,MYSE
151.909,8443,6/3/2015,5/29/2015,12:16:13,7,28.8,AH0,194,30.1381376,Day,F,L,A,MYSE
151.909,8443,6/3/2015,5/28/2015,12:16:14,7,29.2,AH0,68,30.9537504,Day,F,L,A,MYSE
151.909,8443,6/3/2015,5/30/2015,12:16:14,7,32.8,AH0,116,36.4026816,Day,F,L,A,MYSE
151.909,8443,6/3/2015,5/29/2015,12:16:15,7,28.8,AH0,195,30.1381376,Day,F,L,A,MYSE
151.909,8443,6/3/2015,5/30/2015,12:16:16,7,32.8,AH0,107,36.4026816,Day,F,L,A,MYSE
151.909,8443,6/3/2015,5/29/2015,12:16:17,7,28.7,AH0,197,29.9269899,Day,F,L,A,MYSE
151.909,8443,6/3/2015,5/30/2015,12:16:18,7,32.8,AH0,107,36.4026816,Day,F,L,A,MYSE
151.909,8443,6/3/2015,5/29/2015,12:16:19,7,28.7,AH0,188,29.9269899,Day,F,L,A,MYSE
151.909,8443,6/3/2015,5/28/2015,12:16:26,7,29.2,AH0,56,30.9537504,Day,F,L,A,MYSE
151.909,8443,6/3/2015,5/28/2015,12:16:28,7,29.2,AH0,55,30.9537504,Day,F,L,A,MYSE
151.909,8443,6/3/2015,5/28/2015,12:16:31,7,29.1,AH0,54,30.7541543,Day,F,L,A,MYSE
151.909,8443,6/3/2015,5/30/2015,12:16:32,7,32.8,AH0,125,36.4026816,Day,F,L,A,MYSE
151.909,8443,6/3/2015,5/28/2015,12:16:33,7,29.1,AH0,51,30.7541543,Day,F,L,A,MYSE
151.909,8443,6/3/2015,5/29/2015,12:16:33,7,28.7,AH0,196,29.9269899,Day,F,L,A,MYSE
151.909,8443,6/3/2015,5/30/2015,12:16:34,7,32.8,AH0,125,36.4026816,Day,F,L,A,MYSE
151.909,8443,6/3/2015,5/29/2015,12:16:36,7,28.7,AH0,186,29.9269899,Day,F,L,A,MYSE
151.909,8443,6/3/2015,5/30/2015,12:16:36,7,32.8,AH0,129,36.4026816,Day,F,L,A,MYSE
151.909,8443,6/3/2015,5/29/2015,12:16:38,7,28.7,AH0,191,29.9269899,Day,F,L,A,MYSE
151.909,8443,6/3/2015,5/30/2015,12:16:38,7,32.9,AH0,130,36.5104437,Day,F,L,A,MYSE
151.909,8443,6/3/2015,5/29/2015,12:16:52,7,28.8,AH0,200,30.1381376,Day,F,L,A,MYSE
151.909,8443,6/3/2015,5/30/2015,12:16:53,7,32.9,AH0,99,36.5104437,Day,F,L,A,MYSE
151.909,8443,6/3/2015,5/29/2015,12:16:54,7,28.8,AH0,191,30.1381376,Day,F,L,A,MYSE
151.909,8443,6/3/2015,5/30/2015,12:16:54,7,32.9,AH0,92,36.5104437,Day,F,L,A,MYSE
151.909,8443,6/3/2015,5/29/2015,12:16:56,7,28.8,AH0,200,30.1381376,Day,F,L,A,MYSE
151.909,8443,6/3/2015,5/30/2015,12:16:56,7,32.9,AH0,108,36.5104437,Day,F,L,A,MYSE
151.909,8443,6/3/2015,5/29/2015,12:16:58,7,28.8,AH0,194,30.1381376,Day,F,L,A,MYSE
151.909,8443,6/3/2015,5/30/2015,12:16:58,7,32.9,AH0,114,36.5104437,Day,F,L,A,MYSE
151.909,8443,6/3/2015,5/30/2015,12:17:11,7,32.9,AH0,144,36.5104437,Day,F,L,A,MYSE
151.909,8443,6/3/2015,5/30/2015,12:17:13,7,32.9,AH0,142,36.5104437,Day,F,L,A,MYSE
151.909,8443,6/3/2015,5/29/2015,12:17:14,7,28.6,AH0,211,29.7129048,Day,F,L,A,MYSE
151.909,8443,6/3/2015,5/30/2015,12:17:14,7,32.9,AH0,137,36.5104437,Day,F,L,A,MYSE
151.909,8443,6/3/2015,5/29/2015,12:17:16,7,28.6,AH0,194,29.7129048,Day,F,L,A,MYSE
151.909,8443,6/3/2015,5/30/2015,12:17:16,7,32.9,AH0,142,36.5104437,Day,F,L,A,MYSE
151.909,8443,6/3/2015,5/29/2015,12:17:18,7,28.6,AH0,202,29.7129048,Day,F,L,A,MYSE
151.909,8443,6/3/2015,5/30/2015,12:17:18,7,32.9,AH0,143,36.5104437,Day,F,L,A,MYSE
151.909,8443,6/3/2015,5/29/2015,12:17:20,7,28.7,AH0,183,29.9269899,Day,F,L,A,MYSE
151.909,8443,6/3/2015,5/30/2015,12:17:31,7,32.9,AH0,132,36.5104437,Day,F,L,A,MYSE
151.909,8443,6/3/2015,5/29/2015,12:17:33,7,28.8,AH0,187,30.1381376,Day,F,L,A,MYSE
151.909,8443,6/3/2015,5/30/2015,12:17:33,7,32.9,AH0,137,36.5104437,Day,F,L,A,MYSE
151.909,8443,6/3/2015,5/30/2015,12:17:34,7,32.9,AH0,142,36.5104437,Day,F,L,A,MYSE
151.909,8443,6/3/2015,5/29/2015,12:17:35,7,28.8,AH0,182,30.1381376,Day,F,L,A,MYSE
151.909,8443,6/3/2015,5/30/2015,12:17:36,7,32.9,AH0,137,36.5104437,Day,F,L,A,MYSE
151.909,8443,6/3/2015,5/29/2015,12:17:37,7,28.8,AH0,188,30.1381376,Day,F,L,A,MYSE
151.909,8443,6/3/2015,5/30/2015,12:17:38,7,33,AH0,129,36.6161,Day,F,L,A,MYSE
151.909,8443,6/3/2015,5/29/2015,12:17:39,7,28.8,AH0,195,30.1381376,Day,F,L,A,MYSE
151.909,8443,6/3/2015,5/30/2015,12:17:51,7,32.9,AH0,146,36.5104437,Day,F,L,A,MYSE
151.909,8443,6/3/2015,5/30/2015,12:17:53,7,32.9,AH0,146,36.5104437,Day,F,L,A,MYSE
151.909,8443,6/3/2015,5/29/2015,12:17:54,7,28.7,AH0,218,29.9269899,Day,F,L,A,MYSE
151.909,8443,6/3/2015,5/30/2015,12:17:54,7,32.9,AH0,138,36.5104437,Day,F,L,A,MYSE
151.909,8443,6/3/2015,5/29/2015,12:17:56,7,28.6,AH0,217,29.7129048,Day,F,L,A,MYSE
151.909,8443,6/3/2015,5/30/2015,12:17:56,7,32.9,AH0,139,36.5104437,Day,F,L,A,MYSE
151.909,8443,6/3/2015,5/29/2015,12:17:58,7,28.6,AH0,219,29.7129048,Day,F,L,A,MYSE
151.909,8443,6/3/2015,5/30/2015,12:17:58,7,32.9,AH0,138,36.5104437,Day,F,L,A,MYSE
151.909,8443,6/3/2015,5/29/2015,12:18:00,7,28.6,AH0,223,29.7129048,Day,F,L,A,MYSE
151.909,8443,6/3/2015,5/28/2015,12:18:09,7,12,AH0,73,-61.9096,Day,F,L,A,MYSE
151.909,8443,6/3/2015,5/30/2015,12:18:11,7,33,AH0,145,36.6161,Day,F,L,A,MYSE
151.909,8443,6/3/2015,5/29/2015,12:18:13,7,28.6,AH0,225,29.7129048,Day,F,L,A,MYSE
151.909,8443,6/3/2015,5/30/2015,12:18:13,7,33,AH0,140,36.6161,Day,F,L,A,MYSE
151.909,8443,6/3/2015,5/29/2015,12:18:15,7,28.6,AH0,233,29.7129048,Day,F,L,A,MYSE
151.909,8443,6/3/2015,5/30/2015,12:18:15,7,33,AH0,136,36.6161,Day,F,L,A,MYSE
151.909,8443,6/3/2015,5/30/2015,12:18:16,7,32.9,AH0,141,36.5104437,Day,F,L,A,MYSE
151.909,8443,6/3/2015,5/29/2015,12:18:17,7,28.6,AH0,234,29.7129048,Day,F,L,A,MYSE
151.909,8443,6/3/2015,5/30/2015,12:18:18,7,32.9,AH0,149,36.5104437,Day,F,L,A,MYSE
151.909,8443,6/3/2015,5/29/2015,12:18:19,7,28.6,AH0,232,29.7129048,Day,F,L,A,MYSE
151.909,8443,6/3/2015,5/28/2015,12:18:27,7,25,AH0,69,19.8825,Day,F,L,A,MYSE
151.909,8443,6/3/2015,5/28/2015,12:18:29,7,27.7,AH0,71,27.6506889,Day,F,L,A,MYSE
151.909,8443,6/3/2015,5/30/2015,12:18:30,7,32.9,AH0,143,36.5104437,Day,F,L,A,MYSE
151.909,8443,6/3/2015,5/28/2015,12:18:31,7,27.7,AH0,63,27.6506889,Day,F,L,A,MYSE
151.909,8443,6/3/2015,5/30/2015,12:18:32,7,32.9,AH0,149,36.5104437,Day,F,L,A,MYSE
151.909,8443,6/3/2015,5/28/2015,12:18:33,7,29.9,AH0,38,32.2725567,Day,F,L,A,MYSE
151.909,8443,6/3/2015,5/29/2015,12:18:34,7,28.6,AH0,223,29.7129048,Day,F,L,A,MYSE
151.909,8443,6/3/2015,5/30/2015,12:18:34,7,32.9,AH0,147,36.5104437,Day,F,L,A,MYSE
151.909,8443,6/3/2015,5/30/2015,12:18:35,7,32.9,AH0,140,36.5104437,Day,F,L,A,MYSE
151.909,8443,6/3/2015,5/29/2015,12:18:36,7,28.6,AH0,222,29.7129048,Day,F,L,A,MYSE
151.909,8443,6/3/2015,5/30/2015,12:18:37,7,32.9,AH0,143,36.5104437,Day,F,L,A,MYSE
151.909,8443,6/3/2015,5/29/2015,12:18:38,7,28.6,AH0,222,29.7129048,Day,F,L,A,MYSE
151.909,8443,6/3/2015,5/29/2015,12:18:40,7,28.6,AH0,220,29.7129048,Day,F,L,A,MYSE
151.909,8443,6/3/2015,5/30/2015,12:18:50,7,32.9,AH0,142,36.5104437,Day,F,L,A,MYSE
151.909,8443,6/3/2015,5/30/2015,12:18:52,7,32.8,AH0,137,36.4026816,Day,F,L,A,MYSE
151.909,8443,6/3/2015,5/29/2015,12:18:53,7,28.7,AH0,227,29.9269899,Day,F,L,A,MYSE
151.909,8443,6/3/2015,5/30/2015,12:18:54,7,32.8,AH0,141,36.4026816,Day,F,L,A,MYSE
151.909,8443,6/3/2015,5/29/2015,12:18:55,7,28.6,AH0,222,29.7129048,Day,F,L,A,MYSE
151.909,8443,6/3/2015,5/30/2015,12:18:55,7,32.8,AH0,137,36.4026816,Day,F,L,A,MYSE
151.909,8443,6/3/2015,5/29/2015,12:18:57,7,28.6,AH0,224,29.7129048,Day,F,L,A,MYSE
151.909,8443,6/3/2015,5/30/2015,12:18:57,7,32.8,AH0,140,36.4026816,Day,F,L,A,MYSE
151.909,8443,6/3/2015,5/29/2015,12:18:59,7,28.6,AH0,221,29.7129048,Day,F,L,A,MYSE
151.909,8443,6/3/2015,5/30/2015,12:19:10,7,32.8,AH0,129,36.4026816,Day,F,L,A,MYSE
151.909,8443,6/3/2015,5/30/2015,12:19:12,7,32.8,AH0,135,36.4026816,Day,F,L,A,MYSE
151.909,8443,6/3/2015,5/29/2015,12:19:14,7,28.4,AH0,241,29.2758432,Day,F,L,A,MYSE
151.909,8443,6/3/2015,5/30/2015,12:19:14,7,32.8,AH0,135,36.4026816,Day,F,L,A,MYSE
151.909,8443,6/3/2015,5/29/2015,12:19:16,7,28.4,AH0,230,29.2758432,Day,F,L,A,MYSE
151.909,8443,6/3/2015,5/30/2015,12:19:16,7,32.8,AH0,125,36.4026816,Day,F,L,A,MYSE
151.909,8443,6/3/2015,5/30/2015,12:19:17,7,32.8,AH0,129,36.4026816,Day,F,L,A,MYSE
151.909,8443,6/3/2015,5/29/2015,12:19:18,7,28.4,AH0,234,29.2758432,Day,F,L,A,MYSE
151.909,8443,6/3/2015,5/29/2015,12:19:20,7,28.4,AH0,222,29.2758432,Day,F,L,A,MYSE
151.909,8443,6/3/2015,5/30/2015,12:19:30,7,32.8,AH0,138,36.4026816,Day,F,L,A,MYSE
151.909,8443,6/3/2015,5/30/2015,12:19:32,7,32.8,AH0,141,36.4026816,Day,F,L,A,MYSE
151.909,8443,6/3/2015,5/29/2015,12:19:33,7,28.3,AH0,104,29.0528271,Day,F,L,A,MYSE
151.909,8443,6/3/2015,5/30/2015,12:19:34,7,32.9,AH0,135,36.5104437,Day,F,L,A,MYSE
151.909,8443,6/3/2015,5/29/2015,12:19:35,7,28.3,AH0,46,29.0528271,Day,F,L,A,MYSE
151.909,8443,6/3/2015,5/30/2015,12:19:36,7,32.8,AH0,127,36.4026816,Day,F,L,A,MYSE
151.909,8443,6/3/2015,5/30/2015,12:19:38,7,32.9,AH0,133,36.5104437,Day,F,L,A,MYSE
151.909,8443,6/3/2015,5/30/2015,12:19:50,7,32.9,AH0,135,36.5104437,Day,F,L,A,MYSE
151.909,8443,6/3/2015,5/30/2015,12:19:52,7,32.9,AH0,135,36.5104437,Day,F,L,A,MYSE
151.909,8443,6/3/2015,5/29/2015,12:19:54,7,28.8,AH0,191,30.1381376,Day,F,L,A,MYSE
151.909,8443,6/3/2015,5/30/2015,12:19:54,7,32.9,AH0,134,36.5104437,Day,F,L,A,MYSE
151.909,8443,6/3/2015,5/29/2015,12:19:56,7,28.8,AH0,155,30.1381376,Day,F,L,A,MYSE
151.909,8443,6/3/2015,5/30/2015,12:19:56,7,32.9,AH0,132,36.5104437,Day,F,L,A,MYSE
151.909,8443,6/3/2015,5/29/2015,12:19:58,7,28.8,AH0,191,30.1381376,Day,F,L,A,MYSE
151.909,8443,6/3/2015,5/30/2015,12:19:58,7,32.9,AH0,135,36.5104437,Day,F,L,A,MYSE
151.909,8443,6/3/2015,5/29/2015,12:20:00,7,28.8,AH0,108,30.1381376,Day,F,L,A,MYSE
151.909,8443,6/3/2015,5/30/2015,12:20:10,7,32.9,AH0,138,36.5104437,Day,F,L,A,MYSE
151.909,8443,6/3/2015,5/30/2015,12:20:12,7,32.9,AH0,139,36.5104437,Day,F,L,A,MYSE
151.909,8443,6/3/2015,5/30/2015,12:20:14,7,32.9,AH0,134,36.5104437,Day,F,L,A,MYSE
151.909,8443,6/3/2015,5/29/2015,12:20:15,7,28.7,AH0,170,29.9269899,Day,F,L,A,MYSE
151.909,8443,6/3/2015,5/30/2015,12:20:16,7,32.9,AH0,128,36.5104437,Day,F,L,A,MYSE
151.909,8443,6/3/2015,5/29/2015,12:20:17,7,28.7,AH0,161,29.9269899,Day,F,L,A,MYSE
151.909,8443,6/3/2015,5/30/2015,12:20:18,7,32.9,AH0,130,36.5104437,Day,F,L,A,MYSE
151.909,8443,6/3/2015,5/29/2015,12:20:19,7,28.7,AH0,170,29.9269899,Day,F,L,A,MYSE
151.909,8443,6/3/2015,5/30/2015,12:20:30,7,32.9,AH0,132,36.5104437,Day,F,L,A,MYSE
151.909,8443,6/3/2015,5/30/2015,12:20:32,7,32.9,AH0,132,36.5104437,Day,F,L,A,MYSE
151.909,8443,6/3/2015,5/29/2015,12:20:33,7,26.4,AH0,131,24.2197952,Day,F,L,A,MYSE
151.909,8443,6/3/2015,5/30/2015,12:20:34,7,32.9,AH0,139,36.5104437,Day,F,L,A,MYSE
151.909,8443,6/3/2015,5/29/2015,12:20:35,7,28.8,AH0,143,30.1381376,Day,F,L,A,MYSE
151.909,8443,6/3/2015,5/30/2015,12:20:36,7,32.9,AH0,135,36.5104437,Day,F,L,A,MYSE
151.909,8443,6/3/2015,5/29/2015,12:20:37,7,28.8,AH0,112,30.1381376,Day,F,L,A,MYSE
151.909,8443,6/3/2015,5/30/2015,12:20:38,7,32.8,AH0,139,36.4026816,Day,F,L,A,MYSE
151.909,8443,6/3/2015,5/29/2015,12:20:39,7,28.7,AH0,103,29.9269899,Day,F,L,A,MYSE
151.909,8443,6/3/2015,5/30/2015,12:20:51,7,32.8,AH0,136,36.4026816,Day,F,L,A,MYSE
151.909,8443,6/3/2015,5/30/2015,12:20:52,7,32.8,AH0,140,36.4026816,Day,F,L,A,MYSE
151.909,8443,6/3/2015,5/29/2015,12:20:54,7,28.8,AH0,67,30.1381376,Day,F,L,A,MYSE
151.909,8443,6/3/2015,5/30/2015,12:20:54,7,32.8,AH0,142,36.4026816,Day,F,L,A,MYSE
151.909,8443,6/3/2015,5/29/2015,12:20:56,7,28.8,AH0,72,30.1381376,Day,F,L,A,MYSE
151.909,8443,6/3/2015,5/30/2015,12:20:56,7,32.8,AH0,147,36.4026816,Day,F,L,A,MYSE
151.909,8443,6/3/2015,5/29/2015,12:20:58,7,28.6,AH0,38,29.7129048,Day,F,L,A,MYSE
151.909,8443,6/3/2015,5/29/2015,12:21:00,7,29,AH0,58,30.5517,Day,F,L,A,MYSE
151.909,8443,6/3/2015,5/30/2015,12:21:11,7,32.9,AH0,142,36.5104437,Day,F,L,A,MYSE
151.909,8443,6/3/2015,5/30/2015,12:21:12,7,32.9,AH0,140,36.5104437,Day,F,L,A,MYSE
151.909,8443,6/3/2015,5/29/2015,12:21:13,7,28.9,AH0,57,30.3463677,Day,F,L,A,MYSE
151.909,8443,6/3/2015,5/30/2015,12:21:14,7,32.9,AH0,138,36.5104437,Day,F,L,A,MYSE
151.909,8443,6/3/2015,5/29/2015,12:21:15,7,28.8,AH0,35,30.1381376,Day,F,L,A,MYSE
151.909,8443,6/3/2015,5/30/2015,12:21:16,7,32.9,AH0,136,36.5104437,Day,F,L,A,MYSE
151.909,8443,6/3/2015,5/29/2015,12:21:17,7,29.1,AH0,105,30.7541543,Day,F,L,A,MYSE
151.909,8443,6/3/2015,5/29/2015,12:21:19,7,28.9,AH0,128,30.3463677,Day,F,L,A,MYSE
151.909,8443,6/3/2015,5/30/2015,12:21:31,7,32.9,AH0,127,36.5104437,Day,F,L,A,MYSE
151.909,8443,6/3/2015,5/29/2015,12:21:33,7,28.9,AH0,81,30.3463677,Day,F,L,A,MYSE
151.909,8443,6/3/2015,5/30/2015,12:21:33,7,32.9,AH0,127,36.5104437,Day,F,L,A,MYSE
151.909,8443,6/3/2015,5/30/2015,12:21:34,7,32.9,AH0,131,36.5104437,Day,F,L,A,MYSE
151.909,8443,6/3/2015,5/29/2015,12:21:36,7,28.9,AH0,119,30.3463677,Day,F,L,A,MYSE
151.909,8443,6/3/2015,5/30/2015,12:21:36,7,32.9,AH0,132,36.5104437,Day,F,L,A,MYSE
151.909,8443,6/3/2015,5/29/2015,12:21:38,7,29,AH0,106,30.5517,Day,F,L,A,MYSE
151.909,8443,6/3/2015,5/29/2015,12:21:40,7,29,AH0,96,30.5517,Day,F,L,A,MYSE
151.909,8443,6/3/2015,5/30/2015,12:21:51,7,32.9,AH0,139,36.5104437,Day,F,L,A,MYSE
151.909,8443,6/3/2015,5/29/2015,12:21:53,7,29.1,AH0,73,30.7541543,Day,F,L,A,MYSE
151.909,8443,6/3/2015,5/30/2015,12:21:53,7,32.9,AH0,136,36.5104437,Day,F,L,A,MYSE
151.909,8443,6/3/2015,5/30/2015,12:21:54,7,32.9,AH0,138,36.5104437,Day,F,L,A,MYSE
151.909,8443,6/3/2015,5/29/2015,12:21:55,7,29.2,AH0,116,30.9537504,Day,F,L,A,MYSE
151.909,8443,6/3/2015,5/30/2015,12:21:56,7,32.9,AH0,136,36.5104437,Day,F,L,A,MYSE
151.909,8443,6/3/2015,5/29/2015,12:21:57,7,29.2,AH0,143,30.9537504,Day,F,L,A,MYSE
151.909,8443,6/3/2015,5/29/2015,12:21:59,7,29.3,AH0,167,31.1505081,Day,F,L,A,MYSE
151.909,8443,6/3/2015,5/28/2015,12:22:05,7,113.6,AH0,56,1171.263245,Day,F,L,A,MYSE
151.909,8443,6/3/2015,5/30/2015,12:22:11,7,32.9,AH0,136,36.5104437,Day,F,L,A,MYSE
151.909,8443,6/3/2015,5/30/2015,12:22:13,7,32.9,AH0,141,36.5104437,Day,F,L,A,MYSE
151.909,8443,6/3/2015,5/29/2015,12:22:14,7,29.4,AH0,106,31.3444472,Day,F,L,A,MYSE
151.909,8443,6/3/2015,5/29/2015,12:22:15,7,109.1,AH0,117,966.5476743,Day,F,L,A,MYSE
151.909,8443,6/3/2015,5/30/2015,12:22:15,7,32.9,AH0,136,36.5104437,Day,F,L,A,MYSE
151.909,8443,6/3/2015,5/30/2015,12:22:16,7,32.9,AH0,139,36.5104437,Day,F,L,A,MYSE
151.909,8443,6/3/2015,5/29/2015,12:22:17,7,27.6,AH0,159,27.4061408,Day,F,L,A,MYSE
151.909,8443,6/3/2015,5/29/2015,12:22:19,7,26.3,AH0,118,23.9326851,Day,F,L,A,MYSE
151.909,8443,6/3/2015,5/30/2015,12:22:31,7,33,AH0,146,36.6161,Day,F,L,A,MYSE
151.909,8443,6/3/2015,5/29/2015,12:22:33,7,29.2,AH0,221,30.9537504,Day,F,L,A,MYSE
151.909,8443,6/3/2015,5/30/2015,12:22:33,7,33,AH0,147,36.6161,Day,F,L,A,MYSE
151.909,8443,6/3/2015,5/29/2015,12:22:35,7,29.1,AH0,249,30.7541543,Day,F,L,A,MYSE
151.909,8443,6/3/2015,5/30/2015,12:22:35,7,33,AH0,144,36.6161,Day,F,L,A,MYSE
151.909,8443,6/3/2015,5/30/2015,12:22:36,7,33,AH0,147,36.6161,Day,F,L,A,MYSE
151.909,8443,6/3/2015,5/29/2015,12:22:38,7,29,AH0,234,30.5517,Day,F,L,A,MYSE
151.909,8443,6/3/2015,5/29/2015,12:22:40,7,29,AH0,224,30.5517,Day,F,L,A,MYSE
151.909,8443,6/3/2015,5/30/2015,12:22:51,7,33,AH0,144,36.6161,Day,F,L,A,MYSE
151.909,8443,6/3/2015,5/30/2015,12:22:53,7,33,AH0,146,36.6161,Day,F,L,A,MYSE
151.909,8443,6/3/2015,5/30/2015,12:22:55,7,33,AH0,148,36.6161,Day,F,L,A,MYSE
151.909,8443,6/3/2015,5/30/2015,12:22:56,7,33,AH0,146,36.6161,Day,F,L,A,MYSE
151.909,8443,6/3/2015,5/30/2015,12:23:11,7,33,AH0,153,36.6161,Day,F,L,A,MYSE
151.909,8443,6/3/2015,5/30/2015,12:23:13,7,33,AH0,152,36.6161,Day,F,L,A,MYSE
151.909,8443,6/3/2015,5/30/2015,12:23:15,7,33,AH0,151,36.6161,Day,F,L,A,MYSE
151.909,8443,6/3/2015,5/29/2015,12:23:16,7,29.6,AH0,40,31.7239488,Day,F,L,A,MYSE
151.909,8443,6/3/2015,5/30/2015,12:23:16,7,33.1,AH0,155,36.7196703,Day,F,L,A,MYSE
151.909,8443,6/3/2015,5/29/2015,12:23:18,7,30,AH0,71,32.45,Day,F,L,A,MYSE
151.909,8443,6/3/2015,5/30/2015,12:23:31,7,33.1,AH0,153,36.7196703,Day,F,L,A,MYSE
151.909,8443,6/3/2015,5/29/2015,12:23:33,7,29.9,AH0,150,32.2725567,Day,F,L,A,MYSE
151.909,8443,6/3/2015,5/30/2015,12:23:33,7,33.1,AH0,151,36.7196703,Day,F,L,A,MYSE
151.909,8443,6/3/2015,5/29/2015,12:23:35,7,29.9,AH0,146,32.2725567,Day,F,L,A,MYSE
151.909,8443,6/3/2015,5/30/2015,12:23:35,7,33.1,AH0,151,36.7196703,Day,F,L,A,MYSE
151.909,8443,6/3/2015,5/30/2015,12:23:36,7,33.1,AH0,149,36.7196703,Day,F,L,A,MYSE
151.909,8443,6/3/2015,5/29/2015,12:23:37,7,29.9,AH0,110,32.2725567,Day,F,L,A,MYSE
151.909,8443,6/3/2015,5/29/2015,12:23:39,7,29.9,AH0,153,32.2725567,Day,F,L,A,MYSE
151.909,8443,6/3/2015,5/30/2015,12:23:51,7,33.1,AH0,151,36.7196703,Day,F,L,A,MYSE
151.909,8443,6/3/2015,5/29/2015,12:23:53,7,30.1,AH0,159,32.6247633,Day,F,L,A,MYSE
151.909,8443,6/3/2015,5/30/2015,12:23:53,7,33.1,AH0,149,36.7196703,Day,F,L,A,MYSE
151.909,8443,6/3/2015,5/30/2015,12:23:54,7,33.1,AH0,152,36.7196703,Day,F,L,A,MYSE
151.909,8443,6/3/2015,5/29/2015,12:23:55,7,30.1,AH0,159,32.6247633,Day,F,L,A,MYSE
151.909,8443,6/3/2015,5/30/2015,12:23:56,7,33.1,AH0,151,36.7196703,Day,F,L,A,MYSE
151.909,8443,6/3/2015,5/29/2015,12:23:57,7,30.1,AH0,162,32.6247633,Day,F,L,A,MYSE
151.909,8443,6/3/2015,5/29/2015,12:23:59,7,30.2,AH0,153,32.7968664,Day,F,L,A,MYSE
151.909,8443,6/3/2015,5/30/2015,12:24:11,7,33,AH0,147,36.6161,Day,F,L,A,MYSE
151.909,8443,6/3/2015,5/29/2015,12:24:12,7,30.2,AH0,153,32.7968664,Day,F,L,A,MYSE
151.909,8443,6/3/2015,5/30/2015,12:24:13,7,33,AH0,147,36.6161,Day,F,L,A,MYSE
151.909,8443,6/3/2015,5/29/2015,12:24:14,7,30.2,AH0,161,32.7968664,Day,F,L,A,MYSE
151.909,8443,6/3/2015,5/30/2015,12:24:14,7,33,AH0,146,36.6161,Day,F,L,A,MYSE
151.909,8443,6/3/2015,5/29/2015,12:24:16,7,30.2,AH0,162,32.7968664,Day,F,L,A,MYSE
151.909,8443,6/3/2015,5/30/2015,12:24:16,7,33,AH0,147,36.6161,Day,F,L,A,MYSE
151.909,8443,6/3/2015,5/29/2015,12:24:18,7,30.2,AH0,167,32.7968664,Day,F,L,A,MYSE
151.909,8443,6/3/2015,5/28/2015,12:24:27,7,29.1,AH0,79,30.7541543,Day,F,L,A,MYSE
151.909,8443,6/3/2015,5/28/2015,12:24:29,7,29.1,AH0,83,30.7541543,Day,F,L,A,MYSE
151.909,8443,6/3/2015,5/28/2015,12:24:31,7,29.1,AH0,80,30.7541543,Day,F,L,A,MYSE
151.909,8443,6/3/2015,5/30/2015,12:24:31,7,33,AH0,145,36.6161,Day,F,L,A,MYSE
151.909,8443,6/3/2015,5/30/2015,12:24:33,7,33,AH0,140,36.6161,Day,F,L,A,MYSE
151.909,8443,6/3/2015,5/28/2015,12:24:34,7,29.1,AH0,66,30.7541543,Day,F,L,A,MYSE
151.909,8443,6/3/2015,5/29/2015,12:24:34,7,30.3,AH0,167,32.9663291,Day,F,L,A,MYSE
151.909,8443,6/3/2015,5/30/2015,12:24:34,7,33,AH0,145,36.6161,Day,F,L,A,MYSE
151.909,8443,6/3/2015,5/29/2015,12:24:36,7,30.3,AH0,125,32.9663291,Day,F,L,A,MYSE
151.909,8443,6/3/2015,5/30/2015,12:24:36,7,33,AH0,140,36.6161,Day,F,L,A,MYSE
151.909,8443,6/3/2015,5/29/2015,12:24:38,7,30.3,AH0,159,32.9663291,Day,F,L,A,MYSE
151.909,8443,6/3/2015,5/29/2015,12:24:40,7,30.3,AH0,166,32.9663291,Day,F,L,A,MYSE
151.909,8443,6/3/2015,5/28/2015,12:24:48,7,29.2,AH0,71,30.9537504,Day,F,L,A,MYSE
151.909,8443,6/3/2015,5/28/2015,12:24:50,7,29.2,AH0,68,30.9537504,Day,F,L,A,MYSE
151.909,8443,6/3/2015,5/30/2015,12:24:51,7,33,AH0,143,36.6161,Day,F,L,A,MYSE
151.909,8443,6/3/2015,5/28/2015,12:24:52,7,29.2,AH0,68,30.9537504,Day,F,L,A,MYSE
151.909,8443,6/3/2015,5/29/2015,12:24:53,7,30.2,AH0,170,32.7968664,Day,F,L,A,MYSE
151.909,8443,6/3/2015,5/30/2015,12:24:53,7,32.9,AH0,142,36.5104437,Day,F,L,A,MYSE
151.909,8443,6/3/2015,5/30/2015,12:24:54,7,32.9,AH0,140,36.5104437,Day,F,L,A,MYSE
151.909,8443,6/3/2015,5/29/2015,12:24:55,7,30.2,AH0,171,32.7968664,Day,F,L,A,MYSE
151.909,8443,6/3/2015,5/30/2015,12:24:56,7,32.9,AH0,135,36.5104437,Day,F,L,A,MYSE
151.909,8443,6/3/2015,5/29/2015,12:24:57,7,30.2,AH0,170,32.7968664,Day,F,L,A,MYSE
151.909,8443,6/3/2015,5/29/2015,12:24:59,7,30.2,AH0,170,32.7968664,Day,F,L,A,MYSE
151.909,8443,6/3/2015,5/28/2015,12:25:06,7,29.3,AH0,80,31.1505081,Day,F,L,A,MYSE
151.909,8443,6/3/2015,5/28/2015,12:25:08,7,29.3,AH0,77,31.1505081,Day,F,L,A,MYSE
151.909,8443,6/3/2015,5/28/2015,12:25:11,7,29.3,AH0,69,31.1505081,Day,F,L,A,MYSE
151.909,8443,6/3/2015,5/30/2015,12:25:11,7,32.8,AH0,137,36.4026816,Day,F,L,A,MYSE
151.909,8443,6/3/2015,5/28/2015,12:25:13,7,29.2,AH0,65,30.9537504,Day,F,L,A,MYSE
151.909,8443,6/3/2015,5/29/2015,12:25:13,7,30.3,AH0,158,32.9663291,Day,F,L,A,MYSE
151.909,8443,6/3/2015,5/30/2015,12:25:13,7,32.9,AH0,135,36.5104437,Day,F,L,A,MYSE
151.909,8443,6/3/2015,5/29/2015,12:25:15,7,30.2,AH0,168,32.7968664,Day,F,L,A,MYSE
151.909,8443,6/3/2015,5/30/2015,12:25:15,7,32.8,AH0,136,36.4026816,Day,F,L,A,MYSE
151.909,8443,6/3/2015,5/30/2015,12:25:16,7,32.8,AH0,141,36.4026816,Day,F,L,A,MYSE
151.909,8443,6/3/2015,5/29/2015,12:25:17,7,30.2,AH0,172,32.7968664,Day,F,L,A,MYSE
151.909,8443,6/3/2015,5/29/2015,12:25:19,7,30.2,AH0,172,32.7968664,Day,F,L,A,MYSE
151.909,8443,6/3/2015,5/28/2015,12:25:27,7,29.3,AH0,62,31.1505081,Day,F,L,A,MYSE
151.909,8443,6/3/2015,5/28/2015,12:25:29,7,29.3,AH0,62,31.1505081,Day,F,L,A,MYSE
151.909,8443,6/3/2015,5/28/2015,12:25:31,7,29.3,AH0,57,31.1505081,Day,F,L,A,MYSE
151.909,8443,6/3/2015,5/30/2015,12:25:31,7,32.7,AH0,130,36.2927939,Day,F,L,A,MYSE
151.909,8443,6/3/2015,5/28/2015,12:25:33,7,29.3,AH0,56,31.1505081,Day,F,L,A,MYSE
151.909,8443,6/3/2015,5/29/2015,12:25:33,7,30.2,AH0,174,32.7968664,Day,F,L,A,MYSE
151.909,8443,6/3/2015,5/30/2015,12:25:33,7,32.6,AH0,129,36.1807608,Day,F,L,A,MYSE
151.909,8443,6/3/2015,5/29/2015,12:25:35,7,30.2,AH0,174,32.7968664,Day,F,L,A,MYSE
151.909,8443,6/3/2015,5/30/2015,12:25:35,7,32.6,AH0,132,36.1807608,Day,F,L,A,MYSE
151.909,8443,6/3/2015,5/29/2015,12:25:37,7,30.2,AH0,171,32.7968664,Day,F,L,A,MYSE
151.909,8443,6/3/2015,5/30/2015,12:25:37,7,32.6,AH0,130,36.1807608,Day,F,L,A,MYSE
151.909,8443,6/3/2015,5/29/2015,12:25:39,7,30.3,AH0,172,32.9663291,Day,F,L,A,MYSE
151.909,8443,6/3/2015,5/28/2015,12:25:50,7,14.6,AH0,46,-38.5013112,Day,F,L,A,MYSE
151.909,8443,6/3/2015,5/30/2015,12:25:51,7,32.6,AH0,125,36.1807608,Day,F,L,A,MYSE
151.909,8443,6/3/2015,5/28/2015,12:25:52,7,29.3,AH0,46,31.1505081,Day,F,L,A,MYSE
151.909,8443,6/3/2015,5/29/2015,12:25:53,7,30.4,AH0,172,33.1331712,Day,F,L,A,MYSE
151.909,8443,6/3/2015,5/30/2015,12:25:53,7,32.5,AH0,128,36.0665625,Day,F,L,A,MYSE
151.909,8443,6/3/2015,5/28/2015,12:25:54,7,29.3,AH0,47,31.1505081,Day,F,L,A,MYSE
151.909,8443,6/3/2015,5/29/2015,12:25:55,7,30.4,AH0,171,33.1331712,Day,F,L,A,MYSE
151.909,8443,6/3/2015,5/30/2015,12:25:55,7,32.5,AH0,123,36.0665625,Day,F,L,A,MYSE
151.909,8443,6/3/2015,5/29/2015,12:25:57,7,30.4,AH0,175,33.1331712,Day,F,L,A,MYSE
151.909,8443,6/3/2015,5/30/2015,12:25:57,7,32.5,AH0,125,36.0665625,Day,F,L,A,MYSE
151.909,8443,6/3/2015,5/29/2015,12:25:59,7,30.4,AH0,175,33.1331712,Day,F,L,A,MYSE
151.909,8443,6/3/2015,5/30/2015,12:26:10,7,32.5,AH0,138,36.0665625,Day,F,L,A,MYSE
151.909,8443,6/3/2015,5/29/2015,12:26:12,7,30.5,AH0,153,33.2974125,Day,F,L,A,MYSE
151.909,8443,6/3/2015,5/30/2015,12:26:12,7,32.5,AH0,136,36.0665625,Day,F,L,A,MYSE
151.909,8443,6/3/2015,5/30/2015,12:26:13,7,32.5,AH0,135,36.0665625,Day,F,L,A,MYSE
151.909,8443,6/3/2015,5/29/2015,12:26:14,7,30.5,AH0,164,33.2974125,Day,F,L,A,MYSE
151.909,8443,6/3/2015,5/30/2015,12:26:15,7,32.4,AH0,134,35.9501792,Day,F,L,A,MYSE
151.909,8443,6/3/2015,5/29/2015,12:26:16,7,30.5,AH0,165,33.2974125,Day,F,L,A,MYSE
151.909,8443,6/3/2015,5/30/2015,12:26:17,7,32.5,AH0,134,36.0665625,Day,F,L,A,MYSE
151.909,8443,6/3/2015,5/29/2015,12:26:18,7,30.5,AH0,165,33.2974125,Day,F,L,A,MYSE
151.909,8443,6/3/2015,5/30/2015,12:26:30,7,32.4,AH0,139,35.9501792,Day,F,L,A,MYSE
151.909,8443,6/3/2015,5/28/2015,12:26:31,7,29,AH0,52,30.5517,Day,F,L,A,MYSE
151.909,8443,6/3/2015,5/29/2015,12:26:32,7,30.5,AH0,168,33.2974125,Day,F,L,A,MYSE
151.909,8443,6/3/2015,5/30/2015,12:26:32,7,32.4,AH0,139,35.9501792,Day,F,L,A,MYSE
151.909,8443,6/3/2015,5/28/2015,12:26:33,7,28.8,AH0,48,30.1381376,Day,F,L,A,MYSE
151.909,8443,6/3/2015,5/29/2015,12:26:34,7,30.5,AH0,127,33.2974125,Day,F,L,A,MYSE
151.909,8443,6/3/2015,5/30/2015,12:26:34,7,32.4,AH0,137,35.9501792,Day,F,L,A,MYSE
151.909,8443,6/3/2015,5/29/2015,12:26:36,7,30.5,AH0,146,33.2974125,Day,F,L,A,MYSE
151.909,8443,6/3/2015,5/30/2015,12:26:36,7,32.4,AH0,139,35.9501792,Day,F,L,A,MYSE
151.909,8443,6/3/2015,5/30/2015,12:26:37,7,32.4,AH0,135,35.9501792,Day,F,L,A,MYSE
151.909,8443,6/3/2015,5/29/2015,12:26:38,7,30.6,AH0,165,33.4590728,Day,F,L,A,MYSE
151.909,8443,6/3/2015,5/30/2015,12:26:50,7,32.4,AH0,144,35.9501792,Day,F,L,A,MYSE
151.909,8443,6/3/2015,5/29/2015,12:26:52,7,30.5,AH0,187,33.2974125,Day,F,L,A,MYSE
151.909,8443,6/3/2015,5/30/2015,12:26:52,7,32.3,AH0,143,35.8315911,Day,F,L,A,MYSE
151.909,8443,6/3/2015,5/29/2015,12:26:54,7,30.5,AH0,186,33.2974125,Day,F,L,A,MYSE
151.909,8443,6/3/2015,5/30/2015,12:26:54,7,32.3,AH0,141,35.8315911,Day,F,L,A,MYSE
151.909,8443,6/3/2015,5/29/2015,12:26:56,7,30.5,AH0,187,33.2974125,Day,F,L,A,MYSE
151.909,8443,6/3/2015,5/30/2015,12:26:56,7,32.3,AH0,141,35.8315911,Day,F,L,A,MYSE
151.909,8443,6/3/2015,5/29/2015,12:26:58,7,30.5,AH0,179,33.2974125,Day,F,L,A,MYSE
151.909,8443,6/3/2015,5/29/2015,12:27:11,7,30.5,AH0,191,33.2974125,Day,F,L,A,MYSE
151.909,8443,6/3/2015,5/30/2015,12:27:11,7,32.3,AH0,147,35.8315911,Day,F,L,A,MYSE
151.909,8443,6/3/2015,5/29/2015,12:27:13,7,30.5,AH0,187,33.2974125,Day,F,L,A,MYSE
151.909,8443,6/3/2015,5/30/2015,12:27:13,7,32.3,AH0,149,35.8315911,Day,F,L,A,MYSE
151.909,8443,6/3/2015,5/29/2015,12:27:15,7,30.5,AH0,193,33.2974125,Day,F,L,A,MYSE
151.909,8443,6/3/2015,5/30/2015,12:27:15,7,32.3,AH0,142,35.8315911,Day,F,L,A,MYSE
151.909,8443,6/3/2015,5/30/2015,12:27:16,7,32.3,AH0,151,35.8315911,Day,F,L,A,MYSE
151.909,8443,6/3/2015,5/29/2015,12:27:17,7,30.4,AH0,190,33.1331712,Day,F,L,A,MYSE
151.909,8443,6/3/2015,5/29/2015,12:27:19,7,30.4,AH0,189,33.1331712,Day,F,L,A,MYSE
151.909,8443,6/3/2015,5/30/2015,12:27:31,7,32.4,AH0,147,35.9501792,Day,F,L,A,MYSE
151.909,8443,6/3/2015,5/29/2015,12:27:33,7,30.4,AH0,190,33.1331712,Day,F,L,A,MYSE
151.909,8443,6/3/2015,5/30/2015,12:27:33,7,32.4,AH0,140,35.9501792,Day,F,L,A,MYSE
151.909,8443,6/3/2015,5/29/2015,12:27:35,7,30.4,AH0,193,33.1331712,Day,F,L,A,MYSE
151.909,8443,6/3/2015,5/30/2015,12:27:35,7,32.4,AH0,147,35.9501792,Day,F,L,A,MYSE
151.909,8443,6/3/2015,5/29/2015,12:27:37,7,30.4,AH0,188,33.1331712,Day,F,L,A,MYSE
151.909,8443,6/3/2015,5/30/2015,12:27:37,7,32.4,AH0,146,35.9501792,Day,F,L,A,MYSE
151.909,8443,6/3/2015,5/29/2015,12:27:39,7,30.4,AH0,190,33.1331712,Day,F,L,A,MYSE
151.909,8443,6/3/2015,5/30/2015,12:27:50,7,32.4,AH0,135,35.9501792,Day,F,L,A,MYSE
151.909,8443,6/3/2015,5/30/2015,12:27:52,7,32.4,AH0,138,35.9501792,Day,F,L,A,MYSE
151.909,8443,6/3/2015,5/29/2015,12:27:53,7,30.4,AH0,191,33.1331712,Day,F,L,A,MYSE
151.909,8443,6/3/2015,5/30/2015,12:27:53,7,32.4,AH0,141,35.9501792,Day,F,L,A,MYSE
151.909,8443,6/3/2015,5/29/2015,12:27:55,7,30.4,AH0,189,33.1331712,Day,F,L,A,MYSE
151.909,8443,6/3/2015,5/30/2015,12:27:55,7,32.4,AH0,141,35.9501792,Day,F,L,A,MYSE
151.909,8443,6/3/2015,5/29/2015,12:27:57,7,30.4,AH0,191,33.1331712,Day,F,L,A,MYSE
151.909,8443,6/3/2015,5/30/2015,12:27:57,7,32.5,AH0,133,36.0665625,Day,F,L,A,MYSE
151.909,8443,6/3/2015,5/29/2015,12:27:59,7,30.4,AH0,191,33.1331712,Day,F,L,A,MYSE
151.909,8443,6/3/2015,5/30/2015,12:28:10,7,32.5,AH0,137,36.0665625,Day,F,L,A,MYSE
151.909,8443,6/3/2015,5/30/2015,12:28:12,7,32.5,AH0,135,36.0665625,Day,F,L,A,MYSE
151.909,8443,6/3/2015,5/29/2015,12:28:13,7,30.4,AH0,193,33.1331712,Day,F,L,A,MYSE
151.909,8443,6/3/2015,5/29/2015,12:28:14,7,30.4,AH0,195,33.1331712,Day,F,L,A,MYSE
151.909,8443,6/3/2015,5/30/2015,12:28:14,7,32.5,AH0,132,36.0665625,Day,F,L,A,MYSE
151.909,8443,6/3/2015,5/29/2015,12:28:16,7,30.4,AH0,193,33.1331712,Day,F,L,A,MYSE
151.909,8443,6/3/2015,5/30/2015,12:28:16,7,32.5,AH0,136,36.0665625,Day,F,L,A,MYSE
151.909,8443,6/3/2015,5/30/2015,12:28:17,7,32.5,AH0,137,36.0665625,Day,F,L,A,MYSE
151.909,8443,6/3/2015,5/29/2015,12:28:18,7,30.4,AH0,193,33.1331712,Day,F,L,A,MYSE
151.909,8443,6/3/2015,5/30/2015,12:28:30,7,32.5,AH0,142,36.0665625,Day,F,L,A,MYSE
151.909,8443,6/3/2015,5/29/2015,12:28:32,7,30.4,AH0,192,33.1331712,Day,F,L,A,MYSE
151.909,8443,6/3/2015,5/30/2015,12:28:32,7,32.5,AH0,143,36.0665625,Day,F,L,A,MYSE
151.909,8443,6/3/2015,5/29/2015,12:28:34,7,30.4,AH0,194,33.1331712,Day,F,L,A,MYSE
151.909,8443,6/3/2015,5/30/2015,12:28:34,7,32.5,AH0,143,36.0665625,Day,F,L,A,MYSE
151.909,8443,6/3/2015,5/29/2015,12:28:36,7,30.4,AH0,191,33.1331712,Day,F,L,A,MYSE
151.909,8443,6/3/2015,5/30/2015,12:28:36,7,32.5,AH0,139,36.0665625,Day,F,L,A,MYSE
151.909,8443,6/3/2015,5/29/2015,12:28:38,7,30.4,AH0,191,33.1331712,Day,F,L,A,MYSE
151.909,8443,6/3/2015,5/30/2015,12:28:51,7,32.5,AH0,137,36.0665625,Day,F,L,A,MYSE
151.909,8443,6/3/2015,5/29/2015,12:28:52,7,30.5,AH0,200,33.2974125,Day,F,L,A,MYSE
151.909,8443,6/3/2015,5/30/2015,12:28:53,7,32.4,AH0,135,35.9501792,Day,F,L,A,MYSE
151.909,8443,6/3/2015,5/29/2015,12:28:54,7,30.5,AH0,197,33.2974125,Day,F,L,A,MYSE
151.909,8443,6/3/2015,5/30/2015,12:28:54,7,32.5,AH0,134,36.0665625,Day,F,L,A,MYSE
151.909,8443,6/3/2015,5/29/2015,12:28:56,7,30.5,AH0,199,33.2974125,Day,F,L,A,MYSE
151.909,8443,6/3/2015,5/30/2015,12:28:56,7,32.5,AH0,132,36.0665625,Day,F,L,A,MYSE
151.909,8443,6/3/2015,5/29/2015,12:28:58,7,30.6,AH0,196,33.4590728,Day,F,L,A,MYSE
151.909,8443,6/3/2015,5/30/2015,12:29:11,7,32.5,AH0,129,36.0665625,Day,F,L,A,MYSE
151.909,8443,6/3/2015,5/29/2015,12:29:12,7,30.6,AH0,201,33.4590728,Day,F,L,A,MYSE
151.909,8443,6/3/2015,5/30/2015,12:29:13,7,32.5,AH0,130,36.0665625,Day,F,L,A,MYSE
151.909,8443,6/3/2015,5/29/2015,12:29:14,7,30.6,AH0,197,33.4590728,Day,F,L,A,MYSE
151.909,8443,6/3/2015,5/30/2015,12:29:15,7,32.5,AH0,134,36.0665625,Day,F,L,A,MYSE
151.909,8443,6/3/2015,5/29/2015,12:29:16,7,30.6,AH0,200,33.4590728,Day,F,L,A,MYSE
151.909,8443,6/3/2015,5/29/2015,12:29:17,7,30.6,AH0,199,33.4590728,Day,F,L,A,MYSE
151.909,8443,6/3/2015,5/30/2015,12:29:17,7,32.5,AH0,138,36.0665625,Day,F,L,A,MYSE
151.909,8443,6/3/2015,5/30/2015,12:29:31,7,32.5,AH0,130,36.0665625,Day,F,L,A,MYSE
151.909,8443,6/3/2015,5/29/2015,12:29:33,7,30.7,AH0,200,33.6181719,Day,F,L,A,MYSE
151.909,8443,6/3/2015,5/30/2015,12:29:33,7,32.5,AH0,132,36.0665625,Day,F,L,A,MYSE
151.909,8443,6/3/2015,5/29/2015,12:29:35,7,30.7,AH0,200,33.6181719,Day,F,L,A,MYSE
151.909,8443,6/3/2015,5/30/2015,12:29:35,7,32.5,AH0,138,36.0665625,Day,F,L,A,MYSE
151.909,8443,6/3/2015,5/29/2015,12:29:37,7,30.8,AH0,204,33.7747296,Day,F,L,A,MYSE
151.909,8443,6/3/2015,5/30/2015,12:29:37,7,32.5,AH0,140,36.0665625,Day,F,L,A,MYSE
151.909,8443,6/3/2015,5/29/2015,12:29:39,7,30.8,AH0,200,33.7747296,Day,F,L,A,MYSE
151.909,8443,6/3/2015,5/30/2015,12:29:50,7,32.6,AH0,140,36.1807608,Day,F,L,A,MYSE
151.909,8443,6/3/2015,5/30/2015,12:29:52,7,32.6,AH0,144,36.1807608,Day,F,L,A,MYSE
151.909,8443,6/3/2015,5/29/2015,12:29:53,7,30.8,AH0,201,33.7747296,Day,F,L,A,MYSE
151.909,8443,6/3/2015,5/30/2015,12:29:53,7,32.6,AH0,139,36.1807608,Day,F,L,A,MYSE
151.909,8443,6/3/2015,5/29/2015,12:29:55,7,30.8,AH0,202,33.7747296,Day,F,L,A,MYSE
151.909,8443,6/3/2015,5/30/2015,12:29:55,7,32.6,AH0,143,36.1807608,Day,F,L,A,MYSE
151.909,8443,6/3/2015,5/29/2015,12:29:57,7,30.9,AH0,202,33.9287657,Day,F,L,A,MYSE
151.909,8443,6/3/2015,5/30/2015,12:29:57,7,32.6,AH0,142,36.1807608,Day,F,L,A,MYSE
151.909,8443,6/3/2015,5/29/2015,12:29:58,7,30.9,AH0,201,33.9287657,Day,F,L,A,MYSE
151.909,8443,6/3/2015,5/30/2015,12:30:10,7,32.6,AH0,142,36.1807608,Day,F,L,A,MYSE
151.909,8443,6/3/2015,5/29/2015,12:30:12,7,30.9,AH0,202,33.9287657,Day,F,L,A,MYSE
151.909,8443,6/3/2015,5/30/2015,12:30:12,7,32.6,AH0,145,36.1807608,Day,F,L,A,MYSE
151.909,8443,6/3/2015,5/29/2015,12:30:14,7,30.9,AH0,203,33.9287657,Day,F,L,A,MYSE
151.909,8443,6/3/2015,5/30/2015,12:30:14,7,32.6,AH0,141,36.1807608,Day,F,L,A,MYSE
151.909,8443,6/3/2015,5/29/2015,12:30:16,7,30.9,AH0,203,33.9287657,Day,F,L,A,MYSE
151.909,8443,6/3/2015,5/30/2015,12:30:16,7,32.6,AH0,142,36.1807608,Day,F,L,A,MYSE
151.909,8443,6/3/2015,5/30/2015,12:30:17,7,32.6,AH0,139,36.1807608,Day,F,L,A,MYSE
151.909,8443,6/3/2015,5/29/2015,12:30:18,7,30.9,AH0,203,33.9287657,Day,F,L,A,MYSE
151.909,8443,6/3/2015,5/30/2015,12:30:30,7,32.6,AH0,136,36.1807608,Day,F,L,A,MYSE
151.909,8443,6/3/2015,5/29/2015,12:30:31,7,30.9,AH0,198,33.9287657,Day,F,L,A,MYSE
151.909,8443,6/3/2015,5/30/2015,12:30:32,7,32.6,AH0,137,36.1807608,Day,F,L,A,MYSE
151.909,8443,6/3/2015,5/29/2015,12:30:33,7,30.9,AH0,197,33.9287657,Day,F,L,A,MYSE
151.909,8443,6/3/2015,5/30/2015,12:30:34,7,32.6,AH0,144,36.1807608,Day,F,L,A,MYSE
151.909,8443,6/3/2015,5/29/2015,12:30:35,7,30.9,AH0,198,33.9287657,Day,F,L,A,MYSE
151.909,8443,6/3/2015,5/30/2015,12:30:36,7,32.6,AH0,143,36.1807608,Day,F,L,A,MYSE
151.909,8443,6/3/2015,5/29/2015,12:30:37,7,30.9,AH0,202,33.9287657,Day,F,L,A,MYSE
151.909,8443,6/3/2015,5/30/2015,12:30:38,7,32.6,AH0,138,36.1807608,Day,F,L,A,MYSE
151.909,8443,6/3/2015,5/29/2015,12:30:39,7,30.9,AH0,202,33.9287657,Day,F,L,A,MYSE
151.909,8443,6/3/2015,5/30/2015,12:30:51,7,32.6,AH0,141,36.1807608,Day,F,L,A,MYSE
151.909,8443,6/3/2015,5/30/2015,12:30:52,7,32.6,AH0,138,36.1807608,Day,F,L,A,MYSE
151.909,8443,6/3/2015,5/29/2015,12:30:53,7,30.8,AH0,202,33.7747296,Day,F,L,A,MYSE
151.909,8443,6/3/2015,5/30/2015,12:30:54,7,32.6,AH0,135,36.1807608,Day,F,L,A,MYSE
151.909,8443,6/3/2015,5/29/2015,12:30:55,7,30.8,AH0,198,33.7747296,Day,F,L,A,MYSE
151.909,8443,6/3/2015,5/30/2015,12:30:56,7,32.6,AH0,135,36.1807608,Day,F,L,A,MYSE
151.909,8443,6/3/2015,5/29/2015,12:30:57,7,30.8,AH0,200,33.7747296,Day,F,L,A,MYSE
151.909,8443,6/3/2015,5/29/2015,12:30:59,7,30.9,AH0,202,33.9287657,Day,F,L,A,MYSE
151.909,8443,6/3/2015,5/28/2015,12:31:09,7,29.2,AH0,68,30.9537504,Day,F,L,A,MYSE
151.909,8443,6/3/2015,5/28/2015,12:31:11,7,29,AH0,52,30.5517,Day,F,L,A,MYSE
151.909,8443,6/3/2015,5/30/2015,12:31:11,7,32.7,AH0,139,36.2927939,Day,F,L,A,MYSE
151.909,8443,6/3/2015,5/29/2015,12:31:12,7,30.8,AH0,199,33.7747296,Day,F,L,A,MYSE
151.909,8443,6/3/2015,5/28/2015,12:31:13,7,29.1,AH0,60,30.7541543,Day,F,L,A,MYSE
151.909,8443,6/3/2015,5/30/2015,12:31:13,7,32.7,AH0,142,36.2927939,Day,F,L,A,MYSE
151.909,8443,6/3/2015,5/29/2015,12:31:14,7,30.9,AH0,200,33.9287657,Day,F,L,A,MYSE
151.909,8443,6/3/2015,5/30/2015,12:31:14,7,32.7,AH0,135,36.2927939,Day,F,L,A,MYSE
151.909,8443,6/3/2015,5/29/2015,12:31:16,7,30.9,AH0,201,33.9287657,Day,F,L,A,MYSE
151.909,8443,6/3/2015,5/30/2015,12:31:16,7,32.8,AH0,143,36.4026816,Day,F,L,A,MYSE
151.909,8443,6/3/2015,5/29/2015,12:31:18,7,30.9,AH0,200,33.9287657,Day,F,L,A,MYSE
151.909,8443,6/3/2015,5/28/2015,12:31:27,7,29,AH0,64,30.5517,Day,F,L,A,MYSE
151.909,8443,6/3/2015,5/28/2015,12:31:29,7,29.3,AH0,102,31.1505081,Day,F,L,A,MYSE
151.909,8443,6/3/2015,5/30/2015,12:31:31,7,32.8,AH0,138,36.4026816,Day,F,L,A,MYSE
151.909,8443,6/3/2015,5/28/2015,12:31:32,7,29.3,AH0,111,31.1505081,Day,F,L,A,MYSE
151.909,8443,6/3/2015,5/29/2015,12:31:32,7,30.9,AH0,201,33.9287657,Day,F,L,A,MYSE
151.909,8443,6/3/2015,5/30/2015,12:31:33,7,32.8,AH0,138,36.4026816,Day,F,L,A,MYSE
151.909,8443,6/3/2015,5/28/2015,12:31:34,7,29.2,AH0,117,30.9537504,Day,F,L,A,MYSE
151.909,8443,6/3/2015,5/29/2015,12:31:34,7,30.9,AH0,201,33.9287657,Day,F,L,A,MYSE
151.909,8443,6/3/2015,5/30/2015,12:31:35,7,32.8,AH0,135,36.4026816,Day,F,L,A,MYSE
151.909,8443,6/3/2015,5/29/2015,12:31:36,7,30.9,AH0,201,33.9287657,Day,F,L,A,MYSE
151.909,8443,6/3/2015,5/30/2015,12:31:36,7,32.8,AH0,130,36.4026816,Day,F,L,A,MYSE
151.909,8443,6/3/2015,5/29/2015,12:31:38,7,30.9,AH0,201,33.9287657,Day,F,L,A,MYSE
151.909,8443,6/3/2015,5/28/2015,12:31:48,7,29.3,AH0,121,31.1505081,Day,F,L,A,MYSE
151.909,8443,6/3/2015,5/28/2015,12:31:50,7,29.4,AH0,128,31.3444472,Day,F,L,A,MYSE
151.909,8443,6/3/2015,5/30/2015,12:31:51,7,32.8,AH0,133,36.4026816,Day,F,L,A,MYSE
151.909,8443,6/3/2015,5/28/2015,12:31:52,7,29.4,AH0,126,31.3444472,Day,F,L,A,MYSE
151.909,8443,6/3/2015,5/29/2015,12:31:53,7,30.9,AH0,203,33.9287657,Day,F,L,A,MYSE
151.909,8443,6/3/2015,5/30/2015,12:31:53,7,32.7,AH0,134,36.2927939,Day,F,L,A,MYSE
151.909,8443,6/3/2015,5/29/2015,12:31:55,7,30.9,AH0,200,33.9287657,Day,F,L,A,MYSE
151.909,8443,6/3/2015,5/30/2015,12:31:55,7,32.7,AH0,133,36.2927939,Day,F,L,A,MYSE
151.909,8443,6/3/2015,5/29/2015,12:31:57,7,30.9,AH0,200,33.9287657,Day,F,L,A,MYSE
151.909,8443,6/3/2015,5/30/2015,12:31:57,7,32.7,AH0,132,36.2927939,Day,F,L,A,MYSE
151.909,8443,6/3/2015,5/29/2015,12:31:59,7,30.9,AH0,202,33.9287657,Day,F,L,A,MYSE
151.909,8443,6/3/2015,5/28/2015,12:32:06,7,29.4,AH0,122,31.3444472,Day,F,L,A,MYSE
151.909,8443,6/3/2015,5/28/2015,12:32:08,7,42.4,AH0,128,39.9744192,Day,F,L,A,MYSE
151.909,8443,6/3/2015,5/28/2015,12:32:09,7,53,AH0,137,42.2181,Day,F,L,A,MYSE
151.909,8443,6/3/2015,5/28/2015,12:32:10,7,103.8,AH0,141,759.0148376,Day,F,L,A,MYSE
151.909,8443,6/3/2015,5/28/2015,12:32:11,7,37.6,AH0,134,39.5423808,Day,F,L,A,MYSE
151.909,8443,6/3/2015,5/30/2015,12:32:11,7,32.8,AH0,139,36.4026816,Day,F,L,A,MYSE
151.909,8443,6/3/2015,5/29/2015,12:32:12,7,31,AH0,205,34.0803,Day,F,L,A,MYSE
151.909,8443,6/3/2015,5/28/2015,12:32:13,7,48.6,AH0,137,40.0809848,Day,F,L,A,MYSE
151.909,8443,6/3/2015,5/30/2015,12:32:13,7,32.7,AH0,137,36.2927939,Day,F,L,A,MYSE
151.909,8443,6/3/2015,5/29/2015,12:32:14,7,31,AH0,205,34.0803,Day,F,L,A,MYSE
151.909,8443,6/3/2015,5/30/2015,12:32:15,7,32.7,AH0,132,36.2927939,Day,F,L,A,MYSE
151.909,8443,6/3/2015,5/29/2015,12:32:16,7,31,AH0,202,34.0803,Day,F,L,A,MYSE
151.909,8443,6/3/2015,5/30/2015,12:32:17,7,32.8,AH0,132,36.4026816,Day,F,L,A,MYSE
151.909,8443,6/3/2015,5/29/2015,12:32:18,7,31,AH0,204,34.0803,Day,F,L,A,MYSE
151.909,8443,6/3/2015,5/28/2015,12:32:27,7,32.7,AH0,130,36.2927939,Day,F,L,A,MYSE
151.909,8443,6/3/2015,5/28/2015,12:32:28,7,90.4,AH0,139,377.1122112,Day,F,L,A,MYSE
151.909,8443,6/3/2015,5/28/2015,12:32:29,7,59.4,AH0,122,52.2593672,Day,F,L,A,MYSE
151.909,8443,6/3/2015,5/30/2015,12:32:30,7,32.7,AH0,131,36.2927939,Day,F,L,A,MYSE
151.909,8443,6/3/2015,5/28/2015,12:32:31,7,44.7,AH0,138,39.8631659,Day,F,L,A,MYSE
151.909,8443,6/3/2015,5/30/2015,12:32:31,7,32.7,AH0,132,36.2927939,Day,F,L,A,MYSE
151.909,8443,6/3/2015,5/28/2015,12:32:32,7,74.4,AH0,132,135.3198272,Day,F,L,A,MYSE
151.909,8443,6/3/2015,5/28/2015,12:32:32,7,70.2,AH0,133,101.0767064,Day,F,L,A,MYSE
151.909,8443,6/3/2015,5/29/2015,12:32:32,7,30.9,AH0,204,33.9287657,Day,F,L,A,MYSE
151.909,8443,6/3/2015,5/28/2015,12:32:33,7,120.5,AH0,127,1540.345163,Day,F,L,A,MYSE
151.909,8443,6/3/2015,5/30/2015,12:32:33,7,32.7,AH0,132,36.2927939,Day,F,L,A,MYSE
151.909,8443,6/3/2015,5/29/2015,12:32:34,7,30.9,AH0,205,33.9287657,Day,F,L,A,MYSE
151.909,8443,6/3/2015,5/30/2015,12:32:35,7,32.7,AH0,135,36.2927939,Day,F,L,A,MYSE
151.909,8443,6/3/2015,5/29/2015,12:32:36,7,30.9,AH0,204,33.9287657,Day,F,L,A,MYSE
151.909,8443,6/3/2015,5/30/2015,12:32:37,7,32.7,AH0,146,36.2927939,Day,F,L,A,MYSE
151.909,8443,6/3/2015,5/29/2015,12:32:38,7,30.9,AH0,205,33.9287657,Day,F,L,A,MYSE
151.909,8443,6/3/2015,5/28/2015,12:32:46,7,24.9,AH0,121,19.5458117,Day,F,L,A,MYSE
151.909,8443,6/3/2015,5/28/2015,12:32:47,7,71.8,AH0,116,112.9439256,Day,F,L,A,MYSE
151.909,8443,6/3/2015,5/28/2015,12:32:48,7,76.6,AH0,118,157.4660568,Day,F,L,A,MYSE
151.909,8443,6/3/2015,5/30/2015,12:32:50,7,32.7,AH0,147,36.2927939,Day,F,L,A,MYSE
151.909,8443,6/3/2015,5/28/2015,12:32:51,7,21.4,AH0,115,5.2957752,Day,F,L,A,MYSE
151.909,8443,6/3/2015,5/29/2015,12:32:51,7,30.9,AH0,206,33.9287657,Day,F,L,A,MYSE
151.909,8443,6/3/2015,5/28/2015,12:32:52,7,89.2,AH0,130,351.7459104,Day,F,L,A,MYSE
151.909,8443,6/3/2015,5/28/2015,12:32:52,7,126.6,AH0,117,1926.848257,Day,F,L,A,MYSE
151.909,8443,6/3/2015,5/30/2015,12:32:52,7,32.7,AH0,144,36.2927939,Day,F,L,A,MYSE
151.909,8443,6/3/2015,5/28/2015,12:32:53,7,83.2,AH0,115,243.7599744,Day,F,L,A,MYSE
151.909,8443,6/3/2015,5/29/2015,12:32:53,7,30.9,AH0,200,33.9287657,Day,F,L,A,MYSE
151.909,8443,6/3/2015,5/30/2015,12:32:53,7,32.8,AH0,141,36.4026816,Day,F,L,A,MYSE
151.909,8443,6/3/2015,5/29/2015,12:32:55,7,30.9,AH0,204,33.9287657,Day,F,L,A,MYSE
151.909,8443,6/3/2015,5/30/2015,12:32:55,7,32.8,AH0,143,36.4026816,Day,F,L,A,MYSE
151.909,8443,6/3/2015,5/29/2015,12:32:57,7,30.9,AH0,201,33.9287657,Day,F,L,A,MYSE
151.909,8443,6/3/2015,5/30/2015,12:32:57,7,32.7,AH0,140,36.2927939,Day,F,L,A,MYSE
151.909,8443,6/3/2015,5/29/2015,12:32:59,7,30.9,AH0,205,33.9287657,Day,F,L,A,MYSE
151.909,8443,6/3/2015,5/28/2015,12:33:06,7,29,AH0,120,30.5517,Day,F,L,A,MYSE
151.909,8443,6/3/2015,5/28/2015,12:33:08,7,29.4,AH0,122,31.3444472,Day,F,L,A,MYSE
151.909,8443,6/3/2015,5/28/2015,12:33:10,7,29.3,AH0,108,31.1505081,Day,F,L,A,MYSE
151.909,8443,6/3/2015,5/30/2015,12:33:10,7,32.8,AH0,143,36.4026816,Day,F,L,A,MYSE
151.909,8443,6/3/2015,5/28/2015,12:33:12,7,29.4,AH0,117,31.3444472,Day,F,L,A,MYSE
151.909,8443,6/3/2015,5/30/2015,12:33:12,7,32.8,AH0,142,36.4026816,Day,F,L,A,MYSE
151.909,8443,6/3/2015,5/29/2015,12:33:13,7,30.9,AH0,207,33.9287657,Day,F,L,A,MYSE
151.909,8443,6/3/2015,5/30/2015,12:33:14,7,32.8,AH0,136,36.4026816,Day,F,L,A,MYSE
151.909,8443,6/3/2015,5/29/2015,12:33:15,7,30.9,AH0,205,33.9287657,Day,F,L,A,MYSE
151.909,8443,6/3/2015,5/30/2015,12:33:15,7,32.8,AH0,137,36.4026816,Day,F,L,A,MYSE
151.909,8443,6/3/2015,5/29/2015,12:33:17,7,30.9,AH0,204,33.9287657,Day,F,L,A,MYSE
151.909,8443,6/3/2015,5/30/2015,12:33:17,7,32.8,AH0,141,36.4026816,Day,F,L,A,MYSE
151.909,8443,6/3/2015,5/29/2015,12:33:18,7,30.9,AH0,204,33.9287657,Day,F,L,A,MYSE
151.909,8443,6/3/2015,5/28/2015,12:33:26,7,60.3,AH0,131,54.5840591,Day,F,L,A,MYSE
151.909,8443,6/3/2015,5/28/2015,12:33:28,7,133,AH0,137,2398.2261,Day,F,L,A,MYSE
151.909,8443,6/3/2015,5/30/2015,12:33:30,7,32.9,AH0,139,36.5104437,Day,F,L,A,MYSE
151.909,8443,6/3/2015,5/28/2015,12:33:32,7,131.6,AH0,124,2289.092477,Day,F,L,A,MYSE
151.909,8443,6/3/2015,5/29/2015,12:33:32,7,31,AH0,205,34.0803,Day,F,L,A,MYSE
151.909,8443,6/3/2015,5/30/2015,12:33:32,7,32.9,AH0,141,36.5104437,Day,F,L,A,MYSE
151.909,8443,6/3/2015,5/28/2015,12:33:33,7,81.7,AH0,130,221.3482029,Day,F,L,A,MYSE
151.909,8443,6/3/2015,5/29/2015,12:33:34,7,31,AH0,204,34.0803,Day,F,L,A,MYSE
151.909,8443,6/3/2015,5/30/2015,12:33:34,7,32.9,AH0,134,36.5104437,Day,F,L,A,MYSE
151.909,8443,6/3/2015,5/29/2015,12:33:36,7,31,AH0,205,34.0803,Day,F,L,A,MYSE
151.909,8443,6/3/2015,5/30/2015,12:33:36,7,32.9,AH0,137,36.5104437,Day,F,L,A,MYSE
151.909,8443,6/3/2015,5/30/2015,12:33:37,7,32.9,AH0,141,36.5104437,Day,F,L,A,MYSE
151.909,8443,6/3/2015,5/29/2015,12:33:38,7,31,AH0,204,34.0803,Day,F,L,A,MYSE
151.909,8443,6/3/2015,5/30/2015,12:33:50,7,32.9,AH0,139,36.5104437,Day,F,L,A,MYSE
151.909,8443,6/3/2015,5/29/2015,12:33:51,7,31.1,AH0,206,34.2293523,Day,F,L,A,MYSE
151.909,8443,6/3/2015,5/30/2015,12:33:52,7,32.9,AH0,141,36.5104437,Day,F,L,A,MYSE
151.909,8443,6/3/2015,5/29/2015,12:33:53,7,31.1,AH0,208,34.2293523,Day,F,L,A,MYSE
151.909,8443,6/3/2015,5/30/2015,12:33:54,7,32.9,AH0,142,36.5104437,Day,F,L,A,MYSE
151.909,8443,6/3/2015,5/29/2015,12:33:55,7,31.2,AH0,206,34.3759424,Day,F,L,A,MYSE
151.909,8443,6/3/2015,5/30/2015,12:33:56,7,32.9,AH0,141,36.5104437,Day,F,L,A,MYSE
151.909,8443,6/3/2015,5/29/2015,12:33:57,7,31.2,AH0,207,34.3759424,Day,F,L,A,MYSE
151.909,8443,6/3/2015,5/30/2015,12:33:57,7,32.9,AH0,146,36.5104437,Day,F,L,A,MYSE
151.909,8443,6/3/2015,5/29/2015,12:33:59,7,31.2,AH0,206,34.3759424,Day,F,L,A,MYSE
151.909,8443,6/3/2015,5/28/2015,12:34:06,7,31.1,AH0,36,34.2293523,Day,F,L,A,MYSE
151.909,8443,6/3/2015,5/28/2015,12:34:07,7,126.3,AH0,36,1906.445785,Day,F,L,A,MYSE
151.909,8443,6/3/2015,5/28/2015,12:34:10,7,34.4,AH0,40,37.8852672,Day,F,L,A,MYSE
151.909,8443,6/3/2015,5/30/2015,12:34:10,7,33,AH0,141,36.6161,Day,F,L,A,MYSE
151.909,8443,6/3/2015,5/28/2015,12:34:11,7,95.1,AH0,35,489.6494483,Day,F,L,A,MYSE
151.909,8443,6/3/2015,5/28/2015,12:34:12,7,115.2,AH0,42,1250.727526,Day,F,L,A,MYSE
151.909,8443,6/3/2015,5/28/2015,12:34:12,7,119.3,AH0,40,1471.128098,Day,F,L,A,MYSE
151.909,8443,6/3/2015,5/30/2015,12:34:12,7,33,AH0,139,36.6161,Day,F,L,A,MYSE
151.909,8443,6/3/2015,5/28/2015,12:34:13,7,113.2,AH0,40,1151.955254,Day,F,L,A,MYSE
151.909,8443,6/3/2015,5/29/2015,12:34:13,7,31.2,AH0,206,34.3759424,Day,F,L,A,MYSE
151.909,8443,6/3/2015,5/29/2015,12:34:14,7,31.2,AH0,201,34.3759424,Day,F,L,A,MYSE
151.909,8443,6/3/2015,5/30/2015,12:34:14,7,33,AH0,142,36.6161,Day,F,L,A,MYSE
151.909,8443,6/3/2015,5/29/2015,12:34:16,7,31.2,AH0,205,34.3759424,Day,F,L,A,MYSE
151.909,8443,6/3/2015,5/30/2015,12:34:16,7,33,AH0,141,36.6161,Day,F,L,A,MYSE
151.909,8443,6/3/2015,5/30/2015,12:34:17,7,33,AH0,138,36.6161,Day,F,L,A,MYSE
151.909,8443,6/3/2015,5/29/2015,12:34:18,7,31.2,AH0,208,34.3759424,Day,F,L,A,MYSE
151.909,8443,6/3/2015,5/30/2015,12:34:30,7,33,AH0,142,36.6161,Day,F,L,A,MYSE
151.909,8443,6/3/2015,5/29/2015,12:34:32,7,31.3,AH0,205,34.5200901,Day,F,L,A,MYSE
151.909,8443,6/3/2015,5/30/2015,12:34:32,7,33,AH0,139,36.6161,Day,F,L,A,MYSE
151.909,8443,6/3/2015,5/29/2015,12:34:34,7,31.3,AH0,206,34.5200901,Day,F,L,A,MYSE
151.909,8443,6/3/2015,5/30/2015,12:34:34,7,33,AH0,142,36.6161,Day,F,L,A,MYSE
151.909,8443,6/3/2015,5/29/2015,12:34:36,7,31.3,AH0,203,34.5200901,Day,F,L,A,MYSE
151.909,8443,6/3/2015,5/30/2015,12:34:36,7,33,AH0,146,36.6161,Day,F,L,A,MYSE
151.909,8443,6/3/2015,5/30/2015,12:34:37,7,33,AH0,146,36.6161,Day,F,L,A,MYSE
151.909,8443,6/3/2015,5/29/2015,12:34:38,7,31.3,AH0,206,34.5200901,Day,F,L,A,MYSE
151.909,8443,6/3/2015,5/30/2015,12:34:50,7,32.9,AH0,142,36.5104437,Day,F,L,A,MYSE
151.909,8443,6/3/2015,5/30/2015,12:34:52,7,32.9,AH0,140,36.5104437,Day,F,L,A,MYSE
151.909,8443,6/3/2015,5/29/2015,12:34:53,7,31.3,AH0,206,34.5200901,Day,F,L,A,MYSE
151.909,8443,6/3/2015,5/30/2015,12:34:54,7,32.9,AH0,143,36.5104437,Day,F,L,A,MYSE
151.909,8443,6/3/2015,5/29/2015,12:34:55,7,31.3,AH0,207,34.5200901,Day,F,L,A,MYSE
151.909,8443,6/3/2015,5/30/2015,12:34:56,7,32.9,AH0,142,36.5104437,Day,F,L,A,MYSE
151.909,8443,6/3/2015,5/29/2015,12:34:57,7,31.3,AH0,209,34.5200901,Day,F,L,A,MYSE
151.909,8443,6/3/2015,5/30/2015,12:34:57,7,32.9,AH0,132,36.5104437,Day,F,L,A,MYSE
151.909,8443,6/3/2015,5/29/2015,12:34:59,7,31.3,AH0,207,34.5200901,Day,F,L,A,MYSE
151.909,8443,6/3/2015,5/30/2015,12:35:10,7,32.8,AH0,120,36.4026816,Day,F,L,A,MYSE
151.909,8443,6/3/2015,5/29/2015,12:35:12,7,31.4,AH0,205,34.6618152,Day,F,L,A,MYSE
151.909,8443,6/3/2015,5/30/2015,12:35:12,7,32.8,AH0,120,36.4026816,Day,F,L,A,MYSE
151.909,8443,6/3/2015,5/29/2015,12:35:14,7,31.4,AH0,204,34.6618152,Day,F,L,A,MYSE
151.909,8443,6/3/2015,5/30/2015,12:35:14,7,32.8,AH0,115,36.4026816,Day,F,L,A,MYSE
151.909,8443,6/3/2015,5/29/2015,12:35:16,7,31.4,AH0,207,34.6618152,Day,F,L,A,MYSE
151.909,8443,6/3/2015,5/30/2015,12:35:16,7,32.8,AH0,122,36.4026816,Day,F,L,A,MYSE
151.909,8443,6/3/2015,5/29/2015,12:35:18,7,31.4,AH0,204,34.6618152,Day,F,L,A,MYSE
151.909,8443,6/3/2015,5/30/2015,12:35:18,7,32.8,AH0,123,36.4026816,Day,F,L,A,MYSE
151.909,8443,6/3/2015,5/30/2015,12:35:30,7,32.8,AH0,140,36.4026816,Day,F,L,A,MYSE
151.909,8443,6/3/2015,5/29/2015,12:35:31,7,31.7,AH0,207,35.0726529,Day,F,L,A,MYSE
151.909,8443,6/3/2015,5/30/2015,12:35:32,7,32.8,AH0,127,36.4026816,Day,F,L,A,MYSE
151.909,8443,6/3/2015,5/29/2015,12:35:33,7,31.5,AH0,208,34.8011375,Day,F,L,A,MYSE
151.909,8443,6/3/2015,5/30/2015,12:35:34,7,32.8,AH0,126,36.4026816,Day,F,L,A,MYSE
151.909,8443,6/3/2015,5/29/2015,12:35:35,7,31.5,AH0,203,34.8011375,Day,F,L,A,MYSE
151.909,8443,6/3/2015,5/30/2015,12:35:36,7,32.8,AH0,122,36.4026816,Day,F,L,A,MYSE
151.909,8443,6/3/2015,5/29/2015,12:35:37,7,31.5,AH0,206,34.8011375,Day,F,L,A,MYSE
151.909,8443,6/3/2015,5/29/2015,12:35:39,7,31.5,AH0,207,34.8011375,Day,F,L,A,MYSE
151.909,8443,6/3/2015,5/30/2015,12:35:51,7,32.8,AH0,122,36.4026816,Day,F,L,A,MYSE
151.909,8443,6/3/2015,5/29/2015,12:35:52,7,31.6,AH0,201,34.9380768,Day,F,L,A,MYSE
151.909,8443,6/3/2015,5/30/2015,12:35:52,7,32.8,AH0,119,36.4026816,Day,F,L,A,MYSE
151.909,8443,6/3/2015,5/29/2015,12:35:54,7,31.6,AH0,205,34.9380768,Day,F,L,A,MYSE
151.909,8443,6/3/2015,5/30/2015,12:35:54,7,32.8,AH0,122,36.4026816,Day,F,L,A,MYSE
151.909,8443,6/3/2015,5/29/2015,12:35:56,7,31.6,AH0,203,34.9380768,Day,F,L,A,MYSE
151.909,8443,6/3/2015,5/30/2015,12:35:56,7,32.8,AH0,126,36.4026816,Day,F,L,A,MYSE
151.909,8443,6/3/2015,5/29/2015,12:35:58,7,31.6,AH0,205,34.9380768,Day,F,L,A,MYSE
151.909,8443,6/3/2015,5/28/2015,12:36:07,7,29.6,AH0,76,31.7239488,Day,F,L,A,MYSE
151.909,8443,6/3/2015,5/28/2015,12:36:09,7,29.6,AH0,72,31.7239488,Day,F,L,A,MYSE
151.909,8443,6/3/2015,5/28/2015,12:36:11,7,29.6,AH0,64,31.7239488,Day,F,L,A,MYSE
151.909,8443,6/3/2015,5/30/2015,12:36:11,7,32.7,AH0,120,36.2927939,Day,F,L,A,MYSE
151.909,8443,6/3/2015,5/28/2015,12:36:13,7,29.6,AH0,73,31.7239488,Day,F,L,A,MYSE
151.909,8443,6/3/2015,5/29/2015,12:36:13,7,31.6,AH0,208,34.9380768,Day,F,L,A,MYSE
151.909,8443,6/3/2015,5/30/2015,12:36:13,7,32.7,AH0,132,36.2927939,Day,F,L,A,MYSE
151.909,8443,6/3/2015,5/30/2015,12:36:14,7,32.7,AH0,137,36.2927939,Day,F,L,A,MYSE
151.909,8443,6/3/2015,5/29/2015,12:36:15,7,31.6,AH0,207,34.9380768,Day,F,L,A,MYSE
151.909,8443,6/3/2015,5/30/2015,12:36:16,7,32.7,AH0,133,36.2927939,Day,F,L,A,MYSE
151.909,8443,6/3/2015,5/29/2015,12:36:17,7,31.6,AH0,205,34.9380768,Day,F,L,A,MYSE
151.909,8443,6/3/2015,5/29/2015,12:36:19,7,31.6,AH0,207,34.9380768,Day,F,L,A,MYSE
151.909,8443,6/3/2015,5/28/2015,12:36:27,7,29.6,AH0,121,31.7239488,Day,F,L,A,MYSE
151.909,8443,6/3/2015,5/28/2015,12:36:29,7,29.6,AH0,124,31.7239488,Day,F,L,A,MYSE
151.909,8443,6/3/2015,5/28/2015,12:36:31,7,29.7,AH0,125,31.9095509,Day,F,L,A,MYSE
151.909,8443,6/3/2015,5/30/2015,12:36:31,7,32.8,AH0,147,36.4026816,Day,F,L,A,MYSE
151.909,8443,6/3/2015,5/29/2015,12:36:32,7,31.5,AH0,204,34.8011375,Day,F,L,A,MYSE
151.909,8443,6/3/2015,5/28/2015,12:36:33,7,29.7,AH0,131,31.9095509,Day,F,L,A,MYSE
151.909,8443,6/3/2015,5/30/2015,12:36:33,7,32.8,AH0,139,36.4026816,Day,F,L,A,MYSE
151.909,8443,6/3/2015,5/29/2015,12:36:34,7,31.5,AH0,202,34.8011375,Day,F,L,A,MYSE
151.909,8443,6/3/2015,5/30/2015,12:36:35,7,32.8,AH0,135,36.4026816,Day,F,L,A,MYSE
151.909,8443,6/3/2015,5/29/2015,12:36:36,7,31.5,AH0,203,34.8011375,Day,F,L,A,MYSE
151.909,8443,6/3/2015,5/30/2015,12:36:36,7,32.8,AH0,136,36.4026816,Day,F,L,A,MYSE
151.909,8443,6/3/2015,5/29/2015,12:36:38,7,31.5,AH0,203,34.8011375,Day,F,L,A,MYSE
151.909,8443,6/3/2015,5/28/2015,12:36:47,7,29.8,AH0,132,32.0924136,Day,F,L,A,MYSE
151.909,8443,6/3/2015,5/28/2015,12:36:49,7,29.8,AH0,128,32.0924136,Day,F,L,A,MYSE
151.909,8443,6/3/2015,5/28/2015,12:36:51,7,29.8,AH0,131,32.0924136,Day,F,L,A,MYSE
151.909,8443,6/3/2015,5/30/2015,12:36:51,7,32.8,AH0,136,36.4026816,Day,F,L,A,MYSE
151.909,8443,6/3/2015,5/28/2015,12:36:53,7,29.9,AH0,127,32.2725567,Day,F,L,A,MYSE
151.909,8443,6/3/2015,5/29/2015,12:36:53,7,31.5,AH0,205,34.8011375,Day,F,L,A,MYSE
151.909,8443,6/3/2015,5/30/2015,12:36:53,7,32.8,AH0,138,36.4026816,Day,F,L,A,MYSE
151.909,8443,6/3/2015,5/29/2015,12:36:55,7,31.5,AH0,203,34.8011375,Day,F,L,A,MYSE
151.909,8443,6/3/2015,5/30/2015,12:36:55,7,32.8,AH0,139,36.4026816,Day,F,L,A,MYSE
151.909,8443,6/3/2015,5/30/2015,12:36:56,7,32.8,AH0,141,36.4026816,Day,F,L,A,MYSE
151.909,8443,6/3/2015,5/29/2015,12:36:57,7,31.5,AH0,207,34.8011375,Day,F,L,A,MYSE
151.909,8443,6/3/2015,5/29/2015,12:36:59,7,31.5,AH0,203,34.8011375,Day,F,L,A,MYSE
151.909,8443,6/3/2015,5/28/2015,12:37:07,7,30.3,AH0,138,32.9663291,Day,F,L,A,MYSE
151.909,8443,6/3/2015,5/28/2015,12:37:09,7,30,AH0,132,32.45,Day,F,L,A,MYSE
151.909,8443,6/3/2015,5/28/2015,12:37:11,7,30,AH0,131,32.45,Day,F,L,A,MYSE
151.909,8443,6/3/2015,5/30/2015,12:37:11,7,32.9,AH0,134,36.5104437,Day,F,L,A,MYSE
151.909,8443,6/3/2015,5/28/2015,12:37:12,7,81.2,AH0,144,214.2587424,Day,F,L,A,MYSE
151.909,8443,6/3/2015,5/29/2015,12:37:12,7,31.5,AH0,204,34.8011375,Day,F,L,A,MYSE
151.909,8443,6/3/2015,5/30/2015,12:37:13,7,32.9,AH0,133,36.5104437,Day,F,L,A,MYSE
151.909,8443,6/3/2015,5/29/2015,12:37:14,7,31.5,AH0,201,34.8011375,Day,F,L,A,MYSE
151.909,8443,6/3/2015,5/30/2015,12:37:15,7,32.9,AH0,137,36.5104437,Day,F,L,A,MYSE
151.909,8443,6/3/2015,5/29/2015,12:37:16,7,31.4,AH0,203,34.6618152,Day,F,L,A,MYSE
151.909,8443,6/3/2015,5/30/2015,12:37:17,7,32.9,AH0,140,36.5104437,Day,F,L,A,MYSE
151.909,8443,6/3/2015,5/29/2015,12:37:18,7,31.4,AH0,202,34.6618152,Day,F,L,A,MYSE
151.909,8443,6/3/2015,5/28/2015,12:37:26,7,44.2,AH0,126,39.8852904,Day,F,L,A,MYSE
151.909,8443,6/3/2015,5/28/2015,12:37:30,7,17.7,AH0,127,-15.6240211,Day,F,L,A,MYSE
151.909,8443,6/3/2015,5/28/2015,12:37:31,7,71,AH0,144,106.8363,Day,F,L,A,MYSE
151.909,8443,6/3/2015,5/30/2015,12:37:31,7,32.9,AH0,132,36.5104437,Day,F,L,A,MYSE
151.909,8443,6/3/2015,5/28/2015,12:37:32,7,120,AH0,135,1511.24,Day,F,L,A,MYSE
151.909,8443,6/3/2015,5/28/2015,12:37:33,7,118.3,AH0,133,1415.098817,Day,F,L,A,MYSE
151.909,8443,6/3/2015,5/29/2015,12:37:33,7,31.4,AH0,203,34.6618152,Day,F,L,A,MYSE
151.909,8443,6/3/2015,5/30/2015,12:37:33,7,32.9,AH0,129,36.5104437,Day,F,L,A,MYSE
151.909,8443,6/3/2015,5/29/2015,12:37:35,7,31.4,AH0,204,34.6618152,Day,F,L,A,MYSE
151.909,8443,6/3/2015,5/30/2015,12:37:35,7,33,AH0,128,36.6161,Day,F,L,A,MYSE
151.909,8443,6/3/2015,5/29/2015,12:37:37,7,31.4,AH0,204,34.6618152,Day,F,L,A,MYSE
151.909,8443,6/3/2015,5/30/2015,12:37:37,7,33,AH0,125,36.6161,Day,F,L,A,MYSE
151.909,8443,6/3/2015,5/29/2015,12:37:39,7,31.4,AH0,204,34.6618152,Day,F,L,A,MYSE
151.909,8443,6/3/2015,5/28/2015,12:37:45,7,95.1,AH0,101,489.6494483,Day,F,L,A,MYSE
151.909,8443,6/3/2015,5/28/2015,12:37:47,7,37.2,AH0,98,39.4143584,Day,F,L,A,MYSE
151.909,8443,6/3/2015,5/28/2015,12:37:48,7,120.2,AH0,85,1522.836506,Day,F,L,A,MYSE
151.909,8443,6/3/2015,5/28/2015,12:37:51,7,42.6,AH0,94,39.9660008,Day,F,L,A,MYSE
151.909,8443,6/3/2015,5/30/2015,12:37:51,7,33,AH0,132,36.6161,Day,F,L,A,MYSE
151.909,8443,6/3/2015,5/28/2015,12:37:52,7,58.5,AH0,95,50.1891125,Day,F,L,A,MYSE
151.909,8443,6/3/2015,5/29/2015,12:37:52,7,31.4,AH0,204,34.6618152,Day,F,L,A,MYSE
151.909,8443,6/3/2015,5/30/2015,12:37:53,7,33,AH0,138,36.6161,Day,F,L,A,MYSE
151.909,8443,6/3/2015,5/29/2015,12:37:54,7,31.4,AH0,208,34.6618152,Day,F,L,A,MYSE
151.909,8443,6/3/2015,5/30/2015,12:37:55,7,33,AH0,133,36.6161,Day,F,L,A,MYSE
151.909,8443,6/3/2015,5/29/2015,12:37:56,7,31.5,AH0,205,34.8011375,Day,F,L,A,MYSE
151.909,8443,6/3/2015,5/30/2015,12:37:57,7,33,AH0,132,36.6161,Day,F,L,A,MYSE
151.909,8443,6/3/2015,5/29/2015,12:37:58,7,31.5,AH0,204,34.8011375,Day,F,L,A,MYSE
151.909,8443,6/3/2015,5/29/2015,12:38:11,7,31.5,AH0,204,34.8011375,Day,F,L,A,MYSE
151.909,8443,6/3/2015,5/30/2015,12:38:11,7,33.1,AH0,138,36.7196703,Day,F,L,A,MYSE
151.909,8443,6/3/2015,5/29/2015,12:38:13,7,31.5,AH0,207,34.8011375,Day,F,L,A,MYSE
151.909,8443,6/3/2015,5/30/2015,12:38:13,7,33.1,AH0,140,36.7196703,Day,F,L,A,MYSE
151.909,8443,6/3/2015,5/29/2015,12:38:15,7,31.5,AH0,205,34.8011375,Day,F,L,A,MYSE
151.909,8443,6/3/2015,5/30/2015,12:38:15,7,33.1,AH0,142,36.7196703,Day,F,L,A,MYSE
151.909,8443,6/3/2015,5/29/2015,12:38:17,7,31.5,AH0,207,34.8011375,Day,F,L,A,MYSE
151.909,8443,6/3/2015,5/30/2015,12:38:17,7,33.1,AH0,139,36.7196703,Day,F,L,A,MYSE
151.909,8443,6/3/2015,5/29/2015,12:38:19,7,31.6,AH0,208,34.9380768,Day,F,L,A,MYSE
151.909,8443,6/3/2015,5/30/2015,12:38:31,7,33.1,AH0,144,36.7196703,Day,F,L,A,MYSE
151.909,8443,6/3/2015,5/29/2015,12:38:32,7,31.6,AH0,207,34.9380768,Day,F,L,A,MYSE
151.909,8443,6/3/2015,5/30/2015,12:38:33,7,33.1,AH0,141,36.7196703,Day,F,L,A,MYSE
151.909,8443,6/3/2015,5/29/2015,12:38:34,7,31.7,AH0,209,35.0726529,Day,F,L,A,MYSE
151.909,8443,6/3/2015,5/30/2015,12:38:35,7,33.1,AH0,138,36.7196703,Day,F,L,A,MYSE
151.909,8443,6/3/2015,5/29/2015,12:38:36,7,31.7,AH0,210,35.0726529,Day,F,L,A,MYSE
151.909,8443,6/3/2015,5/30/2015,12:38:37,7,33.1,AH0,142,36.7196703,Day,F,L,A,MYSE
151.909,8443,6/3/2015,5/29/2015,12:38:38,7,31.7,AH0,210,35.0726529,Day,F,L,A,MYSE
151.909,8443,6/3/2015,5/30/2015,12:38:51,7,33.1,AH0,131,36.7196703,Day,F,L,A,MYSE
151.909,8443,6/3/2015,5/29/2015,12:38:53,7,31.8,AH0,211,35.2048856,Day,F,L,A,MYSE
151.909,8443,6/3/2015,5/30/2015,12:38:53,7,33.1,AH0,132,36.7196703,Day,F,L,A,MYSE
151.909,8443,6/3/2015,5/29/2015,12:38:55,7,31.8,AH0,209,35.2048856,Day,F,L,A,MYSE
151.909,8443,6/3/2015,5/30/2015,12:38:55,7,33.1,AH0,134,36.7196703,Day,F,L,A,MYSE
151.909,8443,6/3/2015,5/30/2015,12:38:56,7,33.1,AH0,132,36.7196703,Day,F,L,A,MYSE
151.909,8443,6/3/2015,5/29/2015,12:38:57,7,31.8,AH0,211,35.2048856,Day,F,L,A,MYSE
151.909,8443,6/3/2015,5/29/2015,12:38:59,7,31.8,AH0,211,35.2048856,Day,F,L,A,MYSE
151.909,8443,6/3/2015,5/28/2015,12:39:07,7,28.6,AH0,66,29.7129048,Day,F,L,A,MYSE
151.909,8443,6/3/2015,5/28/2015,12:39:09,7,29.1,AH0,69,30.7541543,Day,F,L,A,MYSE
151.909,8443,6/3/2015,5/28/2015,12:39:11,7,29.1,AH0,67,30.7541543,Day,F,L,A,MYSE
151.909,8443,6/3/2015,5/30/2015,12:39:11,7,33.1,AH0,131,36.7196703,Day,F,L,A,MYSE
151.909,8443,6/3/2015,5/29/2015,12:39:12,7,31.8,AH0,209,35.2048856,Day,F,L,A,MYSE
151.909,8443,6/3/2015,5/28/2015,12:39:13,7,29.2,AH0,65,30.9537504,Day,F,L,A,MYSE
151.909,8443,6/3/2015,5/30/2015,12:39:13,7,33.1,AH0,130,36.7196703,Day,F,L,A,MYSE
151.909,8443,6/3/2015,5/29/2015,12:39:14,7,31.8,AH0,211,35.2048856,Day,F,L,A,MYSE
151.909,8443,6/3/2015,5/29/2015,12:39:15,7,31.8,AH0,210,35.2048856,Day,F,L,A,MYSE
151.909,8443,6/3/2015,5/30/2015,12:39:15,7,33.1,AH0,130,36.7196703,Day,F,L,A,MYSE
151.909,8443,6/3/2015,5/30/2015,12:39:16,7,33.1,AH0,132,36.7196703,Day,F,L,A,MYSE
151.909,8443,6/3/2015,5/29/2015,12:39:17,7,31.8,AH0,210,35.2048856,Day,F,L,A,MYSE
151.909,8443,6/3/2015,5/28/2015,12:39:28,7,20,AH0,13,-1.86,Day,F,L,A,MYSE
151.909,8443,6/3/2015,5/30/2015,12:39:31,7,33.1,AH0,128,36.7196703,Day,F,L,A,MYSE
151.909,8443,6/3/2015,5/29/2015,12:39:32,7,31.8,AH0,208,35.2048856,Day,F,L,A,MYSE
151.909,8443,6/3/2015,5/30/2015,12:39:33,7,33.1,AH0,131,36.7196703,Day,F,L,A,MYSE
151.909,8443,6/3/2015,5/29/2015,12:39:34,7,31.8,AH0,211,35.2048856,Day,F,L,A,MYSE
151.909,8443,6/3/2015,5/30/2015,12:39:35,7,33,AH0,132,36.6161,Day,F,L,A,MYSE
151.909,8443,6/3/2015,5/29/2015,12:39:36,7,31.9,AH0,207,35.3347947,Day,F,L,A,MYSE
151.909,8443,6/3/2015,5/30/2015,12:39:36,7,33.1,AH0,128,36.7196703,Day,F,L,A,MYSE
151.909,8443,6/3/2015,5/29/2015,12:39:38,7,31.9,AH0,209,35.3347947,Day,F,L,A,MYSE
151.909,8443,6/3/2015,5/29/2015,12:39:51,7,31.9,AH0,210,35.3347947,Day,F,L,A,MYSE
151.909,8443,6/3/2015,5/30/2015,12:39:51,7,33,AH0,132,36.6161,Day,F,L,A,MYSE
151.909,8443,6/3/2015,5/29/2015,12:39:53,7,31.9,AH0,212,35.3347947,Day,F,L,A,MYSE
151.909,8443,6/3/2015,5/30/2015,12:39:53,7,33,AH0,127,36.6161,Day,F,L,A,MYSE
151.909,8443,6/3/2015,5/29/2015,12:39:55,7,31.9,AH0,209,35.3347947,Day,F,L,A,MYSE
151.909,8443,6/3/2015,5/30/2015,12:39:55,7,33,AH0,133,36.6161,Day,F,L,A,MYSE
151.909,8443,6/3/2015,5/30/2015,12:39:56,7,33,AH0,132,36.6161,Day,F,L,A,MYSE
151.909,8443,6/3/2015,5/29/2015,12:39:57,7,32,AH0,208,35.4624,Day,F,L,A,MYSE
151.909,8443,6/3/2015,5/29/2015,12:39:59,7,31.9,AH0,211,35.3347947,Day,F,L,A,MYSE
151.909,8443,6/3/2015,5/30/2015,12:40:11,7,33,AH0,131,36.6161,Day,F,L,A,MYSE
151.909,8443,6/3/2015,5/29/2015,12:40:12,7,32,AH0,208,35.4624,Day,F,L,A,MYSE
151.909,8443,6/3/2015,5/30/2015,12:40:13,7,33,AH0,128,36.6161,Day,F,L,A,MYSE
151.909,8443,6/3/2015,5/29/2015,12:40:14,7,32,AH0,212,35.4624,Day,F,L,A,MYSE
151.909,8443,6/3/2015,5/30/2015,12:40:15,7,33,AH0,130,36.6161,Day,F,L,A,MYSE
151.909,8443,6/3/2015,5/29/2015,12:40:16,7,32,AH0,209,35.4624,Day,F,L,A,MYSE
151.909,8443,6/3/2015,5/30/2015,12:40:16,7,33,AH0,131,36.6161,Day,F,L,A,MYSE
151.909,8443,6/3/2015,5/29/2015,12:40:18,7,32,AH0,209,35.4624,Day,F,L,A,MYSE
151.909,8443,6/3/2015,5/30/2015,12:40:31,7,33,AH0,126,36.6161,Day,F,L,A,MYSE
151.909,8443,6/3/2015,5/29/2015,12:40:33,7,32,AH0,206,35.4624,Day,F,L,A,MYSE
151.909,8443,6/3/2015,5/30/2015,12:40:33,7,33.1,AH0,125,36.7196703,Day,F,L,A,MYSE
151.909,8443,6/3/2015,5/29/2015,12:40:34,7,32,AH0,210,35.4624,Day,F,L,A,MYSE
151.909,8443,6/3/2015,5/30/2015,12:40:34,7,33,AH0,128,36.6161,Day,F,L,A,MYSE
151.909,8443,6/3/2015,5/29/2015,12:40:36,7,32,AH0,210,35.4624,Day,F,L,A,MYSE
151.909,8443,6/3/2015,5/30/2015,12:40:36,7,33.1,AH0,127,36.7196703,Day,F,L,A,MYSE
151.909,8443,6/3/2015,5/29/2015,12:40:38,7,32,AH0,209,35.4624,Day,F,L,A,MYSE
151.909,8443,6/3/2015,5/29/2015,12:40:51,7,32,AH0,210,35.4624,Day,F,L,A,MYSE
151.909,8443,6/3/2015,5/30/2015,12:40:51,7,33.1,AH0,124,36.7196703,Day,F,L,A,MYSE
151.909,8443,6/3/2015,5/29/2015,12:40:53,7,31.9,AH0,209,35.3347947,Day,F,L,A,MYSE
151.909,8443,6/3/2015,5/30/2015,12:40:53,7,33.1,AH0,129,36.7196703,Day,F,L,A,MYSE
151.909,8443,6/3/2015,5/30/2015,12:40:54,7,33.1,AH0,124,36.7196703,Day,F,L,A,MYSE
151.909,8443,6/3/2015,5/29/2015,12:40:55,7,31.9,AH0,208,35.3347947,Day,F,L,A,MYSE
151.909,8443,6/3/2015,5/30/2015,12:40:56,7,33.1,AH0,125,36.7196703,Day,F,L,A,MYSE
151.909,8443,6/3/2015,5/29/2015,12:40:57,7,31.9,AH0,211,35.3347947,Day,F,L,A,MYSE
151.909,8443,6/3/2015,5/29/2015,12:40:59,7,31.9,AH0,209,35.3347947,Day,F,L,A,MYSE
151.909,8443,6/3/2015,5/30/2015,12:41:11,7,33.1,AH0,102,36.7196703,Day,F,L,A,MYSE
151.909,8443,6/3/2015,5/29/2015,12:41:12,7,31.9,AH0,206,35.3347947,Day,F,L,A,MYSE
151.909,8443,6/3/2015,5/30/2015,12:41:13,7,33.1,AH0,95,36.7196703,Day,F,L,A,MYSE
151.909,8443,6/3/2015,5/29/2015,12:41:14,7,31.9,AH0,209,35.3347947,Day,F,L,A,MYSE
151.909,8443,6/3/2015,5/30/2015,12:41:14,7,33.1,AH0,107,36.7196703,Day,F,L,A,MYSE
151.909,8443,6/3/2015,5/29/2015,12:41:16,7,31.9,AH0,210,35.3347947,Day,F,L,A,MYSE
151.909,8443,6/3/2015,5/30/2015,12:41:16,7,33.1,AH0,101,36.7196703,Day,F,L,A,MYSE
151.909,8443,6/3/2015,5/29/2015,12:41:18,7,31.9,AH0,210,35.3347947,Day,F,L,A,MYSE
151.909,8443,6/3/2015,5/30/2015,12:41:31,7,33.1,AH0,117,36.7196703,Day,F,L,A,MYSE
151.909,8443,6/3/2015,5/29/2015,12:41:33,7,31.9,AH0,211,35.3347947,Day,F,L,A,MYSE
151.909,8443,6/3/2015,5/30/2015,12:41:33,7,33.1,AH0,111,36.7196703,Day,F,L,A,MYSE
151.909,8443,6/3/2015,5/30/2015,12:41:34,7,33.1,AH0,121,36.7196703,Day,F,L,A,MYSE
151.909,8443,6/3/2015,5/29/2015,12:41:35,7,31.9,AH0,215,35.3347947,Day,F,L,A,MYSE
151.909,8443,6/3/2015,5/29/2015,12:41:36,7,31.9,AH0,209,35.3347947,Day,F,L,A,MYSE
151.909,8443,6/3/2015,5/30/2015,12:41:36,7,33.1,AH0,121,36.7196703,Day,F,L,A,MYSE
151.909,8443,6/3/2015,5/29/2015,12:41:38,7,31.9,AH0,212,35.3347947,Day,F,L,A,MYSE
151.909,8443,6/3/2015,5/29/2015,12:41:51,7,31.9,AH0,210,35.3347947,Day,F,L,A,MYSE
151.909,8443,6/3/2015,5/30/2015,12:41:51,7,33.1,AH0,145,36.7196703,Day,F,L,A,MYSE
151.909,8443,6/3/2015,5/30/2015,12:41:52,7,33.1,AH0,146,36.7196703,Day,F,L,A,MYSE
151.909,8443,6/3/2015,5/29/2015,12:41:53,7,31.9,AH0,212,35.3347947,Day,F,L,A,MYSE
151.909,8443,6/3/2015,5/30/2015,12:41:54,7,33.1,AH0,151,36.7196703,Day,F,L,A,MYSE
151.909,8443,6/3/2015,5/29/2015,12:41:55,7,31.9,AH0,209,35.3347947,Day,F,L,A,MYSE
151.909,8443,6/3/2015,5/30/2015,12:41:56,7,33.1,AH0,148,36.7196703,Day,F,L,A,MYSE
151.909,8443,6/3/2015,5/29/2015,12:41:57,7,31.9,AH0,211,35.3347947,Day,F,L,A,MYSE
151.909,8443,6/3/2015,5/29/2015,12:41:59,7,31.9,AH0,210,35.3347947,Day,F,L,A,MYSE
151.909,8443,6/3/2015,5/30/2015,12:42:11,7,33.1,AH0,128,36.7196703,Day,F,L,A,MYSE
151.909,8443,6/3/2015,5/29/2015,12:42:12,7,32,AH0,210,35.4624,Day,F,L,A,MYSE
151.909,8443,6/3/2015,5/30/2015,12:42:12,7,33.1,AH0,129,36.7196703,Day,F,L,A,MYSE
151.909,8443,6/3/2015,5/29/2015,12:42:14,7,32,AH0,211,35.4624,Day,F,L,A,MYSE
151.909,8443,6/3/2015,5/30/2015,12:42:14,7,33.1,AH0,130,36.7196703,Day,F,L,A,MYSE
151.909,8443,6/3/2015,5/29/2015,12:42:16,7,32,AH0,211,35.4624,Day,F,L,A,MYSE
151.909,8443,6/3/2015,5/30/2015,12:42:16,7,33.1,AH0,123,36.7196703,Day,F,L,A,MYSE
151.909,8443,6/3/2015,5/29/2015,12:42:18,7,32,AH0,212,35.4624,Day,F,L,A,MYSE
151.909,8443,6/3/2015,5/30/2015,12:42:31,7,33.1,AH0,79,36.7196703,Day,F,L,A,MYSE
151.909,8443,6/3/2015,5/30/2015,12:42:32,7,33.2,AH0,84,36.8211744,Day,F,L,A,MYSE
151.909,8443,6/3/2015,5/29/2015,12:42:33,7,32,AH0,211,35.4624,Day,F,L,A,MYSE
151.909,8443,6/3/2015,5/30/2015,12:42:34,7,33.2,AH0,82,36.8211744,Day,F,L,A,MYSE
151.909,8443,6/3/2015,5/29/2015,12:42:35,7,32,AH0,211,35.4624,Day,F,L,A,MYSE
151.909,8443,6/3/2015,5/30/2015,12:42:36,7,33.1,AH0,91,36.7196703,Day,F,L,A,MYSE
151.909,8443,6/3/2015,5/29/2015,12:42:37,7,32,AH0,210,35.4624,Day,F,L,A,MYSE
151.909,8443,6/3/2015,5/29/2015,12:42:38,7,32,AH0,211,35.4624,Day,F,L,A,MYSE
151.909,8443,6/3/2015,5/30/2015,12:42:50,7,33.2,AH0,117,36.8211744,Day,F,L,A,MYSE
151.909,8443,6/3/2015,5/29/2015,12:42:52,7,32,AH0,212,35.4624,Day,F,L,A,MYSE
151.909,8443,6/3/2015,5/30/2015,12:42:52,7,33.2,AH0,127,36.8211744,Day,F,L,A,MYSE
151.909,8443,6/3/2015,5/29/2015,12:42:53,7,32,AH0,211,35.4624,Day,F,L,A,MYSE
151.909,8443,6/3/2015,5/30/2015,12:42:54,7,33.2,AH0,124,36.8211744,Day,F,L,A,MYSE
151.909,8443,6/3/2015,5/29/2015,12:42:55,7,32,AH0,210,35.4624,Day,F,L,A,MYSE
151.909,8443,6/3/2015,5/30/2015,12:42:56,7,33.2,AH0,133,36.8211744,Day,F,L,A,MYSE
151.909,8443,6/3/2015,5/29/2015,12:42:57,7,32,AH0,212,35.4624,Day,F,L,A,MYSE
151.909,8443,6/3/2015,5/29/2015,12:42:59,7,32,AH0,211,35.4624,Day,F,L,A,MYSE
151.909,8443,6/3/2015,5/30/2015,12:43:10,7,33.1,AH0,133,36.7196703,Day,F,L,A,MYSE
151.909,8443,6/3/2015,5/29/2015,12:43:12,7,32,AH0,209,35.4624,Day,F,L,A,MYSE
151.909,8443,6/3/2015,5/30/2015,12:43:12,7,33.1,AH0,131,36.7196703,Day,F,L,A,MYSE
151.909,8443,6/3/2015,5/29/2015,12:43:14,7,32.1,AH0,213,35.5877213,Day,F,L,A,MYSE
151.909,8443,6/3/2015,5/30/2015,12:43:14,7,33.1,AH0,119,36.7196703,Day,F,L,A,MYSE
151.909,8443,6/3/2015,5/29/2015,12:43:16,7,32,AH0,209,35.4624,Day,F,L,A,MYSE
151.909,8443,6/3/2015,5/30/2015,12:43:16,7,33.1,AH0,125,36.7196703,Day,F,L,A,MYSE
151.909,8443,6/3/2015,5/29/2015,12:43:18,7,32,AH0,210,35.4624,Day,F,L,A,MYSE
151.909,8443,6/3/2015,5/30/2015,12:43:30,7,33.1,AH0,119,36.7196703,Day,F,L,A,MYSE
151.909,8443,6/3/2015,5/30/2015,12:43:32,7,33.1,AH0,113,36.7196703,Day,F,L,A,MYSE
151.909,8443,6/3/2015,5/29/2015,12:43:33,7,32,AH0,211,35.4624,Day,F,L,A,MYSE
151.909,8443,6/3/2015,5/30/2015,12:43:34,7,33.1,AH0,111,36.7196703,Day,F,L,A,MYSE
151.909,8443,6/3/2015,5/29/2015,12:43:35,7,32,AH0,212,35.4624,Day,F,L,A,MYSE
151.909,8443,6/3/2015,5/29/2015,12:43:36,7,32,AH0,211,35.4624,Day,F,L,A,MYSE
151.909,8443,6/3/2015,5/30/2015,12:43:36,7,33.1,AH0,104,36.7196703,Day,F,L,A,MYSE
151.909,8443,6/3/2015,5/29/2015,12:43:38,7,32.1,AH0,211,35.5877213,Day,F,L,A,MYSE
151.909,8443,6/3/2015,5/30/2015,12:43:50,7,33.1,AH0,105,36.7196703,Day,F,L,A,MYSE
151.909,8443,6/3/2015,5/29/2015,12:43:51,7,32,AH0,210,35.4624,Day,F,L,A,MYSE
151.909,8443,6/3/2015,5/30/2015,12:43:52,7,33.1,AH0,102,36.7196703,Day,F,L,A,MYSE
151.909,8443,6/3/2015,5/29/2015,12:43:53,7,32,AH0,212,35.4624,Day,F,L,A,MYSE
151.909,8443,6/3/2015,5/30/2015,12:43:54,7,33.1,AH0,115,36.7196703,Day,F,L,A,MYSE
151.909,8443,6/3/2015,5/29/2015,12:43:55,7,32,AH0,211,35.4624,Day,F,L,A,MYSE
151.909,8443,6/3/2015,5/30/2015,12:43:56,7,33.1,AH0,123,36.7196703,Day,F,L,A,MYSE
151.909,8443,6/3/2015,5/29/2015,12:43:57,7,32.1,AH0,208,35.5877213,Day,F,L,A,MYSE
151.909,8443,6/3/2015,5/30/2015,12:43:57,7,33.1,AH0,119,36.7196703,Day,F,L,A,MYSE
151.909,8443,6/3/2015,5/29/2015,12:43:59,7,32,AH0,212,35.4624,Day,F,L,A,MYSE
151.909,8443,6/3/2015,5/30/2015,12:44:10,7,33.1,AH0,124,36.7196703,Day,F,L,A,MYSE
151.909,8443,6/3/2015,5/29/2015,12:44:12,7,32.1,AH0,211,35.5877213,Day,F,L,A,MYSE
151.909,8443,6/3/2015,5/30/2015,12:44:12,7,33.1,AH0,133,36.7196703,Day,F,L,A,MYSE
151.909,8443,6/3/2015,5/29/2015,12:44:14,7,32.1,AH0,211,35.5877213,Day,F,L,A,MYSE
151.909,8443,6/3/2015,5/30/2015,12:44:14,7,33.1,AH0,128,36.7196703,Day,F,L,A,MYSE
151.909,8443,6/3/2015,5/29/2015,12:44:16,7,32.1,AH0,211,35.5877213,Day,F,L,A,MYSE
151.909,8443,6/3/2015,5/30/2015,12:44:16,7,33.1,AH0,125,36.7196703,Day,F,L,A,MYSE
151.909,8443,6/3/2015,5/30/2015,12:44:17,7,33.1,AH0,124,36.7196703,Day,F,L,A,MYSE
151.909,8443,6/3/2015,5/29/2015,12:44:18,7,32.1,AH0,209,35.5877213,Day,F,L,A,MYSE
151.909,8443,6/3/2015,5/30/2015,12:44:30,7,33.2,AH0,125,36.8211744,Day,F,L,A,MYSE
151.909,8443,6/3/2015,5/30/2015,12:44:32,7,33.1,AH0,129,36.7196703,Day,F,L,A,MYSE
151.909,8443,6/3/2015,5/29/2015,12:44:33,7,32.1,AH0,210,35.5877213,Day,F,L,A,MYSE
151.909,8443,6/3/2015,5/30/2015,12:44:34,7,33.1,AH0,128,36.7196703,Day,F,L,A,MYSE
151.909,8443,6/3/2015,5/29/2015,12:44:35,7,32.1,AH0,210,35.5877213,Day,F,L,A,MYSE
151.909,8443,6/3/2015,5/30/2015,12:44:35,7,33.1,AH0,130,36.7196703,Day,F,L,A,MYSE
151.909,8443,6/3/2015,5/29/2015,12:44:36,7,32.1,AH0,211,35.5877213,Day,F,L,A,MYSE
151.909,8443,6/3/2015,5/30/2015,12:44:37,7,33.1,AH0,128,36.7196703,Day,F,L,A,MYSE
151.909,8443,6/3/2015,5/29/2015,12:44:38,7,32,AH0,210,35.4624,Day,F,L,A,MYSE
151.909,8443,6/3/2015,5/30/2015,12:44:50,7,33.1,AH0,130,36.7196703,Day,F,L,A,MYSE
151.909,8443,6/3/2015,5/29/2015,12:44:51,7,32.1,AH0,213,35.5877213,Day,F,L,A,MYSE
151.909,8443,6/3/2015,5/30/2015,12:44:52,7,33.1,AH0,130,36.7196703,Day,F,L,A,MYSE
151.909,8443,6/3/2015,5/29/2015,12:44:53,7,32,AH0,212,35.4624,Day,F,L,A,MYSE
151.909,8443,6/3/2015,5/30/2015,12:44:54,7,33.1,AH0,126,36.7196703,Day,F,L,A,MYSE
151.909,8443,6/3/2015,5/29/2015,12:44:55,7,32,AH0,207,35.4624,Day,F,L,A,MYSE
151.909,8443,6/3/2015,5/30/2015,12:44:55,7,33.1,AH0,127,36.7196703,Day,F,L,A,MYSE
151.909,8443,6/3/2015,5/29/2015,12:44:57,7,32,AH0,212,35.4624,Day,F,L,A,MYSE
151.909,8443,6/3/2015,5/30/2015,12:44:57,7,33.1,AH0,125,36.7196703,Day,F,L,A,MYSE
151.909,8443,6/3/2015,5/29/2015,12:44:59,7,32,AH0,213,35.4624,Day,F,L,A,MYSE
151.909,8443,6/3/2015,5/30/2015,12:45:11,7,33.1,AH0,130,36.7196703,Day,F,L,A,MYSE
151.909,8443,6/3/2015,5/29/2015,12:45:12,7,32,AH0,211,35.4624,Day,F,L,A,MYSE
151.909,8443,6/3/2015,5/30/2015,12:45:13,7,33.1,AH0,132,36.7196703,Day,F,L,A,MYSE
151.909,8443,6/3/2015,5/29/2015,12:45:14,7,31.9,AH0,211,35.3347947,Day,F,L,A,MYSE
151.909,8443,6/3/2015,5/30/2015,12:45:15,7,33.1,AH0,129,36.7196703,Day,F,L,A,MYSE
151.909,8443,6/3/2015,5/29/2015,12:45:16,7,32,AH0,209,35.4624,Day,F,L,A,MYSE
151.909,8443,6/3/2015,5/30/2015,12:45:16,7,33.1,AH0,130,36.7196703,Day,F,L,A,MYSE
151.909,8443,6/3/2015,5/29/2015,12:45:18,7,32,AH0,212,35.4624,Day,F,L,A,MYSE
151.909,8443,6/3/2015,5/30/2015,12:45:18,7,33.1,AH0,130,36.7196703,Day,F,L,A,MYSE
151.909,8443,6/3/2015,5/30/2015,12:45:31,7,33.1,AH0,133,36.7196703,Day,F,L,A,MYSE
151.909,8443,6/3/2015,5/29/2015,12:45:33,7,31.9,AH0,210,35.3347947,Day,F,L,A,MYSE
151.909,8443,6/3/2015,5/30/2015,12:45:33,7,33.1,AH0,133,36.7196703,Day,F,L,A,MYSE
151.909,8443,6/3/2015,5/30/2015,12:45:34,7,33.1,AH0,136,36.7196703,Day,F,L,A,MYSE
151.909,8443,6/3/2015,5/29/2015,12:45:35,7,31.9,AH0,210,35.3347947,Day,F,L,A,MYSE
151.909,8443,6/3/2015,5/29/2015,12:45:36,7,31.9,AH0,209,35.3347947,Day,F,L,A,MYSE
151.909,8443,6/3/2015,5/30/2015,12:45:36,7,33.1,AH0,132,36.7196703,Day,F,L,A,MYSE
151.909,8443,6/3/2015,5/29/2015,12:45:38,7,31.9,AH0,208,35.3347947,Day,F,L,A,MYSE
151.909,8443,6/3/2015,5/30/2015,12:45:38,7,33.1,AH0,130,36.7196703,Day,F,L,A,MYSE
151.909,8443,6/3/2015,5/30/2015,12:45:51,7,33.1,AH0,133,36.7196703,Day,F,L,A,MYSE
151.909,8443,6/3/2015,5/29/2015,12:45:52,7,31.9,AH0,209,35.3347947,Day,F,L,A,MYSE
151.909,8443,6/3/2015,5/29/2015,12:45:53,7,31.9,AH0,209,35.3347947,Day,F,L,A,MYSE
151.909,8443,6/3/2015,5/30/2015,12:45:53,7,33.1,AH0,123,36.7196703,Day,F,L,A,MYSE
151.909,8443,6/3/2015,5/30/2015,12:45:54,7,33.1,AH0,127,36.7196703,Day,F,L,A,MYSE
151.909,8443,6/3/2015,5/29/2015,12:45:55,7,31.9,AH0,212,35.3347947,Day,F,L,A,MYSE
151.909,8443,6/3/2015,5/30/2015,12:45:56,7,33.1,AH0,130,36.7196703,Day,F,L,A,MYSE
151.909,8443,6/3/2015,5/29/2015,12:45:57,7,31.9,AH0,211,35.3347947,Day,F,L,A,MYSE
151.909,8443,6/3/2015,5/30/2015,12:45:58,7,33.1,AH0,127,36.7196703,Day,F,L,A,MYSE
151.909,8443,6/3/2015,5/29/2015,12:45:59,7,31.9,AH0,209,35.3347947,Day,F,L,A,MYSE
151.909,8443,6/3/2015,5/30/2015,12:46:11,7,33.1,AH0,130,36.7196703,Day,F,L,A,MYSE
151.909,8443,6/3/2015,5/29/2015,12:46:12,7,31.9,AH0,211,35.3347947,Day,F,L,A,MYSE
151.909,8443,6/3/2015,5/30/2015,12:46:12,7,33.1,AH0,125,36.7196703,Day,F,L,A,MYSE
151.909,8443,6/3/2015,5/29/2015,12:46:14,7,31.9,AH0,212,35.3347947,Day,F,L,A,MYSE
151.909,8443,6/3/2015,5/30/2015,12:46:14,7,33.1,AH0,123,36.7196703,Day,F,L,A,MYSE
151.909,8443,6/3/2015,5/29/2015,12:46:16,7,31.9,AH0,209,35.3347947,Day,F,L,A,MYSE
151.909,8443,6/3/2015,5/30/2015,12:46:16,7,33.1,AH0,127,36.7196703,Day,F,L,A,MYSE
151.909,8443,6/3/2015,5/29/2015,12:46:18,7,31.9,AH0,209,35.3347947,Day,F,L,A,MYSE
151.909,8443,6/3/2015,5/30/2015,12:46:18,7,33.1,AH0,126,36.7196703,Day,F,L,A,MYSE
151.909,8443,6/3/2015,5/29/2015,12:46:31,7,31.8,AH0,209,35.2048856,Day,F,L,A,MYSE
151.909,8443,6/3/2015,5/30/2015,12:46:31,7,33,AH0,127,36.6161,Day,F,L,A,MYSE
151.909,8443,6/3/2015,5/30/2015,12:46:32,7,33.1,AH0,123,36.7196703,Day,F,L,A,MYSE
151.909,8443,6/3/2015,5/29/2015,12:46:33,7,31.8,AH0,211,35.2048856,Day,F,L,A,MYSE
151.909,8443,6/3/2015,5/30/2015,12:46:34,7,33,AH0,125,36.6161,Day,F,L,A,MYSE
151.909,8443,6/3/2015,5/29/2015,12:46:35,7,31.8,AH0,202,35.2048856,Day,F,L,A,MYSE
151.909,8443,6/3/2015,5/30/2015,12:46:36,7,33,AH0,129,36.6161,Day,F,L,A,MYSE
151.909,8443,6/3/2015,5/29/2015,12:46:37,7,31.8,AH0,206,35.2048856,Day,F,L,A,MYSE
151.909,8443,6/3/2015,5/30/2015,12:46:38,7,33,AH0,127,36.6161,Day,F,L,A,MYSE
151.909,8443,6/3/2015,5/29/2015,12:46:39,7,31.8,AH0,209,35.2048856,Day,F,L,A,MYSE
151.909,8443,6/3/2015,5/30/2015,12:46:51,7,33,AH0,126,36.6161,Day,F,L,A,MYSE
151.909,8443,6/3/2015,5/29/2015,12:46:52,7,31.7,AH0,206,35.0726529,Day,F,L,A,MYSE
151.909,8443,6/3/2015,5/30/2015,12:46:52,7,33,AH0,128,36.6161,Day,F,L,A,MYSE
151.909,8443,6/3/2015,5/29/2015,12:46:54,7,31.7,AH0,208,35.0726529,Day,F,L,A,MYSE
151.909,8443,6/3/2015,5/30/2015,12:46:54,7,33,AH0,127,36.6161,Day,F,L,A,MYSE
151.909,8443,6/3/2015,5/29/2015,12:46:56,7,31.8,AH0,210,35.2048856,Day,F,L,A,MYSE
151.909,8443,6/3/2015,5/30/2015,12:46:56,7,33,AH0,130,36.6161,Day,F,L,A,MYSE
151.909,8443,6/3/2015,5/29/2015,12:46:57,7,31.7,AH0,209,35.0726529,Day,F,L,A,MYSE
151.909,8443,6/3/2015,5/30/2015,12:46:58,7,33,AH0,128,36.6161,Day,F,L,A,MYSE
151.909,8443,6/3/2015,5/30/2015,12:47:11,7,33,AH0,129,36.6161,Day,F,L,A,MYSE
151.909,8443,6/3/2015,5/30/2015,12:47:12,7,33,AH0,130,36.6161,Day,F,L,A,MYSE
151.909,8443,6/3/2015,5/29/2015,12:47:13,7,31.7,AH0,212,35.0726529,Day,F,L,A,MYSE
151.909,8443,6/3/2015,5/29/2015,12:47:14,7,31.8,AH0,210,35.2048856,Day,F,L,A,MYSE
151.909,8443,6/3/2015,5/30/2015,12:47:14,7,33,AH0,130,36.6161,Day,F,L,A,MYSE
151.909,8443,6/3/2015,5/29/2015,12:47:16,7,31.7,AH0,210,35.0726529,Day,F,L,A,MYSE
151.909,8443,6/3/2015,5/30/2015,12:47:16,7,33,AH0,128,36.6161,Day,F,L,A,MYSE
151.909,8443,6/3/2015,5/29/2015,12:47:18,7,31.7,AH0,212,35.0726529,Day,F,L,A,MYSE
151.909,8443,6/3/2015,5/30/2015,12:47:18,7,33,AH0,132,36.6161,Day,F,L,A,MYSE
151.909,8443,6/3/2015,5/30/2015,12:47:31,7,33,AH0,122,36.6161,Day,F,L,A,MYSE
151.909,8443,6/3/2015,5/29/2015,12:47:32,7,31.7,AH0,210,35.0726529,Day,F,L,A,MYSE
151.909,8443,6/3/2015,5/30/2015,12:47:32,7,33,AH0,126,36.6161,Day,F,L,A,MYSE
151.909,8443,6/3/2015,5/29/2015,12:47:33,7,31.7,AH0,211,35.0726529,Day,F,L,A,MYSE
151.909,8443,6/3/2015,5/30/2015,12:47:34,7,33,AH0,129,36.6161,Day,F,L,A,MYSE
151.909,8443,6/3/2015,5/29/2015,12:47:35,7,31.7,AH0,211,35.0726529,Day,F,L,A,MYSE
151.909,8443,6/3/2015,5/30/2015,12:47:36,7,33,AH0,126,36.6161,Day,F,L,A,MYSE
151.909,8443,6/3/2015,5/29/2015,12:47:37,7,31.7,AH0,210,35.0726529,Day,F,L,A,MYSE
151.909,8443,6/3/2015,5/30/2015,12:47:38,7,33,AH0,125,36.6161,Day,F,L,A,MYSE
151.909,8443,6/3/2015,5/30/2015,12:47:51,7,33,AH0,127,36.6161,Day,F,L,A,MYSE
151.909,8443,6/3/2015,5/29/2015,12:47:52,7,31.7,AH0,210,35.0726529,Day,F,L,A,MYSE
151.909,8443,6/3/2015,5/30/2015,12:47:52,7,33,AH0,125,36.6161,Day,F,L,A,MYSE
151.909,8443,6/3/2015,5/29/2015,12:47:54,7,31.7,AH0,211,35.0726529,Day,F,L,A,MYSE
151.909,8443,6/3/2015,5/30/2015,12:47:54,7,33,AH0,128,36.6161,Day,F,L,A,MYSE
151.909,8443,6/3/2015,5/29/2015,12:47:56,7,31.7,AH0,209,35.0726529,Day,F,L,A,MYSE
151.909,8443,6/3/2015,5/30/2015,12:47:56,7,33,AH0,128,36.6161,Day,F,L,A,MYSE
151.909,8443,6/3/2015,5/29/2015,12:47:58,7,31.7,AH0,212,35.0726529,Day,F,L,A,MYSE
151.909,8443,6/3/2015,5/30/2015,12:47:58,7,33,AH0,128,36.6161,Day,F,L,A,MYSE
151.909,8443,6/3/2015,5/29/2015,12:48:11,7,31.7,AH0,210,35.0726529,Day,F,L,A,MYSE
151.909,8443,6/3/2015,5/30/2015,12:48:11,7,33,AH0,129,36.6161,Day,F,L,A,MYSE
151.909,8443,6/3/2015,5/30/2015,12:48:12,7,33,AH0,126,36.6161,Day,F,L,A,MYSE
151.909,8443,6/3/2015,5/29/2015,12:48:13,7,31.7,AH0,209,35.0726529,Day,F,L,A,MYSE
151.909,8443,6/3/2015,5/30/2015,12:48:14,7,33,AH0,128,36.6161,Day,F,L,A,MYSE
151.909,8443,6/3/2015,5/29/2015,12:48:15,7,31.7,AH0,208,35.0726529,Day,F,L,A,MYSE
151.909,8443,6/3/2015,5/30/2015,12:48:16,7,33,AH0,129,36.6161,Day,F,L,A,MYSE
151.909,8443,6/3/2015,5/29/2015,12:48:17,7,31.7,AH0,208,35.0726529,Day,F,L,A,MYSE
151.909,8443,6/3/2015,5/30/2015,12:48:18,7,33,AH0,125,36.6161,Day,F,L,A,MYSE
151.909,8443,6/3/2015,5/29/2015,12:48:19,7,31.7,AH0,211,35.0726529,Day,F,L,A,MYSE
151.909,8443,6/3/2015,5/30/2015,12:48:31,7,33.1,AH0,130,36.7196703,Day,F,L,A,MYSE
151.909,8443,6/3/2015,5/29/2015,12:48:32,7,31.7,AH0,210,35.0726529,Day,F,L,A,MYSE
151.909,8443,6/3/2015,5/30/2015,12:48:32,7,33.1,AH0,134,36.7196703,Day,F,L,A,MYSE
151.909,8443,6/3/2015,5/29/2015,12:48:34,7,31.7,AH0,212,35.0726529,Day,F,L,A,MYSE
151.909,8443,6/3/2015,5/30/2015,12:48:34,7,33.1,AH0,136,36.7196703,Day,F,L,A,MYSE
151.909,8443,6/3/2015,5/29/2015,12:48:36,7,31.7,AH0,208,35.0726529,Day,F,L,A,MYSE
151.909,8443,6/3/2015,5/30/2015,12:48:36,7,33.1,AH0,135,36.7196703,Day,F,L,A,MYSE
151.909,8443,6/3/2015,5/29/2015,12:48:38,7,31.7,AH0,210,35.0726529,Day,F,L,A,MYSE
151.909,8443,6/3/2015,5/30/2015,12:48:38,7,33.1,AH0,142,36.7196703,Day,F,L,A,MYSE
151.909,8443,6/3/2015,5/29/2015,12:48:51,7,31.6,AH0,211,34.9380768,Day,F,L,A,MYSE
151.909,8443,6/3/2015,5/30/2015,12:48:51,7,33.1,AH0,143,36.7196703,Day,F,L,A,MYSE
151.909,8443,6/3/2015,5/30/2015,12:48:52,7,33.1,AH0,143,36.7196703,Day,F,L,A,MYSE
151.909,8443,6/3/2015,5/29/2015,12:48:53,7,31.7,AH0,213,35.0726529,Day,F,L,A,MYSE
151.909,8443,6/3/2015,5/30/2015,12:48:54,7,33.1,AH0,143,36.7196703,Day,F,L,A,MYSE
151.909,8443,6/3/2015,5/29/2015,12:48:55,7,31.6,AH0,209,34.9380768,Day,F,L,A,MYSE
151.909,8443,6/3/2015,5/30/2015,12:48:56,7,33.1,AH0,141,36.7196703,Day,F,L,A,MYSE
151.909,8443,6/3/2015,5/29/2015,12:48:57,7,31.6,AH0,211,34.9380768,Day,F,L,A,MYSE
151.909,8443,6/3/2015,5/30/2015,12:48:58,7,33.1,AH0,144,36.7196703,Day,F,L,A,MYSE
151.909,8443,6/3/2015,5/29/2015,12:48:59,7,31.6,AH0,211,34.9380768,Day,F,L,A,MYSE
151.909,8443,6/3/2015,5/30/2015,12:49:11,7,33.1,AH0,136,36.7196703,Day,F,L,A,MYSE
151.909,8443,6/3/2015,5/29/2015,12:49:12,7,31.6,AH0,208,34.9380768,Day,F,L,A,MYSE
151.909,8443,6/3/2015,5/30/2015,12:49:12,7,33,AH0,130,36.6161,Day,F,L,A,MYSE
151.909,8443,6/3/2015,5/29/2015,12:49:14,7,31.6,AH0,213,34.9380768,Day,F,L,A,MYSE
151.909,8443,6/3/2015,5/30/2015,12:49:14,7,33,AH0,125,36.6161,Day,F,L,A,MYSE
151.909,8443,6/3/2015,5/29/2015,12:49:16,7,31.6,AH0,210,34.9380768,Day,F,L,A,MYSE
151.909,8443,6/3/2015,5/30/2015,12:49:16,7,33,AH0,127,36.6161,Day,F,L,A,MYSE
151.909,8443,6/3/2015,5/29/2015,12:49:18,7,31.6,AH0,213,34.9380768,Day,F,L,A,MYSE
151.909,8443,6/3/2015,5/30/2015,12:49:18,7,33,AH0,127,36.6161,Day,F,L,A,MYSE
151.909,8443,6/3/2015,5/29/2015,12:49:31,7,31.6,AH0,209,34.9380768,Day,F,L,A,MYSE
151.909,8443,6/3/2015,5/30/2015,12:49:31,7,33,AH0,129,36.6161,Day,F,L,A,MYSE
151.909,8443,6/3/2015,5/30/2015,12:49:32,7,33,AH0,124,36.6161,Day,F,L,A,MYSE
151.909,8443,6/3/2015,5/29/2015,12:49:33,7,31.5,AH0,207,34.8011375,Day,F,L,A,MYSE
151.909,8443,6/3/2015,5/30/2015,12:49:34,7,33,AH0,129,36.6161,Day,F,L,A,MYSE
151.909,8443,6/3/2015,5/29/2015,12:49:35,7,31.6,AH0,208,34.9380768,Day,F,L,A,MYSE
151.909,8443,6/3/2015,5/30/2015,12:49:36,7,33,AH0,129,36.6161,Day,F,L,A,MYSE
151.909,8443,6/3/2015,5/29/2015,12:49:37,7,31.5,AH0,213,34.8011375,Day,F,L,A,MYSE
151.909,8443,6/3/2015,5/30/2015,12:49:38,7,33.1,AH0,126,36.7196703,Day,F,L,A,MYSE
151.909,8443,6/3/2015,5/29/2015,12:49:39,7,31.5,AH0,211,34.8011375,Day,F,L,A,MYSE
151.909,8443,6/3/2015,5/30/2015,12:49:50,7,33.1,AH0,117,36.7196703,Day,F,L,A,MYSE
151.909,8443,6/3/2015,5/29/2015,12:49:52,7,31.5,AH0,213,34.8011375,Day,F,L,A,MYSE
151.909,8443,6/3/2015,5/30/2015,12:49:52,7,33.1,AH0,115,36.7196703,Day,F,L,A,MYSE
151.909,8443,6/3/2015,5/29/2015,12:49:54,7,31.5,AH0,211,34.8011375,Day,F,L,A,MYSE
151.909,8443,6/3/2015,5/30/2015,12:49:54,7,33.1,AH0,115,36.7196703,Day,F,L,A,MYSE
151.909,8443,6/3/2015,5/29/2015,12:49:56,7,31.5,AH0,211,34.8011375,Day,F,L,A,MYSE
151.909,8443,6/3/2015,5/30/2015,12:49:56,7,33.1,AH0,120,36.7196703,Day,F,L,A,MYSE
151.909,8443,6/3/2015,5/29/2015,12:49:58,7,31.5,AH0,208,34.8011375,Day,F,L,A,MYSE
151.909,8443,6/3/2015,5/30/2015,12:49:58,7,33.1,AH0,106,36.7196703,Day,F,L,A,MYSE
151.909,8443,6/3/2015,5/30/2015,12:50:10,7,33.1,AH0,130,36.7196703,Day,F,L,A,MYSE
151.909,8443,6/3/2015,5/29/2015,12:50:11,7,31.4,AH0,210,34.6618152,Day,F,L,A,MYSE
151.909,8443,6/3/2015,5/30/2015,12:50:12,7,33.1,AH0,122,36.7196703,Day,F,L,A,MYSE
151.909,8443,6/3/2015,5/29/2015,12:50:13,7,31.4,AH0,209,34.6618152,Day,F,L,A,MYSE
151.909,8443,6/3/2015,5/30/2015,12:50:14,7,33.1,AH0,125,36.7196703,Day,F,L,A,MYSE
151.909,8443,6/3/2015,5/29/2015,12:50:15,7,31.4,AH0,207,34.6618152,Day,F,L,A,MYSE
151.909,8443,6/3/2015,5/30/2015,12:50:16,7,33.1,AH0,122,36.7196703,Day,F,L,A,MYSE
151.909,8443,6/3/2015,5/29/2015,12:50:17,7,31.4,AH0,211,34.6618152,Day,F,L,A,MYSE
151.909,8443,6/3/2015,5/30/2015,12:50:18,7,33.1,AH0,120,36.7196703,Day,F,L,A,MYSE
151.909,8443,6/3/2015,5/29/2015,12:50:19,7,31.4,AH0,210,34.6618152,Day,F,L,A,MYSE
151.909,8443,6/3/2015,5/30/2015,12:50:30,7,33.1,AH0,104,36.7196703,Day,F,L,A,MYSE
151.909,8443,6/3/2015,5/29/2015,12:50:32,7,31.5,AH0,207,34.8011375,Day,F,L,A,MYSE
151.909,8443,6/3/2015,5/30/2015,12:50:32,7,33.1,AH0,105,36.7196703,Day,F,L,A,MYSE
151.909,8443,6/3/2015,5/29/2015,12:50:34,7,31.5,AH0,211,34.8011375,Day,F,L,A,MYSE
151.909,8443,6/3/2015,5/30/2015,12:50:34,7,33.1,AH0,107,36.7196703,Day,F,L,A,MYSE
151.909,8443,6/3/2015,5/29/2015,12:50:36,7,31.5,AH0,212,34.8011375,Day,F,L,A,MYSE
151.909,8443,6/3/2015,5/30/2015,12:50:36,7,33.1,AH0,102,36.7196703,Day,F,L,A,MYSE
151.909,8443,6/3/2015,5/29/2015,12:50:38,7,31.5,AH0,213,34.8011375,Day,F,L,A,MYSE
151.909,8443,6/3/2015,5/30/2015,12:50:38,7,33.1,AH0,107,36.7196703,Day,F,L,A,MYSE
151.909,8443,6/3/2015,5/30/2015,12:50:50,7,33.2,AH0,105,36.8211744,Day,F,L,A,MYSE
151.909,8443,6/3/2015,5/29/2015,12:50:51,7,31.5,AH0,208,34.8011375,Day,F,L,A,MYSE
151.909,8443,6/3/2015,5/30/2015,12:50:52,7,33.2,AH0,106,36.8211744,Day,F,L,A,MYSE
151.909,8443,6/3/2015,5/29/2015,12:50:53,7,31.6,AH0,207,34.9380768,Day,F,L,A,MYSE
151.909,8443,6/3/2015,5/30/2015,12:50:54,7,33.2,AH0,106,36.8211744,Day,F,L,A,MYSE
151.909,8443,6/3/2015,5/29/2015,12:50:55,7,31.5,AH0,209,34.8011375,Day,F,L,A,MYSE
151.909,8443,6/3/2015,5/30/2015,12:50:56,7,33.2,AH0,113,36.8211744,Day,F,L,A,MYSE
151.909,8443,6/3/2015,5/29/2015,12:50:57,7,31.5,AH0,211,34.8011375,Day,F,L,A,MYSE
151.909,8443,6/3/2015,5/30/2015,12:50:58,7,33.2,AH0,113,36.8211744,Day,F,L,A,MYSE
151.909,8443,6/3/2015,5/29/2015,12:50:59,7,31.5,AH0,210,34.8011375,Day,F,L,A,MYSE
151.909,8443,6/3/2015,5/29/2015,12:51:12,7,31.5,AH0,210,34.8011375,Day,F,L,A,MYSE
151.909,8443,6/3/2015,5/30/2015,12:51:12,7,33.2,AH0,125,36.8211744,Day,F,L,A,MYSE
151.909,8443,6/3/2015,5/29/2015,12:51:14,7,31.5,AH0,212,34.8011375,Day,F,L,A,MYSE
151.909,8443,6/3/2015,5/30/2015,12:51:14,7,33.2,AH0,124,36.8211744,Day,F,L,A,MYSE
151.909,8443,6/3/2015,5/29/2015,12:51:16,7,31.6,AH0,215,34.9380768,Day,F,L,A,MYSE
151.909,8443,6/3/2015,5/30/2015,12:51:16,7,33.2,AH0,123,36.8211744,Day,F,L,A,MYSE
151.909,8443,6/3/2015,5/30/2015,12:51:17,7,33.2,AH0,118,36.8211744,Day,F,L,A,MYSE
151.909,8443,6/3/2015,5/29/2015,12:51:18,7,31.6,AH0,214,34.9380768,Day,F,L,A,MYSE
151.909,8443,6/3/2015,5/29/2015,12:51:31,7,31.6,AH0,209,34.9380768,Day,F,L,A,MYSE
151.909,8443,6/3/2015,5/30/2015,12:51:32,7,33.1,AH0,125,36.7196703,Day,F,L,A,MYSE
151.909,8443,6/3/2015,5/29/2015,12:51:33,7,31.6,AH0,207,34.9380768,Day,F,L,A,MYSE
151.909,8443,6/3/2015,5/30/2015,12:51:34,7,33.1,AH0,123,36.7196703,Day,F,L,A,MYSE
151.909,8443,6/3/2015,5/29/2015,12:51:35,7,31.6,AH0,212,34.9380768,Day,F,L,A,MYSE
151.909,8443,6/3/2015,5/30/2015,12:51:36,7,33.1,AH0,117,36.7196703,Day,F,L,A,MYSE
151.909,8443,6/3/2015,5/29/2015,12:51:37,7,31.6,AH0,210,34.9380768,Day,F,L,A,MYSE
151.909,8443,6/3/2015,5/30/2015,12:51:37,7,33.1,AH0,113,36.7196703,Day,F,L,A,MYSE
151.909,8443,6/3/2015,5/29/2015,12:51:39,7,31.6,AH0,213,34.9380768,Day,F,L,A,MYSE
151.909,8443,6/3/2015,5/29/2015,12:51:52,7,31.7,AH0,213,35.0726529,Day,F,L,A,MYSE
151.909,8443,6/3/2015,5/30/2015,12:51:52,7,33.1,AH0,108,36.7196703,Day,F,L,A,MYSE
151.909,8443,6/3/2015,5/29/2015,12:51:54,7,31.7,AH0,211,35.0726529,Day,F,L,A,MYSE
151.909,8443,6/3/2015,5/30/2015,12:51:54,7,33.1,AH0,95,36.7196703,Day,F,L,A,MYSE
151.909,8443,6/3/2015,5/30/2015,12:51:55,7,33.1,AH0,98,36.7196703,Day,F,L,A,MYSE
151.909,8443,6/3/2015,5/29/2015,12:51:56,7,31.7,AH0,211,35.0726529,Day,F,L,A,MYSE
151.909,8443,6/3/2015,5/29/2015,12:51:57,7,31.7,AH0,212,35.0726529,Day,F,L,A,MYSE
151.909,8443,6/3/2015,5/30/2015,12:51:57,7,33.1,AH0,113,36.7196703,Day,F,L,A,MYSE
151.909,8443,6/3/2015,5/30/2015,12:52:12,7,33,AH0,94,36.6161,Day,F,L,A,MYSE
151.909,8443,6/3/2015,5/29/2015,12:52:13,7,31.7,AH0,212,35.0726529,Day,F,L,A,MYSE
151.909,8443,6/3/2015,5/30/2015,12:52:14,7,33,AH0,90,36.6161,Day,F,L,A,MYSE
151.909,8443,6/3/2015,5/29/2015,12:52:15,7,31.7,AH0,211,35.0726529,Day,F,L,A,MYSE
151.909,8443,6/3/2015,5/30/2015,12:52:15,7,33,AH0,84,36.6161,Day,F,L,A,MYSE
151.909,8443,6/3/2015,5/29/2015,12:52:16,7,31.7,AH0,212,35.0726529,Day,F,L,A,MYSE
151.909,8443,6/3/2015,5/30/2015,12:52:17,7,33,AH0,83,36.6161,Day,F,L,A,MYSE
151.909,8443,6/3/2015,5/29/2015,12:52:18,7,31.7,AH0,211,35.0726529,Day,F,L,A,MYSE
151.909,8443,6/3/2015,5/29/2015,12:52:32,7,31.7,AH0,211,35.0726529,Day,F,L,A,MYSE
151.909,8443,6/3/2015,5/30/2015,12:52:32,7,33,AH0,112,36.6161,Day,F,L,A,MYSE
151.909,8443,6/3/2015,5/29/2015,12:52:33,7,31.7,AH0,213,35.0726529,Day,F,L,A,MYSE
151.909,8443,6/3/2015,5/30/2015,12:52:34,7,33,AH0,119,36.6161,Day,F,L,A,MYSE
151.909,8443,6/3/2015,5/29/2015,12:52:35,7,31.7,AH0,210,35.0726529,Day,F,L,A,MYSE
151.909,8443,6/3/2015,5/30/2015,12:52:35,7,33,AH0,125,36.6161,Day,F,L,A,MYSE
151.909,8443,6/3/2015,5/29/2015,12:52:37,7,31.7,AH0,211,35.0726529,Day,F,L,A,MYSE
151.909,8443,6/3/2015,5/30/2015,12:52:37,7,33,AH0,123,36.6161,Day,F,L,A,MYSE
151.909,8443,6/3/2015,5/29/2015,12:52:52,7,31.7,AH0,211,35.0726529,Day,F,L,A,MYSE
151.909,8443,6/3/2015,5/30/2015,12:52:52,7,33.1,AH0,121,36.7196703,Day,F,L,A,MYSE
151.909,8443,6/3/2015,5/29/2015,12:52:54,7,31.7,AH0,211,35.0726529,Day,F,L,A,MYSE
151.909,8443,6/3/2015,5/30/2015,12:52:54,7,33.1,AH0,128,36.7196703,Day,F,L,A,MYSE
151.909,8443,6/3/2015,5/30/2015,12:52:55,7,33.1,AH0,125,36.7196703,Day,F,L,A,MYSE
151.909,8443,6/3/2015,5/29/2015,12:52:56,7,31.7,AH0,212,35.0726529,Day,F,L,A,MYSE
151.909,8443,6/3/2015,5/30/2015,12:52:57,7,33.1,AH0,120,36.7196703,Day,F,L,A,MYSE
151.909,8443,6/3/2015,5/29/2015,12:52:58,7,31.7,AH0,212,35.0726529,Day,F,L,A,MYSE
151.909,8443,6/3/2015,5/29/2015,12:53:11,7,31.7,AH0,210,35.0726529,Day,F,L,A,MYSE
151.909,8443,6/3/2015,5/30/2015,12:53:12,7,33.3,AH0,130,36.9206321,Day,F,L,A,MYSE
151.909,8443,6/3/2015,5/29/2015,12:53:13,7,31.7,AH0,212,35.0726529,Day,F,L,A,MYSE
151.909,8443,6/3/2015,5/30/2015,12:53:14,7,33.3,AH0,136,36.9206321,Day,F,L,A,MYSE
151.909,8443,6/3/2015,5/29/2015,12:53:15,7,31.7,AH0,212,35.0726529,Day,F,L,A,MYSE
151.909,8443,6/3/2015,5/30/2015,12:53:15,7,33.3,AH0,129,36.9206321,Day,F,L,A,MYSE
151.909,8443,6/3/2015,5/29/2015,12:53:17,7,31.7,AH0,211,35.0726529,Day,F,L,A,MYSE
151.909,8443,6/3/2015,5/30/2015,12:53:17,7,33.3,AH0,138,36.9206321,Day,F,L,A,MYSE
151.909,8443,6/3/2015,5/29/2015,12:53:19,7,31.7,AH0,208,35.0726529,Day,F,L,A,MYSE
151.909,8443,6/3/2015,5/29/2015,12:53:32,7,31.7,AH0,213,35.0726529,Day,F,L,A,MYSE
151.909,8443,6/3/2015,5/30/2015,12:53:32,7,33.4,AH0,139,37.0180632,Day,F,L,A,MYSE
151.909,8443,6/3/2015,5/30/2015,12:53:33,7,33.4,AH0,144,37.0180632,Day,F,L,A,MYSE
151.909,8443,6/3/2015,5/29/2015,12:53:34,7,31.7,AH0,207,35.0726529,Day,F,L,A,MYSE
151.909,8443,6/3/2015,5/30/2015,12:53:35,7,33.4,AH0,138,37.0180632,Day,F,L,A,MYSE
151.909,8443,6/3/2015,5/29/2015,12:53:36,7,31.7,AH0,208,35.0726529,Day,F,L,A,MYSE
151.909,8443,6/3/2015,5/30/2015,12:53:37,7,33.4,AH0,138,37.0180632,Day,F,L,A,MYSE
151.909,8443,6/3/2015,5/29/2015,12:53:38,7,31.7,AH0,210,35.0726529,Day,F,L,A,MYSE
151.909,8443,6/3/2015,5/29/2015,12:53:51,7,31.7,AH0,214,35.0726529,Day,F,L,A,MYSE
151.909,8443,6/3/2015,5/30/2015,12:53:51,7,33.5,AH0,148,37.1134875,Day,F,L,A,MYSE
151.909,8443,6/3/2015,5/29/2015,12:53:53,7,31.7,AH0,213,35.0726529,Day,F,L,A,MYSE
151.909,8443,6/3/2015,5/30/2015,12:53:53,7,33.5,AH0,146,37.1134875,Day,F,L,A,MYSE
151.909,8443,6/3/2015,5/29/2015,12:53:55,7,31.7,AH0,211,35.0726529,Day,F,L,A,MYSE
151.909,8443,6/3/2015,5/30/2015,12:53:55,7,33.5,AH0,140,37.1134875,Day,F,L,A,MYSE
151.909,8443,6/3/2015,5/29/2015,12:53:57,7,31.7,AH0,212,35.0726529,Day,F,L,A,MYSE
151.909,8443,6/3/2015,5/30/2015,12:53:57,7,33.5,AH0,136,37.1134875,Day,F,L,A,MYSE
151.909,8443,6/3/2015,5/29/2015,12:53:59,7,31.7,AH0,209,35.0726529,Day,F,L,A,MYSE
151.909,8443,6/3/2015,5/30/2015,12:54:11,7,33.6,AH0,137,37.2069248,Day,F,L,A,MYSE
151.909,8443,6/3/2015,5/29/2015,12:54:12,7,31.7,AH0,209,35.0726529,Day,F,L,A,MYSE
151.909,8443,6/3/2015,5/30/2015,12:54:13,7,33.6,AH0,131,37.2069248,Day,F,L,A,MYSE
151.909,8443,6/3/2015,5/29/2015,12:54:14,7,31.7,AH0,211,35.0726529,Day,F,L,A,MYSE
151.909,8443,6/3/2015,5/30/2015,12:54:15,7,33.6,AH0,132,37.2069248,Day,F,L,A,MYSE
151.909,8443,6/3/2015,5/29/2015,12:54:16,7,31.7,AH0,213,35.0726529,Day,F,L,A,MYSE
151.909,8443,6/3/2015,5/30/2015,12:54:16,7,33.6,AH0,131,37.2069248,Day,F,L,A,MYSE
151.909,8443,6/3/2015,5/29/2015,12:54:18,7,31.7,AH0,214,35.0726529,Day,F,L,A,MYSE
151.909,8443,6/3/2015,5/30/2015,12:54:18,7,33.6,AH0,127,37.2069248,Day,F,L,A,MYSE
151.909,8443,6/3/2015,5/29/2015,12:54:31,7,31.9,AH0,211,35.3347947,Day,F,L,A,MYSE
151.909,8443,6/3/2015,5/30/2015,12:54:31,7,33.6,AH0,129,37.2069248,Day,F,L,A,MYSE
151.909,8443,6/3/2015,5/30/2015,12:54:32,7,33.6,AH0,129,37.2069248,Day,F,L,A,MYSE
151.909,8443,6/3/2015,5/29/2015,12:54:33,7,31.7,AH0,212,35.0726529,Day,F,L,A,MYSE
151.909,8443,6/3/2015,5/30/2015,12:54:34,7,33.6,AH0,124,37.2069248,Day,F,L,A,MYSE
151.909,8443,6/3/2015,5/29/2015,12:54:35,7,31.7,AH0,211,35.0726529,Day,F,L,A,MYSE
151.909,8443,6/3/2015,5/29/2015,12:54:36,7,31.7,AH0,210,35.0726529,Day,F,L,A,MYSE
151.909,8443,6/3/2015,5/30/2015,12:54:36,7,33.6,AH0,130,37.2069248,Day,F,L,A,MYSE
151.909,8443,6/3/2015,5/29/2015,12:54:38,7,31.7,AH0,212,35.0726529,Day,F,L,A,MYSE
151.909,8443,6/3/2015,5/30/2015,12:54:38,7,33.6,AH0,126,37.2069248,Day,F,L,A,MYSE
151.909,8443,6/3/2015,5/30/2015,12:54:50,7,33.6,AH0,127,37.2069248,Day,F,L,A,MYSE
151.909,8443,6/3/2015,5/29/2015,12:54:52,7,31.7,AH0,208,35.0726529,Day,F,L,A,MYSE
151.909,8443,6/3/2015,5/30/2015,12:54:52,7,33.6,AH0,125,37.2069248,Day,F,L,A,MYSE
151.909,8443,6/3/2015,5/29/2015,12:54:54,7,31.7,AH0,209,35.0726529,Day,F,L,A,MYSE
151.909,8443,6/3/2015,5/30/2015,12:54:54,7,33.6,AH0,123,37.2069248,Day,F,L,A,MYSE
151.909,8443,6/3/2015,5/29/2015,12:54:55,7,31.7,AH0,211,35.0726529,Day,F,L,A,MYSE
151.909,8443,6/3/2015,5/30/2015,12:54:56,7,33.6,AH0,128,37.2069248,Day,F,L,A,MYSE
151.909,8443,6/3/2015,5/29/2015,12:54:57,7,31.7,AH0,209,35.0726529,Day,F,L,A,MYSE
151.909,8443,6/3/2015,5/30/2015,12:54:57,7,33.6,AH0,123,37.2069248,Day,F,L,A,MYSE
151.909,8443,6/3/2015,5/29/2015,12:55:12,7,31.7,AH0,214,35.0726529,Day,F,L,A,MYSE
151.909,8443,6/3/2015,5/30/2015,12:55:12,7,33.6,AH0,125,37.2069248,Day,F,L,A,MYSE
151.909,8443,6/3/2015,5/30/2015,12:55:13,7,33.6,AH0,123,37.2069248,Day,F,L,A,MYSE
151.909,8443,6/3/2015,5/29/2015,12:55:14,7,31.7,AH0,214,35.0726529,Day,F,L,A,MYSE
151.909,8443,6/3/2015,5/30/2015,12:55:15,7,33.5,AH0,120,37.1134875,Day,F,L,A,MYSE
151.909,8443,6/3/2015,5/29/2015,12:55:16,7,31.7,AH0,212,35.0726529,Day,F,L,A,MYSE
151.909,8443,6/3/2015,5/30/2015,12:55:17,7,33.5,AH0,123,37.1134875,Day,F,L,A,MYSE
151.909,8443,6/3/2015,5/29/2015,12:55:18,7,31.7,AH0,213,35.0726529,Day,F,L,A,MYSE
151.909,8443,6/3/2015,5/29/2015,12:55:31,7,31.7,AH0,214,35.0726529,Day,F,L,A,MYSE
151.909,8443,6/3/2015,5/30/2015,12:55:31,7,33.4,AH0,120,37.0180632,Day,F,L,A,MYSE
151.909,8443,6/3/2015,5/29/2015,12:55:33,7,31.7,AH0,212,35.0726529,Day,F,L,A,MYSE
151.909,8443,6/3/2015,5/30/2015,12:55:33,7,33.4,AH0,123,37.0180632,Day,F,L,A,MYSE
151.909,8443,6/3/2015,5/29/2015,12:55:35,7,31.7,AH0,214,35.0726529,Day,F,L,A,MYSE
151.909,8443,6/3/2015,5/30/2015,12:55:35,7,33.4,AH0,125,37.0180632,Day,F,L,A,MYSE
151.909,8443,6/3/2015,5/29/2015,12:55:37,7,31.7,AH0,213,35.0726529,Day,F,L,A,MYSE
151.909,8443,6/3/2015,5/30/2015,12:55:37,7,33.4,AH0,127,37.0180632,Day,F,L,A,MYSE
151.909,8443,6/3/2015,5/30/2015,12:55:51,7,33.4,AH0,123,37.0180632,Day,F,L,A,MYSE
151.909,8443,6/3/2015,5/29/2015,12:55:52,7,31.7,AH0,212,35.0726529,Day,F,L,A,MYSE
151.909,8443,6/3/2015,5/30/2015,12:55:53,7,33.4,AH0,122,37.0180632,Day,F,L,A,MYSE
151.909,8443,6/3/2015,5/29/2015,12:55:54,7,31.8,AH0,213,35.2048856,Day,F,L,A,MYSE
151.909,8443,6/3/2015,5/30/2015,12:55:55,7,33.4,AH0,120,37.0180632,Day,F,L,A,MYSE
151.909,8443,6/3/2015,5/29/2015,12:55:56,7,31.8,AH0,210,35.2048856,Day,F,L,A,MYSE
151.909,8443,6/3/2015,5/30/2015,12:55:57,7,33.4,AH0,123,37.0180632,Day,F,L,A,MYSE
151.909,8443,6/3/2015,5/29/2015,12:55:58,7,31.8,AH0,213,35.2048856,Day,F,L,A,MYSE
151.909,8443,6/3/2015,5/29/2015,12:56:11,7,31.8,AH0,213,35.2048856,Day,F,L,A,MYSE
151.909,8443,6/3/2015,5/30/2015,12:56:11,7,33.4,AH0,114,37.0180632,Day,F,L,A,MYSE
151.909,8443,6/3/2015,5/29/2015,12:56:13,7,31.8,AH0,210,35.2048856,Day,F,L,A,MYSE
151.909,8443,6/3/2015,5/30/2015,12:56:13,7,33.4,AH0,116,37.0180632,Day,F,L,A,MYSE
151.909,8443,6/3/2015,5/29/2015,12:56:15,7,31.8,AH0,213,35.2048856,Day,F,L,A,MYSE
151.909,8443,6/3/2015,5/30/2015,12:56:15,7,33.4,AH0,114,37.0180632,Day,F,L,A,MYSE
151.909,8443,6/3/2015,5/30/2015,12:56:16,7,33.3,AH0,112,36.9206321,Day,F,L,A,MYSE
151.909,8443,6/3/2015,5/29/2015,12:56:17,7,31.8,AH0,212,35.2048856,Day,F,L,A,MYSE
151.909,8443,6/3/2015,5/30/2015,12:56:18,7,33.3,AH0,126,36.9206321,Day,F,L,A,MYSE
151.909,8443,6/3/2015,5/29/2015,12:56:19,7,31.8,AH0,213,35.2048856,Day,F,L,A,MYSE
151.909,8443,6/3/2015,5/30/2015,12:56:31,7,33.3,AH0,138,36.9206321,Day,F,L,A,MYSE
151.909,8443,6/3/2015,5/29/2015,12:56:32,7,31.8,AH0,213,35.2048856,Day,F,L,A,MYSE
151.909,8443,6/3/2015,5/30/2015,12:56:33,7,33.3,AH0,132,36.9206321,Day,F,L,A,MYSE
151.909,8443,6/3/2015,5/29/2015,12:56:34,7,31.8,AH0,212,35.2048856,Day,F,L,A,MYSE
151.909,8443,6/3/2015,5/30/2015,12:56:34,7,33.3,AH0,129,36.9206321,Day,F,L,A,MYSE
151.909,8443,6/3/2015,5/29/2015,12:56:36,7,31.8,AH0,211,35.2048856,Day,F,L,A,MYSE
151.909,8443,6/3/2015,5/30/2015,12:56:36,7,33.3,AH0,130,36.9206321,Day,F,L,A,MYSE
151.909,8443,6/3/2015,5/29/2015,12:56:38,7,31.8,AH0,209,35.2048856,Day,F,L,A,MYSE
151.909,8443,6/3/2015,5/30/2015,12:56:38,7,33.3,AH0,132,36.9206321,Day,F,L,A,MYSE
151.909,8443,6/3/2015,5/30/2015,12:56:51,7,33.2,AH0,129,36.8211744,Day,F,L,A,MYSE
151.909,8443,6/3/2015,5/30/2015,12:56:52,7,33.2,AH0,130,36.8211744,Day,F,L,A,MYSE
151.909,8443,6/3/2015,5/29/2015,12:56:53,7,31.8,AH0,212,35.2048856,Day,F,L,A,MYSE
151.909,8443,6/3/2015,5/30/2015,12:56:54,7,33.2,AH0,128,36.8211744,Day,F,L,A,MYSE
151.909,8443,6/3/2015,5/29/2015,12:56:55,7,31.8,AH0,215,35.2048856,Day,F,L,A,MYSE
151.909,8443,6/3/2015,5/29/2015,12:56:56,7,31.9,AH0,218,35.3347947,Day,F,L,A,MYSE
151.909,8443,6/3/2015,5/30/2015,12:56:56,7,33.2,AH0,131,36.8211744,Day,F,L,A,MYSE
151.909,8443,6/3/2015,5/29/2015,12:56:58,7,31.9,AH0,218,35.3347947,Day,F,L,A,MYSE
151.909,8443,6/3/2015,5/30/2015,12:56:58,7,33.2,AH0,130,36.8211744,Day,F,L,A,MYSE
151.909,8443,6/3/2015,5/30/2015,12:57:10,7,33.1,AH0,130,36.7196703,Day,F,L,A,MYSE
151.909,8443,6/3/2015,5/29/2015,12:57:11,7,32,AH0,219,35.4624,Day,F,L,A,MYSE
151.909,8443,6/3/2015,5/30/2015,12:57:12,7,33.1,AH0,124,36.7196703,Day,F,L,A,MYSE
151.909,8443,6/3/2015,5/29/2015,12:57:13,7,32,AH0,218,35.4624,Day,F,L,A,MYSE
151.909,8443,6/3/2015,5/30/2015,12:57:14,7,33.1,AH0,126,36.7196703,Day,F,L,A,MYSE
151.909,8443,6/3/2015,5/29/2015,12:57:15,7,32,AH0,222,35.4624,Day,F,L,A,MYSE
151.909,8443,6/3/2015,5/30/2015,12:57:16,7,33.1,AH0,118,36.7196703,Day,F,L,A,MYSE
151.909,8443,6/3/2015,5/29/2015,12:57:17,7,32,AH0,217,35.4624,Day,F,L,A,MYSE
151.909,8443,6/3/2015,5/30/2015,12:57:18,7,33.1,AH0,118,36.7196703,Day,F,L,A,MYSE
151.909,8443,6/3/2015,5/30/2015,12:57:30,7,33.1,AH0,122,36.7196703,Day,F,L,A,MYSE
151.909,8443,6/3/2015,5/29/2015,12:57:32,7,32,AH0,218,35.4624,Day,F,L,A,MYSE
151.909,8443,6/3/2015,5/30/2015,12:57:32,7,33.1,AH0,123,36.7196703,Day,F,L,A,MYSE
151.909,8443,6/3/2015,5/29/2015,12:57:34,7,32,AH0,218,35.4624,Day,F,L,A,MYSE
151.909,8443,6/3/2015,5/30/2015,12:57:34,7,33.1,AH0,119,36.7196703,Day,F,L,A,MYSE
151.909,8443,6/3/2015,5/29/2015,12:57:36,7,32,AH0,220,35.4624,Day,F,L,A,MYSE
151.909,8443,6/3/2015,5/30/2015,12:57:36,7,33.1,AH0,118,36.7196703,Day,F,L,A,MYSE
151.909,8443,6/3/2015,5/29/2015,12:57:38,7,32,AH0,216,35.4624,Day,F,L,A,MYSE
151.909,8443,6/3/2015,5/30/2015,12:57:38,7,33.1,AH0,122,36.7196703,Day,F,L,A,MYSE
151.909,8443,6/3/2015,5/30/2015,12:57:50,7,33,AH0,112,36.6161,Day,F,L,A,MYSE
151.909,8443,6/3/2015,5/29/2015,12:57:51,7,31.9,AH0,219,35.3347947,Day,F,L,A,MYSE
151.909,8443,6/3/2015,5/30/2015,12:57:52,7,33,AH0,118,36.6161,Day,F,L,A,MYSE
151.909,8443,6/3/2015,5/29/2015,12:57:53,7,31.9,AH0,219,35.3347947,Day,F,L,A,MYSE
151.909,8443,6/3/2015,5/30/2015,12:57:54,7,33,AH0,112,36.6161,Day,F,L,A,MYSE
151.909,8443,6/3/2015,5/29/2015,12:57:55,7,31.9,AH0,218,35.3347947,Day,F,L,A,MYSE
151.909,8443,6/3/2015,5/30/2015,12:57:56,7,33,AH0,114,36.6161,Day,F,L,A,MYSE
151.909,8443,6/3/2015,5/29/2015,12:57:57,7,31.9,AH0,221,35.3347947,Day,F,L,A,MYSE
151.909,8443,6/3/2015,5/29/2015,12:57:58,7,31.9,AH0,219,35.3347947,Day,F,L,A,MYSE
151.909,8443,6/3/2015,5/30/2015,12:57:58,7,33,AH0,117,36.6161,Day,F,L,A,MYSE
151.909,8443,6/3/2015,5/30/2015,12:58:10,7,33,AH0,120,36.6161,Day,F,L,A,MYSE
151.909,8443,6/3/2015,5/29/2015,12:58:12,7,31.8,AH0,215,35.2048856,Day,F,L,A,MYSE
151.909,8443,6/3/2015,5/30/2015,12:58:12,7,33,AH0,126,36.6161,Day,F,L,A,MYSE
151.909,8443,6/3/2015,5/29/2015,12:58:13,7,31.9,AH0,215,35.3347947,Day,F,L,A,MYSE
151.909,8443,6/3/2015,5/30/2015,12:58:14,7,33,AH0,129,36.6161,Day,F,L,A,MYSE
151.909,8443,6/3/2015,5/29/2015,12:58:15,7,31.9,AH0,219,35.3347947,Day,F,L,A,MYSE
151.909,8443,6/3/2015,5/30/2015,12:58:16,7,32.9,AH0,124,36.5104437,Day,F,L,A,MYSE
151.909,8443,6/3/2015,5/29/2015,12:58:17,7,31.8,AH0,218,35.2048856,Day,F,L,A,MYSE
151.909,8443,6/3/2015,5/30/2015,12:58:18,7,32.9,AH0,121,36.5104437,Day,F,L,A,MYSE
151.909,8443,6/3/2015,5/30/2015,12:58:30,7,32.7,AH0,123,36.2927939,Day,F,L,A,MYSE
151.909,8443,6/3/2015,5/29/2015,12:58:32,7,31.8,AH0,217,35.2048856,Day,F,L,A,MYSE
151.909,8443,6/3/2015,5/30/2015,12:58:32,7,32.7,AH0,113,36.2927939,Day,F,L,A,MYSE
151.909,8443,6/3/2015,5/29/2015,12:58:34,7,31.8,AH0,217,35.2048856,Day,F,L,A,MYSE
151.909,8443,6/3/2015,5/30/2015,12:58:34,7,32.6,AH0,114,36.1807608,Day,F,L,A,MYSE
151.909,8443,6/3/2015,5/29/2015,12:58:36,7,31.8,AH0,216,35.2048856,Day,F,L,A,MYSE
151.909,8443,6/3/2015,5/30/2015,12:58:36,7,32.6,AH0,119,36.1807608,Day,F,L,A,MYSE
151.909,8443,6/3/2015,5/29/2015,12:58:38,7,31.8,AH0,216,35.2048856,Day,F,L,A,MYSE
151.909,8443,6/3/2015,5/30/2015,12:58:38,7,32.6,AH0,115,36.1807608,Day,F,L,A,MYSE
151.909,8443,6/3/2015,5/29/2015,12:58:51,7,31.7,AH0,218,35.0726529,Day,F,L,A,MYSE
151.909,8443,6/3/2015,5/30/2015,12:58:51,7,32.6,AH0,117,36.1807608,Day,F,L,A,MYSE
151.909,8443,6/3/2015,5/29/2015,12:58:53,7,31.7,AH0,218,35.0726529,Day,F,L,A,MYSE
151.909,8443,6/3/2015,5/30/2015,12:58:53,7,32.6,AH0,126,36.1807608,Day,F,L,A,MYSE
151.909,8443,6/3/2015,5/30/2015,12:58:54,7,32.6,AH0,128,36.1807608,Day,F,L,A,MYSE
151.909,8443,6/3/2015,5/29/2015,12:58:55,7,31.7,AH0,217,35.0726529,Day,F,L,A,MYSE
151.909,8443,6/3/2015,5/30/2015,12:58:56,7,32.6,AH0,128,36.1807608,Day,F,L,A,MYSE
151.909,8443,6/3/2015,5/29/2015,12:58:57,7,31.8,AH0,219,35.2048856,Day,F,L,A,MYSE
151.909,8443,6/3/2015,5/30/2015,12:58:58,7,32.6,AH0,128,36.1807608,Day,F,L,A,MYSE
151.909,8443,6/3/2015,5/29/2015,12:58:59,7,31.7,AH0,217,35.0726529,Day,F,L,A,MYSE
151.909,8443,6/3/2015,5/30/2015,12:59:11,7,32.6,AH0,131,36.1807608,Day,F,L,A,MYSE
151.909,8443,6/3/2015,5/29/2015,12:59:12,7,31.7,AH0,221,35.0726529,Day,F,L,A,MYSE
151.909,8443,6/3/2015,5/30/2015,12:59:13,7,32.6,AH0,129,36.1807608,Day,F,L,A,MYSE
151.909,8443,6/3/2015,5/29/2015,12:59:14,7,31.7,AH0,219,35.0726529,Day,F,L,A,MYSE
151.909,8443,6/3/2015,5/30/2015,12:59:15,7,32.6,AH0,137,36.1807608,Day,F,L,A,MYSE
151.909,8443,6/3/2015,5/29/2015,12:59:16,7,31.7,AH0,207,35.0726529,Day,F,L,A,MYSE
151.909,8443,6/3/2015,5/30/2015,12:59:16,7,32.6,AH0,130,36.1807608,Day,F,L,A,MYSE
151.909,8443,6/3/2015,5/29/2015,12:59:18,7,31.8,AH0,200,35.2048856,Day,F,L,A,MYSE
151.909,8443,6/3/2015,5/29/2015,12:59:31,7,31.7,AH0,208,35.0726529,Day,F,L,A,MYSE
151.909,8443,6/3/2015,5/30/2015,12:59:31,7,32.6,AH0,128,36.1807608,Day,F,L,A,MYSE
151.909,8443,6/3/2015,5/29/2015,12:59:33,7,31.7,AH0,207,35.0726529,Day,F,L,A,MYSE
151.909,8443,6/3/2015,5/30/2015,12:59:33,7,32.6,AH0,127,36.1807608,Day,F,L,A,MYSE
151.909,8443,6/3/2015,5/29/2015,12:59:35,7,31.7,AH0,209,35.0726529,Day,F,L,A,MYSE
151.909,8443,6/3/2015,5/30/2015,12:59:35,7,32.6,AH0,129,36.1807608,Day,F,L,A,MYSE
151.909,8443,6/3/2015,5/29/2015,12:59:37,7,31.7,AH0,208,35.0726529,Day,F,L,A,MYSE
151.909,8443,6/3/2015,5/30/2015,12:59:37,7,32.6,AH0,124,36.1807608,Day,F,L,A,MYSE
151.909,8443,6/3/2015,5/29/2015,12:59:38,7,31.7,AH0,209,35.0726529,Day,F,L,A,MYSE
151.909,8443,6/3/2015,5/30/2015,12:59:51,7,32.6,AH0,124,36.1807608,Day,F,L,A,MYSE
151.909,8443,6/3/2015,5/29/2015,12:59:52,7,31.6,AH0,207,34.9380768,Day,F,L,A,MYSE
151.909,8443,6/3/2015,5/30/2015,12:59:53,7,32.5,AH0,129,36.0665625,Day,F,L,A,MYSE
151.909,8443,6/3/2015,5/29/2015,12:59:54,7,31.6,AH0,211,34.9380768,Day,F,L,A,MYSE
151.909,8443,6/3/2015,5/30/2015,12:59:55,7,32.5,AH0,126,36.0665625,Day,F,L,A,MYSE
151.909,8443,6/3/2015,5/29/2015,12:59:56,7,31.6,AH0,210,34.9380768,Day,F,L,A,MYSE
151.909,8443,6/3/2015,5/29/2015,12:59:57,7,31.6,AH0,210,34.9380768,Day,F,L,A,MYSE
151.909,8443,6/3/2015,5/30/2015,12:59:57,7,32.5,AH0,132,36.0665625,Day,F,L,A,MYSE
151.909,8443,6/3/2015,5/29/2015,13:00:11,7,31.6,AH0,208,34.9380768,Day,F,L,A,MYSE
151.909,8443,6/3/2015,5/30/2015,13:00:12,7,32.5,AH0,132,36.0665625,Day,F,L,A,MYSE
151.909,8443,6/3/2015,5/29/2015,13:00:13,7,31.6,AH0,209,34.9380768,Day,F,L,A,MYSE
151.909,8443,6/3/2015,5/30/2015,13:00:14,7,32.5,AH0,130,36.0665625,Day,F,L,A,MYSE
151.909,8443,6/3/2015,5/29/2015,13:00:15,7,31.6,AH0,210,34.9380768,Day,F,L,A,MYSE
151.909,8443,6/3/2015,5/30/2015,13:00:15,7,32.5,AH0,128,36.0665625,Day,F,L,A,MYSE
151.909,8443,6/3/2015,5/29/2015,13:00:16,7,31.5,AH0,209,34.8011375,Day,F,L,A,MYSE
151.909,8443,6/3/2015,5/30/2015,13:00:17,7,32.5,AH0,129,36.0665625,Day,F,L,A,MYSE
151.909,8443,6/3/2015,5/29/2015,13:00:18,7,31.5,AH0,211,34.8011375,Day,F,L,A,MYSE
151.909,8443,6/3/2015,5/30/2015,13:00:30,7,32.5,AH0,129,36.0665625,Day,F,L,A,MYSE
151.909,8443,6/3/2015,5/29/2015,13:00:32,7,31.5,AH0,208,34.8011375,Day,F,L,A,MYSE
151.909,8443,6/3/2015,5/30/2015,13:00:32,7,32.5,AH0,129,36.0665625,Day,F,L,A,MYSE
151.909,8443,6/3/2015,5/29/2015,13:00:34,7,31.5,AH0,206,34.8011375,Day,F,L,A,MYSE
151.909,8443,6/3/2015,5/30/2015,13:00:34,7,32.5,AH0,130,36.0665625,Day,F,L,A,MYSE
151.909,8443,6/3/2015,5/29/2015,13:00:35,7,31.5,AH0,208,34.8011375,Day,F,L,A,MYSE
151.909,8443,6/3/2015,5/30/2015,13:00:36,7,32.5,AH0,126,36.0665625,Day,F,L,A,MYSE
151.909,8443,6/3/2015,5/29/2015,13:00:37,7,31.5,AH0,206,34.8011375,Day,F,L,A,MYSE
151.909,8443,6/3/2015,5/30/2015,13:00:38,7,32.5,AH0,132,36.0665625,Day,F,L,A,MYSE
151.909,8443,6/3/2015,5/29/2015,13:00:51,7,31.5,AH0,208,34.8011375,Day,F,L,A,MYSE
151.909,8443,6/3/2015,5/30/2015,13:00:51,7,32.5,AH0,128,36.0665625,Day,F,L,A,MYSE
151.909,8443,6/3/2015,5/30/2015,13:00:52,7,32.5,AH0,129,36.0665625,Day,F,L,A,MYSE
151.909,8443,6/3/2015,5/29/2015,13:00:53,7,31.5,AH0,210,34.8011375,Day,F,L,A,MYSE
151.909,8443,6/3/2015,5/30/2015,13:00:54,7,32.5,AH0,121,36.0665625,Day,F,L,A,MYSE
151.909,8443,6/3/2015,5/29/2015,13:00:55,7,31.5,AH0,206,34.8011375,Day,F,L,A,MYSE
151.909,8443,6/3/2015,5/29/2015,13:00:56,7,31.5,AH0,209,34.8011375,Day,F,L,A,MYSE
151.909,8443,6/3/2015,5/30/2015,13:00:56,7,32.5,AH0,123,36.0665625,Day,F,L,A,MYSE
151.909,8443,6/3/2015,5/29/2015,13:00:58,7,31.6,AH0,209,34.9380768,Day,F,L,A,MYSE
151.909,8443,6/3/2015,5/30/2015,13:00:58,7,32.5,AH0,122,36.0665625,Day,F,L,A,MYSE
151.909,8443,6/3/2015,5/30/2015,13:01:11,7,32.5,AH0,121,36.0665625,Day,F,L,A,MYSE
151.909,8443,6/3/2015,5/29/2015,13:01:12,7,31.6,AH0,210,34.9380768,Day,F,L,A,MYSE
151.909,8443,6/3/2015,5/30/2015,13:01:13,7,32.6,AH0,119,36.1807608,Day,F,L,A,MYSE
151.909,8443,6/3/2015,5/29/2015,13:01:14,7,31.6,AH0,209,34.9380768,Day,F,L,A,MYSE
151.909,8443,6/3/2015,5/29/2015,13:01:15,7,31.6,AH0,206,34.9380768,Day,F,L,A,MYSE
151.909,8443,6/3/2015,5/30/2015,13:01:15,7,32.5,AH0,121,36.0665625,Day,F,L,A,MYSE
151.909,8443,6/3/2015,5/30/2015,13:01:16,7,32.5,AH0,122,36.0665625,Day,F,L,A,MYSE
151.909,8443,6/3/2015,5/29/2015,13:01:17,7,31.6,AH0,209,34.9380768,Day,F,L,A,MYSE
151.909,8443,6/3/2015,5/30/2015,13:01:31,7,32.6,AH0,119,36.1807608,Day,F,L,A,MYSE
151.909,8443,6/3/2015,5/29/2015,13:01:32,7,31.7,AH0,207,35.0726529,Day,F,L,A,MYSE
151.909,8443,6/3/2015,5/30/2015,13:01:33,7,32.6,AH0,119,36.1807608,Day,F,L,A,MYSE
151.909,8443,6/3/2015,5/29/2015,13:01:34,7,31.7,AH0,204,35.0726529,Day,F,L,A,MYSE
151.909,8443,6/3/2015,5/30/2015,13:01:35,7,32.6,AH0,124,36.1807608,Day,F,L,A,MYSE
151.909,8443,6/3/2015,5/29/2015,13:01:36,7,31.7,AH0,207,35.0726529,Day,F,L,A,MYSE
151.909,8443,6/3/2015,5/30/2015,13:01:37,7,32.6,AH0,112,36.1807608,Day,F,L,A,MYSE
151.909,8443,6/3/2015,5/29/2015,13:01:38,7,31.7,AH0,210,35.0726529,Day,F,L,A,MYSE
151.909,8443,6/3/2015,5/29/2015,13:01:51,7,31.8,AH0,205,35.2048856,Day,F,L,A,MYSE
151.909,8443,6/3/2015,5/30/2015,13:01:51,7,32.6,AH0,114,36.1807608,Day,F,L,A,MYSE
151.909,8443,6/3/2015,5/29/2015,13:01:53,7,31.8,AH0,209,35.2048856,Day,F,L,A,MYSE
151.909,8443,6/3/2015,5/30/2015,13:01:53,7,32.6,AH0,110,36.1807608,Day,F,L,A,MYSE
151.909,8443,6/3/2015,5/29/2015,13:01:55,7,31.8,AH0,209,35.2048856,Day,F,L,A,MYSE
151.909,8443,6/3/2015,5/30/2015,13:01:55,7,32.6,AH0,112,36.1807608,Day,F,L,A,MYSE
151.909,8443,6/3/2015,5/29/2015,13:01:57,7,31.8,AH0,207,35.2048856,Day,F,L,A,MYSE
151.909,8443,6/3/2015,5/30/2015,13:01:57,7,32.6,AH0,116,36.1807608,Day,F,L,A,MYSE
151.909,8443,6/3/2015,5/29/2015,13:02:12,7,31.9,AH0,219,35.3347947,Day,F,L,A,MYSE
151.909,8443,6/3/2015,5/30/2015,13:02:12,7,32.6,AH0,120,36.1807608,Day,F,L,A,MYSE
151.909,8443,6/3/2015,5/29/2015,13:02:14,7,31.9,AH0,217,35.3347947,Day,F,L,A,MYSE
151.909,8443,6/3/2015,5/30/2015,13:02:14,7,32.6,AH0,113,36.1807608,Day,F,L,A,MYSE
151.909,8443,6/3/2015,5/30/2015,13:02:15,7,32.5,AH0,121,36.0665625,Day,F,L,A,MYSE
151.909,8443,6/3/2015,5/29/2015,13:02:16,7,31.9,AH0,220,35.3347947,Day,F,L,A,MYSE
151.909,8443,6/3/2015,5/30/2015,13:02:17,7,32.5,AH0,116,36.0665625,Day,F,L,A,MYSE
151.909,8443,6/3/2015,5/29/2015,13:02:18,7,31.9,AH0,219,35.3347947,Day,F,L,A,MYSE
151.909,8443,6/3/2015,5/30/2015,13:02:30,7,32.5,AH0,121,36.0665625,Day,F,L,A,MYSE
151.909,8443,6/3/2015,5/29/2015,13:02:31,7,32,AH0,217,35.4624,Day,F,L,A,MYSE
151.909,8443,6/3/2015,5/30/2015,13:02:32,7,32.6,AH0,126,36.1807608,Day,F,L,A,MYSE
151.909,8443,6/3/2015,5/29/2015,13:02:33,7,32,AH0,221,35.4624,Day,F,L,A,MYSE
151.909,8443,6/3/2015,5/30/2015,13:02:34,7,32.6,AH0,127,36.1807608,Day,F,L,A,MYSE
151.909,8443,6/3/2015,5/29/2015,13:02:35,7,32,AH0,220,35.4624,Day,F,L,A,MYSE
151.909,8443,6/3/2015,5/29/2015,13:02:36,7,32,AH0,220,35.4624,Day,F,L,A,MYSE
151.909,8443,6/3/2015,5/30/2015,13:02:36,7,32.6,AH0,124,36.1807608,Day,F,L,A,MYSE
151.909,8443,6/3/2015,5/30/2015,13:02:37,7,32.6,AH0,121,36.1807608,Day,F,L,A,MYSE
151.909,8443,6/3/2015,5/29/2015,13:02:38,7,32,AH0,218,35.4624,Day,F,L,A,MYSE
151.909,8443,6/3/2015,5/30/2015,13:02:50,7,32.6,AH0,119,36.1807608,Day,F,L,A,MYSE
151.909,8443,6/3/2015,5/29/2015,13:02:51,7,32,AH0,219,35.4624,Day,F,L,A,MYSE
151.909,8443,6/3/2015,5/30/2015,13:02:52,7,32.6,AH0,122,36.1807608,Day,F,L,A,MYSE
151.909,8443,6/3/2015,5/29/2015,13:02:53,7,32,AH0,220,35.4624,Day,F,L,A,MYSE
151.909,8443,6/3/2015,5/30/2015,13:02:54,7,32.6,AH0,116,36.1807608,Day,F,L,A,MYSE
151.909,8443,6/3/2015,5/29/2015,13:02:55,7,32.1,AH0,220,35.5877213,Day,F,L,A,MYSE
151.909,8443,6/3/2015,5/30/2015,13:02:56,7,32.6,AH0,122,36.1807608,Day,F,L,A,MYSE
151.909,8443,6/3/2015,5/29/2015,13:02:57,7,32.1,AH0,219,35.5877213,Day,F,L,A,MYSE
151.909,8443,6/3/2015,5/30/2015,13:02:58,7,32.6,AH0,118,36.1807608,Day,F,L,A,MYSE
151.909,8443,6/3/2015,5/30/2015,13:03:11,7,32.6,AH0,117,36.1807608,Day,F,L,A,MYSE
151.909,8443,6/3/2015,5/29/2015,13:03:12,7,32.1,AH0,223,35.5877213,Day,F,L,A,MYSE
151.909,8443,6/3/2015,5/30/2015,13:03:12,7,32.6,AH0,111,36.1807608,Day,F,L,A,MYSE
151.909,8443,6/3/2015,5/29/2015,13:03:14,7,32.1,AH0,221,35.5877213,Day,F,L,A,MYSE
151.909,8443,6/3/2015,5/30/2015,13:03:14,7,32.6,AH0,114,36.1807608,Day,F,L,A,MYSE
151.909,8443,6/3/2015,5/29/2015,13:03:16,7,32.1,AH0,222,35.5877213,Day,F,L,A,MYSE
151.909,8443,6/3/2015,5/30/2015,13:03:16,7,32.6,AH0,111,36.1807608,Day,F,L,A,MYSE
151.909,8443,6/3/2015,5/29/2015,13:03:18,7,32.1,AH0,221,35.5877213,Day,F,L,A,MYSE
151.909,8443,6/3/2015,5/30/2015,13:03:18,7,32.6,AH0,117,36.1807608,Day,F,L,A,MYSE
151.909,8443,6/3/2015,5/29/2015,13:03:31,7,32.1,AH0,220,35.5877213,Day,F,L,A,MYSE
151.909,8443,6/3/2015,5/30/2015,13:03:31,7,32.6,AH0,113,36.1807608,Day,F,L,A,MYSE
151.909,8443,6/3/2015,5/29/2015,13:03:33,7,32.1,AH0,219,35.5877213,Day,F,L,A,MYSE
151.909,8443,6/3/2015,5/30/2015,13:03:33,7,32.6,AH0,114,36.1807608,Day,F,L,A,MYSE
151.909,8443,6/3/2015,5/29/2015,13:03:34,7,32.1,AH0,217,35.5877213,Day,F,L,A,MYSE
151.909,8443,6/3/2015,5/30/2015,13:03:35,7,32.6,AH0,116,36.1807608,Day,F,L,A,MYSE
151.909,8443,6/3/2015,5/29/2015,13:03:36,7,32.1,AH0,220,35.5877213,Day,F,L,A,MYSE
151.909,8443,6/3/2015,5/30/2015,13:03:36,7,32.6,AH0,115,36.1807608,Day,F,L,A,MYSE
151.909,8443,6/3/2015,5/29/2015,13:03:38,7,32.1,AH0,220,35.5877213,Day,F,L,A,MYSE
151.909,8443,6/3/2015,5/29/2015,13:03:51,7,32,AH0,219,35.4624,Day,F,L,A,MYSE
151.909,8443,6/3/2015,5/30/2015,13:03:51,7,32.6,AH0,125,36.1807608,Day,F,L,A,MYSE
151.909,8443,6/3/2015,5/29/2015,13:03:53,7,32,AH0,221,35.4624,Day,F,L,A,MYSE
151.909,8443,6/3/2015,5/30/2015,13:03:53,7,32.6,AH0,127,36.1807608,Day,F,L,A,MYSE
151.909,8443,6/3/2015,5/29/2015,13:03:55,7,32,AH0,219,35.4624,Day,F,L,A,MYSE
151.909,8443,6/3/2015,5/30/2015,13:03:55,7,32.6,AH0,130,36.1807608,Day,F,L,A,MYSE
151.909,8443,6/3/2015,5/29/2015,13:03:57,7,32,AH0,222,35.4624,Day,F,L,A,MYSE
151.909,8443,6/3/2015,5/30/2015,13:03:57,7,32.6,AH0,128,36.1807608,Day,F,L,A,MYSE
151.909,8443,6/3/2015,5/30/2015,13:04:11,7,32.6,AH0,129,36.1807608,Day,F,L,A,MYSE
151.909,8443,6/3/2015,5/29/2015,13:04:12,7,32,AH0,220,35.4624,Day,F,L,A,MYSE
151.909,8443,6/3/2015,5/30/2015,13:04:13,7,32.6,AH0,129,36.1807608,Day,F,L,A,MYSE
151.909,8443,6/3/2015,5/29/2015,13:04:14,7,32.1,AH0,223,35.5877213,Day,F,L,A,MYSE
151.909,8443,6/3/2015,5/30/2015,13:04:15,7,32.6,AH0,128,36.1807608,Day,F,L,A,MYSE
151.909,8443,6/3/2015,5/29/2015,13:04:16,7,32.1,AH0,223,35.5877213,Day,F,L,A,MYSE
151.909,8443,6/3/2015,5/30/2015,13:04:17,7,32.6,AH0,122,36.1807608,Day,F,L,A,MYSE
151.909,8443,6/3/2015,5/29/2015,13:04:18,7,32.1,AH0,220,35.5877213,Day,F,L,A,MYSE
151.909,8443,6/3/2015,5/29/2015,13:04:31,7,32.2,AH0,222,35.7107784,Day,F,L,A,MYSE
151.909,8443,6/3/2015,5/30/2015,13:04:32,7,32.7,AH0,125,36.2927939,Day,F,L,A,MYSE
151.909,8443,6/3/2015,5/29/2015,13:04:33,7,32.2,AH0,223,35.7107784,Day,F,L,A,MYSE
151.909,8443,6/3/2015,5/30/2015,13:04:33,7,32.7,AH0,131,36.2927939,Day,F,L,A,MYSE
151.909,8443,6/3/2015,5/29/2015,13:04:34,7,32.2,AH0,223,35.7107784,Day,F,L,A,MYSE
151.909,8443,6/3/2015,5/30/2015,13:04:35,7,32.7,AH0,132,36.2927939,Day,F,L,A,MYSE
151.909,8443,6/3/2015,5/29/2015,13:04:36,7,32.2,AH0,224,35.7107784,Day,F,L,A,MYSE
151.909,8443,6/3/2015,5/30/2015,13:04:37,7,32.7,AH0,124,36.2927939,Day,F,L,A,MYSE
151.909,8443,6/3/2015,5/29/2015,13:04:38,7,32.2,AH0,221,35.7107784,Day,F,L,A,MYSE
151.909,8443,6/3/2015,5/29/2015,13:04:51,7,32.3,AH0,222,35.8315911,Day,F,L,A,MYSE
151.909,8443,6/3/2015,5/30/2015,13:04:52,7,32.7,AH0,129,36.2927939,Day,F,L,A,MYSE
151.909,8443,6/3/2015,5/29/2015,13:04:53,7,32.3,AH0,222,35.8315911,Day,F,L,A,MYSE
151.909,8443,6/3/2015,5/30/2015,13:04:54,7,32.7,AH0,127,36.2927939,Day,F,L,A,MYSE
151.909,8443,6/3/2015,5/29/2015,13:04:55,7,32.3,AH0,223,35.8315911,Day,F,L,A,MYSE
151.909,8443,6/3/2015,5/30/2015,13:04:55,7,32.7,AH0,125,36.2927939,Day,F,L,A,MYSE
151.909,8443,6/3/2015,5/29/2015,13:04:57,7,32.3,AH0,224,35.8315911,Day,F,L,A,MYSE
151.909,8443,6/3/2015,5/30/2015,13:04:57,7,32.7,AH0,131,36.2927939,Day,F,L,A,MYSE
151.909,8443,6/3/2015,5/29/2015,13:04:59,7,32.3,AH0,225,35.8315911,Day,F,L,A,MYSE
151.909,8443,6/3/2015,5/30/2015,13:05:10,7,32.7,AH0,126,36.2927939,Day,F,L,A,MYSE
151.909,8443,6/3/2015,5/29/2015,13:05:12,7,32.3,AH0,223,35.8315911,Day,F,L,A,MYSE
151.909,8443,6/3/2015,5/30/2015,13:05:12,7,32.7,AH0,125,36.2927939,Day,F,L,A,MYSE
151.909,8443,6/3/2015,5/29/2015,13:05:13,7,32.4,AH0,224,35.9501792,Day,F,L,A,MYSE
151.909,8443,6/3/2015,5/30/2015,13:05:14,7,32.7,AH0,124,36.2927939,Day,F,L,A,MYSE
151.909,8443,6/3/2015,5/29/2015,13:05:15,7,32.4,AH0,222,35.9501792,Day,F,L,A,MYSE
151.909,8443,6/3/2015,5/30/2015,13:05:16,7,32.7,AH0,126,36.2927939,Day,F,L,A,MYSE
151.909,8443,6/3/2015,5/29/2015,13:05:17,7,32.4,AH0,222,35.9501792,Day,F,L,A,MYSE
151.909,8443,6/3/2015,5/30/2015,13:05:17,7,32.7,AH0,126,36.2927939,Day,F,L,A,MYSE
151.909,8443,6/3/2015,5/30/2015,13:05:30,7,32.8,AH0,127,36.4026816,Day,F,L,A,MYSE
151.909,8443,6/3/2015,5/29/2015,13:05:32,7,32.4,AH0,224,35.9501792,Day,F,L,A,MYSE
151.909,8443,6/3/2015,5/30/2015,13:05:32,7,32.8,AH0,126,36.4026816,Day,F,L,A,MYSE
151.909,8443,6/3/2015,5/29/2015,13:05:34,7,32.4,AH0,223,35.9501792,Day,F,L,A,MYSE
151.909,8443,6/3/2015,5/30/2015,13:05:34,7,32.7,AH0,125,36.2927939,Day,F,L,A,MYSE
151.909,8443,6/3/2015,5/29/2015,13:05:36,7,32.4,AH0,223,35.9501792,Day,F,L,A,MYSE
151.909,8443,6/3/2015,5/30/2015,13:05:36,7,32.8,AH0,122,36.4026816,Day,F,L,A,MYSE
151.909,8443,6/3/2015,5/29/2015,13:05:37,7,32.5,AH0,222,36.0665625,Day,F,L,A,MYSE
151.909,8443,6/3/2015,5/30/2015,13:05:38,7,32.8,AH0,124,36.4026816,Day,F,L,A,MYSE
151.909,8443,6/3/2015,5/30/2015,13:05:50,7,32.7,AH0,128,36.2927939,Day,F,L,A,MYSE
151.909,8443,6/3/2015,5/29/2015,13:05:52,7,32.5,AH0,224,36.0665625,Day,F,L,A,MYSE
151.909,8443,6/3/2015,5/30/2015,13:05:52,7,32.7,AH0,125,36.2927939,Day,F,L,A,MYSE
151.909,8443,6/3/2015,5/29/2015,13:05:54,7,32.5,AH0,222,36.0665625,Day,F,L,A,MYSE
151.909,8443,6/3/2015,5/30/2015,13:05:54,7,32.7,AH0,122,36.2927939,Day,F,L,A,MYSE
151.909,8443,6/3/2015,5/29/2015,13:05:56,7,32.5,AH0,221,36.0665625,Day,F,L,A,MYSE
151.909,8443,6/3/2015,5/30/2015,13:05:56,7,32.7,AH0,119,36.2927939,Day,F,L,A,MYSE
151.909,8443,6/3/2015,5/29/2015,13:05:58,7,32.5,AH0,223,36.0665625,Day,F,L,A,MYSE
151.909,8443,6/3/2015,5/30/2015,13:05:58,7,32.8,AH0,121,36.4026816,Day,F,L,A,MYSE
151.909,8443,6/3/2015,5/29/2015,13:06:11,7,32.6,AH0,221,36.1807608,Day,F,L,A,MYSE
151.909,8443,6/3/2015,5/30/2015,13:06:11,7,32.8,AH0,128,36.4026816,Day,F,L,A,MYSE
151.909,8443,6/3/2015,5/30/2015,13:06:12,7,32.8,AH0,125,36.4026816,Day,F,L,A,MYSE
151.909,8443,6/3/2015,5/29/2015,13:06:13,7,32.6,AH0,221,36.1807608,Day,F,L,A,MYSE
151.909,8443,6/3/2015,5/29/2015,13:06:14,7,32.6,AH0,220,36.1807608,Day,F,L,A,MYSE
151.909,8443,6/3/2015,5/30/2015,13:06:14,7,32.8,AH0,128,36.4026816,Day,F,L,A,MYSE
151.909,8443,6/3/2015,5/29/2015,13:06:16,7,32.6,AH0,221,36.1807608,Day,F,L,A,MYSE
151.909,8443,6/3/2015,5/30/2015,13:06:16,7,32.8,AH0,133,36.4026816,Day,F,L,A,MYSE
151.909,8443,6/3/2015,5/29/2015,13:06:18,7,32.6,AH0,222,36.1807608,Day,F,L,A,MYSE
151.909,8443,6/3/2015,5/30/2015,13:06:18,7,32.8,AH0,131,36.4026816,Day,F,L,A,MYSE
151.909,8443,6/3/2015,5/29/2015,13:06:31,7,32.6,AH0,219,36.1807608,Day,F,L,A,MYSE
151.909,8443,6/3/2015,5/30/2015,13:06:31,7,32.9,AH0,131,36.5104437,Day,F,L,A,MYSE
151.909,8443,6/3/2015,5/29/2015,13:06:33,7,32.6,AH0,222,36.1807608,Day,F,L,A,MYSE
151.909,8443,6/3/2015,5/30/2015,13:06:33,7,32.9,AH0,131,36.5104437,Day,F,L,A,MYSE
151.909,8443,6/3/2015,5/30/2015,13:06:34,7,32.9,AH0,133,36.5104437,Day,F,L,A,MYSE
151.909,8443,6/3/2015,5/29/2015,13:06:35,7,32.6,AH0,221,36.1807608,Day,F,L,A,MYSE
151.909,8443,6/3/2015,5/30/2015,13:06:36,7,32.9,AH0,132,36.5104437,Day,F,L,A,MYSE
151.909,8443,6/3/2015,5/29/2015,13:06:37,7,32.6,AH0,222,36.1807608,Day,F,L,A,MYSE
151.909,8443,6/3/2015,5/29/2015,13:06:38,7,32.6,AH0,221,36.1807608,Day,F,L,A,MYSE
151.909,8443,6/3/2015,5/30/2015,13:06:38,7,32.9,AH0,131,36.5104437,Day,F,L,A,MYSE
151.909,8443,6/3/2015,5/29/2015,13:06:51,7,32.6,AH0,221,36.1807608,Day,F,L,A,MYSE
151.909,8443,6/3/2015,5/30/2015,13:06:51,7,32.9,AH0,131,36.5104437,Day,F,L,A,MYSE
151.909,8443,6/3/2015,5/29/2015,13:06:53,7,32.6,AH0,219,36.1807608,Day,F,L,A,MYSE
151.909,8443,6/3/2015,5/30/2015,13:06:53,7,32.9,AH0,132,36.5104437,Day,F,L,A,MYSE
151.909,8443,6/3/2015,5/30/2015,13:06:54,7,32.9,AH0,130,36.5104437,Day,F,L,A,MYSE
151.909,8443,6/3/2015,5/29/2015,13:06:55,7,32.6,AH0,221,36.1807608,Day,F,L,A,MYSE
151.909,8443,6/3/2015,5/30/2015,13:06:56,7,32.9,AH0,135,36.5104437,Day,F,L,A,MYSE
151.909,8443,6/3/2015,5/29/2015,13:06:57,7,32.6,AH0,223,36.1807608,Day,F,L,A,MYSE
151.909,8443,6/3/2015,5/30/2015,13:06:58,7,32.9,AH0,135,36.5104437,Day,F,L,A,MYSE
151.909,8443,6/3/2015,5/29/2015,13:06:59,7,32.5,AH0,223,36.0665625,Day,F,L,A,MYSE
151.909,8443,6/3/2015,5/30/2015,13:07:11,7,32.9,AH0,128,36.5104437,Day,F,L,A,MYSE
151.909,8443,6/3/2015,5/29/2015,13:07:12,7,32.5,AH0,221,36.0665625,Day,F,L,A,MYSE
151.909,8443,6/3/2015,5/29/2015,13:07:13,7,32.5,AH0,218,36.0665625,Day,F,L,A,MYSE
151.909,8443,6/3/2015,5/30/2015,13:07:13,7,32.9,AH0,127,36.5104437,Day,F,L,A,MYSE
151.909,8443,6/3/2015,5/30/2015,13:07:14,7,32.9,AH0,124,36.5104437,Day,F,L,A,MYSE
151.909,8443,6/3/2015,5/29/2015,13:07:15,7,32.5,AH0,221,36.0665625,Day,F,L,A,MYSE
151.909,8443,6/3/2015,5/30/2015,13:07:16,7,32.9,AH0,123,36.5104437,Day,F,L,A,MYSE
151.909,8443,6/3/2015,5/29/2015,13:07:17,7,32.5,AH0,223,36.0665625,Day,F,L,A,MYSE
151.909,8443,6/3/2015,5/30/2015,13:07:31,7,32.9,AH0,127,36.5104437,Day,F,L,A,MYSE
151.909,8443,6/3/2015,5/29/2015,13:07:32,7,32.5,AH0,223,36.0665625,Day,F,L,A,MYSE
151.909,8443,6/3/2015,5/30/2015,13:07:33,7,32.9,AH0,129,36.5104437,Day,F,L,A,MYSE
151.909,8443,6/3/2015,5/29/2015,13:07:34,7,32.5,AH0,219,36.0665625,Day,F,L,A,MYSE
151.909,8443,6/3/2015,5/30/2015,13:07:35,7,32.9,AH0,126,36.5104437,Day,F,L,A,MYSE
151.909,8443,6/3/2015,5/29/2015,13:07:36,7,32.5,AH0,222,36.0665625,Day,F,L,A,MYSE
151.909,8443,6/3/2015,5/30/2015,13:07:36,7,32.9,AH0,128,36.5104437,Day,F,L,A,MYSE
151.909,8443,6/3/2015,5/29/2015,13:07:37,7,32.5,AH0,221,36.0665625,Day,F,L,A,MYSE
151.909,8443,6/3/2015,5/30/2015,13:07:51,7,32.9,AH0,129,36.5104437,Day,F,L,A,MYSE
151.909,8443,6/3/2015,5/29/2015,13:07:52,7,32.5,AH0,221,36.0665625,Day,F,L,A,MYSE
151.909,8443,6/3/2015,5/30/2015,13:07:53,7,32.9,AH0,127,36.5104437,Day,F,L,A,MYSE
151.909,8443,6/3/2015,5/29/2015,13:07:54,7,32.5,AH0,218,36.0665625,Day,F,L,A,MYSE
151.909,8443,6/3/2015,5/30/2015,13:07:55,7,32.9,AH0,131,36.5104437,Day,F,L,A,MYSE
151.909,8443,6/3/2015,5/29/2015,13:07:56,7,32.5,AH0,221,36.0665625,Day,F,L,A,MYSE
151.909,8443,6/3/2015,5/30/2015,13:07:56,7,32.9,AH0,124,36.5104437,Day,F,L,A,MYSE
151.909,8443,6/3/2015,5/29/2015,13:07:58,7,32.5,AH0,222,36.0665625,Day,F,L,A,MYSE
151.909,8443,6/3/2015,5/29/2015,13:08:11,7,32.5,AH0,218,36.0665625,Day,F,L,A,MYSE
151.909,8443,6/3/2015,5/30/2015,13:08:11,7,33,AH0,133,36.6161,Day,F,L,A,MYSE
151.909,8443,6/3/2015,5/29/2015,13:08:12,7,32.5,AH0,222,36.0665625,Day,F,L,A,MYSE
151.909,8443,6/3/2015,5/30/2015,13:08:13,7,33,AH0,128,36.6161,Day,F,L,A,MYSE
151.909,8443,6/3/2015,5/29/2015,13:08:14,7,32.5,AH0,219,36.0665625,Day,F,L,A,MYSE
151.909,8443,6/3/2015,5/30/2015,13:08:15,7,33,AH0,125,36.6161,Day,F,L,A,MYSE
151.909,8443,6/3/2015,5/29/2015,13:08:16,7,32.5,AH0,221,36.0665625,Day,F,L,A,MYSE
151.909,8443,6/3/2015,5/30/2015,13:08:16,7,33,AH0,126,36.6161,Day,F,L,A,MYSE
151.909,8443,6/3/2015,5/29/2015,13:08:18,7,32.5,AH0,218,36.0665625,Day,F,L,A,MYSE
151.909,8443,6/3/2015,5/29/2015,13:08:31,7,32.6,AH0,225,36.1807608,Day,F,L,A,MYSE
151.909,8443,6/3/2015,5/30/2015,13:08:31,7,33.1,AH0,118,36.7196703,Day,F,L,A,MYSE
151.909,8443,6/3/2015,5/29/2015,13:08:33,7,32.6,AH0,224,36.1807608,Day,F,L,A,MYSE
151.909,8443,6/3/2015,5/30/2015,13:08:33,7,33.1,AH0,119,36.7196703,Day,F,L,A,MYSE
151.909,8443,6/3/2015,5/29/2015,13:08:35,7,32.6,AH0,222,36.1807608,Day,F,L,A,MYSE
151.909,8443,6/3/2015,5/30/2015,13:08:35,7,33.1,AH0,115,36.7196703,Day,F,L,A,MYSE
151.909,8443,6/3/2015,5/29/2015,13:08:36,7,32.6,AH0,221,36.1807608,Day,F,L,A,MYSE
151.909,8443,6/3/2015,5/30/2015,13:08:36,7,33.1,AH0,124,36.7196703,Day,F,L,A,MYSE
151.909,8443,6/3/2015,5/29/2015,13:08:38,7,32.5,AH0,219,36.0665625,Day,F,L,A,MYSE
151.909,8443,6/3/2015,5/29/2015,13:08:51,7,32.5,AH0,223,36.0665625,Day,F,L,A,MYSE
151.909,8443,6/3/2015,5/30/2015,13:08:51,7,33.1,AH0,124,36.7196703,Day,F,L,A,MYSE
151.909,8443,6/3/2015,5/29/2015,13:08:53,7,32.5,AH0,224,36.0665625,Day,F,L,A,MYSE
151.909,8443,6/3/2015,5/30/2015,13:08:53,7,33.1,AH0,124,36.7196703,Day,F,L,A,MYSE
151.909,8443,6/3/2015,5/29/2015,13:08:55,7,32.6,AH0,224,36.1807608,Day,F,L,A,MYSE
151.909,8443,6/3/2015,5/30/2015,13:08:55,7,33.1,AH0,121,36.7196703,Day,F,L,A,MYSE
151.909,8443,6/3/2015,5/30/2015,13:08:56,7,33.1,AH0,120,36.7196703,Day,F,L,A,MYSE
151.909,8443,6/3/2015,5/29/2015,13:08:57,7,32.6,AH0,224,36.1807608,Day,F,L,A,MYSE
151.909,8443,6/3/2015,5/29/2015,13:08:59,7,32.6,AH0,222,36.1807608,Day,F,L,A,MYSE
151.909,8443,6/3/2015,5/30/2015,13:09:11,7,33.1,AH0,121,36.7196703,Day,F,L,A,MYSE
151.909,8443,6/3/2015,5/29/2015,13:09:12,7,32.6,AH0,223,36.1807608,Day,F,L,A,MYSE
151.909,8443,6/3/2015,5/29/2015,13:09:13,7,32.6,AH0,222,36.1807608,Day,F,L,A,MYSE
151.909,8443,6/3/2015,5/30/2015,13:09:13,7,33.1,AH0,121,36.7196703,Day,F,L,A,MYSE
151.909,8443,6/3/2015,5/30/2015,13:09:14,7,33.1,AH0,122,36.7196703,Day,F,L,A,MYSE
151.909,8443,6/3/2015,5/29/2015,13:09:15,7,32.6,AH0,221,36.1807608,Day,F,L,A,MYSE
151.909,8443,6/3/2015,5/30/2015,13:09:16,7,33.1,AH0,121,36.7196703,Day,F,L,A,MYSE
151.909,8443,6/3/2015,5/29/2015,13:09:17,7,32.6,AH0,225,36.1807608,Day,F,L,A,MYSE
151.909,8443,6/3/2015,5/30/2015,13:09:31,7,33.1,AH0,122,36.7196703,Day,F,L,A,MYSE
151.909,8443,6/3/2015,5/29/2015,13:09:32,7,32.6,AH0,224,36.1807608,Day,F,L,A,MYSE
151.909,8443,6/3/2015,5/30/2015,13:09:33,7,33.1,AH0,119,36.7196703,Day,F,L,A,MYSE
151.909,8443,6/3/2015,5/29/2015,13:09:34,7,32.6,AH0,222,36.1807608,Day,F,L,A,MYSE
151.909,8443,6/3/2015,5/30/2015,13:09:34,7,33.1,AH0,120,36.7196703,Day,F,L,A,MYSE
151.909,8443,6/3/2015,5/29/2015,13:09:35,7,32.6,AH0,223,36.1807608,Day,F,L,A,MYSE
151.909,8443,6/3/2015,5/30/2015,13:09:36,7,33.1,AH0,129,36.7196703,Day,F,L,A,MYSE
151.909,8443,6/3/2015,5/29/2015,13:09:37,7,32.6,AH0,224,36.1807608,Day,F,L,A,MYSE
151.909,8443,6/3/2015,5/30/2015,13:09:38,7,33.1,AH0,130,36.7196703,Day,F,L,A,MYSE
151.909,8443,6/3/2015,5/30/2015,13:09:51,7,33.1,AH0,124,36.7196703,Day,F,L,A,MYSE
151.909,8443,6/3/2015,5/29/2015,13:09:52,7,32.6,AH0,221,36.1807608,Day,F,L,A,MYSE
151.909,8443,6/3/2015,5/30/2015,13:09:53,7,33.1,AH0,122,36.7196703,Day,F,L,A,MYSE
151.909,8443,6/3/2015,5/29/2015,13:09:54,7,32.6,AH0,220,36.1807608,Day,F,L,A,MYSE
151.909,8443,6/3/2015,5/30/2015,13:09:54,7,33.1,AH0,125,36.7196703,Day,F,L,A,MYSE
151.909,8443,6/3/2015,5/29/2015,13:09:56,7,32.6,AH0,221,36.1807608,Day,F,L,A,MYSE
151.909,8443,6/3/2015,5/30/2015,13:09:56,7,33.1,AH0,122,36.7196703,Day,F,L,A,MYSE
151.909,8443,6/3/2015,5/29/2015,13:09:58,7,32.6,AH0,220,36.1807608,Day,F,L,A,MYSE
151.909,8443,6/3/2015,5/30/2015,13:09:58,7,33.1,AH0,120,36.7196703,Day,F,L,A,MYSE
151.909,8443,6/3/2015,5/30/2015,13:10:11,7,33.1,AH0,127,36.7196703,Day,F,L,A,MYSE
151.909,8443,6/3/2015,5/29/2015,13:10:12,7,32.6,AH0,220,36.1807608,Day,F,L,A,MYSE
151.909,8443,6/3/2015,5/30/2015,13:10:12,7,33.1,AH0,128,36.7196703,Day,F,L,A,MYSE
151.909,8443,6/3/2015,5/29/2015,13:10:14,7,32.6,AH0,219,36.1807608,Day,F,L,A,MYSE
151.909,8443,6/3/2015,5/30/2015,13:10:14,7,33.1,AH0,131,36.7196703,Day,F,L,A,MYSE
151.909,8443,6/3/2015,5/29/2015,13:10:16,7,32.6,AH0,222,36.1807608,Day,F,L,A,MYSE
151.909,8443,6/3/2015,5/30/2015,13:10:16,7,33.1,AH0,128,36.7196703,Day,F,L,A,MYSE
151.909,8443,6/3/2015,5/29/2015,13:10:18,7,32.6,AH0,217,36.1807608,Day,F,L,A,MYSE
151.909,8443,6/3/2015,5/30/2015,13:10:18,7,33.1,AH0,126,36.7196703,Day,F,L,A,MYSE
151.909,8443,6/3/2015,5/29/2015,13:10:31,7,32.6,AH0,215,36.1807608,Day,F,L,A,MYSE
151.909,8443,6/3/2015,5/30/2015,13:10:31,7,33,AH0,121,36.6161,Day,F,L,A,MYSE
151.909,8443,6/3/2015,5/30/2015,13:10:32,7,33,AH0,126,36.6161,Day,F,L,A,MYSE
151.909,8443,6/3/2015,5/29/2015,13:10:33,7,32.6,AH0,216,36.1807608,Day,F,L,A,MYSE
151.909,8443,6/3/2015,5/29/2015,13:10:34,7,32.6,AH0,221,36.1807608,Day,F,L,A,MYSE
151.909,8443,6/3/2015,5/30/2015,13:10:34,7,33,AH0,126,36.6161,Day,F,L,A,MYSE
151.909,8443,6/3/2015,5/29/2015,13:10:36,7,32.6,AH0,217,36.1807608,Day,F,L,A,MYSE
151.909,8443,6/3/2015,5/30/2015,13:10:36,7,33,AH0,125,36.6161,Day,F,L,A,MYSE
151.909,8443,6/3/2015,5/29/2015,13:10:38,7,32.6,AH0,216,36.1807608,Day,F,L,A,MYSE
151.909,8443,6/3/2015,5/30/2015,13:10:38,7,33,AH0,123,36.6161,Day,F,L,A,MYSE
151.909,8443,6/3/2015,5/29/2015,13:10:51,7,32.6,AH0,219,36.1807608,Day,F,L,A,MYSE
151.909,8443,6/3/2015,5/30/2015,13:10:51,7,33,AH0,123,36.6161,Day,F,L,A,MYSE
151.909,8443,6/3/2015,5/30/2015,13:10:52,7,33,AH0,119,36.6161,Day,F,L,A,MYSE
151.909,8443,6/3/2015,5/29/2015,13:10:53,7,32.6,AH0,216,36.1807608,Day,F,L,A,MYSE
151.909,8443,6/3/2015,5/30/2015,13:10:54,7,33,AH0,120,36.6161,Day,F,L,A,MYSE
151.909,8443,6/3/2015,5/29/2015,13:10:55,7,32.6,AH0,218,36.1807608,Day,F,L,A,MYSE
151.909,8443,6/3/2015,5/29/2015,13:10:56,7,32.6,AH0,217,36.1807608,Day,F,L,A,MYSE
151.909,8443,6/3/2015,5/30/2015,13:10:56,7,33,AH0,123,36.6161,Day,F,L,A,MYSE
151.909,8443,6/3/2015,5/29/2015,13:10:58,7,32.6,AH0,215,36.1807608,Day,F,L,A,MYSE
151.909,8443,6/3/2015,5/30/2015,13:10:58,7,32.9,AH0,121,36.5104437,Day,F,L,A,MYSE
151.909,8443,6/3/2015,5/29/2015,13:11:11,7,32.6,AH0,218,36.1807608,Day,F,L,A,MYSE
151.909,8443,6/3/2015,5/30/2015,13:11:11,7,32.9,AH0,121,36.5104437,Day,F,L,A,MYSE
151.909,8443,6/3/2015,5/29/2015,13:11:13,7,32.5,AH0,216,36.0665625,Day,F,L,A,MYSE
151.909,8443,6/3/2015,5/30/2015,13:11:13,7,32.8,AH0,120,36.4026816,Day,F,L,A,MYSE
151.909,8443,6/3/2015,5/30/2015,13:11:14,7,32.8,AH0,122,36.4026816,Day,F,L,A,MYSE
151.909,8443,6/3/2015,5/29/2015,13:11:15,7,32.5,AH0,217,36.0665625,Day,F,L,A,MYSE
151.909,8443,6/3/2015,5/30/2015,13:11:16,7,32.8,AH0,122,36.4026816,Day,F,L,A,MYSE
151.909,8443,6/3/2015,5/29/2015,13:11:17,7,32.5,AH0,217,36.0665625,Day,F,L,A,MYSE
151.909,8443,6/3/2015,5/30/2015,13:11:18,7,32.8,AH0,123,36.4026816,Day,F,L,A,MYSE
151.909,8443,6/3/2015,5/29/2015,13:11:19,7,32.5,AH0,219,36.0665625,Day,F,L,A,MYSE
151.909,8443,6/3/2015,5/29/2015,13:11:31,7,32.5,AH0,216,36.0665625,Day,F,L,A,MYSE
151.909,8443,6/3/2015,5/30/2015,13:11:31,7,32.7,AH0,124,36.2927939,Day,F,L,A,MYSE
151.909,8443,6/3/2015,5/29/2015,13:11:33,7,32.5,AH0,218,36.0665625,Day,F,L,A,MYSE
151.909,8443,6/3/2015,5/30/2015,13:11:33,7,32.8,AH0,120,36.4026816,Day,F,L,A,MYSE
151.909,8443,6/3/2015,5/29/2015,13:11:35,7,32.5,AH0,215,36.0665625,Day,F,L,A,MYSE
151.909,8443,6/3/2015,5/30/2015,13:11:35,7,32.7,AH0,127,36.2927939,Day,F,L,A,MYSE
151.909,8443,6/3/2015,5/30/2015,13:11:36,7,32.7,AH0,122,36.2927939,Day,F,L,A,MYSE
151.909,8443,6/3/2015,5/29/2015,13:11:37,7,32.4,AH0,218,35.9501792,Day,F,L,A,MYSE
151.909,8443,6/3/2015,5/30/2015,13:11:51,7,32.7,AH0,123,36.2927939,Day,F,L,A,MYSE
151.909,8443,6/3/2015,5/29/2015,13:11:52,7,32.4,AH0,219,35.9501792,Day,F,L,A,MYSE
151.909,8443,6/3/2015,5/30/2015,13:11:53,7,32.8,AH0,125,36.4026816,Day,F,L,A,MYSE
151.909,8443,6/3/2015,5/29/2015,13:11:54,7,32.4,AH0,219,35.9501792,Day,F,L,A,MYSE
151.909,8443,6/3/2015,5/30/2015,13:11:55,7,32.8,AH0,122,36.4026816,Day,F,L,A,MYSE
151.909,8443,6/3/2015,5/29/2015,13:11:56,7,32.4,AH0,219,35.9501792,Day,F,L,A,MYSE
151.909,8443,6/3/2015,5/29/2015,13:11:57,7,32.4,AH0,222,35.9501792,Day,F,L,A,MYSE
151.909,8443,6/3/2015,5/30/2015,13:11:57,7,32.8,AH0,122,36.4026816,Day,F,L,A,MYSE
151.909,8443,6/3/2015,5/30/2015,13:12:11,7,32.8,AH0,122,36.4026816,Day,F,L,A,MYSE
151.909,8443,6/3/2015,5/29/2015,13:12:12,7,32.4,AH0,219,35.9501792,Day,F,L,A,MYSE
151.909,8443,6/3/2015,5/30/2015,13:12:13,7,32.8,AH0,123,36.4026816,Day,F,L,A,MYSE
151.909,8443,6/3/2015,5/29/2015,13:12:14,7,32.4,AH0,214,35.9501792,Day,F,L,A,MYSE
151.909,8443,6/3/2015,5/30/2015,13:12:15,7,32.8,AH0,111,36.4026816,Day,F,L,A,MYSE
151.909,8443,6/3/2015,5/29/2015,13:12:16,7,32.4,AH0,215,35.9501792,Day,F,L,A,MYSE
151.909,8443,6/3/2015,5/30/2015,13:12:17,7,32.8,AH0,114,36.4026816,Day,F,L,A,MYSE
151.909,8443,6/3/2015,5/29/2015,13:12:18,7,32.4,AH0,218,35.9501792,Day,F,L,A,MYSE
151.909,8443,6/3/2015,5/29/2015,13:12:31,7,32.4,AH0,215,35.9501792,Day,F,L,A,MYSE
151.909,8443,6/3/2015,5/30/2015,13:12:31,7,33,AH0,104,36.6161,Day,F,L,A,MYSE
151.909,8443,6/3/2015,5/29/2015,13:12:33,7,32.4,AH0,215,35.9501792,Day,F,L,A,MYSE
151.909,8443,6/3/2015,5/30/2015,13:12:33,7,33,AH0,111,36.6161,Day,F,L,A,MYSE
151.909,8443,6/3/2015,5/29/2015,13:12:34,7,32.4,AH0,216,35.9501792,Day,F,L,A,MYSE
151.909,8443,6/3/2015,5/30/2015,13:12:35,7,33,AH0,109,36.6161,Day,F,L,A,MYSE
151.909,8443,6/3/2015,5/29/2015,13:12:36,7,32.4,AH0,217,35.9501792,Day,F,L,A,MYSE
151.909,8443,6/3/2015,5/30/2015,13:12:37,7,33,AH0,116,36.6161,Day,F,L,A,MYSE
151.909,8443,6/3/2015,5/29/2015,13:12:38,7,32.4,AH0,220,35.9501792,Day,F,L,A,MYSE
151.909,8443,6/3/2015,5/29/2015,13:12:51,7,32.3,AH0,219,35.8315911,Day,F,L,A,MYSE
151.909,8443,6/3/2015,5/30/2015,13:12:51,7,33.1,AH0,113,36.7196703,Day,F,L,A,MYSE
151.909,8443,6/3/2015,5/29/2015,13:12:53,7,32.4,AH0,218,35.9501792,Day,F,L,A,MYSE
151.909,8443,6/3/2015,5/30/2015,13:12:53,7,33.1,AH0,116,36.7196703,Day,F,L,A,MYSE
151.909,8443,6/3/2015,5/29/2015,13:12:55,7,32.3,AH0,218,35.8315911,Day,F,L,A,MYSE
151.909,8443,6/3/2015,5/30/2015,13:12:55,7,33.1,AH0,113,36.7196703,Day,F,L,A,MYSE
151.909,8443,6/3/2015,5/29/2015,13:12:57,7,32.3,AH0,215,35.8315911,Day,F,L,A,MYSE
151.909,8443,6/3/2015,5/30/2015,13:12:57,7,33.1,AH0,120,36.7196703,Day,F,L,A,MYSE
151.909,8443,6/3/2015,5/29/2015,13:12:59,7,32.3,AH0,218,35.8315911,Day,F,L,A,MYSE
151.909,8443,6/3/2015,5/30/2015,13:13:11,7,33.1,AH0,109,36.7196703,Day,F,L,A,MYSE
151.909,8443,6/3/2015,5/29/2015,13:13:12,7,32.2,AH0,220,35.7107784,Day,F,L,A,MYSE
151.909,8443,6/3/2015,5/29/2015,13:13:13,7,32.2,AH0,221,35.7107784,Day,F,L,A,MYSE
151.909,8443,6/3/2015,5/30/2015,13:13:13,7,33.2,AH0,114,36.8211744,Day,F,L,A,MYSE
151.909,8443,6/3/2015,5/29/2015,13:13:15,7,32.2,AH0,220,35.7107784,Day,F,L,A,MYSE
151.909,8443,6/3/2015,5/30/2015,13:13:15,7,33.1,AH0,115,36.7196703,Day,F,L,A,MYSE
151.909,8443,6/3/2015,5/29/2015,13:13:17,7,32.2,AH0,221,35.7107784,Day,F,L,A,MYSE
151.909,8443,6/3/2015,5/30/2015,13:13:17,7,33.1,AH0,116,36.7196703,Day,F,L,A,MYSE
151.909,8443,6/3/2015,5/30/2015,13:13:31,7,33.2,AH0,117,36.8211744,Day,F,L,A,MYSE
151.909,8443,6/3/2015,5/29/2015,13:13:32,7,32.2,AH0,221,35.7107784,Day,F,L,A,MYSE
151.909,8443,6/3/2015,5/30/2015,13:13:33,7,33.2,AH0,117,36.8211744,Day,F,L,A,MYSE
151.909,8443,6/3/2015,5/29/2015,13:13:34,7,32.2,AH0,221,35.7107784,Day,F,L,A,MYSE
151.909,8443,6/3/2015,5/30/2015,13:13:35,7,33.2,AH0,115,36.8211744,Day,F,L,A,MYSE
151.909,8443,6/3/2015,5/29/2015,13:13:36,7,32.2,AH0,222,35.7107784,Day,F,L,A,MYSE
151.909,8443,6/3/2015,5/30/2015,13:13:36,7,33.2,AH0,115,36.8211744,Day,F,L,A,MYSE
151.909,8443,6/3/2015,5/29/2015,13:13:38,7,32.2,AH0,216,35.7107784,Day,F,L,A,MYSE
151.909,8443,6/3/2015,5/29/2015,13:13:51,7,32.1,AH0,218,35.5877213,Day,F,L,A,MYSE
151.909,8443,6/3/2015,5/30/2015,13:13:51,7,33.2,AH0,111,36.8211744,Day,F,L,A,MYSE
151.909,8443,6/3/2015,5/29/2015,13:13:53,7,32.1,AH0,218,35.5877213,Day,F,L,A,MYSE
151.909,8443,6/3/2015,5/30/2015,13:13:53,7,33.2,AH0,117,36.8211744,Day,F,L,A,MYSE
151.909,8443,6/3/2015,5/29/2015,13:13:54,7,32.1,AH0,216,35.5877213,Day,F,L,A,MYSE
151.909,8443,6/3/2015,5/30/2015,13:13:55,7,33.2,AH0,118,36.8211744,Day,F,L,A,MYSE
151.909,8443,6/3/2015,5/29/2015,13:13:56,7,32.1,AH0,216,35.5877213,Day,F,L,A,MYSE
151.909,8443,6/3/2015,5/30/2015,13:13:56,7,33.2,AH0,113,36.8211744,Day,F,L,A,MYSE
151.909,8443,6/3/2015,5/29/2015,13:13:58,7,32.1,AH0,216,35.5877213,Day,F,L,A,MYSE
151.909,8443,6/3/2015,5/29/2015,13:14:11,7,32.2,AH0,212,35.7107784,Day,F,L,A,MYSE
151.909,8443,6/3/2015,5/30/2015,13:14:11,7,33.2,AH0,118,36.8211744,Day,F,L,A,MYSE
151.909,8443,6/3/2015,5/29/2015,13:14:13,7,32.2,AH0,210,35.7107784,Day,F,L,A,MYSE
151.909,8443,6/3/2015,5/30/2015,13:14:13,7,33.2,AH0,112,36.8211744,Day,F,L,A,MYSE
151.909,8443,6/3/2015,5/30/2015,13:14:14,7,33.2,AH0,116,36.8211744,Day,F,L,A,MYSE
151.909,8443,6/3/2015,5/29/2015,13:14:15,7,32.2,AH0,212,35.7107784,Day,F,L,A,MYSE
151.909,8443,6/3/2015,5/30/2015,13:14:16,7,33.2,AH0,112,36.8211744,Day,F,L,A,MYSE
151.909,8443,6/3/2015,5/29/2015,13:14:17,7,32.1,AH0,211,35.5877213,Day,F,L,A,MYSE
151.909,8443,6/3/2015,5/30/2015,13:14:31,7,33.3,AH0,115,36.9206321,Day,F,L,A,MYSE
151.909,8443,6/3/2015,5/29/2015,13:14:32,7,32,AH0,211,35.4624,Day,F,L,A,MYSE
151.909,8443,6/3/2015,5/30/2015,13:14:32,7,33.3,AH0,110,36.9206321,Day,F,L,A,MYSE
151.909,8443,6/3/2015,5/29/2015,13:14:34,7,32,AH0,212,35.4624,Day,F,L,A,MYSE
151.909,8443,6/3/2015,5/30/2015,13:14:34,7,33.3,AH0,117,36.9206321,Day,F,L,A,MYSE
151.909,8443,6/3/2015,5/29/2015,13:14:36,7,32,AH0,212,35.4624,Day,F,L,A,MYSE
151.909,8443,6/3/2015,5/30/2015,13:14:36,7,33.3,AH0,114,36.9206321,Day,F,L,A,MYSE
151.909,8443,6/3/2015,5/29/2015,13:14:37,7,32,AH0,212,35.4624,Day,F,L,A,MYSE
151.909,8443,6/3/2015,5/30/2015,13:14:38,7,33.3,AH0,111,36.9206321,Day,F,L,A,MYSE
151.909,8443,6/3/2015,5/30/2015,13:14:50,7,33.4,AH0,115,37.0180632,Day,F,L,A,MYSE
151.909,8443,6/3/2015,5/29/2015,13:14:51,7,31.9,AH0,213,35.3347947,Day,F,L,A,MYSE
151.909,8443,6/3/2015,5/29/2015,13:14:52,7,31.9,AH0,216,35.3347947,Day,F,L,A,MYSE
151.909,8443,6/3/2015,5/30/2015,13:14:52,7,33.4,AH0,113,37.0180632,Day,F,L,A,MYSE
151.909,8443,6/3/2015,5/29/2015,13:14:54,7,31.9,AH0,214,35.3347947,Day,F,L,A,MYSE
151.909,8443,6/3/2015,5/30/2015,13:14:54,7,33.4,AH0,115,37.0180632,Day,F,L,A,MYSE
151.909,8443,6/3/2015,5/29/2015,13:14:56,7,31.9,AH0,214,35.3347947,Day,F,L,A,MYSE
151.909,8443,6/3/2015,5/30/2015,13:14:56,7,33.4,AH0,113,37.0180632,Day,F,L,A,MYSE
151.909,8443,6/3/2015,5/29/2015,13:14:58,7,31.9,AH0,217,35.3347947,Day,F,L,A,MYSE
151.909,8443,6/3/2015,5/30/2015,13:14:58,7,33.4,AH0,117,37.0180632,Day,F,L,A,MYSE
151.909,8443,6/3/2015,5/30/2015,13:15:10,7,33.4,AH0,118,37.0180632,Day,F,L,A,MYSE
151.909,8443,6/3/2015,5/29/2015,13:15:11,7,31.8,AH0,210,35.2048856,Day,F,L,A,MYSE
151.909,8443,6/3/2015,5/30/2015,13:15:12,7,33.4,AH0,116,37.0180632,Day,F,L,A,MYSE
151.909,8443,6/3/2015,5/29/2015,13:15:13,7,31.8,AH0,207,35.2048856,Day,F,L,A,MYSE
151.909,8443,6/3/2015,5/30/2015,13:15:14,7,33.4,AH0,114,37.0180632,Day,F,L,A,MYSE
151.909,8443,6/3/2015,5/29/2015,13:15:15,7,31.8,AH0,207,35.2048856,Day,F,L,A,MYSE
151.909,8443,6/3/2015,5/30/2015,13:15:16,7,33.4,AH0,114,37.0180632,Day,F,L,A,MYSE
151.909,8443,6/3/2015,5/29/2015,13:15:17,7,31.8,AH0,206,35.2048856,Day,F,L,A,MYSE
151.909,8443,6/3/2015,5/30/2015,13:15:17,7,33.4,AH0,115,37.0180632,Day,F,L,A,MYSE
151.909,8443,6/3/2015,5/30/2015,13:15:30,7,33.5,AH0,119,37.1134875,Day,F,L,A,MYSE
151.909,8443,6/3/2015,5/29/2015,13:15:32,7,31.5,AH0,206,34.8011375,Day,F,L,A,MYSE
151.909,8443,6/3/2015,5/30/2015,13:15:32,7,33.5,AH0,112,37.1134875,Day,F,L,A,MYSE
151.909,8443,6/3/2015,5/29/2015,13:15:34,7,31.5,AH0,210,34.8011375,Day,F,L,A,MYSE
151.909,8443,6/3/2015,5/30/2015,13:15:34,7,33.5,AH0,113,37.1134875,Day,F,L,A,MYSE
151.909,8443,6/3/2015,5/30/2015,13:15:35,7,33.5,AH0,114,37.1134875,Day,F,L,A,MYSE
151.909,8443,6/3/2015,5/29/2015,13:15:36,7,31.5,AH0,208,34.8011375,Day,F,L,A,MYSE
151.909,8443,6/3/2015,5/30/2015,13:15:37,7,33.5,AH0,109,37.1134875,Day,F,L,A,MYSE
151.909,8443,6/3/2015,5/29/2015,13:15:38,7,31.5,AH0,205,34.8011375,Day,F,L,A,MYSE
151.909,8443,6/3/2015,5/29/2015,13:15:51,7,31.3,AH0,208,34.5200901,Day,F,L,A,MYSE
151.909,8443,6/3/2015,5/30/2015,13:15:51,7,33.5,AH0,118,37.1134875,Day,F,L,A,MYSE
151.909,8443,6/3/2015,5/29/2015,13:15:53,7,31.3,AH0,207,34.5200901,Day,F,L,A,MYSE
151.909,8443,6/3/2015,5/30/2015,13:15:53,7,33.5,AH0,112,37.1134875,Day,F,L,A,MYSE
151.909,8443,6/3/2015,5/29/2015,13:15:55,7,31.3,AH0,209,34.5200901,Day,F,L,A,MYSE
151.909,8443,6/3/2015,5/30/2015,13:15:55,7,33.5,AH0,116,37.1134875,Day,F,L,A,MYSE
151.909,8443,6/3/2015,5/29/2015,13:15:57,7,31.3,AH0,208,34.5200901,Day,F,L,A,MYSE
151.909,8443,6/3/2015,5/30/2015,13:15:57,7,33.5,AH0,122,37.1134875,Day,F,L,A,MYSE
151.909,8443,6/3/2015,5/30/2015,13:16:11,7,33.6,AH0,126,37.2069248,Day,F,L,A,MYSE
151.909,8443,6/3/2015,5/29/2015,13:16:12,7,31.2,AH0,209,34.3759424,Day,F,L,A,MYSE
151.909,8443,6/3/2015,5/30/2015,13:16:13,7,33.6,AH0,125,37.2069248,Day,F,L,A,MYSE
151.909,8443,6/3/2015,5/29/2015,13:16:14,7,31.2,AH0,210,34.3759424,Day,F,L,A,MYSE
151.909,8443,6/3/2015,5/30/2015,13:16:15,7,33.6,AH0,123,37.2069248,Day,F,L,A,MYSE
151.909,8443,6/3/2015,5/29/2015,13:16:16,7,31.2,AH0,207,34.3759424,Day,F,L,A,MYSE
151.909,8443,6/3/2015,5/30/2015,13:16:17,7,33.6,AH0,121,37.2069248,Day,F,L,A,MYSE
151.909,8443,6/3/2015,5/29/2015,13:16:18,7,31.2,AH0,208,34.3759424,Day,F,L,A,MYSE
151.909,8443,6/3/2015,5/30/2015,13:16:31,7,33.6,AH0,112,37.2069248,Day,F,L,A,MYSE
151.909,8443,6/3/2015,5/29/2015,13:16:32,7,31.1,AH0,208,34.2293523,Day,F,L,A,MYSE
151.909,8443,6/3/2015,5/30/2015,13:16:33,7,33.6,AH0,116,37.2069248,Day,F,L,A,MYSE
151.909,8443,6/3/2015,5/29/2015,13:16:34,7,31.1,AH0,209,34.2293523,Day,F,L,A,MYSE
151.909,8443,6/3/2015,5/30/2015,13:16:34,7,33.6,AH0,117,37.2069248,Day,F,L,A,MYSE
151.909,8443,6/3/2015,5/29/2015,13:16:35,7,31.1,AH0,210,34.2293523,Day,F,L,A,MYSE
151.909,8443,6/3/2015,5/30/2015,13:16:36,7,33.6,AH0,125,37.2069248,Day,F,L,A,MYSE
151.909,8443,6/3/2015,5/29/2015,13:16:37,7,31.1,AH0,206,34.2293523,Day,F,L,A,MYSE
151.909,8443,6/3/2015,5/30/2015,13:16:38,7,33.6,AH0,128,37.2069248,Day,F,L,A,MYSE
151.909,8443,6/3/2015,5/30/2015,13:16:50,7,33.6,AH0,132,37.2069248,Day,F,L,A,MYSE
151.909,8443,6/3/2015,5/29/2015,13:16:51,7,31,AH0,207,34.0803,Day,F,L,A,MYSE
151.909,8443,6/3/2015,5/30/2015,13:16:52,7,33.6,AH0,128,37.2069248,Day,F,L,A,MYSE
151.909,8443,6/3/2015,5/29/2015,13:16:53,7,31,AH0,208,34.0803,Day,F,L,A,MYSE
151.909,8443,6/3/2015,5/30/2015,13:16:54,7,33.7,AH0,131,37.2983949,Day,F,L,A,MYSE
151.909,8443,6/3/2015,5/29/2015,13:16:55,7,31,AH0,205,34.0803,Day,F,L,A,MYSE
151.909,8443,6/3/2015,5/30/2015,13:16:56,7,33.7,AH0,145,37.2983949,Day,F,L,A,MYSE
151.909,8443,6/3/2015,5/29/2015,13:16:57,7,31,AH0,207,34.0803,Day,F,L,A,MYSE
151.909,8443,6/3/2015,5/30/2015,13:16:58,7,33.7,AH0,139,37.2983949,Day,F,L,A,MYSE
151.909,8443,6/3/2015,5/30/2015,13:17:10,7,33.7,AH0,138,37.2983949,Day,F,L,A,MYSE
151.909,8443,6/3/2015,5/29/2015,13:17:12,7,31,AH0,209,34.0803,Day,F,L,A,MYSE
151.909,8443,6/3/2015,5/30/2015,13:17:12,7,33.7,AH0,138,37.2983949,Day,F,L,A,MYSE
151.909,8443,6/3/2015,5/29/2015,13:17:14,7,31,AH0,208,34.0803,Day,F,L,A,MYSE
151.909,8443,6/3/2015,5/30/2015,13:17:14,7,33.7,AH0,144,37.2983949,Day,F,L,A,MYSE
151.909,8443,6/3/2015,5/30/2015,13:17:15,7,33.6,AH0,145,37.2069248,Day,F,L,A,MYSE
151.909,8443,6/3/2015,5/29/2015,13:17:16,7,31,AH0,211,34.0803,Day,F,L,A,MYSE
151.909,8443,6/3/2015,5/30/2015,13:17:17,7,33.6,AH0,140,37.2069248,Day,F,L,A,MYSE
151.909,8443,6/3/2015,5/29/2015,13:17:18,7,31,AH0,209,34.0803,Day,F,L,A,MYSE
151.909,8443,6/3/2015,5/30/2015,13:17:31,7,33.7,AH0,124,37.2983949,Day,F,L,A,MYSE
151.909,8443,6/3/2015,5/29/2015,13:17:32,7,31,AH0,208,34.0803,Day,F,L,A,MYSE
151.909,8443,6/3/2015,5/30/2015,13:17:33,7,33.7,AH0,129,37.2983949,Day,F,L,A,MYSE
151.909,8443,6/3/2015,5/29/2015,13:17:34,7,31,AH0,210,34.0803,Day,F,L,A,MYSE
151.909,8443,6/3/2015,5/29/2015,13:17:35,7,31,AH0,209,34.0803,Day,F,L,A,MYSE
151.909,8443,6/3/2015,5/30/2015,13:17:35,7,33.6,AH0,130,37.2069248,Day,F,L,A,MYSE
151.909,8443,6/3/2015,5/29/2015,13:17:37,7,31.1,AH0,206,34.2293523,Day,F,L,A,MYSE
151.909,8443,6/3/2015,5/30/2015,13:17:37,7,33.7,AH0,130,37.2983949,Day,F,L,A,MYSE
151.909,8443,6/3/2015,5/29/2015,13:17:51,7,31,AH0,208,34.0803,Day,F,L,A,MYSE
151.909,8443,6/3/2015,5/30/2015,13:17:51,7,33.7,AH0,127,37.2983949,Day,F,L,A,MYSE
151.909,8443,6/3/2015,5/29/2015,13:17:53,7,31.1,AH0,209,34.2293523,Day,F,L,A,MYSE
151.909,8443,6/3/2015,5/30/2015,13:17:53,7,33.7,AH0,122,37.2983949,Day,F,L,A,MYSE
151.909,8443,6/3/2015,5/29/2015,13:17:55,7,31.1,AH0,210,34.2293523,Day,F,L,A,MYSE
151.909,8443,6/3/2015,5/30/2015,13:17:55,7,33.7,AH0,122,37.2983949,Day,F,L,A,MYSE
151.909,8443,6/3/2015,5/30/2015,13:17:56,7,33.7,AH0,123,37.2983949,Day,F,L,A,MYSE
151.909,8443,6/3/2015,5/29/2015,13:17:57,7,31.1,AH0,206,34.2293523,Day,F,L,A,MYSE
151.909,8443,6/3/2015,5/30/2015,13:18:11,7,33.7,AH0,134,37.2983949,Day,F,L,A,MYSE
151.909,8443,6/3/2015,5/29/2015,13:18:12,7,31.1,AH0,215,34.2293523,Day,F,L,A,MYSE
151.909,8443,6/3/2015,5/30/2015,13:18:12,7,33.7,AH0,139,37.2983949,Day,F,L,A,MYSE
151.909,8443,6/3/2015,5/29/2015,13:18:14,7,31,AH0,215,34.0803,Day,F,L,A,MYSE
151.909,8443,6/3/2015,5/30/2015,13:18:14,7,33.7,AH0,147,37.2983949,Day,F,L,A,MYSE
151.909,8443,6/3/2015,5/29/2015,13:18:16,7,31,AH0,212,34.0803,Day,F,L,A,MYSE
151.909,8443,6/3/2015,5/30/2015,13:18:16,7,33.7,AH0,149,37.2983949,Day,F,L,A,MYSE
151.909,8443,6/3/2015,5/29/2015,13:18:18,7,31,AH0,211,34.0803,Day,F,L,A,MYSE
151.909,8443,6/3/2015,5/30/2015,13:18:18,7,33.7,AH0,132,37.2983949,Day,F,L,A,MYSE
151.909,8443,6/3/2015,5/30/2015,13:18:30,7,33.7,AH0,137,37.2983949,Day,F,L,A,MYSE
151.909,8443,6/3/2015,5/29/2015,13:18:32,7,30.8,AH0,212,33.7747296,Day,F,L,A,MYSE
151.909,8443,6/3/2015,5/30/2015,13:18:32,7,33.7,AH0,138,37.2983949,Day,F,L,A,MYSE
151.909,8443,6/3/2015,5/29/2015,13:18:34,7,30.8,AH0,208,33.7747296,Day,F,L,A,MYSE
151.909,8443,6/3/2015,5/30/2015,13:18:34,7,33.7,AH0,146,37.2983949,Day,F,L,A,MYSE
151.909,8443,6/3/2015,5/29/2015,13:18:35,7,30.8,AH0,211,33.7747296,Day,F,L,A,MYSE
151.909,8443,6/3/2015,5/30/2015,13:18:36,7,33.7,AH0,140,37.2983949,Day,F,L,A,MYSE
151.909,8443,6/3/2015,5/29/2015,13:18:37,7,30.8,AH0,210,33.7747296,Day,F,L,A,MYSE
151.909,8443,6/3/2015,5/30/2015,13:18:37,7,33.7,AH0,142,37.2983949,Day,F,L,A,MYSE
151.909,8443,6/3/2015,5/30/2015,13:18:50,7,33.7,AH0,135,37.2983949,Day,F,L,A,MYSE
151.909,8443,6/3/2015,5/29/2015,13:18:51,7,30.7,AH0,210,33.6181719,Day,F,L,A,MYSE
151.909,8443,6/3/2015,5/30/2015,13:18:52,7,33.7,AH0,126,37.2983949,Day,F,L,A,MYSE
151.909,8443,6/3/2015,5/29/2015,13:18:53,7,30.7,AH0,212,33.6181719,Day,F,L,A,MYSE
151.909,8443,6/3/2015,5/30/2015,13:18:53,7,33.7,AH0,123,37.2983949,Day,F,L,A,MYSE
151.909,8443,6/3/2015,5/29/2015,13:18:55,7,30.7,AH0,213,33.6181719,Day,F,L,A,MYSE
151.909,8443,6/3/2015,5/30/2015,13:18:55,7,33.7,AH0,128,37.2983949,Day,F,L,A,MYSE
151.909,8443,6/3/2015,5/29/2015,13:18:57,7,30.7,AH0,208,33.6181719,Day,F,L,A,MYSE
151.909,8443,6/3/2015,5/30/2015,13:18:57,7,33.7,AH0,125,37.2983949,Day,F,L,A,MYSE
151.909,8443,6/3/2015,5/29/2015,13:19:11,7,30.7,AH0,211,33.6181719,Day,F,L,A,MYSE
151.909,8443,6/3/2015,5/30/2015,13:19:11,7,33.7,AH0,116,37.2983949,Day,F,L,A,MYSE
151.909,8443,6/3/2015,5/29/2015,13:19:13,7,30.7,AH0,210,33.6181719,Day,F,L,A,MYSE
151.909,8443,6/3/2015,5/30/2015,13:19:13,7,33.7,AH0,119,37.2983949,Day,F,L,A,MYSE
151.909,8443,6/3/2015,5/29/2015,13:19:15,7,30.7,AH0,211,33.6181719,Day,F,L,A,MYSE
151.909,8443,6/3/2015,5/30/2015,13:19:15,7,33.7,AH0,122,37.2983949,Day,F,L,A,MYSE
151.909,8443,6/3/2015,5/29/2015,13:19:17,7,30.7,AH0,212,33.6181719,Day,F,L,A,MYSE
151.909,8443,6/3/2015,5/30/2015,13:19:17,7,33.7,AH0,125,37.2983949,Day,F,L,A,MYSE
151.909,8443,6/3/2015,5/29/2015,13:19:18,7,30.7,AH0,211,33.6181719,Day,F,L,A,MYSE
151.909,8443,6/3/2015,5/30/2015,13:19:31,7,33.6,AH0,123,37.2069248,Day,F,L,A,MYSE
151.909,8443,6/3/2015,5/29/2015,13:19:32,7,30.7,AH0,213,33.6181719,Day,F,L,A,MYSE
151.909,8443,6/3/2015,5/30/2015,13:19:33,7,33.6,AH0,122,37.2069248,Day,F,L,A,MYSE
151.909,8443,6/3/2015,5/29/2015,13:19:34,7,30.7,AH0,212,33.6181719,Day,F,L,A,MYSE
151.909,8443,6/3/2015,5/30/2015,13:19:34,7,33.6,AH0,120,37.2069248,Day,F,L,A,MYSE
151.909,8443,6/3/2015,5/29/2015,13:19:36,7,30.7,AH0,211,33.6181719,Day,F,L,A,MYSE
151.909,8443,6/3/2015,5/30/2015,13:19:36,7,33.6,AH0,116,37.2069248,Day,F,L,A,MYSE
151.909,8443,6/3/2015,5/29/2015,13:19:38,7,30.7,AH0,212,33.6181719,Day,F,L,A,MYSE
151.909,8443,6/3/2015,5/30/2015,13:19:51,7,33.5,AH0,113,37.1134875,Day,F,L,A,MYSE
151.909,8443,6/3/2015,5/29/2015,13:19:52,7,30.7,AH0,210,33.6181719,Day,F,L,A,MYSE
151.909,8443,6/3/2015,5/30/2015,13:19:52,7,33.5,AH0,112,37.1134875,Day,F,L,A,MYSE
151.909,8443,6/3/2015,5/29/2015,13:19:54,7,30.7,AH0,210,33.6181719,Day,F,L,A,MYSE
151.909,8443,6/3/2015,5/30/2015,13:19:54,7,33.4,AH0,120,37.0180632,Day,F,L,A,MYSE
151.909,8443,6/3/2015,5/29/2015,13:19:56,7,30.7,AH0,207,33.6181719,Day,F,L,A,MYSE
151.909,8443,6/3/2015,5/30/2015,13:19:56,7,33.4,AH0,115,37.0180632,Day,F,L,A,MYSE
151.909,8443,6/3/2015,5/29/2015,13:19:58,7,30.7,AH0,207,33.6181719,Day,F,L,A,MYSE
151.909,8443,6/3/2015,5/30/2015,13:19:58,7,33.4,AH0,120,37.0180632,Day,F,L,A,MYSE
151.909,8443,6/3/2015,5/30/2015,13:20:10,7,33.4,AH0,108,37.0180632,Day,F,L,A,MYSE
151.909,8443,6/3/2015,5/29/2015,13:20:11,7,30.7,AH0,212,33.6181719,Day,F,L,A,MYSE
151.909,8443,6/3/2015,5/30/2015,13:20:12,7,33.4,AH0,112,37.0180632,Day,F,L,A,MYSE
151.909,8443,6/3/2015,5/29/2015,13:20:13,7,30.7,AH0,212,33.6181719,Day,F,L,A,MYSE
151.909,8443,6/3/2015,5/30/2015,13:20:14,7,33.4,AH0,109,37.0180632,Day,F,L,A,MYSE
151.909,8443,6/3/2015,5/29/2015,13:20:15,7,30.7,AH0,207,33.6181719,Day,F,L,A,MYSE
151.909,8443,6/3/2015,5/30/2015,13:20:16,7,33.4,AH0,119,37.0180632,Day,F,L,A,MYSE
151.909,8443,6/3/2015,5/29/2015,13:20:17,7,30.7,AH0,207,33.6181719,Day,F,L,A,MYSE
151.909,8443,6/3/2015,5/30/2015,13:20:18,7,33.4,AH0,118,37.0180632,Day,F,L,A,MYSE
151.909,8443,6/3/2015,5/30/2015,13:20:30,7,33.4,AH0,116,37.0180632,Day,F,L,A,MYSE
151.909,8443,6/3/2015,5/29/2015,13:20:31,7,30.7,AH0,210,33.6181719,Day,F,L,A,MYSE
151.909,8443,6/3/2015,5/30/2015,13:20:32,7,33.4,AH0,112,37.0180632,Day,F,L,A,MYSE
151.909,8443,6/3/2015,5/29/2015,13:20:33,7,30.7,AH0,209,33.6181719,Day,F,L,A,MYSE
151.909,8443,6/3/2015,5/30/2015,13:20:34,7,33.4,AH0,110,37.0180632,Day,F,L,A,MYSE
151.909,8443,6/3/2015,5/29/2015,13:20:35,7,30.7,AH0,209,33.6181719,Day,F,L,A,MYSE
151.909,8443,6/3/2015,5/30/2015,13:20:36,7,33.4,AH0,110,37.0180632,Day,F,L,A,MYSE
151.909,8443,6/3/2015,5/29/2015,13:20:37,7,30.7,AH0,211,33.6181719,Day,F,L,A,MYSE
151.909,8443,6/3/2015,5/30/2015,13:20:37,7,33.4,AH0,110,37.0180632,Day,F,L,A,MYSE
151.909,8443,6/3/2015,5/30/2015,13:20:50,7,33.4,AH0,109,37.0180632,Day,F,L,A,MYSE
151.909,8443,6/3/2015,5/29/2015,13:20:52,7,30.8,AH0,211,33.7747296,Day,F,L,A,MYSE
151.909,8443,6/3/2015,5/30/2015,13:20:52,7,33.5,AH0,109,37.1134875,Day,F,L,A,MYSE
151.909,8443,6/3/2015,5/30/2015,13:20:53,7,33.5,AH0,109,37.1134875,Day,F,L,A,MYSE
151.909,8443,6/3/2015,5/29/2015,13:20:54,7,30.8,AH0,208,33.7747296,Day,F,L,A,MYSE
151.909,8443,6/3/2015,5/30/2015,13:20:55,7,33.5,AH0,108,37.1134875,Day,F,L,A,MYSE
151.909,8443,6/3/2015,5/29/2015,13:20:56,7,30.8,AH0,211,33.7747296,Day,F,L,A,MYSE
151.909,8443,6/3/2015,5/30/2015,13:20:57,7,33.5,AH0,104,37.1134875,Day,F,L,A,MYSE
151.909,8443,6/3/2015,5/29/2015,13:20:58,7,30.8,AH0,209,33.7747296,Day,F,L,A,MYSE
151.909,8443,6/3/2015,5/30/2015,13:21:11,7,33.5,AH0,100,37.1134875,Day,F,L,A,MYSE
151.909,8443,6/3/2015,5/29/2015,13:21:13,7,30.8,AH0,211,33.7747296,Day,F,L,A,MYSE
151.909,8443,6/3/2015,5/30/2015,13:21:13,7,33.5,AH0,104,37.1134875,Day,F,L,A,MYSE
151.909,8443,6/3/2015,5/29/2015,13:21:15,7,30.8,AH0,210,33.7747296,Day,F,L,A,MYSE
151.909,8443,6/3/2015,5/30/2015,13:21:15,7,33.5,AH0,107,37.1134875,Day,F,L,A,MYSE
151.909,8443,6/3/2015,5/29/2015,13:21:17,7,30.8,AH0,210,33.7747296,Day,F,L,A,MYSE
151.909,8443,6/3/2015,5/30/2015,13:21:17,7,33.5,AH0,114,37.1134875,Day,F,L,A,MYSE
151.909,8443,6/3/2015,5/29/2015,13:21:19,7,30.8,AH0,214,33.7747296,Day,F,L,A,MYSE
151.909,8443,6/3/2015,5/30/2015,13:21:31,7,33.6,AH0,113,37.2069248,Day,F,L,A,MYSE
151.909,8443,6/3/2015,5/29/2015,13:21:32,7,30.8,AH0,206,33.7747296,Day,F,L,A,MYSE
151.909,8443,6/3/2015,5/30/2015,13:21:33,7,33.6,AH0,117,37.2069248,Day,F,L,A,MYSE
151.909,8443,6/3/2015,5/29/2015,13:21:34,7,30.8,AH0,207,33.7747296,Day,F,L,A,MYSE
151.909,8443,6/3/2015,5/30/2015,13:21:35,7,33.6,AH0,113,37.2069248,Day,F,L,A,MYSE
151.909,8443,6/3/2015,5/29/2015,13:21:36,7,30.8,AH0,204,33.7747296,Day,F,L,A,MYSE
151.909,8443,6/3/2015,5/30/2015,13:21:36,7,33.6,AH0,124,37.2069248,Day,F,L,A,MYSE
151.909,8443,6/3/2015,5/29/2015,13:21:38,7,30.8,AH0,209,33.7747296,Day,F,L,A,MYSE
151.909,8443,6/3/2015,5/30/2015,13:21:51,7,33.5,AH0,115,37.1134875,Day,F,L,A,MYSE
151.909,8443,6/3/2015,5/29/2015,13:21:52,7,30.8,AH0,209,33.7747296,Day,F,L,A,MYSE
151.909,8443,6/3/2015,5/30/2015,13:21:53,7,33.5,AH0,120,37.1134875,Day,F,L,A,MYSE
151.909,8443,6/3/2015,5/29/2015,13:21:54,7,30.8,AH0,209,33.7747296,Day,F,L,A,MYSE
151.909,8443,6/3/2015,5/30/2015,13:21:54,7,33.5,AH0,119,37.1134875,Day,F,L,A,MYSE
151.909,8443,6/3/2015,5/29/2015,13:21:56,7,30.8,AH0,211,33.7747296,Day,F,L,A,MYSE
151.909,8443,6/3/2015,5/30/2015,13:21:56,7,33.5,AH0,112,37.1134875,Day,F,L,A,MYSE
151.909,8443,6/3/2015,5/31/2015,13:21:57,7,41.1,AH0,21,40.0001423,Day,F,L,A,MYSE
151.909,8443,6/3/2015,5/29/2015,13:21:58,7,30.8,AH0,210,33.7747296,Day,F,L,A,MYSE
151.909,8443,6/3/2015,5/30/2015,13:22:10,7,33.6,AH0,106,37.2069248,Day,F,L,A,MYSE
151.909,8443,6/3/2015,5/30/2015,13:22:12,7,33.6,AH0,110,37.2069248,Day,F,L,A,MYSE
151.909,8443,6/3/2015,5/29/2015,13:22:13,7,30.8,AH0,209,33.7747296,Day,F,L,A,MYSE
151.909,8443,6/3/2015,5/30/2015,13:22:14,7,33.6,AH0,118,37.2069248,Day,F,L,A,MYSE
151.909,8443,6/3/2015,5/29/2015,13:22:15,7,30.7,AH0,211,33.6181719,Day,F,L,A,MYSE
151.909,8443,6/3/2015,5/30/2015,13:22:16,7,33.6,AH0,122,37.2069248,Day,F,L,A,MYSE
151.909,8443,6/3/2015,5/29/2015,13:22:17,7,30.7,AH0,211,33.6181719,Day,F,L,A,MYSE
151.909,8443,6/3/2015,5/30/2015,13:22:18,7,33.6,AH0,115,37.2069248,Day,F,L,A,MYSE
151.909,8443,6/3/2015,5/29/2015,13:22:19,7,30.7,AH0,211,33.6181719,Day,F,L,A,MYSE
151.909,8443,6/3/2015,5/30/2015,13:22:30,7,33.6,AH0,114,37.2069248,Day,F,L,A,MYSE
151.909,8443,6/3/2015,5/30/2015,13:22:32,7,33.6,AH0,108,37.2069248,Day,F,L,A,MYSE
151.909,8443,6/3/2015,5/29/2015,13:22:33,7,30.7,AH0,209,33.6181719,Day,F,L,A,MYSE
151.909,8443,6/3/2015,5/30/2015,13:22:34,7,33.6,AH0,122,37.2069248,Day,F,L,A,MYSE
151.909,8443,6/3/2015,5/29/2015,13:22:35,7,30.7,AH0,212,33.6181719,Day,F,L,A,MYSE
151.909,8443,6/3/2015,5/30/2015,13:22:35,7,33.6,AH0,128,37.2069248,Day,F,L,A,MYSE
151.909,8443,6/3/2015,5/29/2015,13:22:37,7,30.7,AH0,210,33.6181719,Day,F,L,A,MYSE
151.909,8443,6/3/2015,5/30/2015,13:22:37,7,33.6,AH0,129,37.2069248,Day,F,L,A,MYSE
151.909,8443,6/3/2015,5/29/2015,13:22:39,7,30.7,AH0,212,33.6181719,Day,F,L,A,MYSE
151.909,8443,6/3/2015,5/30/2015,13:22:50,7,33.6,AH0,118,37.2069248,Day,F,L,A,MYSE
151.909,8443,6/3/2015,5/29/2015,13:22:52,7,30.7,AH0,211,33.6181719,Day,F,L,A,MYSE
151.909,8443,6/3/2015,5/30/2015,13:22:52,7,33.6,AH0,121,37.2069248,Day,F,L,A,MYSE
151.909,8443,6/3/2015,5/30/2015,13:22:53,7,33.6,AH0,117,37.2069248,Day,F,L,A,MYSE
151.909,8443,6/3/2015,5/29/2015,13:22:54,7,30.7,AH0,212,33.6181719,Day,F,L,A,MYSE
151.909,8443,6/3/2015,5/30/2015,13:22:55,7,33.6,AH0,112,37.2069248,Day,F,L,A,MYSE
151.909,8443,6/3/2015,5/29/2015,13:22:56,7,30.7,AH0,211,33.6181719,Day,F,L,A,MYSE
151.909,8443,6/3/2015,5/30/2015,13:22:57,7,33.6,AH0,98,37.2069248,Day,F,L,A,MYSE
151.909,8443,6/3/2015,5/29/2015,13:22:58,7,30.7,AH0,214,33.6181719,Day,F,L,A,MYSE
151.909,8443,6/3/2015,5/30/2015,13:23:11,7,33.6,AH0,124,37.2069248,Day,F,L,A,MYSE
151.909,8443,6/3/2015,5/29/2015,13:23:12,7,30.6,AH0,214,33.4590728,Day,F,L,A,MYSE
151.909,8443,6/3/2015,5/30/2015,13:23:13,7,33.6,AH0,119,37.2069248,Day,F,L,A,MYSE
151.909,8443,6/3/2015,5/29/2015,13:23:14,7,30.6,AH0,211,33.4590728,Day,F,L,A,MYSE
151.909,8443,6/3/2015,5/30/2015,13:23:15,7,33.6,AH0,117,37.2069248,Day,F,L,A,MYSE
151.909,8443,6/3/2015,5/29/2015,13:23:16,7,30.6,AH0,212,33.4590728,Day,F,L,A,MYSE
151.909,8443,6/3/2015,5/30/2015,13:23:17,7,33.7,AH0,119,37.2983949,Day,F,L,A,MYSE
151.909,8443,6/3/2015,5/29/2015,13:23:18,7,30.6,AH0,212,33.4590728,Day,F,L,A,MYSE
151.909,8443,6/3/2015,5/30/2015,13:23:31,7,33.7,AH0,123,37.2983949,Day,F,L,A,MYSE
151.909,8443,6/3/2015,5/29/2015,13:23:32,7,30.6,AH0,209,33.4590728,Day,F,L,A,MYSE
151.909,8443,6/3/2015,5/29/2015,13:23:33,7,30.6,AH0,211,33.4590728,Day,F,L,A,MYSE
151.909,8443,6/3/2015,5/30/2015,13:23:33,7,33.7,AH0,124,37.2983949,Day,F,L,A,MYSE
151.909,8443,6/3/2015,5/30/2015,13:23:34,7,33.7,AH0,127,37.2983949,Day,F,L,A,MYSE
151.909,8443,6/3/2015,5/29/2015,13:23:35,7,30.6,AH0,214,33.4590728,Day,F,L,A,MYSE
151.909,8443,6/3/2015,5/30/2015,13:23:36,7,33.7,AH0,138,37.2983949,Day,F,L,A,MYSE
151.909,8443,6/3/2015,5/29/2015,13:23:37,7,30.6,AH0,212,33.4590728,Day,F,L,A,MYSE
151.909,8443,6/3/2015,5/29/2015,13:23:39,7,30.6,AH0,213,33.4590728,Day,F,L,A,MYSE
151.909,8443,6/3/2015,5/30/2015,13:23:50,7,33.7,AH0,131,37.2983949,Day,F,L,A,MYSE
151.909,8443,6/3/2015,5/30/2015,13:23:52,7,33.7,AH0,124,37.2983949,Day,F,L,A,MYSE
151.909,8443,6/3/2015,5/29/2015,13:23:53,7,30.6,AH0,212,33.4590728,Day,F,L,A,MYSE
151.909,8443,6/3/2015,5/30/2015,13:23:54,7,33.7,AH0,125,37.2983949,Day,F,L,A,MYSE
151.909,8443,6/3/2015,5/29/2015,13:23:55,7,30.6,AH0,210,33.4590728,Day,F,L,A,MYSE
151.909,8443,6/3/2015,5/30/2015,13:23:56,7,33.7,AH0,126,37.2983949,Day,F,L,A,MYSE
151.909,8443,6/3/2015,5/29/2015,13:23:57,7,30.6,AH0,213,33.4590728,Day,F,L,A,MYSE
151.909,8443,6/3/2015,5/30/2015,13:23:58,7,33.7,AH0,121,37.2983949,Day,F,L,A,MYSE
151.909,8443,6/3/2015,5/29/2015,13:23:59,7,30.6,AH0,211,33.4590728,Day,F,L,A,MYSE
151.909,8443,6/3/2015,5/30/2015,13:24:10,7,33.7,AH0,119,37.2983949,Day,F,L,A,MYSE
151.909,8443,6/3/2015,5/30/2015,13:24:12,7,33.7,AH0,119,37.2983949,Day,F,L,A,MYSE
151.909,8443,6/3/2015,5/29/2015,13:24:13,7,30.6,AH0,211,33.4590728,Day,F,L,A,MYSE
151.909,8443,6/3/2015,5/30/2015,13:24:14,7,33.7,AH0,120,37.2983949,Day,F,L,A,MYSE
151.909,8443,6/3/2015,5/29/2015,13:24:15,7,30.6,AH0,211,33.4590728,Day,F,L,A,MYSE
151.909,8443,6/3/2015,5/30/2015,13:24:15,7,33.6,AH0,115,37.2069248,Day,F,L,A,MYSE
151.909,8443,6/3/2015,5/29/2015,13:24:17,7,30.6,AH0,212,33.4590728,Day,F,L,A,MYSE
151.909,8443,6/3/2015,5/30/2015,13:24:17,7,33.6,AH0,117,37.2069248,Day,F,L,A,MYSE
151.909,8443,6/3/2015,5/29/2015,13:24:19,7,30.6,AH0,211,33.4590728,Day,F,L,A,MYSE
151.909,8443,6/3/2015,5/30/2015,13:24:31,7,33.6,AH0,115,37.2069248,Day,F,L,A,MYSE
151.909,8443,6/3/2015,5/29/2015,13:24:32,7,30.6,AH0,213,33.4590728,Day,F,L,A,MYSE
151.909,8443,6/3/2015,5/30/2015,13:24:33,7,33.6,AH0,111,37.2069248,Day,F,L,A,MYSE
151.909,8443,6/3/2015,5/29/2015,13:24:34,7,30.5,AH0,211,33.2974125,Day,F,L,A,MYSE
151.909,8443,6/3/2015,5/30/2015,13:24:35,7,33.6,AH0,119,37.2069248,Day,F,L,A,MYSE
151.909,8443,6/3/2015,5/29/2015,13:24:36,7,30.5,AH0,213,33.2974125,Day,F,L,A,MYSE
151.909,8443,6/3/2015,5/30/2015,13:24:37,7,33.6,AH0,112,37.2069248,Day,F,L,A,MYSE
151.909,8443,6/3/2015,5/29/2015,13:24:38,7,30.5,AH0,211,33.2974125,Day,F,L,A,MYSE
151.909,8443,6/3/2015,5/30/2015,13:24:51,7,33.6,AH0,119,37.2069248,Day,F,L,A,MYSE
151.909,8443,6/3/2015,5/29/2015,13:24:52,7,30.5,AH0,211,33.2974125,Day,F,L,A,MYSE
151.909,8443,6/3/2015,5/30/2015,13:24:53,7,33.6,AH0,115,37.2069248,Day,F,L,A,MYSE
151.909,8443,6/3/2015,5/29/2015,13:24:54,7,30.5,AH0,210,33.2974125,Day,F,L,A,MYSE
151.909,8443,6/3/2015,5/30/2015,13:24:55,7,33.6,AH0,116,37.2069248,Day,F,L,A,MYSE
151.909,8443,6/3/2015,5/29/2015,13:24:56,7,30.5,AH0,204,33.2974125,Day,F,L,A,MYSE
151.909,8443,6/3/2015,5/30/2015,13:24:56,7,33.6,AH0,112,37.2069248,Day,F,L,A,MYSE
151.909,8443,6/3/2015,5/29/2015,13:24:58,7,30.5,AH0,209,33.2974125,Day,F,L,A,MYSE
151.909,8443,6/3/2015,5/30/2015,13:25:11,7,33.5,AH0,112,37.1134875,Day,F,L,A,MYSE
151.909,8443,6/3/2015,5/29/2015,13:25:12,7,30.5,AH0,211,33.2974125,Day,F,L,A,MYSE
151.909,8443,6/3/2015,5/30/2015,13:25:13,7,33.5,AH0,112,37.1134875,Day,F,L,A,MYSE
151.909,8443,6/3/2015,5/29/2015,13:25:14,7,30.5,AH0,210,33.2974125,Day,F,L,A,MYSE
151.909,8443,6/3/2015,5/30/2015,13:25:14,7,33.4,AH0,111,37.0180632,Day,F,L,A,MYSE
151.909,8443,6/3/2015,5/29/2015,13:25:16,7,30.5,AH0,209,33.2974125,Day,F,L,A,MYSE
151.909,8443,6/3/2015,5/30/2015,13:25:16,7,33.4,AH0,112,37.0180632,Day,F,L,A,MYSE
151.909,8443,6/3/2015,5/29/2015,13:25:18,7,30.5,AH0,212,33.2974125,Day,F,L,A,MYSE
151.909,8443,6/3/2015,5/30/2015,13:25:30,7,33.5,AH0,106,37.1134875,Day,F,L,A,MYSE
151.909,8443,6/3/2015,5/30/2015,13:25:32,7,33.4,AH0,103,37.0180632,Day,F,L,A,MYSE
151.909,8443,6/3/2015,5/29/2015,13:25:33,7,30.6,AH0,210,33.4590728,Day,F,L,A,MYSE
151.909,8443,6/3/2015,5/30/2015,13:25:34,7,33.5,AH0,98,37.1134875,Day,F,L,A,MYSE
151.909,8443,6/3/2015,5/29/2015,13:25:35,7,30.6,AH0,213,33.4590728,Day,F,L,A,MYSE
151.909,8443,6/3/2015,5/30/2015,13:25:36,7,33.5,AH0,104,37.1134875,Day,F,L,A,MYSE
151.909,8443,6/3/2015,5/29/2015,13:25:37,7,30.6,AH0,210,33.4590728,Day,F,L,A,MYSE
151.909,8443,6/3/2015,5/30/2015,13:25:38,7,33.5,AH0,103,37.1134875,Day,F,L,A,MYSE
151.909,8443,6/3/2015,5/29/2015,13:25:39,7,30.6,AH0,212,33.4590728,Day,F,L,A,MYSE
151.909,8443,6/3/2015,5/30/2015,13:25:50,7,33.5,AH0,103,37.1134875,Day,F,L,A,MYSE
151.909,8443,6/3/2015,5/30/2015,13:25:52,7,33.5,AH0,96,37.1134875,Day,F,L,A,MYSE
151.909,8443,6/3/2015,5/29/2015,13:25:53,7,30.6,AH0,210,33.4590728,Day,F,L,A,MYSE
151.909,8443,6/3/2015,5/30/2015,13:25:54,7,33.5,AH0,99,37.1134875,Day,F,L,A,MYSE
151.909,8443,6/3/2015,5/29/2015,13:25:55,7,30.6,AH0,212,33.4590728,Day,F,L,A,MYSE
151.909,8443,6/3/2015,5/30/2015,13:25:56,7,33.5,AH0,101,37.1134875,Day,F,L,A,MYSE
151.909,8443,6/3/2015,5/29/2015,13:25:57,7,30.6,AH0,213,33.4590728,Day,F,L,A,MYSE
151.909,8443,6/3/2015,5/30/2015,13:25:57,7,33.5,AH0,104,37.1134875,Day,F,L,A,MYSE
151.909,8443,6/3/2015,5/29/2015,13:25:59,7,30.6,AH0,211,33.4590728,Day,F,L,A,MYSE
151.909,8443,6/3/2015,5/30/2015,13:26:10,7,33.6,AH0,89,37.2069248,Day,F,L,A,MYSE
151.909,8443,6/3/2015,5/29/2015,13:26:12,7,30.7,AH0,215,33.6181719,Day,F,L,A,MYSE
151.909,8443,6/3/2015,5/30/2015,13:26:12,7,33.6,AH0,98,37.2069248,Day,F,L,A,MYSE
151.909,8443,6/3/2015,5/30/2015,13:26:13,7,33.6,AH0,88,37.2069248,Day,F,L,A,MYSE
151.909,8443,6/3/2015,5/29/2015,13:26:14,7,30.7,AH0,215,33.6181719,Day,F,L,A,MYSE
151.909,8443,6/3/2015,5/30/2015,13:26:15,7,33.6,AH0,93,37.2069248,Day,F,L,A,MYSE
151.909,8443,6/3/2015,5/29/2015,13:26:16,7,30.7,AH0,212,33.6181719,Day,F,L,A,MYSE
151.909,8443,6/3/2015,5/30/2015,13:26:17,7,33.6,AH0,92,37.2069248,Day,F,L,A,MYSE
151.909,8443,6/3/2015,5/29/2015,13:26:18,7,30.7,AH0,209,33.6181719,Day,F,L,A,MYSE
151.909,8443,6/3/2015,5/30/2015,13:26:31,7,33.6,AH0,100,37.2069248,Day,F,L,A,MYSE
151.909,8443,6/3/2015,5/29/2015,13:26:32,7,30.8,AH0,212,33.7747296,Day,F,L,A,MYSE
151.909,8443,6/3/2015,5/30/2015,13:26:33,7,33.6,AH0,88,37.2069248,Day,F,L,A,MYSE
151.909,8443,6/3/2015,5/29/2015,13:26:34,7,30.8,AH0,212,33.7747296,Day,F,L,A,MYSE
151.909,8443,6/3/2015,5/30/2015,13:26:35,7,33.6,AH0,82,37.2069248,Day,F,L,A,MYSE
151.909,8443,6/3/2015,5/29/2015,13:26:36,7,30.8,AH0,215,33.7747296,Day,F,L,A,MYSE
151.909,8443,6/3/2015,5/30/2015,13:26:37,7,33.6,AH0,89,37.2069248,Day,F,L,A,MYSE
151.909,8443,6/3/2015,5/29/2015,13:26:38,7,30.8,AH0,214,33.7747296,Day,F,L,A,MYSE
151.909,8443,6/3/2015,5/30/2015,13:26:50,7,33.6,AH0,118,37.2069248,Day,F,L,A,MYSE
151.909,8443,6/3/2015,5/29/2015,13:26:51,7,30.8,AH0,211,33.7747296,Day,F,L,A,MYSE
151.909,8443,6/3/2015,5/30/2015,13:26:52,7,33.6,AH0,105,37.2069248,Day,F,L,A,MYSE
151.909,8443,6/3/2015,5/29/2015,13:26:53,7,30.8,AH0,211,33.7747296,Day,F,L,A,MYSE
151.909,8443,6/3/2015,5/30/2015,13:26:54,7,33.6,AH0,93,37.2069248,Day,F,L,A,MYSE
151.909,8443,6/3/2015,5/29/2015,13:26:55,7,30.8,AH0,212,33.7747296,Day,F,L,A,MYSE
151.909,8443,6/3/2015,5/30/2015,13:26:55,7,33.6,AH0,110,37.2069248,Day,F,L,A,MYSE
151.909,8443,6/3/2015,5/29/2015,13:26:57,7,30.8,AH0,214,33.7747296,Day,F,L,A,MYSE
151.909,8443,6/3/2015,5/29/2015,13:26:59,7,30.8,AH0,213,33.7747296,Day,F,L,A,MYSE
151.909,8443,6/3/2015,5/30/2015,13:27:10,7,33.6,AH0,128,37.2069248,Day,F,L,A,MYSE
151.909,8443,6/3/2015,5/30/2015,13:27:11,7,33.6,AH0,133,37.2069248,Day,F,L,A,MYSE
151.909,8443,6/3/2015,5/29/2015,13:27:13,7,30.9,AH0,213,33.9287657,Day,F,L,A,MYSE
151.909,8443,6/3/2015,5/30/2015,13:27:13,7,33.6,AH0,133,37.2069248,Day,F,L,A,MYSE
151.909,8443,6/3/2015,5/29/2015,13:27:15,7,30.9,AH0,211,33.9287657,Day,F,L,A,MYSE
151.909,8443,6/3/2015,5/30/2015,13:27:15,7,33.6,AH0,134,37.2069248,Day,F,L,A,MYSE
151.909,8443,6/3/2015,5/29/2015,13:27:17,7,30.9,AH0,214,33.9287657,Day,F,L,A,MYSE
151.909,8443,6/3/2015,5/30/2015,13:27:17,7,33.6,AH0,132,37.2069248,Day,F,L,A,MYSE
151.909,8443,6/3/2015,5/29/2015,13:27:19,7,30.9,AH0,214,33.9287657,Day,F,L,A,MYSE
151.909,8443,6/3/2015,5/30/2015,13:27:29,7,33.7,AH0,133,37.2983949,Day,F,L,A,MYSE
151.909,8443,6/3/2015,5/30/2015,13:27:31,7,33.7,AH0,128,37.2983949,Day,F,L,A,MYSE
151.909,8443,6/3/2015,5/29/2015,13:27:32,7,30.9,AH0,214,33.9287657,Day,F,L,A,MYSE
151.909,8443,6/3/2015,5/30/2015,13:27:33,7,33.7,AH0,133,37.2983949,Day,F,L,A,MYSE
151.909,8443,6/3/2015,5/29/2015,13:27:34,7,30.9,AH0,213,33.9287657,Day,F,L,A,MYSE
151.909,8443,6/3/2015,5/30/2015,13:27:35,7,33.7,AH0,130,37.2983949,Day,F,L,A,MYSE
151.909,8443,6/3/2015,5/29/2015,13:27:36,7,30.9,AH0,214,33.9287657,Day,F,L,A,MYSE
151.909,8443,6/3/2015,5/30/2015,13:27:36,7,33.7,AH0,133,37.2983949,Day,F,L,A,MYSE
151.909,8443,6/3/2015,5/29/2015,13:27:38,7,30.9,AH0,214,33.9287657,Day,F,L,A,MYSE
151.909,8443,6/3/2015,5/30/2015,13:27:49,7,33.7,AH0,136,37.2983949,Day,F,L,A,MYSE
151.909,8443,6/3/2015,5/30/2015,13:27:51,7,33.7,AH0,131,37.2983949,Day,F,L,A,MYSE
151.909,8443,6/3/2015,5/29/2015,13:27:52,7,31,AH0,214,34.0803,Day,F,L,A,MYSE
151.909,8443,6/3/2015,5/30/2015,13:27:52,7,33.7,AH0,131,37.2983949,Day,F,L,A,MYSE
151.909,8443,6/3/2015,5/29/2015,13:27:54,7,31,AH0,214,34.0803,Day,F,L,A,MYSE
151.909,8443,6/3/2015,5/30/2015,13:27:54,7,33.7,AH0,129,37.2983949,Day,F,L,A,MYSE
151.909,8443,6/3/2015,5/29/2015,13:27:56,7,31,AH0,216,34.0803,Day,F,L,A,MYSE
151.909,8443,6/3/2015,5/30/2015,13:27:56,7,33.7,AH0,130,37.2983949,Day,F,L,A,MYSE
151.909,8443,6/3/2015,5/29/2015,13:27:57,7,31,AH0,213,34.0803,Day,F,L,A,MYSE
151.909,8443,6/3/2015,5/30/2015,13:28:10,7,33.7,AH0,127,37.2983949,Day,F,L,A,MYSE
151.909,8443,6/3/2015,5/30/2015,13:28:12,7,33.7,AH0,124,37.2983949,Day,F,L,A,MYSE
151.909,8443,6/3/2015,5/29/2015,13:28:13,7,31,AH0,215,34.0803,Day,F,L,A,MYSE
151.909,8443,6/3/2015,5/30/2015,13:28:14,7,33.7,AH0,128,37.2983949,Day,F,L,A,MYSE
151.909,8443,6/3/2015,5/29/2015,13:28:15,7,31,AH0,215,34.0803,Day,F,L,A,MYSE
151.909,8443,6/3/2015,5/30/2015,13:28:16,7,33.7,AH0,130,37.2983949,Day,F,L,A,MYSE
151.909,8443,6/3/2015,5/29/2015,13:28:17,7,31,AH0,215,34.0803,Day,F,L,A,MYSE
151.909,8443,6/3/2015,5/29/2015,13:28:19,7,31,AH0,214,34.0803,Day,F,L,A,MYSE
151.909,8443,6/3/2015,5/30/2015,13:28:30,7,33.7,AH0,123,37.2983949,Day,F,L,A,MYSE
151.909,8443,6/3/2015,5/29/2015,13:28:32,7,31,AH0,212,34.0803,Day,F,L,A,MYSE
151.909,8443,6/3/2015,5/30/2015,13:28:32,7,33.7,AH0,124,37.2983949,Day,F,L,A,MYSE
151.909,8443,6/3/2015,5/30/2015,13:28:33,7,33.7,AH0,125,37.2983949,Day,F,L,A,MYSE
151.909,8443,6/3/2015,5/29/2015,13:28:34,7,31,AH0,213,34.0803,Day,F,L,A,MYSE
151.909,8443,6/3/2015,5/30/2015,13:28:35,7,33.7,AH0,120,37.2983949,Day,F,L,A,MYSE
151.909,8443,6/3/2015,5/29/2015,13:28:36,7,31,AH0,212,34.0803,Day,F,L,A,MYSE
151.909,8443,6/3/2015,5/29/2015,13:28:38,7,31,AH0,214,34.0803,Day,F,L,A,MYSE
151.909,8443,6/3/2015,5/30/2015,13:28:49,7,33.7,AH0,119,37.2983949,Day,F,L,A,MYSE
151.909,8443,6/3/2015,5/30/2015,13:28:51,7,33.7,AH0,114,37.2983949,Day,F,L,A,MYSE
151.909,8443,6/3/2015,5/29/2015,13:28:52,7,31.1,AH0,215,34.2293523,Day,F,L,A,MYSE
151.909,8443,6/3/2015,5/30/2015,13:28:53,7,33.7,AH0,119,37.2983949,Day,F,L,A,MYSE
151.909,8443,6/3/2015,5/29/2015,13:28:54,7,31.1,AH0,215,34.2293523,Day,F,L,A,MYSE
151.909,8443,6/3/2015,5/30/2015,13:28:55,7,33.7,AH0,118,37.2983949,Day,F,L,A,MYSE
151.909,8443,6/3/2015,5/29/2015,13:28:56,7,31.1,AH0,214,34.2293523,Day,F,L,A,MYSE
151.909,8443,6/3/2015,5/29/2015,13:28:57,7,31.1,AH0,216,34.2293523,Day,F,L,A,MYSE
151.909,8443,6/3/2015,5/30/2015,13:28:57,7,33.7,AH0,114,37.2983949,Day,F,L,A,MYSE
151.909,8443,6/3/2015,5/30/2015,13:29:09,7,33.8,AH0,118,37.3879176,Day,F,L,A,MYSE
151.909,8443,6/3/2015,5/30/2015,13:29:11,7,33.8,AH0,114,37.3879176,Day,F,L,A,MYSE
151.909,8443,6/3/2015,5/29/2015,13:29:13,7,31.1,AH0,215,34.2293523,Day,F,L,A,MYSE
151.909,8443,6/3/2015,5/30/2015,13:29:13,7,33.7,AH0,113,37.2983949,Day,F,L,A,MYSE
151.909,8443,6/3/2015,5/30/2015,13:29:14,7,33.8,AH0,115,37.3879176,Day,F,L,A,MYSE
151.909,8443,6/3/2015,5/29/2015,13:29:15,7,31.1,AH0,214,34.2293523,Day,F,L,A,MYSE
151.909,8443,6/3/2015,5/30/2015,13:29:16,7,33.7,AH0,114,37.2983949,Day,F,L,A,MYSE
151.909,8443,6/3/2015,5/29/2015,13:29:17,7,31.1,AH0,214,34.2293523,Day,F,L,A,MYSE
151.909,8443,6/3/2015,5/29/2015,13:29:19,7,31.1,AH0,215,34.2293523,Day,F,L,A,MYSE
151.909,8443,6/3/2015,5/30/2015,13:29:30,7,33.7,AH0,109,37.2983949,Day,F,L,A,MYSE
151.909,8443,6/3/2015,5/29/2015,13:29:32,7,31.1,AH0,216,34.2293523,Day,F,L,A,MYSE
151.909,8443,6/3/2015,5/30/2015,13:29:32,7,33.7,AH0,111,37.2983949,Day,F,L,A,MYSE
151.909,8443,6/3/2015,5/29/2015,13:29:34,7,31.1,AH0,216,34.2293523,Day,F,L,A,MYSE
151.909,8443,6/3/2015,5/30/2015,13:29:34,7,33.8,AH0,106,37.3879176,Day,F,L,A,MYSE
151.909,8443,6/3/2015,5/29/2015,13:29:36,7,31.1,AH0,215,34.2293523,Day,F,L,A,MYSE
151.909,8443,6/3/2015,5/30/2015,13:29:36,7,33.8,AH0,109,37.3879176,Day,F,L,A,MYSE
151.909,8443,6/3/2015,5/29/2015,13:29:38,7,31.1,AH0,216,34.2293523,Day,F,L,A,MYSE
151.909,8443,6/3/2015,5/30/2015,13:29:50,7,33.8,AH0,109,37.3879176,Day,F,L,A,MYSE
151.909,8443,6/3/2015,5/29/2015,13:29:51,7,31.1,AH0,215,34.2293523,Day,F,L,A,MYSE
151.909,8443,6/3/2015,5/30/2015,13:29:52,7,33.8,AH0,109,37.3879176,Day,F,L,A,MYSE
151.909,8443,6/3/2015,5/29/2015,13:29:53,7,31.1,AH0,210,34.2293523,Day,F,L,A,MYSE
151.909,8443,6/3/2015,5/30/2015,13:29:53,7,33.8,AH0,110,37.3879176,Day,F,L,A,MYSE
151.909,8443,6/3/2015,5/29/2015,13:29:55,7,31.1,AH0,214,34.2293523,Day,F,L,A,MYSE
151.909,8443,6/3/2015,5/30/2015,13:29:55,7,33.8,AH0,109,37.3879176,Day,F,L,A,MYSE
151.909,8443,6/3/2015,5/29/2015,13:29:57,7,31.1,AH0,214,34.2293523,Day,F,L,A,MYSE
151.909,8443,6/3/2015,5/29/2015,13:29:59,7,31.1,AH0,213,34.2293523,Day,F,L,A,MYSE
151.909,8443,6/3/2015,5/30/2015,13:30:09,7,33.8,AH0,114,37.3879176,Day,F,L,A,MYSE
151.909,8443,6/3/2015,5/30/2015,13:30:11,7,33.8,AH0,114,37.3879176,Day,F,L,A,MYSE
151.909,8443,6/3/2015,5/29/2015,13:30:13,7,31.1,AH0,215,34.2293523,Day,F,L,A,MYSE
151.909,8443,6/3/2015,5/30/2015,13:30:13,7,33.8,AH0,113,37.3879176,Day,F,L,A,MYSE
151.909,8443,6/3/2015,5/29/2015,13:30:15,7,31.1,AH0,211,34.2293523,Day,F,L,A,MYSE
151.909,8443,6/3/2015,5/30/2015,13:30:15,7,33.8,AH0,115,37.3879176,Day,F,L,A,MYSE
151.909,8443,6/3/2015,5/29/2015,13:30:17,7,31.1,AH0,214,34.2293523,Day,F,L,A,MYSE
151.909,8443,6/3/2015,5/30/2015,13:30:17,7,33.8,AH0,115,37.3879176,Day,F,L,A,MYSE
151.909,8443,6/3/2015,5/29/2015,13:30:18,7,31.1,AH0,215,34.2293523,Day,F,L,A,MYSE
151.909,8443,6/3/2015,5/30/2015,13:30:29,7,33.8,AH0,117,37.3879176,Day,F,L,A,MYSE
151.909,8443,6/3/2015,5/30/2015,13:30:31,7,33.8,AH0,124,37.3879176,Day,F,L,A,MYSE
151.909,8443,6/3/2015,5/29/2015,13:30:32,7,31.1,AH0,207,34.2293523,Day,F,L,A,MYSE
151.909,8443,6/3/2015,5/30/2015,13:30:33,7,33.8,AH0,122,37.3879176,Day,F,L,A,MYSE
151.909,8443,6/3/2015,5/29/2015,13:30:34,7,31.1,AH0,211,34.2293523,Day,F,L,A,MYSE
151.909,8443,6/3/2015,5/30/2015,13:30:34,7,33.8,AH0,119,37.3879176,Day,F,L,A,MYSE
151.909,8443,6/3/2015,5/29/2015,13:30:36,7,31.1,AH0,211,34.2293523,Day,F,L,A,MYSE
151.909,8443,6/3/2015,5/30/2015,13:30:36,7,33.8,AH0,120,37.3879176,Day,F,L,A,MYSE
151.909,8443,6/3/2015,5/29/2015,13:30:38,7,31.1,AH0,214,34.2293523,Day,F,L,A,MYSE
151.909,8443,6/3/2015,5/30/2015,13:30:50,7,33.8,AH0,117,37.3879176,Day,F,L,A,MYSE
151.909,8443,6/3/2015,5/30/2015,13:30:52,7,33.8,AH0,118,37.3879176,Day,F,L,A,MYSE
151.909,8443,6/3/2015,5/29/2015,13:30:53,7,31.1,AH0,210,34.2293523,Day,F,L,A,MYSE
151.909,8443,6/3/2015,5/30/2015,13:30:54,7,33.8,AH0,115,37.3879176,Day,F,L,A,MYSE
151.909,8443,6/3/2015,5/29/2015,13:30:55,7,31.1,AH0,210,34.2293523,Day,F,L,A,MYSE
151.909,8443,6/3/2015,5/30/2015,13:30:56,7,33.8,AH0,118,37.3879176,Day,F,L,A,MYSE
151.909,8443,6/3/2015,5/29/2015,13:30:57,7,31.1,AH0,213,34.2293523,Day,F,L,A,MYSE
151.909,8443,6/3/2015,5/29/2015,13:30:59,7,31.1,AH0,212,34.2293523,Day,F,L,A,MYSE
151.909,8443,6/3/2015,5/30/2015,13:31:10,7,33.9,AH0,109,37.4755127,Day,F,L,A,MYSE
151.909,8443,6/3/2015,5/29/2015,13:31:12,7,31.1,AH0,214,34.2293523,Day,F,L,A,MYSE
151.909,8443,6/3/2015,5/30/2015,13:31:12,7,33.9,AH0,105,37.4755127,Day,F,L,A,MYSE
151.909,8443,6/3/2015,5/30/2015,13:31:13,7,33.9,AH0,115,37.4755127,Day,F,L,A,MYSE
151.909,8443,6/3/2015,5/29/2015,13:31:14,7,31.1,AH0,213,34.2293523,Day,F,L,A,MYSE
151.909,8443,6/3/2015,5/30/2015,13:31:15,7,33.9,AH0,111,37.4755127,Day,F,L,A,MYSE
151.909,8443,6/3/2015,5/29/2015,13:31:16,7,31.1,AH0,214,34.2293523,Day,F,L,A,MYSE
151.909,8443,6/3/2015,5/29/2015,13:31:18,7,31.1,AH0,213,34.2293523,Day,F,L,A,MYSE
151.909,8443,6/3/2015,5/30/2015,13:31:29,7,34,AH0,114,37.5612,Day,F,L,A,MYSE
151.909,8443,6/3/2015,5/30/2015,13:31:31,7,34,AH0,101,37.5612,Day,F,L,A,MYSE
151.909,8443,6/3/2015,5/29/2015,13:31:32,7,31.1,AH0,216,34.2293523,Day,F,L,A,MYSE
151.909,8443,6/3/2015,5/30/2015,13:31:33,7,34,AH0,114,37.5612,Day,F,L,A,MYSE
151.909,8443,6/3/2015,5/29/2015,13:31:34,7,31.1,AH0,211,34.2293523,Day,F,L,A,MYSE
151.909,8443,6/3/2015,5/30/2015,13:31:35,7,33.9,AH0,95,37.4755127,Day,F,L,A,MYSE
151.909,8443,6/3/2015,5/29/2015,13:31:36,7,31.1,AH0,213,34.2293523,Day,F,L,A,MYSE
151.909,8443,6/3/2015,5/30/2015,13:31:36,7,33.9,AH0,104,37.4755127,Day,F,L,A,MYSE
151.909,8443,6/3/2015,5/29/2015,13:31:38,7,31.1,AH0,214,34.2293523,Day,F,L,A,MYSE
151.909,8443,6/3/2015,5/30/2015,13:31:49,7,34,AH0,109,37.5612,Day,F,L,A,MYSE
151.909,8443,6/3/2015,5/30/2015,13:31:50,7,34,AH0,109,37.5612,Day,F,L,A,MYSE
151.909,8443,6/3/2015,5/30/2015,13:31:52,7,34,AH0,113,37.5612,Day,F,L,A,MYSE
151.909,8443,6/3/2015,5/29/2015,13:31:53,7,31.1,AH0,215,34.2293523,Day,F,L,A,MYSE
151.909,8443,6/3/2015,5/30/2015,13:31:54,7,34,AH0,110,37.5612,Day,F,L,A,MYSE
151.909,8443,6/3/2015,5/29/2015,13:31:55,7,31.1,AH0,214,34.2293523,Day,F,L,A,MYSE
151.909,8443,6/3/2015,5/30/2015,13:31:56,7,34,AH0,91,37.5612,Day,F,L,A,MYSE
151.909,8443,6/3/2015,5/29/2015,13:31:57,7,31.1,AH0,214,34.2293523,Day,F,L,A,MYSE
151.909,8443,6/3/2015,5/29/2015,13:31:59,7,31.1,AH0,214,34.2293523,Day,F,L,A,MYSE
151.909,8443,6/3/2015,5/30/2015,13:32:10,7,34,AH0,108,37.5612,Day,F,L,A,MYSE
151.909,8443,6/3/2015,5/29/2015,13:32:12,7,31.1,AH0,213,34.2293523,Day,F,L,A,MYSE
151.909,8443,6/3/2015,5/30/2015,13:32:12,7,34,AH0,105,37.5612,Day,F,L,A,MYSE
151.909,8443,6/3/2015,5/30/2015,13:32:13,7,34,AH0,105,37.5612,Day,F,L,A,MYSE
151.909,8443,6/3/2015,5/29/2015,13:32:14,7,31.1,AH0,213,34.2293523,Day,F,L,A,MYSE
151.909,8443,6/3/2015,5/30/2015,13:32:15,7,34,AH0,98,37.5612,Day,F,L,A,MYSE
151.909,8443,6/3/2015,5/29/2015,13:32:16,7,31.1,AH0,212,34.2293523,Day,F,L,A,MYSE
151.909,8443,6/3/2015,5/29/2015,13:32:18,7,31.1,AH0,211,34.2293523,Day,F,L,A,MYSE
151.909,8443,6/3/2015,5/30/2015,13:32:29,7,33.9,AH0,117,37.4755127,Day,F,L,A,MYSE
151.909,8443,6/3/2015,5/30/2015,13:32:31,7,33.9,AH0,114,37.4755127,Day,F,L,A,MYSE
151.909,8443,6/3/2015,5/29/2015,13:32:32,7,31.1,AH0,217,34.2293523,Day,F,L,A,MYSE
151.909,8443,6/3/2015,5/30/2015,13:32:33,7,33.9,AH0,121,37.4755127,Day,F,L,A,MYSE
151.909,8443,6/3/2015,5/29/2015,13:32:34,7,31.1,AH0,214,34.2293523,Day,F,L,A,MYSE
151.909,8443,6/3/2015,5/29/2015,13:32:35,7,31.1,AH0,213,34.2293523,Day,F,L,A,MYSE
151.909,8443,6/3/2015,5/30/2015,13:32:35,7,33.9,AH0,111,37.4755127,Day,F,L,A,MYSE
151.909,8443,6/3/2015,5/30/2015,13:32:36,7,33.9,AH0,109,37.4755127,Day,F,L,A,MYSE
151.909,8443,6/3/2015,5/29/2015,13:32:37,7,31.1,AH0,217,34.2293523,Day,F,L,A,MYSE
151.909,8443,6/3/2015,5/30/2015,13:32:49,7,33.9,AH0,118,37.4755127,Day,F,L,A,MYSE
151.909,8443,6/3/2015,5/30/2015,13:32:51,7,33.9,AH0,117,37.4755127,Day,F,L,A,MYSE
151.909,8443,6/3/2015,5/30/2015,13:32:52,7,33.9,AH0,120,37.4755127,Day,F,L,A,MYSE
151.909,8443,6/3/2015,5/29/2015,13:32:53,7,31.1,AH0,217,34.2293523,Day,F,L,A,MYSE
151.909,8443,6/3/2015,5/30/2015,13:32:54,7,33.9,AH0,125,37.4755127,Day,F,L,A,MYSE
151.909,8443,6/3/2015,5/29/2015,13:32:55,7,31.1,AH0,217,34.2293523,Day,F,L,A,MYSE
151.909,8443,6/3/2015,5/30/2015,13:32:56,7,33.9,AH0,114,37.4755127,Day,F,L,A,MYSE
151.909,8443,6/3/2015,5/29/2015,13:32:57,7,31.1,AH0,216,34.2293523,Day,F,L,A,MYSE
151.909,8443,6/3/2015,5/29/2015,13:32:59,7,31.1,AH0,215,34.2293523,Day,F,L,A,MYSE
151.909,8443,6/3/2015,5/30/2015,13:33:10,7,34,AH0,123,37.5612,Day,F,L,A,MYSE
151.909,8443,6/3/2015,5/29/2015,13:33:12,7,31.1,AH0,213,34.2293523,Day,F,L,A,MYSE
151.909,8443,6/3/2015,5/30/2015,13:33:12,7,34,AH0,119,37.5612,Day,F,L,A,MYSE
151.909,8443,6/3/2015,5/29/2015,13:33:14,7,31.2,AH0,215,34.3759424,Day,F,L,A,MYSE
151.909,8443,6/3/2015,5/30/2015,13:33:14,7,33.9,AH0,118,37.4755127,Day,F,L,A,MYSE
151.909,8443,6/3/2015,5/30/2015,13:33:15,7,33.9,AH0,112,37.4755127,Day,F,L,A,MYSE
151.909,8443,6/3/2015,5/29/2015,13:33:16,7,31.2,AH0,217,34.3759424,Day,F,L,A,MYSE
151.909,8443,6/3/2015,5/29/2015,13:33:18,7,31.2,AH0,218,34.3759424,Day,F,L,A,MYSE
151.909,8443,6/3/2015,5/30/2015,13:33:29,7,34,AH0,90,37.5612,Day,F,L,A,MYSE
151.909,8443,6/3/2015,5/29/2015,13:33:30,7,31.2,AH0,215,34.3759424,Day,F,L,A,MYSE
151.909,8443,6/3/2015,5/30/2015,13:33:31,7,34,AH0,90,37.5612,Day,F,L,A,MYSE
151.909,8443,6/3/2015,5/29/2015,13:33:32,7,31.2,AH0,215,34.3759424,Day,F,L,A,MYSE
151.909,8443,6/3/2015,5/30/2015,13:33:33,7,34,AH0,107,37.5612,Day,F,L,A,MYSE
151.909,8443,6/3/2015,5/29/2015,13:33:34,7,31.2,AH0,215,34.3759424,Day,F,L,A,MYSE
151.909,8443,6/3/2015,5/30/2015,13:33:35,7,33.9,AH0,104,37.4755127,Day,F,L,A,MYSE
151.909,8443,6/3/2015,5/29/2015,13:33:36,7,31.2,AH0,216,34.3759424,Day,F,L,A,MYSE
151.909,8443,6/3/2015,5/30/2015,13:33:37,7,34,AH0,102,37.5612,Day,F,L,A,MYSE
151.909,8443,6/3/2015,5/29/2015,13:33:38,7,31.2,AH0,217,34.3759424,Day,F,L,A,MYSE
151.909,8443,6/3/2015,5/30/2015,13:33:49,7,33.8,AH0,108,37.3879176,Day,F,L,A,MYSE
151.909,8443,6/3/2015,5/29/2015,13:33:51,7,31.2,AH0,217,34.3759424,Day,F,L,A,MYSE
151.909,8443,6/3/2015,5/30/2015,13:33:51,7,33.8,AH0,95,37.3879176,Day,F,L,A,MYSE
151.909,8443,6/3/2015,5/30/2015,13:33:52,7,33.8,AH0,99,37.3879176,Day,F,L,A,MYSE
151.909,8443,6/3/2015,5/29/2015,13:33:53,7,31.2,AH0,215,34.3759424,Day,F,L,A,MYSE
151.909,8443,6/3/2015,5/30/2015,13:33:54,7,33.8,AH0,101,37.3879176,Day,F,L,A,MYSE
151.909,8443,6/3/2015,5/29/2015,13:33:55,7,31.2,AH0,213,34.3759424,Day,F,L,A,MYSE
151.909,8443,6/3/2015,5/30/2015,13:33:56,7,33.8,AH0,110,37.3879176,Day,F,L,A,MYSE
151.909,8443,6/3/2015,5/29/2015,13:33:57,7,31.2,AH0,216,34.3759424,Day,F,L,A,MYSE
151.909,8443,6/3/2015,5/30/2015,13:34:10,7,33.7,AH0,107,37.2983949,Day,F,L,A,MYSE
151.909,8443,6/3/2015,5/29/2015,13:34:11,7,31.3,AH0,214,34.5200901,Day,F,L,A,MYSE
151.909,8443,6/3/2015,5/30/2015,13:34:12,7,33.7,AH0,102,37.2983949,Day,F,L,A,MYSE
151.909,8443,6/3/2015,5/29/2015,13:34:13,7,31.3,AH0,216,34.5200901,Day,F,L,A,MYSE
151.909,8443,6/3/2015,5/30/2015,13:34:14,7,33.7,AH0,108,37.2983949,Day,F,L,A,MYSE
151.909,8443,6/3/2015,5/29/2015,13:34:15,7,31.3,AH0,216,34.5200901,Day,F,L,A,MYSE
151.909,8443,6/3/2015,5/29/2015,13:34:16,7,31.3,AH0,214,34.5200901,Day,F,L,A,MYSE
151.909,8443,6/3/2015,5/30/2015,13:34:16,7,33.7,AH0,118,37.2983949,Day,F,L,A,MYSE
151.909,8443,6/3/2015,5/30/2015,13:34:30,7,33.7,AH0,116,37.2983949,Day,F,L,A,MYSE
151.909,8443,6/3/2015,5/29/2015,13:34:32,7,31.3,AH0,214,34.5200901,Day,F,L,A,MYSE
151.909,8443,6/3/2015,5/30/2015,13:34:32,7,33.7,AH0,113,37.2983949,Day,F,L,A,MYSE
151.909,8443,6/3/2015,5/30/2015,13:34:33,7,33.7,AH0,111,37.2983949,Day,F,L,A,MYSE
151.909,8443,6/3/2015,5/29/2015,13:34:34,7,31.3,AH0,213,34.5200901,Day,F,L,A,MYSE
151.909,8443,6/3/2015,5/30/2015,13:34:35,7,33.7,AH0,112,37.2983949,Day,F,L,A,MYSE
151.909,8443,6/3/2015,5/29/2015,13:34:36,7,31.3,AH0,216,34.5200901,Day,F,L,A,MYSE
151.909,8443,6/3/2015,5/29/2015,13:34:38,7,31.3,AH0,216,34.5200901,Day,F,L,A,MYSE
151.909,8443,6/3/2015,5/30/2015,13:34:49,7,33.7,AH0,102,37.2983949,Day,F,L,A,MYSE
151.909,8443,6/3/2015,5/29/2015,13:34:51,7,31.3,AH0,214,34.5200901,Day,F,L,A,MYSE
151.909,8443,6/3/2015,5/30/2015,13:34:51,7,33.7,AH0,108,37.2983949,Day,F,L,A,MYSE
151.909,8443,6/3/2015,5/29/2015,13:34:53,7,31.3,AH0,217,34.5200901,Day,F,L,A,MYSE
151.909,8443,6/3/2015,5/30/2015,13:34:53,7,33.6,AH0,103,37.2069248,Day,F,L,A,MYSE
151.909,8443,6/3/2015,5/29/2015,13:34:55,7,31.3,AH0,216,34.5200901,Day,F,L,A,MYSE
151.909,8443,6/3/2015,5/30/2015,13:34:55,7,33.6,AH0,99,37.2069248,Day,F,L,A,MYSE
151.909,8443,6/3/2015,5/29/2015,13:34:57,7,31.3,AH0,213,34.5200901,Day,F,L,A,MYSE
151.909,8443,6/3/2015,5/30/2015,13:34:57,7,33.6,AH0,105,37.2069248,Day,F,L,A,MYSE
151.909,8443,6/3/2015,5/30/2015,13:35:09,7,33.6,AH0,109,37.2069248,Day,F,L,A,MYSE
151.909,8443,6/3/2015,5/30/2015,13:35:11,7,33.7,AH0,106,37.2983949,Day,F,L,A,MYSE
151.909,8443,6/3/2015,5/29/2015,13:35:12,7,31.3,AH0,213,34.5200901,Day,F,L,A,MYSE
151.909,8443,6/3/2015,5/30/2015,13:35:13,7,33.7,AH0,109,37.2983949,Day,F,L,A,MYSE
151.909,8443,6/3/2015,5/29/2015,13:35:14,7,31.3,AH0,217,34.5200901,Day,F,L,A,MYSE
151.909,8443,6/3/2015,5/30/2015,13:35:14,7,33.7,AH0,114,37.2983949,Day,F,L,A,MYSE
151.909,8443,6/3/2015,5/29/2015,13:35:16,7,31.3,AH0,215,34.5200901,Day,F,L,A,MYSE
151.909,8443,6/3/2015,5/30/2015,13:35:16,7,33.6,AH0,114,37.2069248,Day,F,L,A,MYSE
151.909,8443,6/3/2015,5/29/2015,13:35:18,7,31.3,AH0,216,34.5200901,Day,F,L,A,MYSE
151.909,8443,6/3/2015,5/30/2015,13:35:29,7,33.6,AH0,117,37.2069248,Day,F,L,A,MYSE
151.909,8443,6/3/2015,5/30/2015,13:35:30,7,33.6,AH0,121,37.2069248,Day,F,L,A,MYSE
151.909,8443,6/3/2015,5/29/2015,13:35:31,7,31.3,AH0,217,34.5200901,Day,F,L,A,MYSE
151.909,8443,6/3/2015,5/30/2015,13:35:32,7,33.6,AH0,118,37.2069248,Day,F,L,A,MYSE
151.909,8443,6/3/2015,5/29/2015,13:35:33,7,31.3,AH0,214,34.5200901,Day,F,L,A,MYSE
151.909,8443,6/3/2015,5/30/2015,13:35:34,7,33.6,AH0,122,37.2069248,Day,F,L,A,MYSE
151.909,8443,6/3/2015,5/29/2015,13:35:35,7,31.3,AH0,215,34.5200901,Day,F,L,A,MYSE
151.909,8443,6/3/2015,5/30/2015,13:35:36,7,33.6,AH0,117,37.2069248,Day,F,L,A,MYSE
151.909,8443,6/3/2015,5/29/2015,13:35:37,7,31.3,AH0,216,34.5200901,Day,F,L,A,MYSE
151.909,8443,6/3/2015,5/29/2015,13:35:50,7,31.3,AH0,215,34.5200901,Day,F,L,A,MYSE
151.909,8443,6/3/2015,5/30/2015,13:35:50,7,33.6,AH0,110,37.2069248,Day,F,L,A,MYSE
151.909,8443,6/3/2015,5/29/2015,13:35:52,7,31.4,AH0,215,34.6618152,Day,F,L,A,MYSE
151.909,8443,6/3/2015,5/30/2015,13:35:52,7,33.6,AH0,105,37.2069248,Day,F,L,A,MYSE
151.909,8443,6/3/2015,5/29/2015,13:35:54,7,31.3,AH0,216,34.5200901,Day,F,L,A,MYSE
151.909,8443,6/3/2015,5/30/2015,13:35:54,7,33.6,AH0,107,37.2069248,Day,F,L,A,MYSE
151.909,8443,6/3/2015,5/29/2015,13:35:56,7,31.3,AH0,215,34.5200901,Day,F,L,A,MYSE
151.909,8443,6/3/2015,5/30/2015,13:35:56,7,33.6,AH0,114,37.2069248,Day,F,L,A,MYSE
151.909,8443,6/3/2015,5/29/2015,13:35:58,7,31.4,AH0,215,34.6618152,Day,F,L,A,MYSE
151.909,8443,6/3/2015,5/30/2015,13:36:10,7,33.6,AH0,117,37.2069248,Day,F,L,A,MYSE
151.909,8443,6/3/2015,5/29/2015,13:36:11,7,31.4,AH0,215,34.6618152,Day,F,L,A,MYSE
151.909,8443,6/3/2015,5/30/2015,13:36:12,7,33.6,AH0,115,37.2069248,Day,F,L,A,MYSE
151.909,8443,6/3/2015,5/29/2015,13:36:13,7,31.4,AH0,214,34.6618152,Day,F,L,A,MYSE
151.909,8443,6/3/2015,5/30/2015,13:36:13,7,33.6,AH0,118,37.2069248,Day,F,L,A,MYSE
151.909,8443,6/3/2015,5/29/2015,13:36:15,7,31.4,AH0,215,34.6618152,Day,F,L,A,MYSE
151.909,8443,6/3/2015,5/30/2015,13:36:15,7,33.6,AH0,109,37.2069248,Day,F,L,A,MYSE
151.909,8443,6/3/2015,5/29/2015,13:36:17,7,31.4,AH0,215,34.6618152,Day,F,L,A,MYSE
151.909,8443,6/3/2015,5/30/2015,13:36:29,7,33.7,AH0,115,37.2983949,Day,F,L,A,MYSE
151.909,8443,6/3/2015,5/29/2015,13:36:31,7,31.4,AH0,211,34.6618152,Day,F,L,A,MYSE
151.909,8443,6/3/2015,5/30/2015,13:36:31,7,33.7,AH0,121,37.2983949,Day,F,L,A,MYSE
151.909,8443,6/3/2015,5/29/2015,13:36:32,7,31.4,AH0,216,34.6618152,Day,F,L,A,MYSE
151.909,8443,6/3/2015,5/30/2015,13:36:33,7,33.7,AH0,109,37.2983949,Day,F,L,A,MYSE
151.909,8443,6/3/2015,5/29/2015,13:36:34,7,31.4,AH0,216,34.6618152,Day,F,L,A,MYSE
151.909,8443,6/3/2015,5/30/2015,13:36:35,7,33.7,AH0,111,37.2983949,Day,F,L,A,MYSE
151.909,8443,6/3/2015,5/29/2015,13:36:36,7,31.4,AH0,214,34.6618152,Day,F,L,A,MYSE
151.909,8443,6/3/2015,5/30/2015,13:36:37,7,33.7,AH0,112,37.2983949,Day,F,L,A,MYSE
151.909,8443,6/3/2015,5/29/2015,13:36:38,7,31.4,AH0,216,34.6618152,Day,F,L,A,MYSE
151.909,8443,6/3/2015,5/30/2015,13:36:49,7,33.7,AH0,120,37.2983949,Day,F,L,A,MYSE
151.909,8443,6/3/2015,5/30/2015,13:36:51,7,33.7,AH0,123,37.2983949,Day,F,L,A,MYSE
151.909,8443,6/3/2015,5/29/2015,13:36:52,7,31.3,AH0,217,34.5200901,Day,F,L,A,MYSE
151.909,8443,6/3/2015,5/30/2015,13:36:53,7,33.8,AH0,121,37.3879176,Day,F,L,A,MYSE
151.909,8443,6/3/2015,5/29/2015,13:36:54,7,31.3,AH0,216,34.5200901,Day,F,L,A,MYSE
151.909,8443,6/3/2015,5/30/2015,13:36:54,7,33.8,AH0,119,37.3879176,Day,F,L,A,MYSE
151.909,8443,6/3/2015,5/29/2015,13:36:55,7,31.3,AH0,213,34.5200901,Day,F,L,A,MYSE
151.909,8443,6/3/2015,5/30/2015,13:36:56,7,33.7,AH0,111,37.2983949,Day,F,L,A,MYSE
151.909,8443,6/3/2015,5/29/2015,13:36:57,7,31.3,AH0,217,34.5200901,Day,F,L,A,MYSE
151.909,8443,6/3/2015,5/30/2015,13:37:09,7,33.8,AH0,120,37.3879176,Day,F,L,A,MYSE
151.909,8443,6/3/2015,5/30/2015,13:37:10,7,33.8,AH0,120,37.3879176,Day,F,L,A,MYSE
151.909,8443,6/3/2015,5/29/2015,13:37:11,7,31.3,AH0,216,34.5200901,Day,F,L,A,MYSE
151.909,8443,6/3/2015,5/30/2015,13:37:12,7,33.8,AH0,111,37.3879176,Day,F,L,A,MYSE
151.909,8443,6/3/2015,5/29/2015,13:37:13,7,31.3,AH0,212,34.5200901,Day,F,L,A,MYSE
151.909,8443,6/3/2015,5/30/2015,13:37:14,7,33.8,AH0,105,37.3879176,Day,F,L,A,MYSE
151.909,8443,6/3/2015,5/29/2015,13:37:15,7,31.3,AH0,217,34.5200901,Day,F,L,A,MYSE
151.909,8443,6/3/2015,5/30/2015,13:37:16,7,33.8,AH0,111,37.3879176,Day,F,L,A,MYSE
151.909,8443,6/3/2015,5/29/2015,13:37:17,7,31.2,AH0,215,34.3759424,Day,F,L,A,MYSE
151.909,8443,6/3/2015,5/30/2015,13:37:30,7,33.8,AH0,112,37.3879176,Day,F,L,A,MYSE
151.909,8443,6/3/2015,5/29/2015,13:37:32,7,31.2,AH0,215,34.3759424,Day,F,L,A,MYSE
151.909,8443,6/3/2015,5/30/2015,13:37:32,7,33.8,AH0,114,37.3879176,Day,F,L,A,MYSE
151.909,8443,6/3/2015,5/30/2015,13:37:33,7,33.8,AH0,113,37.3879176,Day,F,L,A,MYSE
151.909,8443,6/3/2015,5/29/2015,13:37:34,7,31.2,AH0,215,34.3759424,Day,F,L,A,MYSE
151.909,8443,6/3/2015,5/30/2015,13:37:35,7,33.8,AH0,111,37.3879176,Day,F,L,A,MYSE
151.909,8443,6/3/2015,5/29/2015,13:37:36,7,31.2,AH0,214,34.3759424,Day,F,L,A,MYSE
151.909,8443,6/3/2015,5/29/2015,13:37:38,7,31.2,AH0,215,34.3759424,Day,F,L,A,MYSE
151.909,8443,6/3/2015,5/30/2015,13:37:49,7,33.8,AH0,112,37.3879176,Day,F,L,A,MYSE
151.909,8443,6/3/2015,5/29/2015,13:37:51,7,31.2,AH0,217,34.3759424,Day,F,L,A,MYSE
151.909,8443,6/3/2015,5/30/2015,13:37:51,7,33.8,AH0,112,37.3879176,Day,F,L,A,MYSE
151.909,8443,6/3/2015,5/29/2015,13:37:53,7,31.2,AH0,213,34.3759424,Day,F,L,A,MYSE
151.909,8443,6/3/2015,5/30/2015,13:37:53,7,33.8,AH0,119,37.3879176,Day,F,L,A,MYSE
151.909,8443,6/3/2015,5/29/2015,13:37:55,7,31.2,AH0,217,34.3759424,Day,F,L,A,MYSE
151.909,8443,6/3/2015,5/30/2015,13:37:55,7,33.8,AH0,116,37.3879176,Day,F,L,A,MYSE
151.909,8443,6/3/2015,5/29/2015,13:37:57,7,31.2,AH0,213,34.3759424,Day,F,L,A,MYSE
151.909,8443,6/3/2015,5/30/2015,13:37:57,7,33.8,AH0,118,37.3879176,Day,F,L,A,MYSE
151.909,8443,6/3/2015,5/30/2015,13:38:09,7,33.8,AH0,114,37.3879176,Day,F,L,A,MYSE
151.909,8443,6/3/2015,5/29/2015,13:38:10,7,31.2,AH0,216,34.3759424,Day,F,L,A,MYSE
151.909,8443,6/3/2015,5/30/2015,13:38:11,7,33.8,AH0,115,37.3879176,Day,F,L,A,MYSE
151.909,8443,6/3/2015,5/29/2015,13:38:12,7,31.2,AH0,216,34.3759424,Day,F,L,A,MYSE
151.909,8443,6/3/2015,5/30/2015,13:38:12,7,33.8,AH0,119,37.3879176,Day,F,L,A,MYSE
151.909,8443,6/3/2015,5/29/2015,13:38:14,7,31.2,AH0,215,34.3759424,Day,F,L,A,MYSE
151.909,8443,6/3/2015,5/30/2015,13:38:14,7,33.8,AH0,125,37.3879176,Day,F,L,A,MYSE
151.909,8443,6/3/2015,5/29/2015,13:38:16,7,31.2,AH0,217,34.3759424,Day,F,L,A,MYSE
151.909,8443,6/3/2015,5/30/2015,13:38:16,7,33.8,AH0,120,37.3879176,Day,F,L,A,MYSE
151.909,8443,6/3/2015,5/29/2015,13:38:18,7,31.2,AH0,216,34.3759424,Day,F,L,A,MYSE
151.909,8443,6/3/2015,5/30/2015,13:38:28,7,33.9,AH0,93,37.4755127,Day,F,L,A,MYSE
151.909,8443,6/3/2015,5/30/2015,13:38:30,7,33.9,AH0,101,37.4755127,Day,F,L,A,MYSE
151.909,8443,6/3/2015,5/29/2015,13:38:32,7,31.2,AH0,214,34.3759424,Day,F,L,A,MYSE
151.909,8443,6/3/2015,5/30/2015,13:38:32,7,33.9,AH0,105,37.4755127,Day,F,L,A,MYSE
151.909,8443,6/3/2015,5/28/2015,13:38:33,7,10.1,AH0,45,-81.6652167,Day,F,L,A,MYSE
151.909,8443,6/3/2015,5/29/2015,13:38:33,7,31.2,AH0,214,34.3759424,Day,F,L,A,MYSE
151.909,8443,6/3/2015,5/30/2015,13:38:34,7,33.8,AH0,117,37.3879176,Day,F,L,A,MYSE
151.909,8443,6/3/2015,5/29/2015,13:38:35,7,31.2,AH0,214,34.3759424,Day,F,L,A,MYSE
151.909,8443,6/3/2015,5/30/2015,13:38:36,7,33.9,AH0,120,37.4755127,Day,F,L,A,MYSE
151.909,8443,6/3/2015,5/29/2015,13:38:37,7,31.2,AH0,214,34.3759424,Day,F,L,A,MYSE
151.909,8443,6/3/2015,5/30/2015,13:38:50,7,33.8,AH0,120,37.3879176,Day,F,L,A,MYSE
151.909,8443,6/3/2015,5/29/2015,13:38:51,7,31.2,AH0,217,34.3759424,Day,F,L,A,MYSE
151.909,8443,6/3/2015,5/30/2015,13:38:52,7,33.8,AH0,108,37.3879176,Day,F,L,A,MYSE
151.909,8443,6/3/2015,5/29/2015,13:38:53,7,31.2,AH0,214,34.3759424,Day,F,L,A,MYSE
151.909,8443,6/3/2015,5/30/2015,13:38:53,7,33.8,AH0,116,37.3879176,Day,F,L,A,MYSE
151.909,8443,6/3/2015,5/29/2015,13:38:55,7,31.2,AH0,215,34.3759424,Day,F,L,A,MYSE
151.909,8443,6/3/2015,5/30/2015,13:38:55,7,33.8,AH0,119,37.3879176,Day,F,L,A,MYSE
151.909,8443,6/3/2015,5/29/2015,13:38:57,7,31.2,AH0,212,34.3759424,Day,F,L,A,MYSE
151.909,8443,6/3/2015,5/30/2015,13:39:09,7,33.8,AH0,110,37.3879176,Day,F,L,A,MYSE
151.909,8443,6/3/2015,5/30/2015,13:39:11,7,33.8,AH0,101,37.3879176,Day,F,L,A,MYSE
151.909,8443,6/3/2015,5/29/2015,13:39:12,7,31.2,AH0,213,34.3759424,Day,F,L,A,MYSE
151.909,8443,6/3/2015,5/30/2015,13:39:13,7,33.8,AH0,115,37.3879176,Day,F,L,A,MYSE
151.909,8443,6/3/2015,5/29/2015,13:39:14,7,31.2,AH0,214,34.3759424,Day,F,L,A,MYSE
151.909,8443,6/3/2015,5/30/2015,13:39:15,7,33.8,AH0,118,37.3879176,Day,F,L,A,MYSE
151.909,8443,6/3/2015,5/29/2015,13:39:16,7,31.2,AH0,215,34.3759424,Day,F,L,A,MYSE
151.909,8443,6/3/2015,5/30/2015,13:39:16,7,33.8,AH0,119,37.3879176,Day,F,L,A,MYSE
151.909,8443,6/3/2015,5/29/2015,13:39:18,7,31.2,AH0,215,34.3759424,Day,F,L,A,MYSE
151.909,8443,6/3/2015,5/30/2015,13:39:29,7,33.8,AH0,112,37.3879176,Day,F,L,A,MYSE
151.909,8443,6/3/2015,5/29/2015,13:39:31,7,31.1,AH0,212,34.2293523,Day,F,L,A,MYSE
151.909,8443,6/3/2015,5/30/2015,13:39:31,7,33.8,AH0,112,37.3879176,Day,F,L,A,MYSE
151.909,8443,6/3/2015,5/30/2015,13:39:32,7,33.8,AH0,116,37.3879176,Day,F,L,A,MYSE
151.909,8443,6/3/2015,5/29/2015,13:39:33,7,31.1,AH0,216,34.2293523,Day,F,L,A,MYSE
151.909,8443,6/3/2015,5/30/2015,13:39:34,7,33.8,AH0,116,37.3879176,Day,F,L,A,MYSE
151.909,8443,6/3/2015,5/29/2015,13:39:35,7,31.1,AH0,216,34.2293523,Day,F,L,A,MYSE
151.909,8443,6/3/2015,5/30/2015,13:39:36,7,33.8,AH0,108,37.3879176,Day,F,L,A,MYSE
151.909,8443,6/3/2015,5/29/2015,13:39:37,7,31.1,AH0,215,34.2293523,Day,F,L,A,MYSE
151.909,8443,6/3/2015,5/30/2015,13:39:50,7,33.8,AH0,112,37.3879176,Day,F,L,A,MYSE
151.909,8443,6/3/2015,5/29/2015,13:39:51,7,31.1,AH0,212,34.2293523,Day,F,L,A,MYSE
151.909,8443,6/3/2015,5/29/2015,13:39:52,7,31.1,AH0,214,34.2293523,Day,F,L,A,MYSE
151.909,8443,6/3/2015,5/30/2015,13:39:52,7,33.7,AH0,111,37.2983949,Day,F,L,A,MYSE
151.909,8443,6/3/2015,5/29/2015,13:39:54,7,31.1,AH0,214,34.2293523,Day,F,L,A,MYSE
151.909,8443,6/3/2015,5/30/2015,13:39:54,7,33.7,AH0,108,37.2983949,Day,F,L,A,MYSE
151.909,8443,6/3/2015,5/30/2015,13:39:55,7,33.8,AH0,100,37.3879176,Day,F,L,A,MYSE
151.909,8443,6/3/2015,5/29/2015,13:39:56,7,31.1,AH0,215,34.2293523,Day,F,L,A,MYSE
151.909,8443,6/3/2015,5/30/2015,13:40:10,7,33.8,AH0,113,37.3879176,Day,F,L,A,MYSE
151.909,8443,6/3/2015,5/30/2015,13:40:11,7,33.8,AH0,108,37.3879176,Day,F,L,A,MYSE
151.909,8443,6/3/2015,5/29/2015,13:40:12,7,31.1,AH0,214,34.2293523,Day,F,L,A,MYSE
151.909,8443,6/3/2015,5/30/2015,13:40:13,7,33.8,AH0,102,37.3879176,Day,F,L,A,MYSE
151.909,8443,6/3/2015,5/29/2015,13:40:14,7,31.1,AH0,216,34.2293523,Day,F,L,A,MYSE
151.909,8443,6/3/2015,5/30/2015,13:40:15,7,33.7,AH0,98,37.2983949,Day,F,L,A,MYSE
151.909,8443,6/3/2015,5/29/2015,13:40:16,7,31.1,AH0,215,34.2293523,Day,F,L,A,MYSE
151.909,8443,6/3/2015,5/29/2015,13:40:18,7,31.1,AH0,217,34.2293523,Day,F,L,A,MYSE
151.909,8443,6/3/2015,5/30/2015,13:40:29,7,33.8,AH0,108,37.3879176,Day,F,L,A,MYSE
151.909,8443,6/3/2015,5/29/2015,13:40:31,7,31.1,AH0,213,34.2293523,Day,F,L,A,MYSE
151.909,8443,6/3/2015,5/30/2015,13:40:31,7,33.8,AH0,107,37.3879176,Day,F,L,A,MYSE
151.909,8443,6/3/2015,5/29/2015,13:40:33,7,31.1,AH0,215,34.2293523,Day,F,L,A,MYSE
151.909,8443,6/3/2015,5/30/2015,13:40:33,7,33.7,AH0,107,37.2983949,Day,F,L,A,MYSE
151.909,8443,6/3/2015,5/29/2015,13:40:35,7,31.1,AH0,216,34.2293523,Day,F,L,A,MYSE
151.909,8443,6/3/2015,5/30/2015,13:40:35,7,33.8,AH0,110,37.3879176,Day,F,L,A,MYSE
151.909,8443,6/3/2015,5/30/2015,13:40:36,7,33.8,AH0,104,37.3879176,Day,F,L,A,MYSE
151.909,8443,6/3/2015,5/29/2015,13:40:37,7,31.1,AH0,213,34.2293523,Day,F,L,A,MYSE
151.909,8443,6/3/2015,5/30/2015,13:40:49,7,33.5,AH0,108,37.1134875,Day,F,L,A,MYSE
151.909,8443,6/3/2015,5/29/2015,13:40:50,7,31.1,AH0,213,34.2293523,Day,F,L,A,MYSE
151.909,8443,6/3/2015,5/30/2015,13:40:51,7,33.5,AH0,105,37.1134875,Day,F,L,A,MYSE
151.909,8443,6/3/2015,5/29/2015,13:40:52,7,31.1,AH0,213,34.2293523,Day,F,L,A,MYSE
151.909,8443,6/3/2015,5/30/2015,13:40:52,7,33.5,AH0,101,37.1134875,Day,F,L,A,MYSE
151.909,8443,6/3/2015,5/29/2015,13:40:54,7,31.1,AH0,215,34.2293523,Day,F,L,A,MYSE
151.909,8443,6/3/2015,5/30/2015,13:40:54,7,33.5,AH0,100,37.1134875,Day,F,L,A,MYSE
151.909,8443,6/3/2015,5/29/2015,13:40:56,7,31.1,AH0,214,34.2293523,Day,F,L,A,MYSE
151.909,8443,6/3/2015,5/30/2015,13:40:56,7,33.4,AH0,101,37.0180632,Day,F,L,A,MYSE
151.909,8443,6/3/2015,5/29/2015,13:40:58,7,31.1,AH0,216,34.2293523,Day,F,L,A,MYSE
151.909,8443,6/3/2015,5/30/2015,13:41:09,7,33.4,AH0,104,37.0180632,Day,F,L,A,MYSE
151.909,8443,6/3/2015,5/30/2015,13:41:10,7,33.3,AH0,103,36.9206321,Day,F,L,A,MYSE
151.909,8443,6/3/2015,5/29/2015,13:41:12,7,31.1,AH0,215,34.2293523,Day,F,L,A,MYSE
151.909,8443,6/3/2015,5/30/2015,13:41:12,7,33.3,AH0,101,36.9206321,Day,F,L,A,MYSE
151.909,8443,6/3/2015,5/29/2015,13:41:14,7,31.1,AH0,216,34.2293523,Day,F,L,A,MYSE
151.909,8443,6/3/2015,5/30/2015,13:41:14,7,33.3,AH0,99,36.9206321,Day,F,L,A,MYSE
151.909,8443,6/3/2015,5/29/2015,13:41:16,7,31.1,AH0,216,34.2293523,Day,F,L,A,MYSE
151.909,8443,6/3/2015,5/30/2015,13:41:16,7,33.3,AH0,100,36.9206321,Day,F,L,A,MYSE
151.909,8443,6/3/2015,5/29/2015,13:41:17,7,31.1,AH0,214,34.2293523,Day,F,L,A,MYSE
151.909,8443,6/3/2015,5/30/2015,13:41:28,7,33.5,AH0,108,37.1134875,Day,F,L,A,MYSE
151.909,8443,6/3/2015,5/30/2015,13:41:30,7,33.2,AH0,114,36.8211744,Day,F,L,A,MYSE
151.909,8443,6/3/2015,5/29/2015,13:41:31,7,31.1,AH0,214,34.2293523,Day,F,L,A,MYSE
151.909,8443,6/3/2015,5/30/2015,13:41:32,7,33.2,AH0,108,36.8211744,Day,F,L,A,MYSE
151.909,8443,6/3/2015,5/29/2015,13:41:33,7,31.1,AH0,215,34.2293523,Day,F,L,A,MYSE
151.909,8443,6/3/2015,5/30/2015,13:41:34,7,33.2,AH0,105,36.8211744,Day,F,L,A,MYSE
151.909,8443,6/3/2015,5/29/2015,13:41:35,7,31.1,AH0,216,34.2293523,Day,F,L,A,MYSE
151.909,8443,6/3/2015,5/30/2015,13:41:36,7,33.2,AH0,109,36.8211744,Day,F,L,A,MYSE
151.909,8443,6/3/2015,5/29/2015,13:41:37,7,31.1,AH0,214,34.2293523,Day,F,L,A,MYSE
151.909,8443,6/3/2015,5/29/2015,13:41:50,7,31.1,AH0,216,34.2293523,Day,F,L,A,MYSE
151.909,8443,6/3/2015,5/30/2015,13:41:50,7,33.3,AH0,108,36.9206321,Day,F,L,A,MYSE
151.909,8443,6/3/2015,5/29/2015,13:41:52,7,31.1,AH0,217,34.2293523,Day,F,L,A,MYSE
151.909,8443,6/3/2015,5/30/2015,13:41:52,7,33.3,AH0,97,36.9206321,Day,F,L,A,MYSE
151.909,8443,6/3/2015,5/29/2015,13:41:54,7,31.1,AH0,217,34.2293523,Day,F,L,A,MYSE
151.909,8443,6/3/2015,5/30/2015,13:41:54,7,33.3,AH0,113,36.9206321,Day,F,L,A,MYSE
151.909,8443,6/3/2015,5/30/2015,13:41:55,7,33.3,AH0,106,36.9206321,Day,F,L,A,MYSE
151.909,8443,6/3/2015,5/29/2015,13:41:56,7,31.1,AH0,213,34.2293523,Day,F,L,A,MYSE
151.909,8443,6/3/2015,5/29/2015,13:41:58,7,31.1,AH0,214,34.2293523,Day,F,L,A,MYSE
151.909,8443,6/3/2015,5/30/2015,13:42:10,7,33.5,AH0,109,37.1134875,Day,F,L,A,MYSE
151.909,8443,6/3/2015,5/29/2015,13:42:12,7,31.1,AH0,217,34.2293523,Day,F,L,A,MYSE
151.909,8443,6/3/2015,5/30/2015,13:42:12,7,33.5,AH0,100,37.1134875,Day,F,L,A,MYSE
151.909,8443,6/3/2015,5/29/2015,13:42:13,7,31.1,AH0,214,34.2293523,Day,F,L,A,MYSE
151.909,8443,6/3/2015,5/30/2015,13:42:13,7,33.5,AH0,108,37.1134875,Day,F,L,A,MYSE
151.909,8443,6/3/2015,5/29/2015,13:42:15,7,31,AH0,216,34.0803,Day,F,L,A,MYSE
151.909,8443,6/3/2015,5/30/2015,13:42:15,7,33.5,AH0,108,37.1134875,Day,F,L,A,MYSE
151.909,8443,6/3/2015,5/29/2015,13:42:17,7,31.1,AH0,214,34.2293523,Day,F,L,A,MYSE
151.909,8443,6/3/2015,5/30/2015,13:42:30,7,33.6,AH0,105,37.2069248,Day,F,L,A,MYSE
151.909,8443,6/3/2015,5/29/2015,13:42:31,7,31.1,AH0,215,34.2293523,Day,F,L,A,MYSE
151.909,8443,6/3/2015,5/30/2015,13:42:31,7,33.7,AH0,112,37.2983949,Day,F,L,A,MYSE
151.909,8443,6/3/2015,5/29/2015,13:42:33,7,31.1,AH0,216,34.2293523,Day,F,L,A,MYSE
151.909,8443,6/3/2015,5/30/2015,13:42:33,7,33.7,AH0,110,37.2983949,Day,F,L,A,MYSE
151.909,8443,6/3/2015,5/29/2015,13:42:35,7,31,AH0,217,34.0803,Day,F,L,A,MYSE
151.909,8443,6/3/2015,5/30/2015,13:42:35,7,33.7,AH0,103,37.2983949,Day,F,L,A,MYSE
151.909,8443,6/3/2015,5/29/2015,13:42:37,7,31,AH0,215,34.0803,Day,F,L,A,MYSE
151.909,8443,6/3/2015,5/30/2015,13:42:49,7,33.7,AH0,108,37.2983949,Day,F,L,A,MYSE
151.909,8443,6/3/2015,5/29/2015,13:42:50,7,31,AH0,216,34.0803,Day,F,L,A,MYSE
151.909,8443,6/3/2015,5/30/2015,13:42:51,7,33.7,AH0,105,37.2983949,Day,F,L,A,MYSE
151.909,8443,6/3/2015,5/29/2015,13:42:52,7,31,AH0,213,34.0803,Day,F,L,A,MYSE
151.909,8443,6/3/2015,5/30/2015,13:42:53,7,33.7,AH0,99,37.2983949,Day,F,L,A,MYSE
151.909,8443,6/3/2015,5/29/2015,13:42:54,7,31,AH0,217,34.0803,Day,F,L,A,MYSE
151.909,8443,6/3/2015,5/30/2015,13:42:54,7,33.8,AH0,99,37.3879176,Day,F,L,A,MYSE
151.909,8443,6/3/2015,5/29/2015,13:42:56,7,31,AH0,216,34.0803,Day,F,L,A,MYSE
151.909,8443,6/3/2015,5/30/2015,13:42:56,7,33.8,AH0,111,37.3879176,Day,F,L,A,MYSE
151.909,8443,6/3/2015,5/29/2015,13:42:58,7,31,AH0,215,34.0803,Day,F,L,A,MYSE
151.909,8443,6/3/2015,5/30/2015,13:43:09,7,33.8,AH0,104,37.3879176,Day,F,L,A,MYSE
151.909,8443,6/3/2015,5/30/2015,13:43:10,7,33.8,AH0,102,37.3879176,Day,F,L,A,MYSE
151.909,8443,6/3/2015,5/29/2015,13:43:11,7,31,AH0,218,34.0803,Day,F,L,A,MYSE
151.909,8443,6/3/2015,5/30/2015,13:43:12,7,33.8,AH0,99,37.3879176,Day,F,L,A,MYSE
151.909,8443,6/3/2015,5/29/2015,13:43:13,7,31,AH0,218,34.0803,Day,F,L,A,MYSE
151.909,8443,6/3/2015,5/30/2015,13:43:14,7,33.8,AH0,102,37.3879176,Day,F,L,A,MYSE
151.909,8443,6/3/2015,5/29/2015,13:43:15,7,31,AH0,216,34.0803,Day,F,L,A,MYSE
151.909,8443,6/3/2015,5/30/2015,13:43:16,7,33.8,AH0,106,37.3879176,Day,F,L,A,MYSE
151.909,8443,6/3/2015,5/29/2015,13:43:17,7,31,AH0,217,34.0803,Day,F,L,A,MYSE
151.909,8443,6/3/2015,5/30/2015,13:43:30,7,33.8,AH0,103,37.3879176,Day,F,L,A,MYSE
151.909,8443,6/3/2015,5/29/2015,13:43:31,7,31,AH0,216,34.0803,Day,F,L,A,MYSE
151.909,8443,6/3/2015,5/30/2015,13:43:32,7,33.8,AH0,100,37.3879176,Day,F,L,A,MYSE
151.909,8443,6/3/2015,5/29/2015,13:43:33,7,31,AH0,219,34.0803,Day,F,L,A,MYSE
151.909,8443,6/3/2015,5/30/2015,13:43:34,7,33.8,AH0,101,37.3879176,Day,F,L,A,MYSE
151.909,8443,6/3/2015,5/29/2015,13:43:35,7,31,AH0,217,34.0803,Day,F,L,A,MYSE
151.909,8443,6/3/2015,5/30/2015,13:43:35,7,33.8,AH0,104,37.3879176,Day,F,L,A,MYSE
151.909,8443,6/3/2015,5/29/2015,13:43:37,7,31,AH0,219,34.0803,Day,F,L,A,MYSE
151.909,8443,6/3/2015,5/29/2015,13:43:50,7,31,AH0,216,34.0803,Day,F,L,A,MYSE
151.909,8443,6/3/2015,5/30/2015,13:43:50,7,33.8,AH0,102,37.3879176,Day,F,L,A,MYSE
151.909,8443,6/3/2015,5/30/2015,13:43:51,7,33.8,AH0,107,37.3879176,Day,F,L,A,MYSE
151.909,8443,6/3/2015,5/29/2015,13:43:52,7,31,AH0,212,34.0803,Day,F,L,A,MYSE
151.909,8443,6/3/2015,5/30/2015,13:43:53,7,33.8,AH0,98,37.3879176,Day,F,L,A,MYSE
151.909,8443,6/3/2015,5/29/2015,13:43:54,7,31,AH0,216,34.0803,Day,F,L,A,MYSE
151.909,8443,6/3/2015,5/30/2015,13:43:55,7,33.8,AH0,96,37.3879176,Day,F,L,A,MYSE
151.909,8443,6/3/2015,5/29/2015,13:43:56,7,31,AH0,216,34.0803,Day,F,L,A,MYSE
151.909,8443,6/3/2015,5/29/2015,13:43:58,7,31,AH0,214,34.0803,Day,F,L,A,MYSE
151.909,8443,6/3/2015,5/30/2015,13:44:09,7,33.9,AH0,104,37.4755127,Day,F,L,A,MYSE
151.909,8443,6/3/2015,5/29/2015,13:44:11,7,31,AH0,214,34.0803,Day,F,L,A,MYSE
151.909,8443,6/3/2015,5/30/2015,13:44:11,7,33.9,AH0,116,37.4755127,Day,F,L,A,MYSE
151.909,8443,6/3/2015,5/29/2015,13:44:13,7,31,AH0,215,34.0803,Day,F,L,A,MYSE
151.909,8443,6/3/2015,5/30/2015,13:44:13,7,33.9,AH0,114,37.4755127,Day,F,L,A,MYSE
151.909,8443,6/3/2015,5/30/2015,13:44:14,7,33.9,AH0,112,37.4755127,Day,F,L,A,MYSE
151.909,8443,6/3/2015,5/29/2015,13:44:15,7,31,AH0,213,34.0803,Day,F,L,A,MYSE
151.909,8443,6/3/2015,5/30/2015,13:44:16,7,33.9,AH0,108,37.4755127,Day,F,L,A,MYSE
151.909,8443,6/3/2015,5/29/2015,13:44:17,7,31,AH0,215,34.0803,Day,F,L,A,MYSE
151.909,8443,6/3/2015,5/30/2015,13:44:28,7,33.9,AH0,123,37.4755127,Day,F,L,A,MYSE
151.909,8443,6/3/2015,5/30/2015,13:44:30,7,33.9,AH0,121,37.4755127,Day,F,L,A,MYSE
151.909,8443,6/3/2015,5/29/2015,13:44:31,7,31,AH0,216,34.0803,Day,F,L,A,MYSE
151.909,8443,6/3/2015,5/30/2015,13:44:32,7,33.9,AH0,113,37.4755127,Day,F,L,A,MYSE
151.909,8443,6/3/2015,5/29/2015,13:44:33,7,31,AH0,218,34.0803,Day,F,L,A,MYSE
151.909,8443,6/3/2015,5/30/2015,13:44:34,7,33.9,AH0,101,37.4755127,Day,F,L,A,MYSE
151.909,8443,6/3/2015,5/29/2015,13:44:35,7,31,AH0,215,34.0803,Day,F,L,A,MYSE
151.909,8443,6/3/2015,5/30/2015,13:44:36,7,33.9,AH0,107,37.4755127,Day,F,L,A,MYSE
151.909,8443,6/3/2015,5/29/2015,13:44:37,7,31,AH0,218,34.0803,Day,F,L,A,MYSE
151.909,8443,6/3/2015,5/29/2015,13:44:50,7,31,AH0,217,34.0803,Day,F,L,A,MYSE
151.909,8443,6/3/2015,5/30/2015,13:44:50,7,33.9,AH0,115,37.4755127,Day,F,L,A,MYSE
151.909,8443,6/3/2015,5/29/2015,13:44:52,7,31,AH0,217,34.0803,Day,F,L,A,MYSE
151.909,8443,6/3/2015,5/30/2015,13:44:52,7,33.9,AH0,112,37.4755127,Day,F,L,A,MYSE
151.909,8443,6/3/2015,5/30/2015,13:44:53,7,33.9,AH0,111,37.4755127,Day,F,L,A,MYSE
151.909,8443,6/3/2015,5/29/2015,13:44:54,7,31,AH0,218,34.0803,Day,F,L,A,MYSE
151.909,8443,6/3/2015,5/30/2015,13:44:55,7,33.9,AH0,105,37.4755127,Day,F,L,A,MYSE
151.909,8443,6/3/2015,5/29/2015,13:44:56,7,31,AH0,217,34.0803,Day,F,L,A,MYSE
151.909,8443,6/3/2015,5/29/2015,13:44:58,7,31,AH0,217,34.0803,Day,F,L,A,MYSE
151.909,8443,6/3/2015,5/30/2015,13:45:09,7,33.9,AH0,109,37.4755127,Day,F,L,A,MYSE
151.909,8443,6/3/2015,5/30/2015,13:45:11,7,33.9,AH0,111,37.4755127,Day,F,L,A,MYSE
151.909,8443,6/3/2015,5/29/2015,13:45:12,7,31,AH0,217,34.0803,Day,F,L,A,MYSE
151.909,8443,6/3/2015,5/29/2015,13:45:13,7,31,AH0,216,34.0803,Day,F,L,A,MYSE
151.909,8443,6/3/2015,5/30/2015,13:45:13,7,33.9,AH0,113,37.4755127,Day,F,L,A,MYSE
151.909,8443,6/3/2015,5/29/2015,13:45:15,7,31,AH0,217,34.0803,Day,F,L,A,MYSE
151.909,8443,6/3/2015,5/30/2015,13:45:15,7,33.8,AH0,110,37.3879176,Day,F,L,A,MYSE
151.909,8443,6/3/2015,5/30/2015,13:45:16,7,33.9,AH0,101,37.4755127,Day,F,L,A,MYSE
151.909,8443,6/3/2015,5/29/2015,13:45:17,7,31,AH0,216,34.0803,Day,F,L,A,MYSE
151.909,8443,6/3/2015,5/30/2015,13:45:29,7,33.8,AH0,108,37.3879176,Day,F,L,A,MYSE
151.909,8443,6/3/2015,5/29/2015,13:45:31,7,31,AH0,217,34.0803,Day,F,L,A,MYSE
151.909,8443,6/3/2015,5/30/2015,13:45:31,7,33.8,AH0,115,37.3879176,Day,F,L,A,MYSE
151.909,8443,6/3/2015,5/30/2015,13:45:32,7,33.8,AH0,119,37.3879176,Day,F,L,A,MYSE
151.909,8443,6/3/2015,5/29/2015,13:45:33,7,31,AH0,217,34.0803,Day,F,L,A,MYSE
151.909,8443,6/3/2015,5/30/2015,13:45:34,7,33.8,AH0,120,37.3879176,Day,F,L,A,MYSE
151.909,8443,6/3/2015,5/29/2015,13:45:35,7,31,AH0,217,34.0803,Day,F,L,A,MYSE
151.909,8443,6/3/2015,5/30/2015,13:45:36,7,33.8,AH0,113,37.3879176,Day,F,L,A,MYSE
151.909,8443,6/3/2015,5/29/2015,13:45:37,7,31,AH0,218,34.0803,Day,F,L,A,MYSE
151.909,8443,6/3/2015,5/29/2015,13:45:50,7,31,AH0,215,34.0803,Day,F,L,A,MYSE
151.909,8443,6/3/2015,5/30/2015,13:45:50,7,33.7,AH0,118,37.2983949,Day,F,L,A,MYSE
151.909,8443,6/3/2015,5/29/2015,13:45:52,7,31,AH0,215,34.0803,Day,F,L,A,MYSE
151.909,8443,6/3/2015,5/30/2015,13:45:52,7,33.7,AH0,113,37.2983949,Day,F,L,A,MYSE
151.909,8443,6/3/2015,5/29/2015,13:45:54,7,31,AH0,215,34.0803,Day,F,L,A,MYSE
151.909,8443,6/3/2015,5/30/2015,13:45:54,7,33.7,AH0,110,37.2983949,Day,F,L,A,MYSE
151.909,8443,6/3/2015,5/30/2015,13:45:55,7,33.7,AH0,115,37.2983949,Day,F,L,A,MYSE
151.909,8443,6/3/2015,5/29/2015,13:45:56,7,31,AH0,215,34.0803,Day,F,L,A,MYSE
151.909,8443,6/3/2015,5/29/2015,13:45:58,7,31,AH0,218,34.0803,Day,F,L,A,MYSE
151.909,8443,6/3/2015,5/30/2015,13:46:10,7,33.7,AH0,115,37.2983949,Day,F,L,A,MYSE
151.909,8443,6/3/2015,5/29/2015,13:46:11,7,31.1,AH0,218,34.2293523,Day,F,L,A,MYSE
151.909,8443,6/3/2015,5/30/2015,13:46:11,7,33.6,AH0,115,37.2069248,Day,F,L,A,MYSE
151.909,8443,6/3/2015,5/29/2015,13:46:13,7,31.1,AH0,218,34.2293523,Day,F,L,A,MYSE
151.909,8443,6/3/2015,5/30/2015,13:46:13,7,33.7,AH0,113,37.2983949,Day,F,L,A,MYSE
151.909,8443,6/3/2015,5/29/2015,13:46:15,7,31.1,AH0,219,34.2293523,Day,F,L,A,MYSE
151.909,8443,6/3/2015,5/30/2015,13:46:15,7,33.7,AH0,115,37.2983949,Day,F,L,A,MYSE
151.909,8443,6/3/2015,5/29/2015,13:46:17,7,31.1,AH0,216,34.2293523,Day,F,L,A,MYSE
151.909,8443,6/3/2015,5/30/2015,13:46:29,7,33.7,AH0,117,37.2983949,Day,F,L,A,MYSE
151.909,8443,6/3/2015,5/29/2015,13:46:31,7,31.1,AH0,218,34.2293523,Day,F,L,A,MYSE
151.909,8443,6/3/2015,5/30/2015,13:46:31,7,33.7,AH0,115,37.2983949,Day,F,L,A,MYSE
151.909,8443,6/3/2015,5/29/2015,13:46:33,7,31.1,AH0,219,34.2293523,Day,F,L,A,MYSE
151.909,8443,6/3/2015,5/30/2015,13:46:33,7,33.7,AH0,114,37.2983949,Day,F,L,A,MYSE
151.909,8443,6/3/2015,5/29/2015,13:46:35,7,31.1,AH0,218,34.2293523,Day,F,L,A,MYSE
151.909,8443,6/3/2015,5/30/2015,13:46:35,7,33.7,AH0,120,37.2983949,Day,F,L,A,MYSE
151.909,8443,6/3/2015,5/30/2015,13:46:36,7,33.7,AH0,123,37.2983949,Day,F,L,A,MYSE
151.909,8443,6/3/2015,5/29/2015,13:46:37,7,31.1,AH0,216,34.2293523,Day,F,L,A,MYSE
151.909,8443,6/3/2015,5/30/2015,13:46:49,7,33.7,AH0,117,37.2983949,Day,F,L,A,MYSE
151.909,8443,6/3/2015,5/29/2015,13:46:50,7,31.1,AH0,215,34.2293523,Day,F,L,A,MYSE
151.909,8443,6/3/2015,5/30/2015,13:46:51,7,33.7,AH0,114,37.2983949,Day,F,L,A,MYSE
151.909,8443,6/3/2015,5/29/2015,13:46:52,7,31.1,AH0,212,34.2293523,Day,F,L,A,MYSE
151.909,8443,6/3/2015,5/30/2015,13:46:52,7,33.7,AH0,118,37.2983949,Day,F,L,A,MYSE
151.909,8443,6/3/2015,5/29/2015,13:46:54,7,31.1,AH0,217,34.2293523,Day,F,L,A,MYSE
151.909,8443,6/3/2015,5/30/2015,13:46:54,7,33.7,AH0,121,37.2983949,Day,F,L,A,MYSE
151.909,8443,6/3/2015,5/29/2015,13:46:56,7,31.1,AH0,217,34.2293523,Day,F,L,A,MYSE
151.909,8443,6/3/2015,5/30/2015,13:46:56,7,33.7,AH0,123,37.2983949,Day,F,L,A,MYSE
151.909,8443,6/3/2015,5/29/2015,13:46:58,7,31.1,AH0,217,34.2293523,Day,F,L,A,MYSE
151.909,8443,6/3/2015,5/30/2015,13:47:08,7,33.7,AH0,117,37.2983949,Day,F,L,A,MYSE
151.909,8443,6/3/2015,5/30/2015,13:47:10,7,33.7,AH0,115,37.2983949,Day,F,L,A,MYSE
151.909,8443,6/3/2015,5/29/2015,13:47:11,7,31.1,AH0,218,34.2293523,Day,F,L,A,MYSE
151.909,8443,6/3/2015,5/30/2015,13:47:12,7,33.7,AH0,112,37.2983949,Day,F,L,A,MYSE
151.909,8443,6/3/2015,5/29/2015,13:47:13,7,31.1,AH0,216,34.2293523,Day,F,L,A,MYSE
151.909,8443,6/3/2015,5/30/2015,13:47:14,7,33.7,AH0,118,37.2983949,Day,F,L,A,MYSE
151.909,8443,6/3/2015,5/29/2015,13:47:15,7,31.1,AH0,217,34.2293523,Day,F,L,A,MYSE
151.909,8443,6/3/2015,5/30/2015,13:47:16,7,33.7,AH0,111,37.2983949,Day,F,L,A,MYSE
151.909,8443,6/3/2015,5/29/2015,13:47:17,7,31.1,AH0,217,34.2293523,Day,F,L,A,MYSE
151.909,8443,6/3/2015,5/30/2015,13:47:30,7,33.8,AH0,119,37.3879176,Day,F,L,A,MYSE
151.909,8443,6/3/2015,5/29/2015,13:47:31,7,31.1,AH0,216,34.2293523,Day,F,L,A,MYSE
151.909,8443,6/3/2015,5/30/2015,13:47:32,7,33.7,AH0,115,37.2983949,Day,F,L,A,MYSE
151.909,8443,6/3/2015,5/29/2015,13:47:33,7,31.1,AH0,215,34.2293523,Day,F,L,A,MYSE
151.909,8443,6/3/2015,5/30/2015,13:47:33,7,33.7,AH0,121,37.2983949,Day,F,L,A,MYSE
151.909,8443,6/3/2015,5/29/2015,13:47:34,7,31.1,AH0,217,34.2293523,Day,F,L,A,MYSE
151.909,8443,6/3/2015,5/30/2015,13:47:35,7,33.7,AH0,112,37.2983949,Day,F,L,A,MYSE
151.909,8443,6/3/2015,5/29/2015,13:47:36,7,31.1,AH0,217,34.2293523,Day,F,L,A,MYSE
151.909,8443,6/3/2015,5/30/2015,13:47:49,7,33.6,AH0,117,37.2069248,Day,F,L,A,MYSE
151.909,8443,6/3/2015,5/30/2015,13:47:51,7,33.6,AH0,114,37.2069248,Day,F,L,A,MYSE
151.909,8443,6/3/2015,5/29/2015,13:47:52,7,31.1,AH0,213,34.2293523,Day,F,L,A,MYSE
151.909,8443,6/3/2015,5/30/2015,13:47:53,7,33.6,AH0,116,37.2069248,Day,F,L,A,MYSE
151.909,8443,6/3/2015,5/29/2015,13:47:54,7,31.1,AH0,212,34.2293523,Day,F,L,A,MYSE
151.909,8443,6/3/2015,5/30/2015,13:47:55,7,33.6,AH0,118,37.2069248,Day,F,L,A,MYSE
151.909,8443,6/3/2015,5/29/2015,13:47:56,7,31.1,AH0,215,34.2293523,Day,F,L,A,MYSE
151.909,8443,6/3/2015,5/29/2015,13:47:58,7,31.1,AH0,221,34.2293523,Day,F,L,A,MYSE
151.909,8443,6/3/2015,5/30/2015,13:48:09,7,33.7,AH0,111,37.2983949,Day,F,L,A,MYSE
151.909,8443,6/3/2015,5/29/2015,13:48:11,7,31.1,AH0,218,34.2293523,Day,F,L,A,MYSE
151.909,8443,6/3/2015,5/30/2015,13:48:11,7,33.7,AH0,113,37.2983949,Day,F,L,A,MYSE
151.909,8443,6/3/2015,5/29/2015,13:48:13,7,31.1,AH0,218,34.2293523,Day,F,L,A,MYSE
151.909,8443,6/3/2015,5/30/2015,13:48:13,7,33.7,AH0,124,37.2983949,Day,F,L,A,MYSE
151.909,8443,6/3/2015,5/30/2015,13:48:14,7,33.7,AH0,114,37.2983949,Day,F,L,A,MYSE
151.909,8443,6/3/2015,5/29/2015,13:48:15,7,31.1,AH0,221,34.2293523,Day,F,L,A,MYSE
151.909,8443,6/3/2015,5/30/2015,13:48:16,7,33.7,AH0,119,37.2983949,Day,F,L,A,MYSE
151.909,8443,6/3/2015,5/29/2015,13:48:17,7,31.1,AH0,217,34.2293523,Day,F,L,A,MYSE
151.909,8443,6/3/2015,5/30/2015,13:48:29,7,33.7,AH0,130,37.2983949,Day,F,L,A,MYSE
151.909,8443,6/3/2015,5/29/2015,13:48:30,7,31.1,AH0,213,34.2293523,Day,F,L,A,MYSE
151.909,8443,6/3/2015,5/30/2015,13:48:30,7,33.7,AH0,120,37.2983949,Day,F,L,A,MYSE
151.909,8443,6/3/2015,5/29/2015,13:48:32,7,31,AH0,209,34.0803,Day,F,L,A,MYSE
151.909,8443,6/3/2015,5/30/2015,13:48:32,7,33.7,AH0,119,37.2983949,Day,F,L,A,MYSE
151.909,8443,6/3/2015,5/29/2015,13:48:34,7,31.1,AH0,210,34.2293523,Day,F,L,A,MYSE
151.909,8443,6/3/2015,5/30/2015,13:48:34,7,33.7,AH0,128,37.2983949,Day,F,L,A,MYSE
151.909,8443,6/3/2015,5/29/2015,13:48:36,7,31.1,AH0,211,34.2293523,Day,F,L,A,MYSE
151.909,8443,6/3/2015,5/30/2015,13:48:36,7,33.7,AH0,123,37.2983949,Day,F,L,A,MYSE
151.909,8443,6/3/2015,5/30/2015,13:48:51,7,33.6,AH0,121,37.2069248,Day,F,L,A,MYSE
151.909,8443,6/3/2015,5/29/2015,13:48:52,7,31,AH0,210,34.0803,Day,F,L,A,MYSE
151.909,8443,6/3/2015,5/30/2015,13:48:53,7,33.6,AH0,114,37.2069248,Day,F,L,A,MYSE
151.909,8443,6/3/2015,5/29/2015,13:48:54,7,31,AH0,211,34.0803,Day,F,L,A,MYSE
151.909,8443,6/3/2015,5/30/2015,13:48:55,7,33.6,AH0,117,37.2069248,Day,F,L,A,MYSE
151.909,8443,6/3/2015,5/29/2015,13:48:56,7,31,AH0,215,34.0803,Day,F,L,A,MYSE
151.909,8443,6/3/2015,5/30/2015,13:48:56,7,33.6,AH0,118,37.2069248,Day,F,L,A,MYSE
151.909,8443,6/3/2015,5/29/2015,13:48:58,7,31,AH0,212,34.0803,Day,F,L,A,MYSE
151.909,8443,6/3/2015,5/29/2015,13:49:11,7,31,AH0,211,34.0803,Day,F,L,A,MYSE
151.909,8443,6/3/2015,5/30/2015,13:49:11,7,33.7,AH0,108,37.2983949,Day,F,L,A,MYSE
151.909,8443,6/3/2015,5/30/2015,13:49:12,7,33.7,AH0,113,37.2983949,Day,F,L,A,MYSE
151.909,8443,6/3/2015,5/29/2015,13:49:13,7,31,AH0,211,34.0803,Day,F,L,A,MYSE
151.909,8443,6/3/2015,5/30/2015,13:49:14,7,33.7,AH0,119,37.2983949,Day,F,L,A,MYSE
151.909,8443,6/3/2015,5/29/2015,13:49:15,7,31,AH0,211,34.0803,Day,F,L,A,MYSE
151.909,8443,6/3/2015,5/30/2015,13:49:16,7,33.7,AH0,124,37.2983949,Day,F,L,A,MYSE
151.909,8443,6/3/2015,5/29/2015,13:49:17,7,31,AH0,214,34.0803,Day,F,L,A,MYSE
151.909,8443,6/3/2015,5/29/2015,13:49:30,7,31,AH0,212,34.0803,Day,F,L,A,MYSE
151.909,8443,6/3/2015,5/30/2015,13:49:30,7,33.7,AH0,117,37.2983949,Day,F,L,A,MYSE
151.909,8443,6/3/2015,5/29/2015,13:49:32,7,30.9,AH0,213,33.9287657,Day,F,L,A,MYSE
151.909,8443,6/3/2015,5/30/2015,13:49:32,7,33.7,AH0,121,37.2983949,Day,F,L,A,MYSE
151.909,8443,6/3/2015,5/29/2015,13:49:34,7,30.9,AH0,206,33.9287657,Day,F,L,A,MYSE
151.909,8443,6/3/2015,5/30/2015,13:49:34,7,33.7,AH0,120,37.2983949,Day,F,L,A,MYSE
151.909,8443,6/3/2015,5/29/2015,13:49:36,7,31,AH0,210,34.0803,Day,F,L,A,MYSE
151.909,8443,6/3/2015,5/30/2015,13:49:36,7,33.7,AH0,120,37.2983949,Day,F,L,A,MYSE
151.909,8443,6/3/2015,5/30/2015,13:49:37,7,33.7,AH0,110,37.2983949,Day,F,L,A,MYSE
151.909,8443,6/3/2015,5/30/2015,13:49:50,7,33.7,AH0,119,37.2983949,Day,F,L,A,MYSE
151.909,8443,6/3/2015,5/29/2015,13:49:52,7,30.8,AH0,215,33.7747296,Day,F,L,A,MYSE
151.909,8443,6/3/2015,5/30/2015,13:49:52,7,33.7,AH0,118,37.2983949,Day,F,L,A,MYSE
151.909,8443,6/3/2015,5/30/2015,13:49:53,7,33.7,AH0,118,37.2983949,Day,F,L,A,MYSE
151.909,8443,6/3/2015,5/29/2015,13:49:54,7,30.8,AH0,213,33.7747296,Day,F,L,A,MYSE
151.909,8443,6/3/2015,5/30/2015,13:49:55,7,33.7,AH0,120,37.2983949,Day,F,L,A,MYSE
151.909,8443,6/3/2015,5/29/2015,13:49:56,7,30.8,AH0,211,33.7747296,Day,F,L,A,MYSE
151.909,8443,6/3/2015,5/30/2015,13:49:57,7,33.7,AH0,112,37.2983949,Day,F,L,A,MYSE
151.909,8443,6/3/2015,5/29/2015,13:49:58,7,30.8,AH0,214,33.7747296,Day,F,L,A,MYSE
151.909,8443,6/3/2015,5/30/2015,13:50:09,7,33.7,AH0,119,37.2983949,Day,F,L,A,MYSE
151.909,8443,6/3/2015,5/29/2015,13:50:11,7,30.7,AH0,213,33.6181719,Day,F,L,A,MYSE
151.909,8443,6/3/2015,5/30/2015,13:50:11,7,33.7,AH0,120,37.2983949,Day,F,L,A,MYSE
151.909,8443,6/3/2015,5/29/2015,13:50:13,7,30.7,AH0,211,33.6181719,Day,F,L,A,MYSE
151.909,8443,6/3/2015,5/30/2015,13:50:13,7,33.7,AH0,118,37.2983949,Day,F,L,A,MYSE
151.909,8443,6/3/2015,5/29/2015,13:50:15,7,30.7,AH0,213,33.6181719,Day,F,L,A,MYSE
151.909,8443,6/3/2015,5/30/2015,13:50:15,7,33.7,AH0,116,37.2983949,Day,F,L,A,MYSE
151.909,8443,6/3/2015,5/29/2015,13:50:17,7,30.7,AH0,215,33.6181719,Day,F,L,A,MYSE
151.909,8443,6/3/2015,5/30/2015,13:50:17,7,33.7,AH0,116,37.2983949,Day,F,L,A,MYSE
151.909,8443,6/3/2015,5/29/2015,13:50:31,7,30.7,AH0,212,33.6181719,Day,F,L,A,MYSE
151.909,8443,6/3/2015,5/30/2015,13:50:31,7,33.7,AH0,114,37.2983949,Day,F,L,A,MYSE
151.909,8443,6/3/2015,5/29/2015,13:50:33,7,30.7,AH0,214,33.6181719,Day,F,L,A,MYSE
151.909,8443,6/3/2015,5/30/2015,13:50:33,7,33.7,AH0,112,37.2983949,Day,F,L,A,MYSE
151.909,8443,6/3/2015,5/30/2015,13:50:34,7,33.7,AH0,114,37.2983949,Day,F,L,A,MYSE
151.909,8443,6/3/2015,5/29/2015,13:50:35,7,30.7,AH0,213,33.6181719,Day,F,L,A,MYSE
151.909,8443,6/3/2015,5/30/2015,13:50:36,7,33.7,AH0,110,37.2983949,Day,F,L,A,MYSE
151.909,8443,6/3/2015,5/29/2015,13:50:37,7,30.7,AH0,215,33.6181719,Day,F,L,A,MYSE
151.909,8443,6/3/2015,5/29/2015,13:50:50,7,30.7,AH0,214,33.6181719,Day,F,L,A,MYSE
151.909,8443,6/3/2015,5/30/2015,13:50:50,7,33.7,AH0,116,37.2983949,Day,F,L,A,MYSE
151.909,8443,6/3/2015,5/29/2015,13:50:52,7,30.7,AH0,215,33.6181719,Day,F,L,A,MYSE
151.909,8443,6/3/2015,5/30/2015,13:50:52,7,33.7,AH0,114,37.2983949,Day,F,L,A,MYSE
151.909,8443,6/3/2015,5/29/2015,13:50:54,7,30.7,AH0,216,33.6181719,Day,F,L,A,MYSE
151.909,8443,6/3/2015,5/30/2015,13:50:54,7,33.7,AH0,113,37.2983949,Day,F,L,A,MYSE
151.909,8443,6/3/2015,5/29/2015,13:50:56,7,30.7,AH0,215,33.6181719,Day,F,L,A,MYSE
151.909,8443,6/3/2015,5/30/2015,13:50:56,7,33.6,AH0,114,37.2069248,Day,F,L,A,MYSE
151.909,8443,6/3/2015,5/29/2015,13:51:10,7,30.7,AH0,224,33.6181719,Day,F,L,A,MYSE
151.909,8443,6/3/2015,5/30/2015,13:51:10,7,33.7,AH0,112,37.2983949,Day,F,L,A,MYSE
151.909,8443,6/3/2015,5/29/2015,13:51:12,7,30.7,AH0,220,33.6181719,Day,F,L,A,MYSE
151.909,8443,6/3/2015,5/30/2015,13:51:12,7,33.7,AH0,115,37.2983949,Day,F,L,A,MYSE
151.909,8443,6/3/2015,5/29/2015,13:51:14,7,30.7,AH0,219,33.6181719,Day,F,L,A,MYSE
151.909,8443,6/3/2015,5/30/2015,13:51:14,7,33.7,AH0,115,37.2983949,Day,F,L,A,MYSE
151.909,8443,6/3/2015,5/30/2015,13:51:15,7,33.7,AH0,115,37.2983949,Day,F,L,A,MYSE
151.909,8443,6/3/2015,5/29/2015,13:51:16,7,30.7,AH0,220,33.6181719,Day,F,L,A,MYSE
151.909,8443,6/3/2015,5/30/2015,13:51:17,7,33.7,AH0,119,37.2983949,Day,F,L,A,MYSE
151.909,8443,6/3/2015,5/29/2015,13:51:18,7,30.7,AH0,219,33.6181719,Day,F,L,A,MYSE
151.909,8443,6/3/2015,5/30/2015,13:51:30,7,33.7,AH0,115,37.2983949,Day,F,L,A,MYSE
151.909,8443,6/3/2015,5/30/2015,13:51:31,7,33.7,AH0,116,37.2983949,Day,F,L,A,MYSE
151.909,8443,6/3/2015,5/29/2015,13:51:32,7,30.8,AH0,220,33.7747296,Day,F,L,A,MYSE
151.909,8443,6/3/2015,5/29/2015,13:51:33,7,30.8,AH0,220,33.7747296,Day,F,L,A,MYSE
151.909,8443,6/3/2015,5/30/2015,13:51:33,7,33.7,AH0,115,37.2983949,Day,F,L,A,MYSE
151.909,8443,6/3/2015,5/29/2015,13:51:35,7,30.8,AH0,219,33.7747296,Day,F,L,A,MYSE
151.909,8443,6/3/2015,5/30/2015,13:51:35,7,33.7,AH0,115,37.2983949,Day,F,L,A,MYSE
151.909,8443,6/3/2015,5/29/2015,13:51:37,7,30.8,AH0,218,33.7747296,Day,F,L,A,MYSE
151.909,8443,6/3/2015,5/30/2015,13:51:37,7,33.8,AH0,115,37.3879176,Day,F,L,A,MYSE
151.909,8443,6/3/2015,5/29/2015,13:51:51,7,30.8,AH0,220,33.7747296,Day,F,L,A,MYSE
151.909,8443,6/3/2015,5/30/2015,13:51:51,7,33.7,AH0,108,37.2983949,Day,F,L,A,MYSE
151.909,8443,6/3/2015,5/29/2015,13:51:53,7,30.8,AH0,221,33.7747296,Day,F,L,A,MYSE
151.909,8443,6/3/2015,5/30/2015,13:51:53,7,33.7,AH0,114,37.2983949,Day,F,L,A,MYSE
151.909,8443,6/3/2015,5/30/2015,13:51:54,7,33.7,AH0,114,37.2983949,Day,F,L,A,MYSE
151.909,8443,6/3/2015,5/29/2015,13:51:55,7,30.8,AH0,217,33.7747296,Day,F,L,A,MYSE
151.909,8443,6/3/2015,5/30/2015,13:51:56,7,33.7,AH0,110,37.2983949,Day,F,L,A,MYSE
151.909,8443,6/3/2015,5/29/2015,13:51:57,7,30.8,AH0,220,33.7747296,Day,F,L,A,MYSE
151.909,8443,6/3/2015,5/29/2015,13:52:10,7,30.9,AH0,220,33.9287657,Day,F,L,A,MYSE
151.909,8443,6/3/2015,5/30/2015,13:52:11,7,33.6,AH0,114,37.2069248,Day,F,L,A,MYSE
151.909,8443,6/3/2015,5/29/2015,13:52:12,7,30.9,AH0,220,33.9287657,Day,F,L,A,MYSE
151.909,8443,6/3/2015,5/30/2015,13:52:12,7,33.6,AH0,113,37.2069248,Day,F,L,A,MYSE
151.909,8443,6/3/2015,5/29/2015,13:52:14,7,30.9,AH0,217,33.9287657,Day,F,L,A,MYSE
151.909,8443,6/3/2015,5/30/2015,13:52:14,7,33.6,AH0,118,37.2069248,Day,F,L,A,MYSE
151.909,8443,6/3/2015,5/29/2015,13:52:16,7,30.9,AH0,220,33.9287657,Day,F,L,A,MYSE
151.909,8443,6/3/2015,5/30/2015,13:52:16,7,33.5,AH0,113,37.1134875,Day,F,L,A,MYSE
151.909,8443,6/3/2015,5/30/2015,13:52:30,7,33.5,AH0,111,37.1134875,Day,F,L,A,MYSE
151.909,8443,6/3/2015,5/29/2015,13:52:32,7,30.9,AH0,219,33.9287657,Day,F,L,A,MYSE
151.909,8443,6/3/2015,5/30/2015,13:52:32,7,33.6,AH0,103,37.2069248,Day,F,L,A,MYSE
151.909,8443,6/3/2015,5/29/2015,13:52:34,7,30.9,AH0,223,33.9287657,Day,F,L,A,MYSE
151.909,8443,6/3/2015,5/30/2015,13:52:34,7,33.6,AH0,113,37.2069248,Day,F,L,A,MYSE
151.909,8443,6/3/2015,5/29/2015,13:52:36,7,30.9,AH0,221,33.9287657,Day,F,L,A,MYSE
151.909,8443,6/3/2015,5/30/2015,13:52:36,7,33.6,AH0,116,37.2069248,Day,F,L,A,MYSE
151.909,8443,6/3/2015,5/30/2015,13:52:37,7,33.6,AH0,114,37.2069248,Day,F,L,A,MYSE
151.909,8443,6/3/2015,5/29/2015,13:52:38,7,30.9,AH0,222,33.9287657,Day,F,L,A,MYSE
151.909,8443,6/3/2015,5/30/2015,13:52:50,7,33.7,AH0,116,37.2983949,Day,F,L,A,MYSE
151.909,8443,6/3/2015,5/29/2015,13:52:51,7,30.9,AH0,218,33.9287657,Day,F,L,A,MYSE
151.909,8443,6/3/2015,5/30/2015,13:52:52,7,33.6,AH0,113,37.2069248,Day,F,L,A,MYSE
151.909,8443,6/3/2015,5/29/2015,13:52:53,7,30.9,AH0,222,33.9287657,Day,F,L,A,MYSE
151.909,8443,6/3/2015,5/30/2015,13:52:53,7,33.6,AH0,114,37.2069248,Day,F,L,A,MYSE
151.909,8443,6/3/2015,5/29/2015,13:52:55,7,30.9,AH0,219,33.9287657,Day,F,L,A,MYSE
151.909,8443,6/3/2015,5/30/2015,13:52:55,7,33.6,AH0,113,37.2069248,Day,F,L,A,MYSE
151.909,8443,6/3/2015,5/29/2015,13:52:57,7,30.9,AH0,221,33.9287657,Day,F,L,A,MYSE
151.909,8443,6/3/2015,5/30/2015,13:52:57,7,33.6,AH0,108,37.2069248,Day,F,L,A,MYSE
151.909,8443,6/3/2015,5/30/2015,13:53:09,7,33.6,AH0,117,37.2069248,Day,F,L,A,MYSE
151.909,8443,6/3/2015,5/29/2015,13:53:11,7,31,AH0,219,34.0803,Day,F,L,A,MYSE
151.909,8443,6/3/2015,5/30/2015,13:53:11,7,33.6,AH0,114,37.2069248,Day,F,L,A,MYSE
151.909,8443,6/3/2015,5/29/2015,13:53:13,7,31,AH0,222,34.0803,Day,F,L,A,MYSE
151.909,8443,6/3/2015,5/30/2015,13:53:13,7,33.6,AH0,115,37.2069248,Day,F,L,A,MYSE
151.909,8443,6/3/2015,5/29/2015,13:53:14,7,31,AH0,221,34.0803,Day,F,L,A,MYSE
151.909,8443,6/3/2015,5/30/2015,13:53:15,7,33.6,AH0,113,37.2069248,Day,F,L,A,MYSE
151.909,8443,6/3/2015,5/29/2015,13:53:16,7,31,AH0,223,34.0803,Day,F,L,A,MYSE
151.909,8443,6/3/2015,5/30/2015,13:53:17,7,33.6,AH0,110,37.2069248,Day,F,L,A,MYSE
151.909,8443,6/3/2015,5/29/2015,13:53:30,7,31,AH0,219,34.0803,Day,F,L,A,MYSE
151.909,8443,6/3/2015,5/30/2015,13:53:31,7,33.5,AH0,118,37.1134875,Day,F,L,A,MYSE
151.909,8443,6/3/2015,5/29/2015,13:53:32,7,31,AH0,220,34.0803,Day,F,L,A,MYSE
151.909,8443,6/3/2015,5/30/2015,13:53:33,7,33.5,AH0,116,37.1134875,Day,F,L,A,MYSE
151.909,8443,6/3/2015,5/29/2015,13:53:34,7,31,AH0,222,34.0803,Day,F,L,A,MYSE
151.909,8443,6/3/2015,5/30/2015,13:53:35,7,33.5,AH0,116,37.1134875,Day,F,L,A,MYSE
151.909,8443,6/3/2015,5/29/2015,13:53:36,7,31,AH0,222,34.0803,Day,F,L,A,MYSE
151.909,8443,6/3/2015,5/30/2015,13:53:36,7,33.5,AH0,117,37.1134875,Day,F,L,A,MYSE
151.909,8443,6/3/2015,5/29/2015,13:53:38,7,31,AH0,220,34.0803,Day,F,L,A,MYSE
151.909,8443,6/3/2015,5/29/2015,13:53:51,7,31,AH0,217,34.0803,Day,F,L,A,MYSE
151.909,8443,6/3/2015,5/30/2015,13:53:51,7,33.5,AH0,112,37.1134875,Day,F,L,A,MYSE
151.909,8443,6/3/2015,5/30/2015,13:53:52,7,33.5,AH0,113,37.1134875,Day,F,L,A,MYSE
151.909,8443,6/3/2015,5/29/2015,13:53:53,7,31,AH0,221,34.0803,Day,F,L,A,MYSE
151.909,8443,6/3/2015,5/30/2015,13:53:54,7,33.5,AH0,113,37.1134875,Day,F,L,A,MYSE
151.909,8443,6/3/2015,5/29/2015,13:53:55,7,31.1,AH0,219,34.2293523,Day,F,L,A,MYSE
151.909,8443,6/3/2015,5/30/2015,13:53:56,7,33.5,AH0,112,37.1134875,Day,F,L,A,MYSE
151.909,8443,6/3/2015,5/29/2015,13:53:57,7,31.1,AH0,219,34.2293523,Day,F,L,A,MYSE
151.909,8443,6/3/2015,5/30/2015,13:54:10,7,33.5,AH0,109,37.1134875,Day,F,L,A,MYSE
151.909,8443,6/3/2015,5/29/2015,13:54:11,7,31.1,AH0,219,34.2293523,Day,F,L,A,MYSE
151.909,8443,6/3/2015,5/29/2015,13:54:12,7,31.1,AH0,221,34.2293523,Day,F,L,A,MYSE
151.909,8443,6/3/2015,5/30/2015,13:54:12,7,33.4,AH0,113,37.0180632,Day,F,L,A,MYSE
151.909,8443,6/3/2015,5/29/2015,13:54:14,7,31.1,AH0,218,34.2293523,Day,F,L,A,MYSE
151.909,8443,6/3/2015,5/30/2015,13:54:14,7,33.5,AH0,107,37.1134875,Day,F,L,A,MYSE
151.909,8443,6/3/2015,5/29/2015,13:54:16,7,31.1,AH0,220,34.2293523,Day,F,L,A,MYSE
151.909,8443,6/3/2015,5/30/2015,13:54:16,7,33.4,AH0,110,37.0180632,Day,F,L,A,MYSE
151.909,8443,6/3/2015,5/30/2015,13:54:30,7,33.4,AH0,111,37.0180632,Day,F,L,A,MYSE
151.909,8443,6/3/2015,5/29/2015,13:54:32,7,31.1,AH0,218,34.2293523,Day,F,L,A,MYSE
151.909,8443,6/3/2015,5/30/2015,13:54:32,7,33.4,AH0,113,37.0180632,Day,F,L,A,MYSE
151.909,8443,6/3/2015,5/29/2015,13:54:34,7,31.1,AH0,222,34.2293523,Day,F,L,A,MYSE
151.909,8443,6/3/2015,5/30/2015,13:54:34,7,33.4,AH0,115,37.0180632,Day,F,L,A,MYSE
151.909,8443,6/3/2015,5/29/2015,13:54:36,7,31.1,AH0,219,34.2293523,Day,F,L,A,MYSE
151.909,8443,6/3/2015,5/30/2015,13:54:36,7,33.5,AH0,116,37.1134875,Day,F,L,A,MYSE
151.909,8443,6/3/2015,5/30/2015,13:54:37,7,33.4,AH0,115,37.0180632,Day,F,L,A,MYSE
151.909,8443,6/3/2015,5/29/2015,13:54:38,7,31.1,AH0,221,34.2293523,Day,F,L,A,MYSE
151.909,8443,6/3/2015,5/30/2015,13:54:50,7,33.4,AH0,111,37.0180632,Day,F,L,A,MYSE
151.909,8443,6/3/2015,5/29/2015,13:54:51,7,31.1,AH0,223,34.2293523,Day,F,L,A,MYSE
151.909,8443,6/3/2015,5/30/2015,13:54:52,7,33.4,AH0,111,37.0180632,Day,F,L,A,MYSE
151.909,8443,6/3/2015,5/29/2015,13:54:53,7,31.1,AH0,222,34.2293523,Day,F,L,A,MYSE
151.909,8443,6/3/2015,5/30/2015,13:54:53,7,33.5,AH0,111,37.1134875,Day,F,L,A,MYSE
151.909,8443,6/3/2015,5/29/2015,13:54:55,7,31.1,AH0,222,34.2293523,Day,F,L,A,MYSE
151.909,8443,6/3/2015,5/30/2015,13:54:55,7,33.5,AH0,110,37.1134875,Day,F,L,A,MYSE
151.909,8443,6/3/2015,5/29/2015,13:54:57,7,31.1,AH0,220,34.2293523,Day,F,L,A,MYSE
151.909,8443,6/3/2015,5/30/2015,13:54:57,7,33.5,AH0,120,37.1134875,Day,F,L,A,MYSE
151.909,8443,6/3/2015,5/29/2015,13:55:10,7,31.1,AH0,222,34.2293523,Day,F,L,A,MYSE
151.909,8443,6/3/2015,5/30/2015,13:55:10,7,33.5,AH0,113,37.1134875,Day,F,L,A,MYSE
151.909,8443,6/3/2015,5/30/2015,13:55:11,7,33.5,AH0,120,37.1134875,Day,F,L,A,MYSE
151.909,8443,6/3/2015,5/29/2015,13:55:12,7,31.1,AH0,221,34.2293523,Day,F,L,A,MYSE
151.909,8443,6/3/2015,5/30/2015,13:55:13,7,33.5,AH0,110,37.1134875,Day,F,L,A,MYSE
151.909,8443,6/3/2015,5/29/2015,13:55:14,7,31.1,AH0,220,34.2293523,Day,F,L,A,MYSE
151.909,8443,6/3/2015,5/30/2015,13:55:15,7,33.5,AH0,104,37.1134875,Day,F,L,A,MYSE
151.909,8443,6/3/2015,5/29/2015,13:55:16,7,31.1,AH0,219,34.2293523,Day,F,L,A,MYSE
151.909,8443,6/3/2015,5/30/2015,13:55:17,7,33.5,AH0,105,37.1134875,Day,F,L,A,MYSE
151.909,8443,6/3/2015,5/30/2015,13:55:29,7,33.5,AH0,111,37.1134875,Day,F,L,A,MYSE
151.909,8443,6/3/2015,5/30/2015,13:55:31,7,33.5,AH0,114,37.1134875,Day,F,L,A,MYSE
151.909,8443,6/3/2015,5/29/2015,13:55:32,7,31.1,AH0,220,34.2293523,Day,F,L,A,MYSE
151.909,8443,6/3/2015,5/30/2015,13:55:33,7,33.5,AH0,112,37.1134875,Day,F,L,A,MYSE
151.909,8443,6/3/2015,5/29/2015,13:55:34,7,31.1,AH0,220,34.2293523,Day,F,L,A,MYSE
151.909,8443,6/3/2015,5/29/2015,13:55:35,7,31.1,AH0,222,34.2293523,Day,F,L,A,MYSE
151.909,8443,6/3/2015,5/30/2015,13:55:35,7,33.5,AH0,106,37.1134875,Day,F,L,A,MYSE
151.909,8443,6/3/2015,5/30/2015,13:55:36,7,33.6,AH0,107,37.2069248,Day,F,L,A,MYSE
151.909,8443,6/3/2015,5/29/2015,13:55:37,7,31.1,AH0,223,34.2293523,Day,F,L,A,MYSE
151.909,8443,6/3/2015,5/29/2015,13:55:51,7,31.1,AH0,220,34.2293523,Day,F,L,A,MYSE
151.909,8443,6/3/2015,5/30/2015,13:55:51,7,33.6,AH0,118,37.2069248,Day,F,L,A,MYSE
151.909,8443,6/3/2015,5/29/2015,13:55:53,7,31.1,AH0,219,34.2293523,Day,F,L,A,MYSE
151.909,8443,6/3/2015,5/30/2015,13:55:53,7,33.6,AH0,116,37.2069248,Day,F,L,A,MYSE
151.909,8443,6/3/2015,5/30/2015,13:55:54,7,33.6,AH0,113,37.2069248,Day,F,L,A,MYSE
151.909,8443,6/3/2015,5/29/2015,13:55:55,7,31.1,AH0,219,34.2293523,Day,F,L,A,MYSE
151.909,8443,6/3/2015,5/30/2015,13:55:56,7,33.6,AH0,107,37.2069248,Day,F,L,A,MYSE
151.909,8443,6/3/2015,5/29/2015,13:55:57,7,31.1,AH0,223,34.2293523,Day,F,L,A,MYSE
151.909,8443,6/3/2015,5/29/2015,13:56:10,7,31.1,AH0,223,34.2293523,Day,F,L,A,MYSE
151.909,8443,6/3/2015,5/30/2015,13:56:10,7,33.6,AH0,112,37.2069248,Day,F,L,A,MYSE
151.909,8443,6/3/2015,5/29/2015,13:56:12,7,31.1,AH0,222,34.2293523,Day,F,L,A,MYSE
151.909,8443,6/3/2015,5/30/2015,13:56:12,7,33.6,AH0,112,37.2069248,Day,F,L,A,MYSE
151.909,8443,6/3/2015,5/29/2015,13:56:14,7,31.1,AH0,224,34.2293523,Day,F,L,A,MYSE
151.909,8443,6/3/2015,5/30/2015,13:56:14,7,33.6,AH0,114,37.2069248,Day,F,L,A,MYSE
151.909,8443,6/3/2015,5/29/2015,13:56:16,7,31.1,AH0,221,34.2293523,Day,F,L,A,MYSE
151.909,8443,6/3/2015,5/30/2015,13:56:16,7,33.6,AH0,106,37.2069248,Day,F,L,A,MYSE
151.909,8443,6/3/2015,5/30/2015,13:56:30,7,33.5,AH0,102,37.1134875,Day,F,L,A,MYSE
151.909,8443,6/3/2015,5/29/2015,13:56:31,7,31.2,AH0,223,34.3759424,Day,F,L,A,MYSE
151.909,8443,6/3/2015,5/30/2015,13:56:32,7,33.5,AH0,106,37.1134875,Day,F,L,A,MYSE
151.909,8443,6/3/2015,5/29/2015,13:56:33,7,31.2,AH0,224,34.3759424,Day,F,L,A,MYSE
151.909,8443,6/3/2015,5/30/2015,13:56:34,7,33.5,AH0,111,37.1134875,Day,F,L,A,MYSE
151.909,8443,6/3/2015,5/29/2015,13:56:35,7,31.2,AH0,222,34.3759424,Day,F,L,A,MYSE
151.909,8443,6/3/2015,5/30/2015,13:56:35,7,33.5,AH0,119,37.1134875,Day,F,L,A,MYSE
151.909,8443,6/3/2015,5/29/2015,13:56:37,7,31.2,AH0,224,34.3759424,Day,F,L,A,MYSE
151.909,8443,6/3/2015,5/30/2015,13:56:37,7,33.5,AH0,115,37.1134875,Day,F,L,A,MYSE
151.909,8443,6/3/2015,5/30/2015,13:56:50,7,33.5,AH0,108,37.1134875,Day,F,L,A,MYSE
151.909,8443,6/3/2015,5/29/2015,13:56:51,7,31.2,AH0,223,34.3759424,Day,F,L,A,MYSE
151.909,8443,6/3/2015,5/30/2015,13:56:52,7,33.5,AH0,107,37.1134875,Day,F,L,A,MYSE
151.909,8443,6/3/2015,5/29/2015,13:56:53,7,31.2,AH0,222,34.3759424,Day,F,L,A,MYSE
151.909,8443,6/3/2015,5/30/2015,13:56:53,7,33.6,AH0,100,37.2069248,Day,F,L,A,MYSE
151.909,8443,6/3/2015,5/29/2015,13:56:55,7,31.2,AH0,221,34.3759424,Day,F,L,A,MYSE
151.909,8443,6/3/2015,5/30/2015,13:56:55,7,33.6,AH0,99,37.2069248,Day,F,L,A,MYSE
151.909,8443,6/3/2015,5/29/2015,13:56:56,7,31.2,AH0,221,34.3759424,Day,F,L,A,MYSE
151.909,8443,6/3/2015,5/30/2015,13:56:57,7,33.6,AH0,101,37.2069248,Day,F,L,A,MYSE
151.909,8443,6/3/2015,5/30/2015,13:57:09,7,33.7,AH0,107,37.2983949,Day,F,L,A,MYSE
151.909,8443,6/3/2015,5/29/2015,13:57:10,7,31.2,AH0,224,34.3759424,Day,F,L,A,MYSE
151.909,8443,6/3/2015,5/30/2015,13:57:11,7,33.7,AH0,99,37.2983949,Day,F,L,A,MYSE
151.909,8443,6/3/2015,5/29/2015,13:57:12,7,31.1,AH0,223,34.2293523,Day,F,L,A,MYSE
151.909,8443,6/3/2015,5/30/2015,13:57:13,7,33.7,AH0,107,37.2983949,Day,F,L,A,MYSE
151.909,8443,6/3/2015,5/29/2015,13:57:14,7,31.2,AH0,222,34.3759424,Day,F,L,A,MYSE
151.909,8443,6/3/2015,5/30/2015,13:57:15,7,33.7,AH0,106,37.2983949,Day,F,L,A,MYSE
151.909,8443,6/3/2015,5/29/2015,13:57:16,7,31.1,AH0,222,34.2293523,Day,F,L,A,MYSE
151.909,8443,6/3/2015,5/30/2015,13:57:17,7,33.7,AH0,95,37.2983949,Day,F,L,A,MYSE
151.909,8443,6/3/2015,5/29/2015,13:57:18,7,31.2,AH0,221,34.3759424,Day,F,L,A,MYSE
151.909,8443,6/3/2015,5/29/2015,13:57:31,7,31.2,AH0,220,34.3759424,Day,F,L,A,MYSE
151.909,8443,6/3/2015,5/30/2015,13:57:31,7,33.7,AH0,115,37.2983949,Day,F,L,A,MYSE
151.909,8443,6/3/2015,5/29/2015,13:57:33,7,31.2,AH0,219,34.3759424,Day,F,L,A,MYSE
151.909,8443,6/3/2015,5/30/2015,13:57:33,7,33.8,AH0,101,37.3879176,Day,F,L,A,MYSE
151.909,8443,6/3/2015,5/30/2015,13:57:34,7,33.8,AH0,110,37.3879176,Day,F,L,A,MYSE
151.909,8443,6/3/2015,5/29/2015,13:57:35,7,31.2,AH0,222,34.3759424,Day,F,L,A,MYSE
151.909,8443,6/3/2015,5/30/2015,13:57:36,7,33.8,AH0,116,37.3879176,Day,F,L,A,MYSE
151.909,8443,6/3/2015,5/29/2015,13:57:37,7,31.2,AH0,219,34.3759424,Day,F,L,A,MYSE
151.909,8443,6/3/2015,5/29/2015,13:57:50,7,31.2,AH0,221,34.3759424,Day,F,L,A,MYSE
151.909,8443,6/3/2015,5/30/2015,13:57:50,7,33.8,AH0,91,37.3879176,Day,F,L,A,MYSE
151.909,8443,6/3/2015,5/29/2015,13:57:52,7,31.1,AH0,223,34.2293523,Day,F,L,A,MYSE
151.909,8443,6/3/2015,5/30/2015,13:57:52,7,33.8,AH0,102,37.3879176,Day,F,L,A,MYSE
151.909,8443,6/3/2015,5/29/2015,13:57:54,7,31.2,AH0,220,34.3759424,Day,F,L,A,MYSE
151.909,8443,6/3/2015,5/30/2015,13:57:54,7,33.8,AH0,116,37.3879176,Day,F,L,A,MYSE
151.909,8443,6/3/2015,5/29/2015,13:57:56,7,31.1,AH0,222,34.2293523,Day,F,L,A,MYSE
151.909,8443,6/3/2015,5/30/2015,13:57:56,7,33.8,AH0,129,37.3879176,Day,F,L,A,MYSE
151.909,8443,6/3/2015,5/30/2015,13:58:10,7,33.9,AH0,117,37.4755127,Day,F,L,A,MYSE
151.909,8443,6/3/2015,5/29/2015,13:58:12,7,31,AH0,223,34.0803,Day,F,L,A,MYSE
151.909,8443,6/3/2015,5/30/2015,13:58:12,7,33.9,AH0,111,37.4755127,Day,F,L,A,MYSE
151.909,8443,6/3/2015,5/30/2015,13:58:13,7,33.9,AH0,118,37.4755127,Day,F,L,A,MYSE
151.909,8443,6/3/2015,5/29/2015,13:58:14,7,31,AH0,224,34.0803,Day,F,L,A,MYSE
151.909,8443,6/3/2015,5/29/2015,13:58:15,7,31,AH0,223,34.0803,Day,F,L,A,MYSE
151.909,8443,6/3/2015,5/30/2015,13:58:15,7,33.8,AH0,127,37.3879176,Day,F,L,A,MYSE
151.909,8443,6/3/2015,5/29/2015,13:58:17,7,31,AH0,223,34.0803,Day,F,L,A,MYSE
151.909,8443,6/3/2015,5/30/2015,13:58:17,7,33.8,AH0,125,37.3879176,Day,F,L,A,MYSE
151.909,8443,6/3/2015,5/30/2015,13:58:29,7,33.8,AH0,123,37.3879176,Day,F,L,A,MYSE
151.909,8443,6/3/2015,5/29/2015,13:58:31,7,31,AH0,224,34.0803,Day,F,L,A,MYSE
151.909,8443,6/3/2015,5/30/2015,13:58:31,7,33.8,AH0,121,37.3879176,Day,F,L,A,MYSE
151.909,8443,6/3/2015,5/29/2015,13:58:33,7,31,AH0,224,34.0803,Day,F,L,A,MYSE
151.909,8443,6/3/2015,5/30/2015,13:58:33,7,33.8,AH0,120,37.3879176,Day,F,L,A,MYSE
151.909,8443,6/3/2015,5/29/2015,13:58:35,7,31,AH0,226,34.0803,Day,F,L,A,MYSE
151.909,8443,6/3/2015,5/30/2015,13:58:35,7,33.8,AH0,113,37.3879176,Day,F,L,A,MYSE
151.909,8443,6/3/2015,5/30/2015,13:58:36,7,33.8,AH0,114,37.3879176,Day,F,L,A,MYSE
151.909,8443,6/3/2015,5/29/2015,13:58:37,7,31,AH0,222,34.0803,Day,F,L,A,MYSE
151.909,8443,6/3/2015,5/29/2015,13:58:50,7,31,AH0,225,34.0803,Day,F,L,A,MYSE
151.909,8443,6/3/2015,5/30/2015,13:58:51,7,33.7,AH0,120,37.2983949,Day,F,L,A,MYSE
151.909,8443,6/3/2015,5/29/2015,13:58:52,7,31,AH0,222,34.0803,Day,F,L,A,MYSE
151.909,8443,6/3/2015,5/30/2015,13:58:52,7,33.7,AH0,119,37.2983949,Day,F,L,A,MYSE
151.909,8443,6/3/2015,5/29/2015,13:58:54,7,31,AH0,224,34.0803,Day,F,L,A,MYSE
151.909,8443,6/3/2015,5/30/2015,13:58:54,7,33.7,AH0,110,37.2983949,Day,F,L,A,MYSE
151.909,8443,6/3/2015,5/29/2015,13:58:56,7,31,AH0,217,34.0803,Day,F,L,A,MYSE
151.909,8443,6/3/2015,5/30/2015,13:58:56,7,33.7,AH0,108,37.2983949,Day,F,L,A,MYSE
151.909,8443,6/3/2015,5/30/2015,13:59:10,7,33.7,AH0,112,37.2983949,Day,F,L,A,MYSE
151.909,8443,6/3/2015,5/29/2015,13:59:12,7,31.1,AH0,219,34.2293523,Day,F,L,A,MYSE
151.909,8443,6/3/2015,5/30/2015,13:59:12,7,33.7,AH0,106,37.2983949,Day,F,L,A,MYSE
151.909,8443,6/3/2015,5/29/2015,13:59:14,7,31.1,AH0,219,34.2293523,Day,F,L,A,MYSE
151.909,8443,6/3/2015,5/30/2015,13:59:14,7,33.7,AH0,114,37.2983949,Day,F,L,A,MYSE
151.909,8443,6/3/2015,5/29/2015,13:59:16,7,31.1,AH0,221,34.2293523,Day,F,L,A,MYSE
151.909,8443,6/3/2015,5/30/2015,13:59:16,7,33.7,AH0,116,37.2983949,Day,F,L,A,MYSE
151.909,8443,6/3/2015,5/29/2015,13:59:17,7,31.2,AH0,221,34.3759424,Day,F,L,A,MYSE
151.909,8443,6/3/2015,5/30/2015,13:59:30,7,33.7,AH0,115,37.2983949,Day,F,L,A,MYSE
151.909,8443,6/3/2015,5/29/2015,13:59:31,7,31.2,AH0,221,34.3759424,Day,F,L,A,MYSE
151.909,8443,6/3/2015,5/30/2015,13:59:32,7,33.7,AH0,109,37.2983949,Day,F,L,A,MYSE
151.909,8443,6/3/2015,5/29/2015,13:59:33,7,31.2,AH0,223,34.3759424,Day,F,L,A,MYSE
151.909,8443,6/3/2015,5/30/2015,13:59:33,7,33.7,AH0,110,37.2983949,Day,F,L,A,MYSE
151.909,8443,6/3/2015,5/29/2015,13:59:35,7,31.3,AH0,221,34.5200901,Day,F,L,A,MYSE
151.909,8443,6/3/2015,5/30/2015,13:59:35,7,33.7,AH0,115,37.2983949,Day,F,L,A,MYSE
151.909,8443,6/3/2015,5/29/2015,13:59:37,7,31.2,AH0,223,34.3759424,Day,F,L,A,MYSE
151.909,8443,6/3/2015,5/30/2015,13:59:37,7,33.7,AH0,121,37.2983949,Day,F,L,A,MYSE
151.909,8443,6/3/2015,5/30/2015,13:59:49,7,33.7,AH0,111,37.2983949,Day,F,L,A,MYSE
151.909,8443,6/3/2015,5/29/2015,13:59:50,7,31.3,AH0,219,34.5200901,Day,F,L,A,MYSE
151.909,8443,6/3/2015,5/30/2015,13:59:51,7,33.7,AH0,105,37.2983949,Day,F,L,A,MYSE
151.909,8443,6/3/2015,5/29/2015,13:59:52,7,31.3,AH0,219,34.5200901,Day,F,L,A,MYSE
151.909,8443,6/3/2015,5/30/2015,13:59:53,7,33.7,AH0,107,37.2983949,Day,F,L,A,MYSE
151.909,8443,6/3/2015,5/29/2015,13:59:54,7,31.3,AH0,221,34.5200901,Day,F,L,A,MYSE
151.909,8443,6/3/2015,5/30/2015,13:59:55,7,33.7,AH0,102,37.2983949,Day,F,L,A,MYSE
151.909,8443,6/3/2015,5/29/2015,13:59:56,7,31.3,AH0,220,34.5200901,Day,F,L,A,MYSE
151.909,8443,6/3/2015,5/30/2015,13:59:57,7,33.7,AH0,96,37.2983949,Day,F,L,A,MYSE
151.909,8443,6/3/2015,5/29/2015,13:59:58,7,31.3,AH0,221,34.5200901,Day,F,L,A,MYSE
151.909,8443,6/3/2015,5/29/2015,14:00:11,7,31.3,AH0,218,34.5200901,Day,F,L,A,MYSE
151.909,8443,6/3/2015,5/30/2015,14:00:11,7,33.7,AH0,112,37.2983949,Day,F,L,A,MYSE
151.909,8443,6/3/2015,5/29/2015,14:00:13,7,31.3,AH0,223,34.5200901,Day,F,L,A,MYSE
151.909,8443,6/3/2015,5/30/2015,14:00:13,7,33.7,AH0,112,37.2983949,Day,F,L,A,MYSE
151.909,8443,6/3/2015,5/30/2015,14:00:14,7,33.7,AH0,116,37.2983949,Day,F,L,A,MYSE
151.909,8443,6/3/2015,5/29/2015,14:00:15,7,31.3,AH0,220,34.5200901,Day,F,L,A,MYSE
151.909,8443,6/3/2015,5/30/2015,14:00:16,7,33.7,AH0,117,37.2983949,Day,F,L,A,MYSE
151.909,8443,6/3/2015,5/29/2015,14:00:17,7,31.3,AH0,220,34.5200901,Day,F,L,A,MYSE
151.909,8443,6/3/2015,5/29/2015,14:00:30,7,31.3,AH0,224,34.5200901,Day,F,L,A,MYSE
151.909,8443,6/3/2015,5/30/2015,14:00:30,7,33.7,AH0,66,37.2983949,Day,F,L,A,MYSE
151.909,8443,6/3/2015,5/29/2015,14:00:32,7,31.3,AH0,222,34.5200901,Day,F,L,A,MYSE
151.909,8443,6/3/2015,5/30/2015,14:00:32,7,33.9,AH0,65,37.4755127,Day,F,L,A,MYSE
151.909,8443,6/3/2015,5/29/2015,14:00:34,7,31.3,AH0,219,34.5200901,Day,F,L,A,MYSE
151.909,8443,6/3/2015,5/30/2015,14:00:34,7,34.1,AH0,100,37.6449993,Day,F,L,A,MYSE
151.909,8443,6/3/2015,5/29/2015,14:00:36,7,31.3,AH0,220,34.5200901,Day,F,L,A,MYSE
151.909,8443,6/3/2015,5/30/2015,14:00:36,7,33.7,AH0,102,37.2983949,Day,F,L,A,MYSE
151.909,8443,6/3/2015,5/30/2015,14:00:50,7,33.8,AH0,82,37.3879176,Day,F,L,A,MYSE
151.909,8443,6/3/2015,5/29/2015,14:00:52,7,31.3,AH0,222,34.5200901,Day,F,L,A,MYSE
151.909,8443,6/3/2015,5/30/2015,14:00:52,7,33.8,AH0,81,37.3879176,Day,F,L,A,MYSE
151.909,8443,6/3/2015,5/29/2015,14:00:53,7,31.3,AH0,221,34.5200901,Day,F,L,A,MYSE
151.909,8443,6/3/2015,5/30/2015,14:00:53,7,33.8,AH0,80,37.3879176,Day,F,L,A,MYSE
151.909,8443,6/3/2015,5/29/2015,14:00:55,7,31.3,AH0,221,34.5200901,Day,F,L,A,MYSE
151.909,8443,6/3/2015,5/30/2015,14:00:55,7,33.8,AH0,104,37.3879176,Day,F,L,A,MYSE
151.909,8443,6/3/2015,5/29/2015,14:00:57,7,31.3,AH0,223,34.5200901,Day,F,L,A,MYSE
151.909,8443,6/3/2015,5/30/2015,14:00:57,7,33.8,AH0,108,37.3879176,Day,F,L,A,MYSE
151.909,8443,6/3/2015,5/30/2015,14:01:09,7,33.8,AH0,116,37.3879176,Day,F,L,A,MYSE
151.909,8443,6/3/2015,5/29/2015,14:01:11,7,31.3,AH0,221,34.5200901,Day,F,L,A,MYSE
151.909,8443,6/3/2015,5/30/2015,14:01:11,7,33.8,AH0,107,37.3879176,Day,F,L,A,MYSE
151.909,8443,6/3/2015,5/29/2015,14:01:13,7,31.3,AH0,222,34.5200901,Day,F,L,A,MYSE
151.909,8443,6/3/2015,5/30/2015,14:01:13,7,33.8,AH0,132,37.3879176,Day,F,L,A,MYSE
151.909,8443,6/3/2015,5/29/2015,14:01:15,7,31.3,AH0,220,34.5200901,Day,F,L,A,MYSE
151.909,8443,6/3/2015,5/29/2015,14:01:16,7,31.3,AH0,221,34.5200901,Day,F,L,A,MYSE
151.909,8443,6/3/2015,5/29/2015,14:01:30,7,31.3,AH0,220,34.5200901,Day,F,L,A,MYSE
151.909,8443,6/3/2015,5/29/2015,14:01:32,7,31.4,AH0,219,34.6618152,Day,F,L,A,MYSE
151.909,8443,6/3/2015,5/29/2015,14:01:34,7,31.4,AH0,220,34.6618152,Day,F,L,A,MYSE
151.909,8443,6/3/2015,5/29/2015,14:01:36,7,31.4,AH0,221,34.6618152,Day,F,L,A,MYSE
151.909,8443,6/3/2015,5/29/2015,14:01:37,7,31.4,AH0,219,34.6618152,Day,F,L,A,MYSE
151.909,8443,6/3/2015,5/29/2015,14:01:51,7,31.4,AH0,222,34.6618152,Day,F,L,A,MYSE
151.909,8443,6/3/2015,5/29/2015,14:01:53,7,31.4,AH0,220,34.6618152,Day,F,L,A,MYSE
151.909,8443,6/3/2015,5/29/2015,14:01:55,7,31.4,AH0,222,34.6618152,Day,F,L,A,MYSE
151.909,8443,6/3/2015,5/29/2015,14:01:57,7,31.3,AH0,221,34.5200901,Day,F,L,A,MYSE
151.909,8443,6/3/2015,5/29/2015,14:02:10,7,31.3,AH0,221,34.5200901,Day,F,L,A,MYSE
151.909,8443,6/3/2015,5/30/2015,14:02:10,7,33.9,AH0,75,37.4755127,Day,F,L,A,MYSE
151.909,8443,6/3/2015,5/30/2015,14:02:11,7,33.9,AH0,79,37.4755127,Day,F,L,A,MYSE
151.909,8443,6/3/2015,5/29/2015,14:02:12,7,31.4,AH0,221,34.6618152,Day,F,L,A,MYSE
151.909,8443,6/3/2015,5/29/2015,14:02:14,7,31.3,AH0,221,34.5200901,Day,F,L,A,MYSE
151.909,8443,6/3/2015,5/29/2015,14:02:16,7,31.4,AH0,223,34.6618152,Day,F,L,A,MYSE
151.909,8443,6/3/2015,5/29/2015,14:02:18,7,31.3,AH0,224,34.5200901,Day,F,L,A,MYSE
151.909,8443,6/3/2015,5/29/2015,14:02:31,7,31.4,AH0,221,34.6618152,Day,F,L,A,MYSE
151.909,8443,6/3/2015,5/29/2015,14:02:33,7,31.4,AH0,219,34.6618152,Day,F,L,A,MYSE
151.909,8443,6/3/2015,5/29/2015,14:02:35,7,31.4,AH0,221,34.6618152,Day,F,L,A,MYSE
151.909,8443,6/3/2015,5/29/2015,14:02:37,7,31.4,AH0,220,34.6618152,Day,F,L,A,MYSE
151.909,8443,6/3/2015,5/29/2015,14:02:50,7,31.4,AH0,223,34.6618152,Day,F,L,A,MYSE
151.909,8443,6/3/2015,5/29/2015,14:02:52,7,31.4,AH0,222,34.6618152,Day,F,L,A,MYSE
151.909,8443,6/3/2015,5/29/2015,14:02:54,7,31.4,AH0,222,34.6618152,Day,F,L,A,MYSE
151.909,8443,6/3/2015,5/29/2015,14:02:56,7,31.4,AH0,219,34.6618152,Day,F,L,A,MYSE
151.909,8443,6/3/2015,5/29/2015,14:03:11,7,31.4,AH0,221,34.6618152,Day,F,L,A,MYSE
151.909,8443,6/3/2015,5/29/2015,14:03:13,7,31.4,AH0,220,34.6618152,Day,F,L,A,MYSE
151.909,8443,6/3/2015,5/29/2015,14:03:15,7,31.4,AH0,219,34.6618152,Day,F,L,A,MYSE
151.909,8443,6/3/2015,5/29/2015,14:03:17,7,31.4,AH0,222,34.6618152,Day,F,L,A,MYSE
151.909,8443,6/3/2015,5/29/2015,14:03:30,7,31.4,AH0,222,34.6618152,Day,F,L,A,MYSE
151.909,8443,6/3/2015,5/29/2015,14:03:32,7,31.5,AH0,223,34.8011375,Day,F,L,A,MYSE
151.909,8443,6/3/2015,5/29/2015,14:03:34,7,31.5,AH0,222,34.8011375,Day,F,L,A,MYSE
151.909,8443,6/3/2015,5/29/2015,14:03:36,7,31.5,AH0,223,34.8011375,Day,F,L,A,MYSE
151.909,8443,6/3/2015,5/29/2015,14:03:51,7,31.5,AH0,221,34.8011375,Day,F,L,A,MYSE
151.909,8443,6/3/2015,5/29/2015,14:03:53,7,31.5,AH0,219,34.8011375,Day,F,L,A,MYSE
151.909,8443,6/3/2015,5/29/2015,14:03:55,7,31.5,AH0,219,34.8011375,Day,F,L,A,MYSE
151.909,8443,6/3/2015,5/29/2015,14:03:57,7,31.5,AH0,218,34.8011375,Day,F,L,A,MYSE
151.909,8443,6/3/2015,5/29/2015,14:04:10,7,31.6,AH0,218,34.9380768,Day,F,L,A,MYSE
151.909,8443,6/3/2015,5/29/2015,14:04:12,7,31.6,AH0,219,34.9380768,Day,F,L,A,MYSE
151.909,8443,6/3/2015,5/29/2015,14:04:14,7,31.6,AH0,220,34.9380768,Day,F,L,A,MYSE
151.909,8443,6/3/2015,5/29/2015,14:04:16,7,31.6,AH0,219,34.9380768,Day,F,L,A,MYSE
151.909,8443,6/3/2015,5/29/2015,14:04:31,7,31.6,AH0,217,34.9380768,Day,F,L,A,MYSE
151.909,8443,6/3/2015,5/29/2015,14:04:33,7,31.6,AH0,217,34.9380768,Day,F,L,A,MYSE
151.909,8443,6/3/2015,5/29/2015,14:04:35,7,31.7,AH0,219,35.0726529,Day,F,L,A,MYSE
151.909,8443,6/3/2015,5/29/2015,14:04:37,7,31.6,AH0,220,34.9380768,Day,F,L,A,MYSE
151.909,8443,6/3/2015,5/29/2015,14:04:50,7,31.7,AH0,220,35.0726529,Day,F,L,A,MYSE
151.909,8443,6/3/2015,5/29/2015,14:04:52,7,31.7,AH0,222,35.0726529,Day,F,L,A,MYSE
151.909,8443,6/3/2015,5/29/2015,14:04:54,7,31.7,AH0,220,35.0726529,Day,F,L,A,MYSE
151.909,8443,6/3/2015,5/29/2015,14:04:56,7,31.7,AH0,219,35.0726529,Day,F,L,A,MYSE
151.909,8443,6/3/2015,5/29/2015,14:04:58,7,31.7,AH0,219,35.0726529,Day,F,L,A,MYSE
151.909,8443,6/3/2015,5/29/2015,14:05:11,7,31.7,AH0,219,35.0726529,Day,F,L,A,MYSE
151.909,8443,6/3/2015,5/29/2015,14:05:13,7,31.7,AH0,216,35.0726529,Day,F,L,A,MYSE
151.909,8443,6/3/2015,5/29/2015,14:05:15,7,31.6,AH0,213,34.9380768,Day,F,L,A,MYSE
151.909,8443,6/3/2015,5/29/2015,14:05:17,7,31.6,AH0,219,34.9380768,Day,F,L,A,MYSE
151.909,8443,6/3/2015,5/29/2015,14:05:30,7,31.6,AH0,216,34.9380768,Day,F,L,A,MYSE
151.909,8443,6/3/2015,5/29/2015,14:05:32,7,31.5,AH0,217,34.8011375,Day,F,L,A,MYSE
151.909,8443,6/3/2015,5/29/2015,14:05:34,7,31.5,AH0,213,34.8011375,Day,F,L,A,MYSE
151.909,8443,6/3/2015,5/29/2015,14:05:36,7,31.5,AH0,216,34.8011375,Day,F,L,A,MYSE
151.909,8443,6/3/2015,5/29/2015,14:05:38,7,31.5,AH0,217,34.8011375,Day,F,L,A,MYSE
151.909,8443,6/3/2015,5/29/2015,14:05:51,7,31.5,AH0,219,34.8011375,Day,F,L,A,MYSE
151.909,8443,6/3/2015,5/29/2015,14:05:53,7,31.5,AH0,220,34.8011375,Day,F,L,A,MYSE
151.909,8443,6/3/2015,5/29/2015,14:05:55,7,31.5,AH0,215,34.8011375,Day,F,L,A,MYSE
151.909,8443,6/3/2015,5/29/2015,14:05:57,7,31.5,AH0,220,34.8011375,Day,F,L,A,MYSE
151.909,8443,6/3/2015,5/29/2015,14:06:10,7,31.5,AH0,219,34.8011375,Day,F,L,A,MYSE
151.909,8443,6/3/2015,5/29/2015,14:06:12,7,31.5,AH0,216,34.8011375,Day,F,L,A,MYSE
151.909,8443,6/3/2015,5/29/2015,14:06:14,7,31.5,AH0,216,34.8011375,Day,F,L,A,MYSE
151.909,8443,6/3/2015,5/29/2015,14:06:16,7,31.5,AH0,217,34.8011375,Day,F,L,A,MYSE
151.909,8443,6/3/2015,5/29/2015,14:06:18,7,31.5,AH0,220,34.8011375,Day,F,L,A,MYSE
151.909,8443,6/3/2015,5/30/2015,14:06:30,7,33.9,AH0,248,37.4755127,Day,F,L,A,MYSE
151.909,8443,6/3/2015,5/29/2015,14:06:31,7,31.4,AH0,219,34.6618152,Day,F,L,A,MYSE
151.909,8443,6/3/2015,5/30/2015,14:06:32,7,33.9,AH0,246,37.4755127,Day,F,L,A,MYSE
151.909,8443,6/3/2015,5/29/2015,14:06:33,7,31.4,AH0,219,34.6618152,Day,F,L,A,MYSE
151.909,8443,6/3/2015,5/30/2015,14:06:34,7,33.9,AH0,248,37.4755127,Day,F,L,A,MYSE
151.909,8443,6/3/2015,5/29/2015,14:06:35,7,31.4,AH0,218,34.6618152,Day,F,L,A,MYSE
151.909,8443,6/3/2015,5/30/2015,14:06:36,7,33.9,AH0,250,37.4755127,Day,F,L,A,MYSE
151.909,8443,6/3/2015,5/29/2015,14:06:37,7,31.4,AH0,218,34.6618152,Day,F,L,A,MYSE
151.909,8443,6/3/2015,5/30/2015,14:06:38,7,33.9,AH0,246,37.4755127,Day,F,L,A,MYSE
151.909,8443,6/3/2015,5/29/2015,14:06:50,7,31.4,AH0,218,34.6618152,Day,F,L,A,MYSE
151.909,8443,6/3/2015,5/29/2015,14:06:52,7,31.4,AH0,221,34.6618152,Day,F,L,A,MYSE
151.909,8443,6/3/2015,5/30/2015,14:06:52,7,33.9,AH0,247,37.4755127,Day,F,L,A,MYSE
151.909,8443,6/3/2015,5/29/2015,14:06:54,7,31.4,AH0,215,34.6618152,Day,F,L,A,MYSE
151.909,8443,6/3/2015,5/30/2015,14:06:54,7,33.9,AH0,247,37.4755127,Day,F,L,A,MYSE
151.909,8443,6/3/2015,5/30/2015,14:06:55,7,33.9,AH0,248,37.4755127,Day,F,L,A,MYSE
151.909,8443,6/3/2015,5/29/2015,14:06:56,7,31.4,AH0,218,34.6618152,Day,F,L,A,MYSE
151.909,8443,6/3/2015,5/30/2015,14:06:57,7,33.9,AH0,249,37.4755127,Day,F,L,A,MYSE
151.909,8443,6/3/2015,5/29/2015,14:06:58,7,31.4,AH0,220,34.6618152,Day,F,L,A,MYSE
151.909,8443,6/3/2015,5/29/2015,14:07:11,7,31.4,AH0,219,34.6618152,Day,F,L,A,MYSE
151.909,8443,6/3/2015,5/30/2015,14:07:11,7,33.9,AH0,252,37.4755127,Day,F,L,A,MYSE
151.909,8443,6/3/2015,5/29/2015,14:07:13,7,31.4,AH0,218,34.6618152,Day,F,L,A,MYSE
151.909,8443,6/3/2015,5/30/2015,14:07:13,7,33.9,AH0,252,37.4755127,Day,F,L,A,MYSE
151.909,8443,6/3/2015,5/29/2015,14:07:15,7,31.4,AH0,220,34.6618152,Day,F,L,A,MYSE
151.909,8443,6/3/2015,5/30/2015,14:07:15,7,33.9,AH0,249,37.4755127,Day,F,L,A,MYSE
151.909,8443,6/3/2015,5/29/2015,14:07:17,7,31.4,AH0,216,34.6618152,Day,F,L,A,MYSE
151.909,8443,6/3/2015,5/30/2015,14:07:17,7,33.9,AH0,251,37.4755127,Day,F,L,A,MYSE
151.909,8443,6/3/2015,5/29/2015,14:07:30,7,31.4,AH0,218,34.6618152,Day,F,L,A,MYSE
151.909,8443,6/3/2015,5/30/2015,14:07:31,7,33.9,AH0,249,37.4755127,Day,F,L,A,MYSE
151.909,8443,6/3/2015,5/29/2015,14:07:32,7,31.4,AH0,219,34.6618152,Day,F,L,A,MYSE
151.909,8443,6/3/2015,5/30/2015,14:07:32,7,33.9,AH0,249,37.4755127,Day,F,L,A,MYSE
151.909,8443,6/3/2015,5/29/2015,14:07:34,7,31.4,AH0,219,34.6618152,Day,F,L,A,MYSE
151.909,8443,6/3/2015,5/30/2015,14:07:34,7,33.9,AH0,251,37.4755127,Day,F,L,A,MYSE
151.909,8443,6/3/2015,5/29/2015,14:07:36,7,31.4,AH0,220,34.6618152,Day,F,L,A,MYSE
151.909,8443,6/3/2015,5/30/2015,14:07:36,7,33.9,AH0,251,37.4755127,Day,F,L,A,MYSE
151.909,8443,6/3/2015,5/30/2015,14:07:38,7,33.9,AH0,251,37.4755127,Day,F,L,A,MYSE
151.909,8443,6/3/2015,5/30/2015,14:07:50,7,34,AH0,250,37.5612,Day,F,L,A,MYSE
151.909,8443,6/3/2015,5/29/2015,14:07:51,7,31.5,AH0,218,34.8011375,Day,F,L,A,MYSE
151.909,8443,6/3/2015,5/30/2015,14:07:52,7,34,AH0,252,37.5612,Day,F,L,A,MYSE
151.909,8443,6/3/2015,5/29/2015,14:07:53,7,31.5,AH0,214,34.8011375,Day,F,L,A,MYSE
151.909,8443,6/3/2015,5/30/2015,14:07:54,7,34,AH0,254,37.5612,Day,F,L,A,MYSE
151.909,8443,6/3/2015,5/29/2015,14:07:55,7,31.5,AH0,217,34.8011375,Day,F,L,A,MYSE
151.909,8443,6/3/2015,5/30/2015,14:07:55,7,34,AH0,252,37.5612,Day,F,L,A,MYSE
151.909,8443,6/3/2015,5/29/2015,14:07:57,7,31.4,AH0,215,34.6618152,Day,F,L,A,MYSE
151.909,8443,6/3/2015,5/30/2015,14:07:57,7,34,AH0,252,37.5612,Day,F,L,A,MYSE
151.909,8443,6/3/2015,5/29/2015,14:08:10,7,31.5,AH0,199,34.8011375,Day,F,L,A,MYSE
151.909,8443,6/3/2015,5/30/2015,14:08:11,7,34,AH0,251,37.5612,Day,F,L,A,MYSE
151.909,8443,6/3/2015,5/29/2015,14:08:12,7,31.5,AH0,200,34.8011375,Day,F,L,A,MYSE
151.909,8443,6/3/2015,5/30/2015,14:08:13,7,34,AH0,253,37.5612,Day,F,L,A,MYSE
151.909,8443,6/3/2015,5/29/2015,14:08:14,7,31.6,AH0,191,34.9380768,Day,F,L,A,MYSE
151.909,8443,6/3/2015,5/30/2015,14:08:15,7,34,AH0,250,37.5612,Day,F,L,A,MYSE
151.909,8443,6/3/2015,5/29/2015,14:08:16,7,31.5,AH0,214,34.8011375,Day,F,L,A,MYSE
151.909,8443,6/3/2015,5/30/2015,14:08:17,7,34,AH0,253,37.5612,Day,F,L,A,MYSE
151.909,8443,6/3/2015,5/29/2015,14:08:31,7,31.5,AH0,217,34.8011375,Day,F,L,A,MYSE
151.909,8443,6/3/2015,5/30/2015,14:08:31,7,34,AH0,251,37.5612,Day,F,L,A,MYSE
151.909,8443,6/3/2015,5/30/2015,14:08:32,7,34,AH0,250,37.5612,Day,F,L,A,MYSE
151.909,8443,6/3/2015,5/29/2015,14:08:33,7,31.4,AH0,222,34.6618152,Day,F,L,A,MYSE
151.909,8443,6/3/2015,5/30/2015,14:08:34,7,34,AH0,251,37.5612,Day,F,L,A,MYSE
151.909,8443,6/3/2015,5/29/2015,14:08:35,7,31.4,AH0,217,34.6618152,Day,F,L,A,MYSE
151.909,8443,6/3/2015,5/30/2015,14:08:36,7,34,AH0,252,37.5612,Day,F,L,A,MYSE
151.909,8443,6/3/2015,5/29/2015,14:08:37,7,31.4,AH0,222,34.6618152,Day,F,L,A,MYSE
151.909,8443,6/3/2015,5/30/2015,14:08:38,7,34,AH0,253,37.5612,Day,F,L,A,MYSE
151.909,8443,6/3/2015,5/29/2015,14:08:50,7,31.3,AH0,214,34.5200901,Day,F,L,A,MYSE
151.909,8443,6/3/2015,5/30/2015,14:08:50,7,34,AH0,252,37.5612,Day,F,L,A,MYSE
151.909,8443,6/3/2015,5/29/2015,14:08:52,7,31.3,AH0,218,34.5200901,Day,F,L,A,MYSE
151.909,8443,6/3/2015,5/30/2015,14:08:52,7,34,AH0,253,37.5612,Day,F,L,A,MYSE
151.909,8443,6/3/2015,5/29/2015,14:08:54,7,31.2,AH0,218,34.3759424,Day,F,L,A,MYSE
151.909,8443,6/3/2015,5/30/2015,14:08:54,7,34,AH0,252,37.5612,Day,F,L,A,MYSE
151.909,8443,6/3/2015,5/30/2015,14:08:55,7,34,AH0,253,37.5612,Day,F,L,A,MYSE
151.909,8443,6/3/2015,5/29/2015,14:08:56,7,31.2,AH0,215,34.3759424,Day,F,L,A,MYSE
151.909,8443,6/3/2015,5/30/2015,14:08:57,7,34,AH0,252,37.5612,Day,F,L,A,MYSE
151.909,8443,6/3/2015,5/29/2015,14:09:11,7,31.4,AH0,210,34.6618152,Day,F,L,A,MYSE
151.909,8443,6/3/2015,5/30/2015,14:09:11,7,34,AH0,253,37.5612,Day,F,L,A,MYSE
151.909,8443,6/3/2015,5/29/2015,14:09:13,7,31.5,AH0,210,34.8011375,Day,F,L,A,MYSE
151.909,8443,6/3/2015,5/30/2015,14:09:13,7,34,AH0,252,37.5612,Day,F,L,A,MYSE
151.909,8443,6/3/2015,5/29/2015,14:09:15,7,31.5,AH0,209,34.8011375,Day,F,L,A,MYSE
151.909,8443,6/3/2015,5/30/2015,14:09:15,7,34,AH0,251,37.5612,Day,F,L,A,MYSE
151.909,8443,6/3/2015,5/29/2015,14:09:17,7,31.5,AH0,213,34.8011375,Day,F,L,A,MYSE
151.909,8443,6/3/2015,5/30/2015,14:09:17,7,34,AH0,254,37.5612,Day,F,L,A,MYSE
151.909,8443,6/3/2015,5/29/2015,14:09:30,7,31.4,AH0,208,34.6618152,Day,F,L,A,MYSE
151.909,8443,6/3/2015,5/30/2015,14:09:31,7,34,AH0,252,37.5612,Day,F,L,A,MYSE
151.909,8443,6/3/2015,5/29/2015,14:09:32,7,31.4,AH0,207,34.6618152,Day,F,L,A,MYSE
151.909,8443,6/3/2015,5/30/2015,14:09:33,7,34,AH0,251,37.5612,Day,F,L,A,MYSE
151.909,8443,6/3/2015,5/29/2015,14:09:34,7,31.4,AH0,211,34.6618152,Day,F,L,A,MYSE
151.909,8443,6/3/2015,5/30/2015,14:09:34,7,34,AH0,252,37.5612,Day,F,L,A,MYSE
151.909,8443,6/3/2015,5/29/2015,14:09:36,7,31.4,AH0,215,34.6618152,Day,F,L,A,MYSE
151.909,8443,6/3/2015,5/30/2015,14:09:36,7,34,AH0,253,37.5612,Day,F,L,A,MYSE
151.909,8443,6/3/2015,5/30/2015,14:09:38,7,33.9,AH0,251,37.4755127,Day,F,L,A,MYSE
151.909,8443,6/3/2015,5/30/2015,14:09:50,7,33.9,AH0,251,37.4755127,Day,F,L,A,MYSE
151.909,8443,6/3/2015,5/29/2015,14:09:52,7,31.3,AH0,209,34.5200901,Day,F,L,A,MYSE
151.909,8443,6/3/2015,5/30/2015,14:09:52,7,33.9,AH0,253,37.4755127,Day,F,L,A,MYSE
151.909,8443,6/3/2015,5/29/2015,14:09:53,7,31.3,AH0,212,34.5200901,Day,F,L,A,MYSE
151.909,8443,6/3/2015,5/30/2015,14:09:54,7,33.9,AH0,253,37.4755127,Day,F,L,A,MYSE
151.909,8443,6/3/2015,5/29/2015,14:09:55,7,31.3,AH0,200,34.5200901,Day,F,L,A,MYSE
151.909,8443,6/3/2015,5/30/2015,14:09:56,7,33.9,AH0,253,37.4755127,Day,F,L,A,MYSE
151.909,8443,6/3/2015,5/29/2015,14:09:57,7,31.3,AH0,205,34.5200901,Day,F,L,A,MYSE
151.909,8443,6/3/2015,5/30/2015,14:09:57,7,33.9,AH0,251,37.4755127,Day,F,L,A,MYSE
151.909,8443,6/3/2015,5/29/2015,14:10:11,7,31.3,AH0,192,34.5200901,Day,F,L,A,MYSE
151.909,8443,6/3/2015,5/30/2015,14:10:11,7,33.8,AH0,253,37.3879176,Day,F,L,A,MYSE
151.909,8443,6/3/2015,5/29/2015,14:10:13,7,31.2,AH0,195,34.3759424,Day,F,L,A,MYSE
151.909,8443,6/3/2015,5/30/2015,14:10:13,7,33.8,AH0,254,37.3879176,Day,F,L,A,MYSE
151.909,8443,6/3/2015,5/29/2015,14:10:15,7,31.2,AH0,202,34.3759424,Day,F,L,A,MYSE
151.909,8443,6/3/2015,5/30/2015,14:10:15,7,33.8,AH0,251,37.3879176,Day,F,L,A,MYSE
151.909,8443,6/3/2015,5/29/2015,14:10:16,7,31.2,AH0,199,34.3759424,Day,F,L,A,MYSE
151.909,8443,6/3/2015,5/30/2015,14:10:17,7,33.8,AH0,253,37.3879176,Day,F,L,A,MYSE
151.909,8443,6/3/2015,5/29/2015,14:10:30,7,31,AH0,208,34.0803,Day,F,L,A,MYSE
151.909,8443,6/3/2015,5/30/2015,14:10:31,7,33.7,AH0,251,37.2983949,Day,F,L,A,MYSE
151.909,8443,6/3/2015,5/29/2015,14:10:32,7,31,AH0,210,34.0803,Day,F,L,A,MYSE
151.909,8443,6/3/2015,5/30/2015,14:10:33,7,33.7,AH0,252,37.2983949,Day,F,L,A,MYSE
151.909,8443,6/3/2015,5/29/2015,14:10:34,7,30.9,AH0,217,33.9287657,Day,F,L,A,MYSE
151.909,8443,6/3/2015,5/30/2015,14:10:35,7,33.8,AH0,251,37.3879176,Day,F,L,A,MYSE
151.909,8443,6/3/2015,5/29/2015,14:10:36,7,30.9,AH0,217,33.9287657,Day,F,L,A,MYSE
151.909,8443,6/3/2015,5/30/2015,14:10:36,7,33.7,AH0,254,37.2983949,Day,F,L,A,MYSE
151.909,8443,6/3/2015,5/29/2015,14:10:38,7,30.9,AH0,217,33.9287657,Day,F,L,A,MYSE
151.909,8443,6/3/2015,5/30/2015,14:10:38,7,33.8,AH0,252,37.3879176,Day,F,L,A,MYSE
151.909,8443,6/3/2015,5/29/2015,14:10:51,7,31.1,AH0,221,34.2293523,Day,F,L,A,MYSE
151.909,8443,6/3/2015,5/30/2015,14:10:51,7,33.7,AH0,252,37.2983949,Day,F,L,A,MYSE
151.909,8443,6/3/2015,5/30/2015,14:10:52,7,33.7,AH0,253,37.2983949,Day,F,L,A,MYSE
151.909,8443,6/3/2015,5/29/2015,14:10:53,7,31.1,AH0,218,34.2293523,Day,F,L,A,MYSE
151.909,8443,6/3/2015,5/30/2015,14:10:54,7,33.7,AH0,251,37.2983949,Day,F,L,A,MYSE
151.909,8443,6/3/2015,5/29/2015,14:10:55,7,31.1,AH0,219,34.2293523,Day,F,L,A,MYSE
151.909,8443,6/3/2015,5/30/2015,14:10:56,7,33.7,AH0,250,37.2983949,Day,F,L,A,MYSE
151.909,8443,6/3/2015,5/29/2015,14:10:57,7,31.2,AH0,221,34.3759424,Day,F,L,A,MYSE
151.909,8443,6/3/2015,5/30/2015,14:10:58,7,33.7,AH0,252,37.2983949,Day,F,L,A,MYSE
151.909,8443,6/3/2015,5/30/2015,14:11:10,7,33.7,AH0,249,37.2983949,Day,F,L,A,MYSE
151.909,8443,6/3/2015,5/29/2015,14:11:11,7,31.3,AH0,211,34.5200901,Day,F,L,A,MYSE
151.909,8443,6/3/2015,5/29/2015,14:11:12,7,31.3,AH0,215,34.5200901,Day,F,L,A,MYSE
151.909,8443,6/3/2015,5/30/2015,14:11:12,7,33.7,AH0,248,37.2983949,Day,F,L,A,MYSE
151.909,8443,6/3/2015,5/29/2015,14:11:14,7,31.3,AH0,215,34.5200901,Day,F,L,A,MYSE
151.909,8443,6/3/2015,5/30/2015,14:11:14,7,33.7,AH0,250,37.2983949,Day,F,L,A,MYSE
151.909,8443,6/3/2015,5/29/2015,14:11:16,7,31.3,AH0,215,34.5200901,Day,F,L,A,MYSE
151.909,8443,6/3/2015,5/30/2015,14:11:16,7,33.7,AH0,253,37.2983949,Day,F,L,A,MYSE
151.909,8443,6/3/2015,5/30/2015,14:11:17,7,33.7,AH0,253,37.2983949,Day,F,L,A,MYSE
151.909,8443,6/3/2015,5/29/2015,14:11:30,7,31.3,AH0,205,34.5200901,Day,F,L,A,MYSE
151.909,8443,6/3/2015,5/29/2015,14:11:32,7,31.3,AH0,209,34.5200901,Day,F,L,A,MYSE
151.909,8443,6/3/2015,5/30/2015,14:11:32,7,33.7,AH0,251,37.2983949,Day,F,L,A,MYSE
151.909,8443,6/3/2015,5/30/2015,14:11:33,7,33.7,AH0,252,37.2983949,Day,F,L,A,MYSE
151.909,8443,6/3/2015,5/29/2015,14:11:34,7,31.4,AH0,205,34.6618152,Day,F,L,A,MYSE
151.909,8443,6/3/2015,5/29/2015,14:11:35,7,31.5,AH0,187,34.8011375,Day,F,L,A,MYSE
151.909,8443,6/3/2015,5/30/2015,14:11:35,7,33.7,AH0,253,37.2983949,Day,F,L,A,MYSE
151.909,8443,6/3/2015,5/29/2015,14:11:37,7,31.5,AH0,206,34.8011375,Day,F,L,A,MYSE
151.909,8443,6/3/2015,5/30/2015,14:11:37,7,33.7,AH0,253,37.2983949,Day,F,L,A,MYSE
151.909,8443,6/3/2015,5/29/2015,14:11:51,7,31.3,AH0,214,34.5200901,Day,F,L,A,MYSE
151.909,8443,6/3/2015,5/30/2015,14:11:51,7,33.7,AH0,251,37.2983949,Day,F,L,A,MYSE
151.909,8443,6/3/2015,5/29/2015,14:11:53,7,31.3,AH0,214,34.5200901,Day,F,L,A,MYSE
151.909,8443,6/3/2015,5/30/2015,14:11:53,7,33.7,AH0,252,37.2983949,Day,F,L,A,MYSE
151.909,8443,6/3/2015,5/29/2015,14:11:55,7,31.2,AH0,213,34.3759424,Day,F,L,A,MYSE
151.909,8443,6/3/2015,5/30/2015,14:11:55,7,33.7,AH0,251,37.2983949,Day,F,L,A,MYSE
151.909,8443,6/3/2015,5/29/2015,14:11:56,7,31.2,AH0,213,34.3759424,Day,F,L,A,MYSE
151.909,8443,6/3/2015,5/30/2015,14:11:56,7,33.7,AH0,251,37.2983949,Day,F,L,A,MYSE
151.909,8443,6/3/2015,5/29/2015,14:12:10,7,31.1,AH0,188,34.2293523,Day,F,L,A,MYSE
151.909,8443,6/3/2015,5/30/2015,14:12:11,7,33.6,AH0,253,37.2069248,Day,F,L,A,MYSE
151.909,8443,6/3/2015,5/29/2015,14:12:12,7,31.1,AH0,201,34.2293523,Day,F,L,A,MYSE
151.909,8443,6/3/2015,5/30/2015,14:12:13,7,33.7,AH0,251,37.2983949,Day,F,L,A,MYSE
151.909,8443,6/3/2015,5/29/2015,14:12:14,7,31.1,AH0,199,34.2293523,Day,F,L,A,MYSE
151.909,8443,6/3/2015,5/30/2015,14:12:14,7,33.7,AH0,252,37.2983949,Day,F,L,A,MYSE
151.909,8443,6/3/2015,5/29/2015,14:12:16,7,31.2,AH0,204,34.3759424,Day,F,L,A,MYSE
151.909,8443,6/3/2015,5/30/2015,14:12:16,7,33.7,AH0,250,37.2983949,Day,F,L,A,MYSE
151.909,8443,6/3/2015,5/30/2015,14:12:18,7,33.6,AH0,252,37.2069248,Day,F,L,A,MYSE
151.909,8443,6/3/2015,5/30/2015,14:12:30,7,33.6,AH0,251,37.2069248,Day,F,L,A,MYSE
151.909,8443,6/3/2015,5/29/2015,14:12:31,7,31,AH0,211,34.0803,Day,F,L,A,MYSE
151.909,8443,6/3/2015,5/30/2015,14:12:32,7,33.6,AH0,252,37.2069248,Day,F,L,A,MYSE
151.909,8443,6/3/2015,5/29/2015,14:12:33,7,31,AH0,210,34.0803,Day,F,L,A,MYSE
151.909,8443,6/3/2015,5/30/2015,14:12:34,7,33.6,AH0,251,37.2069248,Day,F,L,A,MYSE
151.909,8443,6/3/2015,5/29/2015,14:12:35,7,30.9,AH0,209,33.9287657,Day,F,L,A,MYSE
151.909,8443,6/3/2015,5/30/2015,14:12:36,7,33.6,AH0,251,37.2069248,Day,F,L,A,MYSE
151.909,8443,6/3/2015,5/29/2015,14:12:37,7,30.9,AH0,209,33.9287657,Day,F,L,A,MYSE
151.909,8443,6/3/2015,5/30/2015,14:12:37,7,33.7,AH0,252,37.2983949,Day,F,L,A,MYSE
151.909,8443,6/3/2015,5/30/2015,14:12:50,7,33.7,AH0,252,37.2983949,Day,F,L,A,MYSE
151.909,8443,6/3/2015,5/29/2015,14:12:51,7,30.7,AH0,223,33.6181719,Day,F,L,A,MYSE
151.909,8443,6/3/2015,5/30/2015,14:12:52,7,33.7,AH0,252,37.2983949,Day,F,L,A,MYSE
151.909,8443,6/3/2015,5/29/2015,14:12:53,7,30.6,AH0,210,33.4590728,Day,F,L,A,MYSE
151.909,8443,6/3/2015,5/30/2015,14:12:54,7,33.7,AH0,249,37.2983949,Day,F,L,A,MYSE
151.909,8443,6/3/2015,5/29/2015,14:12:55,7,30.6,AH0,216,33.4590728,Day,F,L,A,MYSE
151.909,8443,6/3/2015,5/30/2015,14:12:55,7,33.7,AH0,251,37.2983949,Day,F,L,A,MYSE
151.909,8443,6/3/2015,5/29/2015,14:12:57,7,30.6,AH0,211,33.4590728,Day,F,L,A,MYSE
151.909,8443,6/3/2015,5/30/2015,14:12:57,7,33.7,AH0,252,37.2983949,Day,F,L,A,MYSE
151.909,8443,6/3/2015,5/29/2015,14:13:10,7,30.4,AH0,216,33.1331712,Day,F,L,A,MYSE
151.909,8443,6/3/2015,5/30/2015,14:13:11,7,33.6,AH0,252,37.2069248,Day,F,L,A,MYSE
151.909,8443,6/3/2015,5/29/2015,14:13:12,7,30.4,AH0,216,33.1331712,Day,F,L,A,MYSE
151.909,8443,6/3/2015,5/30/2015,14:13:13,7,33.6,AH0,252,37.2069248,Day,F,L,A,MYSE
151.909,8443,6/3/2015,5/29/2015,14:13:14,7,30.3,AH0,214,32.9663291,Day,F,L,A,MYSE
151.909,8443,6/3/2015,5/30/2015,14:13:15,7,33.6,AH0,248,37.2069248,Day,F,L,A,MYSE
151.909,8443,6/3/2015,5/29/2015,14:13:16,7,30.3,AH0,218,32.9663291,Day,F,L,A,MYSE
151.909,8443,6/3/2015,5/30/2015,14:13:17,7,33.6,AH0,251,37.2069248,Day,F,L,A,MYSE
151.909,8443,6/3/2015,5/29/2015,14:13:30,7,30.6,AH0,212,33.4590728,Day,F,L,A,MYSE
151.909,8443,6/3/2015,5/30/2015,14:13:31,7,33.7,AH0,250,37.2983949,Day,F,L,A,MYSE
151.909,8443,6/3/2015,5/29/2015,14:13:32,7,30.6,AH0,216,33.4590728,Day,F,L,A,MYSE
151.909,8443,6/3/2015,5/30/2015,14:13:33,7,33.7,AH0,252,37.2983949,Day,F,L,A,MYSE
151.909,8443,6/3/2015,5/29/2015,14:13:34,7,30.6,AH0,220,33.4590728,Day,F,L,A,MYSE
151.909,8443,6/3/2015,5/30/2015,14:13:35,7,33.7,AH0,252,37.2983949,Day,F,L,A,MYSE
151.909,8443,6/3/2015,5/29/2015,14:13:36,7,30.6,AH0,219,33.4590728,Day,F,L,A,MYSE
151.909,8443,6/3/2015,5/30/2015,14:13:36,7,33.7,AH0,250,37.2983949,Day,F,L,A,MYSE
151.909,8443,6/3/2015,5/29/2015,14:13:50,7,30.6,AH0,220,33.4590728,Day,F,L,A,MYSE
151.909,8443,6/3/2015,5/30/2015,14:13:51,7,33.7,AH0,251,37.2983949,Day,F,L,A,MYSE
151.909,8443,6/3/2015,5/29/2015,14:13:52,7,30.5,AH0,220,33.2974125,Day,F,L,A,MYSE
151.909,8443,6/3/2015,5/30/2015,14:13:52,7,33.7,AH0,249,37.2983949,Day,F,L,A,MYSE
151.909,8443,6/3/2015,5/29/2015,14:13:54,7,30.5,AH0,220,33.2974125,Day,F,L,A,MYSE
151.909,8443,6/3/2015,5/30/2015,14:13:54,7,33.7,AH0,251,37.2983949,Day,F,L,A,MYSE
151.909,8443,6/3/2015,5/29/2015,14:13:56,7,30.5,AH0,214,33.2974125,Day,F,L,A,MYSE
151.909,8443,6/3/2015,5/30/2015,14:13:56,7,33.7,AH0,251,37.2983949,Day,F,L,A,MYSE
151.909,8443,6/3/2015,5/29/2015,14:13:58,7,30.5,AH0,217,33.2974125,Day,F,L,A,MYSE
151.909,8443,6/3/2015,5/30/2015,14:13:58,7,33.7,AH0,252,37.2983949,Day,F,L,A,MYSE
151.909,8443,6/3/2015,5/30/2015,14:14:10,7,33.6,AH0,251,37.2069248,Day,F,L,A,MYSE
151.909,8443,6/3/2015,5/29/2015,14:14:11,7,30.7,AH0,223,33.6181719,Day,F,L,A,MYSE
151.909,8443,6/3/2015,5/30/2015,14:14:12,7,33.6,AH0,250,37.2069248,Day,F,L,A,MYSE
151.909,8443,6/3/2015,5/29/2015,14:14:13,7,30.7,AH0,220,33.6181719,Day,F,L,A,MYSE
151.909,8443,6/3/2015,5/30/2015,14:14:14,7,33.6,AH0,250,37.2069248,Day,F,L,A,MYSE
151.909,8443,6/3/2015,5/29/2015,14:14:15,7,30.7,AH0,218,33.6181719,Day,F,L,A,MYSE
151.909,8443,6/3/2015,5/30/2015,14:14:16,7,33.6,AH0,249,37.2069248,Day,F,L,A,MYSE
151.909,8443,6/3/2015,5/29/2015,14:14:17,7,30.7,AH0,221,33.6181719,Day,F,L,A,MYSE
151.909,8443,6/3/2015,5/30/2015,14:14:17,7,33.6,AH0,249,37.2069248,Day,F,L,A,MYSE
151.909,8443,6/3/2015,5/29/2015,14:14:31,7,30.9,AH0,222,33.9287657,Day,F,L,A,MYSE
151.909,8443,6/3/2015,5/30/2015,14:14:32,7,33.6,AH0,252,37.2069248,Day,F,L,A,MYSE
151.909,8443,6/3/2015,5/29/2015,14:14:33,7,30.9,AH0,222,33.9287657,Day,F,L,A,MYSE
151.909,8443,6/3/2015,5/30/2015,14:14:33,7,33.6,AH0,251,37.2069248,Day,F,L,A,MYSE
151.909,8443,6/3/2015,5/29/2015,14:14:35,7,30.9,AH0,221,33.9287657,Day,F,L,A,MYSE
151.909,8443,6/3/2015,5/30/2015,14:14:35,7,33.6,AH0,250,37.2069248,Day,F,L,A,MYSE
151.909,8443,6/3/2015,5/29/2015,14:14:37,7,30.9,AH0,220,33.9287657,Day,F,L,A,MYSE
151.909,8443,6/3/2015,5/30/2015,14:14:37,7,33.6,AH0,252,37.2069248,Day,F,L,A,MYSE
151.909,8443,6/3/2015,5/29/2015,14:14:50,7,30.7,AH0,225,33.6181719,Day,F,L,A,MYSE
151.909,8443,6/3/2015,5/30/2015,14:14:51,7,33.7,AH0,250,37.2983949,Day,F,L,A,MYSE
151.909,8443,6/3/2015,5/29/2015,14:14:52,7,30.7,AH0,222,33.6181719,Day,F,L,A,MYSE
151.909,8443,6/3/2015,5/30/2015,14:14:53,7,33.7,AH0,250,37.2983949,Day,F,L,A,MYSE
151.909,8443,6/3/2015,5/29/2015,14:14:54,7,30.6,AH0,223,33.4590728,Day,F,L,A,MYSE
151.909,8443,6/3/2015,5/30/2015,14:14:55,7,33.7,AH0,250,37.2983949,Day,F,L,A,MYSE
151.909,8443,6/3/2015,5/29/2015,14:14:56,7,30.6,AH0,226,33.4590728,Day,F,L,A,MYSE
151.909,8443,6/3/2015,5/30/2015,14:14:57,7,33.7,AH0,251,37.2983949,Day,F,L,A,MYSE
151.909,8443,6/3/2015,5/29/2015,14:15:10,7,30.8,AH0,219,33.7747296,Day,F,L,A,MYSE
151.909,8443,6/3/2015,5/30/2015,14:15:11,7,33.7,AH0,250,37.2983949,Day,F,L,A,MYSE
151.909,8443,6/3/2015,5/29/2015,14:15:12,7,30.7,AH0,210,33.6181719,Day,F,L,A,MYSE
151.909,8443,6/3/2015,5/30/2015,14:15:13,7,33.7,AH0,252,37.2983949,Day,F,L,A,MYSE
151.909,8443,6/3/2015,5/29/2015,14:15:14,7,30.6,AH0,165,33.4590728,Day,F,L,A,MYSE
151.909,8443,6/3/2015,5/30/2015,14:15:14,7,33.7,AH0,251,37.2983949,Day,F,L,A,MYSE
151.909,8443,6/3/2015,5/29/2015,14:15:16,7,30.5,AH0,153,33.2974125,Day,F,L,A,MYSE
151.909,8443,6/3/2015,5/30/2015,14:15:16,7,33.6,AH0,249,37.2069248,Day,F,L,A,MYSE
151.909,8443,6/3/2015,5/29/2015,14:15:18,7,30.5,AH0,86,33.2974125,Day,F,L,A,MYSE
151.909,8443,6/3/2015,5/30/2015,14:15:18,7,33.7,AH0,250,37.2983949,Day,F,L,A,MYSE
151.909,8443,6/3/2015,5/29/2015,14:15:31,7,30.1,AH0,145,32.6247633,Day,F,L,A,MYSE
151.909,8443,6/3/2015,5/30/2015,14:15:31,7,33.7,AH0,252,37.2983949,Day,F,L,A,MYSE
151.909,8443,6/3/2015,5/30/2015,14:15:32,7,33.7,AH0,252,37.2983949,Day,F,L,A,MYSE
151.909,8443,6/3/2015,5/29/2015,14:15:33,7,30.1,AH0,144,32.6247633,Day,F,L,A,MYSE
151.909,8443,6/3/2015,5/30/2015,14:15:34,7,33.7,AH0,245,37.2983949,Day,F,L,A,MYSE
151.909,8443,6/3/2015,5/29/2015,14:15:35,7,30,AH0,142,32.45,Day,F,L,A,MYSE
151.909,8443,6/3/2015,5/30/2015,14:15:36,7,33.7,AH0,252,37.2983949,Day,F,L,A,MYSE
151.909,8443,6/3/2015,5/29/2015,14:15:37,7,30,AH0,142,32.45,Day,F,L,A,MYSE
151.909,8443,6/3/2015,5/30/2015,14:15:38,7,33.7,AH0,250,37.2983949,Day,F,L,A,MYSE
151.909,8443,6/3/2015,5/30/2015,14:15:50,7,33.7,AH0,249,37.2983949,Day,F,L,A,MYSE
151.909,8443,6/3/2015,5/29/2015,14:15:51,7,30.1,AH0,165,32.6247633,Day,F,L,A,MYSE
151.909,8443,6/3/2015,5/30/2015,14:15:52,7,33.7,AH0,246,37.2983949,Day,F,L,A,MYSE
151.909,8443,6/3/2015,5/29/2015,14:15:53,7,30.1,AH0,173,32.6247633,Day,F,L,A,MYSE
151.909,8443,6/3/2015,5/30/2015,14:15:54,7,33.7,AH0,250,37.2983949,Day,F,L,A,MYSE
151.909,8443,6/3/2015,5/29/2015,14:15:55,7,30.1,AH0,171,32.6247633,Day,F,L,A,MYSE
151.909,8443,6/3/2015,5/30/2015,14:15:55,7,33.7,AH0,249,37.2983949,Day,F,L,A,MYSE
151.909,8443,6/3/2015,5/29/2015,14:15:57,7,30.1,AH0,168,32.6247633,Day,F,L,A,MYSE
151.909,8443,6/3/2015,5/30/2015,14:15:57,7,33.7,AH0,249,37.2983949,Day,F,L,A,MYSE
151.909,8443,6/3/2015,5/29/2015,14:16:11,7,30.1,AH0,165,32.6247633,Day,F,L,A,MYSE
151.909,8443,6/3/2015,5/30/2015,14:16:12,7,33.7,AH0,248,37.2983949,Day,F,L,A,MYSE
151.909,8443,6/3/2015,5/29/2015,14:16:13,7,30.1,AH0,173,32.6247633,Day,F,L,A,MYSE
151.909,8443,6/3/2015,5/30/2015,14:16:13,7,33.7,AH0,247,37.2983949,Day,F,L,A,MYSE
151.909,8443,6/3/2015,5/29/2015,14:16:15,7,30.1,AH0,172,32.6247633,Day,F,L,A,MYSE
151.909,8443,6/3/2015,5/30/2015,14:16:15,7,33.7,AH0,248,37.2983949,Day,F,L,A,MYSE
151.909,8443,6/3/2015,5/29/2015,14:16:17,7,30.1,AH0,176,32.6247633,Day,F,L,A,MYSE
151.909,8443,6/3/2015,5/30/2015,14:16:17,7,33.7,AH0,249,37.2983949,Day,F,L,A,MYSE
151.909,8443,6/3/2015,5/29/2015,14:16:31,7,30.2,AH0,171,32.7968664,Day,F,L,A,MYSE
151.909,8443,6/3/2015,5/30/2015,14:16:31,7,33.7,AH0,249,37.2983949,Day,F,L,A,MYSE
151.909,8443,6/3/2015,5/29/2015,14:16:33,7,30.2,AH0,169,32.7968664,Day,F,L,A,MYSE
151.909,8443,6/3/2015,5/30/2015,14:16:33,7,33.7,AH0,246,37.2983949,Day,F,L,A,MYSE
151.909,8443,6/3/2015,5/29/2015,14:16:35,7,30.2,AH0,164,32.7968664,Day,F,L,A,MYSE
151.909,8443,6/3/2015,5/30/2015,14:16:35,7,33.7,AH0,248,37.2983949,Day,F,L,A,MYSE
151.909,8443,6/3/2015,5/30/2015,14:16:36,7,33.7,AH0,249,37.2983949,Day,F,L,A,MYSE
151.909,8443,6/3/2015,5/29/2015,14:16:37,7,30.2,AH0,167,32.7968664,Day,F,L,A,MYSE
151.909,8443,6/3/2015,5/29/2015,14:16:51,7,30.2,AH0,145,32.7968664,Day,F,L,A,MYSE
151.909,8443,6/3/2015,5/30/2015,14:16:51,7,33.7,AH0,246,37.2983949,Day,F,L,A,MYSE
151.909,8443,6/3/2015,5/30/2015,14:16:52,7,33.7,AH0,248,37.2983949,Day,F,L,A,MYSE
151.909,8443,6/3/2015,5/29/2015,14:16:53,7,30.2,AH0,148,32.7968664,Day,F,L,A,MYSE
151.909,8443,6/3/2015,5/30/2015,14:16:54,7,33.7,AH0,244,37.2983949,Day,F,L,A,MYSE
151.909,8443,6/3/2015,5/29/2015,14:16:55,7,30.3,AH0,151,32.9663291,Day,F,L,A,MYSE
151.909,8443,6/3/2015,5/30/2015,14:16:56,7,33.7,AH0,245,37.2983949,Day,F,L,A,MYSE
151.909,8443,6/3/2015,5/29/2015,14:16:57,7,30.3,AH0,150,32.9663291,Day,F,L,A,MYSE
151.909,8443,6/3/2015,5/30/2015,14:16:58,7,33.7,AH0,245,37.2983949,Day,F,L,A,MYSE
151.909,8443,6/3/2015,5/30/2015,14:17:10,7,33.6,AH0,250,37.2069248,Day,F,L,A,MYSE
151.909,8443,6/3/2015,5/29/2015,14:17:11,7,30.5,AH0,138,33.2974125,Day,F,L,A,MYSE
151.909,8443,6/3/2015,5/30/2015,14:17:12,7,33.6,AH0,249,37.2069248,Day,F,L,A,MYSE
151.909,8443,6/3/2015,5/29/2015,14:17:13,7,30.6,AH0,134,33.4590728,Day,F,L,A,MYSE
151.909,8443,6/3/2015,5/30/2015,14:17:14,7,33.6,AH0,249,37.2069248,Day,F,L,A,MYSE
151.909,8443,6/3/2015,5/29/2015,14:17:15,7,30.6,AH0,137,33.4590728,Day,F,L,A,MYSE
151.909,8443,6/3/2015,5/30/2015,14:17:16,7,33.6,AH0,250,37.2069248,Day,F,L,A,MYSE
151.909,8443,6/3/2015,5/29/2015,14:17:17,7,30.6,AH0,135,33.4590728,Day,F,L,A,MYSE
151.909,8443,6/3/2015,5/30/2015,14:17:17,7,33.6,AH0,248,37.2069248,Day,F,L,A,MYSE
151.909,8443,6/3/2015,5/29/2015,14:17:30,7,30.8,AH0,140,33.7747296,Day,F,L,A,MYSE
151.909,8443,6/3/2015,5/30/2015,14:17:30,7,33.6,AH0,249,37.2069248,Day,F,L,A,MYSE
151.909,8443,6/3/2015,5/29/2015,14:17:32,7,30.8,AH0,134,33.7747296,Day,F,L,A,MYSE
151.909,8443,6/3/2015,5/30/2015,14:17:32,7,33.6,AH0,245,37.2069248,Day,F,L,A,MYSE
151.909,8443,6/3/2015,5/30/2015,14:17:33,7,33.6,AH0,251,37.2069248,Day,F,L,A,MYSE
151.909,8443,6/3/2015,5/29/2015,14:17:34,7,30.9,AH0,135,33.9287657,Day,F,L,A,MYSE
151.909,8443,6/3/2015,5/30/2015,14:17:35,7,33.6,AH0,250,37.2069248,Day,F,L,A,MYSE
151.909,8443,6/3/2015,5/29/2015,14:17:36,7,30.9,AH0,136,33.9287657,Day,F,L,A,MYSE
151.909,8443,6/3/2015,5/30/2015,14:17:37,7,33.6,AH0,249,37.2069248,Day,F,L,A,MYSE
151.909,8443,6/3/2015,5/29/2015,14:17:50,7,31.1,AH0,163,34.2293523,Day,F,L,A,MYSE
151.909,8443,6/3/2015,5/30/2015,14:17:51,7,33.7,AH0,249,37.2983949,Day,F,L,A,MYSE
151.909,8443,6/3/2015,5/29/2015,14:17:52,7,31.1,AH0,172,34.2293523,Day,F,L,A,MYSE
151.909,8443,6/3/2015,5/30/2015,14:17:53,7,33.7,AH0,252,37.2983949,Day,F,L,A,MYSE
151.909,8443,6/3/2015,5/29/2015,14:17:54,7,31.2,AH0,173,34.3759424,Day,F,L,A,MYSE
151.909,8443,6/3/2015,5/30/2015,14:17:55,7,33.7,AH0,253,37.2983949,Day,F,L,A,MYSE
151.909,8443,6/3/2015,5/29/2015,14:17:56,7,31.2,AH0,173,34.3759424,Day,F,L,A,MYSE
151.909,8443,6/3/2015,5/30/2015,14:17:57,7,33.7,AH0,252,37.2983949,Day,F,L,A,MYSE
151.909,8443,6/3/2015,5/29/2015,14:17:58,7,31.3,AH0,171,34.5200901,Day,F,L,A,MYSE
151.909,8443,6/3/2015,5/29/2015,14:18:11,7,31.4,AH0,169,34.6618152,Day,F,L,A,MYSE
151.909,8443,6/3/2015,5/30/2015,14:18:11,7,33.7,AH0,251,37.2983949,Day,F,L,A,MYSE
151.909,8443,6/3/2015,5/29/2015,14:18:13,7,31.4,AH0,168,34.6618152,Day,F,L,A,MYSE
151.909,8443,6/3/2015,5/30/2015,14:18:13,7,33.7,AH0,248,37.2983949,Day,F,L,A,MYSE
151.909,8443,6/3/2015,5/30/2015,14:18:14,7,33.7,AH0,248,37.2983949,Day,F,L,A,MYSE
151.909,8443,6/3/2015,5/29/2015,14:18:15,7,31.4,AH0,171,34.6618152,Day,F,L,A,MYSE
151.909,8443,6/3/2015,5/30/2015,14:18:16,7,33.7,AH0,248,37.2983949,Day,F,L,A,MYSE
151.909,8443,6/3/2015,5/29/2015,14:18:17,7,31.4,AH0,170,34.6618152,Day,F,L,A,MYSE
151.909,8443,6/3/2015,5/30/2015,14:18:18,7,33.7,AH0,249,37.2983949,Day,F,L,A,MYSE
151.909,8443,6/3/2015,5/29/2015,14:18:30,7,31.7,AH0,178,35.0726529,Day,F,L,A,MYSE
151.909,8443,6/3/2015,5/30/2015,14:18:31,7,33.7,AH0,248,37.2983949,Day,F,L,A,MYSE
151.909,8443,6/3/2015,5/29/2015,14:18:32,7,31.7,AH0,185,35.0726529,Day,F,L,A,MYSE
151.909,8443,6/3/2015,5/30/2015,14:18:32,7,33.7,AH0,248,37.2983949,Day,F,L,A,MYSE
151.909,8443,6/3/2015,5/29/2015,14:18:34,7,31.7,AH0,186,35.0726529,Day,F,L,A,MYSE
151.909,8443,6/3/2015,5/30/2015,14:18:34,7,33.7,AH0,247,37.2983949,Day,F,L,A,MYSE
151.909,8443,6/3/2015,5/29/2015,14:18:36,7,31.7,AH0,183,35.0726529,Day,F,L,A,MYSE
151.909,8443,6/3/2015,5/30/2015,14:18:36,7,33.7,AH0,248,37.2983949,Day,F,L,A,MYSE
151.909,8443,6/3/2015,5/29/2015,14:18:38,7,31.7,AH0,184,35.0726529,Day,F,L,A,MYSE
151.909,8443,6/3/2015,5/30/2015,14:18:38,7,33.6,AH0,247,37.2069248,Day,F,L,A,MYSE
151.909,8443,6/3/2015,5/30/2015,14:18:50,7,33.6,AH0,248,37.2069248,Day,F,L,A,MYSE
151.909,8443,6/3/2015,5/29/2015,14:18:51,7,31.9,AH0,185,35.3347947,Day,F,L,A,MYSE
151.909,8443,6/3/2015,5/30/2015,14:18:52,7,33.6,AH0,245,37.2069248,Day,F,L,A,MYSE
151.909,8443,6/3/2015,5/29/2015,14:18:53,7,31.9,AH0,180,35.3347947,Day,F,L,A,MYSE
151.909,8443,6/3/2015,5/30/2015,14:18:54,7,33.6,AH0,248,37.2069248,Day,F,L,A,MYSE
151.909,8443,6/3/2015,5/29/2015,14:18:55,7,31.9,AH0,181,35.3347947,Day,F,L,A,MYSE
151.909,8443,6/3/2015,5/30/2015,14:18:55,7,33.6,AH0,252,37.2069248,Day,F,L,A,MYSE
151.909,8443,6/3/2015,5/29/2015,14:18:56,7,32,AH0,182,35.4624,Day,F,L,A,MYSE
151.909,8443,6/3/2015,5/30/2015,14:18:57,7,33.6,AH0,239,37.2069248,Day,F,L,A,MYSE
151.909,8443,6/3/2015,5/29/2015,14:19:09,7,32.1,AH0,182,35.5877213,Day,F,L,A,MYSE
151.909,8443,6/3/2015,5/29/2015,14:19:11,7,32.1,AH0,186,35.5877213,Day,F,L,A,MYSE
151.909,8443,6/3/2015,5/30/2015,14:19:12,7,33.6,AH0,250,37.2069248,Day,F,L,A,MYSE
151.909,8443,6/3/2015,5/29/2015,14:19:13,7,32.1,AH0,184,35.5877213,Day,F,L,A,MYSE
151.909,8443,6/3/2015,5/30/2015,14:19:13,7,33.6,AH0,250,37.2069248,Day,F,L,A,MYSE
151.909,8443,6/3/2015,5/29/2015,14:19:15,7,32.1,AH0,185,35.5877213,Day,F,L,A,MYSE
151.909,8443,6/3/2015,5/30/2015,14:19:15,7,33.6,AH0,251,37.2069248,Day,F,L,A,MYSE
151.909,8443,6/3/2015,5/29/2015,14:19:17,7,32.1,AH0,181,35.5877213,Day,F,L,A,MYSE
151.909,8443,6/3/2015,5/30/2015,14:19:17,7,33.6,AH0,249,37.2069248,Day,F,L,A,MYSE
151.909,8443,6/3/2015,5/29/2015,14:19:30,7,32.2,AH0,185,35.7107784,Day,F,L,A,MYSE
151.909,8443,6/3/2015,5/30/2015,14:19:31,7,33.5,AH0,250,37.1134875,Day,F,L,A,MYSE
151.909,8443,6/3/2015,5/29/2015,14:19:32,7,32.2,AH0,186,35.7107784,Day,F,L,A,MYSE
151.909,8443,6/3/2015,5/30/2015,14:19:33,7,33.5,AH0,247,37.1134875,Day,F,L,A,MYSE
151.909,8443,6/3/2015,5/29/2015,14:19:34,7,32.2,AH0,182,35.7107784,Day,F,L,A,MYSE
151.909,8443,6/3/2015,5/30/2015,14:19:35,7,33.5,AH0,252,37.1134875,Day,F,L,A,MYSE
151.909,8443,6/3/2015,5/29/2015,14:19:36,7,32.2,AH0,184,35.7107784,Day,F,L,A,MYSE
151.909,8443,6/3/2015,5/29/2015,14:19:37,7,32.3,AH0,182,35.8315911,Day,F,L,A,MYSE
151.909,8443,6/3/2015,5/30/2015,14:19:37,7,33.5,AH0,251,37.1134875,Day,F,L,A,MYSE
151.909,8443,6/3/2015,5/29/2015,14:19:50,7,32.3,AH0,184,35.8315911,Day,F,L,A,MYSE
151.909,8443,6/3/2015,5/30/2015,14:19:51,7,33.5,AH0,250,37.1134875,Day,F,L,A,MYSE
151.909,8443,6/3/2015,5/29/2015,14:19:52,7,32.3,AH0,186,35.8315911,Day,F,L,A,MYSE
151.909,8443,6/3/2015,5/30/2015,14:19:53,7,33.5,AH0,248,37.1134875,Day,F,L,A,MYSE
151.909,8443,6/3/2015,5/29/2015,14:19:54,7,32.3,AH0,183,35.8315911,Day,F,L,A,MYSE
151.909,8443,6/3/2015,5/30/2015,14:19:55,7,33.5,AH0,250,37.1134875,Day,F,L,A,MYSE
151.909,8443,6/3/2015,5/29/2015,14:19:56,7,32.4,AH0,182,35.9501792,Day,F,L,A,MYSE
151.909,8443,6/3/2015,5/30/2015,14:19:56,7,33.5,AH0,248,37.1134875,Day,F,L,A,MYSE
151.909,8443,6/3/2015,5/29/2015,14:20:11,7,32.4,AH0,183,35.9501792,Day,F,L,A,MYSE
151.909,8443,6/3/2015,5/30/2015,14:20:11,7,33.5,AH0,250,37.1134875,Day,F,L,A,MYSE
151.909,8443,6/3/2015,5/30/2015,14:20:12,7,33.5,AH0,251,37.1134875,Day,F,L,A,MYSE
151.909,8443,6/3/2015,5/29/2015,14:20:13,7,32.4,AH0,186,35.9501792,Day,F,L,A,MYSE
151.909,8443,6/3/2015,5/30/2015,14:20:14,7,33.5,AH0,249,37.1134875,Day,F,L,A,MYSE
151.909,8443,6/3/2015,5/29/2015,14:20:15,7,32.4,AH0,183,35.9501792,Day,F,L,A,MYSE
151.909,8443,6/3/2015,5/29/2015,14:20:16,7,32.4,AH0,186,35.9501792,Day,F,L,A,MYSE
151.909,8443,6/3/2015,5/30/2015,14:20:16,7,33.5,AH0,249,37.1134875,Day,F,L,A,MYSE
151.909,8443,6/3/2015,5/30/2015,14:20:18,7,33.5,AH0,249,37.1134875,Day,F,L,A,MYSE
151.909,8443,6/3/2015,5/30/2015,14:20:30,7,33.5,AH0,251,37.1134875,Day,F,L,A,MYSE
151.909,8443,6/3/2015,5/29/2015,14:20:31,7,32.5,AH0,183,36.0665625,Day,F,L,A,MYSE
151.909,8443,6/3/2015,5/30/2015,14:20:32,7,33.5,AH0,246,37.1134875,Day,F,L,A,MYSE
151.909,8443,6/3/2015,5/29/2015,14:20:33,7,32.5,AH0,182,36.0665625,Day,F,L,A,MYSE
151.909,8443,6/3/2015,5/30/2015,14:20:34,7,33.5,AH0,249,37.1134875,Day,F,L,A,MYSE
151.909,8443,6/3/2015,5/29/2015,14:20:35,7,32.5,AH0,183,36.0665625,Day,F,L,A,MYSE
151.909,8443,6/3/2015,5/30/2015,14:20:36,7,33.5,AH0,250,37.1134875,Day,F,L,A,MYSE
151.909,8443,6/3/2015,5/29/2015,14:20:37,7,32.5,AH0,182,36.0665625,Day,F,L,A,MYSE
151.909,8443,6/3/2015,5/30/2015,14:20:38,7,33.5,AH0,250,37.1134875,Day,F,L,A,MYSE
151.909,8443,6/3/2015,5/29/2015,14:20:50,7,32.6,AH0,189,36.1807608,Day,F,L,A,MYSE
151.909,8443,6/3/2015,5/30/2015,14:20:50,7,33.5,AH0,248,37.1134875,Day,F,L,A,MYSE
151.909,8443,6/3/2015,5/29/2015,14:20:51,7,32.6,AH0,184,36.1807608,Day,F,L,A,MYSE
151.909,8443,6/3/2015,5/30/2015,14:20:52,7,33.5,AH0,248,37.1134875,Day,F,L,A,MYSE
151.909,8443,6/3/2015,5/29/2015,14:20:53,7,32.6,AH0,186,36.1807608,Day,F,L,A,MYSE
151.909,8443,6/3/2015,5/30/2015,14:20:54,7,33.5,AH0,249,37.1134875,Day,F,L,A,MYSE
151.909,8443,6/3/2015,5/29/2015,14:20:55,7,32.6,AH0,187,36.1807608,Day,F,L,A,MYSE
151.909,8443,6/3/2015,5/30/2015,14:20:55,7,33.5,AH0,249,37.1134875,Day,F,L,A,MYSE
151.909,8443,6/3/2015,5/29/2015,14:20:57,7,32.6,AH0,187,36.1807608,Day,F,L,A,MYSE
151.909,8443,6/3/2015,5/30/2015,14:20:57,7,33.5,AH0,252,37.1134875,Day,F,L,A,MYSE
151.909,8443,6/3/2015,5/31/2015,14:21:01,6,139.5,AH0,27,2951.262838,Day,F,L,A,MYSE
151.909,8443,6/3/2015,5/29/2015,14:21:10,7,32.7,AH0,184,36.2927939,Day,F,L,A,MYSE
151.909,8443,6/3/2015,5/29/2015,14:21:12,7,32.7,AH0,190,36.2927939,Day,F,L,A,MYSE
151.909,8443,6/3/2015,5/30/2015,14:21:12,7,33.5,AH0,250,37.1134875,Day,F,L,A,MYSE
151.909,8443,6/3/2015,5/30/2015,14:21:13,7,33.5,AH0,252,37.1134875,Day,F,L,A,MYSE
151.909,8443,6/3/2015,5/29/2015,14:21:14,7,32.8,AH0,192,36.4026816,Day,F,L,A,MYSE
151.909,8443,6/3/2015,5/29/2015,14:21:15,7,32.8,AH0,196,36.4026816,Day,F,L,A,MYSE
151.909,8443,6/3/2015,5/30/2015,14:21:15,7,33.5,AH0,248,37.1134875,Day,F,L,A,MYSE
151.909,8443,6/3/2015,5/29/2015,14:21:17,7,32.8,AH0,197,36.4026816,Day,F,L,A,MYSE
151.909,8443,6/3/2015,5/30/2015,14:21:17,7,33.5,AH0,250,37.1134875,Day,F,L,A,MYSE
151.909,8443,6/3/2015,5/29/2015,14:21:30,7,32.7,AH0,205,36.2927939,Day,F,L,A,MYSE
151.909,8443,6/3/2015,5/30/2015,14:21:31,7,33.5,AH0,252,37.1134875,Day,F,L,A,MYSE
151.909,8443,6/3/2015,5/29/2015,14:21:32,7,32.7,AH0,206,36.2927939,Day,F,L,A,MYSE
151.909,8443,6/3/2015,5/30/2015,14:21:33,7,33.5,AH0,248,37.1134875,Day,F,L,A,MYSE
151.909,8443,6/3/2015,5/29/2015,14:21:34,7,32.6,AH0,206,36.1807608,Day,F,L,A,MYSE
151.909,8443,6/3/2015,5/30/2015,14:21:35,7,33.5,AH0,245,37.1134875,Day,F,L,A,MYSE
151.909,8443,6/3/2015,5/29/2015,14:21:36,7,32.6,AH0,206,36.1807608,Day,F,L,A,MYSE
151.909,8443,6/3/2015,5/29/2015,14:21:37,7,32.6,AH0,211,36.1807608,Day,F,L,A,MYSE
151.909,8443,6/3/2015,5/30/2015,14:21:37,7,33.5,AH0,250,37.1134875,Day,F,L,A,MYSE
151.909,8443,6/3/2015,5/29/2015,14:21:50,7,32.5,AH0,210,36.0665625,Day,F,L,A,MYSE
151.909,8443,6/3/2015,5/30/2015,14:21:51,7,33.6,AH0,251,37.2069248,Day,F,L,A,MYSE
151.909,8443,6/3/2015,5/29/2015,14:21:52,7,32.4,AH0,211,35.9501792,Day,F,L,A,MYSE
151.909,8443,6/3/2015,5/30/2015,14:21:53,7,33.6,AH0,251,37.2069248,Day,F,L,A,MYSE
151.909,8443,6/3/2015,5/29/2015,14:21:54,7,32.4,AH0,214,35.9501792,Day,F,L,A,MYSE
151.909,8443,6/3/2015,5/30/2015,14:21:55,7,33.6,AH0,246,37.2069248,Day,F,L,A,MYSE
151.909,8443,6/3/2015,5/29/2015,14:21:56,7,32.3,AH0,217,35.8315911,Day,F,L,A,MYSE
151.909,8443,6/3/2015,5/30/2015,14:21:56,7,33.6,AH0,249,37.2069248,Day,F,L,A,MYSE
151.909,8443,6/3/2015,5/29/2015,14:22:11,7,32.1,AH0,201,35.5877213,Day,F,L,A,MYSE
151.909,8443,6/3/2015,5/30/2015,14:22:11,7,33.5,AH0,249,37.1134875,Day,F,L,A,MYSE
151.909,8443,6/3/2015,5/30/2015,14:22:12,7,33.5,AH0,251,37.1134875,Day,F,L,A,MYSE
151.909,8443,6/3/2015,5/29/2015,14:22:13,7,32.1,AH0,201,35.5877213,Day,F,L,A,MYSE
151.909,8443,6/3/2015,5/29/2015,14:22:14,7,32.1,AH0,202,35.5877213,Day,F,L,A,MYSE
151.909,8443,6/3/2015,5/30/2015,14:22:14,7,33.5,AH0,249,37.1134875,Day,F,L,A,MYSE
151.909,8443,6/3/2015,5/29/2015,14:22:16,7,32.1,AH0,203,35.5877213,Day,F,L,A,MYSE
151.909,8443,6/3/2015,5/30/2015,14:22:16,7,33.5,AH0,253,37.1134875,Day,F,L,A,MYSE
151.909,8443,6/3/2015,5/30/2015,14:22:18,7,33.5,AH0,251,37.1134875,Day,F,L,A,MYSE
151.909,8443,6/3/2015,5/29/2015,14:22:29,7,31.9,AH0,203,35.3347947,Day,F,L,A,MYSE
151.909,8443,6/3/2015,5/30/2015,14:22:30,7,33.4,AH0,250,37.0180632,Day,F,L,A,MYSE
151.909,8443,6/3/2015,5/29/2015,14:22:31,7,31.9,AH0,203,35.3347947,Day,F,L,A,MYSE
151.909,8443,6/3/2015,5/30/2015,14:22:32,7,33.4,AH0,251,37.0180632,Day,F,L,A,MYSE
151.909,8443,6/3/2015,5/29/2015,14:22:33,7,31.9,AH0,203,35.3347947,Day,F,L,A,MYSE
151.909,8443,6/3/2015,5/30/2015,14:22:34,7,33.4,AH0,251,37.0180632,Day,F,L,A,MYSE
151.909,8443,6/3/2015,5/29/2015,14:22:35,7,31.8,AH0,202,35.2048856,Day,F,L,A,MYSE
151.909,8443,6/3/2015,5/30/2015,14:22:36,7,33.4,AH0,248,37.0180632,Day,F,L,A,MYSE
151.909,8443,6/3/2015,5/29/2015,14:22:37,7,31.8,AH0,201,35.2048856,Day,F,L,A,MYSE
151.909,8443,6/3/2015,5/30/2015,14:22:38,7,33.4,AH0,251,37.0180632,Day,F,L,A,MYSE
151.909,8443,6/3/2015,5/29/2015,14:22:50,7,31.7,AH0,200,35.0726529,Day,F,L,A,MYSE
151.909,8443,6/3/2015,5/30/2015,14:22:50,7,33.3,AH0,250,36.9206321,Day,F,L,A,MYSE
151.909,8443,6/3/2015,5/29/2015,14:22:52,7,31.6,AH0,202,34.9380768,Day,F,L,A,MYSE
151.909,8443,6/3/2015,5/30/2015,14:22:52,7,33.3,AH0,251,36.9206321,Day,F,L,A,MYSE
151.909,8443,6/3/2015,5/29/2015,14:22:54,7,31.6,AH0,201,34.9380768,Day,F,L,A,MYSE
151.909,8443,6/3/2015,5/30/2015,14:22:54,7,33.3,AH0,248,36.9206321,Day,F,L,A,MYSE
151.909,8443,6/3/2015,5/29/2015,14:22:56,7,31.6,AH0,201,34.9380768,Day,F,L,A,MYSE
151.909,8443,6/3/2015,5/30/2015,14:22:56,7,33.3,AH0,250,36.9206321,Day,F,L,A,MYSE
151.909,8443,6/3/2015,5/30/2015,14:22:57,7,33.3,AH0,248,36.9206321,Day,F,L,A,MYSE
151.909,8443,6/3/2015,5/30/2015,14:23:10,7,33.4,AH0,249,37.0180632,Day,F,L,A,MYSE
151.909,8443,6/3/2015,5/29/2015,14:23:11,7,31.5,AH0,197,34.8011375,Day,F,L,A,MYSE
151.909,8443,6/3/2015,5/30/2015,14:23:12,7,33.4,AH0,248,37.0180632,Day,F,L,A,MYSE
151.909,8443,6/3/2015,5/29/2015,14:23:13,7,31.5,AH0,203,34.8011375,Day,F,L,A,MYSE
151.909,8443,6/3/2015,5/30/2015,14:23:14,7,33.4,AH0,250,37.0180632,Day,F,L,A,MYSE
151.909,8443,6/3/2015,5/29/2015,14:23:15,7,31.5,AH0,200,34.8011375,Day,F,L,A,MYSE
151.909,8443,6/3/2015,5/30/2015,14:23:15,7,33.4,AH0,251,37.0180632,Day,F,L,A,MYSE
151.909,8443,6/3/2015,5/29/2015,14:23:17,7,31.5,AH0,198,34.8011375,Day,F,L,A,MYSE
151.909,8443,6/3/2015,5/30/2015,14:23:17,7,33.4,AH0,249,37.0180632,Day,F,L,A,MYSE
151.909,8443,6/3/2015,5/31/2015,14:23:25,6,14.6,AH0,28,-38.5013112,Day,F,L,A,MYSE
151.909,8443,6/3/2015,5/29/2015,14:23:30,7,31.4,AH0,203,34.6618152,Day,F,L,A,MYSE
151.909,8443,6/3/2015,5/29/2015,14:23:32,7,31.4,AH0,198,34.6618152,Day,F,L,A,MYSE
151.909,8443,6/3/2015,5/30/2015,14:23:32,7,33.4,AH0,249,37.0180632,Day,F,L,A,MYSE
151.909,8443,6/3/2015,5/30/2015,14:23:33,7,33.4,AH0,250,37.0180632,Day,F,L,A,MYSE
151.909,8443,6/3/2015,5/29/2015,14:23:34,7,31.4,AH0,201,34.6618152,Day,F,L,A,MYSE
151.909,8443,6/3/2015,5/30/2015,14:23:35,7,33.4,AH0,249,37.0180632,Day,F,L,A,MYSE
151.909,8443,6/3/2015,5/29/2015,14:23:36,7,31.4,AH0,202,34.6618152,Day,F,L,A,MYSE
151.909,8443,6/3/2015,5/30/2015,14:23:37,7,33.4,AH0,249,37.0180632,Day,F,L,A,MYSE
151.909,8443,6/3/2015,5/29/2015,14:23:51,7,31.3,AH0,198,34.5200901,Day,F,L,A,MYSE
151.909,8443,6/3/2015,5/30/2015,14:23:51,7,33.4,AH0,247,37.0180632,Day,F,L,A,MYSE
151.909,8443,6/3/2015,5/29/2015,14:23:53,7,31.3,AH0,202,34.5200901,Day,F,L,A,MYSE
151.909,8443,6/3/2015,5/30/2015,14:23:53,7,33.4,AH0,249,37.0180632,Day,F,L,A,MYSE
151.909,8443,6/3/2015,5/29/2015,14:23:55,7,31.3,AH0,201,34.5200901,Day,F,L,A,MYSE
151.909,8443,6/3/2015,5/30/2015,14:23:55,7,33.4,AH0,249,37.0180632,Day,F,L,A,MYSE
151.909,8443,6/3/2015,5/29/2015,14:23:57,7,31.3,AH0,202,34.5200901,Day,F,L,A,MYSE
151.909,8443,6/3/2015,5/30/2015,14:23:57,7,33.4,AH0,250,37.0180632,Day,F,L,A,MYSE
151.909,8443,6/3/2015,5/29/2015,14:24:11,7,31.3,AH0,200,34.5200901,Day,F,L,A,MYSE
151.909,8443,6/3/2015,5/30/2015,14:24:11,7,33.4,AH0,249,37.0180632,Day,F,L,A,MYSE
151.909,8443,6/3/2015,5/29/2015,14:24:12,7,31.3,AH0,199,34.5200901,Day,F,L,A,MYSE
151.909,8443,6/3/2015,5/30/2015,14:24:13,7,33.4,AH0,252,37.0180632,Day,F,L,A,MYSE
151.909,8443,6/3/2015,5/29/2015,14:24:14,7,31.3,AH0,202,34.5200901,Day,F,L,A,MYSE
151.909,8443,6/3/2015,5/30/2015,14:24:15,7,33.4,AH0,250,37.0180632,Day,F,L,A,MYSE
151.909,8443,6/3/2015,5/29/2015,14:24:16,7,31.3,AH0,200,34.5200901,Day,F,L,A,MYSE
151.909,8443,6/3/2015,5/30/2015,14:24:16,7,33.4,AH0,250,37.0180632,Day,F,L,A,MYSE
151.909,8443,6/3/2015,5/29/2015,14:24:30,7,31.1,AH0,225,34.2293523,Day,F,L,A,MYSE
151.909,8443,6/3/2015,5/30/2015,14:24:31,7,33.4,AH0,250,37.0180632,Day,F,L,A,MYSE
151.909,8443,6/3/2015,5/29/2015,14:24:32,7,31.2,AH0,224,34.3759424,Day,F,L,A,MYSE
151.909,8443,6/3/2015,5/30/2015,14:24:33,7,33.4,AH0,250,37.0180632,Day,F,L,A,MYSE
151.909,8443,6/3/2015,5/29/2015,14:24:34,7,31.2,AH0,226,34.3759424,Day,F,L,A,MYSE
151.909,8443,6/3/2015,5/30/2015,14:24:34,7,33.4,AH0,250,37.0180632,Day,F,L,A,MYSE
151.909,8443,6/3/2015,5/29/2015,14:24:36,7,31.2,AH0,227,34.3759424,Day,F,L,A,MYSE
151.909,8443,6/3/2015,5/30/2015,14:24:36,7,33.4,AH0,250,37.0180632,Day,F,L,A,MYSE
151.909,8443,6/3/2015,5/29/2015,14:24:37,7,31.2,AH0,227,34.3759424,Day,F,L,A,MYSE
151.909,8443,6/3/2015,5/30/2015,14:24:51,7,33.4,AH0,249,37.0180632,Day,F,L,A,MYSE
151.909,8443,6/3/2015,5/29/2015,14:24:52,7,31.3,AH0,230,34.5200901,Day,F,L,A,MYSE
151.909,8443,6/3/2015,5/30/2015,14:24:52,7,33.4,AH0,249,37.0180632,Day,F,L,A,MYSE
151.909,8443,6/3/2015,5/29/2015,14:24:54,7,31.3,AH0,228,34.5200901,Day,F,L,A,MYSE
151.909,8443,6/3/2015,5/30/2015,14:24:54,7,33.4,AH0,249,37.0180632,Day,F,L,A,MYSE
151.909,8443,6/3/2015,5/29/2015,14:24:56,7,31.3,AH0,230,34.5200901,Day,F,L,A,MYSE
151.909,8443,6/3/2015,5/30/2015,14:24:56,7,33.4,AH0,250,37.0180632,Day,F,L,A,MYSE
151.909,8443,6/3/2015,5/29/2015,14:24:58,7,31.3,AH0,230,34.5200901,Day,F,L,A,MYSE
151.909,8443,6/3/2015,5/30/2015,14:24:58,7,33.4,AH0,248,37.0180632,Day,F,L,A,MYSE
151.909,8443,6/3/2015,5/30/2015,14:25:10,7,33.3,AH0,249,36.9206321,Day,F,L,A,MYSE
151.909,8443,6/3/2015,5/29/2015,14:25:11,7,31.3,AH0,230,34.5200901,Day,F,L,A,MYSE
151.909,8443,6/3/2015,5/30/2015,14:25:12,7,33.3,AH0,251,36.9206321,Day,F,L,A,MYSE
151.909,8443,6/3/2015,5/29/2015,14:25:13,7,31.3,AH0,233,34.5200901,Day,F,L,A,MYSE
151.909,8443,6/3/2015,5/30/2015,14:25:14,7,33.3,AH0,251,36.9206321,Day,F,L,A,MYSE
151.909,8443,6/3/2015,5/29/2015,14:25:15,7,31.3,AH0,233,34.5200901,Day,F,L,A,MYSE
151.909,8443,6/3/2015,5/30/2015,14:25:16,7,33.3,AH0,251,36.9206321,Day,F,L,A,MYSE
151.909,8443,6/3/2015,5/29/2015,14:25:17,7,31.3,AH0,227,34.5200901,Day,F,L,A,MYSE
151.909,8443,6/3/2015,5/30/2015,14:25:18,7,33.3,AH0,250,36.9206321,Day,F,L,A,MYSE
151.909,8443,6/3/2015,5/30/2015,14:25:30,7,33.3,AH0,251,36.9206321,Day,F,L,A,MYSE
151.909,8443,6/3/2015,5/29/2015,14:25:32,7,31.3,AH0,204,34.5200901,Day,F,L,A,MYSE
151.909,8443,6/3/2015,5/30/2015,14:25:32,7,33.3,AH0,250,36.9206321,Day,F,L,A,MYSE
151.909,8443,6/3/2015,5/29/2015,14:25:34,7,31.3,AH0,203,34.5200901,Day,F,L,A,MYSE
151.909,8443,6/3/2015,5/30/2015,14:25:34,7,33.3,AH0,248,36.9206321,Day,F,L,A,MYSE
151.909,8443,6/3/2015,5/29/2015,14:25:36,7,31.4,AH0,203,34.6618152,Day,F,L,A,MYSE
151.909,8443,6/3/2015,5/30/2015,14:25:36,7,33.3,AH0,248,36.9206321,Day,F,L,A,MYSE
151.909,8443,6/3/2015,5/30/2015,14:25:37,7,33.3,AH0,248,36.9206321,Day,F,L,A,MYSE
151.909,8443,6/3/2015,5/29/2015,14:25:38,7,31.4,AH0,201,34.6618152,Day,F,L,A,MYSE
151.909,8443,6/3/2015,5/31/2015,14:25:47,6,12.6,AH0,16,-56.1457192,Day,F,L,A,MYSE
151.909,8443,6/3/2015,5/30/2015,14:25:50,7,33.3,AH0,250,36.9206321,Day,F,L,A,MYSE
151.909,8443,6/3/2015,5/29/2015,14:25:51,7,31.6,AH0,206,34.9380768,Day,F,L,A,MYSE
151.909,8443,6/3/2015,5/30/2015,14:25:52,7,33.3,AH0,247,36.9206321,Day,F,L,A,MYSE
151.909,8443,6/3/2015,5/29/2015,14:25:53,7,31.6,AH0,215,34.9380768,Day,F,L,A,MYSE
151.909,8443,6/3/2015,5/30/2015,14:25:54,7,33.3,AH0,247,36.9206321,Day,F,L,A,MYSE
151.909,8443,6/3/2015,5/29/2015,14:25:55,7,31.6,AH0,211,34.9380768,Day,F,L,A,MYSE
151.909,8443,6/3/2015,5/30/2015,14:25:55,7,33.3,AH0,248,36.9206321,Day,F,L,A,MYSE
151.909,8443,6/3/2015,5/29/2015,14:25:57,7,31.6,AH0,210,34.9380768,Day,F,L,A,MYSE
151.909,8443,6/3/2015,5/30/2015,14:25:57,7,33.3,AH0,251,36.9206321,Day,F,L,A,MYSE
151.909,8443,6/3/2015,5/30/2015,14:26:10,7,33.3,AH0,251,36.9206321,Day,F,L,A,MYSE
151.909,8443,6/3/2015,5/29/2015,14:26:12,7,31.7,AH0,170,35.0726529,Day,F,L,A,MYSE
151.909,8443,6/3/2015,5/30/2015,14:26:12,7,33.3,AH0,250,36.9206321,Day,F,L,A,MYSE
151.909,8443,6/3/2015,5/30/2015,14:26:13,7,33.3,AH0,249,36.9206321,Day,F,L,A,MYSE
151.909,8443,6/3/2015,5/29/2015,14:26:14,7,31.8,AH0,170,35.2048856,Day,F,L,A,MYSE
151.909,8443,6/3/2015,5/30/2015,14:26:15,7,33.3,AH0,248,36.9206321,Day,F,L,A,MYSE
151.909,8443,6/3/2015,5/29/2015,14:26:16,7,31.8,AH0,159,35.2048856,Day,F,L,A,MYSE
151.909,8443,6/3/2015,5/30/2015,14:26:17,7,33.3,AH0,249,36.9206321,Day,F,L,A,MYSE
151.909,8443,6/3/2015,5/29/2015,14:26:18,7,31.9,AH0,176,35.3347947,Day,F,L,A,MYSE
151.909,8443,6/3/2015,5/29/2015,14:26:31,7,32.1,AH0,172,35.5877213,Day,F,L,A,MYSE
151.909,8443,6/3/2015,5/30/2015,14:26:31,7,33.3,AH0,252,36.9206321,Day,F,L,A,MYSE
151.909,8443,6/3/2015,5/29/2015,14:26:33,7,32.1,AH0,174,35.5877213,Day,F,L,A,MYSE
151.909,8443,6/3/2015,5/30/2015,14:26:33,7,33.3,AH0,252,36.9206321,Day,F,L,A,MYSE
151.909,8443,6/3/2015,5/29/2015,14:26:35,7,32.2,AH0,140,35.7107784,Day,F,L,A,MYSE
151.909,8443,6/3/2015,5/30/2015,14:26:35,7,33.3,AH0,248,36.9206321,Day,F,L,A,MYSE
151.909,8443,6/3/2015,5/29/2015,14:26:36,7,32.2,AH0,133,35.7107784,Day,F,L,A,MYSE
151.909,8443,6/3/2015,5/30/2015,14:26:37,7,33.3,AH0,247,36.9206321,Day,F,L,A,MYSE
151.909,8443,6/3/2015,5/29/2015,14:26:38,7,32.2,AH0,136,35.7107784,Day,F,L,A,MYSE
151.909,8443,6/3/2015,5/29/2015,14:26:51,7,32.5,AH0,161,36.0665625,Day,F,L,A,MYSE
151.909,8443,6/3/2015,5/30/2015,14:26:51,7,33.3,AH0,250,36.9206321,Day,F,L,A,MYSE
151.909,8443,6/3/2015,5/29/2015,14:26:53,7,32.6,AH0,159,36.1807608,Day,F,L,A,MYSE
151.909,8443,6/3/2015,5/30/2015,14:26:53,7,33.3,AH0,251,36.9206321,Day,F,L,A,MYSE
151.909,8443,6/3/2015,5/29/2015,14:26:55,7,32.6,AH0,179,36.1807608,Day,F,L,A,MYSE
151.909,8443,6/3/2015,5/30/2015,14:26:55,7,33.3,AH0,251,36.9206321,Day,F,L,A,MYSE
151.909,8443,6/3/2015,5/31/2015,14:26:56,7,106.8,AH0,48,872.1805856,Day,F,L,A,MYSE
151.909,8443,6/3/2015,5/29/2015,14:26:57,7,32.7,AH0,176,36.2927939,Day,F,L,A,MYSE
151.909,8443,6/3/2015,5/30/2015,14:26:57,7,33.3,AH0,251,36.9206321,Day,F,L,A,MYSE
151.909,8443,6/3/2015,5/29/2015,14:27:11,7,33,AH0,180,36.6161,Day,F,L,A,MYSE
151.909,8443,6/3/2015,5/30/2015,14:27:11,7,33.3,AH0,249,36.9206321,Day,F,L,A,MYSE
151.909,8443,6/3/2015,5/29/2015,14:27:13,7,33,AH0,181,36.6161,Day,F,L,A,MYSE
151.909,8443,6/3/2015,5/30/2015,14:27:13,7,33.3,AH0,252,36.9206321,Day,F,L,A,MYSE
151.909,8443,6/3/2015,5/29/2015,14:27:15,7,33,AH0,182,36.6161,Day,F,L,A,MYSE
151.909,8443,6/3/2015,5/30/2015,14:27:15,7,33.4,AH0,249,37.0180632,Day,F,L,A,MYSE
151.909,8443,6/3/2015,5/29/2015,14:27:17,7,33.1,AH0,172,36.7196703,Day,F,L,A,MYSE
151.909,8443,6/3/2015,5/30/2015,14:27:17,7,33.3,AH0,250,36.9206321,Day,F,L,A,MYSE
151.909,8443,6/3/2015,5/29/2015,14:27:31,7,33.2,AH0,173,36.8211744,Day,F,L,A,MYSE
151.909,8443,6/3/2015,5/30/2015,14:27:31,7,33.4,AH0,251,37.0180632,Day,F,L,A,MYSE
151.909,8443,6/3/2015,5/29/2015,14:27:33,7,33.2,AH0,173,36.8211744,Day,F,L,A,MYSE
151.909,8443,6/3/2015,5/30/2015,14:27:33,7,33.4,AH0,247,37.0180632,Day,F,L,A,MYSE
151.909,8443,6/3/2015,5/30/2015,14:27:34,7,33.4,AH0,249,37.0180632,Day,F,L,A,MYSE
151.909,8443,6/3/2015,5/29/2015,14:27:35,7,33.3,AH0,171,36.9206321,Day,F,L,A,MYSE
151.909,8443,6/3/2015,5/30/2015,14:27:36,7,33.4,AH0,251,37.0180632,Day,F,L,A,MYSE
151.909,8443,6/3/2015,5/29/2015,14:27:37,7,33.3,AH0,171,36.9206321,Day,F,L,A,MYSE
151.909,8443,6/3/2015,5/28/2015,14:27:51,7,10.9,AH0,47,-73.0636143,Day,F,L,A,MYSE
151.909,8443,6/3/2015,5/29/2015,14:27:51,7,33.4,AH0,174,37.0180632,Day,F,L,A,MYSE
151.909,8443,6/3/2015,5/30/2015,14:27:51,7,33.4,AH0,250,37.0180632,Day,F,L,A,MYSE
151.909,8443,6/3/2015,5/30/2015,14:27:52,7,33.4,AH0,252,37.0180632,Day,F,L,A,MYSE
151.909,8443,6/3/2015,5/29/2015,14:27:53,7,33.4,AH0,173,37.0180632,Day,F,L,A,MYSE
151.909,8443,6/3/2015,5/30/2015,14:27:54,7,33.4,AH0,252,37.0180632,Day,F,L,A,MYSE
151.909,8443,6/3/2015,5/29/2015,14:27:55,7,33.4,AH0,171,37.0180632,Day,F,L,A,MYSE
151.909,8443,6/3/2015,5/30/2015,14:27:56,7,33.4,AH0,250,37.0180632,Day,F,L,A,MYSE
151.909,8443,6/3/2015,5/29/2015,14:27:57,7,33.4,AH0,171,37.0180632,Day,F,L,A,MYSE
151.909,8443,6/3/2015,5/29/2015,14:27:58,7,33.4,AH0,171,37.0180632,Day,F,L,A,MYSE
151.909,8443,6/3/2015,5/30/2015,14:27:58,7,33.4,AH0,250,37.0180632,Day,F,L,A,MYSE
151.909,8443,6/3/2015,5/28/2015,14:28:06,7,32.6,AH0,50,36.1807608,Day,F,L,A,MYSE
151.909,8443,6/3/2015,5/28/2015,14:28:07,7,32.6,AH0,50,36.1807608,Day,F,L,A,MYSE
151.909,8443,6/3/2015,5/28/2015,14:28:09,7,32.8,AH0,57,36.4026816,Day,F,L,A,MYSE
151.909,8443,6/3/2015,5/30/2015,14:28:10,7,33.3,AH0,249,36.9206321,Day,F,L,A,MYSE
151.909,8443,6/3/2015,5/28/2015,14:28:11,7,32.5,AH0,53,36.0665625,Day,F,L,A,MYSE
151.909,8443,6/3/2015,5/29/2015,14:28:11,7,33.5,AH0,173,37.1134875,Day,F,L,A,MYSE
151.909,8443,6/3/2015,5/30/2015,14:28:12,7,33.3,AH0,250,36.9206321,Day,F,L,A,MYSE
151.909,8443,6/3/2015,5/29/2015,14:28:13,7,33.5,AH0,170,37.1134875,Day,F,L,A,MYSE
151.909,8443,6/3/2015,5/29/2015,14:28:14,7,33.5,AH0,175,37.1134875,Day,F,L,A,MYSE
151.909,8443,6/3/2015,5/30/2015,14:28:14,7,33.3,AH0,251,36.9206321,Day,F,L,A,MYSE
151.909,8443,6/3/2015,5/29/2015,14:28:16,7,33.5,AH0,175,37.1134875,Day,F,L,A,MYSE
151.909,8443,6/3/2015,5/30/2015,14:28:16,7,33.3,AH0,250,36.9206321,Day,F,L,A,MYSE
151.909,8443,6/3/2015,5/29/2015,14:28:18,7,33.5,AH0,170,37.1134875,Day,F,L,A,MYSE
151.909,8443,6/3/2015,5/30/2015,14:28:18,7,33.3,AH0,250,36.9206321,Day,F,L,A,MYSE
151.909,8443,6/3/2015,5/30/2015,14:28:30,7,33.2,AH0,252,36.8211744,Day,F,L,A,MYSE
151.909,8443,6/3/2015,5/29/2015,14:28:31,7,33.5,AH0,169,37.1134875,Day,F,L,A,MYSE
151.909,8443,6/3/2015,5/29/2015,14:28:32,7,33.5,AH0,172,37.1134875,Day,F,L,A,MYSE
151.909,8443,6/3/2015,5/30/2015,14:28:32,7,33.2,AH0,249,36.8211744,Day,F,L,A,MYSE
151.909,8443,6/3/2015,5/29/2015,14:28:34,7,33.5,AH0,168,37.1134875,Day,F,L,A,MYSE
151.909,8443,6/3/2015,5/30/2015,14:28:34,7,33.2,AH0,247,36.8211744,Day,F,L,A,MYSE
151.909,8443,6/3/2015,5/29/2015,14:28:36,7,33.5,AH0,170,37.1134875,Day,F,L,A,MYSE
151.909,8443,6/3/2015,5/30/2015,14:28:36,7,33.2,AH0,248,36.8211744,Day,F,L,A,MYSE
151.909,8443,6/3/2015,5/29/2015,14:28:38,7,33.5,AH0,168,37.1134875,Day,F,L,A,MYSE
151.909,8443,6/3/2015,5/30/2015,14:28:38,7,33.2,AH0,250,36.8211744,Day,F,L,A,MYSE
151.909,8443,6/3/2015,5/29/2015,14:28:50,7,33.6,AH0,168,37.2069248,Day,F,L,A,MYSE
151.909,8443,6/3/2015,5/30/2015,14:28:50,7,33.2,AH0,246,36.8211744,Day,F,L,A,MYSE
151.909,8443,6/3/2015,5/29/2015,14:28:52,7,33.5,AH0,166,37.1134875,Day,F,L,A,MYSE
151.909,8443,6/3/2015,5/30/2015,14:28:52,7,33.2,AH0,247,36.8211744,Day,F,L,A,MYSE
151.909,8443,6/3/2015,5/29/2015,14:28:54,7,33.5,AH0,165,37.1134875,Day,F,L,A,MYSE
151.909,8443,6/3/2015,5/30/2015,14:28:54,7,33.2,AH0,248,36.8211744,Day,F,L,A,MYSE
151.909,8443,6/3/2015,5/29/2015,14:28:56,7,33.5,AH0,166,37.1134875,Day,F,L,A,MYSE
151.909,8443,6/3/2015,5/30/2015,14:28:56,7,33.2,AH0,247,36.8211744,Day,F,L,A,MYSE
151.909,8443,6/3/2015,5/31/2015,14:28:56,7,62.2,AH0,18,60.3922584,Day,F,L,A,MYSE
151.909,8443,6/3/2015,5/29/2015,14:28:57,7,33.5,AH0,166,37.1134875,Day,F,L,A,MYSE
151.909,8443,6/3/2015,5/30/2015,14:28:57,7,33.2,AH0,244,36.8211744,Day,F,L,A,MYSE
151.909,8443,6/3/2015,5/30/2015,14:29:10,7,33.2,AH0,247,36.8211744,Day,F,L,A,MYSE
151.909,8443,6/3/2015,5/29/2015,14:29:12,7,33.6,AH0,157,37.2069248,Day,F,L,A,MYSE
151.909,8443,6/3/2015,5/30/2015,14:29:12,7,33.2,AH0,246,36.8211744,Day,F,L,A,MYSE
151.909,8443,6/3/2015,5/29/2015,14:29:13,7,33.5,AH0,153,37.1134875,Day,F,L,A,MYSE
151.909,8443,6/3/2015,5/30/2015,14:29:14,7,33.2,AH0,246,36.8211744,Day,F,L,A,MYSE
151.909,8443,6/3/2015,5/29/2015,14:29:15,7,33.6,AH0,159,37.2069248,Day,F,L,A,MYSE
151.909,8443,6/3/2015,5/30/2015,14:29:16,7,33.2,AH0,245,36.8211744,Day,F,L,A,MYSE
151.909,8443,6/3/2015,5/29/2015,14:29:17,7,33.5,AH0,157,37.1134875,Day,F,L,A,MYSE
151.909,8443,6/3/2015,5/30/2015,14:29:17,7,33.2,AH0,248,36.8211744,Day,F,L,A,MYSE
151.909,8443,6/3/2015,5/30/2015,14:29:30,7,33.2,AH0,246,36.8211744,Day,F,L,A,MYSE
151.909,8443,6/3/2015,5/29/2015,14:29:31,7,33.5,AH0,155,37.1134875,Day,F,L,A,MYSE
151.909,8443,6/3/2015,5/30/2015,14:29:32,7,33.2,AH0,247,36.8211744,Day,F,L,A,MYSE
151.909,8443,6/3/2015,5/29/2015,14:29:33,7,33.5,AH0,154,37.1134875,Day,F,L,A,MYSE
151.909,8443,6/3/2015,5/30/2015,14:29:34,7,33.2,AH0,247,36.8211744,Day,F,L,A,MYSE
151.909,8443,6/3/2015,5/29/2015,14:29:35,7,33.5,AH0,152,37.1134875,Day,F,L,A,MYSE
151.909,8443,6/3/2015,5/30/2015,14:29:35,7,33.2,AH0,246,36.8211744,Day,F,L,A,MYSE
151.909,8443,6/3/2015,5/29/2015,14:29:37,7,33.5,AH0,149,37.1134875,Day,F,L,A,MYSE
151.909,8443,6/3/2015,5/30/2015,14:29:37,7,33.2,AH0,247,36.8211744,Day,F,L,A,MYSE
151.909,8443,6/3/2015,5/28/2015,14:29:47,7,32.4,AH0,49,35.9501792,Day,F,L,A,MYSE
151.909,8443,6/3/2015,5/30/2015,14:29:50,7,33.2,AH0,245,36.8211744,Day,F,L,A,MYSE
151.909,8443,6/3/2015,5/28/2015,14:29:51,7,16.2,AH0,55,-26.0433976,Day,F,L,A,MYSE
151.909,8443,6/3/2015,5/29/2015,14:29:51,7,33.5,AH0,169,37.1134875,Day,F,L,A,MYSE
151.909,8443,6/3/2015,5/30/2015,14:29:52,7,33.2,AH0,243,36.8211744,Day,F,L,A,MYSE
151.909,8443,6/3/2015,5/29/2015,14:29:53,7,33.5,AH0,139,37.1134875,Day,F,L,A,MYSE
151.909,8443,6/3/2015,5/30/2015,14:29:53,7,33.2,AH0,244,36.8211744,Day,F,L,A,MYSE
151.909,8443,6/3/2015,5/29/2015,14:29:55,7,33.5,AH0,135,37.1134875,Day,F,L,A,MYSE
151.909,8443,6/3/2015,5/30/2015,14:29:55,7,33.2,AH0,245,36.8211744,Day,F,L,A,MYSE
151.909,8443,6/3/2015,5/29/2015,14:29:56,7,33.4,AH0,148,37.0180632,Day,F,L,A,MYSE
151.909,8443,6/3/2015,5/30/2015,14:29:57,7,33.2,AH0,244,36.8211744,Day,F,L,A,MYSE
151.909,8443,6/3/2015,5/29/2015,14:29:58,7,33.4,AH0,149,37.0180632,Day,F,L,A,MYSE
151.909,8443,6/3/2015,5/28/2015,14:30:09,7,10.8,AH0,48,-74.1159904,Day,F,L,A,MYSE
151.909,8443,6/3/2015,5/30/2015,14:30:10,7,33.2,AH0,245,36.8211744,Day,F,L,A,MYSE
151.909,8443,6/3/2015,5/28/2015,14:30:11,7,32.6,AH0,54,36.1807608,Day,F,L,A,MYSE
151.909,8443,6/3/2015,5/29/2015,14:30:11,7,33.1,AH0,153,36.7196703,Day,F,L,A,MYSE
151.909,8443,6/3/2015,5/30/2015,14:30:12,7,33.2,AH0,247,36.8211744,Day,F,L,A,MYSE
151.909,8443,6/3/2015,5/29/2015,14:30:13,7,33.1,AH0,146,36.7196703,Day,F,L,A,MYSE
151.909,8443,6/3/2015,5/30/2015,14:30:13,7,33.2,AH0,246,36.8211744,Day,F,L,A,MYSE
151.909,8443,6/3/2015,5/29/2015,14:30:15,7,33.1,AH0,148,36.7196703,Day,F,L,A,MYSE
151.909,8443,6/3/2015,5/30/2015,14:30:15,7,33.2,AH0,246,36.8211744,Day,F,L,A,MYSE
151.909,8443,6/3/2015,5/29/2015,14:30:16,7,33.1,AH0,150,36.7196703,Day,F,L,A,MYSE
151.909,8443,6/3/2015,5/30/2015,14:30:17,7,33.2,AH0,249,36.8211744,Day,F,L,A,MYSE
151.909,8443,6/3/2015,5/29/2015,14:30:18,7,33.1,AH0,151,36.7196703,Day,F,L,A,MYSE
151.909,8443,6/3/2015,5/29/2015,14:30:31,7,33,AH0,149,36.6161,Day,F,L,A,MYSE
151.909,8443,6/3/2015,5/30/2015,14:30:31,7,33.2,AH0,249,36.8211744,Day,F,L,A,MYSE
151.909,8443,6/3/2015,5/29/2015,14:30:33,7,32.9,AH0,150,36.5104437,Day,F,L,A,MYSE
151.909,8443,6/3/2015,5/30/2015,14:30:33,7,33.2,AH0,243,36.8211744,Day,F,L,A,MYSE
151.909,8443,6/3/2015,5/29/2015,14:30:35,7,32.9,AH0,150,36.5104437,Day,F,L,A,MYSE
151.909,8443,6/3/2015,5/30/2015,14:30:35,7,33.2,AH0,247,36.8211744,Day,F,L,A,MYSE
151.909,8443,6/3/2015,5/29/2015,14:30:36,7,32.9,AH0,148,36.5104437,Day,F,L,A,MYSE
151.909,8443,6/3/2015,5/30/2015,14:30:37,7,33.1,AH0,248,36.7196703,Day,F,L,A,MYSE
151.909,8443,6/3/2015,5/29/2015,14:30:38,7,32.9,AH0,147,36.5104437,Day,F,L,A,MYSE
151.909,8443,6/3/2015,5/28/2015,14:30:46,7,32.2,AH0,24,35.7107784,Day,F,L,A,MYSE
151.909,8443,6/3/2015,5/28/2015,14:30:48,7,32.4,AH0,42,35.9501792,Day,F,L,A,MYSE
151.909,8443,6/3/2015,5/29/2015,14:30:51,7,32.8,AH0,159,36.4026816,Day,F,L,A,MYSE
151.909,8443,6/3/2015,5/30/2015,14:30:51,7,33.1,AH0,248,36.7196703,Day,F,L,A,MYSE
151.909,8443,6/3/2015,5/29/2015,14:30:53,7,32.8,AH0,159,36.4026816,Day,F,L,A,MYSE
151.909,8443,6/3/2015,5/30/2015,14:30:53,7,33.1,AH0,245,36.7196703,Day,F,L,A,MYSE
151.909,8443,6/3/2015,5/29/2015,14:30:55,7,32.8,AH0,160,36.4026816,Day,F,L,A,MYSE
151.909,8443,6/3/2015,5/30/2015,14:30:55,7,33.1,AH0,245,36.7196703,Day,F,L,A,MYSE
151.909,8443,6/3/2015,5/29/2015,14:30:56,7,32.8,AH0,152,36.4026816,Day,F,L,A,MYSE
151.909,8443,6/3/2015,5/30/2015,14:30:57,7,33.1,AH0,249,36.7196703,Day,F,L,A,MYSE
151.909,8443,6/3/2015,5/29/2015,14:30:58,7,32.8,AH0,155,36.4026816,Day,F,L,A,MYSE
151.909,8443,6/3/2015,5/29/2015,14:31:11,7,32.8,AH0,152,36.4026816,Day,F,L,A,MYSE
151.909,8443,6/3/2015,5/30/2015,14:31:11,7,33.1,AH0,244,36.7196703,Day,F,L,A,MYSE
151.909,8443,6/3/2015,5/29/2015,14:31:13,7,32.8,AH0,143,36.4026816,Day,F,L,A,MYSE
151.909,8443,6/3/2015,5/30/2015,14:31:13,7,33.1,AH0,249,36.7196703,Day,F,L,A,MYSE
151.909,8443,6/3/2015,5/29/2015,14:31:15,7,32.8,AH0,142,36.4026816,Day,F,L,A,MYSE
151.909,8443,6/3/2015,5/30/2015,14:31:15,7,33.2,AH0,245,36.8211744,Day,F,L,A,MYSE
151.909,8443,6/3/2015,5/29/2015,14:31:17,7,32.7,AH0,140,36.2927939,Day,F,L,A,MYSE
151.909,8443,6/3/2015,5/30/2015,14:31:17,7,33.1,AH0,245,36.7196703,Day,F,L,A,MYSE
151.909,8443,6/3/2015,5/28/2015,14:31:29,7,16.2,AH0,39,-26.0433976,Day,F,L,A,MYSE
151.909,8443,6/3/2015,5/28/2015,14:31:31,7,32.2,AH0,51,35.7107784,Day,F,L,A,MYSE
151.909,8443,6/3/2015,5/29/2015,14:31:31,7,32.7,AH0,143,36.2927939,Day,F,L,A,MYSE
151.909,8443,6/3/2015,5/30/2015,14:31:31,7,33.2,AH0,244,36.8211744,Day,F,L,A,MYSE
151.909,8443,6/3/2015,5/29/2015,14:31:33,7,32.7,AH0,140,36.2927939,Day,F,L,A,MYSE
151.909,8443,6/3/2015,5/30/2015,14:31:33,7,33.2,AH0,245,36.8211744,Day,F,L,A,MYSE
151.909,8443,6/3/2015,5/29/2015,14:31:35,7,32.7,AH0,144,36.2927939,Day,F,L,A,MYSE
151.909,8443,6/3/2015,5/30/2015,14:31:35,7,33.2,AH0,245,36.8211744,Day,F,L,A,MYSE
151.909,8443,6/3/2015,5/29/2015,14:31:37,7,32.7,AH0,143,36.2927939,Day,F,L,A,MYSE
151.909,8443,6/3/2015,5/30/2015,14:31:37,7,33.2,AH0,245,36.8211744,Day,F,L,A,MYSE
151.909,8443,6/3/2015,5/28/2015,14:31:51,7,16.1,AH0,45,-26.7805827,Day,F,L,A,MYSE
151.909,8443,6/3/2015,5/29/2015,14:31:51,7,32.6,AH0,148,36.1807608,Day,F,L,A,MYSE
151.909,8443,6/3/2015,5/30/2015,14:31:51,7,33.2,AH0,245,36.8211744,Day,F,L,A,MYSE
151.909,8443,6/3/2015,5/29/2015,14:31:53,7,32.6,AH0,145,36.1807608,Day,F,L,A,MYSE
151.909,8443,6/3/2015,5/30/2015,14:31:53,7,33.2,AH0,246,36.8211744,Day,F,L,A,MYSE
151.909,8443,6/3/2015,5/29/2015,14:31:55,7,32.6,AH0,148,36.1807608,Day,F,L,A,MYSE
151.909,8443,6/3/2015,5/30/2015,14:31:55,7,33.3,AH0,247,36.9206321,Day,F,L,A,MYSE
151.909,8443,6/3/2015,5/30/2015,14:31:56,7,33.2,AH0,245,36.8211744,Day,F,L,A,MYSE
151.909,8443,6/3/2015,5/29/2015,14:31:57,7,32.6,AH0,147,36.1807608,Day,F,L,A,MYSE
151.909,8443,6/3/2015,5/30/2015,14:32:11,7,33.3,AH0,245,36.9206321,Day,F,L,A,MYSE
151.909,8443,6/3/2015,5/29/2015,14:32:12,7,32.5,AH0,142,36.0665625,Day,F,L,A,MYSE
151.909,8443,6/3/2015,5/30/2015,14:32:13,7,33.3,AH0,245,36.9206321,Day,F,L,A,MYSE
151.909,8443,6/3/2015,5/29/2015,14:32:14,7,32.5,AH0,149,36.0665625,Day,F,L,A,MYSE
151.909,8443,6/3/2015,5/29/2015,14:32:15,7,32.5,AH0,144,36.0665625,Day,F,L,A,MYSE
151.909,8443,6/3/2015,5/30/2015,14:32:15,7,33.3,AH0,246,36.9206321,Day,F,L,A,MYSE
151.909,8443,6/3/2015,5/30/2015,14:32:16,7,33.2,AH0,245,36.8211744,Day,F,L,A,MYSE
151.909,8443,6/3/2015,5/29/2015,14:32:17,7,32.5,AH0,142,36.0665625,Day,F,L,A,MYSE
151.909,8443,6/3/2015,5/28/2015,14:32:25,7,32.2,AH0,49,35.7107784,Day,F,L,A,MYSE
151.909,8443,6/3/2015,5/28/2015,14:32:27,7,32.2,AH0,43,35.7107784,Day,F,L,A,MYSE
151.909,8443,6/3/2015,5/28/2015,14:32:29,7,32.1,AH0,48,35.5877213,Day,F,L,A,MYSE
151.909,8443,6/3/2015,5/29/2015,14:32:30,7,32.7,AH0,147,36.2927939,Day,F,L,A,MYSE
151.909,8443,6/3/2015,5/28/2015,14:32:31,7,32.2,AH0,48,35.7107784,Day,F,L,A,MYSE
151.909,8443,6/3/2015,5/30/2015,14:32:31,7,33.2,AH0,246,36.8211744,Day,F,L,A,MYSE
151.909,8443,6/3/2015,5/29/2015,14:32:32,7,32.5,AH0,146,36.0665625,Day,F,L,A,MYSE
151.909,8443,6/3/2015,5/30/2015,14:32:33,7,33.2,AH0,246,36.8211744,Day,F,L,A,MYSE
151.909,8443,6/3/2015,5/29/2015,14:32:34,7,32.4,AH0,144,35.9501792,Day,F,L,A,MYSE
151.909,8443,6/3/2015,5/30/2015,14:32:34,7,33.3,AH0,249,36.9206321,Day,F,L,A,MYSE
151.909,8443,6/3/2015,5/29/2015,14:32:36,7,32.4,AH0,147,35.9501792,Day,F,L,A,MYSE
151.909,8443,6/3/2015,5/30/2015,14:32:36,7,33.3,AH0,249,36.9206321,Day,F,L,A,MYSE
151.909,8443,6/3/2015,5/29/2015,14:32:38,7,32.4,AH0,150,35.9501792,Day,F,L,A,MYSE
151.909,8443,6/3/2015,5/28/2015,14:32:49,7,10.7,AH0,48,-75.1748481,Day,F,L,A,MYSE
151.909,8443,6/3/2015,5/28/2015,14:32:51,7,32.2,AH0,47,35.7107784,Day,F,L,A,MYSE
151.909,8443,6/3/2015,5/29/2015,14:32:51,7,32.4,AH0,153,35.9501792,Day,F,L,A,MYSE
151.909,8443,6/3/2015,5/30/2015,14:32:51,7,33.3,AH0,249,36.9206321,Day,F,L,A,MYSE
151.909,8443,6/3/2015,5/29/2015,14:32:52,7,32.4,AH0,151,35.9501792,Day,F,L,A,MYSE
151.909,8443,6/3/2015,5/30/2015,14:32:52,7,33.3,AH0,246,36.9206321,Day,F,L,A,MYSE
151.909,8443,6/3/2015,5/29/2015,14:32:54,7,32.4,AH0,148,35.9501792,Day,F,L,A,MYSE
151.909,8443,6/3/2015,5/30/2015,14:32:54,7,33.3,AH0,246,36.9206321,Day,F,L,A,MYSE
151.909,8443,6/3/2015,5/29/2015,14:32:56,7,32.4,AH0,149,35.9501792,Day,F,L,A,MYSE
151.909,8443,6/3/2015,5/30/2015,14:32:56,7,33.3,AH0,246,36.9206321,Day,F,L,A,MYSE
151.909,8443,6/3/2015,5/29/2015,14:32:58,7,32.4,AH0,151,35.9501792,Day,F,L,A,MYSE
151.909,8443,6/3/2015,5/28/2015,14:33:04,7,32.1,AH0,52,35.5877213,Day,F,L,A,MYSE
151.909,8443,6/3/2015,5/28/2015,14:33:06,7,32.3,AH0,49,35.8315911,Day,F,L,A,MYSE
151.909,8443,6/3/2015,5/28/2015,14:33:08,7,32.2,AH0,47,35.7107784,Day,F,L,A,MYSE
151.909,8443,6/3/2015,5/28/2015,14:33:10,7,32.2,AH0,47,35.7107784,Day,F,L,A,MYSE
151.909,8443,6/3/2015,5/30/2015,14:33:10,7,33.3,AH0,249,36.9206321,Day,F,L,A,MYSE
151.909,8443,6/3/2015,5/29/2015,14:33:11,7,32.4,AH0,151,35.9501792,Day,F,L,A,MYSE
151.909,8443,6/3/2015,5/28/2015,14:33:12,7,32.1,AH0,46,35.5877213,Day,F,L,A,MYSE
151.909,8443,6/3/2015,5/30/2015,14:33:12,7,33.3,AH0,249,36.9206321,Day,F,L,A,MYSE
151.909,8443,6/3/2015,5/29/2015,14:33:13,7,32.4,AH0,150,35.9501792,Day,F,L,A,MYSE
151.909,8443,6/3/2015,5/30/2015,14:33:14,7,33.3,AH0,248,36.9206321,Day,F,L,A,MYSE
151.909,8443,6/3/2015,5/29/2015,14:33:15,7,32.3,AH0,150,35.8315911,Day,F,L,A,MYSE
151.909,8443,6/3/2015,5/30/2015,14:33:16,7,33.3,AH0,248,36.9206321,Day,F,L,A,MYSE
151.909,8443,6/3/2015,5/29/2015,14:33:17,7,32.3,AH0,150,35.8315911,Day,F,L,A,MYSE
151.909,8443,6/3/2015,5/30/2015,14:33:18,7,33.3,AH0,249,36.9206321,Day,F,L,A,MYSE
151.909,8443,6/3/2015,5/30/2015,14:33:30,7,33.3,AH0,248,36.9206321,Day,F,L,A,MYSE
151.909,8443,6/3/2015,5/29/2015,14:33:31,7,32.3,AH0,157,35.8315911,Day,F,L,A,MYSE
151.909,8443,6/3/2015,5/30/2015,14:33:32,7,33.3,AH0,248,36.9206321,Day,F,L,A,MYSE
151.909,8443,6/3/2015,5/29/2015,14:33:33,7,32.3,AH0,150,35.8315911,Day,F,L,A,MYSE
151.909,8443,6/3/2015,5/30/2015,14:33:34,7,33.3,AH0,250,36.9206321,Day,F,L,A,MYSE
151.909,8443,6/3/2015,5/29/2015,14:33:35,7,32.3,AH0,155,35.8315911,Day,F,L,A,MYSE
151.909,8443,6/3/2015,5/30/2015,14:33:36,7,33.3,AH0,248,36.9206321,Day,F,L,A,MYSE
151.909,8443,6/3/2015,5/29/2015,14:33:37,7,32.3,AH0,150,35.8315911,Day,F,L,A,MYSE
151.909,8443,6/3/2015,5/30/2015,14:33:37,7,33.3,AH0,249,36.9206321,Day,F,L,A,MYSE
151.909,8443,6/3/2015,5/30/2015,14:33:50,7,33.4,AH0,247,37.0180632,Day,F,L,A,MYSE
151.909,8443,6/3/2015,5/29/2015,14:33:52,7,32.2,AH0,171,35.7107784,Day,F,L,A,MYSE
151.909,8443,6/3/2015,5/30/2015,14:33:52,7,33.4,AH0,248,37.0180632,Day,F,L,A,MYSE
151.909,8443,6/3/2015,5/29/2015,14:33:54,7,32.2,AH0,170,35.7107784,Day,F,L,A,MYSE
151.909,8443,6/3/2015,5/30/2015,14:33:54,7,33.4,AH0,249,37.0180632,Day,F,L,A,MYSE
151.909,8443,6/3/2015,5/30/2015,14:33:55,7,33.4,AH0,251,37.0180632,Day,F,L,A,MYSE
151.909,8443,6/3/2015,5/29/2015,14:33:56,7,32.2,AH0,164,35.7107784,Day,F,L,A,MYSE
151.909,8443,6/3/2015,5/29/2015,14:33:57,7,32.1,AH0,164,35.5877213,Day,F,L,A,MYSE
151.909,8443,6/3/2015,5/30/2015,14:33:57,7,33.4,AH0,249,37.0180632,Day,F,L,A,MYSE
151.909,8443,6/3/2015,5/28/2015,14:34:04,7,32,AH0,44,35.4624,Day,F,L,A,MYSE
151.909,8443,6/3/2015,5/28/2015,14:34:06,7,32.1,AH0,47,35.5877213,Day,F,L,A,MYSE
151.909,8443,6/3/2015,5/28/2015,14:34:08,7,31.9,AH0,33,35.3347947,Day,F,L,A,MYSE
151.909,8443,6/3/2015,5/28/2015,14:34:10,7,32.2,AH0,41,35.7107784,Day,F,L,A,MYSE
151.909,8443,6/3/2015,5/30/2015,14:34:10,7,33.3,AH0,248,36.9206321,Day,F,L,A,MYSE
151.909,8443,6/3/2015,5/29/2015,14:34:11,7,32.2,AH0,173,35.7107784,Day,F,L,A,MYSE
151.909,8443,6/3/2015,5/29/2015,14:34:12,7,32.2,AH0,194,35.7107784,Day,F,L,A,MYSE
151.909,8443,6/3/2015,5/30/2015,14:34:12,7,33.3,AH0,251,36.9206321,Day,F,L,A,MYSE
151.909,8443,6/3/2015,5/30/2015,14:34:13,7,33.3,AH0,250,36.9206321,Day,F,L,A,MYSE
151.909,8443,6/3/2015,5/29/2015,14:34:14,7,32.2,AH0,193,35.7107784,Day,F,L,A,MYSE
151.909,8443,6/3/2015,5/30/2015,14:34:15,7,33.3,AH0,250,36.9206321,Day,F,L,A,MYSE
151.909,8443,6/3/2015,5/29/2015,14:34:16,7,32.2,AH0,191,35.7107784,Day,F,L,A,MYSE
151.909,8443,6/3/2015,5/30/2015,14:34:17,7,33.3,AH0,250,36.9206321,Day,F,L,A,MYSE
151.909,8443,6/3/2015,5/29/2015,14:34:18,7,32.2,AH0,190,35.7107784,Day,F,L,A,MYSE
151.909,8443,6/3/2015,5/30/2015,14:34:30,7,33.4,AH0,251,37.0180632,Day,F,L,A,MYSE
151.909,8443,6/3/2015,5/29/2015,14:34:31,7,32.1,AH0,228,35.5877213,Day,F,L,A,MYSE
151.909,8443,6/3/2015,5/30/2015,14:34:31,7,33.4,AH0,250,37.0180632,Day,F,L,A,MYSE
151.909,8443,6/3/2015,5/29/2015,14:34:33,7,32.1,AH0,224,35.5877213,Day,F,L,A,MYSE
151.909,8443,6/3/2015,5/30/2015,14:34:33,7,33.3,AH0,251,36.9206321,Day,F,L,A,MYSE
151.909,8443,6/3/2015,5/29/2015,14:34:35,7,32.1,AH0,229,35.5877213,Day,F,L,A,MYSE
151.909,8443,6/3/2015,5/30/2015,14:34:35,7,33.4,AH0,251,37.0180632,Day,F,L,A,MYSE
151.909,8443,6/3/2015,5/29/2015,14:34:37,7,32.2,AH0,226,35.7107784,Day,F,L,A,MYSE
151.909,8443,6/3/2015,5/30/2015,14:34:37,7,33.4,AH0,249,37.0180632,Day,F,L,A,MYSE
151.909,8443,6/3/2015,5/28/2015,14:34:49,7,32,AH0,48,35.4624,Day,F,L,A,MYSE
151.909,8443,6/3/2015,5/28/2015,14:34:51,7,32.3,AH0,47,35.8315911,Day,F,L,A,MYSE
151.909,8443,6/3/2015,5/30/2015,14:34:51,7,33.4,AH0,251,37.0180632,Day,F,L,A,MYSE
151.909,8443,6/3/2015,5/29/2015,14:34:52,7,32.5,AH0,226,36.0665625,Day,F,L,A,MYSE
151.909,8443,6/3/2015,5/29/2015,14:34:53,7,32.5,AH0,226,36.0665625,Day,F,L,A,MYSE
151.909,8443,6/3/2015,5/30/2015,14:34:53,7,33.3,AH0,252,36.9206321,Day,F,L,A,MYSE
151.909,8443,6/3/2015,5/29/2015,14:34:55,7,32.5,AH0,222,36.0665625,Day,F,L,A,MYSE
151.909,8443,6/3/2015,5/30/2015,14:34:55,7,33.4,AH0,252,37.0180632,Day,F,L,A,MYSE
151.909,8443,6/3/2015,5/29/2015,14:34:57,7,32.5,AH0,219,36.0665625,Day,F,L,A,MYSE
151.909,8443,6/3/2015,5/30/2015,14:34:57,7,33.3,AH0,251,36.9206321,Day,F,L,A,MYSE
151.909,8443,6/3/2015,5/30/2015,14:35:11,7,33.4,AH0,251,37.0180632,Day,F,L,A,MYSE
151.909,8443,6/3/2015,5/29/2015,14:35:12,7,32.8,AH0,223,36.4026816,Day,F,L,A,MYSE
151.909,8443,6/3/2015,5/30/2015,14:35:13,7,33.4,AH0,253,37.0180632,Day,F,L,A,MYSE
151.909,8443,6/3/2015,5/29/2015,14:35:14,7,32.8,AH0,221,36.4026816,Day,F,L,A,MYSE
151.909,8443,6/3/2015,5/29/2015,14:35:15,7,32.8,AH0,224,36.4026816,Day,F,L,A,MYSE
151.909,8443,6/3/2015,5/30/2015,14:35:15,7,33.4,AH0,250,37.0180632,Day,F,L,A,MYSE
151.909,8443,6/3/2015,5/30/2015,14:35:16,7,33.4,AH0,250,37.0180632,Day,F,L,A,MYSE
151.909,8443,6/3/2015,5/29/2015,14:35:17,7,32.8,AH0,224,36.4026816,Day,F,L,A,MYSE
151.909,8443,6/3/2015,5/28/2015,14:35:25,7,32.2,AH0,49,35.7107784,Day,F,L,A,MYSE
151.909,8443,6/3/2015,5/28/2015,14:35:27,7,32.2,AH0,51,35.7107784,Day,F,L,A,MYSE
151.909,8443,6/3/2015,5/28/2015,14:35:28,7,32,AH0,48,35.4624,Day,F,L,A,MYSE
151.909,8443,6/3/2015,5/28/2015,14:35:30,7,32.3,AH0,53,35.8315911,Day,F,L,A,MYSE
151.909,8443,6/3/2015,5/30/2015,14:35:31,7,33.4,AH0,253,37.0180632,Day,F,L,A,MYSE
151.909,8443,6/3/2015,5/29/2015,14:35:32,7,32.9,AH0,218,36.5104437,Day,F,L,A,MYSE
151.909,8443,6/3/2015,5/30/2015,14:35:33,7,33.4,AH0,252,37.0180632,Day,F,L,A,MYSE
151.909,8443,6/3/2015,5/29/2015,14:35:34,7,32.9,AH0,220,36.5104437,Day,F,L,A,MYSE
151.909,8443,6/3/2015,5/30/2015,14:35:34,7,33.4,AH0,253,37.0180632,Day,F,L,A,MYSE
151.909,8443,6/3/2015,5/29/2015,14:35:36,7,32.9,AH0,222,36.5104437,Day,F,L,A,MYSE
151.909,8443,6/3/2015,5/30/2015,14:35:36,7,33.4,AH0,252,37.0180632,Day,F,L,A,MYSE
151.909,8443,6/3/2015,5/29/2015,14:35:37,7,32.9,AH0,221,36.5104437,Day,F,L,A,MYSE
151.909,8443,6/3/2015,5/30/2015,14:35:51,7,33.3,AH0,251,36.9206321,Day,F,L,A,MYSE
151.909,8443,6/3/2015,5/29/2015,14:35:52,7,33,AH0,223,36.6161,Day,F,L,A,MYSE
151.909,8443,6/3/2015,5/30/2015,14:35:52,7,33.3,AH0,251,36.9206321,Day,F,L,A,MYSE
151.909,8443,6/3/2015,5/29/2015,14:35:54,7,33,AH0,222,36.6161,Day,F,L,A,MYSE
151.909,8443,6/3/2015,5/30/2015,14:35:54,7,33.3,AH0,252,36.9206321,Day,F,L,A,MYSE
151.909,8443,6/3/2015,5/29/2015,14:35:56,7,33,AH0,223,36.6161,Day,F,L,A,MYSE
151.909,8443,6/3/2015,5/30/2015,14:35:56,7,33.3,AH0,251,36.9206321,Day,F,L,A,MYSE
151.909,8443,6/3/2015,5/29/2015,14:35:57,7,33,AH0,220,36.6161,Day,F,L,A,MYSE
151.909,8443,6/3/2015,5/28/2015,14:36:04,7,31.9,AH0,24,35.3347947,Day,F,L,A,MYSE
151.909,8443,6/3/2015,5/28/2015,14:36:06,7,32.3,AH0,53,35.8315911,Day,F,L,A,MYSE
151.909,8443,6/3/2015,5/28/2015,14:36:08,7,31.9,AH0,53,35.3347947,Day,F,L,A,MYSE
151.909,8443,6/3/2015,5/28/2015,14:36:10,7,32.1,AH0,43,35.5877213,Day,F,L,A,MYSE
151.909,8443,6/3/2015,5/30/2015,14:36:11,7,33.3,AH0,252,36.9206321,Day,F,L,A,MYSE
151.909,8443,6/3/2015,5/28/2015,14:36:12,7,32.2,AH0,48,35.7107784,Day,F,L,A,MYSE
151.909,8443,6/3/2015,5/29/2015,14:36:12,7,33,AH0,221,36.6161,Day,F,L,A,MYSE
151.909,8443,6/3/2015,5/30/2015,14:36:12,7,33.2,AH0,252,36.8211744,Day,F,L,A,MYSE
151.909,8443,6/3/2015,5/29/2015,14:36:14,7,32.9,AH0,217,36.5104437,Day,F,L,A,MYSE
151.909,8443,6/3/2015,5/30/2015,14:36:14,7,33.2,AH0,251,36.8211744,Day,F,L,A,MYSE
151.909,8443,6/3/2015,5/29/2015,14:36:16,7,32.9,AH0,219,36.5104437,Day,F,L,A,MYSE
151.909,8443,6/3/2015,5/30/2015,14:36:16,7,33.2,AH0,253,36.8211744,Day,F,L,A,MYSE
151.909,8443,6/3/2015,5/29/2015,14:36:17,7,32.9,AH0,220,36.5104437,Day,F,L,A,MYSE
151.909,8443,6/3/2015,5/30/2015,14:36:18,7,33.2,AH0,250,36.8211744,Day,F,L,A,MYSE
151.909,8443,6/3/2015,5/29/2015,14:36:30,7,33,AH0,222,36.6161,Day,F,L,A,MYSE
151.909,8443,6/3/2015,5/30/2015,14:36:30,7,33.3,AH0,252,36.9206321,Day,F,L,A,MYSE
151.909,8443,6/3/2015,5/29/2015,14:36:32,7,33,AH0,218,36.6161,Day,F,L,A,MYSE
151.909,8443,6/3/2015,5/30/2015,14:36:32,7,33.3,AH0,251,36.9206321,Day,F,L,A,MYSE
151.909,8443,6/3/2015,5/29/2015,14:36:34,7,33,AH0,219,36.6161,Day,F,L,A,MYSE
151.909,8443,6/3/2015,5/30/2015,14:36:34,7,33.3,AH0,249,36.9206321,Day,F,L,A,MYSE
151.909,8443,6/3/2015,5/29/2015,14:36:36,7,33,AH0,221,36.6161,Day,F,L,A,MYSE
151.909,8443,6/3/2015,5/30/2015,14:36:36,7,33.3,AH0,251,36.9206321,Day,F,L,A,MYSE
151.909,8443,6/3/2015,5/29/2015,14:36:37,7,33,AH0,216,36.6161,Day,F,L,A,MYSE
151.909,8443,6/3/2015,5/30/2015,14:36:38,7,33.3,AH0,250,36.9206321,Day,F,L,A,MYSE
151.909,8443,6/3/2015,5/29/2015,14:36:50,7,33,AH0,215,36.6161,Day,F,L,A,MYSE
151.909,8443,6/3/2015,5/30/2015,14:36:50,7,33.2,AH0,252,36.8211744,Day,F,L,A,MYSE
151.909,8443,6/3/2015,5/28/2015,14:36:51,7,31.9,AH0,20,35.3347947,Day,F,L,A,MYSE
151.909,8443,6/3/2015,5/29/2015,14:36:52,7,33,AH0,213,36.6161,Day,F,L,A,MYSE
151.909,8443,6/3/2015,5/30/2015,14:36:52,7,33.2,AH0,251,36.8211744,Day,F,L,A,MYSE
151.909,8443,6/3/2015,5/29/2015,14:36:54,7,33,AH0,215,36.6161,Day,F,L,A,MYSE
151.909,8443,6/3/2015,5/30/2015,14:36:54,7,33.2,AH0,249,36.8211744,Day,F,L,A,MYSE
151.909,8443,6/3/2015,5/29/2015,14:36:56,7,33,AH0,213,36.6161,Day,F,L,A,MYSE
151.909,8443,6/3/2015,5/30/2015,14:36:56,7,33.2,AH0,251,36.8211744,Day,F,L,A,MYSE
151.909,8443,6/3/2015,5/29/2015,14:36:57,7,33,AH0,211,36.6161,Day,F,L,A,MYSE
151.909,8443,6/3/2015,5/30/2015,14:36:57,7,33.2,AH0,250,36.8211744,Day,F,L,A,MYSE
151.909,8443,6/3/2015,5/29/2015,14:37:10,7,33,AH0,211,36.6161,Day,F,L,A,MYSE
151.909,8443,6/3/2015,5/30/2015,14:37:10,7,33.3,AH0,251,36.9206321,Day,F,L,A,MYSE
151.909,8443,6/3/2015,5/29/2015,14:37:12,7,33,AH0,212,36.6161,Day,F,L,A,MYSE
151.909,8443,6/3/2015,5/30/2015,14:37:12,7,33.3,AH0,251,36.9206321,Day,F,L,A,MYSE
151.909,8443,6/3/2015,5/29/2015,14:37:14,7,33,AH0,214,36.6161,Day,F,L,A,MYSE
151.909,8443,6/3/2015,5/30/2015,14:37:14,7,33.3,AH0,252,36.9206321,Day,F,L,A,MYSE
151.909,8443,6/3/2015,5/30/2015,14:37:15,7,33.3,AH0,252,36.9206321,Day,F,L,A,MYSE
151.909,8443,6/3/2015,5/29/2015,14:37:16,7,33,AH0,211,36.6161,Day,F,L,A,MYSE
151.909,8443,6/3/2015,5/29/2015,14:37:17,7,33,AH0,211,36.6161,Day,F,L,A,MYSE
151.909,8443,6/3/2015,5/30/2015,14:37:17,7,33.3,AH0,252,36.9206321,Day,F,L,A,MYSE
151.909,8443,6/3/2015,5/28/2015,14:37:25,7,32.2,AH0,43,35.7107784,Day,F,L,A,MYSE
151.909,8443,6/3/2015,5/28/2015,14:37:27,7,31.9,AH0,48,35.3347947,Day,F,L,A,MYSE
151.909,8443,6/3/2015,5/28/2015,14:37:30,7,16,AH0,48,-27.5232,Day,F,L,A,MYSE
151.909,8443,6/3/2015,5/29/2015,14:37:30,7,33,AH0,216,36.6161,Day,F,L,A,MYSE
151.909,8443,6/3/2015,5/30/2015,14:37:30,7,33.3,AH0,251,36.9206321,Day,F,L,A,MYSE
151.909,8443,6/3/2015,5/29/2015,14:37:32,7,33,AH0,214,36.6161,Day,F,L,A,MYSE
151.909,8443,6/3/2015,5/30/2015,14:37:32,7,33.3,AH0,251,36.9206321,Day,F,L,A,MYSE
151.909,8443,6/3/2015,5/29/2015,14:37:34,7,33,AH0,216,36.6161,Day,F,L,A,MYSE
151.909,8443,6/3/2015,5/30/2015,14:37:34,7,33.3,AH0,251,36.9206321,Day,F,L,A,MYSE
151.909,8443,6/3/2015,5/30/2015,14:37:35,7,33.3,AH0,250,36.9206321,Day,F,L,A,MYSE
151.909,8443,6/3/2015,5/29/2015,14:37:36,7,33,AH0,216,36.6161,Day,F,L,A,MYSE
151.909,8443,6/3/2015,5/29/2015,14:37:37,7,33,AH0,217,36.6161,Day,F,L,A,MYSE
151.909,8443,6/3/2015,5/30/2015,14:37:37,7,33.3,AH0,252,36.9206321,Day,F,L,A,MYSE
151.909,8443,6/3/2015,5/29/2015,14:37:50,7,32.9,AH0,214,36.5104437,Day,F,L,A,MYSE
151.909,8443,6/3/2015,5/30/2015,14:37:50,7,33.3,AH0,251,36.9206321,Day,F,L,A,MYSE
151.909,8443,6/3/2015,5/29/2015,14:37:52,7,32.9,AH0,215,36.5104437,Day,F,L,A,MYSE
151.909,8443,6/3/2015,5/30/2015,14:37:52,7,33.3,AH0,251,36.9206321,Day,F,L,A,MYSE
151.909,8443,6/3/2015,5/30/2015,14:37:53,7,33.3,AH0,252,36.9206321,Day,F,L,A,MYSE
151.909,8443,6/3/2015,5/29/2015,14:37:54,7,32.9,AH0,214,36.5104437,Day,F,L,A,MYSE
151.909,8443,6/3/2015,5/30/2015,14:37:55,7,33.3,AH0,250,36.9206321,Day,F,L,A,MYSE
151.909,8443,6/3/2015,5/29/2015,14:37:56,7,32.9,AH0,213,36.5104437,Day,F,L,A,MYSE
151.909,8443,6/3/2015,5/30/2015,14:37:57,7,33.3,AH0,252,36.9206321,Day,F,L,A,MYSE
151.909,8443,6/3/2015,5/29/2015,14:37:58,7,33,AH0,213,36.6161,Day,F,L,A,MYSE
151.909,8443,6/3/2015,5/29/2015,14:38:10,7,33,AH0,216,36.6161,Day,F,L,A,MYSE
151.909,8443,6/3/2015,5/30/2015,14:38:10,7,33.2,AH0,250,36.8211744,Day,F,L,A,MYSE
151.909,8443,6/3/2015,5/30/2015,14:38:11,7,33.2,AH0,251,36.8211744,Day,F,L,A,MYSE
151.909,8443,6/3/2015,5/29/2015,14:38:12,7,33,AH0,211,36.6161,Day,F,L,A,MYSE
151.909,8443,6/3/2015,5/30/2015,14:38:13,7,33.2,AH0,250,36.8211744,Day,F,L,A,MYSE
151.909,8443,6/3/2015,5/29/2015,14:38:14,7,33,AH0,215,36.6161,Day,F,L,A,MYSE
151.909,8443,6/3/2015,5/30/2015,14:38:15,7,33.2,AH0,248,36.8211744,Day,F,L,A,MYSE
151.909,8443,6/3/2015,5/29/2015,14:38:16,7,33,AH0,211,36.6161,Day,F,L,A,MYSE
151.909,8443,6/3/2015,5/30/2015,14:38:17,7,33.2,AH0,252,36.8211744,Day,F,L,A,MYSE
151.909,8443,6/3/2015,5/29/2015,14:38:18,7,33,AH0,215,36.6161,Day,F,L,A,MYSE
151.909,8443,6/3/2015,5/28/2015,14:38:25,7,32.1,AH0,48,35.5877213,Day,F,L,A,MYSE
151.909,8443,6/3/2015,5/28/2015,14:38:27,7,32.3,AH0,52,35.8315911,Day,F,L,A,MYSE
151.909,8443,6/3/2015,5/28/2015,14:38:29,7,32.2,AH0,57,35.7107784,Day,F,L,A,MYSE
151.909,8443,6/3/2015,5/28/2015,14:38:30,7,32.2,AH0,53,35.7107784,Day,F,L,A,MYSE
151.909,8443,6/3/2015,5/29/2015,14:38:30,7,33,AH0,215,36.6161,Day,F,L,A,MYSE
151.909,8443,6/3/2015,5/30/2015,14:38:31,7,33.2,AH0,252,36.8211744,Day,F,L,A,MYSE
151.909,8443,6/3/2015,5/29/2015,14:38:32,7,33,AH0,213,36.6161,Day,F,L,A,MYSE
151.909,8443,6/3/2015,5/30/2015,14:38:33,7,33.2,AH0,251,36.8211744,Day,F,L,A,MYSE
151.909,8443,6/3/2015,5/29/2015,14:38:34,7,33,AH0,214,36.6161,Day,F,L,A,MYSE
151.909,8443,6/3/2015,5/30/2015,14:38:35,7,33.2,AH0,250,36.8211744,Day,F,L,A,MYSE
151.909,8443,6/3/2015,5/29/2015,14:38:36,7,33,AH0,212,36.6161,Day,F,L,A,MYSE
151.909,8443,6/3/2015,5/30/2015,14:38:37,7,33.2,AH0,251,36.8211744,Day,F,L,A,MYSE
151.909,8443,6/3/2015,5/29/2015,14:38:38,7,33,AH0,196,36.6161,Day,F,L,A,MYSE
151.909,8443,6/3/2015,5/29/2015,14:38:50,7,33.1,AH0,211,36.7196703,Day,F,L,A,MYSE
151.909,8443,6/3/2015,5/30/2015,14:38:51,7,33.2,AH0,250,36.8211744,Day,F,L,A,MYSE
151.909,8443,6/3/2015,5/29/2015,14:38:52,7,33.1,AH0,215,36.7196703,Day,F,L,A,MYSE
151.909,8443,6/3/2015,5/30/2015,14:38:53,7,33.2,AH0,250,36.8211744,Day,F,L,A,MYSE
151.909,8443,6/3/2015,5/29/2015,14:38:54,7,33.1,AH0,212,36.7196703,Day,F,L,A,MYSE
151.909,8443,6/3/2015,5/30/2015,14:38:55,7,33.2,AH0,250,36.8211744,Day,F,L,A,MYSE
151.909,8443,6/3/2015,5/29/2015,14:38:56,7,33.1,AH0,215,36.7196703,Day,F,L,A,MYSE
151.909,8443,6/3/2015,5/29/2015,14:38:57,7,33.1,AH0,215,36.7196703,Day,F,L,A,MYSE
151.909,8443,6/3/2015,5/30/2015,14:38:57,7,33.2,AH0,251,36.8211744,Day,F,L,A,MYSE
151.909,8443,6/3/2015,5/29/2015,14:39:10,7,33.1,AH0,215,36.7196703,Day,F,L,A,MYSE
151.909,8443,6/3/2015,5/30/2015,14:39:11,7,33.2,AH0,251,36.8211744,Day,F,L,A,MYSE
151.909,8443,6/3/2015,5/29/2015,14:39:12,7,33.1,AH0,212,36.7196703,Day,F,L,A,MYSE
151.909,8443,6/3/2015,5/30/2015,14:39:13,7,33.2,AH0,252,36.8211744,Day,F,L,A,MYSE
151.909,8443,6/3/2015,5/29/2015,14:39:14,7,33.1,AH0,213,36.7196703,Day,F,L,A,MYSE
151.909,8443,6/3/2015,5/30/2015,14:39:15,7,33.3,AH0,248,36.9206321,Day,F,L,A,MYSE
151.909,8443,6/3/2015,5/24/2015,14:39:16,7,30.8,AH0,254,33.7747296,Day,F,L,A,MYSE
151.909,8443,6/3/2015,5/29/2015,14:39:16,7,33.1,AH0,212,36.7196703,Day,F,L,A,MYSE
151.909,8443,6/3/2015,5/30/2015,14:39:16,7,33.2,AH0,251,36.8211744,Day,F,L,A,MYSE
151.909,8443,6/3/2015,5/24/2015,14:39:17,7,30.8,AH0,255,33.7747296,Day,F,L,A,MYSE
151.909,8443,6/3/2015,5/29/2015,14:39:17,7,33.1,AH0,215,36.7196703,Day,F,L,A,MYSE
151.909,8443,6/3/2015,5/24/2015,14:39:19,7,30.8,AH0,255,33.7747296,Day,F,L,A,MYSE
151.909,8443,6/3/2015,5/24/2015,14:39:21,7,30.8,AH0,255,33.7747296,Day,F,L,A,MYSE
151.909,8443,6/3/2015,5/29/2015,14:39:30,7,33.1,AH0,208,36.7196703,Day,F,L,A,MYSE
151.909,8443,6/3/2015,5/30/2015,14:39:31,7,33.3,AH0,249,36.9206321,Day,F,L,A,MYSE
151.909,8443,6/3/2015,5/29/2015,14:39:32,7,33.1,AH0,213,36.7196703,Day,F,L,A,MYSE
151.909,8443,6/3/2015,5/30/2015,14:39:33,7,33.3,AH0,251,36.9206321,Day,F,L,A,MYSE
151.909,8443,6/3/2015,5/29/2015,14:39:34,7,33.1,AH0,213,36.7196703,Day,F,L,A,MYSE
151.909,8443,6/3/2015,5/24/2015,14:39:35,7,30.8,AH0,255,33.7747296,Day,F,L,A,MYSE
151.909,8443,6/3/2015,5/30/2015,14:39:35,7,33.3,AH0,251,36.9206321,Day,F,L,A,MYSE
151.909,8443,6/3/2015,5/29/2015,14:39:36,7,33.1,AH0,215,36.7196703,Day,F,L,A,MYSE
151.909,8443,6/3/2015,5/30/2015,14:39:36,7,33.3,AH0,250,36.9206321,Day,F,L,A,MYSE
151.909,8443,6/3/2015,5/24/2015,14:39:37,7,30.8,AH0,255,33.7747296,Day,F,L,A,MYSE
151.909,8443,6/3/2015,5/29/2015,14:39:37,7,33.1,AH0,202,36.7196703,Day,F,L,A,MYSE
151.909,8443,6/3/2015,5/24/2015,14:39:39,7,30.8,AH0,255,33.7747296,Day,F,L,A,MYSE
151.909,8443,6/3/2015,5/24/2015,14:39:41,7,30.8,AH0,255,33.7747296,Day,F,L,A,MYSE
151.909,8443,6/3/2015,5/24/2015,14:39:43,7,30.8,AH0,255,33.7747296,Day,F,L,A,MYSE
151.909,8443,6/3/2015,5/28/2015,14:39:47,7,16.1,AH0,43,-26.7805827,Day,F,L,A,MYSE
151.909,8443,6/3/2015,5/28/2015,14:39:49,7,32.4,AH0,51,35.9501792,Day,F,L,A,MYSE
151.909,8443,6/3/2015,5/28/2015,14:39:51,7,32.1,AH0,43,35.5877213,Day,F,L,A,MYSE
151.909,8443,6/3/2015,5/30/2015,14:39:51,7,33.3,AH0,251,36.9206321,Day,F,L,A,MYSE
151.909,8443,6/3/2015,5/29/2015,14:39:52,7,33.1,AH0,215,36.7196703,Day,F,L,A,MYSE
151.909,8443,6/3/2015,5/30/2015,14:39:53,7,33.3,AH0,252,36.9206321,Day,F,L,A,MYSE
151.909,8443,6/3/2015,5/29/2015,14:39:54,7,33.1,AH0,213,36.7196703,Day,F,L,A,MYSE
151.909,8443,6/3/2015,5/30/2015,14:39:54,7,33.4,AH0,251,37.0180632,Day,F,L,A,MYSE
151.909,8443,6/3/2015,5/24/2015,14:39:55,7,45.9,AH0,255,39.8383007,Day,F,L,A,MYSE
151.909,8443,6/3/2015,5/29/2015,14:39:55,7,33.1,AH0,214,36.7196703,Day,F,L,A,MYSE
151.909,8443,6/3/2015,5/24/2015,14:39:56,7,30.8,AH0,255,33.7747296,Day,F,L,A,MYSE
151.909,8443,6/3/2015,5/30/2015,14:39:56,7,33.3,AH0,250,36.9206321,Day,F,L,A,MYSE
151.909,8443,6/3/2015,5/29/2015,14:39:57,7,33.1,AH0,213,36.7196703,Day,F,L,A,MYSE
151.909,8443,6/3/2015,5/24/2015,14:39:58,7,30.8,AH0,255,33.7747296,Day,F,L,A,MYSE
151.909,8443,6/3/2015,5/24/2015,14:40:00,7,30.8,AH0,255,33.7747296,Day,F,L,A,MYSE
151.909,8443,6/3/2015,5/24/2015,14:40:02,7,30.8,AH0,255,33.7747296,Day,F,L,A,MYSE
151.909,8443,6/3/2015,5/28/2015,14:40:04,7,32.2,AH0,14,35.7107784,Day,F,L,A,MYSE
151.909,8443,6/3/2015,5/28/2015,14:40:08,7,16.1,AH0,11,-26.7805827,Day,F,L,A,MYSE
151.909,8443,6/3/2015,5/28/2015,14:40:09,7,32.3,AH0,46,35.8315911,Day,F,L,A,MYSE
151.909,8443,6/3/2015,5/30/2015,14:40:11,7,33.4,AH0,251,37.0180632,Day,F,L,A,MYSE
151.909,8443,6/3/2015,5/29/2015,14:40:12,7,33.1,AH0,228,36.7196703,Day,F,L,A,MYSE
151.909,8443,6/3/2015,5/30/2015,14:40:12,7,33.4,AH0,250,37.0180632,Day,F,L,A,MYSE
151.909,8443,6/3/2015,5/29/2015,14:40:14,7,33.1,AH0,221,36.7196703,Day,F,L,A,MYSE
151.909,8443,6/3/2015,5/30/2015,14:40:14,7,33.4,AH0,251,37.0180632,Day,F,L,A,MYSE
151.909,8443,6/3/2015,5/29/2015,14:40:15,7,33.1,AH0,228,36.7196703,Day,F,L,A,MYSE
151.909,8443,6/3/2015,5/24/2015,14:40:16,7,30.8,AH0,255,33.7747296,Day,F,L,A,MYSE
151.909,8443,6/3/2015,5/30/2015,14:40:16,7,33.4,AH0,252,37.0180632,Day,F,L,A,MYSE
151.909,8443,6/3/2015,5/29/2015,14:40:17,7,33.1,AH0,226,36.7196703,Day,F,L,A,MYSE
151.909,8443,6/3/2015,5/24/2015,14:40:18,7,30.8,AH0,255,33.7747296,Day,F,L,A,MYSE
151.909,8443,6/3/2015,5/24/2015,14:40:20,7,30.8,AH0,255,33.7747296,Day,F,L,A,MYSE
151.909,8443,6/3/2015,5/24/2015,14:40:22,7,30.8,AH0,255,33.7747296,Day,F,L,A,MYSE
151.909,8443,6/3/2015,5/28/2015,14:40:24,7,32.3,AH0,46,35.8315911,Day,F,L,A,MYSE
151.909,8443,6/3/2015,5/28/2015,14:40:26,7,32.1,AH0,48,35.5877213,Day,F,L,A,MYSE
151.909,8443,6/3/2015,5/28/2015,14:40:28,7,32.3,AH0,43,35.8315911,Day,F,L,A,MYSE
151.909,8443,6/3/2015,5/30/2015,14:40:30,7,33.4,AH0,250,37.0180632,Day,F,L,A,MYSE
151.909,8443,6/3/2015,5/28/2015,14:40:32,7,16.1,AH0,18,-26.7805827,Day,F,L,A,MYSE
151.909,8443,6/3/2015,5/29/2015,14:40:32,7,33.2,AH0,221,36.8211744,Day,F,L,A,MYSE
151.909,8443,6/3/2015,5/30/2015,14:40:32,7,33.4,AH0,252,37.0180632,Day,F,L,A,MYSE
151.909,8443,6/3/2015,5/29/2015,14:40:34,7,33.2,AH0,227,36.8211744,Day,F,L,A,MYSE
151.909,8443,6/3/2015,5/30/2015,14:40:34,7,33.4,AH0,250,37.0180632,Day,F,L,A,MYSE
151.909,8443,6/3/2015,5/24/2015,14:40:35,7,30.7,AH0,254,33.6181719,Day,F,L,A,MYSE
151.909,8443,6/3/2015,5/29/2015,14:40:35,7,33.1,AH0,219,36.7196703,Day,F,L,A,MYSE
151.909,8443,6/3/2015,5/30/2015,14:40:36,7,33.4,AH0,251,37.0180632,Day,F,L,A,MYSE
151.909,8443,6/3/2015,5/24/2015,14:40:37,7,30.7,AH0,255,33.6181719,Day,F,L,A,MYSE
151.909,8443,6/3/2015,5/29/2015,14:40:37,7,33.1,AH0,227,36.7196703,Day,F,L,A,MYSE
151.909,8443,6/3/2015,5/30/2015,14:40:37,7,33.4,AH0,252,37.0180632,Day,F,L,A,MYSE
151.909,8443,6/3/2015,5/24/2015,14:40:39,7,30.7,AH0,254,33.6181719,Day,F,L,A,MYSE
151.909,8443,6/3/2015,5/24/2015,14:40:41,7,30.7,AH0,255,33.6181719,Day,F,L,A,MYSE
151.909,8443,6/3/2015,5/28/2015,14:40:45,7,32.1,AH0,48,35.5877213,Day,F,L,A,MYSE
151.909,8443,6/3/2015,5/28/2015,14:40:47,7,32.3,AH0,51,35.8315911,Day,F,L,A,MYSE
151.909,8443,6/3/2015,5/30/2015,14:40:50,7,33.4,AH0,251,37.0180632,Day,F,L,A,MYSE
151.909,8443,6/3/2015,5/29/2015,14:40:52,7,32.7,AH0,234,36.2927939,Day,F,L,A,MYSE
151.909,8443,6/3/2015,5/30/2015,14:40:52,7,33.4,AH0,251,37.0180632,Day,F,L,A,MYSE
151.909,8443,6/3/2015,5/29/2015,14:40:54,7,32.6,AH0,232,36.1807608,Day,F,L,A,MYSE
151.909,8443,6/3/2015,5/30/2015,14:40:54,7,33.4,AH0,251,37.0180632,Day,F,L,A,MYSE
151.909,8443,6/3/2015,5/24/2015,14:40:55,7,30.7,AH0,255,33.6181719,Day,F,L,A,MYSE
151.909,8443,6/3/2015,5/29/2015,14:40:55,7,32.6,AH0,232,36.1807608,Day,F,L,A,MYSE
151.909,8443,6/3/2015,5/30/2015,14:40:55,7,33.4,AH0,252,37.0180632,Day,F,L,A,MYSE
151.909,8443,6/3/2015,5/24/2015,14:40:57,7,30.7,AH0,255,33.6181719,Day,F,L,A,MYSE
151.909,8443,6/3/2015,5/29/2015,14:40:57,7,32.6,AH0,233,36.1807608,Day,F,L,A,MYSE
151.909,8443,6/3/2015,5/30/2015,14:40:57,7,33.4,AH0,250,37.0180632,Day,F,L,A,MYSE
151.909,8443,6/3/2015,5/24/2015,14:40:59,7,30.7,AH0,255,33.6181719,Day,F,L,A,MYSE
151.909,8443,6/3/2015,5/24/2015,14:41:01,7,30.7,AH0,255,33.6181719,Day,F,L,A,MYSE
151.909,8443,6/3/2015,5/24/2015,14:41:03,7,30.7,AH0,255,33.6181719,Day,F,L,A,MYSE
151.909,8443,6/3/2015,5/28/2015,14:41:05,7,32.3,AH0,52,35.8315911,Day,F,L,A,MYSE
151.909,8443,6/3/2015,5/28/2015,14:41:07,7,32.4,AH0,54,35.9501792,Day,F,L,A,MYSE
151.909,8443,6/3/2015,5/28/2015,14:41:09,7,32.3,AH0,54,35.8315911,Day,F,L,A,MYSE
151.909,8443,6/3/2015,5/29/2015,14:41:10,7,32.4,AH0,227,35.9501792,Day,F,L,A,MYSE
151.909,8443,6/3/2015,5/30/2015,14:41:10,7,33.4,AH0,250,37.0180632,Day,F,L,A,MYSE
151.909,8443,6/3/2015,5/28/2015,14:41:11,7,32.4,AH0,48,35.9501792,Day,F,L,A,MYSE
151.909,8443,6/3/2015,5/29/2015,14:41:12,7,32.3,AH0,232,35.8315911,Day,F,L,A,MYSE
151.909,8443,6/3/2015,5/30/2015,14:41:12,7,33.4,AH0,251,37.0180632,Day,F,L,A,MYSE
151.909,8443,6/3/2015,5/30/2015,14:41:13,7,33.4,AH0,251,37.0180632,Day,F,L,A,MYSE
151.909,8443,6/3/2015,5/29/2015,14:41:14,7,32.3,AH0,229,35.8315911,Day,F,L,A,MYSE
151.909,8443,6/3/2015,5/30/2015,14:41:15,7,33.4,AH0,251,37.0180632,Day,F,L,A,MYSE
151.909,8443,6/3/2015,5/29/2015,14:41:16,7,32.3,AH0,227,35.8315911,Day,F,L,A,MYSE
151.909,8443,6/3/2015,5/24/2015,14:41:17,7,30.7,AH0,255,33.6181719,Day,F,L,A,MYSE
151.909,8443,6/3/2015,5/30/2015,14:41:17,7,33.4,AH0,250,37.0180632,Day,F,L,A,MYSE
151.909,8443,6/3/2015,5/24/2015,14:41:18,7,30.7,AH0,255,33.6181719,Day,F,L,A,MYSE
151.909,8443,6/3/2015,5/29/2015,14:41:18,7,32.2,AH0,228,35.7107784,Day,F,L,A,MYSE
151.909,8443,6/3/2015,5/24/2015,14:41:20,7,30.7,AH0,255,33.6181719,Day,F,L,A,MYSE
151.909,8443,6/3/2015,5/24/2015,14:41:22,7,30.7,AH0,255,33.6181719,Day,F,L,A,MYSE
151.909,8443,6/3/2015,5/29/2015,14:41:30,7,32.1,AH0,231,35.5877213,Day,F,L,A,MYSE
151.909,8443,6/3/2015,5/30/2015,14:41:30,7,33.5,AH0,251,37.1134875,Day,F,L,A,MYSE
151.909,8443,6/3/2015,5/30/2015,14:41:31,7,33.5,AH0,252,37.1134875,Day,F,L,A,MYSE
151.909,8443,6/3/2015,5/29/2015,14:41:32,7,32.1,AH0,232,35.5877213,Day,F,L,A,MYSE
151.909,8443,6/3/2015,5/29/2015,14:41:33,7,32.1,AH0,232,35.5877213,Day,F,L,A,MYSE
151.909,8443,6/3/2015,5/30/2015,14:41:33,7,33.5,AH0,252,37.1134875,Day,F,L,A,MYSE
151.909,8443,6/3/2015,5/29/2015,14:41:35,7,32.1,AH0,234,35.5877213,Day,F,L,A,MYSE
151.909,8443,6/3/2015,5/30/2015,14:41:35,7,33.5,AH0,249,37.1134875,Day,F,L,A,MYSE
151.909,8443,6/3/2015,5/24/2015,14:41:36,7,30.7,AH0,255,33.6181719,Day,F,L,A,MYSE
151.909,8443,6/3/2015,5/29/2015,14:41:37,7,32.1,AH0,233,35.5877213,Day,F,L,A,MYSE
151.909,8443,6/3/2015,5/30/2015,14:41:37,7,33.5,AH0,252,37.1134875,Day,F,L,A,MYSE
151.909,8443,6/3/2015,5/24/2015,14:41:38,7,30.7,AH0,255,33.6181719,Day,F,L,A,MYSE
151.909,8443,6/3/2015,5/24/2015,14:41:40,7,30.7,AH0,255,33.6181719,Day,F,L,A,MYSE
151.909,8443,6/3/2015,5/24/2015,14:41:42,7,30.7,AH0,254,33.6181719,Day,F,L,A,MYSE
151.909,8443,6/3/2015,5/28/2015,14:41:44,7,32.2,AH0,16,35.7107784,Day,F,L,A,MYSE
151.909,8443,6/3/2015,5/28/2015,14:41:50,7,10.8,AH0,43,-74.1159904,Day,F,L,A,MYSE
151.909,8443,6/3/2015,5/29/2015,14:41:50,7,31.9,AH0,236,35.3347947,Day,F,L,A,MYSE
151.909,8443,6/3/2015,5/30/2015,14:41:51,7,33.5,AH0,251,37.1134875,Day,F,L,A,MYSE
151.909,8443,6/3/2015,5/28/2015,14:41:52,7,32.3,AH0,45,35.8315911,Day,F,L,A,MYSE
151.909,8443,6/3/2015,5/29/2015,14:41:52,7,31.8,AH0,233,35.2048856,Day,F,L,A,MYSE
151.909,8443,6/3/2015,5/30/2015,14:41:53,7,33.5,AH0,251,37.1134875,Day,F,L,A,MYSE
151.909,8443,6/3/2015,5/29/2015,14:41:54,7,31.8,AH0,236,35.2048856,Day,F,L,A,MYSE
151.909,8443,6/3/2015,5/30/2015,14:41:55,7,33.5,AH0,250,37.1134875,Day,F,L,A,MYSE
151.909,8443,6/3/2015,5/24/2015,14:41:56,7,30.7,AH0,255,33.6181719,Day,F,L,A,MYSE
151.909,8443,6/3/2015,5/29/2015,14:41:56,7,31.8,AH0,240,35.2048856,Day,F,L,A,MYSE
151.909,8443,6/3/2015,5/30/2015,14:41:56,7,33.5,AH0,248,37.1134875,Day,F,L,A,MYSE
151.909,8443,6/3/2015,5/24/2015,14:41:58,7,30.7,AH0,255,33.6181719,Day,F,L,A,MYSE
151.909,8443,6/3/2015,5/24/2015,14:42:00,7,30.7,AH0,255,33.6181719,Day,F,L,A,MYSE
151.909,8443,6/3/2015,5/24/2015,14:42:02,7,30.7,AH0,255,33.6181719,Day,F,L,A,MYSE
151.909,8443,6/3/2015,5/29/2015,14:42:09,7,31.5,AH0,228,34.8011375,Day,F,L,A,MYSE
151.909,8443,6/3/2015,5/29/2015,14:42:11,7,31.5,AH0,227,34.8011375,Day,F,L,A,MYSE
151.909,8443,6/3/2015,5/30/2015,14:42:11,7,33.5,AH0,251,37.1134875,Day,F,L,A,MYSE
151.909,8443,6/3/2015,5/29/2015,14:42:13,7,31.4,AH0,228,34.6618152,Day,F,L,A,MYSE
151.909,8443,6/3/2015,5/30/2015,14:42:13,7,33.5,AH0,252,37.1134875,Day,F,L,A,MYSE
151.909,8443,6/3/2015,5/30/2015,14:42:14,7,33.5,AH0,250,37.1134875,Day,F,L,A,MYSE
151.909,8443,6/3/2015,5/24/2015,14:42:15,7,30.7,AH0,255,33.6181719,Day,F,L,A,MYSE
151.909,8443,6/3/2015,5/29/2015,14:42:15,7,31.4,AH0,228,34.6618152,Day,F,L,A,MYSE
151.909,8443,6/3/2015,5/30/2015,14:42:16,7,33.5,AH0,251,37.1134875,Day,F,L,A,MYSE
151.909,8443,6/3/2015,5/24/2015,14:42:17,7,30.7,AH0,254,33.6181719,Day,F,L,A,MYSE
151.909,8443,6/3/2015,5/29/2015,14:42:17,7,31.4,AH0,227,34.6618152,Day,F,L,A,MYSE
151.909,8443,6/3/2015,5/24/2015,14:42:19,7,30.6,AH0,254,33.4590728,Day,F,L,A,MYSE
151.909,8443,6/3/2015,5/24/2015,14:42:21,7,30.6,AH0,255,33.4590728,Day,F,L,A,MYSE
151.909,8443,6/3/2015,5/30/2015,14:42:30,7,33.5,AH0,250,37.1134875,Day,F,L,A,MYSE
151.909,8443,6/3/2015,5/29/2015,14:42:31,7,31.1,AH0,234,34.2293523,Day,F,L,A,MYSE
151.909,8443,6/3/2015,5/30/2015,14:42:32,7,33.5,AH0,253,37.1134875,Day,F,L,A,MYSE
151.909,8443,6/3/2015,5/29/2015,14:42:33,7,31.1,AH0,240,34.2293523,Day,F,L,A,MYSE
151.909,8443,6/3/2015,5/30/2015,14:42:34,7,33.5,AH0,249,37.1134875,Day,F,L,A,MYSE
151.909,8443,6/3/2015,5/29/2015,14:42:35,7,31.1,AH0,238,34.2293523,Day,F,L,A,MYSE
151.909,8443,6/3/2015,5/30/2015,14:42:36,7,33.5,AH0,251,37.1134875,Day,F,L,A,MYSE
151.909,8443,6/3/2015,5/24/2015,14:42:37,7,30.6,AH0,255,33.4590728,Day,F,L,A,MYSE
151.909,8443,6/3/2015,5/29/2015,14:42:37,7,31,AH0,238,34.0803,Day,F,L,A,MYSE
151.909,8443,6/3/2015,5/30/2015,14:42:38,7,33.5,AH0,251,37.1134875,Day,F,L,A,MYSE
151.909,8443,6/3/2015,5/24/2015,14:42:39,7,30.6,AH0,255,33.4590728,Day,F,L,A,MYSE
151.909,8443,6/3/2015,5/24/2015,14:42:41,7,30.6,AH0,255,33.4590728,Day,F,L,A,MYSE
151.909,8443,6/3/2015,5/24/2015,14:42:43,7,30.6,AH0,255,33.4590728,Day,F,L,A,MYSE
151.909,8443,6/3/2015,5/29/2015,14:42:50,7,30.9,AH0,235,33.9287657,Day,F,L,A,MYSE
151.909,8443,6/3/2015,5/30/2015,14:42:50,7,33.5,AH0,250,37.1134875,Day,F,L,A,MYSE
151.909,8443,6/3/2015,5/29/2015,14:42:52,7,30.9,AH0,239,33.9287657,Day,F,L,A,MYSE
151.909,8443,6/3/2015,5/30/2015,14:42:52,7,33.5,AH0,251,37.1134875,Day,F,L,A,MYSE
151.909,8443,6/3/2015,5/29/2015,14:42:54,7,30.9,AH0,240,33.9287657,Day,F,L,A,MYSE
151.909,8443,6/3/2015,5/30/2015,14:42:54,7,33.5,AH0,251,37.1134875,Day,F,L,A,MYSE
151.909,8443,6/3/2015,5/24/2015,14:42:56,7,30.6,AH0,255,33.4590728,Day,F,L,A,MYSE
151.909,8443,6/3/2015,5/29/2015,14:42:56,7,30.8,AH0,237,33.7747296,Day,F,L,A,MYSE
151.909,8443,6/3/2015,5/30/2015,14:42:56,7,33.5,AH0,253,37.1134875,Day,F,L,A,MYSE
151.909,8443,6/3/2015,5/30/2015,14:42:57,7,33.5,AH0,250,37.1134875,Day,F,L,A,MYSE
151.909,8443,6/3/2015,5/24/2015,14:42:58,7,30.6,AH0,255,33.4590728,Day,F,L,A,MYSE
151.909,8443,6/3/2015,5/24/2015,14:43:00,7,30.6,AH0,255,33.4590728,Day,F,L,A,MYSE
151.909,8443,6/3/2015,5/24/2015,14:43:02,7,30.6,AH0,255,33.4590728,Day,F,L,A,MYSE
151.909,8443,6/3/2015,5/28/2015,14:43:06,7,32.3,AH0,51,35.8315911,Day,F,L,A,MYSE
151.909,8443,6/3/2015,5/28/2015,14:43:08,7,32.3,AH0,48,35.8315911,Day,F,L,A,MYSE
151.909,8443,6/3/2015,5/29/2015,14:43:10,7,30.8,AH0,239,33.7747296,Day,F,L,A,MYSE
151.909,8443,6/3/2015,5/30/2015,14:43:10,7,33.5,AH0,252,37.1134875,Day,F,L,A,MYSE
151.909,8443,6/3/2015,5/29/2015,14:43:12,7,30.8,AH0,239,33.7747296,Day,F,L,A,MYSE
151.909,8443,6/3/2015,5/30/2015,14:43:12,7,33.5,AH0,249,37.1134875,Day,F,L,A,MYSE
151.909,8443,6/3/2015,5/29/2015,14:43:14,7,30.8,AH0,238,33.7747296,Day,F,L,A,MYSE
151.909,8443,6/3/2015,5/30/2015,14:43:14,7,33.5,AH0,248,37.1134875,Day,F,L,A,MYSE
151.909,8443,6/3/2015,5/29/2015,14:43:15,7,30.8,AH0,240,33.7747296,Day,F,L,A,MYSE
151.909,8443,6/3/2015,5/30/2015,14:43:15,7,33.5,AH0,251,37.1134875,Day,F,L,A,MYSE
151.909,8443,6/3/2015,5/24/2015,14:43:16,7,30.6,AH0,255,33.4590728,Day,F,L,A,MYSE
151.909,8443,6/3/2015,5/30/2015,14:43:17,7,33.5,AH0,249,37.1134875,Day,F,L,A,MYSE
151.909,8443,6/3/2015,5/24/2015,14:43:18,7,30.6,AH0,255,33.4590728,Day,F,L,A,MYSE
151.909,8443,6/3/2015,5/24/2015,14:43:20,7,30.6,AH0,255,33.4590728,Day,F,L,A,MYSE
151.909,8443,6/3/2015,5/24/2015,14:43:22,7,30.6,AH0,255,33.4590728,Day,F,L,A,MYSE
151.909,8443,6/3/2015,5/28/2015,14:43:27,7,32.3,AH0,49,35.8315911,Day,F,L,A,MYSE
151.909,8443,6/3/2015,5/28/2015,14:43:29,7,32.2,AH0,44,35.7107784,Day,F,L,A,MYSE
151.909,8443,6/3/2015,5/30/2015,14:43:30,7,33.4,AH0,250,37.0180632,Day,F,L,A,MYSE
151.909,8443,6/3/2015,5/28/2015,14:43:31,7,31.9,AH0,12,35.3347947,Day,F,L,A,MYSE
151.909,8443,6/3/2015,5/29/2015,14:43:31,7,30.8,AH0,233,33.7747296,Day,F,L,A,MYSE
151.909,8443,6/3/2015,5/30/2015,14:43:31,7,33.5,AH0,251,37.1134875,Day,F,L,A,MYSE
151.909,8443,6/3/2015,5/29/2015,14:43:33,7,30.9,AH0,232,33.9287657,Day,F,L,A,MYSE
151.909,8443,6/3/2015,5/30/2015,14:43:33,7,33.5,AH0,252,37.1134875,Day,F,L,A,MYSE
151.909,8443,6/3/2015,5/29/2015,14:43:35,7,30.9,AH0,234,33.9287657,Day,F,L,A,MYSE
151.909,8443,6/3/2015,5/30/2015,14:43:35,7,33.5,AH0,253,37.1134875,Day,F,L,A,MYSE
151.909,8443,6/3/2015,5/24/2015,14:43:36,7,30.6,AH0,255,33.4590728,Day,F,L,A,MYSE
151.909,8443,6/3/2015,5/24/2015,14:43:37,7,30.7,AH0,255,33.6181719,Day,F,L,A,MYSE
151.909,8443,6/3/2015,5/29/2015,14:43:37,7,30.9,AH0,233,33.9287657,Day,F,L,A,MYSE
151.909,8443,6/3/2015,5/30/2015,14:43:37,7,33.5,AH0,250,37.1134875,Day,F,L,A,MYSE
151.909,8443,6/3/2015,5/24/2015,14:43:39,7,30.6,AH0,254,33.4590728,Day,F,L,A,MYSE
151.909,8443,6/3/2015,5/24/2015,14:43:41,7,30.7,AH0,255,33.6181719,Day,F,L,A,MYSE
151.909,8443,6/3/2015,5/29/2015,14:43:50,7,31,AH0,232,34.0803,Day,F,L,A,MYSE
151.909,8443,6/3/2015,5/30/2015,14:43:51,7,33.5,AH0,252,37.1134875,Day,F,L,A,MYSE
151.909,8443,6/3/2015,5/29/2015,14:43:52,7,31,AH0,232,34.0803,Day,F,L,A,MYSE
151.909,8443,6/3/2015,5/30/2015,14:43:53,7,33.5,AH0,252,37.1134875,Day,F,L,A,MYSE
151.909,8443,6/3/2015,5/29/2015,14:43:54,7,31,AH0,226,34.0803,Day,F,L,A,MYSE
151.909,8443,6/3/2015,5/24/2015,14:43:55,7,30.7,AH0,255,33.6181719,Day,F,L,A,MYSE
151.909,8443,6/3/2015,5/30/2015,14:43:55,7,33.4,AH0,250,37.0180632,Day,F,L,A,MYSE
151.909,8443,6/3/2015,5/29/2015,14:43:56,7,30.9,AH0,222,33.9287657,Day,F,L,A,MYSE
151.909,8443,6/3/2015,5/24/2015,14:43:57,7,30.7,AH0,255,33.6181719,Day,F,L,A,MYSE
151.909,8443,6/3/2015,5/30/2015,14:43:57,7,33.4,AH0,251,37.0180632,Day,F,L,A,MYSE
151.909,8443,6/3/2015,5/24/2015,14:43:59,7,30.7,AH0,255,33.6181719,Day,F,L,A,MYSE
151.909,8443,6/3/2015,5/24/2015,14:44:01,7,30.7,AH0,255,33.6181719,Day,F,L,A,MYSE
151.909,8443,6/3/2015,5/28/2015,14:44:04,7,32.2,AH0,53,35.7107784,Day,F,L,A,MYSE
151.909,8443,6/3/2015,5/28/2015,14:44:06,7,32.2,AH0,51,35.7107784,Day,F,L,A,MYSE
151.909,8443,6/3/2015,5/28/2015,14:44:08,7,32.1,AH0,51,35.5877213,Day,F,L,A,MYSE
151.909,8443,6/3/2015,5/28/2015,14:44:10,7,32.2,AH0,42,35.7107784,Day,F,L,A,MYSE
151.909,8443,6/3/2015,5/29/2015,14:44:10,7,30.7,AH0,223,33.6181719,Day,F,L,A,MYSE
151.909,8443,6/3/2015,5/30/2015,14:44:11,7,33.4,AH0,251,37.0180632,Day,F,L,A,MYSE
151.909,8443,6/3/2015,5/28/2015,14:44:12,7,32.1,AH0,47,35.5877213,Day,F,L,A,MYSE
151.909,8443,6/3/2015,5/29/2015,14:44:12,7,30.7,AH0,222,33.6181719,Day,F,L,A,MYSE
151.909,8443,6/3/2015,5/30/2015,14:44:13,7,33.4,AH0,252,37.0180632,Day,F,L,A,MYSE
151.909,8443,6/3/2015,5/29/2015,14:44:14,7,30.7,AH0,219,33.6181719,Day,F,L,A,MYSE
151.909,8443,6/3/2015,5/29/2015,14:44:14,7,90.5,AH0,22,379.2859125,Day,F,L,A,MYSE
151.909,8443,6/3/2015,5/30/2015,14:44:15,7,33.4,AH0,252,37.0180632,Day,F,L,A,MYSE
151.909,8443,6/3/2015,5/29/2015,14:44:16,7,46.4,AH0,220,39.8458752,Day,F,L,A,MYSE
151.909,8443,6/3/2015,5/30/2015,14:44:16,7,33.4,AH0,253,37.0180632,Day,F,L,A,MYSE
151.909,8443,6/3/2015,5/24/2015,14:44:17,7,30.7,AH0,255,33.6181719,Day,F,L,A,MYSE
151.909,8443,6/3/2015,5/24/2015,14:44:19,7,30.7,AH0,255,33.6181719,Day,F,L,A,MYSE
151.909,8443,6/3/2015,5/24/2015,14:44:21,7,30.7,AH0,255,33.6181719,Day,F,L,A,MYSE
151.909,8443,6/3/2015,5/24/2015,14:44:22,7,42.9,AH0,26,39.9520337,Day,F,L,A,MYSE
151.909,8443,6/3/2015,5/28/2015,14:44:28,7,10.7,AH0,43,-75.1748481,Day,F,L,A,MYSE
151.909,8443,6/3/2015,5/29/2015,14:44:29,7,30.9,AH0,228,33.9287657,Day,F,L,A,MYSE
151.909,8443,6/3/2015,5/28/2015,14:44:30,7,32.2,AH0,51,35.7107784,Day,F,L,A,MYSE
151.909,8443,6/3/2015,5/29/2015,14:44:31,7,31,AH0,232,34.0803,Day,F,L,A,MYSE
151.909,8443,6/3/2015,5/30/2015,14:44:31,7,33.4,AH0,252,37.0180632,Day,F,L,A,MYSE
151.909,8443,6/3/2015,5/29/2015,14:44:33,7,31,AH0,229,34.0803,Day,F,L,A,MYSE
151.909,8443,6/3/2015,5/30/2015,14:44:33,7,33.3,AH0,252,36.9206321,Day,F,L,A,MYSE
151.909,8443,6/3/2015,5/30/2015,14:44:34,7,33.4,AH0,251,37.0180632,Day,F,L,A,MYSE
151.909,8443,6/3/2015,5/29/2015,14:44:35,7,30.9,AH0,213,33.9287657,Day,F,L,A,MYSE
151.909,8443,6/3/2015,5/24/2015,14:44:36,7,30.7,AH0,255,33.6181719,Day,F,L,A,MYSE
151.909,8443,6/3/2015,5/30/2015,14:44:36,7,33.4,AH0,249,37.0180632,Day,F,L,A,MYSE
151.909,8443,6/3/2015,5/29/2015,14:44:37,7,30.9,AH0,230,33.9287657,Day,F,L,A,MYSE
151.909,8443,6/3/2015,5/24/2015,14:44:38,7,30.7,AH0,255,33.6181719,Day,F,L,A,MYSE
151.909,8443,6/3/2015,5/24/2015,14:44:40,7,30.7,AH0,255,33.6181719,Day,F,L,A,MYSE
151.909,8443,6/3/2015,5/24/2015,14:44:42,7,30.7,AH0,255,33.6181719,Day,F,L,A,MYSE
151.909,8443,6/3/2015,5/29/2015,14:44:51,7,30.5,AH0,233,33.2974125,Day,F,L,A,MYSE
151.909,8443,6/3/2015,5/30/2015,14:44:51,7,33.4,AH0,253,37.0180632,Day,F,L,A,MYSE
151.909,8443,6/3/2015,5/30/2015,14:44:52,7,33.4,AH0,251,37.0180632,Day,F,L,A,MYSE
151.909,8443,6/3/2015,5/29/2015,14:44:53,7,30.5,AH0,231,33.2974125,Day,F,L,A,MYSE
151.909,8443,6/3/2015,5/30/2015,14:44:54,7,33.4,AH0,252,37.0180632,Day,F,L,A,MYSE
151.909,8443,6/3/2015,5/29/2015,14:44:55,7,30.5,AH0,231,33.2974125,Day,F,L,A,MYSE
151.909,8443,6/3/2015,5/24/2015,14:44:56,7,30.7,AH0,255,33.6181719,Day,F,L,A,MYSE
151.909,8443,6/3/2015,5/30/2015,14:44:56,7,33.4,AH0,252,37.0180632,Day,F,L,A,MYSE
151.909,8443,6/3/2015,5/29/2015,14:44:57,7,30.5,AH0,230,33.2974125,Day,F,L,A,MYSE
151.909,8443,6/3/2015,5/24/2015,14:44:58,7,30.7,AH0,255,33.6181719,Day,F,L,A,MYSE
151.909,8443,6/3/2015,5/24/2015,14:45:00,7,30.7,AH0,255,33.6181719,Day,F,L,A,MYSE
151.909,8443,6/3/2015,5/24/2015,14:45:02,7,30.7,AH0,255,33.6181719,Day,F,L,A,MYSE
151.909,8443,6/3/2015,5/28/2015,14:45:06,7,32.2,AH0,47,35.7107784,Day,F,L,A,MYSE
151.909,8443,6/3/2015,5/28/2015,14:45:08,7,32.2,AH0,47,35.7107784,Day,F,L,A,MYSE
151.909,8443,6/3/2015,5/28/2015,14:45:09,7,32.2,AH0,51,35.7107784,Day,F,L,A,MYSE
151.909,8443,6/3/2015,5/30/2015,14:45:10,7,33.4,AH0,254,37.0180632,Day,F,L,A,MYSE
151.909,8443,6/3/2015,5/28/2015,14:45:11,7,32.1,AH0,15,35.5877213,Day,F,L,A,MYSE
151.909,8443,6/3/2015,5/29/2015,14:45:11,7,30.4,AH0,210,33.1331712,Day,F,L,A,MYSE
151.909,8443,6/3/2015,5/30/2015,14:45:12,7,33.4,AH0,251,37.0180632,Day,F,L,A,MYSE
151.909,8443,6/3/2015,5/29/2015,14:45:13,7,30.4,AH0,214,33.1331712,Day,F,L,A,MYSE
151.909,8443,6/3/2015,5/29/2015,14:45:14,7,30.3,AH0,211,32.9663291,Day,F,L,A,MYSE
151.909,8443,6/3/2015,5/30/2015,14:45:14,7,33.4,AH0,251,37.0180632,Day,F,L,A,MYSE
151.909,8443,6/3/2015,5/24/2015,14:45:15,7,30.7,AH0,255,33.6181719,Day,F,L,A,MYSE
151.909,8443,6/3/2015,5/29/2015,14:45:16,7,30.3,AH0,220,32.9663291,Day,F,L,A,MYSE
151.909,8443,6/3/2015,5/30/2015,14:45:16,7,33.4,AH0,251,37.0180632,Day,F,L,A,MYSE
151.909,8443,6/3/2015,5/24/2015,14:45:17,7,30.7,AH0,255,33.6181719,Day,F,L,A,MYSE
151.909,8443,6/3/2015,5/30/2015,14:45:17,7,33.4,AH0,253,37.0180632,Day,F,L,A,MYSE
151.909,8443,6/3/2015,5/24/2015,14:45:19,7,30.7,AH0,255,33.6181719,Day,F,L,A,MYSE
151.909,8443,6/3/2015,5/24/2015,14:45:21,7,30.7,AH0,255,33.6181719,Day,F,L,A,MYSE
151.909,8443,6/3/2015,5/28/2015,14:45:28,7,16.1,AH0,51,-26.7805827,Day,F,L,A,MYSE
151.909,8443,6/3/2015,5/29/2015,14:45:30,7,30.1,AH0,192,32.6247633,Day,F,L,A,MYSE
151.909,8443,6/3/2015,5/30/2015,14:45:30,7,33.4,AH0,252,37.0180632,Day,F,L,A,MYSE
151.909,8443,6/3/2015,5/29/2015,14:45:32,7,30,AH0,173,32.45,Day,F,L,A,MYSE
151.909,8443,6/3/2015,5/30/2015,14:45:32,7,33.4,AH0,251,37.0180632,Day,F,L,A,MYSE
151.909,8443,6/3/2015,5/29/2015,14:45:34,7,29.9,AH0,123,32.2725567,Day,F,L,A,MYSE
151.909,8443,6/3/2015,5/30/2015,14:45:34,7,33.4,AH0,248,37.0180632,Day,F,L,A,MYSE
151.909,8443,6/3/2015,5/30/2015,14:45:35,7,33.4,AH0,251,37.0180632,Day,F,L,A,MYSE
151.909,8443,6/3/2015,5/29/2015,14:45:36,7,29.9,AH0,189,32.2725567,Day,F,L,A,MYSE
151.909,8443,6/3/2015,5/24/2015,14:45:37,7,30.6,AH0,255,33.4590728,Day,F,L,A,MYSE
151.909,8443,6/3/2015,5/30/2015,14:45:37,7,33.4,AH0,251,37.0180632,Day,F,L,A,MYSE
151.909,8443,6/3/2015,5/24/2015,14:45:39,7,30.7,AH0,255,33.6181719,Day,F,L,A,MYSE
151.909,8443,6/3/2015,5/24/2015,14:45:41,7,30.6,AH0,255,33.4590728,Day,F,L,A,MYSE
151.909,8443,6/3/2015,5/24/2015,14:45:43,7,30.6,AH0,255,33.4590728,Day,F,L,A,MYSE
151.909,8443,6/3/2015,5/28/2015,14:45:45,7,32.4,AH0,46,35.9501792,Day,F,L,A,MYSE
151.909,8443,6/3/2015,5/28/2015,14:45:47,7,32.1,AH0,55,35.5877213,Day,F,L,A,MYSE
151.909,8443,6/3/2015,5/28/2015,14:45:49,7,32.2,AH0,49,35.7107784,Day,F,L,A,MYSE
151.909,8443,6/3/2015,5/29/2015,14:45:50,7,30.5,AH0,247,33.2974125,Day,F,L,A,MYSE
151.909,8443,6/3/2015,5/30/2015,14:45:50,7,33.4,AH0,251,37.0180632,Day,F,L,A,MYSE
151.909,8443,6/3/2015,5/28/2015,14:45:51,7,32.3,AH0,48,35.8315911,Day,F,L,A,MYSE
151.909,8443,6/3/2015,5/29/2015,14:45:52,7,30.7,AH0,244,33.6181719,Day,F,L,A,MYSE
151.909,8443,6/3/2015,5/30/2015,14:45:52,7,33.4,AH0,253,37.0180632,Day,F,L,A,MYSE
151.909,8443,6/3/2015,5/30/2015,14:45:53,7,33.4,AH0,252,37.0180632,Day,F,L,A,MYSE
151.909,8443,6/3/2015,5/29/2015,14:45:54,7,30.8,AH0,245,33.7747296,Day,F,L,A,MYSE
151.909,8443,6/3/2015,5/30/2015,14:45:55,7,33.4,AH0,252,37.0180632,Day,F,L,A,MYSE
151.909,8443,6/3/2015,5/24/2015,14:45:56,7,34.9,AH0,31,38.2498017,Day,F,L,A,MYSE
151.909,8443,6/3/2015,5/29/2015,14:45:56,7,30.8,AH0,242,33.7747296,Day,F,L,A,MYSE
151.909,8443,6/3/2015,5/30/2015,14:45:57,7,33.4,AH0,252,37.0180632,Day,F,L,A,MYSE
151.909,8443,6/3/2015,5/24/2015,14:45:58,7,30.6,AH0,255,33.4590728,Day,F,L,A,MYSE
151.909,8443,6/3/2015,5/24/2015,14:46:00,7,30.6,AH0,255,33.4590728,Day,F,L,A,MYSE
151.909,8443,6/3/2015,5/24/2015,14:46:02,7,30.6,AH0,255,33.4590728,Day,F,L,A,MYSE
151.909,8443,6/3/2015,5/28/2015,14:46:07,7,32.2,AH0,47,35.7107784,Day,F,L,A,MYSE
151.909,8443,6/3/2015,5/28/2015,14:46:09,7,32.5,AH0,57,36.0665625,Day,F,L,A,MYSE
151.909,8443,6/3/2015,5/29/2015,14:46:10,7,31,AH0,250,34.0803,Day,F,L,A,MYSE
151.909,8443,6/3/2015,5/30/2015,14:46:10,7,33.4,AH0,250,37.0180632,Day,F,L,A,MYSE
151.909,8443,6/3/2015,5/28/2015,14:46:11,7,32.4,AH0,42,35.9501792,Day,F,L,A,MYSE
151.909,8443,6/3/2015,5/30/2015,14:46:11,7,33.4,AH0,250,37.0180632,Day,F,L,A,MYSE
151.909,8443,6/3/2015,5/29/2015,14:46:12,7,30.9,AH0,250,33.9287657,Day,F,L,A,MYSE
151.909,8443,6/3/2015,5/30/2015,14:46:13,7,33.4,AH0,251,37.0180632,Day,F,L,A,MYSE
151.909,8443,6/3/2015,5/29/2015,14:46:14,7,30.9,AH0,249,33.9287657,Day,F,L,A,MYSE
151.909,8443,6/3/2015,5/30/2015,14:46:15,7,33.4,AH0,253,37.0180632,Day,F,L,A,MYSE
151.909,8443,6/3/2015,5/24/2015,14:46:16,7,30.6,AH0,255,33.4590728,Day,F,L,A,MYSE
151.909,8443,6/3/2015,5/29/2015,14:46:16,7,30.8,AH0,248,33.7747296,Day,F,L,A,MYSE
151.909,8443,6/3/2015,5/30/2015,14:46:17,7,33.4,AH0,251,37.0180632,Day,F,L,A,MYSE
151.909,8443,6/3/2015,5/24/2015,14:46:18,7,30.6,AH0,255,33.4590728,Day,F,L,A,MYSE
151.909,8443,6/3/2015,5/24/2015,14:46:20,7,30.6,AH0,255,33.4590728,Day,F,L,A,MYSE
151.909,8443,6/3/2015,5/24/2015,14:46:22,7,30.6,AH0,255,33.4590728,Day,F,L,A,MYSE
151.909,8443,6/3/2015,5/29/2015,14:46:29,7,30.5,AH0,247,33.2974125,Day,F,L,A,MYSE
151.909,8443,6/3/2015,5/29/2015,14:46:31,7,30.5,AH0,247,33.2974125,Day,F,L,A,MYSE
151.909,8443,6/3/2015,5/30/2015,14:46:31,7,33.4,AH0,250,37.0180632,Day,F,L,A,MYSE
151.909,8443,6/3/2015,5/29/2015,14:46:33,7,30.5,AH0,248,33.2974125,Day,F,L,A,MYSE
151.909,8443,6/3/2015,5/30/2015,14:46:33,7,33.4,AH0,251,37.0180632,Day,F,L,A,MYSE
151.909,8443,6/3/2015,5/29/2015,14:46:35,7,30.4,AH0,199,33.1331712,Day,F,L,A,MYSE
151.909,8443,6/3/2015,5/30/2015,14:46:35,7,33.4,AH0,249,37.0180632,Day,F,L,A,MYSE
151.909,8443,6/3/2015,5/24/2015,14:46:36,7,30.6,AH0,255,33.4590728,Day,F,L,A,MYSE
151.909,8443,6/3/2015,5/30/2015,14:46:37,7,33.4,AH0,253,37.0180632,Day,F,L,A,MYSE
151.909,8443,6/3/2015,5/24/2015,14:46:38,7,30.6,AH0,255,33.4590728,Day,F,L,A,MYSE
151.909,8443,6/3/2015,5/24/2015,14:46:40,7,30.6,AH0,255,33.4590728,Day,F,L,A,MYSE
151.909,8443,6/3/2015,5/24/2015,14:46:41,7,30.7,AH0,255,33.6181719,Day,F,L,A,MYSE
151.909,8443,6/3/2015,5/28/2015,14:46:44,7,32.5,AH0,52,36.0665625,Day,F,L,A,MYSE
151.909,8443,6/3/2015,5/28/2015,14:46:46,7,32.4,AH0,55,35.9501792,Day,F,L,A,MYSE
151.909,8443,6/3/2015,5/28/2015,14:46:48,7,32.6,AH0,49,36.1807608,Day,F,L,A,MYSE
151.909,8443,6/3/2015,5/29/2015,14:46:49,7,30.2,AH0,226,32.7968664,Day,F,L,A,MYSE
151.909,8443,6/3/2015,5/28/2015,14:46:50,7,32.6,AH0,48,36.1807608,Day,F,L,A,MYSE
151.909,8443,6/3/2015,5/29/2015,14:46:51,7,30.1,AH0,231,32.6247633,Day,F,L,A,MYSE
151.909,8443,6/3/2015,5/30/2015,14:46:51,7,33.4,AH0,253,37.0180632,Day,F,L,A,MYSE
151.909,8443,6/3/2015,5/29/2015,14:46:53,7,30,AH0,227,32.45,Day,F,L,A,MYSE
151.909,8443,6/3/2015,5/30/2015,14:46:53,7,33.4,AH0,252,37.0180632,Day,F,L,A,MYSE
151.909,8443,6/3/2015,5/24/2015,14:46:55,7,30.7,AH0,255,33.6181719,Day,F,L,A,MYSE
151.909,8443,6/3/2015,5/29/2015,14:46:55,7,30,AH0,228,32.45,Day,F,L,A,MYSE
151.909,8443,6/3/2015,5/30/2015,14:46:55,7,33.4,AH0,253,37.0180632,Day,F,L,A,MYSE
151.909,8443,6/3/2015,5/30/2015,14:46:56,7,33.4,AH0,250,37.0180632,Day,F,L,A,MYSE
151.909,8443,6/3/2015,5/24/2015,14:46:57,7,30.7,AH0,255,33.6181719,Day,F,L,A,MYSE
151.909,8443,6/3/2015,5/24/2015,14:46:59,7,30.7,AH0,255,33.6181719,Day,F,L,A,MYSE
151.909,8443,6/3/2015,5/24/2015,14:47:01,7,30.7,AH0,255,33.6181719,Day,F,L,A,MYSE
151.909,8443,6/3/2015,5/29/2015,14:47:09,7,29.9,AH0,227,32.2725567,Day,F,L,A,MYSE
151.909,8443,6/3/2015,5/29/2015,14:47:11,7,29.9,AH0,216,32.2725567,Day,F,L,A,MYSE
151.909,8443,6/3/2015,5/30/2015,14:47:11,7,33.4,AH0,252,37.0180632,Day,F,L,A,MYSE
151.909,8443,6/3/2015,5/30/2015,14:47:12,7,33.4,AH0,252,37.0180632,Day,F,L,A,MYSE
151.909,8443,6/3/2015,5/29/2015,14:47:13,7,30,AH0,209,32.45,Day,F,L,A,MYSE
151.909,8443,6/3/2015,5/30/2015,14:47:14,7,33.4,AH0,250,37.0180632,Day,F,L,A,MYSE
151.909,8443,6/3/2015,5/29/2015,14:47:15,7,30,AH0,193,32.45,Day,F,L,A,MYSE
151.909,8443,6/3/2015,5/30/2015,14:47:16,7,33.4,AH0,251,37.0180632,Day,F,L,A,MYSE
151.909,8443,6/3/2015,5/24/2015,14:47:17,7,30.7,AH0,255,33.6181719,Day,F,L,A,MYSE
151.909,8443,6/3/2015,5/24/2015,14:47:19,7,30.7,AH0,255,33.6181719,Day,F,L,A,MYSE
151.909,8443,6/3/2015,5/24/2015,14:47:21,7,30.7,AH0,255,33.6181719,Day,F,L,A,MYSE
151.909,8443,6/3/2015,5/24/2015,14:47:23,7,30.7,AH0,255,33.6181719,Day,F,L,A,MYSE
151.909,8443,6/3/2015,5/29/2015,14:47:29,7,30,AH0,228,32.45,Day,F,L,A,MYSE
151.909,8443,6/3/2015,5/30/2015,14:47:30,7,33.4,AH0,251,37.0180632,Day,F,L,A,MYSE
151.909,8443,6/3/2015,5/29/2015,14:47:31,7,30,AH0,238,32.45,Day,F,L,A,MYSE
151.909,8443,6/3/2015,5/30/2015,14:47:32,7,33.4,AH0,253,37.0180632,Day,F,L,A,MYSE
151.909,8443,6/3/2015,5/29/2015,14:47:33,7,30.2,AH0,243,32.7968664,Day,F,L,A,MYSE
151.909,8443,6/3/2015,5/30/2015,14:47:34,7,33.4,AH0,253,37.0180632,Day,F,L,A,MYSE
151.909,8443,6/3/2015,5/29/2015,14:47:35,7,30.3,AH0,247,32.9663291,Day,F,L,A,MYSE
151.909,8443,6/3/2015,5/24/2015,14:47:36,7,30.7,AH0,255,33.6181719,Day,F,L,A,MYSE
151.909,8443,6/3/2015,5/30/2015,14:47:36,7,33.4,AH0,253,37.0180632,Day,F,L,A,MYSE
151.909,8443,6/3/2015,5/24/2015,14:47:38,7,30.7,AH0,255,33.6181719,Day,F,L,A,MYSE
151.909,8443,6/3/2015,5/24/2015,14:47:40,7,30.7,AH0,255,33.6181719,Day,F,L,A,MYSE
151.909,8443,6/3/2015,5/24/2015,14:47:42,7,30.7,AH0,255,33.6181719,Day,F,L,A,MYSE
151.909,8443,6/3/2015,5/28/2015,14:47:46,7,32.4,AH0,47,35.9501792,Day,F,L,A,MYSE
151.909,8443,6/3/2015,5/30/2015,14:47:50,7,33.4,AH0,253,37.0180632,Day,F,L,A,MYSE
151.909,8443,6/3/2015,5/28/2015,14:47:51,7,10.8,AH0,47,-74.1159904,Day,F,L,A,MYSE
151.909,8443,6/3/2015,5/29/2015,14:47:51,7,30.7,AH0,231,33.6181719,Day,F,L,A,MYSE
151.909,8443,6/3/2015,5/30/2015,14:47:52,7,33.4,AH0,253,37.0180632,Day,F,L,A,MYSE
151.909,8443,6/3/2015,5/29/2015,14:47:53,7,30.6,AH0,236,33.4590728,Day,F,L,A,MYSE
151.909,8443,6/3/2015,5/30/2015,14:47:54,7,33.4,AH0,252,37.0180632,Day,F,L,A,MYSE
151.909,8443,6/3/2015,5/29/2015,14:47:55,7,30.6,AH0,240,33.4590728,Day,F,L,A,MYSE
151.909,8443,6/3/2015,5/24/2015,14:47:56,7,30.7,AH0,255,33.6181719,Day,F,L,A,MYSE
151.909,8443,6/3/2015,5/30/2015,14:47:56,7,33.4,AH0,251,37.0180632,Day,F,L,A,MYSE
151.909,8443,6/3/2015,5/29/2015,14:47:57,7,30.5,AH0,237,33.2974125,Day,F,L,A,MYSE
151.909,8443,6/3/2015,5/30/2015,14:47:57,7,33.4,AH0,252,37.0180632,Day,F,L,A,MYSE
151.909,8443,6/3/2015,5/24/2015,14:47:58,7,30.7,AH0,255,33.6181719,Day,F,L,A,MYSE
151.909,8443,6/3/2015,5/24/2015,14:48:00,7,30.7,AH0,255,33.6181719,Day,F,L,A,MYSE
151.909,8443,6/3/2015,5/24/2015,14:48:02,7,30.7,AH0,255,33.6181719,Day,F,L,A,MYSE
151.909,8443,6/3/2015,5/28/2015,14:48:04,7,32.5,AH0,47,36.0665625,Day,F,L,A,MYSE
151.909,8443,6/3/2015,5/28/2015,14:48:06,7,32.7,AH0,51,36.2927939,Day,F,L,A,MYSE
151.909,8443,6/3/2015,5/28/2015,14:48:08,7,32.6,AH0,51,36.1807608,Day,F,L,A,MYSE
151.909,8443,6/3/2015,5/28/2015,14:48:10,7,32.5,AH0,47,36.0665625,Day,F,L,A,MYSE
151.909,8443,6/3/2015,5/30/2015,14:48:10,7,33.4,AH0,252,37.0180632,Day,F,L,A,MYSE
151.909,8443,6/3/2015,5/28/2015,14:48:11,7,32.5,AH0,50,36.0665625,Day,F,L,A,MYSE
151.909,8443,6/3/2015,5/29/2015,14:48:11,7,30.3,AH0,238,32.9663291,Day,F,L,A,MYSE
151.909,8443,6/3/2015,5/30/2015,14:48:12,7,33.4,AH0,250,37.0180632,Day,F,L,A,MYSE
151.909,8443,6/3/2015,5/29/2015,14:48:13,7,30.2,AH0,235,32.7968664,Day,F,L,A,MYSE
151.909,8443,6/3/2015,5/30/2015,14:48:14,7,33.4,AH0,252,37.0180632,Day,F,L,A,MYSE
151.909,8443,6/3/2015,5/24/2015,14:48:15,7,30.8,AH0,255,33.7747296,Day,F,L,A,MYSE
151.909,8443,6/3/2015,5/29/2015,14:48:15,7,30.2,AH0,236,32.7968664,Day,F,L,A,MYSE
151.909,8443,6/3/2015,5/30/2015,14:48:15,7,33.4,AH0,253,37.0180632,Day,F,L,A,MYSE
151.909,8443,6/3/2015,5/24/2015,14:48:17,7,30.8,AH0,255,33.7747296,Day,F,L,A,MYSE
151.909,8443,6/3/2015,5/29/2015,14:48:17,7,30.2,AH0,236,32.7968664,Day,F,L,A,MYSE
151.909,8443,6/3/2015,5/30/2015,14:48:17,7,33.4,AH0,252,37.0180632,Day,F,L,A,MYSE
151.909,8443,6/3/2015,5/24/2015,14:48:19,7,30.8,AH0,255,33.7747296,Day,F,L,A,MYSE
151.909,8443,6/3/2015,5/24/2015,14:48:21,7,30.8,AH0,255,33.7747296,Day,F,L,A,MYSE
151.909,8443,6/3/2015,5/30/2015,14:48:30,7,33.4,AH0,250,37.0180632,Day,F,L,A,MYSE
151.909,8443,6/3/2015,5/29/2015,14:48:31,7,30,AH0,240,32.45,Day,F,L,A,MYSE
151.909,8443,6/3/2015,5/30/2015,14:48:31,7,33.4,AH0,252,37.0180632,Day,F,L,A,MYSE
151.909,8443,6/3/2015,5/29/2015,14:48:33,7,30,AH0,233,32.45,Day,F,L,A,MYSE
151.909,8443,6/3/2015,5/30/2015,14:48:33,7,33.4,AH0,251,37.0180632,Day,F,L,A,MYSE
151.909,8443,6/3/2015,5/29/2015,14:48:35,7,30,AH0,225,32.45,Day,F,L,A,MYSE
151.909,8443,6/3/2015,5/30/2015,14:48:35,7,33.4,AH0,251,37.0180632,Day,F,L,A,MYSE
151.909,8443,6/3/2015,5/24/2015,14:48:37,7,30.9,AH0,255,33.9287657,Day,F,L,A,MYSE
151.909,8443,6/3/2015,5/29/2015,14:48:37,7,30,AH0,224,32.45,Day,F,L,A,MYSE
151.909,8443,6/3/2015,5/30/2015,14:48:37,7,33.4,AH0,251,37.0180632,Day,F,L,A,MYSE
151.909,8443,6/3/2015,5/24/2015,14:48:39,7,30.9,AH0,255,33.9287657,Day,F,L,A,MYSE
151.909,8443,6/3/2015,5/24/2015,14:48:41,7,30.9,AH0,255,33.9287657,Day,F,L,A,MYSE
151.909,8443,6/3/2015,5/24/2015,14:48:43,7,30.9,AH0,255,33.9287657,Day,F,L,A,MYSE
151.909,8443,6/3/2015,5/30/2015,14:48:49,7,33.4,AH0,251,37.0180632,Day,F,L,A,MYSE
151.909,8443,6/3/2015,5/29/2015,14:48:51,7,30,AH0,234,32.45,Day,F,L,A,MYSE
151.909,8443,6/3/2015,5/30/2015,14:48:51,7,33.4,AH0,253,37.0180632,Day,F,L,A,MYSE
151.909,8443,6/3/2015,5/29/2015,14:48:53,7,30,AH0,233,32.45,Day,F,L,A,MYSE
151.909,8443,6/3/2015,5/30/2015,14:48:53,7,33.4,AH0,254,37.0180632,Day,F,L,A,MYSE
151.909,8443,6/3/2015,5/29/2015,14:48:55,7,30,AH0,238,32.45,Day,F,L,A,MYSE
151.909,8443,6/3/2015,5/30/2015,14:48:55,7,33.4,AH0,252,37.0180632,Day,F,L,A,MYSE
151.909,8443,6/3/2015,5/24/2015,14:48:56,7,31,AH0,255,34.0803,Day,F,L,A,MYSE
151.909,8443,6/3/2015,5/29/2015,14:48:57,7,30,AH0,235,32.45,Day,F,L,A,MYSE
151.909,8443,6/3/2015,5/30/2015,14:48:57,7,33.4,AH0,253,37.0180632,Day,F,L,A,MYSE
151.909,8443,6/3/2015,5/24/2015,14:48:58,7,31,AH0,255,34.0803,Day,F,L,A,MYSE
151.909,8443,6/3/2015,5/24/2015,14:49:00,7,31,AH0,255,34.0803,Day,F,L,A,MYSE
151.909,8443,6/3/2015,5/24/2015,14:49:02,7,31,AH0,255,34.0803,Day,F,L,A,MYSE
151.909,8443,6/3/2015,5/29/2015,14:49:11,7,30,AH0,238,32.45,Day,F,L,A,MYSE
151.909,8443,6/3/2015,5/30/2015,14:49:11,7,33.4,AH0,252,37.0180632,Day,F,L,A,MYSE
151.909,8443,6/3/2015,5/29/2015,14:49:13,7,30,AH0,237,32.45,Day,F,L,A,MYSE
151.909,8443,6/3/2015,5/30/2015,14:49:13,7,33.4,AH0,253,37.0180632,Day,F,L,A,MYSE
151.909,8443,6/3/2015,5/24/2015,14:49:15,7,31.2,AH0,255,34.3759424,Day,F,L,A,MYSE
151.909,8443,6/3/2015,5/29/2015,14:49:15,7,30,AH0,238,32.45,Day,F,L,A,MYSE
151.909,8443,6/3/2015,5/30/2015,14:49:15,7,33.4,AH0,253,37.0180632,Day,F,L,A,MYSE
151.909,8443,6/3/2015,5/30/2015,14:49:16,7,33.4,AH0,252,37.0180632,Day,F,L,A,MYSE
151.909,8443,6/3/2015,5/24/2015,14:49:17,7,31.1,AH0,255,34.2293523,Day,F,L,A,MYSE
151.909,8443,6/3/2015,5/29/2015,14:49:17,7,30,AH0,237,32.45,Day,F,L,A,MYSE
151.909,8443,6/3/2015,5/24/2015,14:49:19,7,31.1,AH0,255,34.2293523,Day,F,L,A,MYSE
151.909,8443,6/3/2015,5/24/2015,14:49:21,7,31.1,AH0,255,34.2293523,Day,F,L,A,MYSE
151.909,8443,6/3/2015,5/28/2015,14:49:25,7,32.4,AH0,50,35.9501792,Day,F,L,A,MYSE
151.909,8443,6/3/2015,5/28/2015,14:49:27,7,32.5,AH0,48,36.0665625,Day,F,L,A,MYSE
151.909,8443,6/3/2015,5/28/2015,14:49:31,7,16.2,AH0,49,-26.0433976,Day,F,L,A,MYSE
151.909,8443,6/3/2015,5/29/2015,14:49:31,7,30,AH0,237,32.45,Day,F,L,A,MYSE
151.909,8443,6/3/2015,5/30/2015,14:49:31,7,33.4,AH0,253,37.0180632,Day,F,L,A,MYSE
151.909,8443,6/3/2015,5/29/2015,14:49:33,7,30,AH0,236,32.45,Day,F,L,A,MYSE
151.909,8443,6/3/2015,5/30/2015,14:49:33,7,33.4,AH0,252,37.0180632,Day,F,L,A,MYSE
151.909,8443,6/3/2015,5/30/2015,14:49:34,7,33.4,AH0,253,37.0180632,Day,F,L,A,MYSE
151.909,8443,6/3/2015,5/29/2015,14:49:35,7,30,AH0,236,32.45,Day,F,L,A,MYSE
151.909,8443,6/3/2015,5/30/2015,14:49:36,7,33.4,AH0,251,37.0180632,Day,F,L,A,MYSE
151.909,8443,6/3/2015,5/24/2015,14:49:37,7,31.4,AH0,255,34.6618152,Day,F,L,A,MYSE
151.909,8443,6/3/2015,5/29/2015,14:49:37,7,30,AH0,238,32.45,Day,F,L,A,MYSE
151.909,8443,6/3/2015,5/24/2015,14:49:38,7,31.3,AH0,255,34.5200901,Day,F,L,A,MYSE
151.909,8443,6/3/2015,5/24/2015,14:49:40,7,31.2,AH0,255,34.3759424,Day,F,L,A,MYSE
151.909,8443,6/3/2015,5/24/2015,14:49:42,7,31.2,AH0,255,34.3759424,Day,F,L,A,MYSE
151.909,8443,6/3/2015,5/28/2015,14:49:51,7,16.2,AH0,12,-26.0433976,Day,F,L,A,MYSE
151.909,8443,6/3/2015,5/29/2015,14:49:51,7,30,AH0,236,32.45,Day,F,L,A,MYSE
151.909,8443,6/3/2015,5/30/2015,14:49:51,7,33.4,AH0,252,37.0180632,Day,F,L,A,MYSE
151.909,8443,6/3/2015,5/30/2015,14:49:52,7,33.4,AH0,251,37.0180632,Day,F,L,A,MYSE
151.909,8443,6/3/2015,5/29/2015,14:49:53,7,30,AH0,237,32.45,Day,F,L,A,MYSE
151.909,8443,6/3/2015,5/30/2015,14:49:54,7,33.4,AH0,252,37.0180632,Day,F,L,A,MYSE
151.909,8443,6/3/2015,5/29/2015,14:49:55,7,30,AH0,231,32.45,Day,F,L,A,MYSE
151.909,8443,6/3/2015,5/24/2015,14:49:56,7,31,AH0,255,34.0803,Day,F,L,A,MYSE
151.909,8443,6/3/2015,5/30/2015,14:49:56,7,33.4,AH0,252,37.0180632,Day,F,L,A,MYSE
151.909,8443,6/3/2015,5/29/2015,14:49:57,7,30,AH0,228,32.45,Day,F,L,A,MYSE
151.909,8443,6/3/2015,5/24/2015,14:49:58,7,31,AH0,255,34.0803,Day,F,L,A,MYSE
151.909,8443,6/3/2015,5/24/2015,14:50:00,7,31,AH0,245,34.0803,Day,F,L,A,MYSE
151.909,8443,6/3/2015,5/24/2015,14:50:02,7,31,AH0,255,34.0803,Day,F,L,A,MYSE
151.909,8443,6/3/2015,5/28/2015,14:50:04,7,32.4,AH0,45,35.9501792,Day,F,L,A,MYSE
151.909,8443,6/3/2015,5/28/2015,14:50:08,7,16.1,AH0,52,-26.7805827,Day,F,L,A,MYSE
151.909,8443,6/3/2015,5/28/2015,14:50:10,7,32.4,AH0,43,35.9501792,Day,F,L,A,MYSE
151.909,8443,6/3/2015,5/30/2015,14:50:10,7,33.4,AH0,250,37.0180632,Day,F,L,A,MYSE
151.909,8443,6/3/2015,5/29/2015,14:50:11,7,30.1,AH0,226,32.6247633,Day,F,L,A,MYSE
151.909,8443,6/3/2015,5/30/2015,14:50:12,7,33.4,AH0,250,37.0180632,Day,F,L,A,MYSE
151.909,8443,6/3/2015,5/29/2015,14:50:13,7,30.1,AH0,227,32.6247633,Day,F,L,A,MYSE
151.909,8443,6/3/2015,5/30/2015,14:50:14,7,33.4,AH0,252,37.0180632,Day,F,L,A,MYSE
151.909,8443,6/3/2015,5/24/2015,14:50:15,7,31.2,AH0,255,34.3759424,Day,F,L,A,MYSE
151.909,8443,6/3/2015,5/29/2015,14:50:15,7,30.1,AH0,224,32.6247633,Day,F,L,A,MYSE
151.909,8443,6/3/2015,5/30/2015,14:50:16,7,33.4,AH0,251,37.0180632,Day,F,L,A,MYSE
151.909,8443,6/3/2015,5/24/2015,14:50:17,7,31.2,AH0,255,34.3759424,Day,F,L,A,MYSE
151.909,8443,6/3/2015,5/29/2015,14:50:17,7,30.1,AH0,222,32.6247633,Day,F,L,A,MYSE
151.909,8443,6/3/2015,5/30/2015,14:50:18,7,33.4,AH0,252,37.0180632,Day,F,L,A,MYSE
151.909,8443,6/3/2015,5/24/2015,14:50:19,7,31.3,AH0,255,34.5200901,Day,F,L,A,MYSE
151.909,8443,6/3/2015,5/24/2015,14:50:21,7,31.3,AH0,255,34.5200901,Day,F,L,A,MYSE
151.909,8443,6/3/2015,5/28/2015,14:50:27,7,32.5,AH0,52,36.0665625,Day,F,L,A,MYSE
151.909,8443,6/3/2015,5/28/2015,14:50:29,7,32.3,AH0,51,35.8315911,Day,F,L,A,MYSE
151.909,8443,6/3/2015,5/28/2015,14:50:30,7,32.3,AH0,46,35.8315911,Day,F,L,A,MYSE
151.909,8443,6/3/2015,5/29/2015,14:50:30,7,30.2,AH0,224,32.7968664,Day,F,L,A,MYSE
151.909,8443,6/3/2015,5/30/2015,14:50:30,7,33.4,AH0,252,37.0180632,Day,F,L,A,MYSE
151.909,8443,6/3/2015,5/29/2015,14:50:32,7,30.2,AH0,223,32.7968664,Day,F,L,A,MYSE
151.909,8443,6/3/2015,5/30/2015,14:50:32,7,33.4,AH0,252,37.0180632,Day,F,L,A,MYSE
151.909,8443,6/3/2015,5/29/2015,14:50:34,7,30.3,AH0,222,32.9663291,Day,F,L,A,MYSE
151.909,8443,6/3/2015,5/30/2015,14:50:34,7,33.4,AH0,253,37.0180632,Day,F,L,A,MYSE
151.909,8443,6/3/2015,5/30/2015,14:50:35,7,33.4,AH0,252,37.0180632,Day,F,L,A,MYSE
151.909,8443,6/3/2015,5/24/2015,14:50:36,7,31.6,AH0,255,34.9380768,Day,F,L,A,MYSE
151.909,8443,6/3/2015,5/29/2015,14:50:36,7,30.3,AH0,223,32.9663291,Day,F,L,A,MYSE
151.909,8443,6/3/2015,5/30/2015,14:50:37,7,33.4,AH0,251,37.0180632,Day,F,L,A,MYSE
151.909,8443,6/3/2015,5/24/2015,14:50:38,7,31.6,AH0,255,34.9380768,Day,F,L,A,MYSE
151.909,8443,6/3/2015,5/24/2015,14:50:40,7,31.5,AH0,255,34.8011375,Day,F,L,A,MYSE
151.909,8443,6/3/2015,5/24/2015,14:50:42,7,31.5,AH0,255,34.8011375,Day,F,L,A,MYSE
151.909,8443,6/3/2015,5/28/2015,14:50:47,7,32.3,AH0,47,35.8315911,Day,F,L,A,MYSE
151.909,8443,6/3/2015,5/28/2015,14:50:49,7,32.3,AH0,48,35.8315911,Day,F,L,A,MYSE
151.909,8443,6/3/2015,5/29/2015,14:50:50,7,30.3,AH0,227,32.9663291,Day,F,L,A,MYSE
151.909,8443,6/3/2015,5/30/2015,14:50:50,7,33.4,AH0,252,37.0180632,Day,F,L,A,MYSE
151.909,8443,6/3/2015,5/29/2015,14:50:52,7,30.3,AH0,228,32.9663291,Day,F,L,A,MYSE
151.909,8443,6/3/2015,5/30/2015,14:50:52,7,33.4,AH0,251,37.0180632,Day,F,L,A,MYSE
151.909,8443,6/3/2015,5/30/2015,14:50:53,7,33.4,AH0,248,37.0180632,Day,F,L,A,MYSE
151.909,8443,6/3/2015,5/29/2015,14:50:54,7,30.3,AH0,226,32.9663291,Day,F,L,A,MYSE
151.909,8443,6/3/2015,5/24/2015,14:50:55,7,31.5,AH0,255,34.8011375,Day,F,L,A,MYSE
151.909,8443,6/3/2015,5/30/2015,14:50:55,7,33.4,AH0,252,37.0180632,Day,F,L,A,MYSE
151.909,8443,6/3/2015,5/29/2015,14:50:56,7,30.3,AH0,224,32.9663291,Day,F,L,A,MYSE
151.909,8443,6/3/2015,5/24/2015,14:50:57,7,31.6,AH0,255,34.9380768,Day,F,L,A,MYSE
151.909,8443,6/3/2015,5/30/2015,14:50:57,7,33.4,AH0,252,37.0180632,Day,F,L,A,MYSE
151.909,8443,6/3/2015,5/24/2015,14:50:59,7,31.5,AH0,255,34.8011375,Day,F,L,A,MYSE
151.909,8443,6/3/2015,5/24/2015,14:51:01,7,31.5,AH0,255,34.8011375,Day,F,L,A,MYSE
151.909,8443,6/3/2015,5/28/2015,14:51:04,7,32.4,AH0,47,35.9501792,Day,F,L,A,MYSE
151.909,8443,6/3/2015,5/28/2015,14:51:06,7,32.3,AH0,52,35.8315911,Day,F,L,A,MYSE
151.909,8443,6/3/2015,5/28/2015,14:51:08,7,32.3,AH0,53,35.8315911,Day,F,L,A,MYSE
151.909,8443,6/3/2015,5/28/2015,14:51:10,7,32.4,AH0,52,35.9501792,Day,F,L,A,MYSE
151.909,8443,6/3/2015,5/29/2015,14:51:10,7,30.3,AH0,224,32.9663291,Day,F,L,A,MYSE
151.909,8443,6/3/2015,5/30/2015,14:51:10,7,33.4,AH0,251,37.0180632,Day,F,L,A,MYSE
151.909,8443,6/3/2015,5/28/2015,14:51:11,7,32.4,AH0,48,35.9501792,Day,F,L,A,MYSE
151.909,8443,6/3/2015,5/30/2015,14:51:11,7,33.4,AH0,254,37.0180632,Day,F,L,A,MYSE
151.909,8443,6/3/2015,5/29/2015,14:51:12,7,30.3,AH0,225,32.9663291,Day,F,L,A,MYSE
151.909,8443,6/3/2015,5/30/2015,14:51:13,7,33.4,AH0,252,37.0180632,Day,F,L,A,MYSE
151.909,8443,6/3/2015,5/29/2015,14:51:14,7,30.3,AH0,225,32.9663291,Day,F,L,A,MYSE
151.909,8443,6/3/2015,5/30/2015,14:51:15,7,33.4,AH0,249,37.0180632,Day,F,L,A,MYSE
151.909,8443,6/3/2015,5/24/2015,14:51:16,7,31.8,AH0,255,35.2048856,Day,F,L,A,MYSE
151.909,8443,6/3/2015,5/29/2015,14:51:16,7,30.3,AH0,225,32.9663291,Day,F,L,A,MYSE
151.909,8443,6/3/2015,5/30/2015,14:51:17,7,33.4,AH0,252,37.0180632,Day,F,L,A,MYSE
151.909,8443,6/3/2015,5/24/2015,14:51:18,7,31.8,AH0,255,35.2048856,Day,F,L,A,MYSE
151.909,8443,6/3/2015,5/24/2015,14:51:20,7,31.8,AH0,255,35.2048856,Day,F,L,A,MYSE
151.909,8443,6/3/2015,5/24/2015,14:51:22,7,31.8,AH0,255,35.2048856,Day,F,L,A,MYSE
151.909,8443,6/3/2015,5/30/2015,14:51:29,7,33.4,AH0,248,37.0180632,Day,F,L,A,MYSE
151.909,8443,6/3/2015,5/29/2015,14:51:30,7,30.3,AH0,223,32.9663291,Day,F,L,A,MYSE
151.909,8443,6/3/2015,5/30/2015,14:51:31,7,33.4,AH0,252,37.0180632,Day,F,L,A,MYSE
151.909,8443,6/3/2015,5/29/2015,14:51:32,7,30.3,AH0,224,32.9663291,Day,F,L,A,MYSE
151.909,8443,6/3/2015,5/30/2015,14:51:33,7,33.4,AH0,249,37.0180632,Day,F,L,A,MYSE
151.909,8443,6/3/2015,5/29/2015,14:51:34,7,30.3,AH0,224,32.9663291,Day,F,L,A,MYSE
151.909,8443,6/3/2015,5/24/2015,14:51:35,7,31.8,AH0,253,35.2048856,Day,F,L,A,MYSE
151.909,8443,6/3/2015,5/30/2015,14:51:35,7,33.4,AH0,251,37.0180632,Day,F,L,A,MYSE
151.909,8443,6/3/2015,5/29/2015,14:51:36,7,30.3,AH0,223,32.9663291,Day,F,L,A,MYSE
151.909,8443,6/3/2015,5/24/2015,14:51:37,7,31.7,AH0,254,35.0726529,Day,F,L,A,MYSE
151.909,8443,6/3/2015,5/30/2015,14:51:37,7,33.4,AH0,252,37.0180632,Day,F,L,A,MYSE
151.909,8443,6/3/2015,5/24/2015,14:51:39,7,31.8,AH0,254,35.2048856,Day,F,L,A,MYSE
151.909,8443,6/3/2015,5/24/2015,14:51:41,7,31.7,AH0,255,35.0726529,Day,F,L,A,MYSE
151.909,8443,6/3/2015,5/24/2015,14:51:43,7,31.6,AH0,255,34.9380768,Day,F,L,A,MYSE
151.909,8443,6/3/2015,5/28/2015,14:51:45,7,32.2,AH0,47,35.7107784,Day,F,L,A,MYSE
151.909,8443,6/3/2015,5/28/2015,14:51:47,7,32.3,AH0,53,35.8315911,Day,F,L,A,MYSE
151.909,8443,6/3/2015,5/28/2015,14:51:49,7,32.1,AH0,32,35.5877213,Day,F,L,A,MYSE
151.909,8443,6/3/2015,5/29/2015,14:51:50,7,30.3,AH0,224,32.9663291,Day,F,L,A,MYSE
151.909,8443,6/3/2015,5/30/2015,14:51:51,7,33.4,AH0,252,37.0180632,Day,F,L,A,MYSE
151.909,8443,6/3/2015,5/29/2015,14:51:52,7,30.3,AH0,224,32.9663291,Day,F,L,A,MYSE
151.909,8443,6/3/2015,5/30/2015,14:51:53,7,33.4,AH0,252,37.0180632,Day,F,L,A,MYSE
151.909,8443,6/3/2015,5/29/2015,14:51:54,7,30.3,AH0,225,32.9663291,Day,F,L,A,MYSE
151.909,8443,6/3/2015,5/30/2015,14:51:55,7,33.4,AH0,253,37.0180632,Day,F,L,A,MYSE
151.909,8443,6/3/2015,5/24/2015,14:51:56,7,31.3,AH0,252,34.5200901,Day,F,L,A,MYSE
151.909,8443,6/3/2015,5/29/2015,14:51:56,7,30.3,AH0,222,32.9663291,Day,F,L,A,MYSE
151.909,8443,6/3/2015,5/30/2015,14:51:56,7,33.4,AH0,250,37.0180632,Day,F,L,A,MYSE
151.909,8443,6/3/2015,5/24/2015,14:51:58,7,31.3,AH0,251,34.5200901,Day,F,L,A,MYSE
151.909,8443,6/3/2015,5/24/2015,14:52:00,7,31.2,AH0,252,34.3759424,Day,F,L,A,MYSE
151.909,8443,6/3/2015,5/24/2015,14:52:02,7,31.2,AH0,250,34.3759424,Day,F,L,A,MYSE
151.909,8443,6/3/2015,5/29/2015,14:52:09,7,30.3,AH0,224,32.9663291,Day,F,L,A,MYSE
151.909,8443,6/3/2015,5/29/2015,14:52:11,7,30.3,AH0,231,32.9663291,Day,F,L,A,MYSE
151.909,8443,6/3/2015,5/30/2015,14:52:11,7,33.4,AH0,252,37.0180632,Day,F,L,A,MYSE
151.909,8443,6/3/2015,5/29/2015,14:52:13,7,30.4,AH0,228,33.1331712,Day,F,L,A,MYSE
151.909,8443,6/3/2015,5/30/2015,14:52:13,7,33.4,AH0,253,37.0180632,Day,F,L,A,MYSE
151.909,8443,6/3/2015,5/30/2015,14:52:14,7,33.4,AH0,251,37.0180632,Day,F,L,A,MYSE
151.909,8443,6/3/2015,5/24/2015,14:52:15,7,31,AH0,252,34.0803,Day,F,L,A,MYSE
151.909,8443,6/3/2015,5/29/2015,14:52:15,7,30.4,AH0,227,33.1331712,Day,F,L,A,MYSE
151.909,8443,6/3/2015,5/30/2015,14:52:16,7,33.4,AH0,251,37.0180632,Day,F,L,A,MYSE
151.909,8443,6/3/2015,5/24/2015,14:52:17,7,31,AH0,251,34.0803,Day,F,L,A,MYSE
151.909,8443,6/3/2015,5/24/2015,14:52:19,7,31,AH0,252,34.0803,Day,F,L,A,MYSE
151.909,8443,6/3/2015,5/24/2015,14:52:21,7,31,AH0,238,34.0803,Day,F,L,A,MYSE
151.909,8443,6/3/2015,5/29/2015,14:52:29,7,30.4,AH0,230,33.1331712,Day,F,L,A,MYSE
151.909,8443,6/3/2015,5/29/2015,14:52:31,7,30.4,AH0,227,33.1331712,Day,F,L,A,MYSE
151.909,8443,6/3/2015,5/30/2015,14:52:31,7,33.4,AH0,253,37.0180632,Day,F,L,A,MYSE
151.909,8443,6/3/2015,5/30/2015,14:52:32,7,33.4,AH0,250,37.0180632,Day,F,L,A,MYSE
151.909,8443,6/3/2015,5/29/2015,14:52:33,7,30.4,AH0,229,33.1331712,Day,F,L,A,MYSE
151.909,8443,6/3/2015,5/30/2015,14:52:34,7,33.4,AH0,252,37.0180632,Day,F,L,A,MYSE
151.909,8443,6/3/2015,5/29/2015,14:52:35,7,30.4,AH0,226,33.1331712,Day,F,L,A,MYSE
151.909,8443,6/3/2015,5/30/2015,14:52:36,7,33.4,AH0,252,37.0180632,Day,F,L,A,MYSE
151.909,8443,6/3/2015,5/24/2015,14:52:37,7,30.9,AH0,253,33.9287657,Day,F,L,A,MYSE
151.909,8443,6/3/2015,5/24/2015,14:52:38,7,30.8,AH0,250,33.7747296,Day,F,L,A,MYSE
151.909,8443,6/3/2015,5/24/2015,14:52:40,7,30.8,AH0,253,33.7747296,Day,F,L,A,MYSE
151.909,8443,6/3/2015,5/24/2015,14:52:42,7,30.8,AH0,251,33.7747296,Day,F,L,A,MYSE
151.909,8443,6/3/2015,5/28/2015,14:52:47,7,32.1,AH0,54,35.5877213,Day,F,L,A,MYSE
151.909,8443,6/3/2015,5/28/2015,14:52:49,7,32,AH0,52,35.4624,Day,F,L,A,MYSE
151.909,8443,6/3/2015,5/28/2015,14:52:50,7,32.2,AH0,51,35.7107784,Day,F,L,A,MYSE
151.909,8443,6/3/2015,5/30/2015,14:52:50,7,33.4,AH0,251,37.0180632,Day,F,L,A,MYSE
151.909,8443,6/3/2015,5/29/2015,14:52:51,7,30.4,AH0,226,33.1331712,Day,F,L,A,MYSE
151.909,8443,6/3/2015,5/30/2015,14:52:52,7,33.4,AH0,252,37.0180632,Day,F,L,A,MYSE
151.909,8443,6/3/2015,5/29/2015,14:52:53,7,30.4,AH0,225,33.1331712,Day,F,L,A,MYSE
151.909,8443,6/3/2015,5/30/2015,14:52:54,7,33.4,AH0,250,37.0180632,Day,F,L,A,MYSE
151.909,8443,6/3/2015,5/29/2015,14:52:55,7,30.4,AH0,228,33.1331712,Day,F,L,A,MYSE
151.909,8443,6/3/2015,5/24/2015,14:52:56,7,30.8,AH0,251,33.7747296,Day,F,L,A,MYSE
151.909,8443,6/3/2015,5/30/2015,14:52:56,7,33.4,AH0,252,37.0180632,Day,F,L,A,MYSE
151.909,8443,6/3/2015,5/29/2015,14:52:57,7,30.4,AH0,225,33.1331712,Day,F,L,A,MYSE
151.909,8443,6/3/2015,5/30/2015,14:52:57,7,33.4,AH0,252,37.0180632,Day,F,L,A,MYSE
151.909,8443,6/3/2015,5/24/2015,14:52:58,7,30.8,AH0,248,33.7747296,Day,F,L,A,MYSE
151.909,8443,6/3/2015,5/24/2015,14:53:00,7,30.8,AH0,246,33.7747296,Day,F,L,A,MYSE
151.909,8443,6/3/2015,5/24/2015,14:53:02,7,30.8,AH0,247,33.7747296,Day,F,L,A,MYSE
151.909,8443,6/3/2015,5/30/2015,14:53:10,7,33.4,AH0,250,37.0180632,Day,F,L,A,MYSE
151.909,8443,6/3/2015,5/29/2015,14:53:11,7,30.4,AH0,224,33.1331712,Day,F,L,A,MYSE
151.909,8443,6/3/2015,5/30/2015,14:53:12,7,33.4,AH0,253,37.0180632,Day,F,L,A,MYSE
151.909,8443,6/3/2015,5/29/2015,14:53:13,7,30.4,AH0,225,33.1331712,Day,F,L,A,MYSE
151.909,8443,6/3/2015,5/30/2015,14:53:14,7,33.4,AH0,252,37.0180632,Day,F,L,A,MYSE
151.909,8443,6/3/2015,5/29/2015,14:53:15,7,30.4,AH0,235,33.1331712,Day,F,L,A,MYSE
151.909,8443,6/3/2015,5/30/2015,14:53:15,7,33.4,AH0,252,37.0180632,Day,F,L,A,MYSE
151.909,8443,6/3/2015,5/24/2015,14:53:16,7,30.8,AH0,250,33.7747296,Day,F,L,A,MYSE
151.909,8443,6/3/2015,5/24/2015,14:53:17,7,30.8,AH0,242,33.7747296,Day,F,L,A,MYSE
151.909,8443,6/3/2015,5/29/2015,14:53:17,7,30.5,AH0,229,33.2974125,Day,F,L,A,MYSE
151.909,8443,6/3/2015,5/30/2015,14:53:17,7,33.5,AH0,250,37.1134875,Day,F,L,A,MYSE
151.909,8443,6/3/2015,5/24/2015,14:53:19,7,30.8,AH0,251,33.7747296,Day,F,L,A,MYSE
151.909,8443,6/3/2015,5/24/2015,14:53:21,7,30.8,AH0,245,33.7747296,Day,F,L,A,MYSE
151.909,8443,6/3/2015,5/29/2015,14:53:30,7,30.5,AH0,226,33.2974125,Day,F,L,A,MYSE
151.909,8443,6/3/2015,5/30/2015,14:53:30,7,33.5,AH0,252,37.1134875,Day,F,L,A,MYSE
151.909,8443,6/3/2015,5/29/2015,14:53:32,7,30.5,AH0,236,33.2974125,Day,F,L,A,MYSE
151.909,8443,6/3/2015,5/30/2015,14:53:32,7,33.5,AH0,252,37.1134875,Day,F,L,A,MYSE
151.909,8443,6/3/2015,5/30/2015,14:53:33,7,33.5,AH0,252,37.1134875,Day,F,L,A,MYSE
151.909,8443,6/3/2015,5/29/2015,14:53:34,7,30.5,AH0,232,33.2974125,Day,F,L,A,MYSE
151.909,8443,6/3/2015,5/24/2015,14:53:35,7,30.8,AH0,234,33.7747296,Day,F,L,A,MYSE
151.909,8443,6/3/2015,5/30/2015,14:53:35,7,33.5,AH0,253,37.1134875,Day,F,L,A,MYSE
151.909,8443,6/3/2015,5/29/2015,14:53:36,7,30.5,AH0,240,33.2974125,Day,F,L,A,MYSE
151.909,8443,6/3/2015,5/24/2015,14:53:37,7,30.8,AH0,237,33.7747296,Day,F,L,A,MYSE
151.909,8443,6/3/2015,5/30/2015,14:53:37,7,33.5,AH0,252,37.1134875,Day,F,L,A,MYSE
151.909,8443,6/3/2015,5/24/2015,14:53:39,7,30.9,AH0,239,33.9287657,Day,F,L,A,MYSE
151.909,8443,6/3/2015,5/24/2015,14:53:41,7,30.9,AH0,234,33.9287657,Day,F,L,A,MYSE
151.909,8443,6/3/2015,5/28/2015,14:53:45,7,32.2,AH0,49,35.7107784,Day,F,L,A,MYSE
151.909,8443,6/3/2015,5/28/2015,14:53:47,7,32.1,AH0,48,35.5877213,Day,F,L,A,MYSE
151.909,8443,6/3/2015,5/28/2015,14:53:49,7,32.1,AH0,46,35.5877213,Day,F,L,A,MYSE
151.909,8443,6/3/2015,5/30/2015,14:53:49,7,33.5,AH0,250,37.1134875,Day,F,L,A,MYSE
151.909,8443,6/3/2015,5/29/2015,14:53:50,7,30.6,AH0,233,33.4590728,Day,F,L,A,MYSE
151.909,8443,6/3/2015,5/28/2015,14:53:51,7,32.1,AH0,50,35.5877213,Day,F,L,A,MYSE
151.909,8443,6/3/2015,5/30/2015,14:53:51,7,33.5,AH0,252,37.1134875,Day,F,L,A,MYSE
151.909,8443,6/3/2015,5/29/2015,14:53:52,7,30.6,AH0,236,33.4590728,Day,F,L,A,MYSE
151.909,8443,6/3/2015,5/30/2015,14:53:53,7,33.4,AH0,248,37.0180632,Day,F,L,A,MYSE
151.909,8443,6/3/2015,5/29/2015,14:53:54,7,30.6,AH0,234,33.4590728,Day,F,L,A,MYSE
151.909,8443,6/3/2015,5/30/2015,14:53:55,7,33.5,AH0,252,37.1134875,Day,F,L,A,MYSE
151.909,8443,6/3/2015,5/24/2015,14:53:56,7,31.1,AH0,233,34.2293523,Day,F,L,A,MYSE
151.909,8443,6/3/2015,5/29/2015,14:53:56,7,30.6,AH0,229,33.4590728,Day,F,L,A,MYSE
151.909,8443,6/3/2015,5/30/2015,14:53:57,7,33.5,AH0,254,37.1134875,Day,F,L,A,MYSE
151.909,8443,6/3/2015,5/24/2015,14:53:58,7,31.1,AH0,232,34.2293523,Day,F,L,A,MYSE
151.909,8443,6/3/2015,5/24/2015,14:54:00,7,31.1,AH0,228,34.2293523,Day,F,L,A,MYSE
151.909,8443,6/3/2015,5/24/2015,14:54:02,7,31.1,AH0,238,34.2293523,Day,F,L,A,MYSE
151.909,8443,6/3/2015,5/29/2015,14:54:10,7,31,AH0,233,34.0803,Day,F,L,A,MYSE
151.909,8443,6/3/2015,5/30/2015,14:54:11,7,33.4,AH0,252,37.0180632,Day,F,L,A,MYSE
151.909,8443,6/3/2015,5/29/2015,14:54:12,7,31,AH0,234,34.0803,Day,F,L,A,MYSE
151.909,8443,6/3/2015,5/29/2015,14:54:13,7,31.1,AH0,235,34.2293523,Day,F,L,A,MYSE
151.909,8443,6/3/2015,5/30/2015,14:54:13,7,33.4,AH0,253,37.0180632,Day,F,L,A,MYSE
151.909,8443,6/3/2015,5/29/2015,14:54:15,7,31.1,AH0,235,34.2293523,Day,F,L,A,MYSE
151.909,8443,6/3/2015,5/30/2015,14:54:15,7,33.4,AH0,252,37.0180632,Day,F,L,A,MYSE
151.909,8443,6/3/2015,5/24/2015,14:54:16,7,31.2,AH0,246,34.3759424,Day,F,L,A,MYSE
151.909,8443,6/3/2015,5/30/2015,14:54:16,7,33.4,AH0,252,37.0180632,Day,F,L,A,MYSE
151.909,8443,6/3/2015,5/24/2015,14:54:18,7,31.2,AH0,246,34.3759424,Day,F,L,A,MYSE
151.909,8443,6/3/2015,5/24/2015,14:54:19,7,31.2,AH0,249,34.3759424,Day,F,L,A,MYSE
151.909,8443,6/3/2015,5/24/2015,14:54:21,7,31.2,AH0,227,34.3759424,Day,F,L,A,MYSE
151.909,8443,6/3/2015,5/28/2015,14:54:28,7,32,AH0,51,35.4624,Day,F,L,A,MYSE
151.909,8443,6/3/2015,5/28/2015,14:54:30,7,32,AH0,55,35.4624,Day,F,L,A,MYSE
151.909,8443,6/3/2015,5/29/2015,14:54:31,7,31.3,AH0,235,34.5200901,Day,F,L,A,MYSE
151.909,8443,6/3/2015,5/30/2015,14:54:31,7,33.4,AH0,252,37.0180632,Day,F,L,A,MYSE
151.909,8443,6/3/2015,5/29/2015,14:54:33,7,31.4,AH0,234,34.6618152,Day,F,L,A,MYSE
151.909,8443,6/3/2015,5/30/2015,14:54:33,7,33.4,AH0,251,37.0180632,Day,F,L,A,MYSE
151.909,8443,6/3/2015,5/30/2015,14:54:34,7,33.4,AH0,252,37.0180632,Day,F,L,A,MYSE
151.909,8443,6/3/2015,5/24/2015,14:54:35,7,31.2,AH0,235,34.3759424,Day,F,L,A,MYSE
151.909,8443,6/3/2015,5/29/2015,14:54:35,7,31.4,AH0,232,34.6618152,Day,F,L,A,MYSE
151.909,8443,6/3/2015,5/29/2015,14:54:36,7,31.4,AH0,232,34.6618152,Day,F,L,A,MYSE
151.909,8443,6/3/2015,5/30/2015,14:54:36,7,33.4,AH0,252,37.0180632,Day,F,L,A,MYSE
151.909,8443,6/3/2015,5/24/2015,14:54:37,7,31.2,AH0,236,34.3759424,Day,F,L,A,MYSE
151.909,8443,6/3/2015,5/24/2015,14:54:39,7,31.2,AH0,217,34.3759424,Day,F,L,A,MYSE
151.909,8443,6/3/2015,5/24/2015,14:54:41,7,31.2,AH0,209,34.3759424,Day,F,L,A,MYSE
151.909,8443,6/3/2015,5/24/2015,14:54:43,7,31.2,AH0,213,34.3759424,Day,F,L,A,MYSE
151.909,8443,6/3/2015,5/29/2015,14:54:50,7,31.6,AH0,235,34.9380768,Day,F,L,A,MYSE
151.909,8443,6/3/2015,5/30/2015,14:54:51,7,33.4,AH0,251,37.0180632,Day,F,L,A,MYSE
151.909,8443,6/3/2015,5/29/2015,14:54:52,7,31.6,AH0,234,34.9380768,Day,F,L,A,MYSE
151.909,8443,6/3/2015,5/30/2015,14:54:53,7,33.4,AH0,253,37.0180632,Day,F,L,A,MYSE
151.909,8443,6/3/2015,5/29/2015,14:54:54,7,31.6,AH0,232,34.9380768,Day,F,L,A,MYSE
151.909,8443,6/3/2015,5/30/2015,14:54:55,7,33.4,AH0,250,37.0180632,Day,F,L,A,MYSE
151.909,8443,6/3/2015,5/24/2015,14:54:56,7,31.2,AH0,234,34.3759424,Day,F,L,A,MYSE
151.909,8443,6/3/2015,5/29/2015,14:54:56,7,31.7,AH0,234,35.0726529,Day,F,L,A,MYSE
151.909,8443,6/3/2015,5/30/2015,14:54:57,7,33.4,AH0,251,37.0180632,Day,F,L,A,MYSE
151.909,8443,6/3/2015,5/24/2015,14:54:58,7,31.2,AH0,233,34.3759424,Day,F,L,A,MYSE
151.909,8443,6/3/2015,5/24/2015,14:55:00,7,31.2,AH0,236,34.3759424,Day,F,L,A,MYSE
151.909,8443,6/3/2015,5/24/2015,14:55:02,7,31.2,AH0,234,34.3759424,Day,F,L,A,MYSE
151.909,8443,6/3/2015,5/28/2015,14:55:08,7,32.1,AH0,48,35.5877213,Day,F,L,A,MYSE
151.909,8443,6/3/2015,5/29/2015,14:55:11,7,31.8,AH0,235,35.2048856,Day,F,L,A,MYSE
151.909,8443,6/3/2015,5/30/2015,14:55:11,7,33.4,AH0,249,37.0180632,Day,F,L,A,MYSE
151.909,8443,6/3/2015,5/29/2015,14:55:13,7,31.8,AH0,233,35.2048856,Day,F,L,A,MYSE
151.909,8443,6/3/2015,5/30/2015,14:55:13,7,33.4,AH0,249,37.0180632,Day,F,L,A,MYSE
151.909,8443,6/3/2015,5/29/2015,14:55:14,7,31.8,AH0,232,35.2048856,Day,F,L,A,MYSE
151.909,8443,6/3/2015,5/24/2015,14:55:15,7,31.3,AH0,241,34.5200901,Day,F,L,A,MYSE
151.909,8443,6/3/2015,5/30/2015,14:55:15,7,33.4,AH0,251,37.0180632,Day,F,L,A,MYSE
151.909,8443,6/3/2015,5/29/2015,14:55:16,7,32,AH0,232,35.4624,Day,F,L,A,MYSE
151.909,8443,6/3/2015,5/24/2015,14:55:17,7,31.2,AH0,228,34.3759424,Day,F,L,A,MYSE
151.909,8443,6/3/2015,5/30/2015,14:55:17,7,33.4,AH0,251,37.0180632,Day,F,L,A,MYSE
151.909,8443,6/3/2015,5/30/2015,14:55:18,7,33.4,AH0,253,37.0180632,Day,F,L,A,MYSE
151.909,8443,6/3/2015,5/24/2015,14:55:19,7,31.2,AH0,246,34.3759424,Day,F,L,A,MYSE
151.909,8443,6/3/2015,5/24/2015,14:55:21,7,31.2,AH0,229,34.3759424,Day,F,L,A,MYSE
151.909,8443,6/3/2015,5/29/2015,14:55:29,7,32.4,AH0,232,35.9501792,Day,F,L,A,MYSE
151.909,8443,6/3/2015,5/29/2015,14:55:31,7,32.5,AH0,232,36.0665625,Day,F,L,A,MYSE
151.909,8443,6/3/2015,5/30/2015,14:55:31,7,33.4,AH0,252,37.0180632,Day,F,L,A,MYSE
151.909,8443,6/3/2015,5/29/2015,14:55:33,7,32.5,AH0,231,36.0665625,Day,F,L,A,MYSE
151.909,8443,6/3/2015,5/30/2015,14:55:33,7,33.4,AH0,253,37.0180632,Day,F,L,A,MYSE
151.909,8443,6/3/2015,5/29/2015,14:55:35,7,32.5,AH0,232,36.0665625,Day,F,L,A,MYSE
151.909,8443,6/3/2015,5/30/2015,14:55:35,7,33.4,AH0,250,37.0180632,Day,F,L,A,MYSE
151.909,8443,6/3/2015,5/24/2015,14:55:36,7,31.1,AH0,216,34.2293523,Day,F,L,A,MYSE
151.909,8443,6/3/2015,5/30/2015,14:55:36,7,33.4,AH0,253,37.0180632,Day,F,L,A,MYSE
151.909,8443,6/3/2015,5/29/2015,14:55:37,7,32.5,AH0,232,36.0665625,Day,F,L,A,MYSE
151.909,8443,6/3/2015,5/24/2015,14:55:38,7,31.1,AH0,76,34.2293523,Day,F,L,A,MYSE
151.909,8443,6/3/2015,5/30/2015,14:55:38,7,33.4,AH0,253,37.0180632,Day,F,L,A,MYSE
151.909,8443,6/3/2015,5/24/2015,14:55:40,7,31.4,AH0,187,34.6618152,Day,F,L,A,MYSE
151.909,8443,6/3/2015,5/24/2015,14:55:42,7,31.2,AH0,207,34.3759424,Day,F,L,A,MYSE
151.909,8443,6/3/2015,5/28/2015,14:55:49,7,10.7,AH0,42,-75.1748481,Day,F,L,A,MYSE
151.909,8443,6/3/2015,5/29/2015,14:55:50,7,32.7,AH0,234,36.2927939,Day,F,L,A,MYSE
151.909,8443,6/3/2015,5/29/2015,14:55:51,7,32.7,AH0,229,36.2927939,Day,F,L,A,MYSE
151.909,8443,6/3/2015,5/30/2015,14:55:51,7,33.4,AH0,252,37.0180632,Day,F,L,A,MYSE
151.909,8443,6/3/2015,5/29/2015,14:55:53,7,32.7,AH0,231,36.2927939,Day,F,L,A,MYSE
151.909,8443,6/3/2015,5/30/2015,14:55:53,7,33.4,AH0,252,37.0180632,Day,F,L,A,MYSE
151.909,8443,6/3/2015,5/30/2015,14:55:54,7,33.4,AH0,252,37.0180632,Day,F,L,A,MYSE
151.909,8443,6/3/2015,5/29/2015,14:55:55,7,32.7,AH0,232,36.2927939,Day,F,L,A,MYSE
151.909,8443,6/3/2015,5/24/2015,14:55:56,7,31.4,AH0,255,34.6618152,Day,F,L,A,MYSE
151.909,8443,6/3/2015,5/30/2015,14:55:56,7,33.4,AH0,254,37.0180632,Day,F,L,A,MYSE
151.909,8443,6/3/2015,5/29/2015,14:55:57,7,32.8,AH0,233,36.4026816,Day,F,L,A,MYSE
151.909,8443,6/3/2015,5/24/2015,14:55:58,7,31.5,AH0,255,34.8011375,Day,F,L,A,MYSE
151.909,8443,6/3/2015,5/30/2015,14:55:58,7,33.4,AH0,251,37.0180632,Day,F,L,A,MYSE
151.909,8443,6/3/2015,5/24/2015,14:55:59,7,31.6,AH0,255,34.9380768,Day,F,L,A,MYSE
151.909,8443,6/3/2015,5/24/2015,14:56:01,7,31.6,AH0,254,34.9380768,Day,F,L,A,MYSE
151.909,8443,6/3/2015,5/28/2015,14:56:04,7,32.1,AH0,54,35.5877213,Day,F,L,A,MYSE
151.909,8443,6/3/2015,5/28/2015,14:56:06,7,32.2,AH0,51,35.7107784,Day,F,L,A,MYSE
151.909,8443,6/3/2015,5/28/2015,14:56:09,7,16,AH0,48,-27.5232,Day,F,L,A,MYSE
151.909,8443,6/3/2015,5/29/2015,14:56:10,7,32.9,AH0,230,36.5104437,Day,F,L,A,MYSE
151.909,8443,6/3/2015,5/28/2015,14:56:11,7,32.1,AH0,53,35.5877213,Day,F,L,A,MYSE
151.909,8443,6/3/2015,5/30/2015,14:56:11,7,33.4,AH0,253,37.0180632,Day,F,L,A,MYSE
151.909,8443,6/3/2015,5/29/2015,14:56:12,7,32.9,AH0,230,36.5104437,Day,F,L,A,MYSE
151.909,8443,6/3/2015,5/30/2015,14:56:12,7,33.4,AH0,253,37.0180632,Day,F,L,A,MYSE
151.909,8443,6/3/2015,5/29/2015,14:56:13,7,32.9,AH0,224,36.5104437,Day,F,L,A,MYSE
151.909,8443,6/3/2015,5/30/2015,14:56:14,7,33.4,AH0,250,37.0180632,Day,F,L,A,MYSE
151.909,8443,6/3/2015,5/29/2015,14:56:15,7,32.9,AH0,224,36.5104437,Day,F,L,A,MYSE
151.909,8443,6/3/2015,5/30/2015,14:56:16,7,33.4,AH0,253,37.0180632,Day,F,L,A,MYSE
151.909,8443,6/3/2015,5/24/2015,14:56:17,7,31.6,AH0,255,34.9380768,Day,F,L,A,MYSE
151.909,8443,6/3/2015,5/24/2015,14:56:18,7,31.6,AH0,255,34.9380768,Day,F,L,A,MYSE
151.909,8443,6/3/2015,5/30/2015,14:56:18,7,33.4,AH0,252,37.0180632,Day,F,L,A,MYSE
151.909,8443,6/3/2015,5/24/2015,14:56:20,7,31.5,AH0,255,34.8011375,Day,F,L,A,MYSE
151.909,8443,6/3/2015,5/24/2015,14:56:22,7,31.5,AH0,255,34.8011375,Day,F,L,A,MYSE
151.909,8443,6/3/2015,5/29/2015,14:56:30,7,33.1,AH0,224,36.7196703,Day,F,L,A,MYSE
151.909,8443,6/3/2015,5/30/2015,14:56:30,7,33.4,AH0,252,37.0180632,Day,F,L,A,MYSE
151.909,8443,6/3/2015,5/29/2015,14:56:32,7,33.1,AH0,222,36.7196703,Day,F,L,A,MYSE
151.909,8443,6/3/2015,5/30/2015,14:56:32,7,33.4,AH0,250,37.0180632,Day,F,L,A,MYSE
151.909,8443,6/3/2015,5/29/2015,14:56:33,7,33.1,AH0,224,36.7196703,Day,F,L,A,MYSE
151.909,8443,6/3/2015,5/30/2015,14:56:34,7,33.4,AH0,252,37.0180632,Day,F,L,A,MYSE
151.909,8443,6/3/2015,5/29/2015,14:56:35,7,33.1,AH0,225,36.7196703,Day,F,L,A,MYSE
151.909,8443,6/3/2015,5/24/2015,14:56:36,7,31.3,AH0,255,34.5200901,Day,F,L,A,MYSE
151.909,8443,6/3/2015,5/30/2015,14:56:36,7,33.4,AH0,250,37.0180632,Day,F,L,A,MYSE
151.909,8443,6/3/2015,5/29/2015,14:56:37,7,33.1,AH0,224,36.7196703,Day,F,L,A,MYSE
151.909,8443,6/3/2015,5/24/2015,14:56:38,7,31.3,AH0,255,34.5200901,Day,F,L,A,MYSE
151.909,8443,6/3/2015,5/30/2015,14:56:38,7,33.4,AH0,253,37.0180632,Day,F,L,A,MYSE
151.909,8443,6/3/2015,5/24/2015,14:56:39,7,31.2,AH0,255,34.3759424,Day,F,L,A,MYSE
151.909,8443,6/3/2015,5/24/2015,14:56:41,7,31.2,AH0,255,34.3759424,Day,F,L,A,MYSE
151.909,8443,6/3/2015,5/29/2015,14:56:50,7,33.2,AH0,225,36.8211744,Day,F,L,A,MYSE
151.909,8443,6/3/2015,5/29/2015,14:56:51,7,33.2,AH0,224,36.8211744,Day,F,L,A,MYSE
151.909,8443,6/3/2015,5/30/2015,14:56:52,7,33.4,AH0,252,37.0180632,Day,F,L,A,MYSE
151.909,8443,6/3/2015,5/29/2015,14:56:53,7,33.2,AH0,224,36.8211744,Day,F,L,A,MYSE
151.909,8443,6/3/2015,5/30/2015,14:56:54,7,33.4,AH0,252,37.0180632,Day,F,L,A,MYSE
151.909,8443,6/3/2015,5/24/2015,14:56:55,7,31.2,AH0,255,34.3759424,Day,F,L,A,MYSE
151.909,8443,6/3/2015,5/29/2015,14:56:55,7,33.2,AH0,220,36.8211744,Day,F,L,A,MYSE
151.909,8443,6/3/2015,5/30/2015,14:56:56,7,33.4,AH0,252,37.0180632,Day,F,L,A,MYSE
151.909,8443,6/3/2015,5/24/2015,14:56:57,7,31.2,AH0,255,34.3759424,Day,F,L,A,MYSE
151.909,8443,6/3/2015,5/29/2015,14:56:57,7,33.2,AH0,223,36.8211744,Day,F,L,A,MYSE
151.909,8443,6/3/2015,5/30/2015,14:56:57,7,33.4,AH0,252,37.0180632,Day,F,L,A,MYSE
151.909,8443,6/3/2015,5/24/2015,14:56:59,7,31.2,AH0,255,34.3759424,Day,F,L,A,MYSE
151.909,8443,6/3/2015,5/24/2015,14:57:01,7,31.2,AH0,255,34.3759424,Day,F,L,A,MYSE
151.909,8443,6/3/2015,5/24/2015,14:57:03,7,31.2,AH0,255,34.3759424,Day,F,L,A,MYSE
151.909,8443,6/3/2015,5/28/2015,14:57:09,7,32.2,AH0,54,35.7107784,Day,F,L,A,MYSE
151.909,8443,6/3/2015,5/29/2015,14:57:09,7,33.3,AH0,225,36.9206321,Day,F,L,A,MYSE
151.909,8443,6/3/2015,5/28/2015,14:57:11,7,32.2,AH0,48,35.7107784,Day,F,L,A,MYSE
151.909,8443,6/3/2015,5/29/2015,14:57:11,7,33.3,AH0,223,36.9206321,Day,F,L,A,MYSE
151.909,8443,6/3/2015,5/30/2015,14:57:12,7,33.4,AH0,251,37.0180632,Day,F,L,A,MYSE
151.909,8443,6/3/2015,5/29/2015,14:57:13,7,33.3,AH0,224,36.9206321,Day,F,L,A,MYSE
151.909,8443,6/3/2015,5/30/2015,14:57:13,7,33.4,AH0,253,37.0180632,Day,F,L,A,MYSE
151.909,8443,6/3/2015,5/29/2015,14:57:15,7,33.3,AH0,223,36.9206321,Day,F,L,A,MYSE
151.909,8443,6/3/2015,5/30/2015,14:57:15,7,33.4,AH0,251,37.0180632,Day,F,L,A,MYSE
151.909,8443,6/3/2015,5/24/2015,14:57:16,7,31.2,AH0,255,34.3759424,Day,F,L,A,MYSE
151.909,8443,6/3/2015,5/29/2015,14:57:17,7,33.3,AH0,225,36.9206321,Day,F,L,A,MYSE
151.909,8443,6/3/2015,5/30/2015,14:57:17,7,33.4,AH0,249,37.0180632,Day,F,L,A,MYSE
151.909,8443,6/3/2015,5/24/2015,14:57:18,7,31.2,AH0,255,34.3759424,Day,F,L,A,MYSE
151.909,8443,6/3/2015,5/24/2015,14:57:20,7,31.2,AH0,255,34.3759424,Day,F,L,A,MYSE
151.909,8443,6/3/2015,5/24/2015,14:57:22,7,31.2,AH0,255,34.3759424,Day,F,L,A,MYSE
151.909,8443,6/3/2015,5/28/2015,14:57:26,7,16,AH0,46,-27.5232,Day,F,L,A,MYSE
151.909,8443,6/3/2015,5/29/2015,14:57:29,7,33.3,AH0,226,36.9206321,Day,F,L,A,MYSE
151.909,8443,6/3/2015,5/29/2015,14:57:31,7,33.3,AH0,225,36.9206321,Day,F,L,A,MYSE
151.909,8443,6/3/2015,5/30/2015,14:57:31,7,33.5,AH0,250,37.1134875,Day,F,L,A,MYSE
151.909,8443,6/3/2015,5/29/2015,14:57:33,7,33.3,AH0,225,36.9206321,Day,F,L,A,MYSE
151.909,8443,6/3/2015,5/30/2015,14:57:33,7,33.5,AH0,252,37.1134875,Day,F,L,A,MYSE
151.909,8443,6/3/2015,5/24/2015,14:57:35,7,31.2,AH0,255,34.3759424,Day,F,L,A,MYSE
151.909,8443,6/3/2015,5/29/2015,14:57:35,7,33.3,AH0,225,36.9206321,Day,F,L,A,MYSE
151.909,8443,6/3/2015,5/30/2015,14:57:35,7,33.5,AH0,253,37.1134875,Day,F,L,A,MYSE
151.909,8443,6/3/2015,5/24/2015,14:57:37,7,31.2,AH0,255,34.3759424,Day,F,L,A,MYSE
151.909,8443,6/3/2015,5/29/2015,14:57:37,7,33.3,AH0,225,36.9206321,Day,F,L,A,MYSE
151.909,8443,6/3/2015,5/30/2015,14:57:37,7,33.5,AH0,251,37.1134875,Day,F,L,A,MYSE
151.909,8443,6/3/2015,5/24/2015,14:57:39,7,31.2,AH0,255,34.3759424,Day,F,L,A,MYSE
151.909,8443,6/3/2015,5/24/2015,14:57:41,7,31.3,AH0,255,34.5200901,Day,F,L,A,MYSE
151.909,8443,6/3/2015,5/28/2015,14:57:45,7,32.2,AH0,52,35.7107784,Day,F,L,A,MYSE
151.909,8443,6/3/2015,5/28/2015,14:57:47,7,32.1,AH0,49,35.5877213,Day,F,L,A,MYSE
151.909,8443,6/3/2015,5/28/2015,14:57:49,7,32.3,AH0,52,35.8315911,Day,F,L,A,MYSE
151.909,8443,6/3/2015,5/29/2015,14:57:49,7,33.3,AH0,225,36.9206321,Day,F,L,A,MYSE
151.909,8443,6/3/2015,5/28/2015,14:57:50,7,32.3,AH0,53,35.8315911,Day,F,L,A,MYSE
151.909,8443,6/3/2015,5/29/2015,14:57:51,7,33.3,AH0,223,36.9206321,Day,F,L,A,MYSE
151.909,8443,6/3/2015,5/30/2015,14:57:51,7,33.5,AH0,252,37.1134875,Day,F,L,A,MYSE
151.909,8443,6/3/2015,5/29/2015,14:57:53,7,33.4,AH0,221,37.0180632,Day,F,L,A,MYSE
151.909,8443,6/3/2015,5/30/2015,14:57:53,7,33.5,AH0,253,37.1134875,Day,F,L,A,MYSE
151.909,8443,6/3/2015,5/29/2015,14:57:55,7,33.3,AH0,224,36.9206321,Day,F,L,A,MYSE
151.909,8443,6/3/2015,5/30/2015,14:57:55,7,33.5,AH0,251,37.1134875,Day,F,L,A,MYSE
151.909,8443,6/3/2015,5/24/2015,14:57:56,7,31.3,AH0,255,34.5200901,Day,F,L,A,MYSE
151.909,8443,6/3/2015,5/29/2015,14:57:56,7,33.4,AH0,224,37.0180632,Day,F,L,A,MYSE
151.909,8443,6/3/2015,5/30/2015,14:57:56,7,33.5,AH0,251,37.1134875,Day,F,L,A,MYSE
151.909,8443,6/3/2015,5/24/2015,14:57:58,7,31.4,AH0,255,34.6618152,Day,F,L,A,MYSE
151.909,8443,6/3/2015,5/30/2015,14:57:58,7,33.5,AH0,253,37.1134875,Day,F,L,A,MYSE
151.909,8443,6/3/2015,5/24/2015,14:58:00,7,31.4,AH0,255,34.6618152,Day,F,L,A,MYSE
151.909,8443,6/3/2015,5/24/2015,14:58:02,7,31.4,AH0,255,34.6618152,Day,F,L,A,MYSE
151.909,8443,6/3/2015,5/29/2015,14:58:09,7,33.4,AH0,225,37.0180632,Day,F,L,A,MYSE
151.909,8443,6/3/2015,5/29/2015,14:58:11,7,33.4,AH0,223,37.0180632,Day,F,L,A,MYSE
151.909,8443,6/3/2015,5/30/2015,14:58:11,7,33.5,AH0,251,37.1134875,Day,F,L,A,MYSE
151.909,8443,6/3/2015,5/29/2015,14:58:13,7,33.4,AH0,226,37.0180632,Day,F,L,A,MYSE
151.909,8443,6/3/2015,5/30/2015,14:58:13,7,33.5,AH0,251,37.1134875,Day,F,L,A,MYSE
151.909,8443,6/3/2015,5/29/2015,14:58:14,7,33.4,AH0,225,37.0180632,Day,F,L,A,MYSE
151.909,8443,6/3/2015,5/30/2015,14:58:14,7,33.5,AH0,251,37.1134875,Day,F,L,A,MYSE
151.909,8443,6/3/2015,5/24/2015,14:58:15,7,31.4,AH0,255,34.6618152,Day,F,L,A,MYSE
151.909,8443,6/3/2015,5/29/2015,14:58:16,7,33.4,AH0,226,37.0180632,Day,F,L,A,MYSE
151.909,8443,6/3/2015,5/30/2015,14:58:16,7,33.5,AH0,251,37.1134875,Day,F,L,A,MYSE
151.909,8443,6/3/2015,5/24/2015,14:58:17,7,31.4,AH0,255,34.6618152,Day,F,L,A,MYSE
151.909,8443,6/3/2015,5/30/2015,14:58:18,7,33.5,AH0,251,37.1134875,Day,F,L,A,MYSE
151.909,8443,6/3/2015,5/24/2015,14:58:19,7,31.4,AH0,255,34.6618152,Day,F,L,A,MYSE
151.909,8443,6/3/2015,5/24/2015,14:58:21,7,31.3,AH0,255,34.5200901,Day,F,L,A,MYSE
151.909,8443,6/3/2015,5/28/2015,14:58:28,7,16.1,AH0,45,-26.7805827,Day,F,L,A,MYSE
151.909,8443,6/3/2015,5/28/2015,14:58:30,7,32.3,AH0,50,35.8315911,Day,F,L,A,MYSE
151.909,8443,6/3/2015,5/30/2015,14:58:30,7,33.6,AH0,250,37.2069248,Day,F,L,A,MYSE
151.909,8443,6/3/2015,5/29/2015,14:58:31,7,33.4,AH0,223,37.0180632,Day,F,L,A,MYSE
151.909,8443,6/3/2015,5/28/2015,14:58:32,7,32.2,AH0,52,35.7107784,Day,F,L,A,MYSE
151.909,8443,6/3/2015,5/29/2015,14:58:32,7,33.4,AH0,224,37.0180632,Day,F,L,A,MYSE
151.909,8443,6/3/2015,5/30/2015,14:58:32,7,33.6,AH0,253,37.2069248,Day,F,L,A,MYSE
151.909,8443,6/3/2015,5/29/2015,14:58:34,7,33.4,AH0,224,37.0180632,Day,F,L,A,MYSE
151.909,8443,6/3/2015,5/30/2015,14:58:34,7,33.6,AH0,250,37.2069248,Day,F,L,A,MYSE
151.909,8443,6/3/2015,5/24/2015,14:58:35,7,31.2,AH0,255,34.3759424,Day,F,L,A,MYSE
151.909,8443,6/3/2015,5/29/2015,14:58:36,7,33.4,AH0,225,37.0180632,Day,F,L,A,MYSE
151.909,8443,6/3/2015,5/30/2015,14:58:36,7,33.6,AH0,251,37.2069248,Day,F,L,A,MYSE
151.909,8443,6/3/2015,5/24/2015,14:58:37,7,31.2,AH0,255,34.3759424,Day,F,L,A,MYSE
151.909,8443,6/3/2015,5/30/2015,14:58:38,7,33.6,AH0,251,37.2069248,Day,F,L,A,MYSE
151.909,8443,6/3/2015,5/24/2015,14:58:39,7,31.2,AH0,255,34.3759424,Day,F,L,A,MYSE
151.909,8443,6/3/2015,5/24/2015,14:58:40,7,31.1,AH0,255,34.2293523,Day,F,L,A,MYSE
151.909,8443,6/3/2015,5/24/2015,14:58:42,7,31.1,AH0,255,34.2293523,Day,F,L,A,MYSE
151.909,8443,6/3/2015,5/29/2015,14:58:50,7,33.4,AH0,223,37.0180632,Day,F,L,A,MYSE
151.909,8443,6/3/2015,5/29/2015,14:58:52,7,33.4,AH0,224,37.0180632,Day,F,L,A,MYSE
151.909,8443,6/3/2015,5/30/2015,14:58:52,7,33.6,AH0,250,37.2069248,Day,F,L,A,MYSE
151.909,8443,6/3/2015,5/29/2015,14:58:54,7,33.4,AH0,224,37.0180632,Day,F,L,A,MYSE
151.909,8443,6/3/2015,5/30/2015,14:58:54,7,33.6,AH0,253,37.2069248,Day,F,L,A,MYSE
151.909,8443,6/3/2015,5/30/2015,14:58:55,7,33.6,AH0,252,37.2069248,Day,F,L,A,MYSE
151.909,8443,6/3/2015,5/24/2015,14:58:56,7,31,AH0,255,34.0803,Day,F,L,A,MYSE
151.909,8443,6/3/2015,5/29/2015,14:58:56,7,33.4,AH0,225,37.0180632,Day,F,L,A,MYSE
151.909,8443,6/3/2015,5/30/2015,14:58:57,7,33.6,AH0,253,37.2069248,Day,F,L,A,MYSE
151.909,8443,6/3/2015,5/24/2015,14:58:58,7,31.1,AH0,255,34.2293523,Day,F,L,A,MYSE
151.909,8443,6/3/2015,5/24/2015,14:59:00,7,31.1,AH0,255,34.2293523,Day,F,L,A,MYSE
151.909,8443,6/3/2015,5/24/2015,14:59:02,7,31.1,AH0,255,34.2293523,Day,F,L,A,MYSE
151.909,8443,6/3/2015,5/28/2015,14:59:07,7,16.1,AH0,50,-26.7805827,Day,F,L,A,MYSE
151.909,8443,6/3/2015,5/28/2015,14:59:09,7,32.3,AH0,43,35.8315911,Day,F,L,A,MYSE
151.909,8443,6/3/2015,5/29/2015,14:59:10,7,33.4,AH0,224,37.0180632,Day,F,L,A,MYSE
151.909,8443,6/3/2015,5/29/2015,14:59:12,7,33.4,AH0,221,37.0180632,Day,F,L,A,MYSE
151.909,8443,6/3/2015,5/30/2015,14:59:12,7,33.7,AH0,251,37.2983949,Day,F,L,A,MYSE
151.909,8443,6/3/2015,5/30/2015,14:59:13,7,33.7,AH0,252,37.2983949,Day,F,L,A,MYSE
151.909,8443,6/3/2015,5/29/2015,14:59:14,7,33.4,AH0,222,37.0180632,Day,F,L,A,MYSE
151.909,8443,6/3/2015,5/24/2015,14:59:15,7,31.3,AH0,255,34.5200901,Day,F,L,A,MYSE
151.909,8443,6/3/2015,5/30/2015,14:59:15,7,33.7,AH0,252,37.2983949,Day,F,L,A,MYSE
151.909,8443,6/3/2015,5/29/2015,14:59:16,7,33.4,AH0,225,37.0180632,Day,F,L,A,MYSE
151.909,8443,6/3/2015,5/24/2015,14:59:17,7,31.3,AH0,255,34.5200901,Day,F,L,A,MYSE
151.909,8443,6/3/2015,5/30/2015,14:59:17,7,33.7,AH0,252,37.2983949,Day,F,L,A,MYSE
151.909,8443,6/3/2015,5/24/2015,14:59:19,7,31.3,AH0,255,34.5200901,Day,F,L,A,MYSE
151.909,8443,6/3/2015,5/24/2015,14:59:21,7,31.3,AH0,255,34.5200901,Day,F,L,A,MYSE
151.909,8443,6/3/2015,5/29/2015,14:59:30,7,33.4,AH0,221,37.0180632,Day,F,L,A,MYSE
151.909,8443,6/3/2015,5/30/2015,14:59:31,7,33.7,AH0,250,37.2983949,Day,F,L,A,MYSE
151.909,8443,6/3/2015,5/29/2015,14:59:32,7,33.4,AH0,222,37.0180632,Day,F,L,A,MYSE
151.909,8443,6/3/2015,5/29/2015,14:59:33,7,33.4,AH0,226,37.0180632,Day,F,L,A,MYSE
151.909,8443,6/3/2015,5/30/2015,14:59:33,7,33.7,AH0,251,37.2983949,Day,F,L,A,MYSE
151.909,8443,6/3/2015,5/29/2015,14:59:35,7,33.4,AH0,224,37.0180632,Day,F,L,A,MYSE
151.909,8443,6/3/2015,5/30/2015,14:59:35,7,33.7,AH0,252,37.2983949,Day,F,L,A,MYSE
151.909,8443,6/3/2015,5/24/2015,14:59:36,7,31.4,AH0,255,34.6618152,Day,F,L,A,MYSE
151.909,8443,6/3/2015,5/30/2015,14:59:37,7,33.7,AH0,251,37.2983949,Day,F,L,A,MYSE
151.909,8443,6/3/2015,5/24/2015,14:59:38,7,31.4,AH0,255,34.6618152,Day,F,L,A,MYSE
151.909,8443,6/3/2015,5/30/2015,14:59:38,7,33.7,AH0,251,37.2983949,Day,F,L,A,MYSE
151.909,8443,6/3/2015,5/24/2015,14:59:40,7,31.4,AH0,255,34.6618152,Day,F,L,A,MYSE
151.909,8443,6/3/2015,5/24/2015,14:59:42,7,31.4,AH0,255,34.6618152,Day,F,L,A,MYSE
151.909,8443,6/3/2015,5/28/2015,14:59:44,7,32.2,AH0,48,35.7107784,Day,F,L,A,MYSE
151.909,8443,6/3/2015,5/28/2015,14:59:48,7,16.1,AH0,47,-26.7805827,Day,F,L,A,MYSE
151.909,8443,6/3/2015,5/28/2015,14:59:50,7,32.1,AH0,40,35.5877213,Day,F,L,A,MYSE
151.909,8443,6/3/2015,5/29/2015,14:59:50,7,33.4,AH0,222,37.0180632,Day,F,L,A,MYSE
151.909,8443,6/3/2015,5/29/2015,14:59:51,7,33.4,AH0,222,37.0180632,Day,F,L,A,MYSE
151.909,8443,6/3/2015,5/30/2015,14:59:51,7,33.7,AH0,252,37.2983949,Day,F,L,A,MYSE
151.909,8443,6/3/2015,5/29/2015,14:59:53,7,33.4,AH0,225,37.0180632,Day,F,L,A,MYSE
151.909,8443,6/3/2015,5/30/2015,14:59:53,7,33.7,AH0,253,37.2983949,Day,F,L,A,MYSE
151.909,8443,6/3/2015,5/30/2015,14:59:54,7,33.7,AH0,251,37.2983949,Day,F,L,A,MYSE
151.909,8443,6/3/2015,5/24/2015,14:59:55,7,31.5,AH0,255,34.8011375,Day,F,L,A,MYSE
151.909,8443,6/3/2015,5/29/2015,14:59:55,7,33.4,AH0,225,37.0180632,Day,F,L,A,MYSE
151.909,8443,6/3/2015,5/30/2015,14:59:56,7,33.7,AH0,251,37.2983949,Day,F,L,A,MYSE
151.909,8443,6/3/2015,5/24/2015,14:59:57,7,31.5,AH0,255,34.8011375,Day,F,L,A,MYSE
151.909,8443,6/3/2015,5/29/2015,14:59:57,7,33.4,AH0,219,37.0180632,Day,F,L,A,MYSE
151.909,8443,6/3/2015,5/30/2015,14:59:58,7,33.7,AH0,253,37.2983949,Day,F,L,A,MYSE
151.909,8443,6/3/2015,5/24/2015,14:59:59,7,31.5,AH0,255,34.8011375,Day,F,L,A,MYSE
151.909,8443,6/3/2015,5/24/2015,15:00:01,7,31.5,AH0,255,34.8011375,Day,F,L,A,MYSE
151.909,8443,6/3/2015,5/28/2015,15:00:05,7,32.3,AH0,46,35.8315911,Day,F,L,A,MYSE
151.909,8443,6/3/2015,5/28/2015,15:00:07,7,32.2,AH0,46,35.7107784,Day,F,L,A,MYSE
151.909,8443,6/3/2015,5/28/2015,15:00:09,7,32.3,AH0,54,35.8315911,Day,F,L,A,MYSE
151.909,8443,6/3/2015,5/29/2015,15:00:09,7,33.4,AH0,220,37.0180632,Day,F,L,A,MYSE
151.909,8443,6/3/2015,5/30/2015,15:00:10,7,33.7,AH0,251,37.2983949,Day,F,L,A,MYSE
151.909,8443,6/3/2015,5/28/2015,15:00:11,7,32.3,AH0,53,35.8315911,Day,F,L,A,MYSE
151.909,8443,6/3/2015,5/29/2015,15:00:11,7,33.4,AH0,222,37.0180632,Day,F,L,A,MYSE
151.909,8443,6/3/2015,5/30/2015,15:00:12,7,33.7,AH0,251,37.2983949,Day,F,L,A,MYSE
151.909,8443,6/3/2015,5/29/2015,15:00:13,7,33.4,AH0,221,37.0180632,Day,F,L,A,MYSE
151.909,8443,6/3/2015,5/30/2015,15:00:14,7,33.7,AH0,250,37.2983949,Day,F,L,A,MYSE
151.909,8443,6/3/2015,5/29/2015,15:00:15,7,33.4,AH0,222,37.0180632,Day,F,L,A,MYSE
151.909,8443,6/3/2015,5/24/2015,15:00:16,7,31.4,AH0,255,34.6618152,Day,F,L,A,MYSE
151.909,8443,6/3/2015,5/30/2015,15:00:16,7,33.7,AH0,252,37.2983949,Day,F,L,A,MYSE
151.909,8443,6/3/2015,5/29/2015,15:00:17,7,33.4,AH0,223,37.0180632,Day,F,L,A,MYSE
151.909,8443,6/3/2015,5/30/2015,15:00:17,7,33.7,AH0,252,37.2983949,Day,F,L,A,MYSE
151.909,8443,6/3/2015,5/24/2015,15:00:18,7,31.4,AH0,255,34.6618152,Day,F,L,A,MYSE
151.909,8443,6/3/2015,5/24/2015,15:00:20,7,31.3,AH0,255,34.5200901,Day,F,L,A,MYSE
151.909,8443,6/3/2015,5/24/2015,15:00:22,7,31.4,AH0,255,34.6618152,Day,F,L,A,MYSE
151.909,8443,6/3/2015,5/29/2015,15:00:29,7,33.3,AH0,220,36.9206321,Day,F,L,A,MYSE
151.909,8443,6/3/2015,5/29/2015,15:00:31,7,33.3,AH0,223,36.9206321,Day,F,L,A,MYSE
151.909,8443,6/3/2015,5/30/2015,15:00:32,7,33.7,AH0,250,37.2983949,Day,F,L,A,MYSE
151.909,8443,6/3/2015,5/29/2015,15:00:33,7,33.3,AH0,220,36.9206321,Day,F,L,A,MYSE
151.909,8443,6/3/2015,5/30/2015,15:00:34,7,33.7,AH0,251,37.2983949,Day,F,L,A,MYSE
151.909,8443,6/3/2015,5/24/2015,15:00:35,7,31.3,AH0,255,34.5200901,Day,F,L,A,MYSE
151.909,8443,6/3/2015,5/29/2015,15:00:35,7,33.3,AH0,222,36.9206321,Day,F,L,A,MYSE
151.909,8443,6/3/2015,5/30/2015,15:00:35,7,33.7,AH0,253,37.2983949,Day,F,L,A,MYSE
151.909,8443,6/3/2015,5/29/2015,15:00:36,7,33.3,AH0,221,36.9206321,Day,F,L,A,MYSE
151.909,8443,6/3/2015,5/24/2015,15:00:37,7,31.3,AH0,255,34.5200901,Day,F,L,A,MYSE
151.909,8443,6/3/2015,5/30/2015,15:00:37,7,33.7,AH0,251,37.2983949,Day,F,L,A,MYSE
151.909,8443,6/3/2015,5/24/2015,15:00:39,7,31.3,AH0,255,34.5200901,Day,F,L,A,MYSE
151.909,8443,6/3/2015,5/24/2015,15:00:41,7,31.3,AH0,255,34.5200901,Day,F,L,A,MYSE
151.909,8443,6/3/2015,5/29/2015,15:00:49,7,33.3,AH0,222,36.9206321,Day,F,L,A,MYSE
151.909,8443,6/3/2015,5/29/2015,15:00:51,7,33.3,AH0,222,36.9206321,Day,F,L,A,MYSE
151.909,8443,6/3/2015,5/30/2015,15:00:51,7,33.7,AH0,250,37.2983949,Day,F,L,A,MYSE
151.909,8443,6/3/2015,5/29/2015,15:00:53,7,33.3,AH0,223,36.9206321,Day,F,L,A,MYSE
151.909,8443,6/3/2015,5/30/2015,15:00:53,7,33.7,AH0,252,37.2983949,Day,F,L,A,MYSE
151.909,8443,6/3/2015,5/29/2015,15:00:54,7,33.3,AH0,222,36.9206321,Day,F,L,A,MYSE
151.909,8443,6/3/2015,5/24/2015,15:00:55,7,31.3,AH0,255,34.5200901,Day,F,L,A,MYSE
151.909,8443,6/3/2015,5/30/2015,15:00:55,7,33.7,AH0,252,37.2983949,Day,F,L,A,MYSE
151.909,8443,6/3/2015,5/29/2015,15:00:56,7,33.3,AH0,224,36.9206321,Day,F,L,A,MYSE
151.909,8443,6/3/2015,5/24/2015,15:00:57,7,31.3,AH0,255,34.5200901,Day,F,L,A,MYSE
151.909,8443,6/3/2015,5/30/2015,15:00:57,7,33.7,AH0,251,37.2983949,Day,F,L,A,MYSE
151.909,8443,6/3/2015,5/24/2015,15:00:58,7,31.3,AH0,255,34.5200901,Day,F,L,A,MYSE
151.909,8443,6/3/2015,5/24/2015,15:01:00,7,31.3,AH0,255,34.5200901,Day,F,L,A,MYSE
151.909,8443,6/3/2015,5/24/2015,15:01:02,7,31.3,AH0,255,34.5200901,Day,F,L,A,MYSE
151.909,8443,6/3/2015,5/28/2015,15:01:05,7,31.9,AH0,15,35.3347947,Day,F,L,A,MYSE
151.909,8443,6/3/2015,5/28/2015,15:01:07,7,32.1,AH0,40,35.5877213,Day,F,L,A,MYSE
151.909,8443,6/3/2015,5/28/2015,15:01:09,7,31.9,AH0,48,35.3347947,Day,F,L,A,MYSE
151.909,8443,6/3/2015,5/29/2015,15:01:09,7,33.3,AH0,225,36.9206321,Day,F,L,A,MYSE
151.909,8443,6/3/2015,5/30/2015,15:01:10,7,33.7,AH0,252,37.2983949,Day,F,L,A,MYSE
151.909,8443,6/3/2015,5/28/2015,15:01:11,7,32,AH0,46,35.4624,Day,F,L,A,MYSE
151.909,8443,6/3/2015,5/29/2015,15:01:11,7,33.3,AH0,224,36.9206321,Day,F,L,A,MYSE
151.909,8443,6/3/2015,5/30/2015,15:01:12,7,33.7,AH0,252,37.2983949,Day,F,L,A,MYSE
151.909,8443,6/3/2015,5/29/2015,15:01:13,7,33.3,AH0,223,36.9206321,Day,F,L,A,MYSE
151.909,8443,6/3/2015,5/30/2015,15:01:13,7,33.7,AH0,251,37.2983949,Day,F,L,A,MYSE
151.909,8443,6/3/2015,5/29/2015,15:01:14,7,33.3,AH0,225,36.9206321,Day,F,L,A,MYSE
151.909,8443,6/3/2015,5/30/2015,15:01:15,7,33.7,AH0,251,37.2983949,Day,F,L,A,MYSE
151.909,8443,6/3/2015,5/24/2015,15:01:16,7,31.3,AH0,255,34.5200901,Day,F,L,A,MYSE
151.909,8443,6/3/2015,5/29/2015,15:01:16,7,33.2,AH0,224,36.8211744,Day,F,L,A,MYSE
151.909,8443,6/3/2015,5/30/2015,15:01:17,7,33.7,AH0,250,37.2983949,Day,F,L,A,MYSE
151.909,8443,6/3/2015,5/24/2015,15:01:18,7,31.3,AH0,255,34.5200901,Day,F,L,A,MYSE
151.909,8443,6/3/2015,5/24/2015,15:01:20,7,31.3,AH0,255,34.5200901,Day,F,L,A,MYSE
151.909,8443,6/3/2015,5/24/2015,15:01:21,7,31.3,AH0,255,34.5200901,Day,F,L,A,MYSE
151.909,8443,6/3/2015,5/28/2015,15:01:24,7,32.1,AH0,48,35.5877213,Day,F,L,A,MYSE
151.909,8443,6/3/2015,5/28/2015,15:01:26,7,32,AH0,48,35.4624,Day,F,L,A,MYSE
151.909,8443,6/3/2015,5/28/2015,15:01:27,7,32,AH0,49,35.4624,Day,F,L,A,MYSE
151.909,8443,6/3/2015,5/28/2015,15:01:29,7,32.1,AH0,51,35.5877213,Day,F,L,A,MYSE
151.909,8443,6/3/2015,5/29/2015,15:01:29,7,33.2,AH0,224,36.8211744,Day,F,L,A,MYSE
151.909,8443,6/3/2015,5/30/2015,15:01:30,7,33.7,AH0,251,37.2983949,Day,F,L,A,MYSE
151.909,8443,6/3/2015,5/28/2015,15:01:31,7,32.1,AH0,53,35.5877213,Day,F,L,A,MYSE
151.909,8443,6/3/2015,5/29/2015,15:01:31,7,33.2,AH0,223,36.8211744,Day,F,L,A,MYSE
151.909,8443,6/3/2015,5/30/2015,15:01:31,7,33.7,AH0,252,37.2983949,Day,F,L,A,MYSE
151.909,8443,6/3/2015,5/29/2015,15:01:32,7,33.2,AH0,224,36.8211744,Day,F,L,A,MYSE
151.909,8443,6/3/2015,5/30/2015,15:01:33,7,33.7,AH0,251,37.2983949,Day,F,L,A,MYSE
151.909,8443,6/3/2015,5/29/2015,15:01:34,7,33.2,AH0,224,36.8211744,Day,F,L,A,MYSE
151.909,8443,6/3/2015,5/24/2015,15:01:35,7,31.3,AH0,255,34.5200901,Day,F,L,A,MYSE
151.909,8443,6/3/2015,5/30/2015,15:01:35,7,33.7,AH0,251,37.2983949,Day,F,L,A,MYSE
151.909,8443,6/3/2015,5/29/2015,15:01:36,7,33.2,AH0,225,36.8211744,Day,F,L,A,MYSE
151.909,8443,6/3/2015,5/24/2015,15:01:37,7,31.3,AH0,255,34.5200901,Day,F,L,A,MYSE
151.909,8443,6/3/2015,5/30/2015,15:01:37,7,33.7,AH0,250,37.2983949,Day,F,L,A,MYSE
151.909,8443,6/3/2015,5/24/2015,15:01:39,7,31.3,AH0,255,34.5200901,Day,F,L,A,MYSE
151.909,8443,6/3/2015,5/24/2015,15:01:41,7,31.3,AH0,255,34.5200901,Day,F,L,A,MYSE
151.909,8443,6/3/2015,5/24/2015,15:01:43,7,31.3,AH0,255,34.5200901,Day,F,L,A,MYSE
151.909,8443,6/3/2015,5/29/2015,15:01:50,7,33.2,AH0,222,36.8211744,Day,F,L,A,MYSE
151.909,8443,6/3/2015,5/30/2015,15:01:51,7,33.7,AH0,253,37.2983949,Day,F,L,A,MYSE
151.909,8443,6/3/2015,5/29/2015,15:01:52,7,33.2,AH0,222,36.8211744,Day,F,L,A,MYSE
151.909,8443,6/3/2015,5/30/2015,15:01:53,7,33.7,AH0,250,37.2983949,Day,F,L,A,MYSE
151.909,8443,6/3/2015,5/29/2015,15:01:54,7,33.1,AH0,221,36.7196703,Day,F,L,A,MYSE
151.909,8443,6/3/2015,5/30/2015,15:01:54,7,33.7,AH0,251,37.2983949,Day,F,L,A,MYSE
151.909,8443,6/3/2015,5/24/2015,15:01:56,7,31.2,AH0,255,34.3759424,Day,F,L,A,MYSE
151.909,8443,6/3/2015,5/29/2015,15:01:56,7,33.1,AH0,222,36.7196703,Day,F,L,A,MYSE
151.909,8443,6/3/2015,5/30/2015,15:01:56,7,33.7,AH0,252,37.2983949,Day,F,L,A,MYSE
151.909,8443,6/3/2015,5/24/2015,15:01:58,7,31.2,AH0,255,34.3759424,Day,F,L,A,MYSE
151.909,8443,6/3/2015,5/24/2015,15:02:00,7,31.2,AH0,255,34.3759424,Day,F,L,A,MYSE
151.909,8443,6/3/2015,5/24/2015,15:02:02,7,31.2,AH0,255,34.3759424,Day,F,L,A,MYSE
151.909,8443,6/3/2015,5/29/2015,15:02:10,7,33.1,AH0,224,36.7196703,Day,F,L,A,MYSE
151.909,8443,6/3/2015,5/30/2015,15:02:10,7,33.7,AH0,253,37.2983949,Day,F,L,A,MYSE
151.909,8443,6/3/2015,5/29/2015,15:02:12,7,33.1,AH0,223,36.7196703,Day,F,L,A,MYSE
151.909,8443,6/3/2015,5/30/2015,15:02:12,7,33.7,AH0,252,37.2983949,Day,F,L,A,MYSE
151.909,8443,6/3/2015,5/29/2015,15:02:14,7,33.1,AH0,223,36.7196703,Day,F,L,A,MYSE
151.909,8443,6/3/2015,5/30/2015,15:02:14,7,33.7,AH0,251,37.2983949,Day,F,L,A,MYSE
151.909,8443,6/3/2015,5/24/2015,15:02:15,7,31.2,AH0,255,34.3759424,Day,F,L,A,MYSE
151.909,8443,6/3/2015,5/29/2015,15:02:16,7,33.1,AH0,224,36.7196703,Day,F,L,A,MYSE
151.909,8443,6/3/2015,5/30/2015,15:02:16,7,33.7,AH0,250,37.2983949,Day,F,L,A,MYSE
151.909,8443,6/3/2015,5/24/2015,15:02:17,7,31.3,AH0,255,34.5200901,Day,F,L,A,MYSE
151.909,8443,6/3/2015,5/24/2015,15:02:19,7,31.3,AH0,255,34.5200901,Day,F,L,A,MYSE
151.909,8443,6/3/2015,5/24/2015,15:02:21,7,31.3,AH0,255,34.5200901,Day,F,L,A,MYSE
151.909,8443,6/3/2015,5/28/2015,15:02:24,7,31.9,AH0,43,35.3347947,Day,F,L,A,MYSE
151.909,8443,6/3/2015,5/28/2015,15:02:26,7,31.9,AH0,47,35.3347947,Day,F,L,A,MYSE
151.909,8443,6/3/2015,5/28/2015,15:02:30,7,15.9,AH0,50,-28.2712693,Day,F,L,A,MYSE
151.909,8443,6/3/2015,5/29/2015,15:02:30,7,33.1,AH0,223,36.7196703,Day,F,L,A,MYSE
151.909,8443,6/3/2015,5/30/2015,15:02:30,7,33.7,AH0,253,37.2983949,Day,F,L,A,MYSE
151.909,8443,6/3/2015,5/28/2015,15:02:31,7,32.1,AH0,51,35.5877213,Day,F,L,A,MYSE
151.909,8443,6/3/2015,5/29/2015,15:02:32,7,33.1,AH0,224,36.7196703,Day,F,L,A,MYSE
151.909,8443,6/3/2015,5/30/2015,15:02:32,7,33.7,AH0,253,37.2983949,Day,F,L,A,MYSE
151.909,8443,6/3/2015,5/29/2015,15:02:34,7,33.1,AH0,224,36.7196703,Day,F,L,A,MYSE
151.909,8443,6/3/2015,5/30/2015,15:02:34,7,33.7,AH0,252,37.2983949,Day,F,L,A,MYSE
151.909,8443,6/3/2015,5/30/2015,15:02:35,7,33.7,AH0,251,37.2983949,Day,F,L,A,MYSE
151.909,8443,6/3/2015,5/24/2015,15:02:36,7,31.3,AH0,255,34.5200901,Day,F,L,A,MYSE
151.909,8443,6/3/2015,5/29/2015,15:02:36,7,33.1,AH0,223,36.7196703,Day,F,L,A,MYSE
151.909,8443,6/3/2015,5/30/2015,15:02:37,7,33.7,AH0,251,37.2983949,Day,F,L,A,MYSE
151.909,8443,6/3/2015,5/24/2015,15:02:38,7,31.3,AH0,255,34.5200901,Day,F,L,A,MYSE
151.909,8443,6/3/2015,5/24/2015,15:02:40,7,31.3,AH0,255,34.5200901,Day,F,L,A,MYSE
151.909,8443,6/3/2015,5/24/2015,15:02:42,7,31.3,AH0,255,34.5200901,Day,F,L,A,MYSE
151.909,8443,6/3/2015,5/29/2015,15:02:50,7,33,AH0,229,36.6161,Day,F,L,A,MYSE
151.909,8443,6/3/2015,5/30/2015,15:02:50,7,33.7,AH0,249,37.2983949,Day,F,L,A,MYSE
151.909,8443,6/3/2015,5/30/2015,15:02:51,7,33.7,AH0,250,37.2983949,Day,F,L,A,MYSE
151.909,8443,6/3/2015,5/29/2015,15:02:52,7,33,AH0,227,36.6161,Day,F,L,A,MYSE
151.909,8443,6/3/2015,5/30/2015,15:02:53,7,33.7,AH0,249,37.2983949,Day,F,L,A,MYSE
151.909,8443,6/3/2015,5/29/2015,15:02:54,7,33,AH0,225,36.6161,Day,F,L,A,MYSE
151.909,8443,6/3/2015,5/30/2015,15:02:55,7,33.7,AH0,252,37.2983949,Day,F,L,A,MYSE
151.909,8443,6/3/2015,5/24/2015,15:02:56,7,31.3,AH0,255,34.5200901,Day,F,L,A,MYSE
151.909,8443,6/3/2015,5/29/2015,15:02:56,7,33,AH0,225,36.6161,Day,F,L,A,MYSE
151.909,8443,6/3/2015,5/24/2015,15:02:57,7,31.3,AH0,255,34.5200901,Day,F,L,A,MYSE
151.909,8443,6/3/2015,5/30/2015,15:02:57,7,33.7,AH0,251,37.2983949,Day,F,L,A,MYSE
151.909,8443,6/3/2015,5/24/2015,15:02:59,7,31.3,AH0,255,34.5200901,Day,F,L,A,MYSE
151.909,8443,6/3/2015,5/24/2015,15:03:01,7,31.3,AH0,255,34.5200901,Day,F,L,A,MYSE
151.909,8443,6/3/2015,5/28/2015,15:03:05,7,32.1,AH0,44,35.5877213,Day,F,L,A,MYSE
151.909,8443,6/3/2015,5/30/2015,15:03:09,7,33.7,AH0,252,37.2983949,Day,F,L,A,MYSE
151.909,8443,6/3/2015,5/29/2015,15:03:10,7,33,AH0,227,36.6161,Day,F,L,A,MYSE
151.909,8443,6/3/2015,5/30/2015,15:03:11,7,33.7,AH0,252,37.2983949,Day,F,L,A,MYSE
151.909,8443,6/3/2015,5/29/2015,15:03:12,7,33,AH0,228,36.6161,Day,F,L,A,MYSE
151.909,8443,6/3/2015,5/30/2015,15:03:13,7,33.7,AH0,252,37.2983949,Day,F,L,A,MYSE
151.909,8443,6/3/2015,5/29/2015,15:03:14,7,33,AH0,229,36.6161,Day,F,L,A,MYSE
151.909,8443,6/3/2015,5/24/2015,15:03:15,7,31.4,AH0,255,34.6618152,Day,F,L,A,MYSE
151.909,8443,6/3/2015,5/30/2015,15:03:15,7,33.7,AH0,253,37.2983949,Day,F,L,A,MYSE
151.909,8443,6/3/2015,5/29/2015,15:03:16,7,33,AH0,228,36.6161,Day,F,L,A,MYSE
151.909,8443,6/3/2015,5/30/2015,15:03:16,7,33.7,AH0,253,37.2983949,Day,F,L,A,MYSE
151.909,8443,6/3/2015,5/24/2015,15:03:17,7,31.4,AH0,255,34.6618152,Day,F,L,A,MYSE
151.909,8443,6/3/2015,5/24/2015,15:03:18,7,31.4,AH0,255,34.6618152,Day,F,L,A,MYSE
151.909,8443,6/3/2015,5/24/2015,15:03:20,7,31.4,AH0,255,34.6618152,Day,F,L,A,MYSE
151.909,8443,6/3/2015,5/24/2015,15:03:22,7,31.4,AH0,255,34.6618152,Day,F,L,A,MYSE
151.909,8443,6/3/2015,5/29/2015,15:03:30,7,33,AH0,230,36.6161,Day,F,L,A,MYSE
151.909,8443,6/3/2015,5/30/2015,15:03:31,7,33.7,AH0,252,37.2983949,Day,F,L,A,MYSE
151.909,8443,6/3/2015,5/29/2015,15:03:32,7,33,AH0,228,36.6161,Day,F,L,A,MYSE
151.909,8443,6/3/2015,5/30/2015,15:03:32,7,33.7,AH0,254,37.2983949,Day,F,L,A,MYSE
151.909,8443,6/3/2015,5/29/2015,15:03:34,7,32.9,AH0,230,36.5104437,Day,F,L,A,MYSE
151.909,8443,6/3/2015,5/30/2015,15:03:34,7,33.7,AH0,251,37.2983949,Day,F,L,A,MYSE
151.909,8443,6/3/2015,5/24/2015,15:03:36,7,31.4,AH0,255,34.6618152,Day,F,L,A,MYSE
151.909,8443,6/3/2015,5/29/2015,15:03:36,7,32.9,AH0,229,36.5104437,Day,F,L,A,MYSE
151.909,8443,6/3/2015,5/30/2015,15:03:36,7,33.7,AH0,251,37.2983949,Day,F,L,A,MYSE
151.909,8443,6/3/2015,5/24/2015,15:03:38,7,31.4,AH0,255,34.6618152,Day,F,L,A,MYSE
151.909,8443,6/3/2015,5/24/2015,15:03:39,7,31.4,AH0,255,34.6618152,Day,F,L,A,MYSE
151.909,8443,6/3/2015,5/24/2015,15:03:41,7,31.4,AH0,255,34.6618152,Day,F,L,A,MYSE
151.909,8443,6/3/2015,5/28/2015,15:03:45,7,32,AH0,47,35.4624,Day,F,L,A,MYSE
151.909,8443,6/3/2015,5/28/2015,15:03:47,7,31.9,AH0,47,35.3347947,Day,F,L,A,MYSE
151.909,8443,6/3/2015,5/28/2015,15:03:49,7,31.9,AH0,48,35.3347947,Day,F,L,A,MYSE
151.909,8443,6/3/2015,5/28/2015,15:03:50,7,32,AH0,42,35.4624,Day,F,L,A,MYSE
151.909,8443,6/3/2015,5/29/2015,15:03:50,7,32.9,AH0,230,36.5104437,Day,F,L,A,MYSE
151.909,8443,6/3/2015,5/30/2015,15:03:50,7,33.7,AH0,251,37.2983949,Day,F,L,A,MYSE
151.909,8443,6/3/2015,5/29/2015,15:03:52,7,32.9,AH0,229,36.5104437,Day,F,L,A,MYSE
151.909,8443,6/3/2015,5/30/2015,15:03:52,7,33.7,AH0,253,37.2983949,Day,F,L,A,MYSE
151.909,8443,6/3/2015,5/29/2015,15:03:54,7,32.9,AH0,227,36.5104437,Day,F,L,A,MYSE
151.909,8443,6/3/2015,5/30/2015,15:03:54,7,33.7,AH0,253,37.2983949,Day,F,L,A,MYSE
151.909,8443,6/3/2015,5/24/2015,15:03:55,7,31.5,AH0,255,34.8011375,Day,F,L,A,MYSE
151.909,8443,6/3/2015,5/29/2015,15:03:56,7,32.9,AH0,228,36.5104437,Day,F,L,A,MYSE
151.909,8443,6/3/2015,5/30/2015,15:03:56,7,33.7,AH0,251,37.2983949,Day,F,L,A,MYSE
151.909,8443,6/3/2015,5/24/2015,15:03:57,7,31.5,AH0,255,34.8011375,Day,F,L,A,MYSE
151.909,8443,6/3/2015,5/30/2015,15:03:57,7,33.7,AH0,252,37.2983949,Day,F,L,A,MYSE
151.909,8443,6/3/2015,5/24/2015,15:03:59,7,31.5,AH0,255,34.8011375,Day,F,L,A,MYSE
151.909,8443,6/3/2015,5/24/2015,15:04:00,7,31.5,AH0,255,34.8011375,Day,F,L,A,MYSE
151.909,8443,6/3/2015,5/24/2015,15:04:02,7,31.5,AH0,255,34.8011375,Day,F,L,A,MYSE
151.909,8443,6/3/2015,5/29/2015,15:04:10,7,32.9,AH0,229,36.5104437,Day,F,L,A,MYSE
151.909,8443,6/3/2015,5/30/2015,15:04:10,7,33.7,AH0,252,37.2983949,Day,F,L,A,MYSE
151.909,8443,6/3/2015,5/28/2015,15:04:11,7,15.9,AH0,44,-28.2712693,Day,F,L,A,MYSE
151.909,8443,6/3/2015,5/29/2015,15:04:12,7,32.9,AH0,229,36.5104437,Day,F,L,A,MYSE
151.909,8443,6/3/2015,5/30/2015,15:04:12,7,33.7,AH0,250,37.2983949,Day,F,L,A,MYSE
151.909,8443,6/3/2015,5/30/2015,15:04:13,7,33.7,AH0,253,37.2983949,Day,F,L,A,MYSE
151.909,8443,6/3/2015,5/29/2015,15:04:14,7,32.9,AH0,229,36.5104437,Day,F,L,A,MYSE
151.909,8443,6/3/2015,5/30/2015,15:04:15,7,33.7,AH0,252,37.2983949,Day,F,L,A,MYSE
151.909,8443,6/3/2015,5/24/2015,15:04:16,7,31.6,AH0,255,34.9380768,Day,F,L,A,MYSE
151.909,8443,6/3/2015,5/29/2015,15:04:16,7,32.9,AH0,229,36.5104437,Day,F,L,A,MYSE
151.909,8443,6/3/2015,5/30/2015,15:04:17,7,33.7,AH0,252,37.2983949,Day,F,L,A,MYSE
151.909,8443,6/3/2015,5/24/2015,15:04:18,7,31.6,AH0,255,34.9380768,Day,F,L,A,MYSE
151.909,8443,6/3/2015,5/24/2015,15:04:19,7,31.6,AH0,255,34.9380768,Day,F,L,A,MYSE
151.909,8443,6/3/2015,5/24/2015,15:04:21,7,31.6,AH0,255,34.9380768,Day,F,L,A,MYSE
151.909,8443,6/3/2015,5/28/2015,15:04:24,7,32,AH0,46,35.4624,Day,F,L,A,MYSE
151.909,8443,6/3/2015,5/28/2015,15:04:28,7,15.9,AH0,48,-28.2712693,Day,F,L,A,MYSE
151.909,8443,6/3/2015,5/30/2015,15:04:29,7,33.7,AH0,251,37.2983949,Day,F,L,A,MYSE
151.909,8443,6/3/2015,5/28/2015,15:04:30,7,31.8,AH0,46,35.2048856,Day,F,L,A,MYSE
151.909,8443,6/3/2015,5/29/2015,15:04:30,7,32.9,AH0,228,36.5104437,Day,F,L,A,MYSE
151.909,8443,6/3/2015,5/30/2015,15:04:31,7,33.7,AH0,253,37.2983949,Day,F,L,A,MYSE
151.909,8443,6/3/2015,5/29/2015,15:04:32,7,32.9,AH0,228,36.5104437,Day,F,L,A,MYSE
151.909,8443,6/3/2015,5/30/2015,15:04:33,7,33.7,AH0,252,37.2983949,Day,F,L,A,MYSE
151.909,8443,6/3/2015,5/29/2015,15:04:34,7,32.9,AH0,228,36.5104437,Day,F,L,A,MYSE
151.909,8443,6/3/2015,5/24/2015,15:04:35,7,31.6,AH0,255,34.9380768,Day,F,L,A,MYSE
151.909,8443,6/3/2015,5/30/2015,15:04:35,7,33.7,AH0,250,37.2983949,Day,F,L,A,MYSE
151.909,8443,6/3/2015,5/29/2015,15:04:36,7,32.9,AH0,226,36.5104437,Day,F,L,A,MYSE
151.909,8443,6/3/2015,5/30/2015,15:04:36,7,33.7,AH0,252,37.2983949,Day,F,L,A,MYSE
151.909,8443,6/3/2015,5/24/2015,15:04:37,7,31.6,AH0,255,34.9380768,Day,F,L,A,MYSE
151.909,8443,6/3/2015,5/24/2015,15:04:38,7,31.6,AH0,255,34.9380768,Day,F,L,A,MYSE
151.909,8443,6/3/2015,5/24/2015,15:04:40,7,31.6,AH0,255,34.9380768,Day,F,L,A,MYSE
151.909,8443,6/3/2015,5/24/2015,15:04:42,7,31.6,AH0,255,34.9380768,Day,F,L,A,MYSE
151.909,8443,6/3/2015,5/28/2015,15:04:45,7,31.9,AH0,48,35.3347947,Day,F,L,A,MYSE
151.909,8443,6/3/2015,5/28/2015,15:04:47,7,31.8,AH0,46,35.2048856,Day,F,L,A,MYSE
151.909,8443,6/3/2015,5/28/2015,15:04:49,7,31.9,AH0,37,35.3347947,Day,F,L,A,MYSE
151.909,8443,6/3/2015,5/29/2015,15:04:49,7,32.9,AH0,228,36.5104437,Day,F,L,A,MYSE
151.909,8443,6/3/2015,5/29/2015,15:04:51,7,32.9,AH0,226,36.5104437,Day,F,L,A,MYSE
151.909,8443,6/3/2015,5/30/2015,15:04:51,7,33.7,AH0,251,37.2983949,Day,F,L,A,MYSE
151.909,8443,6/3/2015,5/29/2015,15:04:52,7,32.8,AH0,227,36.4026816,Day,F,L,A,MYSE
151.909,8443,6/3/2015,5/30/2015,15:04:52,7,33.7,AH0,253,37.2983949,Day,F,L,A,MYSE
151.909,8443,6/3/2015,5/29/2015,15:04:54,7,32.9,AH0,227,36.5104437,Day,F,L,A,MYSE
151.909,8443,6/3/2015,5/30/2015,15:04:54,7,33.7,AH0,252,37.2983949,Day,F,L,A,MYSE
151.909,8443,6/3/2015,5/24/2015,15:04:56,7,31.6,AH0,255,34.9380768,Day,F,L,A,MYSE
151.909,8443,6/3/2015,5/29/2015,15:04:56,7,32.9,AH0,229,36.5104437,Day,F,L,A,MYSE
151.909,8443,6/3/2015,5/30/2015,15:04:56,7,33.7,AH0,253,37.2983949,Day,F,L,A,MYSE
151.909,8443,6/3/2015,5/24/2015,15:04:57,7,31.6,AH0,255,34.9380768,Day,F,L,A,MYSE
151.909,8443,6/3/2015,5/24/2015,15:04:59,7,31.6,AH0,255,34.9380768,Day,F,L,A,MYSE
151.909,8443,6/3/2015,5/24/2015,15:05:01,7,31.6,AH0,255,34.9380768,Day,F,L,A,MYSE
151.909,8443,6/3/2015,5/28/2015,15:05:06,7,31.8,AH0,45,35.2048856,Day,F,L,A,MYSE
151.909,8443,6/3/2015,5/29/2015,15:05:09,7,32.8,AH0,227,36.4026816,Day,F,L,A,MYSE
151.909,8443,6/3/2015,5/30/2015,15:05:10,7,33.8,AH0,250,37.3879176,Day,F,L,A,MYSE
151.909,8443,6/3/2015,5/29/2015,15:05:11,7,32.8,AH0,228,36.4026816,Day,F,L,A,MYSE
151.909,8443,6/3/2015,5/30/2015,15:05:12,7,33.8,AH0,251,37.3879176,Day,F,L,A,MYSE
151.909,8443,6/3/2015,5/29/2015,15:05:13,7,32.8,AH0,229,36.4026816,Day,F,L,A,MYSE
151.909,8443,6/3/2015,5/24/2015,15:05:14,7,31.7,AH0,255,35.0726529,Day,F,L,A,MYSE
151.909,8443,6/3/2015,5/29/2015,15:05:14,7,32.8,AH0,227,36.4026816,Day,F,L,A,MYSE
151.909,8443,6/3/2015,5/30/2015,15:05:14,7,33.8,AH0,251,37.3879176,Day,F,L,A,MYSE
151.909,8443,6/3/2015,5/24/2015,15:05:16,7,31.6,AH0,255,34.9380768,Day,F,L,A,MYSE
151.909,8443,6/3/2015,5/29/2015,15:05:16,7,32.8,AH0,228,36.4026816,Day,F,L,A,MYSE
151.909,8443,6/3/2015,5/30/2015,15:05:16,7,33.8,AH0,252,37.3879176,Day,F,L,A,MYSE
151.909,8443,6/3/2015,5/24/2015,15:05:18,7,31.6,AH0,255,34.9380768,Day,F,L,A,MYSE
151.909,8443,6/3/2015,5/24/2015,15:05:20,7,31.6,AH0,255,34.9380768,Day,F,L,A,MYSE
151.909,8443,6/3/2015,5/24/2015,15:05:22,7,31.7,AH0,255,35.0726529,Day,F,L,A,MYSE
151.909,8443,6/3/2015,5/28/2015,15:05:27,7,15.9,AH0,41,-28.2712693,Day,F,L,A,MYSE
151.909,8443,6/3/2015,5/28/2015,15:05:28,7,32,AH0,47,35.4624,Day,F,L,A,MYSE
151.909,8443,6/3/2015,5/29/2015,15:05:29,7,32.8,AH0,227,36.4026816,Day,F,L,A,MYSE
151.909,8443,6/3/2015,5/28/2015,15:05:30,7,32,AH0,46,35.4624,Day,F,L,A,MYSE
151.909,8443,6/3/2015,5/30/2015,15:05:30,7,33.8,AH0,251,37.3879176,Day,F,L,A,MYSE
151.909,8443,6/3/2015,5/29/2015,15:05:31,7,32.8,AH0,225,36.4026816,Day,F,L,A,MYSE
151.909,8443,6/3/2015,5/30/2015,15:05:32,7,33.7,AH0,253,37.2983949,Day,F,L,A,MYSE
151.909,8443,6/3/2015,5/29/2015,15:05:33,7,32.8,AH0,229,36.4026816,Day,F,L,A,MYSE
151.909,8443,6/3/2015,5/30/2015,15:05:33,7,33.8,AH0,252,37.3879176,Day,F,L,A,MYSE
151.909,8443,6/3/2015,5/29/2015,15:05:34,7,32.8,AH0,227,36.4026816,Day,F,L,A,MYSE
151.909,8443,6/3/2015,5/24/2015,15:05:35,7,31.6,AH0,255,34.9380768,Day,F,L,A,MYSE
151.909,8443,6/3/2015,5/30/2015,15:05:35,7,33.8,AH0,253,37.3879176,Day,F,L,A,MYSE
151.909,8443,6/3/2015,5/29/2015,15:05:36,7,32.8,AH0,227,36.4026816,Day,F,L,A,MYSE
151.909,8443,6/3/2015,5/24/2015,15:05:37,7,31.6,AH0,255,34.9380768,Day,F,L,A,MYSE
151.909,8443,6/3/2015,5/30/2015,15:05:37,7,33.8,AH0,250,37.3879176,Day,F,L,A,MYSE
151.909,8443,6/3/2015,5/24/2015,15:05:39,7,31.6,AH0,255,34.9380768,Day,F,L,A,MYSE
151.909,8443,6/3/2015,5/24/2015,15:05:41,7,31.6,AH0,255,34.9380768,Day,F,L,A,MYSE
151.909,8443,6/3/2015,5/29/2015,15:05:49,7,32.8,AH0,229,36.4026816,Day,F,L,A,MYSE
151.909,8443,6/3/2015,5/30/2015,15:05:49,7,33.8,AH0,252,37.3879176,Day,F,L,A,MYSE
151.909,8443,6/3/2015,5/29/2015,15:05:51,7,32.8,AH0,230,36.4026816,Day,F,L,A,MYSE
151.909,8443,6/3/2015,5/30/2015,15:05:51,7,33.8,AH0,251,37.3879176,Day,F,L,A,MYSE
151.909,8443,6/3/2015,5/29/2015,15:05:53,7,32.8,AH0,228,36.4026816,Day,F,L,A,MYSE
151.909,8443,6/3/2015,5/30/2015,15:05:53,7,33.8,AH0,250,37.3879176,Day,F,L,A,MYSE
151.909,8443,6/3/2015,5/29/2015,15:05:55,7,32.8,AH0,228,36.4026816,Day,F,L,A,MYSE
151.909,8443,6/3/2015,5/30/2015,15:05:55,7,33.8,AH0,253,37.3879176,Day,F,L,A,MYSE
151.909,8443,6/3/2015,5/24/2015,15:05:56,7,31.6,AH0,255,34.9380768,Day,F,L,A,MYSE
151.909,8443,6/3/2015,5/29/2015,15:05:56,7,32.8,AH0,225,36.4026816,Day,F,L,A,MYSE
151.909,8443,6/3/2015,5/30/2015,15:05:56,7,33.8,AH0,253,37.3879176,Day,F,L,A,MYSE
151.909,8443,6/3/2015,5/24/2015,15:05:58,7,31.6,AH0,255,34.9380768,Day,F,L,A,MYSE
151.909,8443,6/3/2015,5/24/2015,15:06:00,7,31.6,AH0,255,34.9380768,Day,F,L,A,MYSE
151.909,8443,6/3/2015,5/24/2015,15:06:02,7,31.6,AH0,255,34.9380768,Day,F,L,A,MYSE
151.909,8443,6/3/2015,5/29/2015,15:06:09,7,32.8,AH0,229,36.4026816,Day,F,L,A,MYSE
151.909,8443,6/3/2015,5/29/2015,15:06:11,7,32.8,AH0,226,36.4026816,Day,F,L,A,MYSE
151.909,8443,6/3/2015,5/30/2015,15:06:11,7,33.8,AH0,253,37.3879176,Day,F,L,A,MYSE
151.909,8443,6/3/2015,5/30/2015,15:06:12,7,33.8,AH0,253,37.3879176,Day,F,L,A,MYSE
151.909,8443,6/3/2015,5/29/2015,15:06:13,7,32.8,AH0,228,36.4026816,Day,F,L,A,MYSE
151.909,8443,6/3/2015,5/30/2015,15:06:14,7,33.8,AH0,251,37.3879176,Day,F,L,A,MYSE
151.909,8443,6/3/2015,5/24/2015,15:06:15,7,31.6,AH0,255,34.9380768,Day,F,L,A,MYSE
151.909,8443,6/3/2015,5/29/2015,15:06:15,7,32.8,AH0,227,36.4026816,Day,F,L,A,MYSE
151.909,8443,6/3/2015,5/30/2015,15:06:16,7,33.8,AH0,252,37.3879176,Day,F,L,A,MYSE
151.909,8443,6/3/2015,5/24/2015,15:06:17,7,31.6,AH0,255,34.9380768,Day,F,L,A,MYSE
151.909,8443,6/3/2015,5/29/2015,15:06:17,7,32.8,AH0,227,36.4026816,Day,F,L,A,MYSE
151.909,8443,6/3/2015,5/24/2015,15:06:19,7,31.6,AH0,255,34.9380768,Day,F,L,A,MYSE
151.909,8443,6/3/2015,5/24/2015,15:06:21,7,31.6,AH0,255,34.9380768,Day,F,L,A,MYSE
151.909,8443,6/3/2015,5/29/2015,15:06:29,7,32.7,AH0,226,36.2927939,Day,F,L,A,MYSE
151.909,8443,6/3/2015,5/30/2015,15:06:30,7,33.8,AH0,252,37.3879176,Day,F,L,A,MYSE
151.909,8443,6/3/2015,5/29/2015,15:06:31,7,32.7,AH0,228,36.2927939,Day,F,L,A,MYSE
151.909,8443,6/3/2015,5/28/2015,15:06:32,7,10.6,AH0,13,-76.2402072,Day,F,L,A,MYSE
151.909,8443,6/3/2015,5/30/2015,15:06:32,7,33.8,AH0,251,37.3879176,Day,F,L,A,MYSE
151.909,8443,6/3/2015,5/29/2015,15:06:33,7,32.7,AH0,229,36.2927939,Day,F,L,A,MYSE
151.909,8443,6/3/2015,5/30/2015,15:06:34,7,33.8,AH0,250,37.3879176,Day,F,L,A,MYSE
151.909,8443,6/3/2015,5/29/2015,15:06:35,7,32.7,AH0,230,36.2927939,Day,F,L,A,MYSE
151.909,8443,6/3/2015,5/24/2015,15:06:36,7,31.6,AH0,255,34.9380768,Day,F,L,A,MYSE
151.909,8443,6/3/2015,5/30/2015,15:06:36,7,33.8,AH0,252,37.3879176,Day,F,L,A,MYSE
151.909,8443,6/3/2015,5/29/2015,15:06:37,7,32.7,AH0,229,36.2927939,Day,F,L,A,MYSE
151.909,8443,6/3/2015,5/24/2015,15:06:38,7,31.6,AH0,255,34.9380768,Day,F,L,A,MYSE
151.909,8443,6/3/2015,5/24/2015,15:06:40,7,31.6,AH0,255,34.9380768,Day,F,L,A,MYSE
151.909,8443,6/3/2015,5/24/2015,15:06:42,7,31.6,AH0,255,34.9380768,Day,F,L,A,MYSE
151.909,8443,6/3/2015,5/28/2015,15:06:47,7,31.8,AH0,49,35.2048856,Day,F,L,A,MYSE
151.909,8443,6/3/2015,5/29/2015,15:06:50,7,32.7,AH0,229,36.2927939,Day,F,L,A,MYSE
151.909,8443,6/3/2015,5/30/2015,15:06:50,7,33.8,AH0,253,37.3879176,Day,F,L,A,MYSE
151.909,8443,6/3/2015,5/28/2015,15:06:51,7,15.9,AH0,43,-28.2712693,Day,F,L,A,MYSE
151.909,8443,6/3/2015,5/29/2015,15:06:51,7,32.7,AH0,228,36.2927939,Day,F,L,A,MYSE
151.909,8443,6/3/2015,5/30/2015,15:06:52,7,33.8,AH0,251,37.3879176,Day,F,L,A,MYSE
151.909,8443,6/3/2015,5/29/2015,15:06:53,7,32.7,AH0,227,36.2927939,Day,F,L,A,MYSE
151.909,8443,6/3/2015,5/30/2015,15:06:53,7,33.8,AH0,251,37.3879176,Day,F,L,A,MYSE
151.909,8443,6/3/2015,5/24/2015,15:06:55,7,31.7,AH0,255,35.0726529,Day,F,L,A,MYSE
151.909,8443,6/3/2015,5/29/2015,15:06:55,7,32.7,AH0,228,36.2927939,Day,F,L,A,MYSE
151.909,8443,6/3/2015,5/30/2015,15:06:55,7,33.8,AH0,251,37.3879176,Day,F,L,A,MYSE
151.909,8443,6/3/2015,5/24/2015,15:06:57,7,31.7,AH0,255,35.0726529,Day,F,L,A,MYSE
151.909,8443,6/3/2015,5/30/2015,15:06:57,7,33.8,AH0,250,37.3879176,Day,F,L,A,MYSE
151.909,8443,6/3/2015,5/24/2015,15:06:59,7,31.7,AH0,255,35.0726529,Day,F,L,A,MYSE
151.909,8443,6/3/2015,5/24/2015,15:07:01,7,31.7,AH0,255,35.0726529,Day,F,L,A,MYSE
151.909,8443,6/3/2015,5/28/2015,15:07:06,7,31.6,AH0,51,34.9380768,Day,F,L,A,MYSE
151.909,8443,6/3/2015,5/28/2015,15:07:08,7,31.9,AH0,47,35.3347947,Day,F,L,A,MYSE
151.909,8443,6/3/2015,5/30/2015,15:07:09,7,33.8,AH0,251,37.3879176,Day,F,L,A,MYSE
151.909,8443,6/3/2015,5/28/2015,15:07:10,7,31.8,AH0,52,35.2048856,Day,F,L,A,MYSE
151.909,8443,6/3/2015,5/29/2015,15:07:10,7,32.7,AH0,228,36.2927939,Day,F,L,A,MYSE
151.909,8443,6/3/2015,5/28/2015,15:07:11,7,31.9,AH0,45,35.3347947,Day,F,L,A,MYSE
151.909,8443,6/3/2015,5/30/2015,15:07:11,7,33.8,AH0,252,37.3879176,Day,F,L,A,MYSE
151.909,8443,6/3/2015,5/29/2015,15:07:12,7,32.7,AH0,228,36.2927939,Day,F,L,A,MYSE
151.909,8443,6/3/2015,5/29/2015,15:07:13,7,32.7,AH0,227,36.2927939,Day,F,L,A,MYSE
151.909,8443,6/3/2015,5/30/2015,15:07:13,7,33.8,AH0,251,37.3879176,Day,F,L,A,MYSE
151.909,8443,6/3/2015,5/29/2015,15:07:15,7,32.7,AH0,228,36.2927939,Day,F,L,A,MYSE
151.909,8443,6/3/2015,5/30/2015,15:07:15,7,33.8,AH0,252,37.3879176,Day,F,L,A,MYSE
151.909,8443,6/3/2015,5/24/2015,15:07:16,7,31.7,AH0,255,35.0726529,Day,F,L,A,MYSE
151.909,8443,6/3/2015,5/30/2015,15:07:16,7,33.8,AH0,250,37.3879176,Day,F,L,A,MYSE
151.909,8443,6/3/2015,5/24/2015,15:07:18,7,31.7,AH0,255,35.0726529,Day,F,L,A,MYSE
151.909,8443,6/3/2015,5/24/2015,15:07:20,7,31.7,AH0,255,35.0726529,Day,F,L,A,MYSE
151.909,8443,6/3/2015,5/24/2015,15:07:22,7,31.7,AH0,255,35.0726529,Day,F,L,A,MYSE
151.909,8443,6/3/2015,5/28/2015,15:07:27,7,15.9,AH0,11,-28.2712693,Day,F,L,A,MYSE
151.909,8443,6/3/2015,5/29/2015,15:07:30,7,32.7,AH0,226,36.2927939,Day,F,L,A,MYSE
151.909,8443,6/3/2015,5/30/2015,15:07:31,7,33.8,AH0,249,37.3879176,Day,F,L,A,MYSE
151.909,8443,6/3/2015,5/29/2015,15:07:32,7,32.7,AH0,226,36.2927939,Day,F,L,A,MYSE
151.909,8443,6/3/2015,5/30/2015,15:07:32,7,33.8,AH0,250,37.3879176,Day,F,L,A,MYSE
151.909,8443,6/3/2015,5/29/2015,15:07:34,7,32.6,AH0,226,36.1807608,Day,F,L,A,MYSE
151.909,8443,6/3/2015,5/30/2015,15:07:34,7,33.8,AH0,251,37.3879176,Day,F,L,A,MYSE
151.909,8443,6/3/2015,5/24/2015,15:07:35,7,31.6,AH0,255,34.9380768,Day,F,L,A,MYSE
151.909,8443,6/3/2015,5/29/2015,15:07:36,7,32.6,AH0,225,36.1807608,Day,F,L,A,MYSE
151.909,8443,6/3/2015,5/30/2015,15:07:36,7,33.8,AH0,252,37.3879176,Day,F,L,A,MYSE
151.909,8443,6/3/2015,5/24/2015,15:07:37,7,31.6,AH0,255,34.9380768,Day,F,L,A,MYSE
151.909,8443,6/3/2015,5/24/2015,15:07:39,7,31.6,AH0,255,34.9380768,Day,F,L,A,MYSE
151.909,8443,6/3/2015,5/24/2015,15:07:41,7,31.6,AH0,255,34.9380768,Day,F,L,A,MYSE
151.909,8443,6/3/2015,5/24/2015,15:07:42,7,31.5,AH0,255,34.8011375,Day,F,L,A,MYSE
151.909,8443,6/3/2015,5/28/2015,15:07:45,7,31.8,AH0,50,35.2048856,Day,F,L,A,MYSE
151.909,8443,6/3/2015,5/28/2015,15:07:47,7,31.7,AH0,48,35.0726529,Day,F,L,A,MYSE
151.909,8443,6/3/2015,5/28/2015,15:07:49,7,31.8,AH0,44,35.2048856,Day,F,L,A,MYSE
151.909,8443,6/3/2015,5/29/2015,15:07:50,7,32.6,AH0,228,36.1807608,Day,F,L,A,MYSE
151.909,8443,6/3/2015,5/30/2015,15:07:50,7,33.8,AH0,251,37.3879176,Day,F,L,A,MYSE
151.909,8443,6/3/2015,5/28/2015,15:07:51,7,31.8,AH0,54,35.2048856,Day,F,L,A,MYSE
151.909,8443,6/3/2015,5/29/2015,15:07:52,7,32.6,AH0,226,36.1807608,Day,F,L,A,MYSE
151.909,8443,6/3/2015,5/30/2015,15:07:52,7,33.8,AH0,250,37.3879176,Day,F,L,A,MYSE
151.909,8443,6/3/2015,5/29/2015,15:07:54,7,32.6,AH0,228,36.1807608,Day,F,L,A,MYSE
151.909,8443,6/3/2015,5/30/2015,15:07:54,7,33.8,AH0,252,37.3879176,Day,F,L,A,MYSE
151.909,8443,6/3/2015,5/30/2015,15:07:55,7,33.8,AH0,251,37.3879176,Day,F,L,A,MYSE
151.909,8443,6/3/2015,5/24/2015,15:07:56,7,31.5,AH0,255,34.8011375,Day,F,L,A,MYSE
151.909,8443,6/3/2015,5/29/2015,15:07:56,7,32.6,AH0,228,36.1807608,Day,F,L,A,MYSE
151.909,8443,6/3/2015,5/30/2015,15:07:57,7,33.8,AH0,250,37.3879176,Day,F,L,A,MYSE
151.909,8443,6/3/2015,5/24/2015,15:07:58,7,31.5,AH0,255,34.8011375,Day,F,L,A,MYSE
151.909,8443,6/3/2015,5/24/2015,15:08:00,7,31.5,AH0,255,34.8011375,Day,F,L,A,MYSE
151.909,8443,6/3/2015,5/24/2015,15:08:01,7,31.5,AH0,255,34.8011375,Day,F,L,A,MYSE
151.909,8443,6/3/2015,5/29/2015,15:08:10,7,32.6,AH0,228,36.1807608,Day,F,L,A,MYSE
151.909,8443,6/3/2015,5/30/2015,15:08:10,7,33.8,AH0,252,37.3879176,Day,F,L,A,MYSE
151.909,8443,6/3/2015,5/30/2015,15:08:11,7,33.9,AH0,251,37.4755127,Day,F,L,A,MYSE
151.909,8443,6/3/2015,5/29/2015,15:08:12,7,32.6,AH0,227,36.1807608,Day,F,L,A,MYSE
151.909,8443,6/3/2015,5/30/2015,15:08:13,7,33.8,AH0,253,37.3879176,Day,F,L,A,MYSE
151.909,8443,6/3/2015,5/29/2015,15:08:14,7,32.6,AH0,228,36.1807608,Day,F,L,A,MYSE
151.909,8443,6/3/2015,5/24/2015,15:08:15,7,31.4,AH0,255,34.6618152,Day,F,L,A,MYSE
151.909,8443,6/3/2015,5/30/2015,15:08:15,7,33.8,AH0,249,37.3879176,Day,F,L,A,MYSE
151.909,8443,6/3/2015,5/29/2015,15:08:16,7,32.6,AH0,229,36.1807608,Day,F,L,A,MYSE
151.909,8443,6/3/2015,5/24/2015,15:08:17,7,31.5,AH0,255,34.8011375,Day,F,L,A,MYSE
151.909,8443,6/3/2015,5/30/2015,15:08:17,7,33.9,AH0,249,37.4755127,Day,F,L,A,MYSE
151.909,8443,6/3/2015,5/24/2015,15:08:19,7,31.4,AH0,255,34.6618152,Day,F,L,A,MYSE
151.909,8443,6/3/2015,5/24/2015,15:08:21,7,31.4,AH0,255,34.6618152,Day,F,L,A,MYSE
151.909,8443,6/3/2015,5/24/2015,15:08:22,7,31.4,AH0,255,34.6618152,Day,F,L,A,MYSE
151.909,8443,6/3/2015,5/28/2015,15:08:25,7,31.7,AH0,44,35.0726529,Day,F,L,A,MYSE
151.909,8443,6/3/2015,5/28/2015,15:08:27,7,31.8,AH0,45,35.2048856,Day,F,L,A,MYSE
151.909,8443,6/3/2015,5/28/2015,15:08:29,7,31.6,AH0,46,34.9380768,Day,F,L,A,MYSE
151.909,8443,6/3/2015,5/29/2015,15:08:29,7,32.6,AH0,227,36.1807608,Day,F,L,A,MYSE
151.909,8443,6/3/2015,5/30/2015,15:08:29,7,33.9,AH0,250,37.4755127,Day,F,L,A,MYSE
151.909,8443,6/3/2015,5/29/2015,15:08:31,7,32.6,AH0,226,36.1807608,Day,F,L,A,MYSE
151.909,8443,6/3/2015,5/30/2015,15:08:31,7,33.8,AH0,253,37.3879176,Day,F,L,A,MYSE
151.909,8443,6/3/2015,5/29/2015,15:08:33,7,32.6,AH0,227,36.1807608,Day,F,L,A,MYSE
151.909,8443,6/3/2015,5/30/2015,15:08:33,7,33.9,AH0,250,37.4755127,Day,F,L,A,MYSE
151.909,8443,6/3/2015,5/29/2015,15:08:34,7,32.6,AH0,228,36.1807608,Day,F,L,A,MYSE
151.909,8443,6/3/2015,5/30/2015,15:08:34,7,33.8,AH0,251,37.3879176,Day,F,L,A,MYSE
151.909,8443,6/3/2015,5/24/2015,15:08:36,7,31.4,AH0,255,34.6618152,Day,F,L,A,MYSE
151.909,8443,6/3/2015,5/29/2015,15:08:36,7,32.6,AH0,226,36.1807608,Day,F,L,A,MYSE
151.909,8443,6/3/2015,5/30/2015,15:08:36,7,33.9,AH0,248,37.4755127,Day,F,L,A,MYSE
151.909,8443,6/3/2015,5/24/2015,15:08:38,7,31.4,AH0,255,34.6618152,Day,F,L,A,MYSE
151.909,8443,6/3/2015,5/24/2015,15:08:40,7,31.4,AH0,255,34.6618152,Day,F,L,A,MYSE
151.909,8443,6/3/2015,5/24/2015,15:08:42,7,31.4,AH0,255,34.6618152,Day,F,L,A,MYSE
151.909,8443,6/3/2015,5/29/2015,15:08:49,7,32.6,AH0,227,36.1807608,Day,F,L,A,MYSE
151.909,8443,6/3/2015,5/30/2015,15:08:50,7,33.8,AH0,250,37.3879176,Day,F,L,A,MYSE
151.909,8443,6/3/2015,5/29/2015,15:08:51,7,32.6,AH0,225,36.1807608,Day,F,L,A,MYSE
151.909,8443,6/3/2015,5/30/2015,15:08:52,7,33.8,AH0,251,37.3879176,Day,F,L,A,MYSE
151.909,8443,6/3/2015,5/29/2015,15:08:53,7,32.6,AH0,226,36.1807608,Day,F,L,A,MYSE
151.909,8443,6/3/2015,5/30/2015,15:08:54,7,33.8,AH0,252,37.3879176,Day,F,L,A,MYSE
151.909,8443,6/3/2015,5/24/2015,15:08:55,7,31.4,AH0,255,34.6618152,Day,F,L,A,MYSE
151.909,8443,6/3/2015,5/29/2015,15:08:55,7,32.6,AH0,224,36.1807608,Day,F,L,A,MYSE
151.909,8443,6/3/2015,5/29/2015,15:08:56,7,32.6,AH0,227,36.1807608,Day,F,L,A,MYSE
151.909,8443,6/3/2015,5/30/2015,15:08:56,7,33.8,AH0,251,37.3879176,Day,F,L,A,MYSE
151.909,8443,6/3/2015,5/24/2015,15:08:57,7,31.4,AH0,255,34.6618152,Day,F,L,A,MYSE
151.909,8443,6/3/2015,5/24/2015,15:08:59,7,31.4,AH0,255,34.6618152,Day,F,L,A,MYSE
151.909,8443,6/3/2015,5/24/2015,15:09:01,7,31.4,AH0,255,34.6618152,Day,F,L,A,MYSE
151.909,8443,6/3/2015,5/29/2015,15:09:09,7,32.6,AH0,227,36.1807608,Day,F,L,A,MYSE
151.909,8443,6/3/2015,5/30/2015,15:09:10,7,33.8,AH0,251,37.3879176,Day,F,L,A,MYSE
151.909,8443,6/3/2015,5/29/2015,15:09:11,7,32.6,AH0,228,36.1807608,Day,F,L,A,MYSE
151.909,8443,6/3/2015,5/30/2015,15:09:12,7,33.8,AH0,252,37.3879176,Day,F,L,A,MYSE
151.909,8443,6/3/2015,5/29/2015,15:09:13,7,32.6,AH0,228,36.1807608,Day,F,L,A,MYSE
151.909,8443,6/3/2015,5/30/2015,15:09:14,7,33.8,AH0,252,37.3879176,Day,F,L,A,MYSE
151.909,8443,6/3/2015,5/29/2015,15:09:15,7,32.6,AH0,226,36.1807608,Day,F,L,A,MYSE
151.909,8443,6/3/2015,5/30/2015,15:09:15,7,33.8,AH0,252,37.3879176,Day,F,L,A,MYSE
151.909,8443,6/3/2015,5/24/2015,15:09:16,7,31.4,AH0,255,34.6618152,Day,F,L,A,MYSE
151.909,8443,6/3/2015,5/29/2015,15:09:17,7,32.6,AH0,226,36.1807608,Day,F,L,A,MYSE
151.909,8443,6/3/2015,5/30/2015,15:09:17,7,33.8,AH0,252,37.3879176,Day,F,L,A,MYSE
151.909,8443,6/3/2015,5/24/2015,15:09:18,7,31.4,AH0,255,34.6618152,Day,F,L,A,MYSE
151.909,8443,6/3/2015,5/24/2015,15:09:20,7,31.4,AH0,255,34.6618152,Day,F,L,A,MYSE
151.909,8443,6/3/2015,5/24/2015,15:09:22,7,31.3,AH0,255,34.5200901,Day,F,L,A,MYSE
151.909,8443,6/3/2015,5/30/2015,15:09:29,7,33.9,AH0,251,37.4755127,Day,F,L,A,MYSE
151.909,8443,6/3/2015,5/28/2015,15:09:30,7,10.6,AH0,48,-76.2402072,Day,F,L,A,MYSE
151.909,8443,6/3/2015,5/29/2015,15:09:30,7,32.6,AH0,226,36.1807608,Day,F,L,A,MYSE
151.909,8443,6/3/2015,5/29/2015,15:09:31,7,32.6,AH0,225,36.1807608,Day,F,L,A,MYSE
151.909,8443,6/3/2015,5/30/2015,15:09:31,7,33.8,AH0,253,37.3879176,Day,F,L,A,MYSE
151.909,8443,6/3/2015,5/28/2015,15:09:32,7,31.7,AH0,41,35.0726529,Day,F,L,A,MYSE
151.909,8443,6/3/2015,5/29/2015,15:09:33,7,32.6,AH0,227,36.1807608,Day,F,L,A,MYSE
151.909,8443,6/3/2015,5/30/2015,15:09:33,7,33.8,AH0,252,37.3879176,Day,F,L,A,MYSE
151.909,8443,6/3/2015,5/24/2015,15:09:35,7,31.4,AH0,255,34.6618152,Day,F,L,A,MYSE
151.909,8443,6/3/2015,5/29/2015,15:09:35,7,32.6,AH0,227,36.1807608,Day,F,L,A,MYSE
151.909,8443,6/3/2015,5/30/2015,15:09:35,7,33.8,AH0,250,37.3879176,Day,F,L,A,MYSE
151.909,8443,6/3/2015,5/24/2015,15:09:37,7,31.4,AH0,255,34.6618152,Day,F,L,A,MYSE
151.909,8443,6/3/2015,5/30/2015,15:09:37,7,33.8,AH0,252,37.3879176,Day,F,L,A,MYSE
151.909,8443,6/3/2015,5/24/2015,15:09:39,7,31.4,AH0,255,34.6618152,Day,F,L,A,MYSE
151.909,8443,6/3/2015,5/24/2015,15:09:41,7,31.4,AH0,255,34.6618152,Day,F,L,A,MYSE
151.909,8443,6/3/2015,5/28/2015,15:09:45,7,31.9,AH0,41,35.3347947,Day,F,L,A,MYSE
151.909,8443,6/3/2015,5/28/2015,15:09:47,7,31.8,AH0,48,35.2048856,Day,F,L,A,MYSE
151.909,8443,6/3/2015,5/28/2015,15:09:49,7,31.6,AH0,45,34.9380768,Day,F,L,A,MYSE
151.909,8443,6/3/2015,5/29/2015,15:09:50,7,32.6,AH0,228,36.1807608,Day,F,L,A,MYSE
151.909,8443,6/3/2015,5/28/2015,15:09:51,7,31.8,AH0,47,35.2048856,Day,F,L,A,MYSE
151.909,8443,6/3/2015,5/30/2015,15:09:51,7,33.9,AH0,251,37.4755127,Day,F,L,A,MYSE
151.909,8443,6/3/2015,5/29/2015,15:09:52,7,32.6,AH0,226,36.1807608,Day,F,L,A,MYSE
151.909,8443,6/3/2015,5/30/2015,15:09:53,7,33.9,AH0,250,37.4755127,Day,F,L,A,MYSE
151.909,8443,6/3/2015,5/29/2015,15:09:54,7,32.6,AH0,226,36.1807608,Day,F,L,A,MYSE
151.909,8443,6/3/2015,5/30/2015,15:09:54,7,33.9,AH0,252,37.4755127,Day,F,L,A,MYSE
151.909,8443,6/3/2015,5/29/2015,15:09:55,7,32.6,AH0,227,36.1807608,Day,F,L,A,MYSE
151.909,8443,6/3/2015,5/24/2015,15:09:56,7,31.3,AH0,255,34.5200901,Day,F,L,A,MYSE
151.909,8443,6/3/2015,5/30/2015,15:09:56,7,33.8,AH0,252,37.3879176,Day,F,L,A,MYSE
151.909,8443,6/3/2015,5/24/2015,15:09:58,7,31.3,AH0,255,34.5200901,Day,F,L,A,MYSE
151.909,8443,6/3/2015,5/24/2015,15:10:00,7,31.3,AH0,255,34.5200901,Day,F,L,A,MYSE
151.909,8443,6/3/2015,5/24/2015,15:10:02,7,31.3,AH0,255,34.5200901,Day,F,L,A,MYSE
151.909,8443,6/3/2015,5/29/2015,15:10:10,7,32.6,AH0,230,36.1807608,Day,F,L,A,MYSE
151.909,8443,6/3/2015,5/30/2015,15:10:10,7,33.8,AH0,252,37.3879176,Day,F,L,A,MYSE
151.909,8443,6/3/2015,5/29/2015,15:10:12,7,32.6,AH0,229,36.1807608,Day,F,L,A,MYSE
151.909,8443,6/3/2015,5/30/2015,15:10:12,7,33.8,AH0,251,37.3879176,Day,F,L,A,MYSE
151.909,8443,6/3/2015,5/29/2015,15:10:14,7,32.6,AH0,229,36.1807608,Day,F,L,A,MYSE
151.909,8443,6/3/2015,5/30/2015,15:10:14,7,33.8,AH0,251,37.3879176,Day,F,L,A,MYSE
151.909,8443,6/3/2015,5/24/2015,15:10:15,7,31.3,AH0,255,34.5200901,Day,F,L,A,MYSE
151.909,8443,6/3/2015,5/29/2015,15:10:16,7,32.6,AH0,227,36.1807608,Day,F,L,A,MYSE
151.909,8443,6/3/2015,5/30/2015,15:10:16,7,33.8,AH0,251,37.3879176,Day,F,L,A,MYSE
151.909,8443,6/3/2015,5/24/2015,15:10:17,7,31.3,AH0,255,34.5200901,Day,F,L,A,MYSE
151.909,8443,6/3/2015,5/24/2015,15:10:19,7,31.3,AH0,255,34.5200901,Day,F,L,A,MYSE
151.909,8443,6/3/2015,5/24/2015,15:10:21,7,31.3,AH0,255,34.5200901,Day,F,L,A,MYSE
151.909,8443,6/3/2015,5/29/2015,15:10:30,7,32.6,AH0,228,36.1807608,Day,F,L,A,MYSE
151.909,8443,6/3/2015,5/30/2015,15:10:30,7,33.8,AH0,251,37.3879176,Day,F,L,A,MYSE
151.909,8443,6/3/2015,5/29/2015,15:10:32,7,32.6,AH0,226,36.1807608,Day,F,L,A,MYSE
151.909,8443,6/3/2015,5/30/2015,15:10:32,7,33.8,AH0,251,37.3879176,Day,F,L,A,MYSE
151.909,8443,6/3/2015,5/30/2015,15:10:33,7,33.8,AH0,250,37.3879176,Day,F,L,A,MYSE
151.909,8443,6/3/2015,5/29/2015,15:10:34,7,32.6,AH0,227,36.1807608,Day,F,L,A,MYSE
151.909,8443,6/3/2015,5/24/2015,15:10:35,7,31.3,AH0,255,34.5200901,Day,F,L,A,MYSE
151.909,8443,6/3/2015,5/30/2015,15:10:35,7,33.8,AH0,252,37.3879176,Day,F,L,A,MYSE
151.909,8443,6/3/2015,5/24/2015,15:10:36,7,31.3,AH0,255,34.5200901,Day,F,L,A,MYSE
151.909,8443,6/3/2015,5/29/2015,15:10:36,7,32.6,AH0,226,36.1807608,Day,F,L,A,MYSE
151.909,8443,6/3/2015,5/30/2015,15:10:37,7,33.8,AH0,252,37.3879176,Day,F,L,A,MYSE
151.909,8443,6/3/2015,5/24/2015,15:10:38,7,31.3,AH0,255,34.5200901,Day,F,L,A,MYSE
151.909,8443,6/3/2015,5/24/2015,15:10:40,7,31.3,AH0,255,34.5200901,Day,F,L,A,MYSE
151.909,8443,6/3/2015,5/24/2015,15:10:42,7,31.3,AH0,255,34.5200901,Day,F,L,A,MYSE
151.909,8443,6/3/2015,5/28/2015,15:10:45,7,31.9,AH0,49,35.3347947,Day,F,L,A,MYSE
151.909,8443,6/3/2015,5/28/2015,15:10:47,7,31.9,AH0,45,35.3347947,Day,F,L,A,MYSE
151.909,8443,6/3/2015,5/28/2015,15:10:49,7,31.9,AH0,41,35.3347947,Day,F,L,A,MYSE
151.909,8443,6/3/2015,5/29/2015,15:10:49,7,32.6,AH0,230,36.1807608,Day,F,L,A,MYSE
151.909,8443,6/3/2015,5/30/2015,15:10:49,7,33.8,AH0,249,37.3879176,Day,F,L,A,MYSE
151.909,8443,6/3/2015,5/28/2015,15:10:51,7,31.7,AH0,47,35.0726529,Day,F,L,A,MYSE
151.909,8443,6/3/2015,5/29/2015,15:10:51,7,32.6,AH0,230,36.1807608,Day,F,L,A,MYSE
151.909,8443,6/3/2015,5/30/2015,15:10:51,7,33.8,AH0,249,37.3879176,Day,F,L,A,MYSE
151.909,8443,6/3/2015,5/29/2015,15:10:52,7,32.6,AH0,231,36.1807608,Day,F,L,A,MYSE
151.909,8443,6/3/2015,5/30/2015,15:10:53,7,33.8,AH0,253,37.3879176,Day,F,L,A,MYSE
151.909,8443,6/3/2015,5/29/2015,15:10:54,7,32.6,AH0,231,36.1807608,Day,F,L,A,MYSE
151.909,8443,6/3/2015,5/30/2015,15:10:55,7,33.8,AH0,251,37.3879176,Day,F,L,A,MYSE
151.909,8443,6/3/2015,5/24/2015,15:10:56,7,31.3,AH0,255,34.5200901,Day,F,L,A,MYSE
151.909,8443,6/3/2015,5/29/2015,15:10:56,7,32.6,AH0,231,36.1807608,Day,F,L,A,MYSE
151.909,8443,6/3/2015,5/30/2015,15:10:56,7,33.8,AH0,251,37.3879176,Day,F,L,A,MYSE
151.909,8443,6/3/2015,5/24/2015,15:10:58,7,31.3,AH0,255,34.5200901,Day,F,L,A,MYSE
151.909,8443,6/3/2015,5/24/2015,15:10:59,7,31.3,AH0,255,34.5200901,Day,F,L,A,MYSE
151.909,8443,6/3/2015,5/24/2015,15:11:01,7,31.3,AH0,255,34.5200901,Day,F,L,A,MYSE
151.909,8443,6/3/2015,5/29/2015,15:11:09,7,32.6,AH0,230,36.1807608,Day,F,L,A,MYSE
151.909,8443,6/3/2015,5/29/2015,15:11:11,7,32.6,AH0,232,36.1807608,Day,F,L,A,MYSE
151.909,8443,6/3/2015,5/30/2015,15:11:11,7,33.8,AH0,252,37.3879176,Day,F,L,A,MYSE
151.909,8443,6/3/2015,5/30/2015,15:11:12,7,33.8,AH0,252,37.3879176,Day,F,L,A,MYSE
151.909,8443,6/3/2015,5/29/2015,15:11:13,7,32.6,AH0,231,36.1807608,Day,F,L,A,MYSE
151.909,8443,6/3/2015,5/30/2015,15:11:14,7,33.8,AH0,251,37.3879176,Day,F,L,A,MYSE
151.909,8443,6/3/2015,5/24/2015,15:11:15,7,31.3,AH0,255,34.5200901,Day,F,L,A,MYSE
151.909,8443,6/3/2015,5/29/2015,15:11:15,7,32.6,AH0,231,36.1807608,Day,F,L,A,MYSE
151.909,8443,6/3/2015,5/29/2015,15:11:16,7,32.6,AH0,228,36.1807608,Day,F,L,A,MYSE
151.909,8443,6/3/2015,5/30/2015,15:11:16,7,33.8,AH0,251,37.3879176,Day,F,L,A,MYSE
151.909,8443,6/3/2015,5/24/2015,15:11:17,7,31.3,AH0,255,34.5200901,Day,F,L,A,MYSE
151.909,8443,6/3/2015,5/24/2015,15:11:19,7,31.3,AH0,255,34.5200901,Day,F,L,A,MYSE
151.909,8443,6/3/2015,5/24/2015,15:11:21,7,31.3,AH0,255,34.5200901,Day,F,L,A,MYSE
151.909,8443,6/3/2015,5/28/2015,15:11:25,7,31.9,AH0,43,35.3347947,Day,F,L,A,MYSE
151.909,8443,6/3/2015,5/28/2015,15:11:27,7,31.7,AH0,44,35.0726529,Day,F,L,A,MYSE
151.909,8443,6/3/2015,5/28/2015,15:11:29,7,31.8,AH0,47,35.2048856,Day,F,L,A,MYSE
151.909,8443,6/3/2015,5/29/2015,15:11:29,7,32.6,AH0,230,36.1807608,Day,F,L,A,MYSE
151.909,8443,6/3/2015,5/30/2015,15:11:30,7,33.8,AH0,251,37.3879176,Day,F,L,A,MYSE
151.909,8443,6/3/2015,5/28/2015,15:11:31,7,31.9,AH0,45,35.3347947,Day,F,L,A,MYSE
151.909,8443,6/3/2015,5/29/2015,15:11:31,7,32.6,AH0,232,36.1807608,Day,F,L,A,MYSE
151.909,8443,6/3/2015,5/30/2015,15:11:32,7,33.8,AH0,252,37.3879176,Day,F,L,A,MYSE
151.909,8443,6/3/2015,5/29/2015,15:11:33,7,32.6,AH0,229,36.1807608,Day,F,L,A,MYSE
151.909,8443,6/3/2015,5/30/2015,15:11:34,7,33.8,AH0,251,37.3879176,Day,F,L,A,MYSE
151.909,8443,6/3/2015,5/29/2015,15:11:35,7,32.6,AH0,232,36.1807608,Day,F,L,A,MYSE
151.909,8443,6/3/2015,5/30/2015,15:11:35,7,33.8,AH0,251,37.3879176,Day,F,L,A,MYSE
151.909,8443,6/3/2015,5/24/2015,15:11:36,7,31.2,AH0,255,34.3759424,Day,F,L,A,MYSE
151.909,8443,6/3/2015,5/29/2015,15:11:37,7,32.6,AH0,230,36.1807608,Day,F,L,A,MYSE
151.909,8443,6/3/2015,5/30/2015,15:11:37,7,33.8,AH0,251,37.3879176,Day,F,L,A,MYSE
151.909,8443,6/3/2015,5/24/2015,15:11:38,7,31.2,AH0,255,34.3759424,Day,F,L,A,MYSE
151.909,8443,6/3/2015,5/24/2015,15:11:40,7,31.2,AH0,255,34.3759424,Day,F,L,A,MYSE
151.909,8443,6/3/2015,5/24/2015,15:11:42,7,31.2,AH0,255,34.3759424,Day,F,L,A,MYSE
151.909,8443,6/3/2015,5/28/2015,15:11:46,7,31.8,AH0,50,35.2048856,Day,F,L,A,MYSE
151.909,8443,6/3/2015,5/28/2015,15:11:48,7,31.9,AH0,45,35.3347947,Day,F,L,A,MYSE
151.909,8443,6/3/2015,5/28/2015,15:11:50,7,31.9,AH0,48,35.3347947,Day,F,L,A,MYSE
151.909,8443,6/3/2015,5/29/2015,15:11:50,7,32.6,AH0,243,36.1807608,Day,F,L,A,MYSE
151.909,8443,6/3/2015,5/30/2015,15:11:50,7,33.8,AH0,252,37.3879176,Day,F,L,A,MYSE
151.909,8443,6/3/2015,5/29/2015,15:11:51,7,32.6,AH0,246,36.1807608,Day,F,L,A,MYSE
151.909,8443,6/3/2015,5/30/2015,15:11:51,7,33.8,AH0,251,37.3879176,Day,F,L,A,MYSE
151.909,8443,6/3/2015,5/28/2015,15:11:52,7,32,AH0,48,35.4624,Day,F,L,A,MYSE
151.909,8443,6/3/2015,5/29/2015,15:11:53,7,32.6,AH0,240,36.1807608,Day,F,L,A,MYSE
151.909,8443,6/3/2015,5/30/2015,15:11:53,7,33.8,AH0,250,37.3879176,Day,F,L,A,MYSE
151.909,8443,6/3/2015,5/29/2015,15:11:55,7,32.6,AH0,240,36.1807608,Day,F,L,A,MYSE
151.909,8443,6/3/2015,5/30/2015,15:11:55,7,33.8,AH0,249,37.3879176,Day,F,L,A,MYSE
151.909,8443,6/3/2015,5/24/2015,15:11:56,7,31.1,AH0,255,34.2293523,Day,F,L,A,MYSE
151.909,8443,6/3/2015,5/30/2015,15:11:57,7,33.8,AH0,252,37.3879176,Day,F,L,A,MYSE
151.909,8443,6/3/2015,5/24/2015,15:11:58,7,31.1,AH0,255,34.2293523,Day,F,L,A,MYSE
151.909,8443,6/3/2015,5/24/2015,15:12:00,7,31.1,AH0,255,34.2293523,Day,F,L,A,MYSE
151.909,8443,6/3/2015,5/24/2015,15:12:02,7,31.1,AH0,255,34.2293523,Day,F,L,A,MYSE
151.909,8443,6/3/2015,5/30/2015,15:12:09,7,33.8,AH0,250,37.3879176,Day,F,L,A,MYSE
151.909,8443,6/3/2015,5/29/2015,15:12:10,7,32.5,AH0,236,36.0665625,Day,F,L,A,MYSE
151.909,8443,6/3/2015,5/30/2015,15:12:11,7,33.8,AH0,251,37.3879176,Day,F,L,A,MYSE
151.909,8443,6/3/2015,5/29/2015,15:12:12,7,32.5,AH0,231,36.0665625,Day,F,L,A,MYSE
151.909,8443,6/3/2015,5/30/2015,15:12:13,7,33.8,AH0,251,37.3879176,Day,F,L,A,MYSE
151.909,8443,6/3/2015,5/29/2015,15:12:14,7,32.5,AH0,229,36.0665625,Day,F,L,A,MYSE
151.909,8443,6/3/2015,5/30/2015,15:12:14,7,33.8,AH0,251,37.3879176,Day,F,L,A,MYSE
151.909,8443,6/3/2015,5/29/2015,15:12:15,7,32.4,AH0,221,35.9501792,Day,F,L,A,MYSE
151.909,8443,6/3/2015,5/24/2015,15:12:16,7,31.1,AH0,255,34.2293523,Day,F,L,A,MYSE
151.909,8443,6/3/2015,5/30/2015,15:12:16,7,33.8,AH0,252,37.3879176,Day,F,L,A,MYSE
151.909,8443,6/3/2015,5/24/2015,15:12:17,7,31.1,AH0,255,34.2293523,Day,F,L,A,MYSE
151.909,8443,6/3/2015,5/24/2015,15:12:19,7,31.1,AH0,255,34.2293523,Day,F,L,A,MYSE
151.909,8443,6/3/2015,5/24/2015,15:12:21,7,31.1,AH0,255,34.2293523,Day,F,L,A,MYSE
151.909,8443,6/3/2015,5/24/2015,15:12:23,7,31.1,AH0,255,34.2293523,Day,F,L,A,MYSE
151.909,8443,6/3/2015,5/28/2015,15:12:27,7,32,AH0,48,35.4624,Day,F,L,A,MYSE
151.909,8443,6/3/2015,5/28/2015,15:12:29,7,31.9,AH0,49,35.3347947,Day,F,L,A,MYSE
151.909,8443,6/3/2015,5/29/2015,15:12:30,7,32.2,AH0,226,35.7107784,Day,F,L,A,MYSE
151.909,8443,6/3/2015,5/30/2015,15:12:30,7,33.8,AH0,252,37.3879176,Day,F,L,A,MYSE
151.909,8443,6/3/2015,5/29/2015,15:12:32,7,32.2,AH0,226,35.7107784,Day,F,L,A,MYSE
151.909,8443,6/3/2015,5/30/2015,15:12:32,7,33.8,AH0,252,37.3879176,Day,F,L,A,MYSE
151.909,8443,6/3/2015,5/29/2015,15:12:34,7,32.1,AH0,223,35.5877213,Day,F,L,A,MYSE
151.909,8443,6/3/2015,5/30/2015,15:12:34,7,33.9,AH0,251,37.4755127,Day,F,L,A,MYSE
151.909,8443,6/3/2015,5/29/2015,15:12:36,7,32.1,AH0,225,35.5877213,Day,F,L,A,MYSE
151.909,8443,6/3/2015,5/30/2015,15:12:36,7,33.9,AH0,251,37.4755127,Day,F,L,A,MYSE
151.909,8443,6/3/2015,5/24/2015,15:12:37,7,31.1,AH0,255,34.2293523,Day,F,L,A,MYSE
151.909,8443,6/3/2015,5/24/2015,15:12:39,7,31.1,AH0,255,34.2293523,Day,F,L,A,MYSE
151.909,8443,6/3/2015,5/24/2015,15:12:41,7,31.1,AH0,255,34.2293523,Day,F,L,A,MYSE
151.909,8443,6/3/2015,5/24/2015,15:12:43,7,31.1,AH0,255,34.2293523,Day,F,L,A,MYSE
151.909,8443,6/3/2015,5/29/2015,15:12:49,7,31.9,AH0,221,35.3347947,Day,F,L,A,MYSE
151.909,8443,6/3/2015,5/30/2015,15:12:50,7,33.9,AH0,250,37.4755127,Day,F,L,A,MYSE
151.909,8443,6/3/2015,5/29/2015,15:12:51,7,31.9,AH0,219,35.3347947,Day,F,L,A,MYSE
151.909,8443,6/3/2015,5/30/2015,15:12:52,7,33.9,AH0,252,37.4755127,Day,F,L,A,MYSE
151.909,8443,6/3/2015,5/29/2015,15:12:53,7,31.9,AH0,223,35.3347947,Day,F,L,A,MYSE
151.909,8443,6/3/2015,5/30/2015,15:12:53,7,33.9,AH0,251,37.4755127,Day,F,L,A,MYSE
151.909,8443,6/3/2015,5/29/2015,15:12:55,7,31.8,AH0,223,35.2048856,Day,F,L,A,MYSE
151.909,8443,6/3/2015,5/30/2015,15:12:55,7,33.9,AH0,251,37.4755127,Day,F,L,A,MYSE
151.909,8443,6/3/2015,5/24/2015,15:12:56,7,31.1,AH0,255,34.2293523,Day,F,L,A,MYSE
151.909,8443,6/3/2015,5/29/2015,15:12:57,7,31.8,AH0,221,35.2048856,Day,F,L,A,MYSE
151.909,8443,6/3/2015,5/30/2015,15:12:57,7,33.9,AH0,252,37.4755127,Day,F,L,A,MYSE
151.909,8443,6/3/2015,5/24/2015,15:12:58,7,31.1,AH0,255,34.2293523,Day,F,L,A,MYSE
151.909,8443,6/3/2015,5/24/2015,15:13:00,7,31.1,AH0,255,34.2293523,Day,F,L,A,MYSE
151.909,8443,6/3/2015,5/24/2015,15:13:02,7,31.1,AH0,255,34.2293523,Day,F,L,A,MYSE
151.909,8443,6/3/2015,5/28/2015,15:13:05,7,32.1,AH0,45,35.5877213,Day,F,L,A,MYSE
151.909,8443,6/3/2015,5/28/2015,15:13:07,7,31.8,AH0,45,35.2048856,Day,F,L,A,MYSE
151.909,8443,6/3/2015,5/28/2015,15:13:09,7,31.9,AH0,45,35.3347947,Day,F,L,A,MYSE
151.909,8443,6/3/2015,5/30/2015,15:13:09,7,33.9,AH0,251,37.4755127,Day,F,L,A,MYSE
151.909,8443,6/3/2015,5/29/2015,15:13:10,7,31.7,AH0,220,35.0726529,Day,F,L,A,MYSE
151.909,8443,6/3/2015,5/28/2015,15:13:11,7,32,AH0,44,35.4624,Day,F,L,A,MYSE
151.909,8443,6/3/2015,5/30/2015,15:13:11,7,33.9,AH0,250,37.4755127,Day,F,L,A,MYSE
151.909,8443,6/3/2015,5/29/2015,15:13:12,7,31.7,AH0,221,35.0726529,Day,F,L,A,MYSE
151.909,8443,6/3/2015,5/30/2015,15:13:13,7,33.8,AH0,252,37.3879176,Day,F,L,A,MYSE
151.909,8443,6/3/2015,5/29/2015,15:13:14,7,31.7,AH0,218,35.0726529,Day,F,L,A,MYSE
151.909,8443,6/3/2015,5/29/2015,15:13:15,7,31.7,AH0,219,35.0726529,Day,F,L,A,MYSE
151.909,8443,6/3/2015,5/30/2015,15:13:15,7,33.9,AH0,250,37.4755127,Day,F,L,A,MYSE
151.909,8443,6/3/2015,5/24/2015,15:13:17,7,31.2,AH0,255,34.3759424,Day,F,L,A,MYSE
151.909,8443,6/3/2015,5/30/2015,15:13:17,7,33.9,AH0,250,37.4755127,Day,F,L,A,MYSE
151.909,8443,6/3/2015,5/24/2015,15:13:19,7,31.1,AH0,255,34.2293523,Day,F,L,A,MYSE
151.909,8443,6/3/2015,5/24/2015,15:13:21,7,31.2,AH0,255,34.3759424,Day,F,L,A,MYSE
151.909,8443,6/3/2015,5/24/2015,15:13:23,7,31.2,AH0,255,34.3759424,Day,F,L,A,MYSE
151.909,8443,6/3/2015,5/29/2015,15:13:29,7,31.7,AH0,222,35.0726529,Day,F,L,A,MYSE
151.909,8443,6/3/2015,5/29/2015,15:13:31,7,31.6,AH0,221,34.9380768,Day,F,L,A,MYSE
151.909,8443,6/3/2015,5/30/2015,15:13:31,7,33.8,AH0,251,37.3879176,Day,F,L,A,MYSE
151.909,8443,6/3/2015,5/30/2015,15:13:32,7,33.8,AH0,252,37.3879176,Day,F,L,A,MYSE
151.909,8443,6/3/2015,5/29/2015,15:13:33,7,31.6,AH0,220,34.9380768,Day,F,L,A,MYSE
151.909,8443,6/3/2015,5/29/2015,15:13:34,7,31.6,AH0,219,34.9380768,Day,F,L,A,MYSE
151.909,8443,6/3/2015,5/30/2015,15:13:34,7,33.8,AH0,251,37.3879176,Day,F,L,A,MYSE
151.909,8443,6/3/2015,5/24/2015,15:13:36,7,31.2,AH0,255,34.3759424,Day,F,L,A,MYSE
151.909,8443,6/3/2015,5/29/2015,15:13:36,7,31.6,AH0,220,34.9380768,Day,F,L,A,MYSE
151.909,8443,6/3/2015,5/30/2015,15:13:36,7,33.8,AH0,251,37.3879176,Day,F,L,A,MYSE
151.909,8443,6/3/2015,5/24/2015,15:13:38,7,31.2,AH0,255,34.3759424,Day,F,L,A,MYSE
151.909,8443,6/3/2015,5/24/2015,15:13:40,7,31.2,AH0,255,34.3759424,Day,F,L,A,MYSE
151.909,8443,6/3/2015,5/24/2015,15:13:42,7,31.2,AH0,255,34.3759424,Day,F,L,A,MYSE
151.909,8443,6/3/2015,5/28/2015,15:13:48,7,32.2,AH0,50,35.7107784,Day,F,L,A,MYSE
151.909,8443,6/3/2015,5/29/2015,15:13:50,7,31.6,AH0,218,34.9380768,Day,F,L,A,MYSE
151.909,8443,6/3/2015,5/30/2015,15:13:50,7,33.8,AH0,251,37.3879176,Day,F,L,A,MYSE
151.909,8443,6/3/2015,5/29/2015,15:13:51,7,31.6,AH0,220,34.9380768,Day,F,L,A,MYSE
151.909,8443,6/3/2015,5/30/2015,15:13:52,7,33.8,AH0,252,37.3879176,Day,F,L,A,MYSE
151.909,8443,6/3/2015,5/29/2015,15:13:53,7,31.6,AH0,218,34.9380768,Day,F,L,A,MYSE
151.909,8443,6/3/2015,5/30/2015,15:13:54,7,33.8,AH0,252,37.3879176,Day,F,L,A,MYSE
151.909,8443,6/3/2015,5/29/2015,15:13:55,7,31.6,AH0,218,34.9380768,Day,F,L,A,MYSE
151.909,8443,6/3/2015,5/24/2015,15:13:56,7,31.2,AH0,255,34.3759424,Day,F,L,A,MYSE
151.909,8443,6/3/2015,5/30/2015,15:13:56,7,33.8,AH0,253,37.3879176,Day,F,L,A,MYSE
151.909,8443,6/3/2015,5/24/2015,15:13:58,7,31.2,AH0,255,34.3759424,Day,F,L,A,MYSE
151.909,8443,6/3/2015,5/24/2015,15:14:00,7,31.2,AH0,255,34.3759424,Day,F,L,A,MYSE
151.909,8443,6/3/2015,5/24/2015,15:14:02,7,31.2,AH0,255,34.3759424,Day,F,L,A,MYSE
151.909,8443,6/3/2015,5/30/2015,15:14:10,7,33.8,AH0,253,37.3879176,Day,F,L,A,MYSE
151.909,8443,6/3/2015,5/29/2015,15:14:11,7,31.5,AH0,216,34.8011375,Day,F,L,A,MYSE
151.909,8443,6/3/2015,5/30/2015,15:14:11,7,33.8,AH0,250,37.3879176,Day,F,L,A,MYSE
151.909,8443,6/3/2015,5/29/2015,15:14:12,7,31.5,AH0,216,34.8011375,Day,F,L,A,MYSE
151.909,8443,6/3/2015,5/30/2015,15:14:13,7,33.8,AH0,253,37.3879176,Day,F,L,A,MYSE
151.909,8443,6/3/2015,5/29/2015,15:14:14,7,31.5,AH0,218,34.8011375,Day,F,L,A,MYSE
151.909,8443,6/3/2015,5/30/2015,15:14:15,7,33.8,AH0,251,37.3879176,Day,F,L,A,MYSE
151.909,8443,6/3/2015,5/29/2015,15:14:16,7,31.5,AH0,218,34.8011375,Day,F,L,A,MYSE
151.909,8443,6/3/2015,5/24/2015,15:14:17,7,31.3,AH0,255,34.5200901,Day,F,L,A,MYSE
151.909,8443,6/3/2015,5/30/2015,15:14:17,7,33.8,AH0,252,37.3879176,Day,F,L,A,MYSE
151.909,8443,6/3/2015,5/24/2015,15:14:19,7,31.3,AH0,255,34.5200901,Day,F,L,A,MYSE
151.909,8443,6/3/2015,5/24/2015,15:14:21,7,31.3,AH0,255,34.5200901,Day,F,L,A,MYSE
151.909,8443,6/3/2015,5/24/2015,15:14:23,7,31.3,AH0,255,34.5200901,Day,F,L,A,MYSE
151.909,8443,6/3/2015,5/28/2015,15:14:26,7,32.1,AH0,46,35.5877213,Day,F,L,A,MYSE
151.909,8443,6/3/2015,5/30/2015,15:14:29,7,33.8,AH0,253,37.3879176,Day,F,L,A,MYSE
151.909,8443,6/3/2015,5/28/2015,15:14:30,7,16,AH0,43,-27.5232,Day,F,L,A,MYSE
151.909,8443,6/3/2015,5/29/2015,15:14:30,7,31.5,AH0,218,34.8011375,Day,F,L,A,MYSE
151.909,8443,6/3/2015,5/28/2015,15:14:31,7,32,AH0,49,35.4624,Day,F,L,A,MYSE
151.909,8443,6/3/2015,5/29/2015,15:14:31,7,31.5,AH0,216,34.8011375,Day,F,L,A,MYSE
151.909,8443,6/3/2015,5/30/2015,15:14:31,7,33.9,AH0,250,37.4755127,Day,F,L,A,MYSE
151.909,8443,6/3/2015,5/29/2015,15:14:33,7,31.5,AH0,215,34.8011375,Day,F,L,A,MYSE
151.909,8443,6/3/2015,5/30/2015,15:14:33,7,33.9,AH0,249,37.4755127,Day,F,L,A,MYSE
151.909,8443,6/3/2015,5/29/2015,15:14:35,7,31.5,AH0,216,34.8011375,Day,F,L,A,MYSE
151.909,8443,6/3/2015,5/30/2015,15:14:35,7,33.9,AH0,252,37.4755127,Day,F,L,A,MYSE
151.909,8443,6/3/2015,5/24/2015,15:14:36,7,31.3,AH0,255,34.5200901,Day,F,L,A,MYSE
151.909,8443,6/3/2015,5/30/2015,15:14:36,7,33.8,AH0,251,37.3879176,Day,F,L,A,MYSE
151.909,8443,6/3/2015,5/24/2015,15:14:38,7,31.3,AH0,255,34.5200901,Day,F,L,A,MYSE
151.909,8443,6/3/2015,5/24/2015,15:14:40,7,31.3,AH0,255,34.5200901,Day,F,L,A,MYSE
151.909,8443,6/3/2015,5/24/2015,15:14:42,7,31.3,AH0,255,34.5200901,Day,F,L,A,MYSE
151.909,8443,6/3/2015,5/29/2015,15:14:50,7,31.5,AH0,219,34.8011375,Day,F,L,A,MYSE
151.909,8443,6/3/2015,5/30/2015,15:14:50,7,33.9,AH0,253,37.4755127,Day,F,L,A,MYSE
151.909,8443,6/3/2015,5/29/2015,15:14:52,7,31.5,AH0,217,34.8011375,Day,F,L,A,MYSE
151.909,8443,6/3/2015,5/30/2015,15:14:52,7,33.9,AH0,251,37.4755127,Day,F,L,A,MYSE
151.909,8443,6/3/2015,5/29/2015,15:14:54,7,31.5,AH0,215,34.8011375,Day,F,L,A,MYSE
151.909,8443,6/3/2015,5/30/2015,15:14:54,7,33.9,AH0,251,37.4755127,Day,F,L,A,MYSE
151.909,8443,6/3/2015,5/29/2015,15:14:56,7,31.5,AH0,218,34.8011375,Day,F,L,A,MYSE
151.909,8443,6/3/2015,5/30/2015,15:14:56,7,33.9,AH0,252,37.4755127,Day,F,L,A,MYSE
151.909,8443,6/3/2015,5/24/2015,15:14:57,7,31.4,AH0,255,34.6618152,Day,F,L,A,MYSE
151.909,8443,6/3/2015,5/24/2015,15:14:59,7,31.4,AH0,255,34.6618152,Day,F,L,A,MYSE
151.909,8443,6/3/2015,5/24/2015,15:15:01,7,31.4,AH0,255,34.6618152,Day,F,L,A,MYSE
151.909,8443,6/3/2015,5/24/2015,15:15:03,7,31.4,AH0,255,34.6618152,Day,F,L,A,MYSE
151.909,8443,6/3/2015,5/28/2015,15:15:05,7,32.1,AH0,48,35.5877213,Day,F,L,A,MYSE
151.909,8443,6/3/2015,5/29/2015,15:15:10,7,31.5,AH0,216,34.8011375,Day,F,L,A,MYSE
151.909,8443,6/3/2015,5/30/2015,15:15:10,7,33.8,AH0,249,37.3879176,Day,F,L,A,MYSE
151.909,8443,6/3/2015,5/28/2015,15:15:11,7,10.7,AH0,42,-75.1748481,Day,F,L,A,MYSE
151.909,8443,6/3/2015,5/29/2015,15:15:11,7,31.5,AH0,215,34.8011375,Day,F,L,A,MYSE
151.909,8443,6/3/2015,5/30/2015,15:15:12,7,33.8,AH0,252,37.3879176,Day,F,L,A,MYSE
151.909,8443,6/3/2015,5/29/2015,15:15:13,7,31.5,AH0,216,34.8011375,Day,F,L,A,MYSE
151.909,8443,6/3/2015,5/30/2015,15:15:14,7,33.8,AH0,250,37.3879176,Day,F,L,A,MYSE
151.909,8443,6/3/2015,5/29/2015,15:15:15,7,31.5,AH0,217,34.8011375,Day,F,L,A,MYSE
151.909,8443,6/3/2015,5/30/2015,15:15:15,7,33.8,AH0,252,37.3879176,Day,F,L,A,MYSE
151.909,8443,6/3/2015,5/24/2015,15:15:16,7,31.5,AH0,255,34.8011375,Day,F,L,A,MYSE
151.909,8443,6/3/2015,5/30/2015,15:15:17,7,33.8,AH0,252,37.3879176,Day,F,L,A,MYSE
151.909,8443,6/3/2015,5/24/2015,15:15:18,7,31.5,AH0,255,34.8011375,Day,F,L,A,MYSE
151.909,8443,6/3/2015,5/24/2015,15:15:20,7,31.5,AH0,255,34.8011375,Day,F,L,A,MYSE
151.909,8443,6/3/2015,5/24/2015,15:15:22,7,31.5,AH0,255,34.8011375,Day,F,L,A,MYSE
151.909,8443,6/3/2015,5/28/2015,15:15:25,7,32.1,AH0,48,35.5877213,Day,F,L,A,MYSE
151.909,8443,6/3/2015,5/28/2015,15:15:27,7,32,AH0,44,35.4624,Day,F,L,A,MYSE
151.909,8443,6/3/2015,5/28/2015,15:15:29,7,32.2,AH0,55,35.7107784,Day,F,L,A,MYSE
151.909,8443,6/3/2015,5/29/2015,15:15:29,7,31.5,AH0,218,34.8011375,Day,F,L,A,MYSE
151.909,8443,6/3/2015,5/30/2015,15:15:30,7,33.8,AH0,250,37.3879176,Day,F,L,A,MYSE
151.909,8443,6/3/2015,5/28/2015,15:15:31,7,32.2,AH0,45,35.7107784,Day,F,L,A,MYSE
151.909,8443,6/3/2015,5/29/2015,15:15:31,7,31.5,AH0,215,34.8011375,Day,F,L,A,MYSE
151.909,8443,6/3/2015,5/30/2015,15:15:31,7,33.8,AH0,251,37.3879176,Day,F,L,A,MYSE
151.909,8443,6/3/2015,5/29/2015,15:15:32,7,31.4,AH0,219,34.6618152,Day,F,L,A,MYSE
151.909,8443,6/3/2015,5/30/2015,15:15:33,7,33.8,AH0,249,37.3879176,Day,F,L,A,MYSE
151.909,8443,6/3/2015,5/29/2015,15:15:34,7,31.5,AH0,216,34.8011375,Day,F,L,A,MYSE
151.909,8443,6/3/2015,5/30/2015,15:15:35,7,33.8,AH0,251,37.3879176,Day,F,L,A,MYSE
151.909,8443,6/3/2015,5/29/2015,15:15:36,7,31.4,AH0,218,34.6618152,Day,F,L,A,MYSE
151.909,8443,6/3/2015,5/24/2015,15:15:37,7,31.4,AH0,255,34.6618152,Day,F,L,A,MYSE
151.909,8443,6/3/2015,5/30/2015,15:15:37,7,33.8,AH0,250,37.3879176,Day,F,L,A,MYSE
151.909,8443,6/3/2015,5/24/2015,15:15:39,7,31.4,AH0,255,34.6618152,Day,F,L,A,MYSE
151.909,8443,6/3/2015,5/24/2015,15:15:41,7,31.4,AH0,255,34.6618152,Day,F,L,A,MYSE
151.909,8443,6/3/2015,5/24/2015,15:15:43,7,31.4,AH0,255,34.6618152,Day,F,L,A,MYSE
151.909,8443,6/3/2015,5/30/2015,15:15:49,7,33.8,AH0,252,37.3879176,Day,F,L,A,MYSE
151.909,8443,6/3/2015,5/29/2015,15:15:50,7,31.4,AH0,217,34.6618152,Day,F,L,A,MYSE
151.909,8443,6/3/2015,5/30/2015,15:15:51,7,33.8,AH0,251,37.3879176,Day,F,L,A,MYSE
151.909,8443,6/3/2015,5/29/2015,15:15:52,7,31.5,AH0,219,34.8011375,Day,F,L,A,MYSE
151.909,8443,6/3/2015,5/29/2015,15:15:53,7,31.4,AH0,216,34.6618152,Day,F,L,A,MYSE
151.909,8443,6/3/2015,5/30/2015,15:15:53,7,33.8,AH0,248,37.3879176,Day,F,L,A,MYSE
151.909,8443,6/3/2015,5/30/2015,15:15:54,7,33.8,AH0,252,37.3879176,Day,F,L,A,MYSE
151.909,8443,6/3/2015,5/29/2015,15:15:55,7,31.4,AH0,218,34.6618152,Day,F,L,A,MYSE
151.909,8443,6/3/2015,5/24/2015,15:15:56,7,31.3,AH0,255,34.5200901,Day,F,L,A,MYSE
151.909,8443,6/3/2015,5/30/2015,15:15:56,7,33.8,AH0,250,37.3879176,Day,F,L,A,MYSE
151.909,8443,6/3/2015,5/24/2015,15:15:58,7,31.3,AH0,255,34.5200901,Day,F,L,A,MYSE
151.909,8443,6/3/2015,5/24/2015,15:16:00,7,31.4,AH0,255,34.6618152,Day,F,L,A,MYSE
151.909,8443,6/3/2015,5/24/2015,15:16:02,7,31.4,AH0,255,34.6618152,Day,F,L,A,MYSE
151.909,8443,6/3/2015,5/28/2015,15:16:04,7,32,AH0,44,35.4624,Day,F,L,A,MYSE
151.909,8443,6/3/2015,5/28/2015,15:16:08,7,16,AH0,47,-27.5232,Day,F,L,A,MYSE
151.909,8443,6/3/2015,5/29/2015,15:16:09,7,31.4,AH0,218,34.6618152,Day,F,L,A,MYSE
151.909,8443,6/3/2015,5/28/2015,15:16:10,7,32.2,AH0,42,35.7107784,Day,F,L,A,MYSE
151.909,8443,6/3/2015,5/30/2015,15:16:10,7,33.8,AH0,252,37.3879176,Day,F,L,A,MYSE
151.909,8443,6/3/2015,5/29/2015,15:16:11,7,31.5,AH0,216,34.8011375,Day,F,L,A,MYSE
151.909,8443,6/3/2015,5/30/2015,15:16:12,7,33.8,AH0,250,37.3879176,Day,F,L,A,MYSE
151.909,8443,6/3/2015,5/29/2015,15:16:13,7,31.4,AH0,215,34.6618152,Day,F,L,A,MYSE
151.909,8443,6/3/2015,5/29/2015,15:16:14,7,31.4,AH0,217,34.6618152,Day,F,L,A,MYSE
151.909,8443,6/3/2015,5/30/2015,15:16:14,7,33.8,AH0,251,37.3879176,Day,F,L,A,MYSE
151.909,8443,6/3/2015,5/24/2015,15:16:15,7,31.4,AH0,255,34.6618152,Day,F,L,A,MYSE
151.909,8443,6/3/2015,5/29/2015,15:16:16,7,31.4,AH0,218,34.6618152,Day,F,L,A,MYSE
151.909,8443,6/3/2015,5/30/2015,15:16:16,7,33.8,AH0,249,37.3879176,Day,F,L,A,MYSE
151.909,8443,6/3/2015,5/24/2015,15:16:17,7,31.4,AH0,255,34.6618152,Day,F,L,A,MYSE
151.909,8443,6/3/2015,5/24/2015,15:16:19,7,31.4,AH0,255,34.6618152,Day,F,L,A,MYSE
151.909,8443,6/3/2015,5/24/2015,15:16:21,7,31.4,AH0,255,34.6618152,Day,F,L,A,MYSE
151.909,8443,6/3/2015,5/24/2015,15:16:23,7,31.4,AH0,255,34.6618152,Day,F,L,A,MYSE
151.909,8443,6/3/2015,5/28/2015,15:16:25,7,32.3,AH0,47,35.8315911,Day,F,L,A,MYSE
151.909,8443,6/3/2015,5/28/2015,15:16:27,7,32,AH0,47,35.4624,Day,F,L,A,MYSE
151.909,8443,6/3/2015,5/28/2015,15:16:29,7,32.2,AH0,46,35.7107784,Day,F,L,A,MYSE
151.909,8443,6/3/2015,5/28/2015,15:16:30,7,32.1,AH0,47,35.5877213,Day,F,L,A,MYSE
151.909,8443,6/3/2015,5/29/2015,15:16:30,7,31.4,AH0,214,34.6618152,Day,F,L,A,MYSE
151.909,8443,6/3/2015,5/30/2015,15:16:30,7,33.8,AH0,252,37.3879176,Day,F,L,A,MYSE
151.909,8443,6/3/2015,5/29/2015,15:16:32,7,31.4,AH0,215,34.6618152,Day,F,L,A,MYSE
151.909,8443,6/3/2015,5/30/2015,15:16:32,7,33.8,AH0,250,37.3879176,Day,F,L,A,MYSE
151.909,8443,6/3/2015,5/30/2015,15:16:33,7,33.8,AH0,252,37.3879176,Day,F,L,A,MYSE
151.909,8443,6/3/2015,5/29/2015,15:16:34,7,31.5,AH0,216,34.8011375,Day,F,L,A,MYSE
151.909,8443,6/3/2015,5/29/2015,15:16:35,7,31.5,AH0,218,34.8011375,Day,F,L,A,MYSE
151.909,8443,6/3/2015,5/30/2015,15:16:35,7,33.8,AH0,250,37.3879176,Day,F,L,A,MYSE
151.909,8443,6/3/2015,5/24/2015,15:16:37,7,31.4,AH0,255,34.6618152,Day,F,L,A,MYSE
151.909,8443,6/3/2015,5/30/2015,15:16:37,7,33.8,AH0,252,37.3879176,Day,F,L,A,MYSE
151.909,8443,6/3/2015,5/24/2015,15:16:38,7,31.4,AH0,255,34.6618152,Day,F,L,A,MYSE
151.909,8443,6/3/2015,5/24/2015,15:16:40,7,31.4,AH0,255,34.6618152,Day,F,L,A,MYSE
151.909,8443,6/3/2015,5/24/2015,15:16:42,7,31.4,AH0,255,34.6618152,Day,F,L,A,MYSE
151.909,8443,6/3/2015,5/29/2015,15:16:49,7,31.5,AH0,217,34.8011375,Day,F,L,A,MYSE
151.909,8443,6/3/2015,5/30/2015,15:16:49,7,33.8,AH0,248,37.3879176,Day,F,L,A,MYSE
151.909,8443,6/3/2015,5/29/2015,15:16:51,7,31.5,AH0,217,34.8011375,Day,F,L,A,MYSE
151.909,8443,6/3/2015,5/30/2015,15:16:51,7,33.8,AH0,250,37.3879176,Day,F,L,A,MYSE
151.909,8443,6/3/2015,5/29/2015,15:16:53,7,31.5,AH0,220,34.8011375,Day,F,L,A,MYSE
151.909,8443,6/3/2015,5/30/2015,15:16:53,7,33.8,AH0,251,37.3879176,Day,F,L,A,MYSE
151.909,8443,6/3/2015,5/29/2015,15:16:54,7,31.5,AH0,218,34.8011375,Day,F,L,A,MYSE
151.909,8443,6/3/2015,5/30/2015,15:16:55,7,33.8,AH0,248,37.3879176,Day,F,L,A,MYSE
151.909,8443,6/3/2015,5/24/2015,15:16:56,7,31.3,AH0,255,34.5200901,Day,F,L,A,MYSE
151.909,8443,6/3/2015,5/29/2015,15:16:56,7,31.5,AH0,218,34.8011375,Day,F,L,A,MYSE
151.909,8443,6/3/2015,5/30/2015,15:16:57,7,33.8,AH0,250,37.3879176,Day,F,L,A,MYSE
151.909,8443,6/3/2015,5/24/2015,15:16:58,7,31.3,AH0,255,34.5200901,Day,F,L,A,MYSE
151.909,8443,6/3/2015,5/24/2015,15:16:59,7,31.3,AH0,255,34.5200901,Day,F,L,A,MYSE
151.909,8443,6/3/2015,5/24/2015,15:17:01,7,31.3,AH0,255,34.5200901,Day,F,L,A,MYSE
151.909,8443,6/3/2015,5/24/2015,15:17:03,7,31.3,AH0,255,34.5200901,Day,F,L,A,MYSE
151.909,8443,6/3/2015,5/28/2015,15:17:04,7,32.2,AH0,42,35.7107784,Day,F,L,A,MYSE
151.909,8443,6/3/2015,5/28/2015,15:17:06,7,32,AH0,50,35.4624,Day,F,L,A,MYSE
151.909,8443,6/3/2015,5/28/2015,15:17:08,7,32.3,AH0,46,35.8315911,Day,F,L,A,MYSE
151.909,8443,6/3/2015,5/30/2015,15:17:09,7,33.8,AH0,253,37.3879176,Day,F,L,A,MYSE
151.909,8443,6/3/2015,5/29/2015,15:17:10,7,31.5,AH0,216,34.8011375,Day,F,L,A,MYSE
151.909,8443,6/3/2015,5/30/2015,15:17:11,7,33.8,AH0,252,37.3879176,Day,F,L,A,MYSE
151.909,8443,6/3/2015,5/29/2015,15:17:12,7,31.5,AH0,217,34.8011375,Day,F,L,A,MYSE
151.909,8443,6/3/2015,5/30/2015,15:17:13,7,33.8,AH0,248,37.3879176,Day,F,L,A,MYSE
151.909,8443,6/3/2015,5/29/2015,15:17:14,7,31.5,AH0,215,34.8011375,Day,F,L,A,MYSE
151.909,8443,6/3/2015,5/30/2015,15:17:14,7,33.8,AH0,251,37.3879176,Day,F,L,A,MYSE
151.909,8443,6/3/2015,5/29/2015,15:17:15,7,31.5,AH0,220,34.8011375,Day,F,L,A,MYSE
151.909,8443,6/3/2015,5/30/2015,15:17:16,7,33.8,AH0,247,37.3879176,Day,F,L,A,MYSE
151.909,8443,6/3/2015,5/24/2015,15:17:17,7,31.3,AH0,255,34.5200901,Day,F,L,A,MYSE
151.909,8443,6/3/2015,5/24/2015,15:17:19,7,31.3,AH0,255,34.5200901,Day,F,L,A,MYSE
151.909,8443,6/3/2015,5/24/2015,15:17:21,7,31.3,AH0,255,34.5200901,Day,F,L,A,MYSE
151.909,8443,6/3/2015,5/24/2015,15:17:22,7,31.3,AH0,255,34.5200901,Day,F,L,A,MYSE
151.909,8443,6/3/2015,5/29/2015,15:17:29,7,31.5,AH0,217,34.8011375,Day,F,L,A,MYSE
151.909,8443,6/3/2015,5/30/2015,15:17:30,7,33.8,AH0,252,37.3879176,Day,F,L,A,MYSE
151.909,8443,6/3/2015,5/29/2015,15:17:31,7,31.5,AH0,217,34.8011375,Day,F,L,A,MYSE
151.909,8443,6/3/2015,5/30/2015,15:17:32,7,33.8,AH0,249,37.3879176,Day,F,L,A,MYSE
151.909,8443,6/3/2015,5/29/2015,15:17:33,7,31.5,AH0,217,34.8011375,Day,F,L,A,MYSE
151.909,8443,6/3/2015,5/30/2015,15:17:34,7,33.8,AH0,249,37.3879176,Day,F,L,A,MYSE
151.909,8443,6/3/2015,5/29/2015,15:17:35,7,31.5,AH0,217,34.8011375,Day,F,L,A,MYSE
151.909,8443,6/3/2015,5/24/2015,15:17:36,7,31.3,AH0,255,34.5200901,Day,F,L,A,MYSE
151.909,8443,6/3/2015,5/29/2015,15:17:36,7,31.5,AH0,217,34.8011375,Day,F,L,A,MYSE
151.909,8443,6/3/2015,5/30/2015,15:17:36,7,33.8,AH0,252,37.3879176,Day,F,L,A,MYSE
151.909,8443,6/3/2015,5/24/2015,15:17:38,7,31.3,AH0,255,34.5200901,Day,F,L,A,MYSE
151.909,8443,6/3/2015,5/24/2015,15:17:40,7,31.3,AH0,255,34.5200901,Day,F,L,A,MYSE
151.909,8443,6/3/2015,5/24/2015,15:17:42,7,31.3,AH0,255,34.5200901,Day,F,L,A,MYSE
151.909,8443,6/3/2015,5/28/2015,15:17:47,7,16,AH0,45,-27.5232,Day,F,L,A,MYSE
151.909,8443,6/3/2015,5/28/2015,15:17:49,7,32.3,AH0,46,35.8315911,Day,F,L,A,MYSE
151.909,8443,6/3/2015,5/29/2015,15:17:50,7,31.5,AH0,216,34.8011375,Day,F,L,A,MYSE
151.909,8443,6/3/2015,5/30/2015,15:17:50,7,33.8,AH0,249,37.3879176,Day,F,L,A,MYSE
151.909,8443,6/3/2015,5/28/2015,15:17:51,7,32.1,AH0,52,35.5877213,Day,F,L,A,MYSE
151.909,8443,6/3/2015,5/29/2015,15:17:52,7,31.5,AH0,218,34.8011375,Day,F,L,A,MYSE
151.909,8443,6/3/2015,5/30/2015,15:17:52,7,33.8,AH0,250,37.3879176,Day,F,L,A,MYSE
151.909,8443,6/3/2015,5/30/2015,15:17:53,7,33.8,AH0,249,37.3879176,Day,F,L,A,MYSE
151.909,8443,6/3/2015,5/29/2015,15:17:54,7,31.5,AH0,217,34.8011375,Day,F,L,A,MYSE
151.909,8443,6/3/2015,5/29/2015,15:17:55,7,31.5,AH0,217,34.8011375,Day,F,L,A,MYSE
151.909,8443,6/3/2015,5/30/2015,15:17:55,7,33.8,AH0,249,37.3879176,Day,F,L,A,MYSE
151.909,8443,6/3/2015,5/24/2015,15:17:57,7,31.4,AH0,255,34.6618152,Day,F,L,A,MYSE
151.909,8443,6/3/2015,5/30/2015,15:17:57,7,33.8,AH0,249,37.3879176,Day,F,L,A,MYSE
151.909,8443,6/3/2015,5/24/2015,15:17:59,7,31.4,AH0,255,34.6618152,Day,F,L,A,MYSE
151.909,8443,6/3/2015,5/24/2015,15:18:01,7,31.4,AH0,255,34.6618152,Day,F,L,A,MYSE
151.909,8443,6/3/2015,5/24/2015,15:18:03,7,31.4,AH0,255,34.6618152,Day,F,L,A,MYSE
151.909,8443,6/3/2015,5/28/2015,15:18:04,7,32.1,AH0,37,35.5877213,Day,F,L,A,MYSE
151.909,8443,6/3/2015,5/28/2015,15:18:06,7,32.4,AH0,50,35.9501792,Day,F,L,A,MYSE
151.909,8443,6/3/2015,5/28/2015,15:18:08,7,32.1,AH0,52,35.5877213,Day,F,L,A,MYSE
151.909,8443,6/3/2015,5/29/2015,15:18:09,7,31.5,AH0,218,34.8011375,Day,F,L,A,MYSE
151.909,8443,6/3/2015,5/30/2015,15:18:09,7,33.8,AH0,249,37.3879176,Day,F,L,A,MYSE
151.909,8443,6/3/2015,5/28/2015,15:18:10,7,32.2,AH0,45,35.7107784,Day,F,L,A,MYSE
151.909,8443,6/3/2015,5/29/2015,15:18:11,7,31.5,AH0,219,34.8011375,Day,F,L,A,MYSE
151.909,8443,6/3/2015,5/30/2015,15:18:11,7,33.8,AH0,247,37.3879176,Day,F,L,A,MYSE
151.909,8443,6/3/2015,5/29/2015,15:18:13,7,31.5,AH0,217,34.8011375,Day,F,L,A,MYSE
151.909,8443,6/3/2015,5/30/2015,15:18:13,7,33.8,AH0,248,37.3879176,Day,F,L,A,MYSE
151.909,8443,6/3/2015,5/29/2015,15:18:15,7,31.5,AH0,218,34.8011375,Day,F,L,A,MYSE
151.909,8443,6/3/2015,5/30/2015,15:18:15,7,33.8,AH0,248,37.3879176,Day,F,L,A,MYSE
151.909,8443,6/3/2015,5/24/2015,15:18:16,7,31.4,AH0,255,34.6618152,Day,F,L,A,MYSE
151.909,8443,6/3/2015,5/29/2015,15:18:16,7,31.5,AH0,215,34.8011375,Day,F,L,A,MYSE
151.909,8443,6/3/2015,5/30/2015,15:18:16,7,33.8,AH0,246,37.3879176,Day,F,L,A,MYSE
151.909,8443,6/3/2015,5/24/2015,15:18:18,7,31.3,AH0,255,34.5200901,Day,F,L,A,MYSE
151.909,8443,6/3/2015,5/24/2015,15:18:20,7,31.4,AH0,255,34.6618152,Day,F,L,A,MYSE
151.909,8443,6/3/2015,5/24/2015,15:18:22,7,31.4,AH0,255,34.6618152,Day,F,L,A,MYSE
151.909,8443,6/3/2015,5/29/2015,15:18:30,7,31.5,AH0,218,34.8011375,Day,F,L,A,MYSE
151.909,8443,6/3/2015,5/30/2015,15:18:31,7,33.8,AH0,248,37.3879176,Day,F,L,A,MYSE
151.909,8443,6/3/2015,5/29/2015,15:18:32,7,31.5,AH0,220,34.8011375,Day,F,L,A,MYSE
151.909,8443,6/3/2015,5/30/2015,15:18:32,7,33.8,AH0,248,37.3879176,Day,F,L,A,MYSE
151.909,8443,6/3/2015,5/29/2015,15:18:34,7,31.5,AH0,219,34.8011375,Day,F,L,A,MYSE
151.909,8443,6/3/2015,5/30/2015,15:18:34,7,33.8,AH0,248,37.3879176,Day,F,L,A,MYSE
151.909,8443,6/3/2015,5/29/2015,15:18:35,7,31.5,AH0,218,34.8011375,Day,F,L,A,MYSE
151.909,8443,6/3/2015,5/30/2015,15:18:36,7,33.8,AH0,247,37.3879176,Day,F,L,A,MYSE
151.909,8443,6/3/2015,5/24/2015,15:18:37,7,31.4,AH0,255,34.6618152,Day,F,L,A,MYSE
151.909,8443,6/3/2015,5/24/2015,15:18:39,7,31.4,AH0,255,34.6618152,Day,F,L,A,MYSE
151.909,8443,6/3/2015,5/24/2015,15:18:41,7,31.4,AH0,255,34.6618152,Day,F,L,A,MYSE
151.909,8443,6/3/2015,5/24/2015,15:18:43,7,31.4,AH0,255,34.6618152,Day,F,L,A,MYSE
151.909,8443,6/3/2015,5/28/2015,15:18:45,7,32.3,AH0,47,35.8315911,Day,F,L,A,MYSE
151.909,8443,6/3/2015,5/28/2015,15:18:47,7,32.2,AH0,52,35.7107784,Day,F,L,A,MYSE
151.909,8443,6/3/2015,5/28/2015,15:18:49,7,32.3,AH0,51,35.8315911,Day,F,L,A,MYSE
151.909,8443,6/3/2015,5/29/2015,15:18:49,7,31.5,AH0,219,34.8011375,Day,F,L,A,MYSE
151.909,8443,6/3/2015,5/30/2015,15:18:50,7,33.8,AH0,249,37.3879176,Day,F,L,A,MYSE
151.909,8443,6/3/2015,5/28/2015,15:18:51,7,32.2,AH0,52,35.7107784,Day,F,L,A,MYSE
151.909,8443,6/3/2015,5/29/2015,15:18:51,7,31.5,AH0,219,34.8011375,Day,F,L,A,MYSE
151.909,8443,6/3/2015,5/30/2015,15:18:52,7,33.8,AH0,248,37.3879176,Day,F,L,A,MYSE
151.909,8443,6/3/2015,5/29/2015,15:18:53,7,31.5,AH0,220,34.8011375,Day,F,L,A,MYSE
151.909,8443,6/3/2015,5/29/2015,15:18:54,7,31.6,AH0,219,34.9380768,Day,F,L,A,MYSE
151.909,8443,6/3/2015,5/30/2015,15:18:54,7,33.8,AH0,245,37.3879176,Day,F,L,A,MYSE
151.909,8443,6/3/2015,5/24/2015,15:18:56,7,31.4,AH0,255,34.6618152,Day,F,L,A,MYSE
151.909,8443,6/3/2015,5/29/2015,15:18:56,7,31.6,AH0,218,34.9380768,Day,F,L,A,MYSE
151.909,8443,6/3/2015,5/30/2015,15:18:56,7,33.8,AH0,248,37.3879176,Day,F,L,A,MYSE
151.909,8443,6/3/2015,5/24/2015,15:18:58,7,31.5,AH0,255,34.8011375,Day,F,L,A,MYSE
151.909,8443,6/3/2015,5/24/2015,15:19:00,7,31.4,AH0,255,34.6618152,Day,F,L,A,MYSE
151.909,8443,6/3/2015,5/24/2015,15:19:02,7,31.5,AH0,255,34.8011375,Day,F,L,A,MYSE
151.909,8443,6/3/2015,5/29/2015,15:19:10,7,31.6,AH0,218,34.9380768,Day,F,L,A,MYSE
151.909,8443,6/3/2015,5/30/2015,15:19:10,7,33.8,AH0,250,37.3879176,Day,F,L,A,MYSE
151.909,8443,6/3/2015,5/30/2015,15:19:11,7,33.8,AH0,250,37.3879176,Day,F,L,A,MYSE
151.909,8443,6/3/2015,5/29/2015,15:19:12,7,31.6,AH0,219,34.9380768,Day,F,L,A,MYSE
151.909,8443,6/3/2015,5/30/2015,15:19:13,7,33.8,AH0,249,37.3879176,Day,F,L,A,MYSE
151.909,8443,6/3/2015,5/29/2015,15:19:14,7,31.6,AH0,220,34.9380768,Day,F,L,A,MYSE
151.909,8443,6/3/2015,5/24/2015,15:19:15,7,31.8,AH0,255,35.2048856,Day,F,L,A,MYSE
151.909,8443,6/3/2015,5/29/2015,15:19:15,7,31.6,AH0,220,34.9380768,Day,F,L,A,MYSE
151.909,8443,6/3/2015,5/30/2015,15:19:15,7,33.8,AH0,250,37.3879176,Day,F,L,A,MYSE
151.909,8443,6/3/2015,5/24/2015,15:19:17,7,31.5,AH0,255,34.8011375,Day,F,L,A,MYSE
151.909,8443,6/3/2015,5/30/2015,15:19:17,7,33.8,AH0,250,37.3879176,Day,F,L,A,MYSE
151.909,8443,6/3/2015,5/24/2015,15:19:19,7,31.5,AH0,255,34.8011375,Day,F,L,A,MYSE
151.909,8443,6/3/2015,5/24/2015,15:19:21,7,31.5,AH0,255,34.8011375,Day,F,L,A,MYSE
151.909,8443,6/3/2015,5/24/2015,15:19:23,7,31.5,AH0,255,34.8011375,Day,F,L,A,MYSE
151.909,8443,6/3/2015,5/29/2015,15:19:29,7,31.6,AH0,218,34.9380768,Day,F,L,A,MYSE
151.909,8443,6/3/2015,5/30/2015,15:19:29,7,33.8,AH0,248,37.3879176,Day,F,L,A,MYSE
151.909,8443,6/3/2015,5/29/2015,15:19:31,7,31.6,AH0,221,34.9380768,Day,F,L,A,MYSE
151.909,8443,6/3/2015,5/30/2015,15:19:31,7,33.8,AH0,249,37.3879176,Day,F,L,A,MYSE
151.909,8443,6/3/2015,5/29/2015,15:19:32,7,31.6,AH0,217,34.9380768,Day,F,L,A,MYSE
151.909,8443,6/3/2015,5/30/2015,15:19:33,7,33.8,AH0,249,37.3879176,Day,F,L,A,MYSE
151.909,8443,6/3/2015,5/29/2015,15:19:34,7,31.6,AH0,220,34.9380768,Day,F,L,A,MYSE
151.909,8443,6/3/2015,5/30/2015,15:19:35,7,33.8,AH0,249,37.3879176,Day,F,L,A,MYSE
151.909,8443,6/3/2015,5/24/2015,15:19:36,7,31.5,AH0,255,34.8011375,Day,F,L,A,MYSE
151.909,8443,6/3/2015,5/29/2015,15:19:36,7,31.6,AH0,217,34.9380768,Day,F,L,A,MYSE
151.909,8443,6/3/2015,5/30/2015,15:19:36,7,33.8,AH0,246,37.3879176,Day,F,L,A,MYSE
151.909,8443,6/3/2015,5/24/2015,15:19:38,7,31.5,AH0,255,34.8011375,Day,F,L,A,MYSE
151.909,8443,6/3/2015,5/24/2015,15:19:40,7,31.5,AH0,255,34.8011375,Day,F,L,A,MYSE
151.909,8443,6/3/2015,5/24/2015,15:19:42,7,31.5,AH0,255,34.8011375,Day,F,L,A,MYSE
151.909,8443,6/3/2015,5/28/2015,15:19:45,7,32,AH0,50,35.4624,Day,F,L,A,MYSE
151.909,8443,6/3/2015,5/28/2015,15:19:47,7,32.1,AH0,46,35.5877213,Day,F,L,A,MYSE
151.909,8443,6/3/2015,5/28/2015,15:19:49,7,31.9,AH0,43,35.3347947,Day,F,L,A,MYSE
151.909,8443,6/3/2015,5/29/2015,15:19:50,7,31.6,AH0,219,34.9380768,Day,F,L,A,MYSE
151.909,8443,6/3/2015,5/28/2015,15:19:51,7,32.1,AH0,53,35.5877213,Day,F,L,A,MYSE
151.909,8443,6/3/2015,5/29/2015,15:19:51,7,31.6,AH0,219,34.9380768,Day,F,L,A,MYSE
151.909,8443,6/3/2015,5/30/2015,15:19:51,7,33.8,AH0,250,37.3879176,Day,F,L,A,MYSE
151.909,8443,6/3/2015,5/30/2015,15:19:52,7,33.8,AH0,246,37.3879176,Day,F,L,A,MYSE
151.909,8443,6/3/2015,5/29/2015,15:19:53,7,31.6,AH0,221,34.9380768,Day,F,L,A,MYSE
151.909,8443,6/3/2015,5/30/2015,15:19:54,7,33.8,AH0,247,37.3879176,Day,F,L,A,MYSE
151.909,8443,6/3/2015,5/29/2015,15:19:55,7,31.6,AH0,220,34.9380768,Day,F,L,A,MYSE
151.909,8443,6/3/2015,5/30/2015,15:19:56,7,33.8,AH0,250,37.3879176,Day,F,L,A,MYSE
151.909,8443,6/3/2015,5/24/2015,15:19:57,7,31.5,AH0,255,34.8011375,Day,F,L,A,MYSE
151.909,8443,6/3/2015,5/24/2015,15:19:59,7,31.5,AH0,255,34.8011375,Day,F,L,A,MYSE
151.909,8443,6/3/2015,5/24/2015,15:20:01,7,31.5,AH0,255,34.8011375,Day,F,L,A,MYSE
151.909,8443,6/3/2015,5/24/2015,15:20:03,7,31.5,AH0,255,34.8011375,Day,F,L,A,MYSE
151.909,8443,6/3/2015,5/28/2015,15:20:04,7,32,AH0,46,35.4624,Day,F,L,A,MYSE
151.909,8443,6/3/2015,5/28/2015,15:20:06,7,32.1,AH0,45,35.5877213,Day,F,L,A,MYSE
151.909,8443,6/3/2015,5/28/2015,15:20:08,7,32.2,AH0,50,35.7107784,Day,F,L,A,MYSE
151.909,8443,6/3/2015,5/28/2015,15:20:09,7,31.9,AH0,47,35.3347947,Day,F,L,A,MYSE
151.909,8443,6/3/2015,5/29/2015,15:20:09,7,31.7,AH0,220,35.0726529,Day,F,L,A,MYSE
151.909,8443,6/3/2015,5/29/2015,15:20:10,7,31.6,AH0,221,34.9380768,Day,F,L,A,MYSE
151.909,8443,6/3/2015,5/30/2015,15:20:10,7,33.8,AH0,247,37.3879176,Day,F,L,A,MYSE
151.909,8443,6/3/2015,5/29/2015,15:20:12,7,31.6,AH0,221,34.9380768,Day,F,L,A,MYSE
151.909,8443,6/3/2015,5/30/2015,15:20:12,7,33.8,AH0,249,37.3879176,Day,F,L,A,MYSE
151.909,8443,6/3/2015,5/29/2015,15:20:14,7,31.7,AH0,221,35.0726529,Day,F,L,A,MYSE
151.909,8443,6/3/2015,5/30/2015,15:20:14,7,33.8,AH0,249,37.3879176,Day,F,L,A,MYSE
151.909,8443,6/3/2015,5/30/2015,15:20:15,7,33.8,AH0,249,37.3879176,Day,F,L,A,MYSE
151.909,8443,6/3/2015,5/24/2015,15:20:16,7,31.4,AH0,255,34.6618152,Day,F,L,A,MYSE
151.909,8443,6/3/2015,5/29/2015,15:20:16,7,31.6,AH0,218,34.9380768,Day,F,L,A,MYSE
151.909,8443,6/3/2015,5/24/2015,15:20:18,7,31.4,AH0,255,34.6618152,Day,F,L,A,MYSE
151.909,8443,6/3/2015,5/24/2015,15:20:20,7,31.4,AH0,255,34.6618152,Day,F,L,A,MYSE
151.909,8443,6/3/2015,5/24/2015,15:20:22,7,31.4,AH0,255,34.6618152,Day,F,L,A,MYSE
151.909,8443,6/3/2015,5/29/2015,15:20:29,7,31.7,AH0,217,35.0726529,Day,F,L,A,MYSE
151.909,8443,6/3/2015,5/30/2015,15:20:30,7,33.7,AH0,249,37.2983949,Day,F,L,A,MYSE
151.909,8443,6/3/2015,5/29/2015,15:20:31,7,31.7,AH0,218,35.0726529,Day,F,L,A,MYSE
151.909,8443,6/3/2015,5/30/2015,15:20:31,7,33.7,AH0,248,37.2983949,Day,F,L,A,MYSE
151.909,8443,6/3/2015,5/29/2015,15:20:33,7,31.7,AH0,217,35.0726529,Day,F,L,A,MYSE
151.909,8443,6/3/2015,5/30/2015,15:20:33,7,33.7,AH0,248,37.2983949,Day,F,L,A,MYSE
151.909,8443,6/3/2015,5/24/2015,15:20:35,7,31.4,AH0,255,34.6618152,Day,F,L,A,MYSE
151.909,8443,6/3/2015,5/29/2015,15:20:35,7,31.7,AH0,218,35.0726529,Day,F,L,A,MYSE
151.909,8443,6/3/2015,5/30/2015,15:20:35,7,33.7,AH0,249,37.2983949,Day,F,L,A,MYSE
151.909,8443,6/3/2015,5/24/2015,15:20:37,7,31.4,AH0,255,34.6618152,Day,F,L,A,MYSE
151.909,8443,6/3/2015,5/30/2015,15:20:37,7,33.7,AH0,249,37.2983949,Day,F,L,A,MYSE
151.909,8443,6/3/2015,5/24/2015,15:20:39,7,31.3,AH0,255,34.5200901,Day,F,L,A,MYSE
151.909,8443,6/3/2015,5/24/2015,15:20:41,7,31.3,AH0,255,34.5200901,Day,F,L,A,MYSE
151.909,8443,6/3/2015,5/24/2015,15:20:43,7,31.3,AH0,255,34.5200901,Day,F,L,A,MYSE
151.909,8443,6/3/2015,5/28/2015,15:20:43,7,32.1,AH0,52,35.5877213,Day,F,L,A,MYSE
151.909,8443,6/3/2015,5/28/2015,15:20:45,7,32.2,AH0,48,35.7107784,Day,F,L,A,MYSE
151.909,8443,6/3/2015,5/28/2015,15:20:47,7,31.8,AH0,42,35.2048856,Day,F,L,A,MYSE
151.909,8443,6/3/2015,5/28/2015,15:20:49,7,32,AH0,52,35.4624,Day,F,L,A,MYSE
151.909,8443,6/3/2015,5/30/2015,15:20:49,7,33.7,AH0,247,37.2983949,Day,F,L,A,MYSE
151.909,8443,6/3/2015,5/29/2015,15:20:50,7,31.7,AH0,218,35.0726529,Day,F,L,A,MYSE
151.909,8443,6/3/2015,5/28/2015,15:20:51,7,31.9,AH0,48,35.3347947,Day,F,L,A,MYSE
151.909,8443,6/3/2015,5/30/2015,15:20:51,7,33.7,AH0,250,37.2983949,Day,F,L,A,MYSE
151.909,8443,6/3/2015,5/29/2015,15:20:52,7,31.7,AH0,219,35.0726529,Day,F,L,A,MYSE
151.909,8443,6/3/2015,5/30/2015,15:20:53,7,33.7,AH0,248,37.2983949,Day,F,L,A,MYSE
151.909,8443,6/3/2015,5/29/2015,15:20:54,7,31.7,AH0,221,35.0726529,Day,F,L,A,MYSE
151.909,8443,6/3/2015,5/30/2015,15:20:55,7,33.7,AH0,250,37.2983949,Day,F,L,A,MYSE
151.909,8443,6/3/2015,5/24/2015,15:20:56,7,31.3,AH0,255,34.5200901,Day,F,L,A,MYSE
151.909,8443,6/3/2015,5/29/2015,15:20:56,7,31.7,AH0,221,35.0726529,Day,F,L,A,MYSE
151.909,8443,6/3/2015,5/30/2015,15:20:56,7,33.7,AH0,248,37.2983949,Day,F,L,A,MYSE
151.909,8443,6/3/2015,5/24/2015,15:20:58,7,31.3,AH0,255,34.5200901,Day,F,L,A,MYSE
151.909,8443,6/3/2015,5/24/2015,15:21:00,7,31.3,AH0,255,34.5200901,Day,F,L,A,MYSE
151.909,8443,6/3/2015,5/24/2015,15:21:02,7,31.3,AH0,255,34.5200901,Day,F,L,A,MYSE
151.909,8443,6/3/2015,5/29/2015,15:21:09,7,31.7,AH0,219,35.0726529,Day,F,L,A,MYSE
151.909,8443,6/3/2015,5/29/2015,15:21:11,7,31.7,AH0,221,35.0726529,Day,F,L,A,MYSE
151.909,8443,6/3/2015,5/30/2015,15:21:11,7,33.8,AH0,251,37.3879176,Day,F,L,A,MYSE
151.909,8443,6/3/2015,5/30/2015,15:21:12,7,33.8,AH0,250,37.3879176,Day,F,L,A,MYSE
151.909,8443,6/3/2015,5/29/2015,15:21:13,7,31.7,AH0,215,35.0726529,Day,F,L,A,MYSE
151.909,8443,6/3/2015,5/30/2015,15:21:14,7,33.8,AH0,247,37.3879176,Day,F,L,A,MYSE
151.909,8443,6/3/2015,5/29/2015,15:21:15,7,31.7,AH0,219,35.0726529,Day,F,L,A,MYSE
151.909,8443,6/3/2015,5/24/2015,15:21:16,7,31.3,AH0,255,34.5200901,Day,F,L,A,MYSE
151.909,8443,6/3/2015,5/30/2015,15:21:16,7,33.8,AH0,249,37.3879176,Day,F,L,A,MYSE
151.909,8443,6/3/2015,5/24/2015,15:21:18,7,31.3,AH0,255,34.5200901,Day,F,L,A,MYSE
151.909,8443,6/3/2015,5/24/2015,15:21:19,7,31.3,AH0,255,34.5200901,Day,F,L,A,MYSE
151.909,8443,6/3/2015,5/24/2015,15:21:21,7,31.3,AH0,255,34.5200901,Day,F,L,A,MYSE
151.909,8443,6/3/2015,5/24/2015,15:21:23,7,31.3,AH0,255,34.5200901,Day,F,L,A,MYSE
151.909,8443,6/3/2015,5/28/2015,15:21:25,7,32.2,AH0,49,35.7107784,Day,F,L,A,MYSE
151.909,8443,6/3/2015,5/28/2015,15:21:26,7,32.1,AH0,51,35.5877213,Day,F,L,A,MYSE
151.909,8443,6/3/2015,5/28/2015,15:21:28,7,32,AH0,55,35.4624,Day,F,L,A,MYSE
151.909,8443,6/3/2015,5/28/2015,15:21:30,7,31.9,AH0,20,35.3347947,Day,F,L,A,MYSE
151.909,8443,6/3/2015,5/29/2015,15:21:30,7,31.8,AH0,219,35.2048856,Day,F,L,A,MYSE
151.909,8443,6/3/2015,5/30/2015,15:21:30,7,33.8,AH0,248,37.3879176,Day,F,L,A,MYSE
151.909,8443,6/3/2015,5/29/2015,15:21:32,7,31.8,AH0,220,35.2048856,Day,F,L,A,MYSE
151.909,8443,6/3/2015,5/30/2015,15:21:32,7,33.8,AH0,249,37.3879176,Day,F,L,A,MYSE
151.909,8443,6/3/2015,5/29/2015,15:21:34,7,31.7,AH0,220,35.0726529,Day,F,L,A,MYSE
151.909,8443,6/3/2015,5/30/2015,15:21:34,7,33.8,AH0,251,37.3879176,Day,F,L,A,MYSE
151.909,8443,6/3/2015,5/30/2015,15:21:35,7,33.8,AH0,248,37.3879176,Day,F,L,A,MYSE
151.909,8443,6/3/2015,5/29/2015,15:21:36,7,31.8,AH0,220,35.2048856,Day,F,L,A,MYSE
151.909,8443,6/3/2015,5/24/2015,15:21:37,7,31.3,AH0,255,34.5200901,Day,F,L,A,MYSE
151.909,8443,6/3/2015,5/24/2015,15:21:39,7,31.3,AH0,255,34.5200901,Day,F,L,A,MYSE
151.909,8443,6/3/2015,5/24/2015,15:21:41,7,31.3,AH0,255,34.5200901,Day,F,L,A,MYSE
151.909,8443,6/3/2015,5/24/2015,15:21:42,7,31.3,AH0,255,34.5200901,Day,F,L,A,MYSE
151.909,8443,6/3/2015,5/29/2015,15:21:49,7,31.8,AH0,219,35.2048856,Day,F,L,A,MYSE
151.909,8443,6/3/2015,5/30/2015,15:21:50,7,33.8,AH0,251,37.3879176,Day,F,L,A,MYSE
151.909,8443,6/3/2015,5/29/2015,15:21:51,7,31.8,AH0,220,35.2048856,Day,F,L,A,MYSE
151.909,8443,6/3/2015,5/30/2015,15:21:51,7,33.8,AH0,248,37.3879176,Day,F,L,A,MYSE
151.909,8443,6/3/2015,5/29/2015,15:21:53,7,31.8,AH0,218,35.2048856,Day,F,L,A,MYSE
151.909,8443,6/3/2015,5/30/2015,15:21:53,7,33.8,AH0,249,37.3879176,Day,F,L,A,MYSE
151.909,8443,6/3/2015,5/29/2015,15:21:54,7,31.8,AH0,219,35.2048856,Day,F,L,A,MYSE
151.909,8443,6/3/2015,5/30/2015,15:21:55,7,33.8,AH0,247,37.3879176,Day,F,L,A,MYSE
151.909,8443,6/3/2015,5/24/2015,15:21:56,7,31.3,AH0,255,34.5200901,Day,F,L,A,MYSE
151.909,8443,6/3/2015,5/29/2015,15:21:56,7,31.8,AH0,220,35.2048856,Day,F,L,A,MYSE
151.909,8443,6/3/2015,5/30/2015,15:21:57,7,33.8,AH0,250,37.3879176,Day,F,L,A,MYSE
151.909,8443,6/3/2015,5/24/2015,15:21:58,7,31.3,AH0,255,34.5200901,Day,F,L,A,MYSE
151.909,8443,6/3/2015,5/24/2015,15:22:00,7,31.3,AH0,255,34.5200901,Day,F,L,A,MYSE
151.909,8443,6/3/2015,5/24/2015,15:22:02,7,31.3,AH0,255,34.5200901,Day,F,L,A,MYSE
151.909,8443,6/3/2015,5/28/2015,15:22:04,7,31.9,AH0,42,35.3347947,Day,F,L,A,MYSE
151.909,8443,6/3/2015,5/28/2015,15:22:06,7,32.2,AH0,48,35.7107784,Day,F,L,A,MYSE
151.909,8443,6/3/2015,5/28/2015,15:22:08,7,32,AH0,45,35.4624,Day,F,L,A,MYSE
151.909,8443,6/3/2015,5/30/2015,15:22:09,7,33.8,AH0,250,37.3879176,Day,F,L,A,MYSE
151.909,8443,6/3/2015,5/28/2015,15:22:10,7,32.1,AH0,45,35.5877213,Day,F,L,A,MYSE
151.909,8443,6/3/2015,5/29/2015,15:22:10,7,31.8,AH0,220,35.2048856,Day,F,L,A,MYSE
151.909,8443,6/3/2015,5/29/2015,15:22:11,7,31.8,AH0,218,35.2048856,Day,F,L,A,MYSE
151.909,8443,6/3/2015,5/30/2015,15:22:11,7,33.8,AH0,248,37.3879176,Day,F,L,A,MYSE
151.909,8443,6/3/2015,5/29/2015,15:22:13,7,31.8,AH0,221,35.2048856,Day,F,L,A,MYSE
151.909,8443,6/3/2015,5/30/2015,15:22:13,7,33.8,AH0,248,37.3879176,Day,F,L,A,MYSE
151.909,8443,6/3/2015,5/30/2015,15:22:14,7,33.8,AH0,249,37.3879176,Day,F,L,A,MYSE
151.909,8443,6/3/2015,5/29/2015,15:22:15,7,31.8,AH0,221,35.2048856,Day,F,L,A,MYSE
151.909,8443,6/3/2015,5/30/2015,15:22:16,7,33.8,AH0,246,37.3879176,Day,F,L,A,MYSE
151.909,8443,6/3/2015,5/24/2015,15:22:17,7,31.2,AH0,255,34.3759424,Day,F,L,A,MYSE
151.909,8443,6/3/2015,5/24/2015,15:22:19,7,31.2,AH0,255,34.3759424,Day,F,L,A,MYSE
151.909,8443,6/3/2015,5/24/2015,15:22:21,7,31.2,AH0,255,34.3759424,Day,F,L,A,MYSE
151.909,8443,6/3/2015,5/24/2015,15:22:23,7,31.2,AH0,255,34.3759424,Day,F,L,A,MYSE
151.909,8443,6/3/2015,5/29/2015,15:22:30,7,31.8,AH0,220,35.2048856,Day,F,L,A,MYSE
151.909,8443,6/3/2015,5/30/2015,15:22:30,7,33.8,AH0,248,37.3879176,Day,F,L,A,MYSE
151.909,8443,6/3/2015,5/29/2015,15:22:32,7,31.8,AH0,221,35.2048856,Day,F,L,A,MYSE
151.909,8443,6/3/2015,5/30/2015,15:22:32,7,33.8,AH0,248,37.3879176,Day,F,L,A,MYSE
151.909,8443,6/3/2015,5/29/2015,15:22:34,7,31.8,AH0,222,35.2048856,Day,F,L,A,MYSE
151.909,8443,6/3/2015,5/30/2015,15:22:34,7,33.8,AH0,248,37.3879176,Day,F,L,A,MYSE
151.909,8443,6/3/2015,5/24/2015,15:22:36,7,31.2,AH0,255,34.3759424,Day,F,L,A,MYSE
151.909,8443,6/3/2015,5/29/2015,15:22:36,7,31.8,AH0,218,35.2048856,Day,F,L,A,MYSE
151.909,8443,6/3/2015,5/30/2015,15:22:36,7,33.8,AH0,249,37.3879176,Day,F,L,A,MYSE
151.909,8443,6/3/2015,5/24/2015,15:22:38,7,31.2,AH0,255,34.3759424,Day,F,L,A,MYSE
151.909,8443,6/3/2015,5/24/2015,15:22:40,7,31.2,AH0,255,34.3759424,Day,F,L,A,MYSE
151.909,8443,6/3/2015,5/24/2015,15:22:42,7,31.2,AH0,255,34.3759424,Day,F,L,A,MYSE
151.909,8443,6/3/2015,5/28/2015,15:22:45,7,16,AH0,49,-27.5232,Day,F,L,A,MYSE
151.909,8443,6/3/2015,5/28/2015,15:22:47,7,32,AH0,46,35.4624,Day,F,L,A,MYSE
151.909,8443,6/3/2015,5/28/2015,15:22:49,7,31.8,AH0,46,35.2048856,Day,F,L,A,MYSE
151.909,8443,6/3/2015,5/29/2015,15:22:49,7,31.8,AH0,219,35.2048856,Day,F,L,A,MYSE
151.909,8443,6/3/2015,5/30/2015,15:22:50,7,33.8,AH0,250,37.3879176,Day,F,L,A,MYSE
151.909,8443,6/3/2015,5/28/2015,15:22:51,7,32.1,AH0,49,35.5877213,Day,F,L,A,MYSE
151.909,8443,6/3/2015,5/29/2015,15:22:51,7,31.8,AH0,218,35.2048856,Day,F,L,A,MYSE
151.909,8443,6/3/2015,5/30/2015,15:22:52,7,33.8,AH0,248,37.3879176,Day,F,L,A,MYSE
151.909,8443,6/3/2015,5/29/2015,15:22:53,7,31.8,AH0,218,35.2048856,Day,F,L,A,MYSE
151.909,8443,6/3/2015,5/30/2015,15:22:54,7,33.8,AH0,250,37.3879176,Day,F,L,A,MYSE
151.909,8443,6/3/2015,5/29/2015,15:22:55,7,31.8,AH0,219,35.2048856,Day,F,L,A,MYSE
151.909,8443,6/3/2015,5/30/2015,15:22:55,7,33.8,AH0,248,37.3879176,Day,F,L,A,MYSE
151.909,8443,6/3/2015,5/24/2015,15:22:56,7,31.2,AH0,255,34.3759424,Day,F,L,A,MYSE
151.909,8443,6/3/2015,5/24/2015,15:22:57,7,31.2,AH0,255,34.3759424,Day,F,L,A,MYSE
151.909,8443,6/3/2015,5/24/2015,15:22:59,7,31.2,AH0,255,34.3759424,Day,F,L,A,MYSE
151.909,8443,6/3/2015,5/24/2015,15:23:01,7,31.2,AH0,255,34.3759424,Day,F,L,A,MYSE
151.909,8443,6/3/2015,5/24/2015,15:23:03,7,31.2,AH0,255,34.3759424,Day,F,L,A,MYSE
151.909,8443,6/3/2015,5/29/2015,15:23:10,7,31.8,AH0,217,35.2048856,Day,F,L,A,MYSE
151.909,8443,6/3/2015,5/30/2015,15:23:10,7,33.8,AH0,249,37.3879176,Day,F,L,A,MYSE
151.909,8443,6/3/2015,5/30/2015,15:23:11,7,33.8,AH0,248,37.3879176,Day,F,L,A,MYSE
151.909,8443,6/3/2015,5/29/2015,15:23:12,7,31.8,AH0,219,35.2048856,Day,F,L,A,MYSE
151.909,8443,6/3/2015,5/30/2015,15:23:13,7,33.8,AH0,245,37.3879176,Day,F,L,A,MYSE
151.909,8443,6/3/2015,5/29/2015,15:23:14,7,31.8,AH0,221,35.2048856,Day,F,L,A,MYSE
151.909,8443,6/3/2015,5/30/2015,15:23:15,7,33.8,AH0,249,37.3879176,Day,F,L,A,MYSE
151.909,8443,6/3/2015,5/29/2015,15:23:16,7,31.8,AH0,218,35.2048856,Day,F,L,A,MYSE
151.909,8443,6/3/2015,5/24/2015,15:23:17,7,31.2,AH0,255,34.3759424,Day,F,L,A,MYSE
151.909,8443,6/3/2015,5/30/2015,15:23:17,7,33.8,AH0,249,37.3879176,Day,F,L,A,MYSE
151.909,8443,6/3/2015,5/24/2015,15:23:19,7,31.2,AH0,255,34.3759424,Day,F,L,A,MYSE
151.909,8443,6/3/2015,5/24/2015,15:23:21,7,31.2,AH0,255,34.3759424,Day,F,L,A,MYSE
151.909,8443,6/3/2015,5/24/2015,15:23:22,7,31.2,AH0,255,34.3759424,Day,F,L,A,MYSE
151.909,8443,6/3/2015,5/28/2015,15:23:29,7,31.9,AH0,48,35.3347947,Day,F,L,A,MYSE
151.909,8443,6/3/2015,5/29/2015,15:23:29,7,31.8,AH0,221,35.2048856,Day,F,L,A,MYSE
151.909,8443,6/3/2015,5/30/2015,15:23:29,7,33.8,AH0,249,37.3879176,Day,F,L,A,MYSE
151.909,8443,6/3/2015,5/28/2015,15:23:30,7,31.9,AH0,44,35.3347947,Day,F,L,A,MYSE
151.909,8443,6/3/2015,5/29/2015,15:23:31,7,31.9,AH0,221,35.3347947,Day,F,L,A,MYSE
151.909,8443,6/3/2015,5/30/2015,15:23:31,7,33.8,AH0,248,37.3879176,Day,F,L,A,MYSE
151.909,8443,6/3/2015,5/29/2015,15:23:33,7,31.9,AH0,221,35.3347947,Day,F,L,A,MYSE
151.909,8443,6/3/2015,5/30/2015,15:23:33,7,33.8,AH0,249,37.3879176,Day,F,L,A,MYSE
151.909,8443,6/3/2015,5/29/2015,15:23:34,7,31.9,AH0,222,35.3347947,Day,F,L,A,MYSE
151.909,8443,6/3/2015,5/30/2015,15:23:34,7,33.8,AH0,249,37.3879176,Day,F,L,A,MYSE
151.909,8443,6/3/2015,5/24/2015,15:23:36,7,31.2,AH0,255,34.3759424,Day,F,L,A,MYSE
151.909,8443,6/3/2015,5/29/2015,15:23:36,7,31.9,AH0,221,35.3347947,Day,F,L,A,MYSE
151.909,8443,6/3/2015,5/30/2015,15:23:36,7,33.8,AH0,249,37.3879176,Day,F,L,A,MYSE
151.909,8443,6/3/2015,5/24/2015,15:23:38,7,31.2,AH0,255,34.3759424,Day,F,L,A,MYSE
151.909,8443,6/3/2015,5/24/2015,15:23:40,7,31.2,AH0,255,34.3759424,Day,F,L,A,MYSE
151.909,8443,6/3/2015,5/24/2015,15:23:42,7,31.2,AH0,255,34.3759424,Day,F,L,A,MYSE
151.909,8443,6/3/2015,5/29/2015,15:23:50,7,31.9,AH0,219,35.3347947,Day,F,L,A,MYSE
151.909,8443,6/3/2015,5/30/2015,15:23:50,7,33.8,AH0,249,37.3879176,Day,F,L,A,MYSE
151.909,8443,6/3/2015,5/29/2015,15:23:51,7,31.9,AH0,217,35.3347947,Day,F,L,A,MYSE
151.909,8443,6/3/2015,5/30/2015,15:23:52,7,33.8,AH0,250,37.3879176,Day,F,L,A,MYSE
151.909,8443,6/3/2015,5/29/2015,15:23:53,7,31.9,AH0,220,35.3347947,Day,F,L,A,MYSE
151.909,8443,6/3/2015,5/30/2015,15:23:54,7,33.8,AH0,249,37.3879176,Day,F,L,A,MYSE
151.909,8443,6/3/2015,5/29/2015,15:23:55,7,31.9,AH0,219,35.3347947,Day,F,L,A,MYSE
151.909,8443,6/3/2015,5/30/2015,15:23:56,7,33.8,AH0,251,37.3879176,Day,F,L,A,MYSE
151.909,8443,6/3/2015,5/24/2015,15:23:57,7,31.3,AH0,255,34.5200901,Day,F,L,A,MYSE
151.909,8443,6/3/2015,5/24/2015,15:23:59,7,31.3,AH0,255,34.5200901,Day,F,L,A,MYSE
151.909,8443,6/3/2015,5/24/2015,15:24:01,7,31.3,AH0,255,34.5200901,Day,F,L,A,MYSE
151.909,8443,6/3/2015,5/24/2015,15:24:03,7,31.3,AH0,255,34.5200901,Day,F,L,A,MYSE
151.909,8443,6/3/2015,5/28/2015,15:24:04,7,31.7,AH0,48,35.0726529,Day,F,L,A,MYSE
151.909,8443,6/3/2015,5/28/2015,15:24:06,7,31.9,AH0,44,35.3347947,Day,F,L,A,MYSE
151.909,8443,6/3/2015,5/28/2015,15:24:08,7,31.8,AH0,44,35.2048856,Day,F,L,A,MYSE
151.909,8443,6/3/2015,5/28/2015,15:24:10,7,31.8,AH0,52,35.2048856,Day,F,L,A,MYSE
151.909,8443,6/3/2015,5/29/2015,15:24:10,7,31.9,AH0,220,35.3347947,Day,F,L,A,MYSE
151.909,8443,6/3/2015,5/30/2015,15:24:10,7,33.8,AH0,248,37.3879176,Day,F,L,A,MYSE
151.909,8443,6/3/2015,5/29/2015,15:24:12,7,31.9,AH0,219,35.3347947,Day,F,L,A,MYSE
151.909,8443,6/3/2015,5/30/2015,15:24:12,7,33.8,AH0,248,37.3879176,Day,F,L,A,MYSE
151.909,8443,6/3/2015,5/30/2015,15:24:13,7,33.8,AH0,248,37.3879176,Day,F,L,A,MYSE
151.909,8443,6/3/2015,5/29/2015,15:24:14,7,31.9,AH0,219,35.3347947,Day,F,L,A,MYSE
151.909,8443,6/3/2015,5/30/2015,15:24:15,7,33.8,AH0,251,37.3879176,Day,F,L,A,MYSE
151.909,8443,6/3/2015,5/24/2015,15:24:16,7,31.4,AH0,255,34.6618152,Day,F,L,A,MYSE
151.909,8443,6/3/2015,5/29/2015,15:24:16,7,31.9,AH0,220,35.3347947,Day,F,L,A,MYSE
151.909,8443,6/3/2015,5/24/2015,15:24:18,7,31.4,AH0,255,34.6618152,Day,F,L,A,MYSE
151.909,8443,6/3/2015,5/24/2015,15:24:20,7,31.4,AH0,255,34.6618152,Day,F,L,A,MYSE
151.909,8443,6/3/2015,5/24/2015,15:24:22,7,31.4,AH0,255,34.6618152,Day,F,L,A,MYSE
151.909,8443,6/3/2015,5/29/2015,15:24:29,7,31.9,AH0,219,35.3347947,Day,F,L,A,MYSE
151.909,8443,6/3/2015,5/30/2015,15:24:29,7,33.8,AH0,247,37.3879176,Day,F,L,A,MYSE
151.909,8443,6/3/2015,5/29/2015,15:24:31,7,31.9,AH0,221,35.3347947,Day,F,L,A,MYSE
151.909,8443,6/3/2015,5/30/2015,15:24:31,7,33.8,AH0,249,37.3879176,Day,F,L,A,MYSE
151.909,8443,6/3/2015,5/29/2015,15:24:33,7,31.9,AH0,222,35.3347947,Day,F,L,A,MYSE
151.909,8443,6/3/2015,5/30/2015,15:24:33,7,33.8,AH0,249,37.3879176,Day,F,L,A,MYSE
151.909,8443,6/3/2015,5/24/2015,15:24:35,7,31.4,AH0,255,34.6618152,Day,F,L,A,MYSE
151.909,8443,6/3/2015,5/29/2015,15:24:35,7,31.9,AH0,223,35.3347947,Day,F,L,A,MYSE
151.909,8443,6/3/2015,5/30/2015,15:24:35,7,33.8,AH0,249,37.3879176,Day,F,L,A,MYSE
151.909,8443,6/3/2015,5/24/2015,15:24:37,7,31.4,AH0,255,34.6618152,Day,F,L,A,MYSE
151.909,8443,6/3/2015,5/29/2015,15:24:37,7,31.9,AH0,220,35.3347947,Day,F,L,A,MYSE
151.909,8443,6/3/2015,5/30/2015,15:24:37,7,33.8,AH0,247,37.3879176,Day,F,L,A,MYSE
151.909,8443,6/3/2015,5/24/2015,15:24:39,7,31.4,AH0,255,34.6618152,Day,F,L,A,MYSE
151.909,8443,6/3/2015,5/24/2015,15:24:41,7,31.5,AH0,255,34.8011375,Day,F,L,A,MYSE
151.909,8443,6/3/2015,5/24/2015,15:24:43,7,31.5,AH0,255,34.8011375,Day,F,L,A,MYSE
151.909,8443,6/3/2015,5/28/2015,15:24:44,7,31.6,AH0,43,34.9380768,Day,F,L,A,MYSE
151.909,8443,6/3/2015,5/28/2015,15:24:48,7,15.8,AH0,45,-29.0248104,Day,F,L,A,MYSE
151.909,8443,6/3/2015,5/30/2015,15:24:49,7,33.8,AH0,249,37.3879176,Day,F,L,A,MYSE
151.909,8443,6/3/2015,5/28/2015,15:24:50,7,31.8,AH0,45,35.2048856,Day,F,L,A,MYSE
151.909,8443,6/3/2015,5/29/2015,15:24:50,7,32,AH0,218,35.4624,Day,F,L,A,MYSE
151.909,8443,6/3/2015,5/30/2015,15:24:51,7,33.8,AH0,249,37.3879176,Day,F,L,A,MYSE
151.909,8443,6/3/2015,5/29/2015,15:24:52,7,31.9,AH0,219,35.3347947,Day,F,L,A,MYSE
151.909,8443,6/3/2015,5/29/2015,15:24:53,7,32,AH0,218,35.4624,Day,F,L,A,MYSE
151.909,8443,6/3/2015,5/30/2015,15:24:53,7,33.8,AH0,248,37.3879176,Day,F,L,A,MYSE
151.909,8443,6/3/2015,5/30/2015,15:24:54,7,33.8,AH0,248,37.3879176,Day,F,L,A,MYSE
151.909,8443,6/3/2015,5/29/2015,15:24:55,7,32,AH0,218,35.4624,Day,F,L,A,MYSE
151.909,8443,6/3/2015,5/24/2015,15:24:56,7,31.5,AH0,255,34.8011375,Day,F,L,A,MYSE
151.909,8443,6/3/2015,5/30/2015,15:24:56,7,33.8,AH0,250,37.3879176,Day,F,L,A,MYSE
151.909,8443,6/3/2015,5/24/2015,15:24:58,7,31.5,AH0,255,34.8011375,Day,F,L,A,MYSE
151.909,8443,6/3/2015,5/24/2015,15:25:00,7,31.5,AH0,255,34.8011375,Day,F,L,A,MYSE
151.909,8443,6/3/2015,5/24/2015,15:25:02,7,31.5,AH0,255,34.8011375,Day,F,L,A,MYSE
151.909,8443,6/3/2015,5/29/2015,15:25:08,7,32,AH0,219,35.4624,Day,F,L,A,MYSE
151.909,8443,6/3/2015,5/29/2015,15:25:10,7,32,AH0,220,35.4624,Day,F,L,A,MYSE
151.909,8443,6/3/2015,5/30/2015,15:25:10,7,33.8,AH0,249,37.3879176,Day,F,L,A,MYSE
151.909,8443,6/3/2015,5/29/2015,15:25:12,7,32,AH0,220,35.4624,Day,F,L,A,MYSE
151.909,8443,6/3/2015,5/30/2015,15:25:12,7,33.8,AH0,250,37.3879176,Day,F,L,A,MYSE
151.909,8443,6/3/2015,5/29/2015,15:25:14,7,32,AH0,220,35.4624,Day,F,L,A,MYSE
151.909,8443,6/3/2015,5/30/2015,15:25:14,7,33.8,AH0,246,37.3879176,Day,F,L,A,MYSE
151.909,8443,6/3/2015,5/24/2015,15:25:15,7,31.6,AH0,255,34.9380768,Day,F,L,A,MYSE
151.909,8443,6/3/2015,5/29/2015,15:25:16,7,32,AH0,221,35.4624,Day,F,L,A,MYSE
151.909,8443,6/3/2015,5/30/2015,15:25:16,7,33.8,AH0,250,37.3879176,Day,F,L,A,MYSE
151.909,8443,6/3/2015,5/24/2015,15:25:17,7,31.5,AH0,255,34.8011375,Day,F,L,A,MYSE
151.909,8443,6/3/2015,5/24/2015,15:25:19,7,31.6,AH0,255,34.9380768,Day,F,L,A,MYSE
151.909,8443,6/3/2015,5/24/2015,15:25:21,7,31.6,AH0,255,34.9380768,Day,F,L,A,MYSE
151.909,8443,6/3/2015,5/24/2015,15:25:23,7,31.6,AH0,255,34.9380768,Day,F,L,A,MYSE
151.909,8443,6/3/2015,5/28/2015,15:25:26,7,15.8,AH0,49,-29.0248104,Day,F,L,A,MYSE
151.909,8443,6/3/2015,5/28/2015,15:25:28,7,31.7,AH0,50,35.0726529,Day,F,L,A,MYSE
151.909,8443,6/3/2015,5/29/2015,15:25:29,7,32,AH0,220,35.4624,Day,F,L,A,MYSE
151.909,8443,6/3/2015,5/28/2015,15:25:30,7,31.8,AH0,50,35.2048856,Day,F,L,A,MYSE
151.909,8443,6/3/2015,5/30/2015,15:25:30,7,33.8,AH0,249,37.3879176,Day,F,L,A,MYSE
151.909,8443,6/3/2015,5/29/2015,15:25:31,7,32,AH0,216,35.4624,Day,F,L,A,MYSE
151.909,8443,6/3/2015,5/30/2015,15:25:32,7,33.8,AH0,252,37.3879176,Day,F,L,A,MYSE
151.909,8443,6/3/2015,5/29/2015,15:25:33,7,32,AH0,218,35.4624,Day,F,L,A,MYSE
151.909,8443,6/3/2015,5/30/2015,15:25:33,7,33.8,AH0,249,37.3879176,Day,F,L,A,MYSE
151.909,8443,6/3/2015,5/29/2015,15:25:35,7,32,AH0,216,35.4624,Day,F,L,A,MYSE
151.909,8443,6/3/2015,5/30/2015,15:25:35,7,33.8,AH0,247,37.3879176,Day,F,L,A,MYSE
151.909,8443,6/3/2015,5/24/2015,15:25:36,7,31.6,AH0,255,34.9380768,Day,F,L,A,MYSE
151.909,8443,6/3/2015,5/30/2015,15:25:37,7,33.8,AH0,250,37.3879176,Day,F,L,A,MYSE
151.909,8443,6/3/2015,5/24/2015,15:25:38,7,31.6,AH0,255,34.9380768,Day,F,L,A,MYSE
151.909,8443,6/3/2015,5/24/2015,15:25:40,7,31.6,AH0,255,34.9380768,Day,F,L,A,MYSE
151.909,8443,6/3/2015,5/24/2015,15:25:42,7,31.6,AH0,255,34.9380768,Day,F,L,A,MYSE
151.909,8443,6/3/2015,5/25/2015,15:25:49,7,31.7,AH0,255,35.0726529,Day,F,L,A,MYSE
151.909,8443,6/3/2015,5/30/2015,15:25:49,7,33.8,AH0,248,37.3879176,Day,F,L,A,MYSE
151.909,8443,6/3/2015,5/29/2015,15:25:50,7,32,AH0,217,35.4624,Day,F,L,A,MYSE
151.909,8443,6/3/2015,5/25/2015,15:25:51,7,31.7,AH0,255,35.0726529,Day,F,L,A,MYSE
151.909,8443,6/3/2015,5/30/2015,15:25:51,7,33.8,AH0,249,37.3879176,Day,F,L,A,MYSE
151.909,8443,6/3/2015,5/29/2015,15:25:52,7,32,AH0,221,35.4624,Day,F,L,A,MYSE
151.909,8443,6/3/2015,5/25/2015,15:25:53,7,31.7,AH0,255,35.0726529,Day,F,L,A,MYSE
151.909,8443,6/3/2015,5/29/2015,15:25:53,7,32,AH0,221,35.4624,Day,F,L,A,MYSE
151.909,8443,6/3/2015,5/30/2015,15:25:53,7,33.8,AH0,247,37.3879176,Day,F,L,A,MYSE
151.909,8443,6/3/2015,5/24/2015,15:25:55,7,31.8,AH0,255,35.2048856,Day,F,L,A,MYSE
151.909,8443,6/3/2015,5/25/2015,15:25:55,7,31.7,AH0,255,35.0726529,Day,F,L,A,MYSE
151.909,8443,6/3/2015,5/29/2015,15:25:55,7,32,AH0,217,35.4624,Day,F,L,A,MYSE
151.909,8443,6/3/2015,5/30/2015,15:25:55,7,33.8,AH0,250,37.3879176,Day,F,L,A,MYSE
151.909,8443,6/3/2015,5/24/2015,15:25:57,7,31.7,AH0,255,35.0726529,Day,F,L,A,MYSE
151.909,8443,6/3/2015,5/30/2015,15:25:57,7,33.8,AH0,249,37.3879176,Day,F,L,A,MYSE
151.909,8443,6/3/2015,5/24/2015,15:25:59,7,31.7,AH0,255,35.0726529,Day,F,L,A,MYSE
151.909,8443,6/3/2015,5/24/2015,15:26:01,7,31.7,AH0,255,35.0726529,Day,F,L,A,MYSE
151.909,8443,6/3/2015,5/24/2015,15:26:03,7,31.7,AH0,255,35.0726529,Day,F,L,A,MYSE
151.909,8443,6/3/2015,5/28/2015,15:26:08,7,15.8,AH0,47,-29.0248104,Day,F,L,A,MYSE
151.909,8443,6/3/2015,5/29/2015,15:26:08,7,32,AH0,219,35.4624,Day,F,L,A,MYSE
151.909,8443,6/3/2015,5/28/2015,15:26:09,7,31.7,AH0,48,35.0726529,Day,F,L,A,MYSE
151.909,8443,6/3/2015,5/30/2015,15:26:09,7,33.8,AH0,248,37.3879176,Day,F,L,A,MYSE
151.909,8443,6/3/2015,5/25/2015,15:26:10,7,31.7,AH0,255,35.0726529,Day,F,L,A,MYSE
151.909,8443,6/3/2015,5/29/2015,15:26:10,7,32,AH0,217,35.4624,Day,F,L,A,MYSE
151.909,8443,6/3/2015,5/30/2015,15:26:11,7,33.8,AH0,249,37.3879176,Day,F,L,A,MYSE
151.909,8443,6/3/2015,5/25/2015,15:26:12,7,31.7,AH0,255,35.0726529,Day,F,L,A,MYSE
151.909,8443,6/3/2015,5/29/2015,15:26:12,7,32,AH0,219,35.4624,Day,F,L,A,MYSE
151.909,8443,6/3/2015,5/30/2015,15:26:13,7,33.8,AH0,248,37.3879176,Day,F,L,A,MYSE
151.909,8443,6/3/2015,5/25/2015,15:26:14,7,31.7,AH0,255,35.0726529,Day,F,L,A,MYSE
151.909,8443,6/3/2015,5/29/2015,15:26:14,7,32,AH0,217,35.4624,Day,F,L,A,MYSE
151.909,8443,6/3/2015,5/30/2015,15:26:14,7,33.8,AH0,249,37.3879176,Day,F,L,A,MYSE
151.909,8443,6/3/2015,5/25/2015,15:26:15,7,31.7,AH0,255,35.0726529,Day,F,L,A,MYSE
151.909,8443,6/3/2015,5/24/2015,15:26:16,7,31.8,AH0,255,35.2048856,Day,F,L,A,MYSE
151.909,8443,6/3/2015,5/29/2015,15:26:16,7,32.1,AH0,219,35.5877213,Day,F,L,A,MYSE
151.909,8443,6/3/2015,5/30/2015,15:26:16,7,33.8,AH0,249,37.3879176,Day,F,L,A,MYSE
151.909,8443,6/3/2015,5/24/2015,15:26:18,7,31.8,AH0,255,35.2048856,Day,F,L,A,MYSE
151.909,8443,6/3/2015,5/24/2015,15:26:20,7,31.8,AH0,255,35.2048856,Day,F,L,A,MYSE
151.909,8443,6/3/2015,5/24/2015,15:26:22,7,31.8,AH0,255,35.2048856,Day,F,L,A,MYSE
151.909,8443,6/3/2015,5/28/2015,15:26:25,7,31.9,AH0,51,35.3347947,Day,F,L,A,MYSE
151.909,8443,6/3/2015,5/28/2015,15:26:27,7,31.8,AH0,43,35.2048856,Day,F,L,A,MYSE
151.909,8443,6/3/2015,5/28/2015,15:26:28,7,31.8,AH0,49,35.2048856,Day,F,L,A,MYSE
151.909,8443,6/3/2015,5/25/2015,15:26:29,7,31.6,AH0,255,34.9380768,Day,F,L,A,MYSE
151.909,8443,6/3/2015,5/29/2015,15:26:29,7,32.1,AH0,219,35.5877213,Day,F,L,A,MYSE
151.909,8443,6/3/2015,5/28/2015,15:26:30,7,31.8,AH0,47,35.2048856,Day,F,L,A,MYSE
151.909,8443,6/3/2015,5/30/2015,15:26:30,7,33.8,AH0,251,37.3879176,Day,F,L,A,MYSE
151.909,8443,6/3/2015,5/25/2015,15:26:31,7,31.6,AH0,255,34.9380768,Day,F,L,A,MYSE
151.909,8443,6/3/2015,5/29/2015,15:26:31,7,32,AH0,218,35.4624,Day,F,L,A,MYSE
151.909,8443,6/3/2015,5/30/2015,15:26:32,7,33.8,AH0,250,37.3879176,Day,F,L,A,MYSE
151.909,8443,6/3/2015,5/25/2015,15:26:33,7,31.6,AH0,255,34.9380768,Day,F,L,A,MYSE
151.909,8443,6/3/2015,5/29/2015,15:26:33,7,32.1,AH0,219,35.5877213,Day,F,L,A,MYSE
151.909,8443,6/3/2015,5/25/2015,15:26:34,7,31.6,AH0,255,34.9380768,Day,F,L,A,MYSE
151.909,8443,6/3/2015,5/30/2015,15:26:34,7,33.8,AH0,248,37.3879176,Day,F,L,A,MYSE
151.909,8443,6/3/2015,5/29/2015,15:26:35,7,32,AH0,218,35.4624,Day,F,L,A,MYSE
151.909,8443,6/3/2015,5/30/2015,15:26:36,7,33.8,AH0,248,37.3879176,Day,F,L,A,MYSE
151.909,8443,6/3/2015,5/24/2015,15:26:37,7,31.9,AH0,255,35.3347947,Day,F,L,A,MYSE
151.909,8443,6/3/2015,5/24/2015,15:26:39,7,31.9,AH0,255,35.3347947,Day,F,L,A,MYSE
151.909,8443,6/3/2015,5/24/2015,15:26:40,7,31.9,AH0,255,35.3347947,Day,F,L,A,MYSE
151.909,8443,6/3/2015,5/24/2015,15:26:42,7,31.9,AH0,255,35.3347947,Day,F,L,A,MYSE
151.909,8443,6/3/2015,5/25/2015,15:26:50,7,31.6,AH0,255,34.9380768,Day,F,L,A,MYSE
151.909,8443,6/3/2015,5/29/2015,15:26:50,7,32,AH0,217,35.4624,Day,F,L,A,MYSE
151.909,8443,6/3/2015,5/30/2015,15:26:50,7,33.8,AH0,248,37.3879176,Day,F,L,A,MYSE
151.909,8443,6/3/2015,5/25/2015,15:26:52,7,31.6,AH0,255,34.9380768,Day,F,L,A,MYSE
151.909,8443,6/3/2015,5/29/2015,15:26:52,7,32,AH0,216,35.4624,Day,F,L,A,MYSE
151.909,8443,6/3/2015,5/30/2015,15:26:52,7,33.8,AH0,248,37.3879176,Day,F,L,A,MYSE
151.909,8443,6/3/2015,5/25/2015,15:26:53,7,31.6,AH0,255,34.9380768,Day,F,L,A,MYSE
151.909,8443,6/3/2015,5/29/2015,15:26:53,7,32,AH0,217,35.4624,Day,F,L,A,MYSE
151.909,8443,6/3/2015,5/30/2015,15:26:53,7,33.8,AH0,249,37.3879176,Day,F,L,A,MYSE
151.909,8443,6/3/2015,5/24/2015,15:26:55,7,32,AH0,255,35.4624,Day,F,L,A,MYSE
151.909,8443,6/3/2015,5/25/2015,15:26:55,7,31.6,AH0,255,34.9380768,Day,F,L,A,MYSE
151.909,8443,6/3/2015,5/29/2015,15:26:55,7,32,AH0,219,35.4624,Day,F,L,A,MYSE
151.909,8443,6/3/2015,5/30/2015,15:26:55,7,33.8,AH0,249,37.3879176,Day,F,L,A,MYSE
151.909,8443,6/3/2015,5/24/2015,15:26:57,7,31.9,AH0,255,35.3347947,Day,F,L,A,MYSE
151.909,8443,6/3/2015,5/30/2015,15:26:57,7,33.8,AH0,251,37.3879176,Day,F,L,A,MYSE
151.909,8443,6/3/2015,5/24/2015,15:26:59,7,31.9,AH0,255,35.3347947,Day,F,L,A,MYSE
151.909,8443,6/3/2015,5/24/2015,15:27:01,7,31.9,AH0,255,35.3347947,Day,F,L,A,MYSE
151.909,8443,6/3/2015,5/24/2015,15:27:03,7,31.9,AH0,255,35.3347947,Day,F,L,A,MYSE
151.909,8443,6/3/2015,5/29/2015,15:27:08,7,32.3,AH0,219,35.8315911,Day,F,L,A,MYSE
151.909,8443,6/3/2015,5/25/2015,15:27:09,7,31.6,AH0,255,34.9380768,Day,F,L,A,MYSE
151.909,8443,6/3/2015,5/30/2015,15:27:09,7,33.8,AH0,248,37.3879176,Day,F,L,A,MYSE
151.909,8443,6/3/2015,5/25/2015,15:27:10,7,31.6,AH0,255,34.9380768,Day,F,L,A,MYSE
151.909,8443,6/3/2015,5/29/2015,15:27:10,7,32,AH0,219,35.4624,Day,F,L,A,MYSE
151.909,8443,6/3/2015,5/30/2015,15:27:11,7,33.8,AH0,251,37.3879176,Day,F,L,A,MYSE
151.909,8443,6/3/2015,5/25/2015,15:27:12,7,31.6,AH0,255,34.9380768,Day,F,L,A,MYSE
151.909,8443,6/3/2015,5/29/2015,15:27:12,7,32,AH0,215,35.4624,Day,F,L,A,MYSE
151.909,8443,6/3/2015,5/30/2015,15:27:13,7,33.8,AH0,250,37.3879176,Day,F,L,A,MYSE
151.909,8443,6/3/2015,5/25/2015,15:27:14,7,31.6,AH0,255,34.9380768,Day,F,L,A,MYSE
151.909,8443,6/3/2015,5/29/2015,15:27:14,7,32,AH0,217,35.4624,Day,F,L,A,MYSE
151.909,8443,6/3/2015,5/30/2015,15:27:15,7,33.8,AH0,248,37.3879176,Day,F,L,A,MYSE
151.909,8443,6/3/2015,5/24/2015,15:27:16,7,31.8,AH0,255,35.2048856,Day,F,L,A,MYSE
151.909,8443,6/3/2015,5/25/2015,15:27:16,7,31.6,AH0,255,34.9380768,Day,F,L,A,MYSE
151.909,8443,6/3/2015,5/29/2015,15:27:16,7,32,AH0,218,35.4624,Day,F,L,A,MYSE
151.909,8443,6/3/2015,5/30/2015,15:27:16,7,33.8,AH0,249,37.3879176,Day,F,L,A,MYSE
151.909,8443,6/3/2015,5/24/2015,15:27:18,7,31.9,AH0,255,35.3347947,Day,F,L,A,MYSE
151.909,8443,6/3/2015,5/24/2015,15:27:20,7,31.8,AH0,255,35.2048856,Day,F,L,A,MYSE
151.909,8443,6/3/2015,5/24/2015,15:27:22,7,31.8,AH0,255,35.2048856,Day,F,L,A,MYSE
151.909,8443,6/3/2015,5/28/2015,15:27:27,7,10.6,AH0,49,-76.2402072,Day,F,L,A,MYSE
151.909,8443,6/3/2015,5/25/2015,15:27:29,7,31.6,AH0,255,34.9380768,Day,F,L,A,MYSE
151.909,8443,6/3/2015,5/28/2015,15:27:29,7,31.7,AH0,15,35.0726529,Day,F,L,A,MYSE
151.909,8443,6/3/2015,5/29/2015,15:27:29,7,32,AH0,215,35.4624,Day,F,L,A,MYSE
151.909,8443,6/3/2015,5/30/2015,15:27:29,7,33.8,AH0,249,37.3879176,Day,F,L,A,MYSE
151.909,8443,6/3/2015,5/25/2015,15:27:31,7,31.6,AH0,255,34.9380768,Day,F,L,A,MYSE
151.909,8443,6/3/2015,5/29/2015,15:27:31,7,32,AH0,215,35.4624,Day,F,L,A,MYSE
151.909,8443,6/3/2015,5/30/2015,15:27:31,7,33.8,AH0,250,37.3879176,Day,F,L,A,MYSE
151.909,8443,6/3/2015,5/30/2015,15:27:32,7,33.8,AH0,249,37.3879176,Day,F,L,A,MYSE
151.909,8443,6/3/2015,5/25/2015,15:27:33,7,31.6,AH0,255,34.9380768,Day,F,L,A,MYSE
151.909,8443,6/3/2015,5/29/2015,15:27:33,7,32,AH0,216,35.4624,Day,F,L,A,MYSE
151.909,8443,6/3/2015,5/30/2015,15:27:34,7,33.8,AH0,250,37.3879176,Day,F,L,A,MYSE
151.909,8443,6/3/2015,5/25/2015,15:27:35,7,31.6,AH0,255,34.9380768,Day,F,L,A,MYSE
151.909,8443,6/3/2015,5/29/2015,15:27:35,7,32,AH0,216,35.4624,Day,F,L,A,MYSE
151.909,8443,6/3/2015,5/30/2015,15:27:36,7,33.8,AH0,249,37.3879176,Day,F,L,A,MYSE
151.909,8443,6/3/2015,5/24/2015,15:27:37,7,31.8,AH0,255,35.2048856,Day,F,L,A,MYSE
151.909,8443,6/3/2015,5/24/2015,15:27:39,7,31.8,AH0,255,35.2048856,Day,F,L,A,MYSE
151.909,8443,6/3/2015,5/24/2015,15:27:41,7,31.8,AH0,255,35.2048856,Day,F,L,A,MYSE
151.909,8443,6/3/2015,5/24/2015,15:27:43,7,31.8,AH0,255,35.2048856,Day,F,L,A,MYSE
151.909,8443,6/3/2015,5/25/2015,15:27:48,7,31.5,AH0,255,34.8011375,Day,F,L,A,MYSE
151.909,8443,6/3/2015,5/25/2015,15:27:50,7,31.6,AH0,255,34.9380768,Day,F,L,A,MYSE
151.909,8443,6/3/2015,5/29/2015,15:27:50,7,32,AH0,217,35.4624,Day,F,L,A,MYSE
151.909,8443,6/3/2015,5/30/2015,15:27:50,7,33.8,AH0,249,37.3879176,Day,F,L,A,MYSE
151.909,8443,6/3/2015,5/25/2015,15:27:52,7,31.6,AH0,255,34.9380768,Day,F,L,A,MYSE
151.909,8443,6/3/2015,5/29/2015,15:27:52,7,32,AH0,215,35.4624,Day,F,L,A,MYSE
151.909,8443,6/3/2015,5/30/2015,15:27:52,7,33.8,AH0,246,37.3879176,Day,F,L,A,MYSE
151.909,8443,6/3/2015,5/29/2015,15:27:53,7,32,AH0,214,35.4624,Day,F,L,A,MYSE
151.909,8443,6/3/2015,5/25/2015,15:27:54,7,31.5,AH0,255,34.8011375,Day,F,L,A,MYSE
151.909,8443,6/3/2015,5/30/2015,15:27:54,7,33.8,AH0,248,37.3879176,Day,F,L,A,MYSE
151.909,8443,6/3/2015,5/29/2015,15:27:55,7,32,AH0,218,35.4624,Day,F,L,A,MYSE
151.909,8443,6/3/2015,5/24/2015,15:27:56,7,31.8,AH0,255,35.2048856,Day,F,L,A,MYSE
151.909,8443,6/3/2015,5/25/2015,15:27:56,7,31.6,AH0,255,34.9380768,Day,F,L,A,MYSE
151.909,8443,6/3/2015,5/30/2015,15:27:56,7,33.8,AH0,249,37.3879176,Day,F,L,A,MYSE
151.909,8443,6/3/2015,5/24/2015,15:27:58,7,31.8,AH0,255,35.2048856,Day,F,L,A,MYSE
151.909,8443,6/3/2015,5/24/2015,15:28:00,7,31.8,AH0,255,35.2048856,Day,F,L,A,MYSE
151.909,8443,6/3/2015,5/24/2015,15:28:01,7,31.8,AH0,255,35.2048856,Day,F,L,A,MYSE
151.909,8443,6/3/2015,5/29/2015,15:28:08,7,32,AH0,218,35.4624,Day,F,L,A,MYSE
151.909,8443,6/3/2015,5/25/2015,15:28:09,7,31.5,AH0,255,34.8011375,Day,F,L,A,MYSE
151.909,8443,6/3/2015,5/29/2015,15:28:10,7,32,AH0,220,35.4624,Day,F,L,A,MYSE
151.909,8443,6/3/2015,5/30/2015,15:28:10,7,33.8,AH0,248,37.3879176,Day,F,L,A,MYSE
151.909,8443,6/3/2015,5/25/2015,15:28:11,7,31.5,AH0,255,34.8011375,Day,F,L,A,MYSE
151.909,8443,6/3/2015,5/28/2015,15:28:11,7,15.9,AH0,43,-28.2712693,Day,F,L,A,MYSE
151.909,8443,6/3/2015,5/29/2015,15:28:12,7,32,AH0,218,35.4624,Day,F,L,A,MYSE
151.909,8443,6/3/2015,5/30/2015,15:28:12,7,33.8,AH0,250,37.3879176,Day,F,L,A,MYSE
151.909,8443,6/3/2015,5/25/2015,15:28:13,7,31.5,AH0,255,34.8011375,Day,F,L,A,MYSE
151.909,8443,6/3/2015,5/30/2015,15:28:13,7,33.8,AH0,249,37.3879176,Day,F,L,A,MYSE
151.909,8443,6/3/2015,5/29/2015,15:28:14,7,32,AH0,217,35.4624,Day,F,L,A,MYSE
151.909,8443,6/3/2015,5/25/2015,15:28:15,7,31.5,AH0,255,34.8011375,Day,F,L,A,MYSE
151.909,8443,6/3/2015,5/30/2015,15:28:15,7,33.8,AH0,250,37.3879176,Day,F,L,A,MYSE
151.909,8443,6/3/2015,5/29/2015,15:28:16,7,32,AH0,214,35.4624,Day,F,L,A,MYSE
151.909,8443,6/3/2015,5/24/2015,15:28:17,7,31.8,AH0,255,35.2048856,Day,F,L,A,MYSE
151.909,8443,6/3/2015,5/30/2015,15:28:17,7,33.8,AH0,249,37.3879176,Day,F,L,A,MYSE
151.909,8443,6/3/2015,5/24/2015,15:28:18,7,31.8,AH0,255,35.2048856,Day,F,L,A,MYSE
151.909,8443,6/3/2015,5/24/2015,15:28:20,7,31.8,AH0,255,35.2048856,Day,F,L,A,MYSE
151.909,8443,6/3/2015,5/24/2015,15:28:22,7,31.8,AH0,255,35.2048856,Day,F,L,A,MYSE
151.909,8443,6/3/2015,5/28/2015,15:28:26,7,31.9,AH0,40,35.3347947,Day,F,L,A,MYSE
151.909,8443,6/3/2015,5/25/2015,15:28:28,7,31.5,AH0,255,34.8011375,Day,F,L,A,MYSE
151.909,8443,6/3/2015,5/28/2015,15:28:28,7,31.7,AH0,47,35.0726529,Day,F,L,A,MYSE
151.909,8443,6/3/2015,5/28/2015,15:28:29,7,31.9,AH0,46,35.3347947,Day,F,L,A,MYSE
151.909,8443,6/3/2015,5/29/2015,15:28:29,7,32,AH0,217,35.4624,Day,F,L,A,MYSE
151.909,8443,6/3/2015,5/30/2015,15:28:29,7,33.8,AH0,251,37.3879176,Day,F,L,A,MYSE
151.909,8443,6/3/2015,5/25/2015,15:28:30,7,31.5,AH0,255,34.8011375,Day,F,L,A,MYSE
151.909,8443,6/3/2015,5/29/2015,15:28:31,7,32,AH0,215,35.4624,Day,F,L,A,MYSE
151.909,8443,6/3/2015,5/30/2015,15:28:31,7,33.8,AH0,248,37.3879176,Day,F,L,A,MYSE
151.909,8443,6/3/2015,5/25/2015,15:28:32,7,31.5,AH0,255,34.8011375,Day,F,L,A,MYSE
151.909,8443,6/3/2015,5/29/2015,15:28:33,7,32,AH0,217,35.4624,Day,F,L,A,MYSE
151.909,8443,6/3/2015,5/30/2015,15:28:33,7,33.8,AH0,247,37.3879176,Day,F,L,A,MYSE
151.909,8443,6/3/2015,5/25/2015,15:28:34,7,31.5,AH0,255,34.8011375,Day,F,L,A,MYSE
151.909,8443,6/3/2015,5/24/2015,15:28:35,7,31.8,AH0,255,35.2048856,Day,F,L,A,MYSE
151.909,8443,6/3/2015,5/29/2015,15:28:35,7,32,AH0,218,35.4624,Day,F,L,A,MYSE
151.909,8443,6/3/2015,5/30/2015,15:28:35,7,33.8,AH0,251,37.3879176,Day,F,L,A,MYSE
151.909,8443,6/3/2015,5/25/2015,15:28:36,7,31.5,AH0,255,34.8011375,Day,F,L,A,MYSE
151.909,8443,6/3/2015,5/30/2015,15:28:36,7,33.8,AH0,250,37.3879176,Day,F,L,A,MYSE
151.909,8443,6/3/2015,5/24/2015,15:28:37,7,31.8,AH0,255,35.2048856,Day,F,L,A,MYSE
151.909,8443,6/3/2015,5/24/2015,15:28:39,7,31.8,AH0,255,35.2048856,Day,F,L,A,MYSE
151.909,8443,6/3/2015,5/24/2015,15:28:41,7,31.8,AH0,255,35.2048856,Day,F,L,A,MYSE
151.909,8443,6/3/2015,5/24/2015,15:28:43,7,31.8,AH0,255,35.2048856,Day,F,L,A,MYSE
151.909,8443,6/3/2015,5/25/2015,15:28:49,7,31.5,AH0,255,34.8011375,Day,F,L,A,MYSE
151.909,8443,6/3/2015,5/30/2015,15:28:49,7,33.8,AH0,251,37.3879176,Day,F,L,A,MYSE
151.909,8443,6/3/2015,5/25/2015,15:28:51,7,31.5,AH0,255,34.8011375,Day,F,L,A,MYSE
151.909,8443,6/3/2015,5/29/2015,15:28:51,7,32,AH0,217,35.4624,Day,F,L,A,MYSE
151.909,8443,6/3/2015,5/30/2015,15:28:51,7,33.8,AH0,248,37.3879176,Day,F,L,A,MYSE
151.909,8443,6/3/2015,5/30/2015,15:28:52,7,33.8,AH0,247,37.3879176,Day,F,L,A,MYSE
151.909,8443,6/3/2015,5/25/2015,15:28:53,7,31.5,AH0,255,34.8011375,Day,F,L,A,MYSE
151.909,8443,6/3/2015,5/29/2015,15:28:53,7,32,AH0,215,35.4624,Day,F,L,A,MYSE
151.909,8443,6/3/2015,5/29/2015,15:28:54,7,32,AH0,214,35.4624,Day,F,L,A,MYSE
151.909,8443,6/3/2015,5/30/2015,15:28:54,7,33.8,AH0,248,37.3879176,Day,F,L,A,MYSE
151.909,8443,6/3/2015,5/25/2015,15:28:55,7,31.5,AH0,255,34.8011375,Day,F,L,A,MYSE
151.909,8443,6/3/2015,5/24/2015,15:28:56,7,31.8,AH0,255,35.2048856,Day,F,L,A,MYSE
151.909,8443,6/3/2015,5/29/2015,15:28:56,7,32,AH0,216,35.4624,Day,F,L,A,MYSE
151.909,8443,6/3/2015,5/30/2015,15:28:56,7,33.8,AH0,247,37.3879176,Day,F,L,A,MYSE
151.909,8443,6/3/2015,5/24/2015,15:28:58,7,31.8,AH0,255,35.2048856,Day,F,L,A,MYSE
151.909,8443,6/3/2015,5/24/2015,15:29:00,7,31.8,AH0,255,35.2048856,Day,F,L,A,MYSE
151.909,8443,6/3/2015,5/24/2015,15:29:02,7,31.8,AH0,255,35.2048856,Day,F,L,A,MYSE
151.909,8443,6/3/2015,5/28/2015,15:29:05,7,31.9,AH0,48,35.3347947,Day,F,L,A,MYSE
151.909,8443,6/3/2015,5/25/2015,15:29:08,7,31.5,AH0,255,34.8011375,Day,F,L,A,MYSE
151.909,8443,6/3/2015,5/28/2015,15:29:09,7,15.9,AH0,48,-28.2712693,Day,F,L,A,MYSE
151.909,8443,6/3/2015,5/29/2015,15:29:09,7,31.9,AH0,218,35.3347947,Day,F,L,A,MYSE
151.909,8443,6/3/2015,5/25/2015,15:29:10,7,31.5,AH0,255,34.8011375,Day,F,L,A,MYSE
151.909,8443,6/3/2015,5/30/2015,15:29:10,7,33.7,AH0,247,37.2983949,Day,F,L,A,MYSE
151.909,8443,6/3/2015,5/28/2015,15:29:11,7,32,AH0,48,35.4624,Day,F,L,A,MYSE
151.909,8443,6/3/2015,5/29/2015,15:29:11,7,32,AH0,218,35.4624,Day,F,L,A,MYSE
151.909,8443,6/3/2015,5/25/2015,15:29:12,7,31.5,AH0,255,34.8011375,Day,F,L,A,MYSE
151.909,8443,6/3/2015,5/30/2015,15:29:12,7,33.7,AH0,250,37.2983949,Day,F,L,A,MYSE
151.909,8443,6/3/2015,5/29/2015,15:29:13,7,31.9,AH0,219,35.3347947,Day,F,L,A,MYSE
151.909,8443,6/3/2015,5/25/2015,15:29:14,7,31.4,AH0,255,34.6618152,Day,F,L,A,MYSE
151.909,8443,6/3/2015,5/30/2015,15:29:14,7,33.8,AH0,246,37.3879176,Day,F,L,A,MYSE
151.909,8443,6/3/2015,5/29/2015,15:29:15,7,32,AH0,219,35.4624,Day,F,L,A,MYSE
151.909,8443,6/3/2015,5/25/2015,15:29:16,7,31.5,AH0,255,34.8011375,Day,F,L,A,MYSE
151.909,8443,6/3/2015,5/30/2015,15:29:16,7,33.7,AH0,248,37.2983949,Day,F,L,A,MYSE
151.909,8443,6/3/2015,5/24/2015,15:29:17,7,31.8,AH0,255,35.2048856,Day,F,L,A,MYSE
151.909,8443,6/3/2015,5/29/2015,15:29:17,7,31.9,AH0,219,35.3347947,Day,F,L,A,MYSE
151.909,8443,6/3/2015,5/24/2015,15:29:19,7,31.8,AH0,255,35.2048856,Day,F,L,A,MYSE
151.909,8443,6/3/2015,5/24/2015,15:29:21,7,31.8,AH0,255,35.2048856,Day,F,L,A,MYSE
151.909,8443,6/3/2015,5/24/2015,15:29:23,7,31.8,AH0,255,35.2048856,Day,F,L,A,MYSE
151.909,8443,6/3/2015,5/25/2015,15:29:29,7,31.5,AH0,255,34.8011375,Day,F,L,A,MYSE
151.909,8443,6/3/2015,5/29/2015,15:29:30,7,31.9,AH0,218,35.3347947,Day,F,L,A,MYSE
151.909,8443,6/3/2015,5/30/2015,15:29:30,7,33.7,AH0,249,37.2983949,Day,F,L,A,MYSE
151.909,8443,6/3/2015,5/25/2015,15:29:31,7,31.4,AH0,255,34.6618152,Day,F,L,A,MYSE
151.909,8443,6/3/2015,5/29/2015,15:29:32,7,31.9,AH0,218,35.3347947,Day,F,L,A,MYSE
151.909,8443,6/3/2015,5/30/2015,15:29:32,7,33.7,AH0,246,37.2983949,Day,F,L,A,MYSE
151.909,8443,6/3/2015,5/25/2015,15:29:33,7,31.4,AH0,255,34.6618152,Day,F,L,A,MYSE
151.909,8443,6/3/2015,5/30/2015,15:29:33,7,33.7,AH0,246,37.2983949,Day,F,L,A,MYSE
151.909,8443,6/3/2015,5/29/2015,15:29:34,7,31.9,AH0,216,35.3347947,Day,F,L,A,MYSE
151.909,8443,6/3/2015,5/25/2015,15:29:35,7,31.5,AH0,255,34.8011375,Day,F,L,A,MYSE
151.909,8443,6/3/2015,5/30/2015,15:29:35,7,33.7,AH0,246,37.2983949,Day,F,L,A,MYSE
151.909,8443,6/3/2015,5/24/2015,15:29:36,7,31.9,AH0,255,35.3347947,Day,F,L,A,MYSE
151.909,8443,6/3/2015,5/29/2015,15:29:36,7,31.9,AH0,218,35.3347947,Day,F,L,A,MYSE
151.909,8443,6/3/2015,5/30/2015,15:29:37,7,33.7,AH0,248,37.2983949,Day,F,L,A,MYSE
151.909,8443,6/3/2015,5/24/2015,15:29:38,7,31.9,AH0,255,35.3347947,Day,F,L,A,MYSE
151.909,8443,6/3/2015,5/24/2015,15:29:40,7,31.9,AH0,255,35.3347947,Day,F,L,A,MYSE
151.909,8443,6/3/2015,5/24/2015,15:29:41,7,31.9,AH0,255,35.3347947,Day,F,L,A,MYSE
151.909,8443,6/3/2015,5/31/2015,15:29:44,6,12.5,AH0,21,-57.0909375,Day,F,L,A,MYSE
151.909,8443,6/3/2015,5/28/2015,15:29:45,7,31.8,AH0,50,35.2048856,Day,F,L,A,MYSE
151.909,8443,6/3/2015,5/28/2015,15:29:47,7,32,AH0,46,35.4624,Day,F,L,A,MYSE
151.909,8443,6/3/2015,5/25/2015,15:29:49,7,31.4,AH0,255,34.6618152,Day,F,L,A,MYSE
151.909,8443,6/3/2015,5/28/2015,15:29:49,7,31.9,AH0,50,35.3347947,Day,F,L,A,MYSE
151.909,8443,6/3/2015,5/30/2015,15:29:49,7,33.7,AH0,248,37.2983949,Day,F,L,A,MYSE
151.909,8443,6/3/2015,5/25/2015,15:29:50,7,31.4,AH0,255,34.6618152,Day,F,L,A,MYSE
151.909,8443,6/3/2015,5/28/2015,15:29:50,7,31.8,AH0,45,35.2048856,Day,F,L,A,MYSE
151.909,8443,6/3/2015,5/29/2015,15:29:51,7,31.9,AH0,219,35.3347947,Day,F,L,A,MYSE
151.909,8443,6/3/2015,5/30/2015,15:29:51,7,33.7,AH0,247,37.2983949,Day,F,L,A,MYSE
151.909,8443,6/3/2015,5/25/2015,15:29:52,7,31.4,AH0,255,34.6618152,Day,F,L,A,MYSE
151.909,8443,6/3/2015,5/29/2015,15:29:53,7,31.9,AH0,216,35.3347947,Day,F,L,A,MYSE
151.909,8443,6/3/2015,5/30/2015,15:29:53,7,33.8,AH0,246,37.3879176,Day,F,L,A,MYSE
151.909,8443,6/3/2015,5/25/2015,15:29:54,7,31.4,AH0,255,34.6618152,Day,F,L,A,MYSE
151.909,8443,6/3/2015,5/29/2015,15:29:55,7,31.9,AH0,217,35.3347947,Day,F,L,A,MYSE
151.909,8443,6/3/2015,5/30/2015,15:29:55,7,33.8,AH0,250,37.3879176,Day,F,L,A,MYSE
151.909,8443,6/3/2015,5/24/2015,15:29:56,7,32,AH0,255,35.4624,Day,F,L,A,MYSE
151.909,8443,6/3/2015,5/29/2015,15:29:56,7,31.9,AH0,216,35.3347947,Day,F,L,A,MYSE
151.909,8443,6/3/2015,5/30/2015,15:29:56,7,33.7,AH0,250,37.2983949,Day,F,L,A,MYSE
151.909,8443,6/3/2015,5/24/2015,15:29:58,7,32,AH0,255,35.4624,Day,F,L,A,MYSE
151.909,8443,6/3/2015,5/24/2015,15:30:00,7,32,AH0,255,35.4624,Day,F,L,A,MYSE
151.909,8443,6/3/2015,5/24/2015,15:30:02,7,32,AH0,255,35.4624,Day,F,L,A,MYSE
151.909,8443,6/3/2015,5/30/2015,15:30:09,7,33.7,AH0,247,37.2983949,Day,F,L,A,MYSE
151.909,8443,6/3/2015,5/25/2015,15:30:10,7,31.4,AH0,255,34.6618152,Day,F,L,A,MYSE
151.909,8443,6/3/2015,5/29/2015,15:30:10,7,31.9,AH0,218,35.3347947,Day,F,L,A,MYSE
151.909,8443,6/3/2015,5/25/2015,15:30:11,7,31.4,AH0,255,34.6618152,Day,F,L,A,MYSE
151.909,8443,6/3/2015,5/29/2015,15:30:11,7,31.9,AH0,216,35.3347947,Day,F,L,A,MYSE
151.909,8443,6/3/2015,5/30/2015,15:30:11,7,33.8,AH0,248,37.3879176,Day,F,L,A,MYSE
151.909,8443,6/3/2015,5/30/2015,15:30:12,7,33.8,AH0,247,37.3879176,Day,F,L,A,MYSE
151.909,8443,6/3/2015,5/25/2015,15:30:13,7,31.4,AH0,255,34.6618152,Day,F,L,A,MYSE
151.909,8443,6/3/2015,5/29/2015,15:30:13,7,31.9,AH0,216,35.3347947,Day,F,L,A,MYSE
151.909,8443,6/3/2015,5/30/2015,15:30:14,7,33.8,AH0,246,37.3879176,Day,F,L,A,MYSE
151.909,8443,6/3/2015,5/24/2015,15:30:15,7,32.1,AH0,255,35.5877213,Day,F,L,A,MYSE
151.909,8443,6/3/2015,5/25/2015,15:30:15,7,31.4,AH0,255,34.6618152,Day,F,L,A,MYSE
151.909,8443,6/3/2015,5/29/2015,15:30:15,7,31.9,AH0,219,35.3347947,Day,F,L,A,MYSE
151.909,8443,6/3/2015,5/30/2015,15:30:16,7,33.8,AH0,247,37.3879176,Day,F,L,A,MYSE
151.909,8443,6/3/2015,5/24/2015,15:30:17,7,32.1,AH0,255,35.5877213,Day,F,L,A,MYSE
151.909,8443,6/3/2015,5/29/2015,15:30:17,7,31.9,AH0,219,35.3347947,Day,F,L,A,MYSE
151.909,8443,6/3/2015,5/24/2015,15:30:19,7,32.1,AH0,255,35.5877213,Day,F,L,A,MYSE
151.909,8443,6/3/2015,5/24/2015,15:30:21,7,32.1,AH0,255,35.5877213,Day,F,L,A,MYSE
151.909,8443,6/3/2015,5/24/2015,15:30:23,7,32.2,AH0,255,35.7107784,Day,F,L,A,MYSE
151.909,8443,6/3/2015,5/28/2015,15:30:24,7,31.7,AH0,15,35.0726529,Day,F,L,A,MYSE
151.909,8443,6/3/2015,5/28/2015,15:30:26,7,31.9,AH0,46,35.3347947,Day,F,L,A,MYSE
151.909,8443,6/3/2015,5/28/2015,15:30:28,7,32,AH0,45,35.4624,Day,F,L,A,MYSE
151.909,8443,6/3/2015,5/25/2015,15:30:29,7,31.4,AH0,255,34.6618152,Day,F,L,A,MYSE
151.909,8443,6/3/2015,5/28/2015,15:30:30,7,32,AH0,47,35.4624,Day,F,L,A,MYSE
151.909,8443,6/3/2015,5/29/2015,15:30:30,7,31.9,AH0,217,35.3347947,Day,F,L,A,MYSE
151.909,8443,6/3/2015,5/30/2015,15:30:30,7,33.8,AH0,248,37.3879176,Day,F,L,A,MYSE
151.909,8443,6/3/2015,5/25/2015,15:30:31,7,31.5,AH0,255,34.8011375,Day,F,L,A,MYSE
151.909,8443,6/3/2015,5/25/2015,15:30:32,7,31.5,AH0,255,34.8011375,Day,F,L,A,MYSE
151.909,8443,6/3/2015,5/29/2015,15:30:32,7,31.9,AH0,218,35.3347947,Day,F,L,A,MYSE
151.909,8443,6/3/2015,5/30/2015,15:30:32,7,33.7,AH0,248,37.2983949,Day,F,L,A,MYSE
151.909,8443,6/3/2015,5/25/2015,15:30:34,7,31.5,AH0,255,34.8011375,Day,F,L,A,MYSE
151.909,8443,6/3/2015,5/29/2015,15:30:34,7,31.9,AH0,218,35.3347947,Day,F,L,A,MYSE
151.909,8443,6/3/2015,5/30/2015,15:30:34,7,33.7,AH0,249,37.2983949,Day,F,L,A,MYSE
151.909,8443,6/3/2015,5/24/2015,15:30:36,7,32.2,AH0,255,35.7107784,Day,F,L,A,MYSE
151.909,8443,6/3/2015,5/29/2015,15:30:36,7,31.9,AH0,216,35.3347947,Day,F,L,A,MYSE
151.909,8443,6/3/2015,5/30/2015,15:30:36,7,33.8,AH0,251,37.3879176,Day,F,L,A,MYSE
151.909,8443,6/3/2015,5/24/2015,15:30:38,7,32.2,AH0,255,35.7107784,Day,F,L,A,MYSE
151.909,8443,6/3/2015,5/24/2015,15:30:39,7,32.2,AH0,255,35.7107784,Day,F,L,A,MYSE
151.909,8443,6/3/2015,5/24/2015,15:30:41,7,32.2,AH0,255,35.7107784,Day,F,L,A,MYSE
151.909,8443,6/3/2015,5/24/2015,15:30:43,7,32.2,AH0,255,35.7107784,Day,F,L,A,MYSE
151.909,8443,6/3/2015,5/28/2015,15:30:45,7,15.9,AH0,47,-28.2712693,Day,F,L,A,MYSE
151.909,8443,6/3/2015,5/28/2015,15:30:47,7,31.8,AH0,32,35.2048856,Day,F,L,A,MYSE
151.909,8443,6/3/2015,5/28/2015,15:30:49,7,31.8,AH0,15,35.2048856,Day,F,L,A,MYSE
151.909,8443,6/3/2015,5/25/2015,15:30:50,7,31.5,AH0,255,34.8011375,Day,F,L,A,MYSE
151.909,8443,6/3/2015,5/30/2015,15:30:50,7,33.7,AH0,247,37.2983949,Day,F,L,A,MYSE
151.909,8443,6/3/2015,5/28/2015,15:30:51,7,32,AH0,43,35.4624,Day,F,L,A,MYSE
151.909,8443,6/3/2015,5/29/2015,15:30:51,7,31.9,AH0,213,35.3347947,Day,F,L,A,MYSE
151.909,8443,6/3/2015,5/25/2015,15:30:52,7,31.5,AH0,255,34.8011375,Day,F,L,A,MYSE
151.909,8443,6/3/2015,5/30/2015,15:30:52,7,33.8,AH0,249,37.3879176,Day,F,L,A,MYSE
151.909,8443,6/3/2015,5/25/2015,15:30:53,7,31.5,AH0,255,34.8011375,Day,F,L,A,MYSE
151.909,8443,6/3/2015,5/29/2015,15:30:53,7,31.9,AH0,215,35.3347947,Day,F,L,A,MYSE
151.909,8443,6/3/2015,5/30/2015,15:30:53,7,33.7,AH0,248,37.2983949,Day,F,L,A,MYSE
151.909,8443,6/3/2015,5/25/2015,15:30:55,7,31.5,AH0,255,34.8011375,Day,F,L,A,MYSE
151.909,8443,6/3/2015,5/29/2015,15:30:55,7,31.9,AH0,218,35.3347947,Day,F,L,A,MYSE
151.909,8443,6/3/2015,5/30/2015,15:30:55,7,33.8,AH0,249,37.3879176,Day,F,L,A,MYSE
151.909,8443,6/3/2015,5/24/2015,15:30:56,7,32.2,AH0,255,35.7107784,Day,F,L,A,MYSE
151.909,8443,6/3/2015,5/29/2015,15:30:57,7,31.9,AH0,214,35.3347947,Day,F,L,A,MYSE
151.909,8443,6/3/2015,5/30/2015,15:30:57,7,33.7,AH0,245,37.2983949,Day,F,L,A,MYSE
151.909,8443,6/3/2015,5/24/2015,15:30:58,7,32.2,AH0,255,35.7107784,Day,F,L,A,MYSE
151.909,8443,6/3/2015,5/24/2015,15:31:00,7,32.2,AH0,255,35.7107784,Day,F,L,A,MYSE
151.909,8443,6/3/2015,5/24/2015,15:31:02,7,32.2,AH0,255,35.7107784,Day,F,L,A,MYSE
151.909,8443,6/3/2015,5/28/2015,15:31:04,7,31.9,AH0,50,35.3347947,Day,F,L,A,MYSE
151.909,8443,6/3/2015,5/28/2015,15:31:06,7,31.8,AH0,47,35.2048856,Day,F,L,A,MYSE
151.909,8443,6/3/2015,5/25/2015,15:31:09,7,31.5,AH0,255,34.8011375,Day,F,L,A,MYSE
151.909,8443,6/3/2015,5/30/2015,15:31:09,7,33.7,AH0,246,37.2983949,Day,F,L,A,MYSE
151.909,8443,6/3/2015,5/28/2015,15:31:10,7,15.9,AH0,48,-28.2712693,Day,F,L,A,MYSE
151.909,8443,6/3/2015,5/29/2015,15:31:10,7,31.9,AH0,219,35.3347947,Day,F,L,A,MYSE
151.909,8443,6/3/2015,5/25/2015,15:31:11,7,31.5,AH0,255,34.8011375,Day,F,L,A,MYSE
151.909,8443,6/3/2015,5/30/2015,15:31:11,7,33.7,AH0,250,37.2983949,Day,F,L,A,MYSE
151.909,8443,6/3/2015,5/25/2015,15:31:12,7,31.5,AH0,255,34.8011375,Day,F,L,A,MYSE
151.909,8443,6/3/2015,5/29/2015,15:31:12,7,31.9,AH0,219,35.3347947,Day,F,L,A,MYSE
151.909,8443,6/3/2015,5/30/2015,15:31:13,7,33.7,AH0,249,37.2983949,Day,F,L,A,MYSE
151.909,8443,6/3/2015,5/25/2015,15:31:14,7,31.5,AH0,255,34.8011375,Day,F,L,A,MYSE
151.909,8443,6/3/2015,5/29/2015,15:31:14,7,31.9,AH0,218,35.3347947,Day,F,L,A,MYSE
151.909,8443,6/3/2015,5/29/2015,15:31:15,7,31.9,AH0,217,35.3347947,Day,F,L,A,MYSE
151.909,8443,6/3/2015,5/30/2015,15:31:15,7,33.7,AH0,248,37.2983949,Day,F,L,A,MYSE
151.909,8443,6/3/2015,5/30/2015,15:31:16,7,33.7,AH0,245,37.2983949,Day,F,L,A,MYSE
151.909,8443,6/3/2015,5/24/2015,15:31:17,7,32.1,AH0,255,35.5877213,Day,F,L,A,MYSE
151.909,8443,6/3/2015,5/29/2015,15:31:17,7,31.8,AH0,219,35.2048856,Day,F,L,A,MYSE
151.909,8443,6/3/2015,5/24/2015,15:31:19,7,32.1,AH0,255,35.5877213,Day,F,L,A,MYSE
151.909,8443,6/3/2015,5/24/2015,15:31:20,7,32.1,AH0,255,35.5877213,Day,F,L,A,MYSE
151.909,8443,6/3/2015,5/24/2015,15:31:22,7,32.1,AH0,255,35.5877213,Day,F,L,A,MYSE
151.909,8443,6/3/2015,5/28/2015,15:31:27,7,15.9,AH0,43,-28.2712693,Day,F,L,A,MYSE
151.909,8443,6/3/2015,5/30/2015,15:31:29,7,33.7,AH0,248,37.2983949,Day,F,L,A,MYSE
151.909,8443,6/3/2015,5/25/2015,15:31:30,7,31.6,AH0,255,34.9380768,Day,F,L,A,MYSE
151.909,8443,6/3/2015,5/25/2015,15:31:31,7,31.6,AH0,255,34.9380768,Day,F,L,A,MYSE
151.909,8443,6/3/2015,5/29/2015,15:31:31,7,31.8,AH0,218,35.2048856,Day,F,L,A,MYSE
151.909,8443,6/3/2015,5/30/2015,15:31:31,7,33.7,AH0,250,37.2983949,Day,F,L,A,MYSE
151.909,8443,6/3/2015,5/29/2015,15:31:32,7,31.8,AH0,218,35.2048856,Day,F,L,A,MYSE
151.909,8443,6/3/2015,5/30/2015,15:31:32,7,33.7,AH0,249,37.2983949,Day,F,L,A,MYSE
151.909,8443,6/3/2015,5/25/2015,15:31:33,7,31.6,AH0,255,34.9380768,Day,F,L,A,MYSE
151.909,8443,6/3/2015,5/29/2015,15:31:34,7,31.8,AH0,218,35.2048856,Day,F,L,A,MYSE
151.909,8443,6/3/2015,5/30/2015,15:31:34,7,33.7,AH0,250,37.2983949,Day,F,L,A,MYSE
151.909,8443,6/3/2015,5/24/2015,15:31:35,7,32.1,AH0,255,35.5877213,Day,F,L,A,MYSE
151.909,8443,6/3/2015,5/25/2015,15:31:35,7,31.6,AH0,255,34.9380768,Day,F,L,A,MYSE
151.909,8443,6/3/2015,5/29/2015,15:31:36,7,31.8,AH0,217,35.2048856,Day,F,L,A,MYSE
151.909,8443,6/3/2015,5/30/2015,15:31:36,7,33.7,AH0,246,37.2983949,Day,F,L,A,MYSE
151.909,8443,6/3/2015,5/24/2015,15:31:37,7,32.1,AH0,255,35.5877213,Day,F,L,A,MYSE
151.909,8443,6/3/2015,5/24/2015,15:31:39,7,32.1,AH0,255,35.5877213,Day,F,L,A,MYSE
151.909,8443,6/3/2015,5/24/2015,15:31:41,7,32,AH0,255,35.4624,Day,F,L,A,MYSE
151.909,8443,6/3/2015,5/24/2015,15:31:43,7,32,AH0,255,35.4624,Day,F,L,A,MYSE
151.909,8443,6/3/2015,5/25/2015,15:31:49,7,31.6,AH0,255,34.9380768,Day,F,L,A,MYSE
151.909,8443,6/3/2015,5/29/2015,15:31:49,7,31.8,AH0,216,35.2048856,Day,F,L,A,MYSE
151.909,8443,6/3/2015,5/25/2015,15:31:50,7,31.6,AH0,255,34.9380768,Day,F,L,A,MYSE
151.909,8443,6/3/2015,5/30/2015,15:31:50,7,33.7,AH0,246,37.2983949,Day,F,L,A,MYSE
151.909,8443,6/3/2015,5/29/2015,15:31:51,7,31.8,AH0,219,35.2048856,Day,F,L,A,MYSE
151.909,8443,6/3/2015,5/25/2015,15:31:52,7,31.6,AH0,255,34.9380768,Day,F,L,A,MYSE
151.909,8443,6/3/2015,5/30/2015,15:31:52,7,33.7,AH0,249,37.2983949,Day,F,L,A,MYSE
151.909,8443,6/3/2015,5/29/2015,15:31:53,7,31.8,AH0,220,35.2048856,Day,F,L,A,MYSE
151.909,8443,6/3/2015,5/25/2015,15:31:54,7,31.6,AH0,255,34.9380768,Day,F,L,A,MYSE
151.909,8443,6/3/2015,5/30/2015,15:31:54,7,33.7,AH0,250,37.2983949,Day,F,L,A,MYSE
151.909,8443,6/3/2015,5/29/2015,15:31:55,7,31.8,AH0,218,35.2048856,Day,F,L,A,MYSE
151.909,8443,6/3/2015,5/24/2015,15:31:56,7,32,AH0,255,35.4624,Day,F,L,A,MYSE
151.909,8443,6/3/2015,5/30/2015,15:31:56,7,33.7,AH0,250,37.2983949,Day,F,L,A,MYSE
151.909,8443,6/3/2015,5/29/2015,15:31:57,7,31.8,AH0,217,35.2048856,Day,F,L,A,MYSE
151.909,8443,6/3/2015,5/24/2015,15:31:58,7,32,AH0,255,35.4624,Day,F,L,A,MYSE
151.909,8443,6/3/2015,5/24/2015,15:32:00,7,31.9,AH0,255,35.3347947,Day,F,L,A,MYSE
151.909,8443,6/3/2015,5/24/2015,15:32:02,7,32,AH0,255,35.4624,Day,F,L,A,MYSE
151.909,8443,6/3/2015,5/25/2015,15:32:09,7,31.6,AH0,255,34.9380768,Day,F,L,A,MYSE
151.909,8443,6/3/2015,5/29/2015,15:32:10,7,31.8,AH0,219,35.2048856,Day,F,L,A,MYSE
151.909,8443,6/3/2015,5/30/2015,15:32:10,7,33.7,AH0,249,37.2983949,Day,F,L,A,MYSE
151.909,8443,6/3/2015,5/25/2015,15:32:11,7,31.6,AH0,255,34.9380768,Day,F,L,A,MYSE
151.909,8443,6/3/2015,5/29/2015,15:32:12,7,31.8,AH0,219,35.2048856,Day,F,L,A,MYSE
151.909,8443,6/3/2015,5/30/2015,15:32:12,7,33.6,AH0,249,37.2069248,Day,F,L,A,MYSE
151.909,8443,6/3/2015,5/25/2015,15:32:13,7,31.6,AH0,255,34.9380768,Day,F,L,A,MYSE
151.909,8443,6/3/2015,5/30/2015,15:32:13,7,33.6,AH0,247,37.2069248,Day,F,L,A,MYSE
151.909,8443,6/3/2015,5/29/2015,15:32:14,7,31.8,AH0,217,35.2048856,Day,F,L,A,MYSE
151.909,8443,6/3/2015,5/25/2015,15:32:15,7,31.7,AH0,255,35.0726529,Day,F,L,A,MYSE
151.909,8443,6/3/2015,5/30/2015,15:32:15,7,33.6,AH0,249,37.2069248,Day,F,L,A,MYSE
151.909,8443,6/3/2015,5/29/2015,15:32:16,7,31.8,AH0,219,35.2048856,Day,F,L,A,MYSE
151.909,8443,6/3/2015,5/24/2015,15:32:17,7,31.9,AH0,255,35.3347947,Day,F,L,A,MYSE
151.909,8443,6/3/2015,5/24/2015,15:32:19,7,31.9,AH0,255,35.3347947,Day,F,L,A,MYSE
151.909,8443,6/3/2015,5/24/2015,15:32:20,7,31.9,AH0,255,35.3347947,Day,F,L,A,MYSE
151.909,8443,6/3/2015,5/24/2015,15:32:22,7,31.9,AH0,255,35.3347947,Day,F,L,A,MYSE
151.909,8443,6/3/2015,5/25/2015,15:32:28,7,31.7,AH0,255,35.0726529,Day,F,L,A,MYSE
151.909,8443,6/3/2015,5/25/2015,15:32:30,7,31.7,AH0,255,35.0726529,Day,F,L,A,MYSE
151.909,8443,6/3/2015,5/30/2015,15:32:30,7,33.7,AH0,250,37.2983949,Day,F,L,A,MYSE
151.909,8443,6/3/2015,5/29/2015,15:32:31,7,31.7,AH0,218,35.0726529,Day,F,L,A,MYSE
151.909,8443,6/3/2015,5/30/2015,15:32:31,7,33.6,AH0,249,37.2069248,Day,F,L,A,MYSE
151.909,8443,6/3/2015,5/25/2015,15:32:32,7,31.7,AH0,255,35.0726529,Day,F,L,A,MYSE
151.909,8443,6/3/2015,5/29/2015,15:32:33,7,31.7,AH0,220,35.0726529,Day,F,L,A,MYSE
151.909,8443,6/3/2015,5/30/2015,15:32:33,7,33.7,AH0,250,37.2983949,Day,F,L,A,MYSE
151.909,8443,6/3/2015,5/25/2015,15:32:34,7,31.7,AH0,255,35.0726529,Day,F,L,A,MYSE
151.909,8443,6/3/2015,5/24/2015,15:32:35,7,31.9,AH0,255,35.3347947,Day,F,L,A,MYSE
151.909,8443,6/3/2015,5/29/2015,15:32:35,7,31.7,AH0,219,35.0726529,Day,F,L,A,MYSE
151.909,8443,6/3/2015,5/30/2015,15:32:35,7,33.6,AH0,246,37.2069248,Day,F,L,A,MYSE
151.909,8443,6/3/2015,5/25/2015,15:32:36,7,31.7,AH0,255,35.0726529,Day,F,L,A,MYSE
151.909,8443,6/3/2015,5/24/2015,15:32:37,7,31.9,AH0,255,35.3347947,Day,F,L,A,MYSE
151.909,8443,6/3/2015,5/29/2015,15:32:37,7,31.7,AH0,219,35.0726529,Day,F,L,A,MYSE
151.909,8443,6/3/2015,5/30/2015,15:32:37,7,33.6,AH0,248,37.2069248,Day,F,L,A,MYSE
151.909,8443,6/3/2015,5/24/2015,15:32:39,7,32,AH0,255,35.4624,Day,F,L,A,MYSE
151.909,8443,6/3/2015,5/24/2015,15:32:41,7,32,AH0,255,35.4624,Day,F,L,A,MYSE
151.909,8443,6/3/2015,5/24/2015,15:32:43,7,32,AH0,255,35.4624,Day,F,L,A,MYSE
151.909,8443,6/3/2015,5/25/2015,15:32:49,7,31.7,AH0,255,35.0726529,Day,F,L,A,MYSE
151.909,8443,6/3/2015,5/30/2015,15:32:49,7,33.6,AH0,249,37.2069248,Day,F,L,A,MYSE
151.909,8443,6/3/2015,5/28/2015,15:32:50,7,31.5,AH0,49,34.8011375,Day,F,L,A,MYSE
151.909,8443,6/3/2015,5/29/2015,15:32:50,7,31.7,AH0,217,35.0726529,Day,F,L,A,MYSE
151.909,8443,6/3/2015,5/25/2015,15:32:51,7,31.7,AH0,255,35.0726529,Day,F,L,A,MYSE
151.909,8443,6/3/2015,5/30/2015,15:32:51,7,33.6,AH0,248,37.2069248,Day,F,L,A,MYSE
151.909,8443,6/3/2015,5/29/2015,15:32:52,7,31.7,AH0,219,35.0726529,Day,F,L,A,MYSE
151.909,8443,6/3/2015,5/25/2015,15:32:53,7,31.7,AH0,255,35.0726529,Day,F,L,A,MYSE
151.909,8443,6/3/2015,5/30/2015,15:32:53,7,33.6,AH0,249,37.2069248,Day,F,L,A,MYSE
151.909,8443,6/3/2015,5/29/2015,15:32:54,7,31.7,AH0,220,35.0726529,Day,F,L,A,MYSE
151.909,8443,6/3/2015,5/25/2015,15:32:55,7,31.7,AH0,255,35.0726529,Day,F,L,A,MYSE
151.909,8443,6/3/2015,5/30/2015,15:32:55,7,33.6,AH0,250,37.2069248,Day,F,L,A,MYSE
151.909,8443,6/3/2015,5/24/2015,15:32:56,7,32,AH0,255,35.4624,Day,F,L,A,MYSE
151.909,8443,6/3/2015,5/29/2015,15:32:56,7,31.7,AH0,218,35.0726529,Day,F,L,A,MYSE
151.909,8443,6/3/2015,5/30/2015,15:32:56,7,33.6,AH0,249,37.2069248,Day,F,L,A,MYSE
151.909,8443,6/3/2015,5/24/2015,15:32:58,7,32.1,AH0,255,35.5877213,Day,F,L,A,MYSE
151.909,8443,6/3/2015,5/24/2015,15:33:00,7,32.1,AH0,255,35.5877213,Day,F,L,A,MYSE
151.909,8443,6/3/2015,5/24/2015,15:33:02,7,32.1,AH0,255,35.5877213,Day,F,L,A,MYSE
151.909,8443,6/3/2015,5/28/2015,15:33:03,7,31.9,AH0,49,35.3347947,Day,F,L,A,MYSE
151.909,8443,6/3/2015,5/28/2015,15:33:05,7,31.9,AH0,54,35.3347947,Day,F,L,A,MYSE
151.909,8443,6/3/2015,5/28/2015,15:33:07,7,31.8,AH0,48,35.2048856,Day,F,L,A,MYSE
151.909,8443,6/3/2015,5/25/2015,15:33:08,7,31.7,AH0,255,35.0726529,Day,F,L,A,MYSE
151.909,8443,6/3/2015,5/28/2015,15:33:09,7,31.7,AH0,53,35.0726529,Day,F,L,A,MYSE
151.909,8443,6/3/2015,5/30/2015,15:33:09,7,33.6,AH0,250,37.2069248,Day,F,L,A,MYSE
151.909,8443,6/3/2015,5/25/2015,15:33:10,7,31.7,AH0,255,35.0726529,Day,F,L,A,MYSE
151.909,8443,6/3/2015,5/28/2015,15:33:11,7,31.8,AH0,48,35.2048856,Day,F,L,A,MYSE
151.909,8443,6/3/2015,5/29/2015,15:33:11,7,31.7,AH0,217,35.0726529,Day,F,L,A,MYSE
151.909,8443,6/3/2015,5/30/2015,15:33:11,7,33.6,AH0,249,37.2069248,Day,F,L,A,MYSE
151.909,8443,6/3/2015,5/25/2015,15:33:12,7,31.7,AH0,255,35.0726529,Day,F,L,A,MYSE
151.909,8443,6/3/2015,5/30/2015,15:33:12,7,33.6,AH0,249,37.2069248,Day,F,L,A,MYSE
151.909,8443,6/3/2015,5/29/2015,15:33:13,7,31.7,AH0,220,35.0726529,Day,F,L,A,MYSE
151.909,8443,6/3/2015,5/25/2015,15:33:14,7,31.7,AH0,255,35.0726529,Day,F,L,A,MYSE
151.909,8443,6/3/2015,5/29/2015,15:33:14,7,31.7,AH0,218,35.0726529,Day,F,L,A,MYSE
151.909,8443,6/3/2015,5/30/2015,15:33:14,7,33.6,AH0,248,37.2069248,Day,F,L,A,MYSE
151.909,8443,6/3/2015,5/25/2015,15:33:16,7,31.7,AH0,255,35.0726529,Day,F,L,A,MYSE
151.909,8443,6/3/2015,5/29/2015,15:33:16,7,31.7,AH0,217,35.0726529,Day,F,L,A,MYSE
151.909,8443,6/3/2015,5/30/2015,15:33:16,7,33.6,AH0,247,37.2069248,Day,F,L,A,MYSE
151.909,8443,6/3/2015,5/24/2015,15:33:17,7,32.1,AH0,255,35.5877213,Day,F,L,A,MYSE
151.909,8443,6/3/2015,5/24/2015,15:33:19,7,32.1,AH0,255,35.5877213,Day,F,L,A,MYSE
151.909,8443,6/3/2015,5/24/2015,15:33:20,7,32.1,AH0,255,35.5877213,Day,F,L,A,MYSE
151.909,8443,6/3/2015,5/24/2015,15:33:22,7,32.1,AH0,255,35.5877213,Day,F,L,A,MYSE
151.909,8443,6/3/2015,5/25/2015,15:33:29,7,31.6,AH0,255,34.9380768,Day,F,L,A,MYSE
151.909,8443,6/3/2015,5/29/2015,15:33:30,7,31.7,AH0,219,35.0726529,Day,F,L,A,MYSE
151.909,8443,6/3/2015,5/30/2015,15:33:30,7,33.6,AH0,251,37.2069248,Day,F,L,A,MYSE
151.909,8443,6/3/2015,5/25/2015,15:33:31,7,31.6,AH0,255,34.9380768,Day,F,L,A,MYSE
151.909,8443,6/3/2015,5/29/2015,15:33:31,7,31.7,AH0,217,35.0726529,Day,F,L,A,MYSE
151.909,8443,6/3/2015,5/30/2015,15:33:32,7,33.6,AH0,249,37.2069248,Day,F,L,A,MYSE
151.909,8443,6/3/2015,5/25/2015,15:33:33,7,31.6,AH0,255,34.9380768,Day,F,L,A,MYSE
151.909,8443,6/3/2015,5/29/2015,15:33:33,7,31.7,AH0,218,35.0726529,Day,F,L,A,MYSE
151.909,8443,6/3/2015,5/30/2015,15:33:34,7,33.6,AH0,248,37.2069248,Day,F,L,A,MYSE
151.909,8443,6/3/2015,5/24/2015,15:33:35,7,32.2,AH0,255,35.7107784,Day,F,L,A,MYSE
151.909,8443,6/3/2015,5/25/2015,15:33:35,7,31.6,AH0,255,34.9380768,Day,F,L,A,MYSE
151.909,8443,6/3/2015,5/29/2015,15:33:35,7,31.7,AH0,216,35.0726529,Day,F,L,A,MYSE
151.909,8443,6/3/2015,5/30/2015,15:33:36,7,33.6,AH0,249,37.2069248,Day,F,L,A,MYSE
151.909,8443,6/3/2015,5/24/2015,15:33:37,7,32.2,AH0,255,35.7107784,Day,F,L,A,MYSE
151.909,8443,6/3/2015,5/29/2015,15:33:37,7,31.7,AH0,217,35.0726529,Day,F,L,A,MYSE
151.909,8443,6/3/2015,5/24/2015,15:33:39,7,32.2,AH0,255,35.7107784,Day,F,L,A,MYSE
151.909,8443,6/3/2015,5/24/2015,15:33:41,7,32.2,AH0,255,35.7107784,Day,F,L,A,MYSE
151.909,8443,6/3/2015,5/24/2015,15:33:43,7,32.2,AH0,255,35.7107784,Day,F,L,A,MYSE
151.909,8443,6/3/2015,5/25/2015,15:33:48,7,31.9,AH0,255,35.3347947,Day,F,L,A,MYSE
151.909,8443,6/3/2015,5/25/2015,15:33:50,7,31.6,AH0,255,34.9380768,Day,F,L,A,MYSE
151.909,8443,6/3/2015,5/29/2015,15:33:50,7,31.7,AH0,217,35.0726529,Day,F,L,A,MYSE
151.909,8443,6/3/2015,5/30/2015,15:33:50,7,33.6,AH0,249,37.2069248,Day,F,L,A,MYSE
151.909,8443,6/3/2015,5/25/2015,15:33:52,7,31.6,AH0,255,34.9380768,Day,F,L,A,MYSE
151.909,8443,6/3/2015,5/29/2015,15:33:52,7,31.7,AH0,215,35.0726529,Day,F,L,A,MYSE
151.909,8443,6/3/2015,5/30/2015,15:33:52,7,33.6,AH0,250,37.2069248,Day,F,L,A,MYSE
151.909,8443,6/3/2015,5/30/2015,15:33:53,7,33.6,AH0,247,37.2069248,Day,F,L,A,MYSE
151.909,8443,6/3/2015,5/25/2015,15:33:54,7,31.6,AH0,255,34.9380768,Day,F,L,A,MYSE
151.909,8443,6/3/2015,5/29/2015,15:33:54,7,31.7,AH0,215,35.0726529,Day,F,L,A,MYSE
151.909,8443,6/3/2015,5/24/2015,15:33:55,7,32.2,AH0,255,35.7107784,Day,F,L,A,MYSE
151.909,8443,6/3/2015,5/30/2015,15:33:55,7,33.6,AH0,247,37.2069248,Day,F,L,A,MYSE
151.909,8443,6/3/2015,5/25/2015,15:33:56,7,31.6,AH0,255,34.9380768,Day,F,L,A,MYSE
151.909,8443,6/3/2015,5/29/2015,15:33:56,7,31.7,AH0,217,35.0726529,Day,F,L,A,MYSE
151.909,8443,6/3/2015,5/24/2015,15:33:57,7,32.2,AH0,255,35.7107784,Day,F,L,A,MYSE
151.909,8443,6/3/2015,5/24/2015,15:33:59,7,32.2,AH0,255,35.7107784,Day,F,L,A,MYSE
151.909,8443,6/3/2015,5/24/2015,15:34:00,7,32.2,AH0,255,35.7107784,Day,F,L,A,MYSE
151.909,8443,6/3/2015,5/25/2015,15:34:09,7,31.6,AH0,255,34.9380768,Day,F,L,A,MYSE
151.909,8443,6/3/2015,5/29/2015,15:34:09,7,31.7,AH0,217,35.0726529,Day,F,L,A,MYSE
151.909,8443,6/3/2015,5/30/2015,15:34:10,7,33.6,AH0,247,37.2069248,Day,F,L,A,MYSE
151.909,8443,6/3/2015,5/25/2015,15:34:11,7,31.6,AH0,255,34.9380768,Day,F,L,A,MYSE
151.909,8443,6/3/2015,5/29/2015,15:34:11,7,31.7,AH0,216,35.0726529,Day,F,L,A,MYSE
151.909,8443,6/3/2015,5/30/2015,15:34:11,7,33.6,AH0,249,37.2069248,Day,F,L,A,MYSE
151.909,8443,6/3/2015,5/25/2015,15:34:13,7,31.6,AH0,255,34.9380768,Day,F,L,A,MYSE
151.909,8443,6/3/2015,5/29/2015,15:34:13,7,31.7,AH0,219,35.0726529,Day,F,L,A,MYSE
151.909,8443,6/3/2015,5/30/2015,15:34:13,7,33.6,AH0,247,37.2069248,Day,F,L,A,MYSE
151.909,8443,6/3/2015,5/24/2015,15:34:15,7,32.3,AH0,255,35.8315911,Day,F,L,A,MYSE
151.909,8443,6/3/2015,5/25/2015,15:34:15,7,31.6,AH0,255,34.9380768,Day,F,L,A,MYSE
151.909,8443,6/3/2015,5/29/2015,15:34:15,7,31.7,AH0,216,35.0726529,Day,F,L,A,MYSE
151.909,8443,6/3/2015,5/30/2015,15:34:15,7,33.6,AH0,248,37.2069248,Day,F,L,A,MYSE
151.909,8443,6/3/2015,5/24/2015,15:34:17,7,32.3,AH0,255,35.8315911,Day,F,L,A,MYSE
151.909,8443,6/3/2015,5/29/2015,15:34:17,7,31.7,AH0,220,35.0726529,Day,F,L,A,MYSE
151.909,8443,6/3/2015,5/30/2015,15:34:17,7,33.6,AH0,245,37.2069248,Day,F,L,A,MYSE
151.909,8443,6/3/2015,5/24/2015,15:34:19,7,32.3,AH0,255,35.8315911,Day,F,L,A,MYSE
151.909,8443,6/3/2015,5/24/2015,15:34:21,7,32.3,AH0,255,35.8315911,Day,F,L,A,MYSE
151.909,8443,6/3/2015,5/30/2015,15:34:29,7,33.7,AH0,244,37.2983949,Day,F,L,A,MYSE
151.909,8443,6/3/2015,5/25/2015,15:34:30,7,31.6,AH0,255,34.9380768,Day,F,L,A,MYSE
151.909,8443,6/3/2015,5/28/2015,15:34:30,7,10.6,AH0,47,-76.2402072,Day,F,L,A,MYSE
151.909,8443,6/3/2015,5/29/2015,15:34:30,7,31.7,AH0,218,35.0726529,Day,F,L,A,MYSE
151.909,8443,6/3/2015,5/30/2015,15:34:31,7,33.6,AH0,245,37.2069248,Day,F,L,A,MYSE
151.909,8443,6/3/2015,5/25/2015,15:34:32,7,31.6,AH0,255,34.9380768,Day,F,L,A,MYSE
151.909,8443,6/3/2015,5/29/2015,15:34:32,7,31.7,AH0,219,35.0726529,Day,F,L,A,MYSE
151.909,8443,6/3/2015,5/30/2015,15:34:33,7,33.7,AH0,244,37.2983949,Day,F,L,A,MYSE
151.909,8443,6/3/2015,5/25/2015,15:34:34,7,31.6,AH0,255,34.9380768,Day,F,L,A,MYSE
151.909,8443,6/3/2015,5/29/2015,15:34:34,7,31.7,AH0,217,35.0726529,Day,F,L,A,MYSE
151.909,8443,6/3/2015,5/30/2015,15:34:35,7,33.7,AH0,244,37.2983949,Day,F,L,A,MYSE
151.909,8443,6/3/2015,5/24/2015,15:34:36,7,32.3,AH0,255,35.8315911,Day,F,L,A,MYSE
151.909,8443,6/3/2015,5/25/2015,15:34:36,7,31.6,AH0,255,34.9380768,Day,F,L,A,MYSE
151.909,8443,6/3/2015,5/29/2015,15:34:36,7,31.7,AH0,215,35.0726529,Day,F,L,A,MYSE
151.909,8443,6/3/2015,5/30/2015,15:34:36,7,33.7,AH0,243,37.2983949,Day,F,L,A,MYSE
151.909,8443,6/3/2015,5/24/2015,15:34:38,7,32.3,AH0,255,35.8315911,Day,F,L,A,MYSE
151.909,8443,6/3/2015,5/24/2015,15:34:39,7,32.3,AH0,255,35.8315911,Day,F,L,A,MYSE
151.909,8443,6/3/2015,5/24/2015,15:34:41,7,32.3,AH0,255,35.8315911,Day,F,L,A,MYSE
151.909,8443,6/3/2015,5/28/2015,15:34:45,7,31.8,AH0,49,35.2048856,Day,F,L,A,MYSE
151.909,8443,6/3/2015,5/28/2015,15:34:47,7,31.7,AH0,45,35.0726529,Day,F,L,A,MYSE
151.909,8443,6/3/2015,5/25/2015,15:34:49,7,31.6,AH0,255,34.9380768,Day,F,L,A,MYSE
151.909,8443,6/3/2015,5/28/2015,15:34:49,7,31.9,AH0,44,35.3347947,Day,F,L,A,MYSE
151.909,8443,6/3/2015,5/30/2015,15:34:49,7,33.6,AH0,244,37.2069248,Day,F,L,A,MYSE
151.909,8443,6/3/2015,5/25/2015,15:34:51,7,31.6,AH0,255,34.9380768,Day,F,L,A,MYSE
151.909,8443,6/3/2015,5/28/2015,15:34:51,7,31.8,AH0,49,35.2048856,Day,F,L,A,MYSE
151.909,8443,6/3/2015,5/29/2015,15:34:51,7,31.7,AH0,215,35.0726529,Day,F,L,A,MYSE
151.909,8443,6/3/2015,5/30/2015,15:34:51,7,33.6,AH0,246,37.2069248,Day,F,L,A,MYSE
151.909,8443,6/3/2015,5/30/2015,15:34:52,7,33.6,AH0,244,37.2069248,Day,F,L,A,MYSE
151.909,8443,6/3/2015,5/25/2015,15:34:53,7,31.6,AH0,255,34.9380768,Day,F,L,A,MYSE
151.909,8443,6/3/2015,5/29/2015,15:34:53,7,31.7,AH0,219,35.0726529,Day,F,L,A,MYSE
151.909,8443,6/3/2015,5/24/2015,15:34:54,7,32.4,AH0,255,35.9501792,Day,F,L,A,MYSE
151.909,8443,6/3/2015,5/30/2015,15:34:54,7,33.6,AH0,248,37.2069248,Day,F,L,A,MYSE
151.909,8443,6/3/2015,5/25/2015,15:34:55,7,31.6,AH0,255,34.9380768,Day,F,L,A,MYSE
151.909,8443,6/3/2015,5/29/2015,15:34:55,7,31.7,AH0,217,35.0726529,Day,F,L,A,MYSE
151.909,8443,6/3/2015,5/24/2015,15:34:56,7,32.4,AH0,255,35.9501792,Day,F,L,A,MYSE
151.909,8443,6/3/2015,5/30/2015,15:34:56,7,33.6,AH0,245,37.2069248,Day,F,L,A,MYSE
151.909,8443,6/3/2015,5/29/2015,15:34:57,7,31.7,AH0,217,35.0726529,Day,F,L,A,MYSE
151.909,8443,6/3/2015,5/24/2015,15:34:58,7,32.4,AH0,255,35.9501792,Day,F,L,A,MYSE
151.909,8443,6/3/2015,5/24/2015,15:35:00,7,32.4,AH0,255,35.9501792,Day,F,L,A,MYSE
151.909,8443,6/3/2015,5/24/2015,15:35:02,7,32.4,AH0,255,35.9501792,Day,F,L,A,MYSE
151.909,8443,6/3/2015,5/25/2015,15:35:10,7,31.6,AH0,255,34.9380768,Day,F,L,A,MYSE
151.909,8443,6/3/2015,5/29/2015,15:35:10,7,31.7,AH0,218,35.0726529,Day,F,L,A,MYSE
151.909,8443,6/3/2015,5/30/2015,15:35:10,7,33.6,AH0,245,37.2069248,Day,F,L,A,MYSE
151.909,8443,6/3/2015,5/25/2015,15:35:12,7,31.6,AH0,255,34.9380768,Day,F,L,A,MYSE
151.909,8443,6/3/2015,5/29/2015,15:35:12,7,31.7,AH0,217,35.0726529,Day,F,L,A,MYSE
151.909,8443,6/3/2015,5/30/2015,15:35:12,7,33.6,AH0,246,37.2069248,Day,F,L,A,MYSE
151.909,8443,6/3/2015,5/25/2015,15:35:14,7,31.6,AH0,255,34.9380768,Day,F,L,A,MYSE
151.909,8443,6/3/2015,5/29/2015,15:35:14,7,31.7,AH0,216,35.0726529,Day,F,L,A,MYSE
151.909,8443,6/3/2015,5/30/2015,15:35:14,7,33.6,AH0,246,37.2069248,Day,F,L,A,MYSE
151.909,8443,6/3/2015,5/24/2015,15:35:15,7,32.4,AH0,255,35.9501792,Day,F,L,A,MYSE
151.909,8443,6/3/2015,5/25/2015,15:35:15,7,31.6,AH0,255,34.9380768,Day,F,L,A,MYSE
151.909,8443,6/3/2015,5/29/2015,15:35:16,7,31.7,AH0,218,35.0726529,Day,F,L,A,MYSE
151.909,8443,6/3/2015,5/30/2015,15:35:16,7,33.6,AH0,245,37.2069248,Day,F,L,A,MYSE
151.909,8443,6/3/2015,5/24/2015,15:35:17,7,32.4,AH0,255,35.9501792,Day,F,L,A,MYSE
151.909,8443,6/3/2015,5/24/2015,15:35:18,7,32.4,AH0,255,35.9501792,Day,F,L,A,MYSE
151.909,8443,6/3/2015,5/24/2015,15:35:20,7,32.4,AH0,255,35.9501792,Day,F,L,A,MYSE
151.909,8443,6/3/2015,5/24/2015,15:35:22,7,32.4,AH0,255,35.9501792,Day,F,L,A,MYSE
151.909,8443,6/3/2015,5/28/2015,15:35:25,7,32.1,AH0,55,35.5877213,Day,F,L,A,MYSE
151.909,8443,6/3/2015,5/28/2015,15:35:27,7,32.1,AH0,48,35.5877213,Day,F,L,A,MYSE
151.909,8443,6/3/2015,5/25/2015,15:35:29,7,31.6,AH0,255,34.9380768,Day,F,L,A,MYSE
151.909,8443,6/3/2015,5/28/2015,15:35:29,7,31.9,AH0,45,35.3347947,Day,F,L,A,MYSE
151.909,8443,6/3/2015,5/30/2015,15:35:30,7,33.6,AH0,246,37.2069248,Day,F,L,A,MYSE
151.909,8443,6/3/2015,5/25/2015,15:35:31,7,31.6,AH0,255,34.9380768,Day,F,L,A,MYSE
151.909,8443,6/3/2015,5/28/2015,15:35:31,7,31.9,AH0,45,35.3347947,Day,F,L,A,MYSE
151.909,8443,6/3/2015,5/29/2015,15:35:31,7,31.7,AH0,219,35.0726529,Day,F,L,A,MYSE
151.909,8443,6/3/2015,5/30/2015,15:35:32,7,33.6,AH0,242,37.2069248,Day,F,L,A,MYSE
151.909,8443,6/3/2015,5/25/2015,15:35:33,7,31.6,AH0,255,34.9380768,Day,F,L,A,MYSE
151.909,8443,6/3/2015,5/29/2015,15:35:33,7,31.7,AH0,219,35.0726529,Day,F,L,A,MYSE
151.909,8443,6/3/2015,5/30/2015,15:35:33,7,33.7,AH0,245,37.2983949,Day,F,L,A,MYSE
151.909,8443,6/3/2015,5/25/2015,15:35:34,7,31.6,AH0,255,34.9380768,Day,F,L,A,MYSE
151.909,8443,6/3/2015,5/24/2015,15:35:35,7,32.4,AH0,255,35.9501792,Day,F,L,A,MYSE
151.909,8443,6/3/2015,5/29/2015,15:35:35,7,31.7,AH0,215,35.0726529,Day,F,L,A,MYSE
151.909,8443,6/3/2015,5/30/2015,15:35:35,7,33.7,AH0,247,37.2983949,Day,F,L,A,MYSE
151.909,8443,6/3/2015,5/29/2015,15:35:36,7,31.7,AH0,218,35.0726529,Day,F,L,A,MYSE
151.909,8443,6/3/2015,5/24/2015,15:35:37,7,32.4,AH0,255,35.9501792,Day,F,L,A,MYSE
151.909,8443,6/3/2015,5/24/2015,15:35:39,7,32.4,AH0,255,35.9501792,Day,F,L,A,MYSE
151.909,8443,6/3/2015,5/24/2015,15:35:41,7,32.4,AH0,255,35.9501792,Day,F,L,A,MYSE
151.909,8443,6/3/2015,5/30/2015,15:35:49,7,33.7,AH0,245,37.2983949,Day,F,L,A,MYSE
151.909,8443,6/3/2015,5/25/2015,15:35:50,7,31.6,AH0,255,34.9380768,Day,F,L,A,MYSE
151.909,8443,6/3/2015,5/29/2015,15:35:50,7,31.7,AH0,217,35.0726529,Day,F,L,A,MYSE
151.909,8443,6/3/2015,5/30/2015,15:35:51,7,33.7,AH0,245,37.2983949,Day,F,L,A,MYSE
151.909,8443,6/3/2015,5/25/2015,15:35:52,7,31.6,AH0,255,34.9380768,Day,F,L,A,MYSE
151.909,8443,6/3/2015,5/29/2015,15:35:52,7,31.7,AH0,216,35.0726529,Day,F,L,A,MYSE
151.909,8443,6/3/2015,5/25/2015,15:35:53,7,31.6,AH0,255,34.9380768,Day,F,L,A,MYSE
151.909,8443,6/3/2015,5/29/2015,15:35:53,7,31.7,AH0,216,35.0726529,Day,F,L,A,MYSE
151.909,8443,6/3/2015,5/30/2015,15:35:53,7,33.7,AH0,243,37.2983949,Day,F,L,A,MYSE
151.909,8443,6/3/2015,5/24/2015,15:35:55,7,32.4,AH0,255,35.9501792,Day,F,L,A,MYSE
151.909,8443,6/3/2015,5/25/2015,15:35:55,7,31.6,AH0,255,34.9380768,Day,F,L,A,MYSE
151.909,8443,6/3/2015,5/29/2015,15:35:55,7,31.7,AH0,217,35.0726529,Day,F,L,A,MYSE
151.909,8443,6/3/2015,5/30/2015,15:35:55,7,33.7,AH0,246,37.2983949,Day,F,L,A,MYSE
151.909,8443,6/3/2015,5/24/2015,15:35:57,7,32.4,AH0,255,35.9501792,Day,F,L,A,MYSE
151.909,8443,6/3/2015,5/29/2015,15:35:57,7,31.7,AH0,216,35.0726529,Day,F,L,A,MYSE
151.909,8443,6/3/2015,5/30/2015,15:35:57,7,33.7,AH0,243,37.2983949,Day,F,L,A,MYSE
151.909,8443,6/3/2015,5/24/2015,15:35:59,7,32.4,AH0,255,35.9501792,Day,F,L,A,MYSE
151.909,8443,6/3/2015,5/24/2015,15:36:01,7,32.4,AH0,255,35.9501792,Day,F,L,A,MYSE
151.909,8443,6/3/2015,5/25/2015,15:36:09,7,31.5,AH0,255,34.8011375,Day,F,L,A,MYSE
151.909,8443,6/3/2015,5/30/2015,15:36:09,7,33.7,AH0,245,37.2983949,Day,F,L,A,MYSE
151.909,8443,6/3/2015,5/25/2015,15:36:11,7,31.5,AH0,255,34.8011375,Day,F,L,A,MYSE
151.909,8443,6/3/2015,5/29/2015,15:36:11,7,31.7,AH0,216,35.0726529,Day,F,L,A,MYSE
151.909,8443,6/3/2015,5/30/2015,15:36:11,7,33.7,AH0,246,37.2983949,Day,F,L,A,MYSE
151.909,8443,6/3/2015,5/25/2015,15:36:12,7,31.5,AH0,255,34.8011375,Day,F,L,A,MYSE
151.909,8443,6/3/2015,5/29/2015,15:36:12,7,31.7,AH0,215,35.0726529,Day,F,L,A,MYSE
151.909,8443,6/3/2015,5/30/2015,15:36:13,7,33.7,AH0,246,37.2983949,Day,F,L,A,MYSE
151.909,8443,6/3/2015,5/24/2015,15:36:14,7,32.4,AH0,255,35.9501792,Day,F,L,A,MYSE
151.909,8443,6/3/2015,5/25/2015,15:36:14,7,31.5,AH0,255,34.8011375,Day,F,L,A,MYSE
151.909,8443,6/3/2015,5/29/2015,15:36:14,7,31.7,AH0,218,35.0726529,Day,F,L,A,MYSE
151.909,8443,6/3/2015,5/30/2015,15:36:14,7,33.7,AH0,243,37.2983949,Day,F,L,A,MYSE
151.909,8443,6/3/2015,5/24/2015,15:36:16,7,32.4,AH0,255,35.9501792,Day,F,L,A,MYSE
151.909,8443,6/3/2015,5/29/2015,15:36:16,7,31.7,AH0,215,35.0726529,Day,F,L,A,MYSE
151.909,8443,6/3/2015,5/30/2015,15:36:16,7,33.7,AH0,245,37.2983949,Day,F,L,A,MYSE
151.909,8443,6/3/2015,5/24/2015,15:36:18,7,32.4,AH0,255,35.9501792,Day,F,L,A,MYSE
151.909,8443,6/3/2015,5/24/2015,15:36:20,7,32.5,AH0,255,36.0665625,Day,F,L,A,MYSE
151.909,8443,6/3/2015,5/24/2015,15:36:21,7,32.5,AH0,255,36.0665625,Day,F,L,A,MYSE
151.909,8443,6/3/2015,5/30/2015,15:36:29,7,33.7,AH0,245,37.2983949,Day,F,L,A,MYSE
151.909,8443,6/3/2015,5/25/2015,15:36:30,7,31.5,AH0,255,34.8011375,Day,F,L,A,MYSE
151.909,8443,6/3/2015,5/29/2015,15:36:30,7,31.4,AH0,226,34.6618152,Day,F,L,A,MYSE
151.909,8443,6/3/2015,5/30/2015,15:36:30,7,33.7,AH0,244,37.2983949,Day,F,L,A,MYSE
151.909,8443,6/3/2015,5/25/2015,15:36:31,7,31.5,AH0,255,34.8011375,Day,F,L,A,MYSE
151.909,8443,6/3/2015,5/29/2015,15:36:31,7,31.3,AH0,225,34.5200901,Day,F,L,A,MYSE
151.909,8443,6/3/2015,5/30/2015,15:36:32,7,33.6,AH0,245,37.2069248,Day,F,L,A,MYSE
151.909,8443,6/3/2015,5/25/2015,15:36:33,7,31.5,AH0,255,34.8011375,Day,F,L,A,MYSE
151.909,8443,6/3/2015,5/29/2015,15:36:33,7,31.3,AH0,228,34.5200901,Day,F,L,A,MYSE
151.909,8443,6/3/2015,5/24/2015,15:36:34,7,32.5,AH0,255,36.0665625,Day,F,L,A,MYSE
151.909,8443,6/3/2015,5/30/2015,15:36:34,7,33.7,AH0,243,37.2983949,Day,F,L,A,MYSE
151.909,8443,6/3/2015,5/25/2015,15:36:35,7,31.5,AH0,255,34.8011375,Day,F,L,A,MYSE
151.909,8443,6/3/2015,5/29/2015,15:36:35,7,31.2,AH0,227,34.3759424,Day,F,L,A,MYSE
151.909,8443,6/3/2015,5/24/2015,15:36:36,7,32.5,AH0,255,36.0665625,Day,F,L,A,MYSE
151.909,8443,6/3/2015,5/30/2015,15:36:36,7,33.6,AH0,243,37.2069248,Day,F,L,A,MYSE
151.909,8443,6/3/2015,5/29/2015,15:36:37,7,31.2,AH0,237,34.3759424,Day,F,L,A,MYSE
151.909,8443,6/3/2015,5/24/2015,15:36:38,7,32.5,AH0,255,36.0665625,Day,F,L,A,MYSE
151.909,8443,6/3/2015,5/24/2015,15:36:40,7,32.6,AH0,255,36.1807608,Day,F,L,A,MYSE
151.909,8443,6/3/2015,5/24/2015,15:36:42,7,32.6,AH0,255,36.1807608,Day,F,L,A,MYSE
151.909,8443,6/3/2015,5/28/2015,15:36:44,7,31.9,AH0,36,35.3347947,Day,F,L,A,MYSE
151.909,8443,6/3/2015,5/28/2015,15:36:46,7,32.1,AH0,46,35.5877213,Day,F,L,A,MYSE
151.909,8443,6/3/2015,5/28/2015,15:36:48,7,32.1,AH0,49,35.5877213,Day,F,L,A,MYSE
151.909,8443,6/3/2015,5/25/2015,15:36:49,7,31.4,AH0,255,34.6618152,Day,F,L,A,MYSE
151.909,8443,6/3/2015,5/28/2015,15:36:50,7,32.1,AH0,48,35.5877213,Day,F,L,A,MYSE
151.909,8443,6/3/2015,5/30/2015,15:36:50,7,33.6,AH0,244,37.2069248,Day,F,L,A,MYSE
151.909,8443,6/3/2015,5/25/2015,15:36:51,7,31.4,AH0,255,34.6618152,Day,F,L,A,MYSE
151.909,8443,6/3/2015,5/29/2015,15:36:51,7,30.9,AH0,229,33.9287657,Day,F,L,A,MYSE
151.909,8443,6/3/2015,5/25/2015,15:36:52,7,31.4,AH0,255,34.6618152,Day,F,L,A,MYSE
151.909,8443,6/3/2015,5/30/2015,15:36:52,7,33.6,AH0,246,37.2069248,Day,F,L,A,MYSE
151.909,8443,6/3/2015,5/29/2015,15:36:53,7,30.8,AH0,229,33.7747296,Day,F,L,A,MYSE
151.909,8443,6/3/2015,5/25/2015,15:36:54,7,31.4,AH0,255,34.6618152,Day,F,L,A,MYSE
151.909,8443,6/3/2015,5/30/2015,15:36:54,7,33.6,AH0,247,37.2069248,Day,F,L,A,MYSE
151.909,8443,6/3/2015,5/24/2015,15:36:55,7,32.6,AH0,255,36.1807608,Day,F,L,A,MYSE
151.909,8443,6/3/2015,5/29/2015,15:36:55,7,30.8,AH0,229,33.7747296,Day,F,L,A,MYSE
151.909,8443,6/3/2015,5/30/2015,15:36:55,7,33.6,AH0,246,37.2069248,Day,F,L,A,MYSE
151.909,8443,6/3/2015,5/24/2015,15:36:56,7,32.6,AH0,255,36.1807608,Day,F,L,A,MYSE
151.909,8443,6/3/2015,5/29/2015,15:36:57,7,30.8,AH0,228,33.7747296,Day,F,L,A,MYSE
151.909,8443,6/3/2015,5/24/2015,15:36:58,7,32.6,AH0,255,36.1807608,Day,F,L,A,MYSE
151.909,8443,6/3/2015,5/24/2015,15:37:00,7,32.6,AH0,255,36.1807608,Day,F,L,A,MYSE
151.909,8443,6/3/2015,5/24/2015,15:37:02,7,32.6,AH0,255,36.1807608,Day,F,L,A,MYSE
151.909,8443,6/3/2015,5/25/2015,15:37:10,7,31.3,AH0,255,34.5200901,Day,F,L,A,MYSE
151.909,8443,6/3/2015,5/29/2015,15:37:10,7,30.6,AH0,230,33.4590728,Day,F,L,A,MYSE
151.909,8443,6/3/2015,5/30/2015,15:37:10,7,33.6,AH0,246,37.2069248,Day,F,L,A,MYSE
151.909,8443,6/3/2015,5/25/2015,15:37:12,7,31.3,AH0,255,34.5200901,Day,F,L,A,MYSE
151.909,8443,6/3/2015,5/29/2015,15:37:12,7,30.6,AH0,230,33.4590728,Day,F,L,A,MYSE
151.909,8443,6/3/2015,5/30/2015,15:37:12,7,33.6,AH0,244,37.2069248,Day,F,L,A,MYSE
151.909,8443,6/3/2015,5/30/2015,15:37:13,7,33.6,AH0,244,37.2069248,Day,F,L,A,MYSE
151.909,8443,6/3/2015,5/25/2015,15:37:14,7,31.3,AH0,255,34.5200901,Day,F,L,A,MYSE
151.909,8443,6/3/2015,5/29/2015,15:37:14,7,30.6,AH0,229,33.4590728,Day,F,L,A,MYSE
151.909,8443,6/3/2015,5/24/2015,15:37:15,7,32.6,AH0,255,36.1807608,Day,F,L,A,MYSE
151.909,8443,6/3/2015,5/25/2015,15:37:15,7,31.3,AH0,255,34.5200901,Day,F,L,A,MYSE
151.909,8443,6/3/2015,5/30/2015,15:37:15,7,33.6,AH0,246,37.2069248,Day,F,L,A,MYSE
151.909,8443,6/3/2015,5/29/2015,15:37:16,7,30.5,AH0,226,33.2974125,Day,F,L,A,MYSE
151.909,8443,6/3/2015,5/24/2015,15:37:17,7,32.6,AH0,255,36.1807608,Day,F,L,A,MYSE
151.909,8443,6/3/2015,5/24/2015,15:37:19,7,32.6,AH0,255,36.1807608,Day,F,L,A,MYSE
151.909,8443,6/3/2015,5/24/2015,15:37:20,7,32.6,AH0,255,36.1807608,Day,F,L,A,MYSE
151.909,8443,6/3/2015,5/25/2015,15:37:29,7,31.3,AH0,255,34.5200901,Day,F,L,A,MYSE
151.909,8443,6/3/2015,5/30/2015,15:37:29,7,33.6,AH0,246,37.2069248,Day,F,L,A,MYSE
151.909,8443,6/3/2015,5/29/2015,15:37:30,7,30.4,AH0,227,33.1331712,Day,F,L,A,MYSE
151.909,8443,6/3/2015,5/25/2015,15:37:31,7,31.3,AH0,255,34.5200901,Day,F,L,A,MYSE
151.909,8443,6/3/2015,5/30/2015,15:37:31,7,33.6,AH0,245,37.2069248,Day,F,L,A,MYSE
151.909,8443,6/3/2015,5/29/2015,15:37:32,7,30.4,AH0,230,33.1331712,Day,F,L,A,MYSE
151.909,8443,6/3/2015,5/25/2015,15:37:33,7,31.3,AH0,255,34.5200901,Day,F,L,A,MYSE
151.909,8443,6/3/2015,5/30/2015,15:37:33,7,33.6,AH0,245,37.2069248,Day,F,L,A,MYSE
151.909,8443,6/3/2015,5/29/2015,15:37:34,7,30.4,AH0,230,33.1331712,Day,F,L,A,MYSE
151.909,8443,6/3/2015,5/24/2015,15:37:35,7,32.5,AH0,255,36.0665625,Day,F,L,A,MYSE
151.909,8443,6/3/2015,5/25/2015,15:37:35,7,31.3,AH0,255,34.5200901,Day,F,L,A,MYSE
151.909,8443,6/3/2015,5/30/2015,15:37:35,7,33.6,AH0,245,37.2069248,Day,F,L,A,MYSE
151.909,8443,6/3/2015,5/29/2015,15:37:36,7,30.3,AH0,229,32.9663291,Day,F,L,A,MYSE
151.909,8443,6/3/2015,5/24/2015,15:37:37,7,32.5,AH0,255,36.0665625,Day,F,L,A,MYSE
151.909,8443,6/3/2015,5/30/2015,15:37:37,7,33.6,AH0,246,37.2069248,Day,F,L,A,MYSE
151.909,8443,6/3/2015,5/24/2015,15:37:39,7,32.5,AH0,255,36.0665625,Day,F,L,A,MYSE
151.909,8443,6/3/2015,5/24/2015,15:37:41,7,32.5,AH0,255,36.0665625,Day,F,L,A,MYSE
151.909,8443,6/3/2015,5/28/2015,15:37:46,7,16,AH0,49,-27.5232,Day,F,L,A,MYSE
151.909,8443,6/3/2015,5/25/2015,15:37:48,7,31.3,AH0,255,34.5200901,Day,F,L,A,MYSE
151.909,8443,6/3/2015,5/28/2015,15:37:48,7,32,AH0,48,35.4624,Day,F,L,A,MYSE
151.909,8443,6/3/2015,5/30/2015,15:37:49,7,33.7,AH0,246,37.2983949,Day,F,L,A,MYSE
151.909,8443,6/3/2015,5/25/2015,15:37:50,7,31.3,AH0,255,34.5200901,Day,F,L,A,MYSE
151.909,8443,6/3/2015,5/28/2015,15:37:50,7,32.1,AH0,45,35.5877213,Day,F,L,A,MYSE
151.909,8443,6/3/2015,5/29/2015,15:37:50,7,30.2,AH0,228,32.7968664,Day,F,L,A,MYSE
151.909,8443,6/3/2015,5/30/2015,15:37:51,7,33.7,AH0,245,37.2983949,Day,F,L,A,MYSE
151.909,8443,6/3/2015,5/25/2015,15:37:52,7,31.2,AH0,255,34.3759424,Day,F,L,A,MYSE
151.909,8443,6/3/2015,5/29/2015,15:37:52,7,30.2,AH0,229,32.7968664,Day,F,L,A,MYSE
151.909,8443,6/3/2015,5/30/2015,15:37:53,7,33.7,AH0,245,37.2983949,Day,F,L,A,MYSE
151.909,8443,6/3/2015,5/25/2015,15:37:54,7,31.2,AH0,255,34.3759424,Day,F,L,A,MYSE
151.909,8443,6/3/2015,5/29/2015,15:37:54,7,30.2,AH0,229,32.7968664,Day,F,L,A,MYSE
151.909,8443,6/3/2015,5/30/2015,15:37:54,7,33.7,AH0,247,37.2983949,Day,F,L,A,MYSE
151.909,8443,6/3/2015,5/24/2015,15:37:55,7,32.5,AH0,255,36.0665625,Day,F,L,A,MYSE
151.909,8443,6/3/2015,5/25/2015,15:37:56,7,31.2,AH0,255,34.3759424,Day,F,L,A,MYSE
151.909,8443,6/3/2015,5/29/2015,15:37:56,7,30.2,AH0,225,32.7968664,Day,F,L,A,MYSE
151.909,8443,6/3/2015,5/30/2015,15:37:56,7,33.7,AH0,247,37.2983949,Day,F,L,A,MYSE
151.909,8443,6/3/2015,5/24/2015,15:37:57,7,32.5,AH0,255,36.0665625,Day,F,L,A,MYSE
151.909,8443,6/3/2015,5/24/2015,15:37:59,7,32.6,AH0,255,36.1807608,Day,F,L,A,MYSE
151.909,8443,6/3/2015,5/24/2015,15:38:01,7,32.5,AH0,255,36.0665625,Day,F,L,A,MYSE
151.909,8443,6/3/2015,5/25/2015,15:38:09,7,31.2,AH0,255,34.3759424,Day,F,L,A,MYSE
151.909,8443,6/3/2015,5/30/2015,15:38:09,7,33.8,AH0,245,37.3879176,Day,F,L,A,MYSE
151.909,8443,6/3/2015,5/29/2015,15:38:10,7,30.1,AH0,230,32.6247633,Day,F,L,A,MYSE
151.909,8443,6/3/2015,5/30/2015,15:38:10,7,33.7,AH0,244,37.2983949,Day,F,L,A,MYSE
151.909,8443,6/3/2015,5/25/2015,15:38:11,7,31.2,AH0,255,34.3759424,Day,F,L,A,MYSE
151.909,8443,6/3/2015,5/29/2015,15:38:12,7,30.1,AH0,227,32.6247633,Day,F,L,A,MYSE
151.909,8443,6/3/2015,5/30/2015,15:38:12,7,33.7,AH0,247,37.2983949,Day,F,L,A,MYSE
151.909,8443,6/3/2015,5/25/2015,15:38:13,7,31.2,AH0,255,34.3759424,Day,F,L,A,MYSE
151.909,8443,6/3/2015,5/29/2015,15:38:14,7,30.1,AH0,228,32.6247633,Day,F,L,A,MYSE
151.909,8443,6/3/2015,5/30/2015,15:38:14,7,33.7,AH0,247,37.2983949,Day,F,L,A,MYSE
151.909,8443,6/3/2015,5/25/2015,15:38:15,7,31.2,AH0,255,34.3759424,Day,F,L,A,MYSE
151.909,8443,6/3/2015,5/24/2015,15:38:16,7,32.6,AH0,255,36.1807608,Day,F,L,A,MYSE
151.909,8443,6/3/2015,5/29/2015,15:38:16,7,30,AH0,230,32.45,Day,F,L,A,MYSE
151.909,8443,6/3/2015,5/30/2015,15:38:16,7,33.7,AH0,246,37.2983949,Day,F,L,A,MYSE
151.909,8443,6/3/2015,5/24/2015,15:38:18,7,32.6,AH0,255,36.1807608,Day,F,L,A,MYSE
151.909,8443,6/3/2015,5/24/2015,15:38:19,7,32.6,AH0,255,36.1807608,Day,F,L,A,MYSE
151.909,8443,6/3/2015,5/24/2015,15:38:21,7,32.6,AH0,255,36.1807608,Day,F,L,A,MYSE
151.909,8443,6/3/2015,5/25/2015,15:38:28,7,31,AH0,255,34.0803,Day,F,L,A,MYSE
151.909,8443,6/3/2015,5/25/2015,15:38:30,7,31,AH0,255,34.0803,Day,F,L,A,MYSE
151.909,8443,6/3/2015,5/29/2015,15:38:30,7,30,AH0,231,32.45,Day,F,L,A,MYSE
151.909,8443,6/3/2015,5/30/2015,15:38:30,7,33.7,AH0,245,37.2983949,Day,F,L,A,MYSE
151.909,8443,6/3/2015,5/25/2015,15:38:32,7,31,AH0,255,34.0803,Day,F,L,A,MYSE
151.909,8443,6/3/2015,5/29/2015,15:38:32,7,30,AH0,231,32.45,Day,F,L,A,MYSE
151.909,8443,6/3/2015,5/30/2015,15:38:32,7,33.7,AH0,246,37.2983949,Day,F,L,A,MYSE
151.909,8443,6/3/2015,5/24/2015,15:38:34,7,32.6,AH0,255,36.1807608,Day,F,L,A,MYSE
151.909,8443,6/3/2015,5/25/2015,15:38:34,7,31,AH0,255,34.0803,Day,F,L,A,MYSE
151.909,8443,6/3/2015,5/29/2015,15:38:34,7,30,AH0,227,32.45,Day,F,L,A,MYSE
151.909,8443,6/3/2015,5/30/2015,15:38:34,7,33.7,AH0,244,37.2983949,Day,F,L,A,MYSE
151.909,8443,6/3/2015,5/30/2015,15:38:35,7,33.7,AH0,243,37.2983949,Day,F,L,A,MYSE
151.909,8443,6/3/2015,5/24/2015,15:38:36,7,32.6,AH0,255,36.1807608,Day,F,L,A,MYSE
151.909,8443,6/3/2015,5/29/2015,15:38:36,7,30,AH0,229,32.45,Day,F,L,A,MYSE
151.909,8443,6/3/2015,5/24/2015,15:38:38,7,32.6,AH0,255,36.1807608,Day,F,L,A,MYSE
151.909,8443,6/3/2015,5/24/2015,15:38:40,7,32.6,AH0,255,36.1807608,Day,F,L,A,MYSE
151.909,8443,6/3/2015,5/24/2015,15:38:42,7,32.6,AH0,255,36.1807608,Day,F,L,A,MYSE
151.909,8443,6/3/2015,5/28/2015,15:38:44,7,32.1,AH0,47,35.5877213,Day,F,L,A,MYSE
151.909,8443,6/3/2015,5/28/2015,15:38:46,7,32.1,AH0,47,35.5877213,Day,F,L,A,MYSE
151.909,8443,6/3/2015,5/28/2015,15:38:48,7,32.1,AH0,47,35.5877213,Day,F,L,A,MYSE
151.909,8443,6/3/2015,5/25/2015,15:38:50,7,30.9,AH0,255,33.9287657,Day,F,L,A,MYSE
151.909,8443,6/3/2015,5/28/2015,15:38:50,7,32.2,AH0,46,35.7107784,Day,F,L,A,MYSE
151.909,8443,6/3/2015,5/29/2015,15:38:50,7,30,AH0,232,32.45,Day,F,L,A,MYSE
151.909,8443,6/3/2015,5/30/2015,15:38:50,7,33.7,AH0,247,37.2983949,Day,F,L,A,MYSE
151.909,8443,6/3/2015,5/30/2015,15:38:51,7,33.7,AH0,244,37.2983949,Day,F,L,A,MYSE
151.909,8443,6/3/2015,5/25/2015,15:38:52,7,30.9,AH0,255,33.9287657,Day,F,L,A,MYSE
151.909,8443,6/3/2015,5/29/2015,15:38:52,7,30,AH0,231,32.45,Day,F,L,A,MYSE
151.909,8443,6/3/2015,5/30/2015,15:38:53,7,33.7,AH0,246,37.2983949,Day,F,L,A,MYSE
151.909,8443,6/3/2015,5/24/2015,15:38:54,7,32.5,AH0,255,36.0665625,Day,F,L,A,MYSE
151.909,8443,6/3/2015,5/25/2015,15:38:54,7,30.8,AH0,255,33.7747296,Day,F,L,A,MYSE
151.909,8443,6/3/2015,5/29/2015,15:38:54,7,30,AH0,231,32.45,Day,F,L,A,MYSE
151.909,8443,6/3/2015,5/30/2015,15:38:55,7,33.7,AH0,247,37.2983949,Day,F,L,A,MYSE
151.909,8443,6/3/2015,5/24/2015,15:38:56,7,32.5,AH0,255,36.0665625,Day,F,L,A,MYSE
151.909,8443,6/3/2015,5/25/2015,15:38:56,7,30.8,AH0,255,33.7747296,Day,F,L,A,MYSE
151.909,8443,6/3/2015,5/29/2015,15:38:56,7,30,AH0,231,32.45,Day,F,L,A,MYSE
151.909,8443,6/3/2015,5/30/2015,15:38:57,7,33.7,AH0,247,37.2983949,Day,F,L,A,MYSE
151.909,8443,6/3/2015,5/24/2015,15:38:58,7,32.5,AH0,255,36.0665625,Day,F,L,A,MYSE
151.909,8443,6/3/2015,5/24/2015,15:39:00,7,32.6,AH0,255,36.1807608,Day,F,L,A,MYSE
151.909,8443,6/3/2015,5/24/2015,15:39:02,7,32.5,AH0,255,36.0665625,Day,F,L,A,MYSE
151.909,8443,6/3/2015,5/25/2015,15:39:09,7,30.8,AH0,255,33.7747296,Day,F,L,A,MYSE
151.909,8443,6/3/2015,5/30/2015,15:39:09,7,33.7,AH0,246,37.2983949,Day,F,L,A,MYSE
151.909,8443,6/3/2015,5/29/2015,15:39:10,7,30,AH0,234,32.45,Day,F,L,A,MYSE
151.909,8443,6/3/2015,5/25/2015,15:39:11,7,30.8,AH0,255,33.7747296,Day,F,L,A,MYSE
151.909,8443,6/3/2015,5/30/2015,15:39:11,7,33.7,AH0,247,37.2983949,Day,F,L,A,MYSE
151.909,8443,6/3/2015,5/29/2015,15:39:12,7,30.1,AH0,226,32.6247633,Day,F,L,A,MYSE
151.909,8443,6/3/2015,5/25/2015,15:39:13,7,30.8,AH0,255,33.7747296,Day,F,L,A,MYSE
151.909,8443,6/3/2015,5/30/2015,15:39:13,7,33.7,AH0,244,37.2983949,Day,F,L,A,MYSE
151.909,8443,6/3/2015,5/29/2015,15:39:14,7,30,AH0,223,32.45,Day,F,L,A,MYSE
151.909,8443,6/3/2015,5/24/2015,15:39:15,7,32.5,AH0,255,36.0665625,Day,F,L,A,MYSE
151.909,8443,6/3/2015,5/25/2015,15:39:15,7,30.8,AH0,255,33.7747296,Day,F,L,A,MYSE
151.909,8443,6/3/2015,5/30/2015,15:39:15,7,33.7,AH0,246,37.2983949,Day,F,L,A,MYSE
151.909,8443,6/3/2015,5/29/2015,15:39:16,7,30,AH0,224,32.45,Day,F,L,A,MYSE
151.909,8443,6/3/2015,5/30/2015,15:39:16,7,33.7,AH0,247,37.2983949,Day,F,L,A,MYSE
151.909,8443,6/3/2015,5/24/2015,15:39:17,7,32.6,AH0,255,36.1807608,Day,F,L,A,MYSE
151.909,8443,6/3/2015,5/24/2015,15:39:18,7,32.6,AH0,255,36.1807608,Day,F,L,A,MYSE
151.909,8443,6/3/2015,5/24/2015,15:39:20,7,32.6,AH0,255,36.1807608,Day,F,L,A,MYSE
151.909,8443,6/3/2015,5/25/2015,15:39:29,7,30.8,AH0,255,33.7747296,Day,F,L,A,MYSE
151.909,8443,6/3/2015,5/30/2015,15:39:29,7,33.7,AH0,246,37.2983949,Day,F,L,A,MYSE
151.909,8443,6/3/2015,5/29/2015,15:39:30,7,30,AH0,223,32.45,Day,F,L,A,MYSE
151.909,8443,6/3/2015,5/25/2015,15:39:31,7,30.8,AH0,255,33.7747296,Day,F,L,A,MYSE
151.909,8443,6/3/2015,5/30/2015,15:39:31,7,33.7,AH0,247,37.2983949,Day,F,L,A,MYSE
151.909,8443,6/3/2015,5/29/2015,15:39:32,7,30,AH0,217,32.45,Day,F,L,A,MYSE
151.909,8443,6/3/2015,5/30/2015,15:39:32,7,33.7,AH0,244,37.2983949,Day,F,L,A,MYSE
151.909,8443,6/3/2015,5/25/2015,15:39:33,7,30.8,AH0,255,33.7747296,Day,F,L,A,MYSE
151.909,8443,6/3/2015,5/29/2015,15:39:34,7,29.9,AH0,215,32.2725567,Day,F,L,A,MYSE
151.909,8443,6/3/2015,5/30/2015,15:39:34,7,33.7,AH0,244,37.2983949,Day,F,L,A,MYSE
151.909,8443,6/3/2015,5/24/2015,15:39:35,7,32.6,AH0,255,36.1807608,Day,F,L,A,MYSE
151.909,8443,6/3/2015,5/25/2015,15:39:35,7,30.8,AH0,255,33.7747296,Day,F,L,A,MYSE
151.909,8443,6/3/2015,5/29/2015,15:39:36,7,29.9,AH0,221,32.2725567,Day,F,L,A,MYSE
151.909,8443,6/3/2015,5/30/2015,15:39:36,7,33.7,AH0,247,37.2983949,Day,F,L,A,MYSE
151.909,8443,6/3/2015,5/24/2015,15:39:37,7,32.6,AH0,255,36.1807608,Day,F,L,A,MYSE
151.909,8443,6/3/2015,5/24/2015,15:39:39,7,32.6,AH0,255,36.1807608,Day,F,L,A,MYSE
151.909,8443,6/3/2015,5/24/2015,15:39:40,7,32.6,AH0,255,36.1807608,Day,F,L,A,MYSE
151.909,8443,6/3/2015,5/28/2015,15:39:44,7,32,AH0,48,35.4624,Day,F,L,A,MYSE
151.909,8443,6/3/2015,5/25/2015,15:39:48,7,30.7,AH0,255,33.6181719,Day,F,L,A,MYSE
151.909,8443,6/3/2015,5/28/2015,15:39:48,7,16,AH0,50,-27.5232,Day,F,L,A,MYSE
151.909,8443,6/3/2015,5/25/2015,15:39:50,7,30.7,AH0,255,33.6181719,Day,F,L,A,MYSE
151.909,8443,6/3/2015,5/28/2015,15:39:50,7,32.2,AH0,49,35.7107784,Day,F,L,A,MYSE
151.909,8443,6/3/2015,5/29/2015,15:39:50,7,30,AH0,223,32.45,Day,F,L,A,MYSE
151.909,8443,6/3/2015,5/30/2015,15:39:50,7,33.7,AH0,246,37.2983949,Day,F,L,A,MYSE
151.909,8443,6/3/2015,5/25/2015,15:39:52,7,30.7,AH0,255,33.6181719,Day,F,L,A,MYSE
151.909,8443,6/3/2015,5/29/2015,15:39:52,7,30,AH0,219,32.45,Day,F,L,A,MYSE
151.909,8443,6/3/2015,5/30/2015,15:39:52,7,33.7,AH0,243,37.2983949,Day,F,L,A,MYSE
151.909,8443,6/3/2015,5/25/2015,15:39:54,7,30.7,AH0,255,33.6181719,Day,F,L,A,MYSE
151.909,8443,6/3/2015,5/29/2015,15:39:54,7,30,AH0,221,32.45,Day,F,L,A,MYSE
151.909,8443,6/3/2015,5/30/2015,15:39:54,7,33.7,AH0,245,37.2983949,Day,F,L,A,MYSE
151.909,8443,6/3/2015,5/24/2015,15:39:55,7,32.6,AH0,255,36.1807608,Day,F,L,A,MYSE
151.909,8443,6/3/2015,5/29/2015,15:39:56,7,30,AH0,221,32.45,Day,F,L,A,MYSE
151.909,8443,6/3/2015,5/30/2015,15:39:56,7,33.7,AH0,245,37.2983949,Day,F,L,A,MYSE
151.909,8443,6/3/2015,5/24/2015,15:39:57,7,32.6,AH0,255,36.1807608,Day,F,L,A,MYSE
151.909,8443,6/3/2015,5/24/2015,15:39:59,7,32.6,AH0,255,36.1807608,Day,F,L,A,MYSE
151.909,8443,6/3/2015,5/24/2015,15:40:01,7,32.6,AH0,255,36.1807608,Day,F,L,A,MYSE
151.909,8443,6/3/2015,5/25/2015,15:40:10,7,30.6,AH0,255,33.4590728,Day,F,L,A,MYSE
151.909,8443,6/3/2015,5/29/2015,15:40:10,7,30.1,AH0,215,32.6247633,Day,F,L,A,MYSE
151.909,8443,6/3/2015,5/30/2015,15:40:10,7,33.7,AH0,246,37.2983949,Day,F,L,A,MYSE
151.909,8443,6/3/2015,5/25/2015,15:40:12,7,30.6,AH0,255,33.4590728,Day,F,L,A,MYSE
151.909,8443,6/3/2015,5/29/2015,15:40:12,7,30.1,AH0,213,32.6247633,Day,F,L,A,MYSE
151.909,8443,6/3/2015,5/30/2015,15:40:12,7,33.7,AH0,245,37.2983949,Day,F,L,A,MYSE
151.909,8443,6/3/2015,5/30/2015,15:40:13,7,33.7,AH0,246,37.2983949,Day,F,L,A,MYSE
151.909,8443,6/3/2015,5/25/2015,15:40:14,7,30.6,AH0,255,33.4590728,Day,F,L,A,MYSE
151.909,8443,6/3/2015,5/29/2015,15:40:14,7,30.1,AH0,213,32.6247633,Day,F,L,A,MYSE
151.909,8443,6/3/2015,5/24/2015,15:40:15,7,32.6,AH0,255,36.1807608,Day,F,L,A,MYSE
151.909,8443,6/3/2015,5/30/2015,15:40:15,7,33.7,AH0,248,37.2983949,Day,F,L,A,MYSE
151.909,8443,6/3/2015,5/25/2015,15:40:16,7,30.6,AH0,255,33.4590728,Day,F,L,A,MYSE
151.909,8443,6/3/2015,5/29/2015,15:40:16,7,30.1,AH0,215,32.6247633,Day,F,L,A,MYSE
151.909,8443,6/3/2015,5/24/2015,15:40:17,7,32.6,AH0,255,36.1807608,Day,F,L,A,MYSE
151.909,8443,6/3/2015,5/24/2015,15:40:19,7,32.6,AH0,255,36.1807608,Day,F,L,A,MYSE
151.909,8443,6/3/2015,5/24/2015,15:40:21,7,32.6,AH0,255,36.1807608,Day,F,L,A,MYSE
151.909,8443,6/3/2015,5/28/2015,15:40:24,7,31.9,AH0,47,35.3347947,Day,F,L,A,MYSE
151.909,8443,6/3/2015,5/28/2015,15:40:25,7,32.1,AH0,54,35.5877213,Day,F,L,A,MYSE
151.909,8443,6/3/2015,5/28/2015,15:40:27,7,32.1,AH0,46,35.5877213,Day,F,L,A,MYSE
151.909,8443,6/3/2015,5/25/2015,15:40:29,7,30.6,AH0,255,33.4590728,Day,F,L,A,MYSE
151.909,8443,6/3/2015,5/28/2015,15:40:29,7,32.1,AH0,48,35.5877213,Day,F,L,A,MYSE
151.909,8443,6/3/2015,5/30/2015,15:40:29,7,33.7,AH0,248,37.2983949,Day,F,L,A,MYSE
151.909,8443,6/3/2015,5/29/2015,15:40:30,7,30.1,AH0,214,32.6247633,Day,F,L,A,MYSE
151.909,8443,6/3/2015,5/25/2015,15:40:31,7,30.6,AH0,255,33.4590728,Day,F,L,A,MYSE
151.909,8443,6/3/2015,5/30/2015,15:40:31,7,33.7,AH0,248,37.2983949,Day,F,L,A,MYSE
151.909,8443,6/3/2015,5/29/2015,15:40:32,7,30.1,AH0,213,32.6247633,Day,F,L,A,MYSE
151.909,8443,6/3/2015,5/25/2015,15:40:33,7,30.6,AH0,255,33.4590728,Day,F,L,A,MYSE
151.909,8443,6/3/2015,5/30/2015,15:40:33,7,33.7,AH0,245,37.2983949,Day,F,L,A,MYSE
151.909,8443,6/3/2015,5/29/2015,15:40:34,7,30.1,AH0,213,32.6247633,Day,F,L,A,MYSE
151.909,8443,6/3/2015,5/25/2015,15:40:35,7,30.6,AH0,255,33.4590728,Day,F,L,A,MYSE
151.909,8443,6/3/2015,5/30/2015,15:40:35,7,33.7,AH0,248,37.2983949,Day,F,L,A,MYSE
151.909,8443,6/3/2015,5/24/2015,15:40:36,7,32.7,AH0,255,36.2927939,Day,F,L,A,MYSE
151.909,8443,6/3/2015,5/29/2015,15:40:36,7,30.1,AH0,215,32.6247633,Day,F,L,A,MYSE
151.909,8443,6/3/2015,5/30/2015,15:40:37,7,33.7,AH0,247,37.2983949,Day,F,L,A,MYSE
151.909,8443,6/3/2015,5/24/2015,15:40:38,7,32.7,AH0,255,36.2927939,Day,F,L,A,MYSE
151.909,8443,6/3/2015,5/24/2015,15:40:39,7,32.7,AH0,255,36.2927939,Day,F,L,A,MYSE
151.909,8443,6/3/2015,5/24/2015,15:40:41,7,32.7,AH0,255,36.2927939,Day,F,L,A,MYSE
151.909,8443,6/3/2015,5/28/2015,15:40:46,7,15.9,AH0,46,-28.2712693,Day,F,L,A,MYSE
151.909,8443,6/3/2015,5/25/2015,15:40:49,7,30.6,AH0,255,33.4590728,Day,F,L,A,MYSE
151.909,8443,6/3/2015,5/30/2015,15:40:49,7,33.7,AH0,246,37.2983949,Day,F,L,A,MYSE
151.909,8443,6/3/2015,5/28/2015,15:40:50,7,16,AH0,47,-27.5232,Day,F,L,A,MYSE
151.909,8443,6/3/2015,5/29/2015,15:40:50,7,30.1,AH0,212,32.6247633,Day,F,L,A,MYSE
151.909,8443,6/3/2015,5/25/2015,15:40:51,7,30.6,AH0,255,33.4590728,Day,F,L,A,MYSE
151.909,8443,6/3/2015,5/30/2015,15:40:51,7,33.7,AH0,247,37.2983949,Day,F,L,A,MYSE
151.909,8443,6/3/2015,5/29/2015,15:40:52,7,30.1,AH0,214,32.6247633,Day,F,L,A,MYSE
151.909,8443,6/3/2015,5/25/2015,15:40:53,7,30.6,AH0,255,33.4590728,Day,F,L,A,MYSE
151.909,8443,6/3/2015,5/30/2015,15:40:53,7,33.7,AH0,244,37.2983949,Day,F,L,A,MYSE
151.909,8443,6/3/2015,5/24/2015,15:40:54,7,32.7,AH0,255,36.2927939,Day,F,L,A,MYSE
151.909,8443,6/3/2015,5/29/2015,15:40:54,7,30.1,AH0,213,32.6247633,Day,F,L,A,MYSE
151.909,8443,6/3/2015,5/30/2015,15:40:54,7,33.7,AH0,247,37.2983949,Day,F,L,A,MYSE
151.909,8443,6/3/2015,5/25/2015,15:40:55,7,30.6,AH0,255,33.4590728,Day,F,L,A,MYSE
151.909,8443,6/3/2015,5/24/2015,15:40:56,7,32.7,AH0,255,36.2927939,Day,F,L,A,MYSE
151.909,8443,6/3/2015,5/29/2015,15:40:56,7,30.1,AH0,214,32.6247633,Day,F,L,A,MYSE
151.909,8443,6/3/2015,5/30/2015,15:40:56,7,33.6,AH0,246,37.2069248,Day,F,L,A,MYSE
151.909,8443,6/3/2015,5/24/2015,15:40:58,7,32.7,AH0,255,36.2927939,Day,F,L,A,MYSE
151.909,8443,6/3/2015,5/24/2015,15:41:00,7,32.7,AH0,255,36.2927939,Day,F,L,A,MYSE
151.909,8443,6/3/2015,5/24/2015,15:41:01,7,32.7,AH0,255,36.2927939,Day,F,L,A,MYSE
151.909,8443,6/3/2015,5/28/2015,15:41:03,7,31.9,AH0,56,35.3347947,Day,F,L,A,MYSE
151.909,8443,6/3/2015,5/28/2015,15:41:05,7,32.1,AH0,48,35.5877213,Day,F,L,A,MYSE
151.909,8443,6/3/2015,5/28/2015,15:41:07,7,32.1,AH0,50,35.5877213,Day,F,L,A,MYSE
151.909,8443,6/3/2015,5/25/2015,15:41:09,7,30.6,AH0,255,33.4590728,Day,F,L,A,MYSE
151.909,8443,6/3/2015,5/28/2015,15:41:09,7,32.1,AH0,50,35.5877213,Day,F,L,A,MYSE
151.909,8443,6/3/2015,5/29/2015,15:41:09,7,30.2,AH0,212,32.7968664,Day,F,L,A,MYSE
151.909,8443,6/3/2015,5/30/2015,15:41:09,7,33.6,AH0,247,37.2069248,Day,F,L,A,MYSE
151.909,8443,6/3/2015,5/28/2015,15:41:10,7,32,AH0,52,35.4624,Day,F,L,A,MYSE
151.909,8443,6/3/2015,5/30/2015,15:41:10,7,33.6,AH0,246,37.2069248,Day,F,L,A,MYSE
151.909,8443,6/3/2015,5/25/2015,15:41:11,7,30.6,AH0,255,33.4590728,Day,F,L,A,MYSE
151.909,8443,6/3/2015,5/29/2015,15:41:11,7,30.2,AH0,214,32.7968664,Day,F,L,A,MYSE
151.909,8443,6/3/2015,5/30/2015,15:41:12,7,33.6,AH0,246,37.2069248,Day,F,L,A,MYSE
151.909,8443,6/3/2015,5/25/2015,15:41:13,7,30.6,AH0,255,33.4590728,Day,F,L,A,MYSE
151.909,8443,6/3/2015,5/29/2015,15:41:13,7,30.2,AH0,214,32.7968664,Day,F,L,A,MYSE
151.909,8443,6/3/2015,5/24/2015,15:41:14,7,32.8,AH0,255,36.4026816,Day,F,L,A,MYSE
151.909,8443,6/3/2015,5/30/2015,15:41:14,7,33.6,AH0,246,37.2069248,Day,F,L,A,MYSE
151.909,8443,6/3/2015,5/25/2015,15:41:15,7,30.6,AH0,255,33.4590728,Day,F,L,A,MYSE
151.909,8443,6/3/2015,5/29/2015,15:41:15,7,30.2,AH0,216,32.7968664,Day,F,L,A,MYSE
151.909,8443,6/3/2015,5/24/2015,15:41:16,7,32.8,AH0,255,36.4026816,Day,F,L,A,MYSE
151.909,8443,6/3/2015,5/30/2015,15:41:16,7,33.6,AH0,247,37.2069248,Day,F,L,A,MYSE
151.909,8443,6/3/2015,5/24/2015,15:41:18,7,32.8,AH0,255,36.4026816,Day,F,L,A,MYSE
151.909,8443,6/3/2015,5/24/2015,15:41:20,7,32.8,AH0,255,36.4026816,Day,F,L,A,MYSE
151.909,8443,6/3/2015,5/24/2015,15:41:22,7,32.8,AH0,255,36.4026816,Day,F,L,A,MYSE
151.909,8443,6/3/2015,5/25/2015,15:41:28,7,30.6,AH0,255,33.4590728,Day,F,L,A,MYSE
151.909,8443,6/3/2015,5/29/2015,15:41:29,7,30.2,AH0,214,32.7968664,Day,F,L,A,MYSE
151.909,8443,6/3/2015,5/25/2015,15:41:30,7,30.6,AH0,255,33.4590728,Day,F,L,A,MYSE
151.909,8443,6/3/2015,5/30/2015,15:41:30,7,33.6,AH0,247,37.2069248,Day,F,L,A,MYSE
151.909,8443,6/3/2015,5/29/2015,15:41:31,7,30.2,AH0,215,32.7968664,Day,F,L,A,MYSE
151.909,8443,6/3/2015,5/25/2015,15:41:32,7,30.6,AH0,255,33.4590728,Day,F,L,A,MYSE
151.909,8443,6/3/2015,5/30/2015,15:41:32,7,33.6,AH0,246,37.2069248,Day,F,L,A,MYSE
151.909,8443,6/3/2015,5/29/2015,15:41:33,7,30.2,AH0,213,32.7968664,Day,F,L,A,MYSE
151.909,8443,6/3/2015,5/24/2015,15:41:34,7,32.8,AH0,255,36.4026816,Day,F,L,A,MYSE
151.909,8443,6/3/2015,5/25/2015,15:41:34,7,30.6,AH0,255,33.4590728,Day,F,L,A,MYSE
151.909,8443,6/3/2015,5/30/2015,15:41:34,7,33.6,AH0,244,37.2069248,Day,F,L,A,MYSE
151.909,8443,6/3/2015,5/29/2015,15:41:35,7,30.2,AH0,214,32.7968664,Day,F,L,A,MYSE
151.909,8443,6/3/2015,5/30/2015,15:41:35,7,33.6,AH0,246,37.2069248,Day,F,L,A,MYSE
151.909,8443,6/3/2015,5/24/2015,15:41:36,7,32.8,AH0,255,36.4026816,Day,F,L,A,MYSE
151.909,8443,6/3/2015,5/24/2015,15:41:38,7,32.8,AH0,255,36.4026816,Day,F,L,A,MYSE
151.909,8443,6/3/2015,5/24/2015,15:41:40,7,32.8,AH0,255,36.4026816,Day,F,L,A,MYSE
151.909,8443,6/3/2015,5/24/2015,15:41:42,7,32.8,AH0,255,36.4026816,Day,F,L,A,MYSE
151.909,8443,6/3/2015,5/25/2015,15:41:50,7,30.6,AH0,255,33.4590728,Day,F,L,A,MYSE
151.909,8443,6/3/2015,5/30/2015,15:41:50,7,33.6,AH0,245,37.2069248,Day,F,L,A,MYSE
151.909,8443,6/3/2015,5/29/2015,15:41:51,7,30.3,AH0,215,32.9663291,Day,F,L,A,MYSE
151.909,8443,6/3/2015,5/25/2015,15:41:52,7,30.6,AH0,255,33.4590728,Day,F,L,A,MYSE
151.909,8443,6/3/2015,5/30/2015,15:41:52,7,33.6,AH0,245,37.2069248,Day,F,L,A,MYSE
151.909,8443,6/3/2015,5/29/2015,15:41:53,7,30.3,AH0,212,32.9663291,Day,F,L,A,MYSE
151.909,8443,6/3/2015,5/30/2015,15:41:53,7,33.6,AH0,246,37.2069248,Day,F,L,A,MYSE
151.909,8443,6/3/2015,5/24/2015,15:41:54,7,32.8,AH0,255,36.4026816,Day,F,L,A,MYSE
151.909,8443,6/3/2015,5/25/2015,15:41:54,7,30.6,AH0,255,33.4590728,Day,F,L,A,MYSE
151.909,8443,6/3/2015,5/29/2015,15:41:55,7,30.3,AH0,215,32.9663291,Day,F,L,A,MYSE
151.909,8443,6/3/2015,5/30/2015,15:41:55,7,33.6,AH0,247,37.2069248,Day,F,L,A,MYSE
151.909,8443,6/3/2015,5/24/2015,15:41:56,7,32.8,AH0,255,36.4026816,Day,F,L,A,MYSE
151.909,8443,6/3/2015,5/25/2015,15:41:56,7,30.6,AH0,255,33.4590728,Day,F,L,A,MYSE
151.909,8443,6/3/2015,5/29/2015,15:41:57,7,30.3,AH0,217,32.9663291,Day,F,L,A,MYSE
151.909,8443,6/3/2015,5/24/2015,15:41:58,7,32.8,AH0,255,36.4026816,Day,F,L,A,MYSE
151.909,8443,6/3/2015,5/24/2015,15:42:00,7,32.8,AH0,255,36.4026816,Day,F,L,A,MYSE
151.909,8443,6/3/2015,5/24/2015,15:42:02,7,32.8,AH0,255,36.4026816,Day,F,L,A,MYSE
151.909,8443,6/3/2015,5/28/2015,15:42:03,7,32,AH0,45,35.4624,Day,F,L,A,MYSE
151.909,8443,6/3/2015,5/28/2015,15:42:05,7,32,AH0,44,35.4624,Day,F,L,A,MYSE
151.909,8443,6/3/2015,5/25/2015,15:42:09,7,30.6,AH0,255,33.4590728,Day,F,L,A,MYSE
151.909,8443,6/3/2015,5/28/2015,15:42:09,7,15.9,AH0,49,-28.2712693,Day,F,L,A,MYSE
151.909,8443,6/3/2015,5/30/2015,15:42:09,7,33.6,AH0,245,37.2069248,Day,F,L,A,MYSE
151.909,8443,6/3/2015,5/25/2015,15:42:11,7,30.6,AH0,255,33.4590728,Day,F,L,A,MYSE
151.909,8443,6/3/2015,5/28/2015,15:42:11,7,31.8,AH0,12,35.2048856,Day,F,L,A,MYSE
151.909,8443,6/3/2015,5/29/2015,15:42:11,7,30.3,AH0,215,32.9663291,Day,F,L,A,MYSE
151.909,8443,6/3/2015,5/30/2015,15:42:11,7,33.6,AH0,249,37.2069248,Day,F,L,A,MYSE
151.909,8443,6/3/2015,5/25/2015,15:42:13,7,30.6,AH0,255,33.4590728,Day,F,L,A,MYSE
151.909,8443,6/3/2015,5/29/2015,15:42:13,7,30.3,AH0,215,32.9663291,Day,F,L,A,MYSE
151.909,8443,6/3/2015,5/30/2015,15:42:13,7,33.6,AH0,248,37.2069248,Day,F,L,A,MYSE
151.909,8443,6/3/2015,5/24/2015,15:42:15,7,32.8,AH0,255,36.4026816,Day,F,L,A,MYSE
151.909,8443,6/3/2015,5/25/2015,15:42:15,7,30.6,AH0,255,33.4590728,Day,F,L,A,MYSE
151.909,8443,6/3/2015,5/29/2015,15:42:15,7,30.3,AH0,210,32.9663291,Day,F,L,A,MYSE
151.909,8443,6/3/2015,5/30/2015,15:42:15,7,33.6,AH0,246,37.2069248,Day,F,L,A,MYSE
151.909,8443,6/3/2015,5/24/2015,15:42:16,7,32.8,AH0,255,36.4026816,Day,F,L,A,MYSE
151.909,8443,6/3/2015,5/29/2015,15:42:17,7,30.3,AH0,216,32.9663291,Day,F,L,A,MYSE
151.909,8443,6/3/2015,5/30/2015,15:42:17,7,33.6,AH0,247,37.2069248,Day,F,L,A,MYSE
151.909,8443,6/3/2015,5/24/2015,15:42:18,7,32.9,AH0,255,36.5104437,Day,F,L,A,MYSE
151.909,8443,6/3/2015,5/24/2015,15:42:20,7,32.9,AH0,255,36.5104437,Day,F,L,A,MYSE
151.909,8443,6/3/2015,5/24/2015,15:42:22,7,32.8,AH0,255,36.4026816,Day,F,L,A,MYSE
151.909,8443,6/3/2015,5/28/2015,15:42:24,7,31.9,AH0,51,35.3347947,Day,F,L,A,MYSE
151.909,8443,6/3/2015,5/28/2015,15:42:26,7,32,AH0,48,35.4624,Day,F,L,A,MYSE
151.909,8443,6/3/2015,5/28/2015,15:42:28,7,32.1,AH0,51,35.5877213,Day,F,L,A,MYSE
151.909,8443,6/3/2015,5/25/2015,15:42:29,7,30.6,AH0,255,33.4590728,Day,F,L,A,MYSE
151.909,8443,6/3/2015,5/28/2015,15:42:29,7,32.1,AH0,50,35.5877213,Day,F,L,A,MYSE
151.909,8443,6/3/2015,5/30/2015,15:42:29,7,33.6,AH0,246,37.2069248,Day,F,L,A,MYSE
151.909,8443,6/3/2015,5/25/2015,15:42:31,7,30.6,AH0,255,33.4590728,Day,F,L,A,MYSE
151.909,8443,6/3/2015,5/29/2015,15:42:31,7,30.4,AH0,215,33.1331712,Day,F,L,A,MYSE
151.909,8443,6/3/2015,5/30/2015,15:42:31,7,33.6,AH0,249,37.2069248,Day,F,L,A,MYSE
151.909,8443,6/3/2015,5/25/2015,15:42:33,7,30.6,AH0,255,33.4590728,Day,F,L,A,MYSE
151.909,8443,6/3/2015,5/29/2015,15:42:33,7,30.4,AH0,217,33.1331712,Day,F,L,A,MYSE
151.909,8443,6/3/2015,5/30/2015,15:42:33,7,33.6,AH0,243,37.2069248,Day,F,L,A,MYSE
151.909,8443,6/3/2015,5/30/2015,15:42:34,7,33.6,AH0,244,37.2069248,Day,F,L,A,MYSE
151.909,8443,6/3/2015,5/24/2015,15:42:35,7,32.9,AH0,255,36.5104437,Day,F,L,A,MYSE
151.909,8443,6/3/2015,5/25/2015,15:42:35,7,30.6,AH0,255,33.4590728,Day,F,L,A,MYSE
151.909,8443,6/3/2015,5/29/2015,15:42:35,7,30.4,AH0,214,33.1331712,Day,F,L,A,MYSE
151.909,8443,6/3/2015,5/30/2015,15:42:36,7,33.6,AH0,245,37.2069248,Day,F,L,A,MYSE
151.909,8443,6/3/2015,5/24/2015,15:42:37,7,32.9,AH0,255,36.5104437,Day,F,L,A,MYSE
151.909,8443,6/3/2015,5/29/2015,15:42:37,7,30.4,AH0,212,33.1331712,Day,F,L,A,MYSE
151.909,8443,6/3/2015,5/24/2015,15:42:38,7,32.9,AH0,255,36.5104437,Day,F,L,A,MYSE
151.909,8443,6/3/2015,5/24/2015,15:42:40,7,32.9,AH0,255,36.5104437,Day,F,L,A,MYSE
151.909,8443,6/3/2015,5/25/2015,15:42:49,7,30.6,AH0,255,33.4590728,Day,F,L,A,MYSE
151.909,8443,6/3/2015,5/30/2015,15:42:49,7,33.6,AH0,246,37.2069248,Day,F,L,A,MYSE
151.909,8443,6/3/2015,5/29/2015,15:42:50,7,30.4,AH0,214,33.1331712,Day,F,L,A,MYSE
151.909,8443,6/3/2015,5/30/2015,15:42:50,7,33.6,AH0,247,37.2069248,Day,F,L,A,MYSE
151.909,8443,6/3/2015,5/25/2015,15:42:51,7,30.6,AH0,255,33.4590728,Day,F,L,A,MYSE
151.909,8443,6/3/2015,5/29/2015,15:42:52,7,30.4,AH0,217,33.1331712,Day,F,L,A,MYSE
151.909,8443,6/3/2015,5/30/2015,15:42:52,7,33.6,AH0,245,37.2069248,Day,F,L,A,MYSE
151.909,8443,6/3/2015,5/25/2015,15:42:53,7,30.6,AH0,255,33.4590728,Day,F,L,A,MYSE
151.909,8443,6/3/2015,5/29/2015,15:42:54,7,30.4,AH0,215,33.1331712,Day,F,L,A,MYSE
151.909,8443,6/3/2015,5/30/2015,15:42:54,7,33.6,AH0,244,37.2069248,Day,F,L,A,MYSE
151.909,8443,6/3/2015,5/24/2015,15:42:55,7,36.9,AH0,255,39.3052397,Day,F,L,A,MYSE
151.909,8443,6/3/2015,5/25/2015,15:42:55,7,30.6,AH0,255,33.4590728,Day,F,L,A,MYSE
151.909,8443,6/3/2015,5/29/2015,15:42:56,7,30.4,AH0,214,33.1331712,Day,F,L,A,MYSE
151.909,8443,6/3/2015,5/30/2015,15:42:56,7,33.6,AH0,245,37.2069248,Day,F,L,A,MYSE
151.909,8443,6/3/2015,5/24/2015,15:42:57,7,32.9,AH0,255,36.5104437,Day,F,L,A,MYSE
151.909,8443,6/3/2015,5/24/2015,15:42:58,7,32.9,AH0,255,36.5104437,Day,F,L,A,MYSE
151.909,8443,6/3/2015,5/24/2015,15:43:00,7,32.9,AH0,255,36.5104437,Day,F,L,A,MYSE
151.909,8443,6/3/2015,5/28/2015,15:43:03,7,32.2,AH0,51,35.7107784,Day,F,L,A,MYSE
151.909,8443,6/3/2015,5/28/2015,15:43:07,7,16,AH0,42,-27.5232,Day,F,L,A,MYSE
151.909,8443,6/3/2015,5/25/2015,15:43:08,7,30.6,AH0,255,33.4590728,Day,F,L,A,MYSE
151.909,8443,6/3/2015,5/28/2015,15:43:09,7,32,AH0,45,35.4624,Day,F,L,A,MYSE
151.909,8443,6/3/2015,5/25/2015,15:43:10,7,30.6,AH0,255,33.4590728,Day,F,L,A,MYSE
151.909,8443,6/3/2015,5/29/2015,15:43:10,7,30.5,AH0,214,33.2974125,Day,F,L,A,MYSE
151.909,8443,6/3/2015,5/30/2015,15:43:10,7,33.6,AH0,245,37.2069248,Day,F,L,A,MYSE
151.909,8443,6/3/2015,5/25/2015,15:43:12,7,30.6,AH0,255,33.4590728,Day,F,L,A,MYSE
151.909,8443,6/3/2015,5/29/2015,15:43:12,7,30.5,AH0,214,33.2974125,Day,F,L,A,MYSE
151.909,8443,6/3/2015,5/30/2015,15:43:12,7,33.5,AH0,245,37.1134875,Day,F,L,A,MYSE
151.909,8443,6/3/2015,5/25/2015,15:43:14,7,30.6,AH0,255,33.4590728,Day,F,L,A,MYSE
151.909,8443,6/3/2015,5/29/2015,15:43:14,7,30.5,AH0,214,33.2974125,Day,F,L,A,MYSE
151.909,8443,6/3/2015,5/30/2015,15:43:14,7,33.6,AH0,248,37.2069248,Day,F,L,A,MYSE
151.909,8443,6/3/2015,5/24/2015,15:43:15,7,33,AH0,255,36.6161,Day,F,L,A,MYSE
151.909,8443,6/3/2015,5/29/2015,15:43:16,7,30.5,AH0,214,33.2974125,Day,F,L,A,MYSE
151.909,8443,6/3/2015,5/30/2015,15:43:16,7,33.6,AH0,242,37.2069248,Day,F,L,A,MYSE
151.909,8443,6/3/2015,5/24/2015,15:43:17,7,33,AH0,255,36.6161,Day,F,L,A,MYSE
151.909,8443,6/3/2015,5/24/2015,15:43:18,7,33,AH0,255,36.6161,Day,F,L,A,MYSE
151.909,8443,6/3/2015,5/24/2015,15:43:20,7,33,AH0,255,36.6161,Day,F,L,A,MYSE
151.909,8443,6/3/2015,5/25/2015,15:43:28,7,30.7,AH0,255,33.6181719,Day,F,L,A,MYSE
151.909,8443,6/3/2015,5/25/2015,15:43:30,7,30.6,AH0,255,33.4590728,Day,F,L,A,MYSE
151.909,8443,6/3/2015,5/29/2015,15:43:30,7,30.5,AH0,216,33.2974125,Day,F,L,A,MYSE
151.909,8443,6/3/2015,5/30/2015,15:43:30,7,33.6,AH0,247,37.2069248,Day,F,L,A,MYSE
151.909,8443,6/3/2015,5/25/2015,15:43:32,7,30.6,AH0,255,33.4590728,Day,F,L,A,MYSE
151.909,8443,6/3/2015,5/29/2015,15:43:32,7,30.5,AH0,212,33.2974125,Day,F,L,A,MYSE
151.909,8443,6/3/2015,5/30/2015,15:43:32,7,33.6,AH0,246,37.2069248,Day,F,L,A,MYSE
151.909,8443,6/3/2015,5/30/2015,15:43:33,7,33.6,AH0,246,37.2069248,Day,F,L,A,MYSE
151.909,8443,6/3/2015,5/25/2015,15:43:34,7,30.6,AH0,255,33.4590728,Day,F,L,A,MYSE
151.909,8443,6/3/2015,5/29/2015,15:43:34,7,30.5,AH0,215,33.2974125,Day,F,L,A,MYSE
151.909,8443,6/3/2015,5/24/2015,15:43:35,7,33,AH0,255,36.6161,Day,F,L,A,MYSE
151.909,8443,6/3/2015,5/30/2015,15:43:35,7,33.6,AH0,247,37.2069248,Day,F,L,A,MYSE
151.909,8443,6/3/2015,5/25/2015,15:43:36,7,30.6,AH0,255,33.4590728,Day,F,L,A,MYSE
151.909,8443,6/3/2015,5/29/2015,15:43:36,7,30.5,AH0,212,33.2974125,Day,F,L,A,MYSE
151.909,8443,6/3/2015,5/24/2015,15:43:37,7,33,AH0,255,36.6161,Day,F,L,A,MYSE
151.909,8443,6/3/2015,5/24/2015,15:43:38,7,33,AH0,255,36.6161,Day,F,L,A,MYSE
151.909,8443,6/3/2015,5/24/2015,15:43:40,7,33,AH0,255,36.6161,Day,F,L,A,MYSE
151.909,8443,6/3/2015,5/25/2015,15:43:49,7,30.6,AH0,255,33.4590728,Day,F,L,A,MYSE
151.909,8443,6/3/2015,5/29/2015,15:43:50,7,30.6,AH0,216,33.4590728,Day,F,L,A,MYSE
151.909,8443,6/3/2015,5/30/2015,15:43:50,7,33.5,AH0,246,37.1134875,Day,F,L,A,MYSE
151.909,8443,6/3/2015,5/25/2015,15:43:51,7,30.6,AH0,255,33.4590728,Day,F,L,A,MYSE
151.909,8443,6/3/2015,5/29/2015,15:43:51,7,30.6,AH0,214,33.4590728,Day,F,L,A,MYSE
151.909,8443,6/3/2015,5/30/2015,15:43:51,7,33.5,AH0,243,37.1134875,Day,F,L,A,MYSE
151.909,8443,6/3/2015,5/25/2015,15:43:53,7,30.6,AH0,255,33.4590728,Day,F,L,A,MYSE
151.909,8443,6/3/2015,5/29/2015,15:43:53,7,30.6,AH0,215,33.4590728,Day,F,L,A,MYSE
151.909,8443,6/3/2015,5/30/2015,15:43:53,7,33.5,AH0,246,37.1134875,Day,F,L,A,MYSE
151.909,8443,6/3/2015,5/24/2015,15:43:55,7,35.2,AH0,255,38.4478464,Day,F,L,A,MYSE
151.909,8443,6/3/2015,5/25/2015,15:43:55,7,30.6,AH0,255,33.4590728,Day,F,L,A,MYSE
151.909,8443,6/3/2015,5/29/2015,15:43:55,7,30.6,AH0,213,33.4590728,Day,F,L,A,MYSE
151.909,8443,6/3/2015,5/30/2015,15:43:55,7,33.5,AH0,246,37.1134875,Day,F,L,A,MYSE
151.909,8443,6/3/2015,5/24/2015,15:43:57,7,32.9,AH0,255,36.5104437,Day,F,L,A,MYSE
151.909,8443,6/3/2015,5/30/2015,15:43:57,7,33.5,AH0,246,37.1134875,Day,F,L,A,MYSE
151.909,8443,6/3/2015,5/24/2015,15:43:58,7,32.9,AH0,255,36.5104437,Day,F,L,A,MYSE
151.909,8443,6/3/2015,5/24/2015,15:44:00,7,32.9,AH0,255,36.5104437,Day,F,L,A,MYSE
151.909,8443,6/3/2015,5/28/2015,15:44:05,7,32.2,AH0,45,35.7107784,Day,F,L,A,MYSE
151.909,8443,6/3/2015,5/28/2015,15:44:07,7,32.4,AH0,47,35.9501792,Day,F,L,A,MYSE
151.909,8443,6/3/2015,5/25/2015,15:44:09,7,30.7,AH0,255,33.6181719,Day,F,L,A,MYSE
151.909,8443,6/3/2015,5/30/2015,15:44:09,7,33.5,AH0,247,37.1134875,Day,F,L,A,MYSE
151.909,8443,6/3/2015,5/25/2015,15:44:11,7,30.7,AH0,255,33.6181719,Day,F,L,A,MYSE
151.909,8443,6/3/2015,5/29/2015,15:44:11,7,30.6,AH0,216,33.4590728,Day,F,L,A,MYSE
151.909,8443,6/3/2015,5/30/2015,15:44:11,7,33.5,AH0,246,37.1134875,Day,F,L,A,MYSE
151.909,8443,6/3/2015,5/25/2015,15:44:13,7,30.7,AH0,255,33.6181719,Day,F,L,A,MYSE
151.909,8443,6/3/2015,5/29/2015,15:44:13,7,30.6,AH0,215,33.4590728,Day,F,L,A,MYSE
151.909,8443,6/3/2015,5/30/2015,15:44:13,7,33.5,AH0,248,37.1134875,Day,F,L,A,MYSE
151.909,8443,6/3/2015,5/24/2015,15:44:15,7,32.9,AH0,255,36.5104437,Day,F,L,A,MYSE
151.909,8443,6/3/2015,5/25/2015,15:44:15,7,30.7,AH0,255,33.6181719,Day,F,L,A,MYSE
151.909,8443,6/3/2015,5/29/2015,15:44:15,7,30.6,AH0,214,33.4590728,Day,F,L,A,MYSE
151.909,8443,6/3/2015,5/30/2015,15:44:15,7,33.5,AH0,246,37.1134875,Day,F,L,A,MYSE
151.909,8443,6/3/2015,5/30/2015,15:44:16,7,33.5,AH0,242,37.1134875,Day,F,L,A,MYSE
151.909,8443,6/3/2015,5/24/2015,15:44:17,7,32.9,AH0,255,36.5104437,Day,F,L,A,MYSE
151.909,8443,6/3/2015,5/29/2015,15:44:17,7,30.6,AH0,214,33.4590728,Day,F,L,A,MYSE
151.909,8443,6/3/2015,5/24/2015,15:44:19,7,32.8,AH0,255,36.4026816,Day,F,L,A,MYSE
151.909,8443,6/3/2015,5/24/2015,15:44:20,7,32.9,AH0,255,36.5104437,Day,F,L,A,MYSE
151.909,8443,6/3/2015,5/25/2015,15:44:29,7,30.7,AH0,255,33.6181719,Day,F,L,A,MYSE
151.909,8443,6/3/2015,5/30/2015,15:44:29,7,33.5,AH0,246,37.1134875,Day,F,L,A,MYSE
151.909,8443,6/3/2015,5/25/2015,15:44:31,7,30.7,AH0,255,33.6181719,Day,F,L,A,MYSE
151.909,8443,6/3/2015,5/29/2015,15:44:31,7,30.7,AH0,214,33.6181719,Day,F,L,A,MYSE
151.909,8443,6/3/2015,5/30/2015,15:44:31,7,33.5,AH0,249,37.1134875,Day,F,L,A,MYSE
151.909,8443,6/3/2015,5/25/2015,15:44:33,7,30.7,AH0,255,33.6181719,Day,F,L,A,MYSE
151.909,8443,6/3/2015,5/29/2015,15:44:33,7,30.7,AH0,216,33.6181719,Day,F,L,A,MYSE
151.909,8443,6/3/2015,5/30/2015,15:44:33,7,33.5,AH0,247,37.1134875,Day,F,L,A,MYSE
151.909,8443,6/3/2015,5/25/2015,15:44:34,7,30.7,AH0,255,33.6181719,Day,F,L,A,MYSE
151.909,8443,6/3/2015,5/30/2015,15:44:34,7,33.5,AH0,248,37.1134875,Day,F,L,A,MYSE
151.909,8443,6/3/2015,5/24/2015,15:44:35,7,32.8,AH0,255,36.4026816,Day,F,L,A,MYSE
151.909,8443,6/3/2015,5/29/2015,15:44:35,7,30.7,AH0,216,33.6181719,Day,F,L,A,MYSE
151.909,8443,6/3/2015,5/30/2015,15:44:36,7,33.5,AH0,249,37.1134875,Day,F,L,A,MYSE
151.909,8443,6/3/2015,5/24/2015,15:44:37,7,32.8,AH0,255,36.4026816,Day,F,L,A,MYSE
151.909,8443,6/3/2015,5/29/2015,15:44:37,7,30.7,AH0,216,33.6181719,Day,F,L,A,MYSE
151.909,8443,6/3/2015,5/24/2015,15:44:39,7,32.8,AH0,255,36.4026816,Day,F,L,A,MYSE
151.909,8443,6/3/2015,5/24/2015,15:44:41,7,32.8,AH0,255,36.4026816,Day,F,L,A,MYSE
151.909,8443,6/3/2015,5/25/2015,15:44:48,7,30.7,AH0,255,33.6181719,Day,F,L,A,MYSE
151.909,8443,6/3/2015,5/30/2015,15:44:49,7,33.5,AH0,248,37.1134875,Day,F,L,A,MYSE
151.909,8443,6/3/2015,5/25/2015,15:44:50,7,30.6,AH0,255,33.4590728,Day,F,L,A,MYSE
151.909,8443,6/3/2015,5/29/2015,15:44:50,7,30.7,AH0,216,33.6181719,Day,F,L,A,MYSE
151.909,8443,6/3/2015,5/30/2015,15:44:50,7,33.5,AH0,249,37.1134875,Day,F,L,A,MYSE
151.909,8443,6/3/2015,5/25/2015,15:44:52,7,30.6,AH0,255,33.4590728,Day,F,L,A,MYSE
151.909,8443,6/3/2015,5/29/2015,15:44:52,7,30.7,AH0,216,33.6181719,Day,F,L,A,MYSE
151.909,8443,6/3/2015,5/30/2015,15:44:52,7,33.5,AH0,249,37.1134875,Day,F,L,A,MYSE
151.909,8443,6/3/2015,5/25/2015,15:44:54,7,30.6,AH0,255,33.4590728,Day,F,L,A,MYSE
151.909,8443,6/3/2015,5/29/2015,15:44:54,7,30.7,AH0,217,33.6181719,Day,F,L,A,MYSE
151.909,8443,6/3/2015,5/30/2015,15:44:54,7,33.5,AH0,247,37.1134875,Day,F,L,A,MYSE
151.909,8443,6/3/2015,5/24/2015,15:44:55,7,32.7,AH0,255,36.2927939,Day,F,L,A,MYSE
151.909,8443,6/3/2015,5/29/2015,15:44:56,7,30.7,AH0,215,33.6181719,Day,F,L,A,MYSE
151.909,8443,6/3/2015,5/30/2015,15:44:56,7,33.5,AH0,243,37.1134875,Day,F,L,A,MYSE
151.909,8443,6/3/2015,5/24/2015,15:44:57,7,32.7,AH0,255,36.2927939,Day,F,L,A,MYSE
151.909,8443,6/3/2015,5/24/2015,15:44:59,7,32.7,AH0,255,36.2927939,Day,F,L,A,MYSE
151.909,8443,6/3/2015,5/24/2015,15:45:01,7,32.7,AH0,255,36.2927939,Day,F,L,A,MYSE
151.909,8443,6/3/2015,5/28/2015,15:45:06,7,16.1,AH0,49,-26.7805827,Day,F,L,A,MYSE
151.909,8443,6/3/2015,5/28/2015,15:45:08,7,32.3,AH0,48,35.8315911,Day,F,L,A,MYSE
151.909,8443,6/3/2015,5/25/2015,15:45:10,7,30.6,AH0,255,33.4590728,Day,F,L,A,MYSE
151.909,8443,6/3/2015,5/29/2015,15:45:10,7,30.7,AH0,215,33.6181719,Day,F,L,A,MYSE
151.909,8443,6/3/2015,5/30/2015,15:45:10,7,33.5,AH0,247,37.1134875,Day,F,L,A,MYSE
151.909,8443,6/3/2015,5/25/2015,15:45:12,7,30.5,AH0,255,33.2974125,Day,F,L,A,MYSE
151.909,8443,6/3/2015,5/29/2015,15:45:12,7,30.8,AH0,214,33.7747296,Day,F,L,A,MYSE
151.909,8443,6/3/2015,5/30/2015,15:45:12,7,33.5,AH0,247,37.1134875,Day,F,L,A,MYSE
151.909,8443,6/3/2015,5/25/2015,15:45:14,7,30.6,AH0,255,33.4590728,Day,F,L,A,MYSE
151.909,8443,6/3/2015,5/29/2015,15:45:14,7,30.7,AH0,214,33.6181719,Day,F,L,A,MYSE
151.909,8443,6/3/2015,5/30/2015,15:45:14,7,33.5,AH0,245,37.1134875,Day,F,L,A,MYSE
151.909,8443,6/3/2015,5/24/2015,15:45:15,7,32.8,AH0,255,36.4026816,Day,F,L,A,MYSE
151.909,8443,6/3/2015,5/25/2015,15:45:16,7,30.5,AH0,255,33.2974125,Day,F,L,A,MYSE
151.909,8443,6/3/2015,5/29/2015,15:45:16,7,30.8,AH0,213,33.7747296,Day,F,L,A,MYSE
151.909,8443,6/3/2015,5/30/2015,15:45:16,7,33.5,AH0,246,37.1134875,Day,F,L,A,MYSE
151.909,8443,6/3/2015,5/24/2015,15:45:17,7,32.8,AH0,255,36.4026816,Day,F,L,A,MYSE
151.909,8443,6/3/2015,5/24/2015,15:45:19,7,32.8,AH0,255,36.4026816,Day,F,L,A,MYSE
151.909,8443,6/3/2015,5/24/2015,15:45:21,7,32.8,AH0,255,36.4026816,Day,F,L,A,MYSE
151.909,8443,6/3/2015,5/25/2015,15:45:29,7,30.5,AH0,255,33.2974125,Day,F,L,A,MYSE
151.909,8443,6/3/2015,5/29/2015,15:45:29,7,30.8,AH0,214,33.7747296,Day,F,L,A,MYSE
151.909,8443,6/3/2015,5/30/2015,15:45:30,7,33.5,AH0,246,37.1134875,Day,F,L,A,MYSE
151.909,8443,6/3/2015,5/25/2015,15:45:31,7,30.5,AH0,255,33.2974125,Day,F,L,A,MYSE
151.909,8443,6/3/2015,5/29/2015,15:45:31,7,30.8,AH0,215,33.7747296,Day,F,L,A,MYSE
151.909,8443,6/3/2015,5/30/2015,15:45:32,7,33.5,AH0,247,37.1134875,Day,F,L,A,MYSE
151.909,8443,6/3/2015,5/25/2015,15:45:33,7,30.5,AH0,255,33.2974125,Day,F,L,A,MYSE
151.909,8443,6/3/2015,5/29/2015,15:45:33,7,30.8,AH0,216,33.7747296,Day,F,L,A,MYSE
151.909,8443,6/3/2015,5/30/2015,15:45:33,7,33.5,AH0,248,37.1134875,Day,F,L,A,MYSE
151.909,8443,6/3/2015,5/24/2015,15:45:35,7,32.8,AH0,255,36.4026816,Day,F,L,A,MYSE
151.909,8443,6/3/2015,5/25/2015,15:45:35,7,30.5,AH0,255,33.2974125,Day,F,L,A,MYSE
151.909,8443,6/3/2015,5/29/2015,15:45:35,7,30.8,AH0,215,33.7747296,Day,F,L,A,MYSE
151.909,8443,6/3/2015,5/30/2015,15:45:35,7,33.5,AH0,247,37.1134875,Day,F,L,A,MYSE
151.909,8443,6/3/2015,5/24/2015,15:45:37,7,32.8,AH0,255,36.4026816,Day,F,L,A,MYSE
151.909,8443,6/3/2015,5/29/2015,15:45:37,7,30.8,AH0,213,33.7747296,Day,F,L,A,MYSE
151.909,8443,6/3/2015,5/24/2015,15:45:39,7,32.8,AH0,255,36.4026816,Day,F,L,A,MYSE
151.909,8443,6/3/2015,5/24/2015,15:45:41,7,32.8,AH0,255,36.4026816,Day,F,L,A,MYSE
151.909,8443,6/3/2015,5/28/2015,15:45:44,7,32.2,AH0,20,35.7107784,Day,F,L,A,MYSE
151.909,8443,6/3/2015,5/28/2015,15:45:46,7,32.3,AH0,41,35.8315911,Day,F,L,A,MYSE
151.909,8443,6/3/2015,5/28/2015,15:45:47,7,32.5,AH0,56,36.0665625,Day,F,L,A,MYSE
151.909,8443,6/3/2015,5/25/2015,15:45:49,7,30.5,AH0,255,33.2974125,Day,F,L,A,MYSE
151.909,8443,6/3/2015,5/28/2015,15:45:49,7,32.5,AH0,46,36.0665625,Day,F,L,A,MYSE
151.909,8443,6/3/2015,5/30/2015,15:45:50,7,33.5,AH0,246,37.1134875,Day,F,L,A,MYSE
151.909,8443,6/3/2015,5/25/2015,15:45:51,7,30.5,AH0,255,33.2974125,Day,F,L,A,MYSE
151.909,8443,6/3/2015,5/29/2015,15:45:51,7,30.8,AH0,216,33.7747296,Day,F,L,A,MYSE
151.909,8443,6/3/2015,5/30/2015,15:45:51,7,33.5,AH0,250,37.1134875,Day,F,L,A,MYSE
151.909,8443,6/3/2015,5/25/2015,15:45:53,7,30.5,AH0,255,33.2974125,Day,F,L,A,MYSE
151.909,8443,6/3/2015,5/29/2015,15:45:53,7,30.8,AH0,211,33.7747296,Day,F,L,A,MYSE
151.909,8443,6/3/2015,5/30/2015,15:45:53,7,33.5,AH0,248,37.1134875,Day,F,L,A,MYSE
151.909,8443,6/3/2015,5/25/2015,15:45:55,7,30.5,AH0,255,33.2974125,Day,F,L,A,MYSE
151.909,8443,6/3/2015,5/29/2015,15:45:55,7,30.8,AH0,214,33.7747296,Day,F,L,A,MYSE
151.909,8443,6/3/2015,5/30/2015,15:45:55,7,33.5,AH0,248,37.1134875,Day,F,L,A,MYSE
151.909,8443,6/3/2015,5/24/2015,15:45:56,7,32.9,AH0,255,36.5104437,Day,F,L,A,MYSE
151.909,8443,6/3/2015,5/24/2015,15:45:57,7,32.9,AH0,255,36.5104437,Day,F,L,A,MYSE
151.909,8443,6/3/2015,5/29/2015,15:45:57,7,30.8,AH0,215,33.7747296,Day,F,L,A,MYSE
151.909,8443,6/3/2015,5/24/2015,15:45:59,7,32.9,AH0,255,36.5104437,Day,F,L,A,MYSE
151.909,8443,6/3/2015,5/24/2015,15:46:01,7,32.9,AH0,255,36.5104437,Day,F,L,A,MYSE
151.909,8443,6/3/2015,5/25/2015,15:46:09,7,30.6,AH0,255,33.4590728,Day,F,L,A,MYSE
151.909,8443,6/3/2015,5/30/2015,15:46:09,7,33.5,AH0,248,37.1134875,Day,F,L,A,MYSE
151.909,8443,6/3/2015,5/28/2015,15:46:10,7,32.5,AH0,48,36.0665625,Day,F,L,A,MYSE
151.909,8443,6/3/2015,5/29/2015,15:46:10,7,30.8,AH0,215,33.7747296,Day,F,L,A,MYSE
151.909,8443,6/3/2015,5/25/2015,15:46:11,7,30.6,AH0,255,33.4590728,Day,F,L,A,MYSE
151.909,8443,6/3/2015,5/30/2015,15:46:11,7,33.5,AH0,248,37.1134875,Day,F,L,A,MYSE
151.909,8443,6/3/2015,5/29/2015,15:46:12,7,30.8,AH0,215,33.7747296,Day,F,L,A,MYSE
151.909,8443,6/3/2015,5/25/2015,15:46:13,7,30.6,AH0,255,33.4590728,Day,F,L,A,MYSE
151.909,8443,6/3/2015,5/30/2015,15:46:13,7,33.5,AH0,247,37.1134875,Day,F,L,A,MYSE
151.909,8443,6/3/2015,5/24/2015,15:46:14,7,32.9,AH0,255,36.5104437,Day,F,L,A,MYSE
151.909,8443,6/3/2015,5/29/2015,15:46:14,7,30.8,AH0,213,33.7747296,Day,F,L,A,MYSE
151.909,8443,6/3/2015,5/25/2015,15:46:15,7,30.6,AH0,255,33.4590728,Day,F,L,A,MYSE
151.909,8443,6/3/2015,5/30/2015,15:46:15,7,33.5,AH0,249,37.1134875,Day,F,L,A,MYSE
151.909,8443,6/3/2015,5/24/2015,15:46:16,7,32.9,AH0,255,36.5104437,Day,F,L,A,MYSE
151.909,8443,6/3/2015,5/29/2015,15:46:16,7,30.8,AH0,215,33.7747296,Day,F,L,A,MYSE
151.909,8443,6/3/2015,5/30/2015,15:46:16,7,33.5,AH0,249,37.1134875,Day,F,L,A,MYSE
151.909,8443,6/3/2015,5/24/2015,15:46:17,7,32.9,AH0,255,36.5104437,Day,F,L,A,MYSE
151.909,8443,6/3/2015,5/24/2015,15:46:19,7,32.9,AH0,255,36.5104437,Day,F,L,A,MYSE
151.909,8443,6/3/2015,5/24/2015,15:46:21,7,32.9,AH0,255,36.5104437,Day,F,L,A,MYSE
151.909,8443,6/3/2015,5/28/2015,15:46:26,7,16.2,AH0,21,-26.0433976,Day,F,L,A,MYSE
151.909,8443,6/3/2015,5/25/2015,15:46:28,7,30.6,AH0,255,33.4590728,Day,F,L,A,MYSE
151.909,8443,6/3/2015,5/28/2015,15:46:28,7,32.6,AH0,51,36.1807608,Day,F,L,A,MYSE
151.909,8443,6/3/2015,5/30/2015,15:46:29,7,33.5,AH0,248,37.1134875,Day,F,L,A,MYSE
151.909,8443,6/3/2015,5/25/2015,15:46:30,7,30.6,AH0,255,33.4590728,Day,F,L,A,MYSE
151.909,8443,6/3/2015,5/28/2015,15:46:30,7,32.4,AH0,48,35.9501792,Day,F,L,A,MYSE
151.909,8443,6/3/2015,5/29/2015,15:46:30,7,30.8,AH0,216,33.7747296,Day,F,L,A,MYSE
151.909,8443,6/3/2015,5/30/2015,15:46:31,7,33.5,AH0,245,37.1134875,Day,F,L,A,MYSE
151.909,8443,6/3/2015,5/25/2015,15:46:32,7,30.6,AH0,255,33.4590728,Day,F,L,A,MYSE
151.909,8443,6/3/2015,5/29/2015,15:46:32,7,30.8,AH0,213,33.7747296,Day,F,L,A,MYSE
151.909,8443,6/3/2015,5/30/2015,15:46:33,7,33.5,AH0,246,37.1134875,Day,F,L,A,MYSE
151.909,8443,6/3/2015,5/24/2015,15:46:34,7,32.9,AH0,255,36.5104437,Day,F,L,A,MYSE
151.909,8443,6/3/2015,5/25/2015,15:46:34,7,30.6,AH0,255,33.4590728,Day,F,L,A,MYSE
151.909,8443,6/3/2015,5/29/2015,15:46:34,7,30.8,AH0,215,33.7747296,Day,F,L,A,MYSE
151.909,8443,6/3/2015,5/30/2015,15:46:34,7,33.5,AH0,248,37.1134875,Day,F,L,A,MYSE
151.909,8443,6/3/2015,5/29/2015,15:46:35,7,30.8,AH0,216,33.7747296,Day,F,L,A,MYSE
151.909,8443,6/3/2015,5/24/2015,15:46:36,7,32.9,AH0,255,36.5104437,Day,F,L,A,MYSE
151.909,8443,6/3/2015,5/30/2015,15:46:36,7,33.5,AH0,248,37.1134875,Day,F,L,A,MYSE
151.909,8443,6/3/2015,5/24/2015,15:46:38,7,32.9,AH0,255,36.5104437,Day,F,L,A,MYSE
151.909,8443,6/3/2015,5/24/2015,15:46:39,7,32.9,AH0,255,36.5104437,Day,F,L,A,MYSE
151.909,8443,6/3/2015,5/24/2015,15:46:41,7,32.9,AH0,255,36.5104437,Day,F,L,A,MYSE
151.909,8443,6/3/2015,5/28/2015,15:46:45,7,16.2,AH0,45,-26.0433976,Day,F,L,A,MYSE
151.909,8443,6/3/2015,5/25/2015,15:46:48,7,30.6,AH0,255,33.4590728,Day,F,L,A,MYSE
151.909,8443,6/3/2015,5/30/2015,15:46:49,7,33.5,AH0,247,37.1134875,Day,F,L,A,MYSE
151.909,8443,6/3/2015,5/25/2015,15:46:50,7,30.6,AH0,255,33.4590728,Day,F,L,A,MYSE
151.909,8443,6/3/2015,5/30/2015,15:46:50,7,33.5,AH0,246,37.1134875,Day,F,L,A,MYSE
151.909,8443,6/3/2015,5/29/2015,15:46:51,7,30.8,AH0,215,33.7747296,Day,F,L,A,MYSE
151.909,8443,6/3/2015,5/25/2015,15:46:52,7,30.6,AH0,255,33.4590728,Day,F,L,A,MYSE
151.909,8443,6/3/2015,5/30/2015,15:46:52,7,33.5,AH0,248,37.1134875,Day,F,L,A,MYSE
151.909,8443,6/3/2015,5/29/2015,15:46:53,7,30.8,AH0,213,33.7747296,Day,F,L,A,MYSE
151.909,8443,6/3/2015,5/24/2015,15:46:54,7,32.9,AH0,255,36.5104437,Day,F,L,A,MYSE
151.909,8443,6/3/2015,5/25/2015,15:46:54,7,30.6,AH0,255,33.4590728,Day,F,L,A,MYSE
151.909,8443,6/3/2015,5/30/2015,15:46:54,7,33.5,AH0,247,37.1134875,Day,F,L,A,MYSE
151.909,8443,6/3/2015,5/29/2015,15:46:55,7,30.8,AH0,216,33.7747296,Day,F,L,A,MYSE
151.909,8443,6/3/2015,5/24/2015,15:46:56,7,32.9,AH0,255,36.5104437,Day,F,L,A,MYSE
151.909,8443,6/3/2015,5/25/2015,15:46:56,7,30.6,AH0,255,33.4590728,Day,F,L,A,MYSE
151.909,8443,6/3/2015,5/30/2015,15:46:56,7,33.5,AH0,248,37.1134875,Day,F,L,A,MYSE
151.909,8443,6/3/2015,5/29/2015,15:46:57,7,30.8,AH0,215,33.7747296,Day,F,L,A,MYSE
151.909,8443,6/3/2015,5/24/2015,15:46:58,7,32.9,AH0,255,36.5104437,Day,F,L,A,MYSE
151.909,8443,6/3/2015,5/24/2015,15:46:59,7,32.9,AH0,255,36.5104437,Day,F,L,A,MYSE
151.909,8443,6/3/2015,5/24/2015,15:47:01,7,32.9,AH0,255,36.5104437,Day,F,L,A,MYSE
151.909,8443,6/3/2015,5/25/2015,15:47:10,7,30.6,AH0,255,33.4590728,Day,F,L,A,MYSE
151.909,8443,6/3/2015,5/30/2015,15:47:10,7,33.5,AH0,247,37.1134875,Day,F,L,A,MYSE
151.909,8443,6/3/2015,5/25/2015,15:47:11,7,30.6,AH0,255,33.4590728,Day,F,L,A,MYSE
151.909,8443,6/3/2015,5/29/2015,15:47:11,7,30.9,AH0,216,33.9287657,Day,F,L,A,MYSE
151.909,8443,6/3/2015,5/29/2015,15:47:12,7,30.9,AH0,216,33.9287657,Day,F,L,A,MYSE
151.909,8443,6/3/2015,5/30/2015,15:47:12,7,33.5,AH0,247,37.1134875,Day,F,L,A,MYSE
151.909,8443,6/3/2015,5/25/2015,15:47:13,7,30.6,AH0,255,33.4590728,Day,F,L,A,MYSE
151.909,8443,6/3/2015,5/24/2015,15:47:14,7,32.9,AH0,255,36.5104437,Day,F,L,A,MYSE
151.909,8443,6/3/2015,5/29/2015,15:47:14,7,30.9,AH0,216,33.9287657,Day,F,L,A,MYSE
151.909,8443,6/3/2015,5/30/2015,15:47:14,7,33.5,AH0,249,37.1134875,Day,F,L,A,MYSE
151.909,8443,6/3/2015,5/25/2015,15:47:15,7,30.6,AH0,255,33.4590728,Day,F,L,A,MYSE
151.909,8443,6/3/2015,5/24/2015,15:47:16,7,32.9,AH0,255,36.5104437,Day,F,L,A,MYSE
151.909,8443,6/3/2015,5/29/2015,15:47:16,7,30.9,AH0,217,33.9287657,Day,F,L,A,MYSE
151.909,8443,6/3/2015,5/30/2015,15:47:16,7,33.5,AH0,246,37.1134875,Day,F,L,A,MYSE
151.909,8443,6/3/2015,5/24/2015,15:47:18,7,32.9,AH0,255,36.5104437,Day,F,L,A,MYSE
151.909,8443,6/3/2015,5/24/2015,15:47:20,7,32.9,AH0,255,36.5104437,Day,F,L,A,MYSE
151.909,8443,6/3/2015,5/24/2015,15:47:21,7,32.9,AH0,255,36.5104437,Day,F,L,A,MYSE
151.909,8443,6/3/2015,5/25/2015,15:47:29,7,30.7,AH0,255,33.6181719,Day,F,L,A,MYSE
151.909,8443,6/3/2015,5/29/2015,15:47:30,7,30.9,AH0,212,33.9287657,Day,F,L,A,MYSE
151.909,8443,6/3/2015,5/30/2015,15:47:30,7,33.5,AH0,248,37.1134875,Day,F,L,A,MYSE
151.909,8443,6/3/2015,5/25/2015,15:47:31,7,30.7,AH0,255,33.6181719,Day,F,L,A,MYSE
151.909,8443,6/3/2015,5/29/2015,15:47:32,7,30.9,AH0,217,33.9287657,Day,F,L,A,MYSE
151.909,8443,6/3/2015,5/30/2015,15:47:32,7,33.5,AH0,247,37.1134875,Day,F,L,A,MYSE
151.909,8443,6/3/2015,5/25/2015,15:47:33,7,30.7,AH0,255,33.6181719,Day,F,L,A,MYSE
151.909,8443,6/3/2015,5/30/2015,15:47:33,7,33.5,AH0,247,37.1134875,Day,F,L,A,MYSE
151.909,8443,6/3/2015,5/24/2015,15:47:34,7,32.9,AH0,255,36.5104437,Day,F,L,A,MYSE
151.909,8443,6/3/2015,5/29/2015,15:47:34,7,30.9,AH0,217,33.9287657,Day,F,L,A,MYSE
151.909,8443,6/3/2015,5/25/2015,15:47:35,7,30.7,AH0,255,33.6181719,Day,F,L,A,MYSE
151.909,8443,6/3/2015,5/30/2015,15:47:35,7,33.5,AH0,249,37.1134875,Day,F,L,A,MYSE
151.909,8443,6/3/2015,5/24/2015,15:47:36,7,32.9,AH0,255,36.5104437,Day,F,L,A,MYSE
151.909,8443,6/3/2015,5/29/2015,15:47:36,7,30.9,AH0,215,33.9287657,Day,F,L,A,MYSE
151.909,8443,6/3/2015,5/24/2015,15:47:38,7,32.9,AH0,255,36.5104437,Day,F,L,A,MYSE
151.909,8443,6/3/2015,5/24/2015,15:47:40,7,32.9,AH0,255,36.5104437,Day,F,L,A,MYSE
151.909,8443,6/3/2015,5/24/2015,15:47:41,7,32.9,AH0,255,36.5104437,Day,F,L,A,MYSE
151.909,8443,6/3/2015,5/28/2015,15:47:46,7,32.3,AH0,45,35.8315911,Day,F,L,A,MYSE
151.909,8443,6/3/2015,5/28/2015,15:47:48,7,32.4,AH0,13,35.9501792,Day,F,L,A,MYSE
151.909,8443,6/3/2015,5/25/2015,15:47:49,7,30.7,AH0,255,33.6181719,Day,F,L,A,MYSE
151.909,8443,6/3/2015,5/29/2015,15:47:49,7,30.9,AH0,217,33.9287657,Day,F,L,A,MYSE
151.909,8443,6/3/2015,5/30/2015,15:47:50,7,33.5,AH0,248,37.1134875,Day,F,L,A,MYSE
151.909,8443,6/3/2015,5/25/2015,15:47:51,7,30.7,AH0,255,33.6181719,Day,F,L,A,MYSE
151.909,8443,6/3/2015,5/29/2015,15:47:51,7,30.9,AH0,216,33.9287657,Day,F,L,A,MYSE
151.909,8443,6/3/2015,5/30/2015,15:47:51,7,33.5,AH0,248,37.1134875,Day,F,L,A,MYSE
151.909,8443,6/3/2015,5/25/2015,15:47:53,7,30.7,AH0,255,33.6181719,Day,F,L,A,MYSE
151.909,8443,6/3/2015,5/29/2015,15:47:53,7,30.9,AH0,213,33.9287657,Day,F,L,A,MYSE
151.909,8443,6/3/2015,5/30/2015,15:47:53,7,33.5,AH0,247,37.1134875,Day,F,L,A,MYSE
151.909,8443,6/3/2015,5/24/2015,15:47:54,7,32.8,AH0,255,36.4026816,Day,F,L,A,MYSE
151.909,8443,6/3/2015,5/25/2015,15:47:55,7,30.7,AH0,255,33.6181719,Day,F,L,A,MYSE
151.909,8443,6/3/2015,5/29/2015,15:47:55,7,30.9,AH0,216,33.9287657,Day,F,L,A,MYSE
151.909,8443,6/3/2015,5/30/2015,15:47:55,7,33.5,AH0,246,37.1134875,Day,F,L,A,MYSE
151.909,8443,6/3/2015,5/24/2015,15:47:56,7,32.8,AH0,255,36.4026816,Day,F,L,A,MYSE
151.909,8443,6/3/2015,5/29/2015,15:47:57,7,30.9,AH0,216,33.9287657,Day,F,L,A,MYSE
151.909,8443,6/3/2015,5/24/2015,15:47:58,7,32.8,AH0,255,36.4026816,Day,F,L,A,MYSE
151.909,8443,6/3/2015,5/24/2015,15:48:00,7,32.8,AH0,255,36.4026816,Day,F,L,A,MYSE
151.909,8443,6/3/2015,5/24/2015,15:48:02,7,32.8,AH0,255,36.4026816,Day,F,L,A,MYSE
151.909,8443,6/3/2015,5/25/2015,15:48:08,7,30.7,AH0,255,33.6181719,Day,F,L,A,MYSE
151.909,8443,6/3/2015,5/30/2015,15:48:09,7,33.4,AH0,247,37.0180632,Day,F,L,A,MYSE
151.909,8443,6/3/2015,5/25/2015,15:48:10,7,30.7,AH0,255,33.6181719,Day,F,L,A,MYSE
151.909,8443,6/3/2015,5/29/2015,15:48:11,7,30.9,AH0,215,33.9287657,Day,F,L,A,MYSE
151.909,8443,6/3/2015,5/30/2015,15:48:11,7,33.5,AH0,248,37.1134875,Day,F,L,A,MYSE
151.909,8443,6/3/2015,5/25/2015,15:48:12,7,30.7,AH0,255,33.6181719,Day,F,L,A,MYSE
151.909,8443,6/3/2015,5/29/2015,15:48:13,7,30.9,AH0,214,33.9287657,Day,F,L,A,MYSE
151.909,8443,6/3/2015,5/30/2015,15:48:13,7,33.4,AH0,248,37.0180632,Day,F,L,A,MYSE
151.909,8443,6/3/2015,5/24/2015,15:48:14,7,32.8,AH0,255,36.4026816,Day,F,L,A,MYSE
151.909,8443,6/3/2015,5/25/2015,15:48:14,7,30.7,AH0,255,33.6181719,Day,F,L,A,MYSE
151.909,8443,6/3/2015,5/29/2015,15:48:15,7,30.9,AH0,216,33.9287657,Day,F,L,A,MYSE
151.909,8443,6/3/2015,5/30/2015,15:48:15,7,33.4,AH0,248,37.0180632,Day,F,L,A,MYSE
151.909,8443,6/3/2015,5/24/2015,15:48:16,7,32.8,AH0,255,36.4026816,Day,F,L,A,MYSE
151.909,8443,6/3/2015,5/30/2015,15:48:16,7,33.5,AH0,248,37.1134875,Day,F,L,A,MYSE
151.909,8443,6/3/2015,5/29/2015,15:48:17,7,30.9,AH0,215,33.9287657,Day,F,L,A,MYSE
151.909,8443,6/3/2015,5/24/2015,15:48:18,7,32.8,AH0,255,36.4026816,Day,F,L,A,MYSE
151.909,8443,6/3/2015,5/24/2015,15:48:20,7,32.8,AH0,255,36.4026816,Day,F,L,A,MYSE
151.909,8443,6/3/2015,5/24/2015,15:48:22,7,32.8,AH0,255,36.4026816,Day,F,L,A,MYSE
151.909,8443,6/3/2015,5/30/2015,15:48:29,7,33.5,AH0,247,37.1134875,Day,F,L,A,MYSE
151.909,8443,6/3/2015,5/25/2015,15:48:30,7,30.8,AH0,255,33.7747296,Day,F,L,A,MYSE
151.909,8443,6/3/2015,5/29/2015,15:48:30,7,30.9,AH0,213,33.9287657,Day,F,L,A,MYSE
151.909,8443,6/3/2015,5/30/2015,15:48:31,7,33.5,AH0,249,37.1134875,Day,F,L,A,MYSE
151.909,8443,6/3/2015,5/25/2015,15:48:32,7,30.8,AH0,255,33.7747296,Day,F,L,A,MYSE
151.909,8443,6/3/2015,5/29/2015,15:48:32,7,30.9,AH0,214,33.9287657,Day,F,L,A,MYSE
151.909,8443,6/3/2015,5/30/2015,15:48:33,7,33.5,AH0,247,37.1134875,Day,F,L,A,MYSE
151.909,8443,6/3/2015,5/24/2015,15:48:34,7,32.7,AH0,255,36.2927939,Day,F,L,A,MYSE
151.909,8443,6/3/2015,5/25/2015,15:48:34,7,30.8,AH0,255,33.7747296,Day,F,L,A,MYSE
151.909,8443,6/3/2015,5/29/2015,15:48:34,7,30.9,AH0,215,33.9287657,Day,F,L,A,MYSE
151.909,8443,6/3/2015,5/30/2015,15:48:34,7,33.5,AH0,246,37.1134875,Day,F,L,A,MYSE
151.909,8443,6/3/2015,5/25/2015,15:48:35,7,30.8,AH0,255,33.7747296,Day,F,L,A,MYSE
151.909,8443,6/3/2015,5/24/2015,15:48:36,7,32.7,AH0,255,36.2927939,Day,F,L,A,MYSE
151.909,8443,6/3/2015,5/29/2015,15:48:36,7,30.9,AH0,215,33.9287657,Day,F,L,A,MYSE
151.909,8443,6/3/2015,5/30/2015,15:48:36,7,33.5,AH0,245,37.1134875,Day,F,L,A,MYSE
151.909,8443,6/3/2015,5/24/2015,15:48:38,7,32.7,AH0,255,36.2927939,Day,F,L,A,MYSE
151.909,8443,6/3/2015,5/24/2015,15:48:40,7,32.7,AH0,255,36.2927939,Day,F,L,A,MYSE
151.909,8443,6/3/2015,5/24/2015,15:48:42,7,32.7,AH0,255,36.2927939,Day,F,L,A,MYSE
151.909,8443,6/3/2015,5/25/2015,15:48:49,7,30.8,AH0,255,33.7747296,Day,F,L,A,MYSE
151.909,8443,6/3/2015,5/30/2015,15:48:49,7,33.5,AH0,249,37.1134875,Day,F,L,A,MYSE
151.909,8443,6/3/2015,5/29/2015,15:48:50,7,30.9,AH0,213,33.9287657,Day,F,L,A,MYSE
151.909,8443,6/3/2015,5/25/2015,15:48:51,7,30.8,AH0,255,33.7747296,Day,F,L,A,MYSE
151.909,8443,6/3/2015,5/30/2015,15:48:51,7,33.5,AH0,248,37.1134875,Day,F,L,A,MYSE
151.909,8443,6/3/2015,5/29/2015,15:48:52,7,30.9,AH0,214,33.9287657,Day,F,L,A,MYSE
151.909,8443,6/3/2015,5/30/2015,15:48:52,7,33.5,AH0,248,37.1134875,Day,F,L,A,MYSE
151.909,8443,6/3/2015,5/25/2015,15:48:53,7,30.7,AH0,255,33.6181719,Day,F,L,A,MYSE
151.909,8443,6/3/2015,5/29/2015,15:48:54,7,30.9,AH0,215,33.9287657,Day,F,L,A,MYSE
151.909,8443,6/3/2015,5/30/2015,15:48:54,7,33.5,AH0,247,37.1134875,Day,F,L,A,MYSE
151.909,8443,6/3/2015,5/24/2015,15:48:55,7,32.7,AH0,255,36.2927939,Day,F,L,A,MYSE
151.909,8443,6/3/2015,5/25/2015,15:48:55,7,30.7,AH0,255,33.6181719,Day,F,L,A,MYSE
151.909,8443,6/3/2015,5/29/2015,15:48:55,7,30.9,AH0,212,33.9287657,Day,F,L,A,MYSE
151.909,8443,6/3/2015,5/30/2015,15:48:56,7,33.5,AH0,247,37.1134875,Day,F,L,A,MYSE
151.909,8443,6/3/2015,5/24/2015,15:48:57,7,32.7,AH0,255,36.2927939,Day,F,L,A,MYSE
151.909,8443,6/3/2015,5/24/2015,15:48:58,7,32.7,AH0,255,36.2927939,Day,F,L,A,MYSE
151.909,8443,6/3/2015,5/24/2015,15:49:00,7,32.7,AH0,255,36.2927939,Day,F,L,A,MYSE
151.909,8443,6/3/2015,5/30/2015,15:49:08,7,33.5,AH0,249,37.1134875,Day,F,L,A,MYSE
151.909,8443,6/3/2015,5/25/2015,15:49:09,7,30.7,AH0,255,33.6181719,Day,F,L,A,MYSE
151.909,8443,6/3/2015,5/30/2015,15:49:10,7,33.5,AH0,248,37.1134875,Day,F,L,A,MYSE
151.909,8443,6/3/2015,5/25/2015,15:49:11,7,30.7,AH0,255,33.6181719,Day,F,L,A,MYSE
151.909,8443,6/3/2015,5/29/2015,15:49:11,7,30.9,AH0,218,33.9287657,Day,F,L,A,MYSE
151.909,8443,6/3/2015,5/30/2015,15:49:12,7,33.5,AH0,250,37.1134875,Day,F,L,A,MYSE
151.909,8443,6/3/2015,5/25/2015,15:49:13,7,30.7,AH0,255,33.6181719,Day,F,L,A,MYSE
151.909,8443,6/3/2015,5/29/2015,15:49:13,7,30.9,AH0,213,33.9287657,Day,F,L,A,MYSE
151.909,8443,6/3/2015,5/30/2015,15:49:14,7,33.5,AH0,248,37.1134875,Day,F,L,A,MYSE
151.909,8443,6/3/2015,5/24/2015,15:49:15,7,32.5,AH0,255,36.0665625,Day,F,L,A,MYSE
151.909,8443,6/3/2015,5/25/2015,15:49:15,7,30.7,AH0,255,33.6181719,Day,F,L,A,MYSE
151.909,8443,6/3/2015,5/29/2015,15:49:15,7,30.9,AH0,216,33.9287657,Day,F,L,A,MYSE
151.909,8443,6/3/2015,5/30/2015,15:49:16,7,33.5,AH0,250,37.1134875,Day,F,L,A,MYSE
151.909,8443,6/3/2015,5/24/2015,15:49:17,7,32.4,AH0,255,35.9501792,Day,F,L,A,MYSE
151.909,8443,6/3/2015,5/29/2015,15:49:17,7,30.9,AH0,216,33.9287657,Day,F,L,A,MYSE
151.909,8443,6/3/2015,5/24/2015,15:49:19,7,32.4,AH0,255,35.9501792,Day,F,L,A,MYSE
151.909,8443,6/3/2015,5/24/2015,15:49:20,7,32.4,AH0,255,35.9501792,Day,F,L,A,MYSE
151.909,8443,6/3/2015,5/25/2015,15:49:28,7,30.6,AH0,255,33.4590728,Day,F,L,A,MYSE
151.909,8443,6/3/2015,5/25/2015,15:49:30,7,30.6,AH0,255,33.4590728,Day,F,L,A,MYSE
151.909,8443,6/3/2015,5/29/2015,15:49:30,7,30.9,AH0,215,33.9287657,Day,F,L,A,MYSE
151.909,8443,6/3/2015,5/30/2015,15:49:30,7,33.5,AH0,247,37.1134875,Day,F,L,A,MYSE
151.909,8443,6/3/2015,5/25/2015,15:49:32,7,30.6,AH0,255,33.4590728,Day,F,L,A,MYSE
151.909,8443,6/3/2015,5/29/2015,15:49:32,7,30.9,AH0,216,33.9287657,Day,F,L,A,MYSE
151.909,8443,6/3/2015,5/30/2015,15:49:32,7,33.6,AH0,249,37.2069248,Day,F,L,A,MYSE
151.909,8443,6/3/2015,5/25/2015,15:49:34,7,30.6,AH0,255,33.4590728,Day,F,L,A,MYSE
151.909,8443,6/3/2015,5/29/2015,15:49:34,7,30.9,AH0,217,33.9287657,Day,F,L,A,MYSE
151.909,8443,6/3/2015,5/30/2015,15:49:34,7,33.6,AH0,250,37.2069248,Day,F,L,A,MYSE
151.909,8443,6/3/2015,5/24/2015,15:49:35,7,32.2,AH0,255,35.7107784,Day,F,L,A,MYSE
151.909,8443,6/3/2015,5/30/2015,15:49:35,7,33.6,AH0,250,37.2069248,Day,F,L,A,MYSE
151.909,8443,6/3/2015,5/29/2015,15:49:36,7,30.9,AH0,212,33.9287657,Day,F,L,A,MYSE
151.909,8443,6/3/2015,5/24/2015,15:49:37,7,32.2,AH0,255,35.7107784,Day,F,L,A,MYSE
151.909,8443,6/3/2015,5/24/2015,15:49:39,7,32.2,AH0,255,35.7107784,Day,F,L,A,MYSE
151.909,8443,6/3/2015,5/24/2015,15:49:41,7,32.2,AH0,255,35.7107784,Day,F,L,A,MYSE
151.909,8443,6/3/2015,5/25/2015,15:49:48,7,30.6,AH0,255,33.4590728,Day,F,L,A,MYSE
151.909,8443,6/3/2015,5/29/2015,15:49:49,7,30.9,AH0,215,33.9287657,Day,F,L,A,MYSE
151.909,8443,6/3/2015,5/25/2015,15:49:50,7,30.6,AH0,255,33.4590728,Day,F,L,A,MYSE
151.909,8443,6/3/2015,5/30/2015,15:49:50,7,33.6,AH0,248,37.2069248,Day,F,L,A,MYSE
151.909,8443,6/3/2015,5/29/2015,15:49:51,7,30.9,AH0,215,33.9287657,Day,F,L,A,MYSE
151.909,8443,6/3/2015,5/30/2015,15:49:51,7,33.6,AH0,248,37.2069248,Day,F,L,A,MYSE
151.909,8443,6/3/2015,5/25/2015,15:49:52,7,30.6,AH0,255,33.4590728,Day,F,L,A,MYSE
151.909,8443,6/3/2015,5/29/2015,15:49:53,7,30.9,AH0,215,33.9287657,Day,F,L,A,MYSE
151.909,8443,6/3/2015,5/30/2015,15:49:53,7,33.6,AH0,249,37.2069248,Day,F,L,A,MYSE
151.909,8443,6/3/2015,5/24/2015,15:49:54,7,32.1,AH0,255,35.5877213,Day,F,L,A,MYSE
151.909,8443,6/3/2015,5/25/2015,15:49:54,7,30.6,AH0,255,33.4590728,Day,F,L,A,MYSE
151.909,8443,6/3/2015,5/29/2015,15:49:55,7,30.9,AH0,214,33.9287657,Day,F,L,A,MYSE
151.909,8443,6/3/2015,5/30/2015,15:49:55,7,33.6,AH0,248,37.2069248,Day,F,L,A,MYSE
151.909,8443,6/3/2015,5/24/2015,15:49:56,7,32.1,AH0,255,35.5877213,Day,F,L,A,MYSE
151.909,8443,6/3/2015,5/25/2015,15:49:56,7,30.6,AH0,255,33.4590728,Day,F,L,A,MYSE
151.909,8443,6/3/2015,5/24/2015,15:49:58,7,32.1,AH0,255,35.5877213,Day,F,L,A,MYSE
151.909,8443,6/3/2015,5/24/2015,15:50:00,7,32.1,AH0,255,35.5877213,Day,F,L,A,MYSE
151.909,8443,6/3/2015,5/24/2015,15:50:02,7,32.1,AH0,255,35.5877213,Day,F,L,A,MYSE
151.909,8443,6/3/2015,5/29/2015,15:50:08,7,31,AH0,223,34.0803,Day,F,L,A,MYSE
151.909,8443,6/3/2015,5/25/2015,15:50:09,7,30.6,AH0,255,33.4590728,Day,F,L,A,MYSE
151.909,8443,6/3/2015,5/30/2015,15:50:09,7,33.6,AH0,247,37.2069248,Day,F,L,A,MYSE
151.909,8443,6/3/2015,5/29/2015,15:50:10,7,31,AH0,221,34.0803,Day,F,L,A,MYSE
151.909,8443,6/3/2015,5/25/2015,15:50:11,7,30.6,AH0,255,33.4590728,Day,F,L,A,MYSE
151.909,8443,6/3/2015,5/30/2015,15:50:11,7,33.6,AH0,248,37.2069248,Day,F,L,A,MYSE
151.909,8443,6/3/2015,5/29/2015,15:50:12,7,31,AH0,220,34.0803,Day,F,L,A,MYSE
151.909,8443,6/3/2015,5/25/2015,15:50:13,7,30.6,AH0,255,33.4590728,Day,F,L,A,MYSE
151.909,8443,6/3/2015,5/30/2015,15:50:13,7,33.6,AH0,246,37.2069248,Day,F,L,A,MYSE
151.909,8443,6/3/2015,5/29/2015,15:50:14,7,31,AH0,219,34.0803,Day,F,L,A,MYSE
151.909,8443,6/3/2015,5/24/2015,15:50:15,7,32,AH0,255,35.4624,Day,F,L,A,MYSE
151.909,8443,6/3/2015,5/25/2015,15:50:15,7,30.6,AH0,255,33.4590728,Day,F,L,A,MYSE
151.909,8443,6/3/2015,5/30/2015,15:50:15,7,33.6,AH0,249,37.2069248,Day,F,L,A,MYSE
151.909,8443,6/3/2015,5/29/2015,15:50:16,7,31,AH0,206,34.0803,Day,F,L,A,MYSE
151.909,8443,6/3/2015,5/30/2015,15:50:16,7,33.6,AH0,246,37.2069248,Day,F,L,A,MYSE
151.909,8443,6/3/2015,5/24/2015,15:50:17,7,32,AH0,255,35.4624,Day,F,L,A,MYSE
151.909,8443,6/3/2015,5/24/2015,15:50:18,7,32,AH0,255,35.4624,Day,F,L,A,MYSE
151.909,8443,6/3/2015,5/24/2015,15:50:20,7,31.9,AH0,255,35.3347947,Day,F,L,A,MYSE
151.909,8443,6/3/2015,5/25/2015,15:50:29,7,30.6,AH0,255,33.4590728,Day,F,L,A,MYSE
151.909,8443,6/3/2015,5/29/2015,15:50:29,7,31,AH0,220,34.0803,Day,F,L,A,MYSE
151.909,8443,6/3/2015,5/30/2015,15:50:29,7,33.6,AH0,249,37.2069248,Day,F,L,A,MYSE
151.909,8443,6/3/2015,5/25/2015,15:50:31,7,30.6,AH0,255,33.4590728,Day,F,L,A,MYSE
151.909,8443,6/3/2015,5/29/2015,15:50:31,7,31,AH0,219,34.0803,Day,F,L,A,MYSE
151.909,8443,6/3/2015,5/30/2015,15:50:31,7,33.6,AH0,247,37.2069248,Day,F,L,A,MYSE
151.909,8443,6/3/2015,5/30/2015,15:50:32,7,33.6,AH0,246,37.2069248,Day,F,L,A,MYSE
151.909,8443,6/3/2015,5/25/2015,15:50:33,7,30.6,AH0,255,33.4590728,Day,F,L,A,MYSE
151.909,8443,6/3/2015,5/29/2015,15:50:33,7,31,AH0,224,34.0803,Day,F,L,A,MYSE
151.909,8443,6/3/2015,5/30/2015,15:50:34,7,33.6,AH0,249,37.2069248,Day,F,L,A,MYSE
151.909,8443,6/3/2015,5/24/2015,15:50:35,7,31.8,AH0,255,35.2048856,Day,F,L,A,MYSE
151.909,8443,6/3/2015,5/25/2015,15:50:35,7,30.6,AH0,255,33.4590728,Day,F,L,A,MYSE
151.909,8443,6/3/2015,5/29/2015,15:50:35,7,31,AH0,212,34.0803,Day,F,L,A,MYSE
151.909,8443,6/3/2015,5/30/2015,15:50:36,7,33.6,AH0,249,37.2069248,Day,F,L,A,MYSE
151.909,8443,6/3/2015,5/24/2015,15:50:37,7,31.8,AH0,255,35.2048856,Day,F,L,A,MYSE
151.909,8443,6/3/2015,5/24/2015,15:50:39,7,31.8,AH0,255,35.2048856,Day,F,L,A,MYSE
151.909,8443,6/3/2015,5/24/2015,15:50:41,7,31.8,AH0,255,35.2048856,Day,F,L,A,MYSE
151.909,8443,6/3/2015,5/25/2015,15:50:49,7,30.6,AH0,255,33.4590728,Day,F,L,A,MYSE
151.909,8443,6/3/2015,5/29/2015,15:50:49,7,31,AH0,218,34.0803,Day,F,L,A,MYSE
151.909,8443,6/3/2015,5/30/2015,15:50:49,7,33.6,AH0,249,37.2069248,Day,F,L,A,MYSE
151.909,8443,6/3/2015,5/30/2015,15:50:50,7,33.6,AH0,247,37.2069248,Day,F,L,A,MYSE
151.909,8443,6/3/2015,5/25/2015,15:50:51,7,30.6,AH0,255,33.4590728,Day,F,L,A,MYSE
151.909,8443,6/3/2015,5/29/2015,15:50:51,7,31,AH0,219,34.0803,Day,F,L,A,MYSE
151.909,8443,6/3/2015,5/30/2015,15:50:52,7,33.6,AH0,248,37.2069248,Day,F,L,A,MYSE
151.909,8443,6/3/2015,5/24/2015,15:50:53,7,75.7,AH0,31,148.0352169,Day,F,L,A,MYSE
151.909,8443,6/3/2015,5/25/2015,15:50:53,7,30.6,AH0,255,33.4590728,Day,F,L,A,MYSE
151.909,8443,6/3/2015,5/29/2015,15:50:53,7,31,AH0,221,34.0803,Day,F,L,A,MYSE
151.909,8443,6/3/2015,5/24/2015,15:50:54,7,54.6,AH0,255,43.8060488,Day,F,L,A,MYSE
151.909,8443,6/3/2015,5/30/2015,15:50:54,7,33.6,AH0,248,37.2069248,Day,F,L,A,MYSE
151.909,8443,6/3/2015,5/25/2015,15:50:55,7,30.6,AH0,255,33.4590728,Day,F,L,A,MYSE
151.909,8443,6/3/2015,5/29/2015,15:50:55,7,31,AH0,222,34.0803,Day,F,L,A,MYSE
151.909,8443,6/3/2015,5/24/2015,15:50:56,7,31.7,AH0,255,35.0726529,Day,F,L,A,MYSE
151.909,8443,6/3/2015,5/30/2015,15:50:56,7,33.6,AH0,248,37.2069248,Day,F,L,A,MYSE
151.909,8443,6/3/2015,5/24/2015,15:50:58,7,31.7,AH0,255,35.0726529,Day,F,L,A,MYSE
151.909,8443,6/3/2015,5/24/2015,15:51:00,7,31.7,AH0,255,35.0726529,Day,F,L,A,MYSE
151.909,8443,6/3/2015,5/24/2015,15:51:02,7,31.7,AH0,255,35.0726529,Day,F,L,A,MYSE
151.909,8443,6/3/2015,5/25/2015,15:51:08,7,30.6,AH0,255,33.4590728,Day,F,L,A,MYSE
151.909,8443,6/3/2015,5/29/2015,15:51:08,7,30.9,AH0,223,33.9287657,Day,F,L,A,MYSE
151.909,8443,6/3/2015,5/25/2015,15:51:10,7,30.6,AH0,255,33.4590728,Day,F,L,A,MYSE
151.909,8443,6/3/2015,5/29/2015,15:51:10,7,30.9,AH0,222,33.9287657,Day,F,L,A,MYSE
151.909,8443,6/3/2015,5/30/2015,15:51:10,7,33.5,AH0,248,37.1134875,Day,F,L,A,MYSE
151.909,8443,6/3/2015,5/25/2015,15:51:12,7,30.6,AH0,255,33.4590728,Day,F,L,A,MYSE
151.909,8443,6/3/2015,5/29/2015,15:51:12,7,30.9,AH0,225,33.9287657,Day,F,L,A,MYSE
151.909,8443,6/3/2015,5/30/2015,15:51:12,7,33.5,AH0,246,37.1134875,Day,F,L,A,MYSE
151.909,8443,6/3/2015,5/25/2015,15:51:14,7,30.6,AH0,255,33.4590728,Day,F,L,A,MYSE
151.909,8443,6/3/2015,5/29/2015,15:51:14,7,30.9,AH0,223,33.9287657,Day,F,L,A,MYSE
151.909,8443,6/3/2015,5/30/2015,15:51:14,7,33.5,AH0,249,37.1134875,Day,F,L,A,MYSE
151.909,8443,6/3/2015,5/24/2015,15:51:15,7,31.7,AH0,255,35.0726529,Day,F,L,A,MYSE
151.909,8443,6/3/2015,5/30/2015,15:51:15,7,33.5,AH0,248,37.1134875,Day,F,L,A,MYSE
151.909,8443,6/3/2015,5/29/2015,15:51:16,7,30.9,AH0,218,33.9287657,Day,F,L,A,MYSE
151.909,8443,6/3/2015,5/24/2015,15:51:17,7,31.7,AH0,255,35.0726529,Day,F,L,A,MYSE
151.909,8443,6/3/2015,5/24/2015,15:51:19,7,31.7,AH0,255,35.0726529,Day,F,L,A,MYSE
151.909,8443,6/3/2015,5/24/2015,15:51:21,7,31.7,AH0,255,35.0726529,Day,F,L,A,MYSE
151.909,8443,6/3/2015,5/25/2015,15:51:28,7,30.6,AH0,255,33.4590728,Day,F,L,A,MYSE
151.909,8443,6/3/2015,5/25/2015,15:51:30,7,30.6,AH0,255,33.4590728,Day,F,L,A,MYSE
151.909,8443,6/3/2015,5/29/2015,15:51:30,7,30.8,AH0,221,33.7747296,Day,F,L,A,MYSE
151.909,8443,6/3/2015,5/30/2015,15:51:30,7,33.6,AH0,249,37.2069248,Day,F,L,A,MYSE
151.909,8443,6/3/2015,5/25/2015,15:51:32,7,30.6,AH0,255,33.4590728,Day,F,L,A,MYSE
151.909,8443,6/3/2015,5/29/2015,15:51:32,7,30.9,AH0,222,33.9287657,Day,F,L,A,MYSE
151.909,8443,6/3/2015,5/30/2015,15:51:32,7,33.6,AH0,248,37.2069248,Day,F,L,A,MYSE
151.909,8443,6/3/2015,5/29/2015,15:51:33,7,30.8,AH0,222,33.7747296,Day,F,L,A,MYSE
151.909,8443,6/3/2015,5/30/2015,15:51:33,7,33.6,AH0,247,37.2069248,Day,F,L,A,MYSE
151.909,8443,6/3/2015,5/24/2015,15:51:34,7,31.6,AH0,255,34.9380768,Day,F,L,A,MYSE
151.909,8443,6/3/2015,5/25/2015,15:51:34,7,30.6,AH0,255,33.4590728,Day,F,L,A,MYSE
151.909,8443,6/3/2015,5/29/2015,15:51:35,7,30.8,AH0,219,33.7747296,Day,F,L,A,MYSE
151.909,8443,6/3/2015,5/30/2015,15:51:35,7,33.6,AH0,247,37.2069248,Day,F,L,A,MYSE
151.909,8443,6/3/2015,5/24/2015,15:51:36,7,31.6,AH0,255,34.9380768,Day,F,L,A,MYSE
151.909,8443,6/3/2015,5/25/2015,15:51:36,7,30.6,AH0,255,33.4590728,Day,F,L,A,MYSE
151.909,8443,6/3/2015,5/24/2015,15:51:38,7,31.6,AH0,255,34.9380768,Day,F,L,A,MYSE
151.909,8443,6/3/2015,5/24/2015,15:51:40,7,31.7,AH0,255,35.0726529,Day,F,L,A,MYSE
151.909,8443,6/3/2015,5/24/2015,15:51:42,7,31.7,AH0,255,35.0726529,Day,F,L,A,MYSE
151.909,8443,6/3/2015,5/25/2015,15:51:49,7,30.6,AH0,255,33.4590728,Day,F,L,A,MYSE
151.909,8443,6/3/2015,5/29/2015,15:51:49,7,30.8,AH0,217,33.7747296,Day,F,L,A,MYSE
151.909,8443,6/3/2015,5/30/2015,15:51:49,7,33.6,AH0,247,37.2069248,Day,F,L,A,MYSE
151.909,8443,6/3/2015,5/25/2015,15:51:51,7,30.6,AH0,255,33.4590728,Day,F,L,A,MYSE
151.909,8443,6/3/2015,5/29/2015,15:51:51,7,30.8,AH0,222,33.7747296,Day,F,L,A,MYSE
151.909,8443,6/3/2015,5/30/2015,15:51:51,7,33.6,AH0,247,37.2069248,Day,F,L,A,MYSE
151.909,8443,6/3/2015,5/25/2015,15:51:53,7,30.6,AH0,255,33.4590728,Day,F,L,A,MYSE
151.909,8443,6/3/2015,5/29/2015,15:51:53,7,30.8,AH0,221,33.7747296,Day,F,L,A,MYSE
151.909,8443,6/3/2015,5/30/2015,15:51:53,7,33.6,AH0,248,37.2069248,Day,F,L,A,MYSE
151.909,8443,6/3/2015,5/24/2015,15:51:55,7,31.7,AH0,255,35.0726529,Day,F,L,A,MYSE
151.909,8443,6/3/2015,5/25/2015,15:51:55,7,30.6,AH0,255,33.4590728,Day,F,L,A,MYSE
151.909,8443,6/3/2015,5/29/2015,15:51:55,7,30.8,AH0,219,33.7747296,Day,F,L,A,MYSE
151.909,8443,6/3/2015,5/30/2015,15:51:55,7,33.6,AH0,249,37.2069248,Day,F,L,A,MYSE
151.909,8443,6/3/2015,5/24/2015,15:51:57,7,31.7,AH0,255,35.0726529,Day,F,L,A,MYSE
151.909,8443,6/3/2015,5/30/2015,15:51:57,7,33.6,AH0,247,37.2069248,Day,F,L,A,MYSE
151.909,8443,6/3/2015,5/24/2015,15:51:59,7,31.7,AH0,255,35.0726529,Day,F,L,A,MYSE
151.909,8443,6/3/2015,5/24/2015,15:52:01,7,31.7,AH0,255,35.0726529,Day,F,L,A,MYSE
151.909,8443,6/3/2015,5/25/2015,15:52:09,7,30.6,AH0,255,33.4590728,Day,F,L,A,MYSE
151.909,8443,6/3/2015,5/29/2015,15:52:09,7,30.8,AH0,221,33.7747296,Day,F,L,A,MYSE
151.909,8443,6/3/2015,5/30/2015,15:52:09,7,33.6,AH0,245,37.2069248,Day,F,L,A,MYSE
151.909,8443,6/3/2015,5/29/2015,15:52:10,7,30.8,AH0,220,33.7747296,Day,F,L,A,MYSE
151.909,8443,6/3/2015,5/25/2015,15:52:11,7,30.6,AH0,255,33.4590728,Day,F,L,A,MYSE
151.909,8443,6/3/2015,5/30/2015,15:52:11,7,33.6,AH0,249,37.2069248,Day,F,L,A,MYSE
151.909,8443,6/3/2015,5/29/2015,15:52:12,7,30.8,AH0,220,33.7747296,Day,F,L,A,MYSE
151.909,8443,6/3/2015,5/25/2015,15:52:13,7,30.6,AH0,255,33.4590728,Day,F,L,A,MYSE
151.909,8443,6/3/2015,5/30/2015,15:52:13,7,33.6,AH0,247,37.2069248,Day,F,L,A,MYSE
151.909,8443,6/3/2015,5/24/2015,15:52:14,7,31.7,AH0,255,35.0726529,Day,F,L,A,MYSE
151.909,8443,6/3/2015,5/29/2015,15:52:14,7,30.8,AH0,218,33.7747296,Day,F,L,A,MYSE
151.909,8443,6/3/2015,5/30/2015,15:52:14,7,33.6,AH0,248,37.2069248,Day,F,L,A,MYSE
151.909,8443,6/3/2015,5/25/2015,15:52:15,7,30.6,AH0,255,33.4590728,Day,F,L,A,MYSE
151.909,8443,6/3/2015,5/24/2015,15:52:16,7,31.7,AH0,255,35.0726529,Day,F,L,A,MYSE
151.909,8443,6/3/2015,5/30/2015,15:52:16,7,33.6,AH0,248,37.2069248,Day,F,L,A,MYSE
151.909,8443,6/3/2015,5/24/2015,15:52:18,7,31.7,AH0,255,35.0726529,Day,F,L,A,MYSE
151.909,8443,6/3/2015,5/24/2015,15:52:19,7,31.7,AH0,255,35.0726529,Day,F,L,A,MYSE
151.909,8443,6/3/2015,5/24/2015,15:52:21,7,31.7,AH0,255,35.0726529,Day,F,L,A,MYSE
151.909,8443,6/3/2015,5/25/2015,15:52:29,7,30.6,AH0,255,33.4590728,Day,F,L,A,MYSE
151.909,8443,6/3/2015,5/30/2015,15:52:29,7,33.6,AH0,248,37.2069248,Day,F,L,A,MYSE
151.909,8443,6/3/2015,5/29/2015,15:52:30,7,30.8,AH0,216,33.7747296,Day,F,L,A,MYSE
151.909,8443,6/3/2015,5/30/2015,15:52:30,7,33.6,AH0,249,37.2069248,Day,F,L,A,MYSE
151.909,8443,6/3/2015,5/25/2015,15:52:31,7,30.6,AH0,255,33.4590728,Day,F,L,A,MYSE
151.909,8443,6/3/2015,5/29/2015,15:52:32,7,30.8,AH0,221,33.7747296,Day,F,L,A,MYSE
151.909,8443,6/3/2015,5/30/2015,15:52:32,7,33.6,AH0,247,37.2069248,Day,F,L,A,MYSE
151.909,8443,6/3/2015,5/25/2015,15:52:33,7,30.6,AH0,255,33.4590728,Day,F,L,A,MYSE
151.909,8443,6/3/2015,5/25/2015,15:52:34,7,30.6,AH0,255,33.4590728,Day,F,L,A,MYSE
151.909,8443,6/3/2015,5/29/2015,15:52:34,7,30.8,AH0,220,33.7747296,Day,F,L,A,MYSE
151.909,8443,6/3/2015,5/30/2015,15:52:34,7,33.6,AH0,246,37.2069248,Day,F,L,A,MYSE
151.909,8443,6/3/2015,5/24/2015,15:52:35,7,31.6,AH0,255,34.9380768,Day,F,L,A,MYSE
151.909,8443,6/3/2015,5/29/2015,15:52:36,7,30.8,AH0,219,33.7747296,Day,F,L,A,MYSE
151.909,8443,6/3/2015,5/30/2015,15:52:36,7,33.6,AH0,249,37.2069248,Day,F,L,A,MYSE
151.909,8443,6/3/2015,5/24/2015,15:52:37,7,31.6,AH0,255,34.9380768,Day,F,L,A,MYSE
151.909,8443,6/3/2015,5/24/2015,15:52:38,7,31.6,AH0,255,34.9380768,Day,F,L,A,MYSE
151.909,8443,6/3/2015,5/24/2015,15:52:40,7,31.6,AH0,255,34.9380768,Day,F,L,A,MYSE
151.909,8443,6/3/2015,5/25/2015,15:52:48,7,30.7,AH0,255,33.6181719,Day,F,L,A,MYSE
151.909,8443,6/3/2015,5/29/2015,15:52:49,7,30.8,AH0,220,33.7747296,Day,F,L,A,MYSE
151.909,8443,6/3/2015,5/25/2015,15:52:50,7,30.7,AH0,255,33.6181719,Day,F,L,A,MYSE
151.909,8443,6/3/2015,5/30/2015,15:52:50,7,33.6,AH0,248,37.2069248,Day,F,L,A,MYSE
151.909,8443,6/3/2015,5/29/2015,15:52:51,7,30.8,AH0,220,33.7747296,Day,F,L,A,MYSE
151.909,8443,6/3/2015,5/25/2015,15:52:52,7,30.7,AH0,255,33.6181719,Day,F,L,A,MYSE
151.909,8443,6/3/2015,5/30/2015,15:52:52,7,33.6,AH0,245,37.2069248,Day,F,L,A,MYSE
151.909,8443,6/3/2015,5/29/2015,15:52:53,7,30.8,AH0,218,33.7747296,Day,F,L,A,MYSE
151.909,8443,6/3/2015,5/25/2015,15:52:54,7,30.7,AH0,255,33.6181719,Day,F,L,A,MYSE
151.909,8443,6/3/2015,5/30/2015,15:52:54,7,33.7,AH0,249,37.2983949,Day,F,L,A,MYSE
151.909,8443,6/3/2015,5/29/2015,15:52:55,7,30.8,AH0,221,33.7747296,Day,F,L,A,MYSE
151.909,8443,6/3/2015,5/30/2015,15:52:55,7,33.6,AH0,247,37.2069248,Day,F,L,A,MYSE
151.909,8443,6/3/2015,5/24/2015,15:52:56,7,31.5,AH0,255,34.8011375,Day,F,L,A,MYSE
151.909,8443,6/3/2015,5/24/2015,15:52:57,7,31.6,AH0,255,34.9380768,Day,F,L,A,MYSE
151.909,8443,6/3/2015,5/24/2015,15:52:59,7,31.6,AH0,255,34.9380768,Day,F,L,A,MYSE
151.909,8443,6/3/2015,5/24/2015,15:53:01,7,31.6,AH0,255,34.9380768,Day,F,L,A,MYSE
151.909,8443,6/3/2015,5/25/2015,15:53:08,7,30.6,AH0,255,33.4590728,Day,F,L,A,MYSE
151.909,8443,6/3/2015,5/29/2015,15:53:09,7,30.8,AH0,219,33.7747296,Day,F,L,A,MYSE
151.909,8443,6/3/2015,5/25/2015,15:53:10,7,30.6,AH0,255,33.4590728,Day,F,L,A,MYSE
151.909,8443,6/3/2015,5/30/2015,15:53:10,7,33.7,AH0,250,37.2983949,Day,F,L,A,MYSE
151.909,8443,6/3/2015,5/29/2015,15:53:11,7,30.8,AH0,219,33.7747296,Day,F,L,A,MYSE
151.909,8443,6/3/2015,5/25/2015,15:53:12,7,30.6,AH0,255,33.4590728,Day,F,L,A,MYSE
151.909,8443,6/3/2015,5/30/2015,15:53:12,7,33.7,AH0,248,37.2983949,Day,F,L,A,MYSE
151.909,8443,6/3/2015,5/29/2015,15:53:13,7,30.8,AH0,220,33.7747296,Day,F,L,A,MYSE
151.909,8443,6/3/2015,5/30/2015,15:53:13,7,33.7,AH0,248,37.2983949,Day,F,L,A,MYSE
151.909,8443,6/3/2015,5/25/2015,15:53:14,7,30.6,AH0,255,33.4590728,Day,F,L,A,MYSE
151.909,8443,6/3/2015,5/24/2015,15:53:15,7,31.6,AH0,255,34.9380768,Day,F,L,A,MYSE
151.909,8443,6/3/2015,5/29/2015,15:53:15,7,30.8,AH0,218,33.7747296,Day,F,L,A,MYSE
151.909,8443,6/3/2015,5/30/2015,15:53:15,7,33.7,AH0,248,37.2983949,Day,F,L,A,MYSE
151.909,8443,6/3/2015,5/24/2015,15:53:16,7,31.6,AH0,255,34.9380768,Day,F,L,A,MYSE
151.909,8443,6/3/2015,5/25/2015,15:53:16,7,30.6,AH0,255,33.4590728,Day,F,L,A,MYSE
151.909,8443,6/3/2015,5/24/2015,15:53:18,7,31.6,AH0,255,34.9380768,Day,F,L,A,MYSE
151.909,8443,6/3/2015,5/24/2015,15:53:20,7,31.6,AH0,255,34.9380768,Day,F,L,A,MYSE
151.909,8443,6/3/2015,5/29/2015,15:53:28,7,30.8,AH0,218,33.7747296,Day,F,L,A,MYSE
151.909,8443,6/3/2015,5/25/2015,15:53:29,7,30.5,AH0,255,33.2974125,Day,F,L,A,MYSE
151.909,8443,6/3/2015,5/30/2015,15:53:29,7,33.7,AH0,248,37.2983949,Day,F,L,A,MYSE
151.909,8443,6/3/2015,5/29/2015,15:53:30,7,30.8,AH0,218,33.7747296,Day,F,L,A,MYSE
151.909,8443,6/3/2015,5/25/2015,15:53:31,7,30.5,AH0,255,33.2974125,Day,F,L,A,MYSE
151.909,8443,6/3/2015,5/30/2015,15:53:31,7,33.7,AH0,249,37.2983949,Day,F,L,A,MYSE
151.909,8443,6/3/2015,5/29/2015,15:53:32,7,30.8,AH0,220,33.7747296,Day,F,L,A,MYSE
151.909,8443,6/3/2015,5/25/2015,15:53:33,7,30.5,AH0,255,33.2974125,Day,F,L,A,MYSE
151.909,8443,6/3/2015,5/30/2015,15:53:33,7,33.7,AH0,249,37.2983949,Day,F,L,A,MYSE
151.909,8443,6/3/2015,5/29/2015,15:53:34,7,30.8,AH0,220,33.7747296,Day,F,L,A,MYSE
151.909,8443,6/3/2015,5/24/2015,15:53:35,7,31.6,AH0,255,34.9380768,Day,F,L,A,MYSE
151.909,8443,6/3/2015,5/25/2015,15:53:35,7,30.5,AH0,255,33.2974125,Day,F,L,A,MYSE
151.909,8443,6/3/2015,5/30/2015,15:53:35,7,33.7,AH0,249,37.2983949,Day,F,L,A,MYSE
151.909,8443,6/3/2015,5/30/2015,15:53:36,7,33.7,AH0,248,37.2983949,Day,F,L,A,MYSE
151.909,8443,6/3/2015,5/24/2015,15:53:37,7,31.6,AH0,255,34.9380768,Day,F,L,A,MYSE
151.909,8443,6/3/2015,5/24/2015,15:53:39,7,31.6,AH0,255,34.9380768,Day,F,L,A,MYSE
151.909,8443,6/3/2015,5/24/2015,15:53:41,7,31.6,AH0,255,34.9380768,Day,F,L,A,MYSE
151.909,8443,6/3/2015,5/25/2015,15:53:49,7,30.5,AH0,255,33.2974125,Day,F,L,A,MYSE
151.909,8443,6/3/2015,5/30/2015,15:53:49,7,33.7,AH0,247,37.2983949,Day,F,L,A,MYSE
151.909,8443,6/3/2015,5/29/2015,15:53:50,7,30.8,AH0,219,33.7747296,Day,F,L,A,MYSE
151.909,8443,6/3/2015,5/25/2015,15:53:51,7,30.5,AH0,255,33.2974125,Day,F,L,A,MYSE
151.909,8443,6/3/2015,5/30/2015,15:53:51,7,33.7,AH0,249,37.2983949,Day,F,L,A,MYSE
151.909,8443,6/3/2015,5/29/2015,15:53:52,7,30.8,AH0,220,33.7747296,Day,F,L,A,MYSE
151.909,8443,6/3/2015,5/30/2015,15:53:52,7,33.7,AH0,250,37.2983949,Day,F,L,A,MYSE
151.909,8443,6/3/2015,5/25/2015,15:53:53,7,30.5,AH0,255,33.2974125,Day,F,L,A,MYSE
151.909,8443,6/3/2015,5/24/2015,15:53:54,7,31.6,AH0,255,34.9380768,Day,F,L,A,MYSE
151.909,8443,6/3/2015,5/29/2015,15:53:54,7,30.8,AH0,221,33.7747296,Day,F,L,A,MYSE
151.909,8443,6/3/2015,5/30/2015,15:53:54,7,33.7,AH0,248,37.2983949,Day,F,L,A,MYSE
151.909,8443,6/3/2015,5/25/2015,15:53:55,7,30.4,AH0,255,33.1331712,Day,F,L,A,MYSE
151.909,8443,6/3/2015,5/24/2015,15:53:56,7,31.7,AH0,255,35.0726529,Day,F,L,A,MYSE
151.909,8443,6/3/2015,5/29/2015,15:53:56,7,30.8,AH0,216,33.7747296,Day,F,L,A,MYSE
151.909,8443,6/3/2015,5/30/2015,15:53:56,7,33.8,AH0,248,37.3879176,Day,F,L,A,MYSE
151.909,8443,6/3/2015,5/24/2015,15:53:58,7,31.7,AH0,255,35.0726529,Day,F,L,A,MYSE
151.909,8443,6/3/2015,5/24/2015,15:54:00,7,31.7,AH0,255,35.0726529,Day,F,L,A,MYSE
151.909,8443,6/3/2015,5/30/2015,15:54:08,7,33.7,AH0,248,37.2983949,Day,F,L,A,MYSE
151.909,8443,6/3/2015,5/25/2015,15:54:09,7,30.4,AH0,255,33.1331712,Day,F,L,A,MYSE
151.909,8443,6/3/2015,5/29/2015,15:54:09,7,30.8,AH0,218,33.7747296,Day,F,L,A,MYSE
151.909,8443,6/3/2015,5/30/2015,15:54:10,7,33.8,AH0,249,37.3879176,Day,F,L,A,MYSE
151.909,8443,6/3/2015,5/25/2015,15:54:11,7,30.4,AH0,255,33.1331712,Day,F,L,A,MYSE
151.909,8443,6/3/2015,5/29/2015,15:54:11,7,30.8,AH0,217,33.7747296,Day,F,L,A,MYSE
151.909,8443,6/3/2015,5/30/2015,15:54:12,7,33.8,AH0,250,37.3879176,Day,F,L,A,MYSE
151.909,8443,6/3/2015,5/25/2015,15:54:13,7,30.4,AH0,255,33.1331712,Day,F,L,A,MYSE
151.909,8443,6/3/2015,5/29/2015,15:54:13,7,30.8,AH0,219,33.7747296,Day,F,L,A,MYSE
151.909,8443,6/3/2015,5/30/2015,15:54:14,7,33.8,AH0,248,37.3879176,Day,F,L,A,MYSE
151.909,8443,6/3/2015,5/24/2015,15:54:15,7,31.7,AH0,255,35.0726529,Day,F,L,A,MYSE
151.909,8443,6/3/2015,5/25/2015,15:54:15,7,30.4,AH0,255,33.1331712,Day,F,L,A,MYSE
151.909,8443,6/3/2015,5/29/2015,15:54:15,7,30.8,AH0,219,33.7747296,Day,F,L,A,MYSE
151.909,8443,6/3/2015,5/30/2015,15:54:16,7,33.8,AH0,250,37.3879176,Day,F,L,A,MYSE
151.909,8443,6/3/2015,5/24/2015,15:54:17,7,31.7,AH0,255,35.0726529,Day,F,L,A,MYSE
151.909,8443,6/3/2015,5/24/2015,15:54:19,7,31.7,AH0,255,35.0726529,Day,F,L,A,MYSE
151.909,8443,6/3/2015,5/24/2015,15:54:21,7,31.7,AH0,255,35.0726529,Day,F,L,A,MYSE
151.909,8443,6/3/2015,5/25/2015,15:54:29,7,30.4,AH0,255,33.1331712,Day,F,L,A,MYSE
151.909,8443,6/3/2015,5/29/2015,15:54:29,7,30.8,AH0,218,33.7747296,Day,F,L,A,MYSE
151.909,8443,6/3/2015,5/30/2015,15:54:30,7,33.8,AH0,247,37.3879176,Day,F,L,A,MYSE
151.909,8443,6/3/2015,5/25/2015,15:54:31,7,30.4,AH0,255,33.1331712,Day,F,L,A,MYSE
151.909,8443,6/3/2015,5/29/2015,15:54:31,7,30.8,AH0,221,33.7747296,Day,F,L,A,MYSE
151.909,8443,6/3/2015,5/25/2015,15:54:32,7,30.4,AH0,255,33.1331712,Day,F,L,A,MYSE
151.909,8443,6/3/2015,5/30/2015,15:54:32,7,33.8,AH0,248,37.3879176,Day,F,L,A,MYSE
151.909,8443,6/3/2015,5/29/2015,15:54:33,7,30.8,AH0,218,33.7747296,Day,F,L,A,MYSE
151.909,8443,6/3/2015,5/30/2015,15:54:33,7,33.8,AH0,249,37.3879176,Day,F,L,A,MYSE
151.909,8443,6/3/2015,5/24/2015,15:54:34,7,31.7,AH0,255,35.0726529,Day,F,L,A,MYSE
151.909,8443,6/3/2015,5/25/2015,15:54:34,7,30.4,AH0,255,33.1331712,Day,F,L,A,MYSE
151.909,8443,6/3/2015,5/29/2015,15:54:35,7,30.8,AH0,219,33.7747296,Day,F,L,A,MYSE
151.909,8443,6/3/2015,5/30/2015,15:54:35,7,33.8,AH0,248,37.3879176,Day,F,L,A,MYSE
151.909,8443,6/3/2015,5/24/2015,15:54:36,7,31.7,AH0,255,35.0726529,Day,F,L,A,MYSE
151.909,8443,6/3/2015,5/24/2015,15:54:38,7,31.7,AH0,255,35.0726529,Day,F,L,A,MYSE
151.909,8443,6/3/2015,5/24/2015,15:54:40,7,31.7,AH0,255,35.0726529,Day,F,L,A,MYSE
151.909,8443,6/3/2015,5/25/2015,15:54:48,7,30.4,AH0,255,33.1331712,Day,F,L,A,MYSE
151.909,8443,6/3/2015,5/29/2015,15:54:48,7,30.8,AH0,220,33.7747296,Day,F,L,A,MYSE
151.909,8443,6/3/2015,5/30/2015,15:54:49,7,33.8,AH0,248,37.3879176,Day,F,L,A,MYSE
151.909,8443,6/3/2015,5/25/2015,15:54:50,7,30.4,AH0,255,33.1331712,Day,F,L,A,MYSE
151.909,8443,6/3/2015,5/29/2015,15:54:50,7,30.8,AH0,220,33.7747296,Day,F,L,A,MYSE
151.909,8443,6/3/2015,5/30/2015,15:54:51,7,33.8,AH0,247,37.3879176,Day,F,L,A,MYSE
151.909,8443,6/3/2015,5/25/2015,15:54:52,7,30.4,AH0,255,33.1331712,Day,F,L,A,MYSE
151.909,8443,6/3/2015,5/29/2015,15:54:52,7,30.8,AH0,220,33.7747296,Day,F,L,A,MYSE
151.909,8443,6/3/2015,5/30/2015,15:54:53,7,33.8,AH0,248,37.3879176,Day,F,L,A,MYSE
151.909,8443,6/3/2015,5/25/2015,15:54:54,7,30.4,AH0,255,33.1331712,Day,F,L,A,MYSE
151.909,8443,6/3/2015,5/29/2015,15:54:54,7,30.8,AH0,218,33.7747296,Day,F,L,A,MYSE
151.909,8443,6/3/2015,5/24/2015,15:54:55,7,31.7,AH0,255,35.0726529,Day,F,L,A,MYSE
151.909,8443,6/3/2015,5/30/2015,15:54:55,7,33.8,AH0,247,37.3879176,Day,F,L,A,MYSE
151.909,8443,6/3/2015,5/30/2015,15:54:56,7,33.8,AH0,249,37.3879176,Day,F,L,A,MYSE
151.909,8443,6/3/2015,5/24/2015,15:54:57,7,31.8,AH0,255,35.2048856,Day,F,L,A,MYSE
151.909,8443,6/3/2015,5/24/2015,15:54:59,7,31.7,AH0,255,35.0726529,Day,F,L,A,MYSE
151.909,8443,6/3/2015,5/24/2015,15:55:01,7,31.8,AH0,255,35.2048856,Day,F,L,A,MYSE
151.909,8443,6/3/2015,5/25/2015,15:55:08,7,30.4,AH0,255,33.1331712,Day,F,L,A,MYSE
151.909,8443,6/3/2015,5/30/2015,15:55:09,7,33.8,AH0,247,37.3879176,Day,F,L,A,MYSE
151.909,8443,6/3/2015,5/25/2015,15:55:10,7,30.4,AH0,255,33.1331712,Day,F,L,A,MYSE
151.909,8443,6/3/2015,5/29/2015,15:55:10,7,30.8,AH0,218,33.7747296,Day,F,L,A,MYSE
151.909,8443,6/3/2015,5/30/2015,15:55:11,7,33.8,AH0,246,37.3879176,Day,F,L,A,MYSE
151.909,8443,6/3/2015,5/25/2015,15:55:12,7,30.4,AH0,255,33.1331712,Day,F,L,A,MYSE
151.909,8443,6/3/2015,5/29/2015,15:55:12,7,30.8,AH0,218,33.7747296,Day,F,L,A,MYSE
151.909,8443,6/3/2015,5/30/2015,15:55:12,7,33.8,AH0,248,37.3879176,Day,F,L,A,MYSE
151.909,8443,6/3/2015,5/24/2015,15:55:14,7,31.8,AH0,255,35.2048856,Day,F,L,A,MYSE
151.909,8443,6/3/2015,5/25/2015,15:55:14,7,30.4,AH0,255,33.1331712,Day,F,L,A,MYSE
151.909,8443,6/3/2015,5/29/2015,15:55:14,7,30.8,AH0,218,33.7747296,Day,F,L,A,MYSE
151.909,8443,6/3/2015,5/30/2015,15:55:14,7,33.8,AH0,249,37.3879176,Day,F,L,A,MYSE
151.909,8443,6/3/2015,5/24/2015,15:55:16,7,31.8,AH0,255,35.2048856,Day,F,L,A,MYSE
151.909,8443,6/3/2015,5/29/2015,15:55:16,7,30.8,AH0,219,33.7747296,Day,F,L,A,MYSE
151.909,8443,6/3/2015,5/30/2015,15:55:16,7,33.8,AH0,248,37.3879176,Day,F,L,A,MYSE
151.909,8443,6/3/2015,5/24/2015,15:55:18,7,31.8,AH0,255,35.2048856,Day,F,L,A,MYSE
151.909,8443,6/3/2015,5/24/2015,15:55:20,7,31.8,AH0,255,35.2048856,Day,F,L,A,MYSE
151.909,8443,6/3/2015,5/24/2015,15:55:22,7,31.7,AH0,255,35.0726529,Day,F,L,A,MYSE
151.909,8443,6/3/2015,5/25/2015,15:55:28,7,30.4,AH0,255,33.1331712,Day,F,L,A,MYSE
151.909,8443,6/3/2015,5/30/2015,15:55:28,7,33.8,AH0,251,37.3879176,Day,F,L,A,MYSE
151.909,8443,6/3/2015,5/29/2015,15:55:29,7,30.8,AH0,218,33.7747296,Day,F,L,A,MYSE
151.909,8443,6/3/2015,5/25/2015,15:55:30,7,30.4,AH0,255,33.1331712,Day,F,L,A,MYSE
151.909,8443,6/3/2015,5/30/2015,15:55:30,7,33.8,AH0,248,37.3879176,Day,F,L,A,MYSE
151.909,8443,6/3/2015,5/29/2015,15:55:31,7,30.8,AH0,218,33.7747296,Day,F,L,A,MYSE
151.909,8443,6/3/2015,5/25/2015,15:55:32,7,30.4,AH0,255,33.1331712,Day,F,L,A,MYSE
151.909,8443,6/3/2015,5/30/2015,15:55:32,7,33.8,AH0,247,37.3879176,Day,F,L,A,MYSE
151.909,8443,6/3/2015,5/29/2015,15:55:33,7,30.8,AH0,220,33.7747296,Day,F,L,A,MYSE
151.909,8443,6/3/2015,5/25/2015,15:55:34,7,30.4,AH0,255,33.1331712,Day,F,L,A,MYSE
151.909,8443,6/3/2015,5/30/2015,15:55:34,7,33.8,AH0,247,37.3879176,Day,F,L,A,MYSE
151.909,8443,6/3/2015,5/24/2015,15:55:35,7,31.8,AH0,255,35.2048856,Day,F,L,A,MYSE
151.909,8443,6/3/2015,5/29/2015,15:55:35,7,30.8,AH0,219,33.7747296,Day,F,L,A,MYSE
151.909,8443,6/3/2015,5/30/2015,15:55:35,7,33.8,AH0,247,37.3879176,Day,F,L,A,MYSE
151.909,8443,6/3/2015,5/25/2015,15:55:36,7,30.4,AH0,255,33.1331712,Day,F,L,A,MYSE
151.909,8443,6/3/2015,5/24/2015,15:55:37,7,31.8,AH0,255,35.2048856,Day,F,L,A,MYSE
151.909,8443,6/3/2015,5/24/2015,15:55:39,7,31.8,AH0,255,35.2048856,Day,F,L,A,MYSE
151.909,8443,6/3/2015,5/24/2015,15:55:40,7,31.8,AH0,255,35.2048856,Day,F,L,A,MYSE
151.909,8443,6/3/2015,5/25/2015,15:55:49,7,30.4,AH0,255,33.1331712,Day,F,L,A,MYSE
151.909,8443,6/3/2015,5/29/2015,15:55:49,7,30.8,AH0,218,33.7747296,Day,F,L,A,MYSE
151.909,8443,6/3/2015,5/30/2015,15:55:50,7,33.8,AH0,248,37.3879176,Day,F,L,A,MYSE
151.909,8443,6/3/2015,5/25/2015,15:55:51,7,30.4,AH0,255,33.1331712,Day,F,L,A,MYSE
151.909,8443,6/3/2015,5/29/2015,15:55:51,7,30.8,AH0,220,33.7747296,Day,F,L,A,MYSE
151.909,8443,6/3/2015,5/30/2015,15:55:51,7,33.8,AH0,248,37.3879176,Day,F,L,A,MYSE
151.909,8443,6/3/2015,5/29/2015,15:55:52,7,30.8,AH0,217,33.7747296,Day,F,L,A,MYSE
151.909,8443,6/3/2015,5/25/2015,15:55:53,7,30.4,AH0,255,33.1331712,Day,F,L,A,MYSE
151.909,8443,6/3/2015,5/30/2015,15:55:53,7,33.8,AH0,249,37.3879176,Day,F,L,A,MYSE
151.909,8443,6/3/2015,5/29/2015,15:55:54,7,30.8,AH0,216,33.7747296,Day,F,L,A,MYSE
151.909,8443,6/3/2015,5/25/2015,15:55:55,7,30.4,AH0,255,33.1331712,Day,F,L,A,MYSE
151.909,8443,6/3/2015,5/30/2015,15:55:55,7,33.8,AH0,246,37.3879176,Day,F,L,A,MYSE
151.909,8443,6/3/2015,5/24/2015,15:55:56,7,31.8,AH0,255,35.2048856,Day,F,L,A,MYSE
151.909,8443,6/3/2015,5/24/2015,15:55:57,7,31.8,AH0,255,35.2048856,Day,F,L,A,MYSE
151.909,8443,6/3/2015,5/24/2015,15:55:59,7,31.8,AH0,255,35.2048856,Day,F,L,A,MYSE
151.909,8443,6/3/2015,5/24/2015,15:56:01,7,31.8,AH0,255,35.2048856,Day,F,L,A,MYSE
151.909,8443,6/3/2015,5/29/2015,15:56:08,7,30.9,AH0,216,33.9287657,Day,F,L,A,MYSE
151.909,8443,6/3/2015,5/25/2015,15:56:09,7,30.4,AH0,255,33.1331712,Day,F,L,A,MYSE
151.909,8443,6/3/2015,5/30/2015,15:56:09,7,33.8,AH0,244,37.3879176,Day,F,L,A,MYSE
151.909,8443,6/3/2015,5/29/2015,15:56:10,7,30.9,AH0,218,33.9287657,Day,F,L,A,MYSE
151.909,8443,6/3/2015,5/25/2015,15:56:11,7,30.4,AH0,255,33.1331712,Day,F,L,A,MYSE
151.909,8443,6/3/2015,5/30/2015,15:56:11,7,33.8,AH0,249,37.3879176,Day,F,L,A,MYSE
151.909,8443,6/3/2015,5/29/2015,15:56:12,7,30.9,AH0,219,33.9287657,Day,F,L,A,MYSE
151.909,8443,6/3/2015,5/25/2015,15:56:13,7,30.4,AH0,255,33.1331712,Day,F,L,A,MYSE
151.909,8443,6/3/2015,5/30/2015,15:56:13,7,33.8,AH0,248,37.3879176,Day,F,L,A,MYSE
151.909,8443,6/3/2015,5/24/2015,15:56:14,7,31.9,AH0,255,35.3347947,Day,F,L,A,MYSE
151.909,8443,6/3/2015,5/29/2015,15:56:14,7,30.9,AH0,221,33.9287657,Day,F,L,A,MYSE
151.909,8443,6/3/2015,5/25/2015,15:56:15,7,30.4,AH0,255,33.1331712,Day,F,L,A,MYSE
151.909,8443,6/3/2015,5/30/2015,15:56:15,7,33.8,AH0,248,37.3879176,Day,F,L,A,MYSE
151.909,8443,6/3/2015,5/24/2015,15:56:16,7,31.9,AH0,255,35.3347947,Day,F,L,A,MYSE
151.909,8443,6/3/2015,5/29/2015,15:56:16,7,30.9,AH0,218,33.9287657,Day,F,L,A,MYSE
151.909,8443,6/3/2015,5/30/2015,15:56:16,7,33.8,AH0,248,37.3879176,Day,F,L,A,MYSE
151.909,8443,6/3/2015,5/24/2015,15:56:18,7,31.9,AH0,255,35.3347947,Day,F,L,A,MYSE
151.909,8443,6/3/2015,5/24/2015,15:56:20,7,31.9,AH0,255,35.3347947,Day,F,L,A,MYSE
151.909,8443,6/3/2015,5/25/2015,15:56:29,7,30.4,AH0,255,33.1331712,Day,F,L,A,MYSE
151.909,8443,6/3/2015,5/29/2015,15:56:29,7,30.9,AH0,218,33.9287657,Day,F,L,A,MYSE
151.909,8443,6/3/2015,5/30/2015,15:56:29,7,33.8,AH0,247,37.3879176,Day,F,L,A,MYSE
151.909,8443,6/3/2015,5/25/2015,15:56:31,7,30.4,AH0,255,33.1331712,Day,F,L,A,MYSE
151.909,8443,6/3/2015,5/29/2015,15:56:31,7,30.9,AH0,219,33.9287657,Day,F,L,A,MYSE
151.909,8443,6/3/2015,5/30/2015,15:56:31,7,33.8,AH0,248,37.3879176,Day,F,L,A,MYSE
151.909,8443,6/3/2015,5/30/2015,15:56:32,7,33.8,AH0,245,37.3879176,Day,F,L,A,MYSE
151.909,8443,6/3/2015,5/25/2015,15:56:33,7,30.4,AH0,255,33.1331712,Day,F,L,A,MYSE
151.909,8443,6/3/2015,5/29/2015,15:56:33,7,30.9,AH0,217,33.9287657,Day,F,L,A,MYSE
151.909,8443,6/3/2015,5/30/2015,15:56:34,7,33.8,AH0,244,37.3879176,Day,F,L,A,MYSE
151.909,8443,6/3/2015,5/24/2015,15:56:35,7,32,AH0,255,35.4624,Day,F,L,A,MYSE
151.909,8443,6/3/2015,5/25/2015,15:56:35,7,30.4,AH0,255,33.1331712,Day,F,L,A,MYSE
151.909,8443,6/3/2015,5/29/2015,15:56:35,7,30.9,AH0,218,33.9287657,Day,F,L,A,MYSE
151.909,8443,6/3/2015,5/30/2015,15:56:36,7,33.8,AH0,248,37.3879176,Day,F,L,A,MYSE
151.909,8443,6/3/2015,5/24/2015,15:56:37,7,32,AH0,255,35.4624,Day,F,L,A,MYSE
151.909,8443,6/3/2015,5/24/2015,15:56:39,7,32,AH0,255,35.4624,Day,F,L,A,MYSE
151.909,8443,6/3/2015,5/24/2015,15:56:41,7,32,AH0,255,35.4624,Day,F,L,A,MYSE
151.909,8443,6/3/2015,5/25/2015,15:56:49,7,30.4,AH0,255,33.1331712,Day,F,L,A,MYSE
151.909,8443,6/3/2015,5/29/2015,15:56:49,7,30.9,AH0,219,33.9287657,Day,F,L,A,MYSE
151.909,8443,6/3/2015,5/30/2015,15:56:50,7,33.9,AH0,250,37.4755127,Day,F,L,A,MYSE
151.909,8443,6/3/2015,5/25/2015,15:56:51,7,30.4,AH0,255,33.1331712,Day,F,L,A,MYSE
151.909,8443,6/3/2015,5/29/2015,15:56:51,7,30.9,AH0,220,33.9287657,Day,F,L,A,MYSE
151.909,8443,6/3/2015,5/30/2015,15:56:52,7,33.9,AH0,248,37.4755127,Day,F,L,A,MYSE
151.909,8443,6/3/2015,5/25/2015,15:56:53,7,30.4,AH0,255,33.1331712,Day,F,L,A,MYSE
151.909,8443,6/3/2015,5/29/2015,15:56:53,7,30.9,AH0,217,33.9287657,Day,F,L,A,MYSE
151.909,8443,6/3/2015,5/24/2015,15:56:54,7,32,AH0,255,35.4624,Day,F,L,A,MYSE
151.909,8443,6/3/2015,5/30/2015,15:56:54,7,33.9,AH0,250,37.4755127,Day,F,L,A,MYSE
151.909,8443,6/3/2015,5/25/2015,15:56:55,7,30.4,AH0,255,33.1331712,Day,F,L,A,MYSE
151.909,8443,6/3/2015,5/29/2015,15:56:55,7,30.9,AH0,217,33.9287657,Day,F,L,A,MYSE
151.909,8443,6/3/2015,5/30/2015,15:56:55,7,33.9,AH0,247,37.4755127,Day,F,L,A,MYSE
151.909,8443,6/3/2015,5/24/2015,15:56:56,7,32,AH0,255,35.4624,Day,F,L,A,MYSE
151.909,8443,6/3/2015,5/24/2015,15:56:58,7,32,AH0,255,35.4624,Day,F,L,A,MYSE
151.909,8443,6/3/2015,5/24/2015,15:56:59,7,32.1,AH0,255,35.5877213,Day,F,L,A,MYSE
151.909,8443,6/3/2015,5/24/2015,15:57:01,7,32,AH0,255,35.4624,Day,F,L,A,MYSE
151.909,8443,6/3/2015,5/25/2015,15:57:08,7,30.4,AH0,255,33.1331712,Day,F,L,A,MYSE
151.909,8443,6/3/2015,5/29/2015,15:57:08,7,30.9,AH0,219,33.9287657,Day,F,L,A,MYSE
151.909,8443,6/3/2015,5/25/2015,15:57:10,7,30.4,AH0,255,33.1331712,Day,F,L,A,MYSE
151.909,8443,6/3/2015,5/29/2015,15:57:10,7,30.9,AH0,220,33.9287657,Day,F,L,A,MYSE
151.909,8443,6/3/2015,5/30/2015,15:57:10,7,33.9,AH0,249,37.4755127,Day,F,L,A,MYSE
151.909,8443,6/3/2015,5/30/2015,15:57:11,7,33.9,AH0,249,37.4755127,Day,F,L,A,MYSE
151.909,8443,6/3/2015,5/25/2015,15:57:12,7,30.4,AH0,255,33.1331712,Day,F,L,A,MYSE
151.909,8443,6/3/2015,5/29/2015,15:57:12,7,30.9,AH0,217,33.9287657,Day,F,L,A,MYSE
151.909,8443,6/3/2015,5/30/2015,15:57:13,7,33.9,AH0,250,37.4755127,Day,F,L,A,MYSE
151.909,8443,6/3/2015,5/24/2015,15:57:14,7,32,AH0,255,35.4624,Day,F,L,A,MYSE
151.909,8443,6/3/2015,5/25/2015,15:57:14,7,30.4,AH0,255,33.1331712,Day,F,L,A,MYSE
151.909,8443,6/3/2015,5/29/2015,15:57:14,7,30.9,AH0,219,33.9287657,Day,F,L,A,MYSE
151.909,8443,6/3/2015,5/30/2015,15:57:15,7,33.9,AH0,244,37.4755127,Day,F,L,A,MYSE
151.909,8443,6/3/2015,5/24/2015,15:57:16,7,32,AH0,255,35.4624,Day,F,L,A,MYSE
151.909,8443,6/3/2015,5/24/2015,15:57:18,7,32,AH0,255,35.4624,Day,F,L,A,MYSE
151.909,8443,6/3/2015,5/24/2015,15:57:20,7,32,AH0,255,35.4624,Day,F,L,A,MYSE
151.909,8443,6/3/2015,5/25/2015,15:57:28,7,30.4,AH0,255,33.1331712,Day,F,L,A,MYSE
151.909,8443,6/3/2015,5/30/2015,15:57:29,7,33.9,AH0,248,37.4755127,Day,F,L,A,MYSE
151.909,8443,6/3/2015,5/25/2015,15:57:30,7,30.4,AH0,255,33.1331712,Day,F,L,A,MYSE
151.909,8443,6/3/2015,5/29/2015,15:57:30,7,30.9,AH0,220,33.9287657,Day,F,L,A,MYSE
151.909,8443,6/3/2015,5/30/2015,15:57:31,7,33.9,AH0,247,37.4755127,Day,F,L,A,MYSE
151.909,8443,6/3/2015,5/25/2015,15:57:32,7,30.4,AH0,255,33.1331712,Day,F,L,A,MYSE
151.909,8443,6/3/2015,5/29/2015,15:57:32,7,30.9,AH0,219,33.9287657,Day,F,L,A,MYSE
151.909,8443,6/3/2015,5/30/2015,15:57:33,7,33.9,AH0,247,37.4755127,Day,F,L,A,MYSE
151.909,8443,6/3/2015,5/25/2015,15:57:34,7,30.4,AH0,255,33.1331712,Day,F,L,A,MYSE
151.909,8443,6/3/2015,5/29/2015,15:57:34,7,30.9,AH0,218,33.9287657,Day,F,L,A,MYSE
151.909,8443,6/3/2015,5/30/2015,15:57:34,7,33.9,AH0,249,37.4755127,Day,F,L,A,MYSE
151.909,8443,6/3/2015,5/24/2015,15:57:35,7,32.1,AH0,255,35.5877213,Day,F,L,A,MYSE
151.909,8443,6/3/2015,5/29/2015,15:57:36,7,30.9,AH0,218,33.9287657,Day,F,L,A,MYSE
151.909,8443,6/3/2015,5/30/2015,15:57:36,7,33.9,AH0,246,37.4755127,Day,F,L,A,MYSE
151.909,8443,6/3/2015,5/24/2015,15:57:37,7,32.1,AH0,255,35.5877213,Day,F,L,A,MYSE
151.909,8443,6/3/2015,5/24/2015,15:57:39,7,32.1,AH0,255,35.5877213,Day,F,L,A,MYSE
151.909,8443,6/3/2015,5/24/2015,15:57:41,7,32.1,AH0,255,35.5877213,Day,F,L,A,MYSE
151.909,8443,6/3/2015,5/25/2015,15:57:48,7,30.4,AH0,255,33.1331712,Day,F,L,A,MYSE
151.909,8443,6/3/2015,5/30/2015,15:57:48,7,33.8,AH0,249,37.3879176,Day,F,L,A,MYSE
151.909,8443,6/3/2015,5/29/2015,15:57:49,7,30.9,AH0,219,33.9287657,Day,F,L,A,MYSE
151.909,8443,6/3/2015,5/25/2015,15:57:50,7,30.4,AH0,255,33.1331712,Day,F,L,A,MYSE
151.909,8443,6/3/2015,5/30/2015,15:57:50,7,33.9,AH0,248,37.4755127,Day,F,L,A,MYSE
151.909,8443,6/3/2015,5/29/2015,15:57:51,7,30.9,AH0,218,33.9287657,Day,F,L,A,MYSE
151.909,8443,6/3/2015,5/25/2015,15:57:52,7,30.4,AH0,255,33.1331712,Day,F,L,A,MYSE
151.909,8443,6/3/2015,5/30/2015,15:57:52,7,33.8,AH0,247,37.3879176,Day,F,L,A,MYSE
151.909,8443,6/3/2015,5/29/2015,15:57:53,7,30.9,AH0,216,33.9287657,Day,F,L,A,MYSE
151.909,8443,6/3/2015,5/24/2015,15:57:54,7,32.1,AH0,255,35.5877213,Day,F,L,A,MYSE
151.909,8443,6/3/2015,5/25/2015,15:57:54,7,30.4,AH0,255,33.1331712,Day,F,L,A,MYSE
151.909,8443,6/3/2015,5/30/2015,15:57:54,7,33.9,AH0,249,37.4755127,Day,F,L,A,MYSE
151.909,8443,6/3/2015,5/29/2015,15:57:55,7,30.9,AH0,218,33.9287657,Day,F,L,A,MYSE
151.909,8443,6/3/2015,5/24/2015,15:57:56,7,32.1,AH0,255,35.5877213,Day,F,L,A,MYSE
151.909,8443,6/3/2015,5/30/2015,15:57:56,7,33.8,AH0,247,37.3879176,Day,F,L,A,MYSE
151.909,8443,6/3/2015,5/24/2015,15:57:57,7,32.1,AH0,255,35.5877213,Day,F,L,A,MYSE
151.909,8443,6/3/2015,5/24/2015,15:57:59,7,32.1,AH0,255,35.5877213,Day,F,L,A,MYSE
151.909,8443,6/3/2015,5/24/2015,15:58:01,7,32.1,AH0,255,35.5877213,Day,F,L,A,MYSE
151.909,8443,6/3/2015,5/29/2015,15:58:09,7,30.9,AH0,216,33.9287657,Day,F,L,A,MYSE
151.909,8443,6/3/2015,5/25/2015,15:58:10,7,30.5,AH0,255,33.2974125,Day,F,L,A,MYSE
151.909,8443,6/3/2015,5/29/2015,15:58:10,7,30.9,AH0,218,33.9287657,Day,F,L,A,MYSE
151.909,8443,6/3/2015,5/30/2015,15:58:10,7,33.9,AH0,249,37.4755127,Day,F,L,A,MYSE
151.909,8443,6/3/2015,5/25/2015,15:58:12,7,30.5,AH0,255,33.2974125,Day,F,L,A,MYSE
151.909,8443,6/3/2015,5/29/2015,15:58:12,7,30.9,AH0,217,33.9287657,Day,F,L,A,MYSE
151.909,8443,6/3/2015,5/30/2015,15:58:12,7,33.9,AH0,248,37.4755127,Day,F,L,A,MYSE
151.909,8443,6/3/2015,5/30/2015,15:58:13,7,33.9,AH0,251,37.4755127,Day,F,L,A,MYSE
151.909,8443,6/3/2015,5/24/2015,15:58:14,7,32.2,AH0,255,35.7107784,Day,F,L,A,MYSE
151.909,8443,6/3/2015,5/25/2015,15:58:14,7,30.5,AH0,255,33.2974125,Day,F,L,A,MYSE
151.909,8443,6/3/2015,5/29/2015,15:58:14,7,30.9,AH0,217,33.9287657,Day,F,L,A,MYSE
151.909,8443,6/3/2015,5/30/2015,15:58:15,7,33.9,AH0,253,37.4755127,Day,F,L,A,MYSE
151.909,8443,6/3/2015,5/24/2015,15:58:16,7,32.1,AH0,255,35.5877213,Day,F,L,A,MYSE
151.909,8443,6/3/2015,5/25/2015,15:58:16,7,30.5,AH0,255,33.2974125,Day,F,L,A,MYSE
151.909,8443,6/3/2015,5/24/2015,15:58:18,7,32.2,AH0,255,35.7107784,Day,F,L,A,MYSE
151.909,8443,6/3/2015,5/24/2015,15:58:20,7,32.1,AH0,255,35.5877213,Day,F,L,A,MYSE
151.909,8443,6/3/2015,5/24/2015,15:58:22,7,32.2,AH0,255,35.7107784,Day,F,L,A,MYSE
151.909,8443,6/3/2015,5/25/2015,15:58:29,7,30.5,AH0,255,33.2974125,Day,F,L,A,MYSE
151.909,8443,6/3/2015,5/30/2015,15:58:29,7,33.8,AH0,250,37.3879176,Day,F,L,A,MYSE
151.909,8443,6/3/2015,5/29/2015,15:58:30,7,30.9,AH0,219,33.9287657,Day,F,L,A,MYSE
151.909,8443,6/3/2015,5/25/2015,15:58:31,7,30.5,AH0,255,33.2974125,Day,F,L,A,MYSE
151.909,8443,6/3/2015,5/30/2015,15:58:31,7,33.8,AH0,250,37.3879176,Day,F,L,A,MYSE
151.909,8443,6/3/2015,5/29/2015,15:58:32,7,30.9,AH0,220,33.9287657,Day,F,L,A,MYSE
151.909,8443,6/3/2015,5/25/2015,15:58:33,7,30.5,AH0,255,33.2974125,Day,F,L,A,MYSE
151.909,8443,6/3/2015,5/30/2015,15:58:33,7,33.8,AH0,250,37.3879176,Day,F,L,A,MYSE
151.909,8443,6/3/2015,5/29/2015,15:58:34,7,30.9,AH0,219,33.9287657,Day,F,L,A,MYSE
151.909,8443,6/3/2015,5/24/2015,15:58:35,7,32,AH0,255,35.4624,Day,F,L,A,MYSE
151.909,8443,6/3/2015,5/25/2015,15:58:35,7,30.5,AH0,255,33.2974125,Day,F,L,A,MYSE
151.909,8443,6/3/2015,5/30/2015,15:58:35,7,33.8,AH0,251,37.3879176,Day,F,L,A,MYSE
151.909,8443,6/3/2015,5/29/2015,15:58:36,7,30.9,AH0,221,33.9287657,Day,F,L,A,MYSE
151.909,8443,6/3/2015,5/30/2015,15:58:36,7,33.8,AH0,250,37.3879176,Day,F,L,A,MYSE
151.909,8443,6/3/2015,5/24/2015,15:58:37,7,32,AH0,255,35.4624,Day,F,L,A,MYSE
151.909,8443,6/3/2015,5/24/2015,15:58:39,7,32,AH0,255,35.4624,Day,F,L,A,MYSE
151.909,8443,6/3/2015,5/24/2015,15:58:40,7,32,AH0,255,35.4624,Day,F,L,A,MYSE
151.909,8443,6/3/2015,5/28/2015,15:58:45,7,31.3,AH0,40,34.5200901,Day,F,L,A,MYSE
151.909,8443,6/3/2015,5/28/2015,15:58:47,7,31.6,AH0,43,34.9380768,Day,F,L,A,MYSE
151.909,8443,6/3/2015,5/25/2015,15:58:49,7,30.5,AH0,255,33.2974125,Day,F,L,A,MYSE
151.909,8443,6/3/2015,5/29/2015,15:58:49,7,30.9,AH0,215,33.9287657,Day,F,L,A,MYSE
151.909,8443,6/3/2015,5/30/2015,15:58:50,7,33.8,AH0,250,37.3879176,Day,F,L,A,MYSE
151.909,8443,6/3/2015,5/25/2015,15:58:51,7,30.5,AH0,255,33.2974125,Day,F,L,A,MYSE
151.909,8443,6/3/2015,5/29/2015,15:58:51,7,30.9,AH0,217,33.9287657,Day,F,L,A,MYSE
151.909,8443,6/3/2015,5/30/2015,15:58:52,7,33.8,AH0,249,37.3879176,Day,F,L,A,MYSE
151.909,8443,6/3/2015,5/25/2015,15:58:53,7,30.5,AH0,255,33.2974125,Day,F,L,A,MYSE
151.909,8443,6/3/2015,5/29/2015,15:58:53,7,30.9,AH0,215,33.9287657,Day,F,L,A,MYSE
151.909,8443,6/3/2015,5/30/2015,15:58:53,7,33.8,AH0,248,37.3879176,Day,F,L,A,MYSE
151.909,8443,6/3/2015,5/24/2015,15:58:55,7,32,AH0,255,35.4624,Day,F,L,A,MYSE
151.909,8443,6/3/2015,5/25/2015,15:58:55,7,30.5,AH0,255,33.2974125,Day,F,L,A,MYSE
151.909,8443,6/3/2015,5/29/2015,15:58:55,7,30.9,AH0,215,33.9287657,Day,F,L,A,MYSE
151.909,8443,6/3/2015,5/30/2015,15:58:55,7,33.8,AH0,251,37.3879176,Day,F,L,A,MYSE
151.909,8443,6/3/2015,5/24/2015,15:58:57,7,32,AH0,255,35.4624,Day,F,L,A,MYSE
151.909,8443,6/3/2015,5/30/2015,15:58:57,7,33.8,AH0,250,37.3879176,Day,F,L,A,MYSE
151.909,8443,6/3/2015,5/24/2015,15:58:59,7,32,AH0,255,35.4624,Day,F,L,A,MYSE
151.909,8443,6/3/2015,5/24/2015,15:59:01,7,32,AH0,255,35.4624,Day,F,L,A,MYSE
151.909,8443,6/3/2015,5/25/2015,15:59:09,7,30.5,AH0,255,33.2974125,Day,F,L,A,MYSE
151.909,8443,6/3/2015,5/29/2015,15:59:09,7,30.9,AH0,214,33.9287657,Day,F,L,A,MYSE
151.909,8443,6/3/2015,5/30/2015,15:59:09,7,33.8,AH0,250,37.3879176,Day,F,L,A,MYSE
151.909,8443,6/3/2015,5/25/2015,15:59:11,7,30.5,AH0,255,33.2974125,Day,F,L,A,MYSE
151.909,8443,6/3/2015,5/29/2015,15:59:11,7,30.9,AH0,213,33.9287657,Day,F,L,A,MYSE
151.909,8443,6/3/2015,5/30/2015,15:59:11,7,33.8,AH0,250,37.3879176,Day,F,L,A,MYSE
151.909,8443,6/3/2015,5/25/2015,15:59:13,7,30.5,AH0,255,33.2974125,Day,F,L,A,MYSE
151.909,8443,6/3/2015,5/29/2015,15:59:13,7,30.9,AH0,215,33.9287657,Day,F,L,A,MYSE
151.909,8443,6/3/2015,5/30/2015,15:59:13,7,33.8,AH0,249,37.3879176,Day,F,L,A,MYSE
151.909,8443,6/3/2015,5/24/2015,15:59:14,7,31.9,AH0,255,35.3347947,Day,F,L,A,MYSE
151.909,8443,6/3/2015,5/25/2015,15:59:15,7,30.5,AH0,255,33.2974125,Day,F,L,A,MYSE
151.909,8443,6/3/2015,5/29/2015,15:59:15,7,30.9,AH0,215,33.9287657,Day,F,L,A,MYSE
151.909,8443,6/3/2015,5/30/2015,15:59:15,7,33.9,AH0,251,37.4755127,Day,F,L,A,MYSE
151.909,8443,6/3/2015,5/24/2015,15:59:16,7,31.9,AH0,255,35.3347947,Day,F,L,A,MYSE
151.909,8443,6/3/2015,5/30/2015,15:59:16,7,33.8,AH0,250,37.3879176,Day,F,L,A,MYSE
151.909,8443,6/3/2015,5/24/2015,15:59:18,7,31.9,AH0,255,35.3347947,Day,F,L,A,MYSE
151.909,8443,6/3/2015,5/24/2015,15:59:20,7,31.9,AH0,255,35.3347947,Day,F,L,A,MYSE
151.909,8443,6/3/2015,5/24/2015,15:59:22,7,31.9,AH0,255,35.3347947,Day,F,L,A,MYSE
151.909,8443,6/3/2015,5/25/2015,15:59:28,7,30.5,AH0,255,33.2974125,Day,F,L,A,MYSE
151.909,8443,6/3/2015,5/29/2015,15:59:28,7,30.9,AH0,215,33.9287657,Day,F,L,A,MYSE
151.909,8443,6/3/2015,5/28/2015,15:59:29,7,10.5,AH0,38,-77.3120875,Day,F,L,A,MYSE
151.909,8443,6/3/2015,5/25/2015,15:59:30,7,30.5,AH0,255,33.2974125,Day,F,L,A,MYSE
151.909,8443,6/3/2015,5/29/2015,15:59:30,7,30.9,AH0,214,33.9287657,Day,F,L,A,MYSE
151.909,8443,6/3/2015,5/30/2015,15:59:31,7,33.8,AH0,246,37.3879176,Day,F,L,A,MYSE
151.909,8443,6/3/2015,5/25/2015,15:59:32,7,30.5,AH0,255,33.2974125,Day,F,L,A,MYSE
151.909,8443,6/3/2015,5/29/2015,15:59:32,7,30.9,AH0,216,33.9287657,Day,F,L,A,MYSE
151.909,8443,6/3/2015,5/30/2015,15:59:32,7,33.8,AH0,249,37.3879176,Day,F,L,A,MYSE
151.909,8443,6/3/2015,5/25/2015,15:59:34,7,30.5,AH0,255,33.2974125,Day,F,L,A,MYSE
151.909,8443,6/3/2015,5/29/2015,15:59:34,7,30.9,AH0,215,33.9287657,Day,F,L,A,MYSE
151.909,8443,6/3/2015,5/30/2015,15:59:34,7,33.8,AH0,249,37.3879176,Day,F,L,A,MYSE
151.909,8443,6/3/2015,5/24/2015,15:59:35,7,31.7,AH0,255,35.0726529,Day,F,L,A,MYSE
151.909,8443,6/3/2015,5/29/2015,15:59:36,7,30.9,AH0,214,33.9287657,Day,F,L,A,MYSE
151.909,8443,6/3/2015,5/30/2015,15:59:36,7,33.8,AH0,247,37.3879176,Day,F,L,A,MYSE
151.909,8443,6/3/2015,5/24/2015,15:59:37,7,31.7,AH0,255,35.0726529,Day,F,L,A,MYSE
151.909,8443,6/3/2015,5/24/2015,15:59:39,7,31.7,AH0,255,35.0726529,Day,F,L,A,MYSE
151.909,8443,6/3/2015,5/24/2015,15:59:41,7,31.7,AH0,255,35.0726529,Day,F,L,A,MYSE
151.909,8443,6/3/2015,5/25/2015,15:59:48,7,30.5,AH0,255,33.2974125,Day,F,L,A,MYSE
151.909,8443,6/3/2015,5/25/2015,15:59:50,7,30.5,AH0,255,33.2974125,Day,F,L,A,MYSE
151.909,8443,6/3/2015,5/29/2015,15:59:50,7,30.9,AH0,217,33.9287657,Day,F,L,A,MYSE
151.909,8443,6/3/2015,5/30/2015,15:59:50,7,33.8,AH0,246,37.3879176,Day,F,L,A,MYSE
151.909,8443,6/3/2015,5/25/2015,15:59:52,7,30.5,AH0,255,33.2974125,Day,F,L,A,MYSE
151.909,8443,6/3/2015,5/29/2015,15:59:52,7,30.9,AH0,216,33.9287657,Day,F,L,A,MYSE
151.909,8443,6/3/2015,5/30/2015,15:59:52,7,33.8,AH0,251,37.3879176,Day,F,L,A,MYSE
151.909,8443,6/3/2015,5/29/2015,15:59:53,7,30.9,AH0,215,33.9287657,Day,F,L,A,MYSE
151.909,8443,6/3/2015,5/24/2015,15:59:54,7,31.6,AH0,255,34.9380768,Day,F,L,A,MYSE
151.909,8443,6/3/2015,5/25/2015,15:59:54,7,30.5,AH0,255,33.2974125,Day,F,L,A,MYSE
151.909,8443,6/3/2015,5/30/2015,15:59:54,7,33.8,AH0,251,37.3879176,Day,F,L,A,MYSE
151.909,8443,6/3/2015,5/29/2015,15:59:55,7,30.9,AH0,216,33.9287657,Day,F,L,A,MYSE
151.909,8443,6/3/2015,5/30/2015,15:59:55,7,33.8,AH0,250,37.3879176,Day,F,L,A,MYSE
151.909,8443,6/3/2015,5/24/2015,15:59:56,7,31.6,AH0,255,34.9380768,Day,F,L,A,MYSE
151.909,8443,6/3/2015,5/30/2015,15:59:57,7,33.8,AH0,247,37.3879176,Day,F,L,A,MYSE
151.909,8443,6/3/2015,5/24/2015,15:59:58,7,31.6,AH0,255,34.9380768,Day,F,L,A,MYSE
151.909,8443,6/3/2015,5/24/2015,16:00:00,7,31.6,AH0,255,34.9380768,Day,F,L,A,MYSE
151.909,8443,6/3/2015,5/24/2015,16:00:01,7,31.6,AH0,255,34.9380768,Day,F,L,A,MYSE
151.909,8443,6/3/2015,5/25/2015,16:00:08,7,30.5,AH0,255,33.2974125,Day,F,L,A,MYSE
151.909,8443,6/3/2015,5/29/2015,16:00:09,7,30.9,AH0,218,33.9287657,Day,F,L,A,MYSE
151.909,8443,6/3/2015,5/25/2015,16:00:10,7,30.4,AH0,255,33.1331712,Day,F,L,A,MYSE
151.909,8443,6/3/2015,5/30/2015,16:00:10,7,33.7,AH0,247,37.2983949,Day,F,L,A,MYSE
151.909,8443,6/3/2015,5/29/2015,16:00:11,7,30.8,AH0,216,33.7747296,Day,F,L,A,MYSE
151.909,8443,6/3/2015,5/30/2015,16:00:11,7,33.7,AH0,250,37.2983949,Day,F,L,A,MYSE
151.909,8443,6/3/2015,5/25/2015,16:00:12,7,30.4,AH0,255,33.1331712,Day,F,L,A,MYSE
151.909,8443,6/3/2015,5/29/2015,16:00:13,7,30.9,AH0,217,33.9287657,Day,F,L,A,MYSE
151.909,8443,6/3/2015,5/30/2015,16:00:13,7,33.7,AH0,250,37.2983949,Day,F,L,A,MYSE
151.909,8443,6/3/2015,5/25/2015,16:00:14,7,30.4,AH0,255,33.1331712,Day,F,L,A,MYSE
151.909,8443,6/3/2015,5/24/2015,16:00:15,7,31.6,AH0,255,34.9380768,Day,F,L,A,MYSE
151.909,8443,6/3/2015,5/29/2015,16:00:15,7,30.9,AH0,215,33.9287657,Day,F,L,A,MYSE
151.909,8443,6/3/2015,5/30/2015,16:00:15,7,33.7,AH0,248,37.2983949,Day,F,L,A,MYSE
151.909,8443,6/3/2015,5/25/2015,16:00:16,7,30.4,AH0,255,33.1331712,Day,F,L,A,MYSE
151.909,8443,6/3/2015,5/24/2015,16:00:17,7,31.6,AH0,255,34.9380768,Day,F,L,A,MYSE
151.909,8443,6/3/2015,5/30/2015,16:00:17,7,33.7,AH0,248,37.2983949,Day,F,L,A,MYSE
151.909,8443,6/3/2015,5/24/2015,16:00:19,7,31.6,AH0,255,34.9380768,Day,F,L,A,MYSE
151.909,8443,6/3/2015,5/24/2015,16:00:20,7,31.6,AH0,255,34.9380768,Day,F,L,A,MYSE
151.909,8443,6/3/2015,5/29/2015,16:00:28,7,30.9,AH0,217,33.9287657,Day,F,L,A,MYSE
151.909,8443,6/3/2015,5/25/2015,16:00:29,7,30.4,AH0,255,33.1331712,Day,F,L,A,MYSE
151.909,8443,6/3/2015,5/29/2015,16:00:30,7,30.9,AH0,216,33.9287657,Day,F,L,A,MYSE
151.909,8443,6/3/2015,5/25/2015,16:00:31,7,30.4,AH0,255,33.1331712,Day,F,L,A,MYSE
151.909,8443,6/3/2015,5/30/2015,16:00:31,7,33.7,AH0,247,37.2983949,Day,F,L,A,MYSE
151.909,8443,6/3/2015,5/29/2015,16:00:32,7,30.9,AH0,215,33.9287657,Day,F,L,A,MYSE
151.909,8443,6/3/2015,5/25/2015,16:00:33,7,30.4,AH0,255,33.1331712,Day,F,L,A,MYSE
151.909,8443,6/3/2015,5/30/2015,16:00:33,7,33.7,AH0,249,37.2983949,Day,F,L,A,MYSE
151.909,8443,6/3/2015,5/24/2015,16:00:34,7,31.6,AH0,255,34.9380768,Day,F,L,A,MYSE
151.909,8443,6/3/2015,5/29/2015,16:00:34,7,30.8,AH0,217,33.7747296,Day,F,L,A,MYSE
151.909,8443,6/3/2015,5/25/2015,16:00:35,7,30.4,AH0,255,33.1331712,Day,F,L,A,MYSE
151.909,8443,6/3/2015,5/30/2015,16:00:35,7,33.7,AH0,249,37.2983949,Day,F,L,A,MYSE
151.909,8443,6/3/2015,5/24/2015,16:00:36,7,31.5,AH0,255,34.8011375,Day,F,L,A,MYSE
151.909,8443,6/3/2015,5/30/2015,16:00:36,7,33.7,AH0,250,37.2983949,Day,F,L,A,MYSE
151.909,8443,6/3/2015,5/24/2015,16:00:38,7,31.6,AH0,255,34.9380768,Day,F,L,A,MYSE
151.909,8443,6/3/2015,5/24/2015,16:00:40,7,31.6,AH0,255,34.9380768,Day,F,L,A,MYSE
151.909,8443,6/3/2015,5/24/2015,16:00:41,7,31.6,AH0,255,34.9380768,Day,F,L,A,MYSE
151.909,8443,6/3/2015,5/29/2015,16:00:48,7,31.1,AH0,217,34.2293523,Day,F,L,A,MYSE
151.909,8443,6/3/2015,5/25/2015,16:00:49,7,30.4,AH0,255,33.1331712,Day,F,L,A,MYSE
151.909,8443,6/3/2015,5/29/2015,16:00:50,7,30.8,AH0,216,33.7747296,Day,F,L,A,MYSE
151.909,8443,6/3/2015,5/25/2015,16:00:51,7,30.4,AH0,255,33.1331712,Day,F,L,A,MYSE
151.909,8443,6/3/2015,5/30/2015,16:00:51,7,33.8,AH0,250,37.3879176,Day,F,L,A,MYSE
151.909,8443,6/3/2015,5/29/2015,16:00:52,7,30.8,AH0,217,33.7747296,Day,F,L,A,MYSE
151.909,8443,6/3/2015,5/30/2015,16:00:52,7,33.8,AH0,249,37.3879176,Day,F,L,A,MYSE
151.909,8443,6/3/2015,5/25/2015,16:00:53,7,30.4,AH0,255,33.1331712,Day,F,L,A,MYSE
151.909,8443,6/3/2015,5/29/2015,16:00:54,7,30.8,AH0,217,33.7747296,Day,F,L,A,MYSE
151.909,8443,6/3/2015,5/30/2015,16:00:54,7,33.8,AH0,249,37.3879176,Day,F,L,A,MYSE
151.909,8443,6/3/2015,5/24/2015,16:00:55,7,31.6,AH0,255,34.9380768,Day,F,L,A,MYSE
151.909,8443,6/3/2015,5/25/2015,16:00:55,7,30.4,AH0,255,33.1331712,Day,F,L,A,MYSE
151.909,8443,6/3/2015,5/29/2015,16:00:56,7,30.8,AH0,217,33.7747296,Day,F,L,A,MYSE
151.909,8443,6/3/2015,5/30/2015,16:00:56,7,33.8,AH0,248,37.3879176,Day,F,L,A,MYSE
151.909,8443,6/3/2015,5/24/2015,16:00:57,7,31.6,AH0,255,34.9380768,Day,F,L,A,MYSE
151.909,8443,6/3/2015,5/24/2015,16:00:59,7,31.6,AH0,255,34.9380768,Day,F,L,A,MYSE
151.909,8443,6/3/2015,5/24/2015,16:01:00,7,31.6,AH0,255,34.9380768,Day,F,L,A,MYSE
151.909,8443,6/3/2015,5/25/2015,16:01:09,7,30.4,AH0,255,33.1331712,Day,F,L,A,MYSE
151.909,8443,6/3/2015,5/29/2015,16:01:09,7,30.8,AH0,219,33.7747296,Day,F,L,A,MYSE
151.909,8443,6/3/2015,5/30/2015,16:01:10,7,33.8,AH0,249,37.3879176,Day,F,L,A,MYSE
151.909,8443,6/3/2015,5/25/2015,16:01:11,7,30.4,AH0,255,33.1331712,Day,F,L,A,MYSE
151.909,8443,6/3/2015,5/29/2015,16:01:11,7,30.8,AH0,217,33.7747296,Day,F,L,A,MYSE
151.909,8443,6/3/2015,5/30/2015,16:01:12,7,33.8,AH0,252,37.3879176,Day,F,L,A,MYSE
151.909,8443,6/3/2015,5/25/2015,16:01:13,7,30.4,AH0,255,33.1331712,Day,F,L,A,MYSE
151.909,8443,6/3/2015,5/29/2015,16:01:13,7,30.8,AH0,218,33.7747296,Day,F,L,A,MYSE
151.909,8443,6/3/2015,5/24/2015,16:01:14,7,31.6,AH0,255,34.9380768,Day,F,L,A,MYSE
151.909,8443,6/3/2015,5/30/2015,16:01:14,7,33.8,AH0,248,37.3879176,Day,F,L,A,MYSE
151.909,8443,6/3/2015,5/25/2015,16:01:15,7,30.4,AH0,255,33.1331712,Day,F,L,A,MYSE
151.909,8443,6/3/2015,5/29/2015,16:01:15,7,30.8,AH0,218,33.7747296,Day,F,L,A,MYSE
151.909,8443,6/3/2015,5/30/2015,16:01:15,7,33.8,AH0,249,37.3879176,Day,F,L,A,MYSE
151.909,8443,6/3/2015,5/24/2015,16:01:16,7,31.7,AH0,255,35.0726529,Day,F,L,A,MYSE
151.909,8443,6/3/2015,5/30/2015,16:01:17,7,33.8,AH0,251,37.3879176,Day,F,L,A,MYSE
151.909,8443,6/3/2015,5/24/2015,16:01:18,7,31.7,AH0,255,35.0726529,Day,F,L,A,MYSE
151.909,8443,6/3/2015,5/24/2015,16:01:19,7,31.7,AH0,255,35.0726529,Day,F,L,A,MYSE
151.909,8443,6/3/2015,5/24/2015,16:01:21,7,31.7,AH0,255,35.0726529,Day,F,L,A,MYSE
151.909,8443,6/3/2015,5/25/2015,16:01:29,7,30.4,AH0,255,33.1331712,Day,F,L,A,MYSE
151.909,8443,6/3/2015,5/29/2015,16:01:29,7,30.8,AH0,216,33.7747296,Day,F,L,A,MYSE
151.909,8443,6/3/2015,5/30/2015,16:01:30,7,33.8,AH0,248,37.3879176,Day,F,L,A,MYSE
151.909,8443,6/3/2015,5/25/2015,16:01:31,7,30.4,AH0,255,33.1331712,Day,F,L,A,MYSE
151.909,8443,6/3/2015,5/29/2015,16:01:31,7,30.8,AH0,218,33.7747296,Day,F,L,A,MYSE
151.909,8443,6/3/2015,5/30/2015,16:01:31,7,33.8,AH0,249,37.3879176,Day,F,L,A,MYSE
151.909,8443,6/3/2015,5/25/2015,16:01:33,7,30.4,AH0,255,33.1331712,Day,F,L,A,MYSE
151.909,8443,6/3/2015,5/29/2015,16:01:33,7,30.8,AH0,218,33.7747296,Day,F,L,A,MYSE
151.909,8443,6/3/2015,5/30/2015,16:01:33,7,33.8,AH0,247,37.3879176,Day,F,L,A,MYSE
151.909,8443,6/3/2015,5/24/2015,16:01:35,7,31.8,AH0,255,35.2048856,Day,F,L,A,MYSE
151.909,8443,6/3/2015,5/25/2015,16:01:35,7,30.4,AH0,255,33.1331712,Day,F,L,A,MYSE
151.909,8443,6/3/2015,5/29/2015,16:01:35,7,30.8,AH0,216,33.7747296,Day,F,L,A,MYSE
151.909,8443,6/3/2015,5/30/2015,16:01:35,7,33.8,AH0,248,37.3879176,Day,F,L,A,MYSE
151.909,8443,6/3/2015,5/24/2015,16:01:36,7,31.8,AH0,255,35.2048856,Day,F,L,A,MYSE
151.909,8443,6/3/2015,5/30/2015,16:01:37,7,33.8,AH0,248,37.3879176,Day,F,L,A,MYSE
151.909,8443,6/3/2015,5/24/2015,16:01:38,7,31.8,AH0,255,35.2048856,Day,F,L,A,MYSE
151.909,8443,6/3/2015,5/24/2015,16:01:40,7,31.8,AH0,255,35.2048856,Day,F,L,A,MYSE
151.909,8443,6/3/2015,5/25/2015,16:01:48,7,30.4,AH0,255,33.1331712,Day,F,L,A,MYSE
151.909,8443,6/3/2015,5/29/2015,16:01:48,7,30.8,AH0,217,33.7747296,Day,F,L,A,MYSE
151.909,8443,6/3/2015,5/25/2015,16:01:50,7,30.4,AH0,255,33.1331712,Day,F,L,A,MYSE
151.909,8443,6/3/2015,5/29/2015,16:01:50,7,30.8,AH0,221,33.7747296,Day,F,L,A,MYSE
151.909,8443,6/3/2015,5/30/2015,16:01:51,7,33.8,AH0,249,37.3879176,Day,F,L,A,MYSE
151.909,8443,6/3/2015,5/25/2015,16:01:52,7,30.4,AH0,255,33.1331712,Day,F,L,A,MYSE
151.909,8443,6/3/2015,5/29/2015,16:01:52,7,30.8,AH0,219,33.7747296,Day,F,L,A,MYSE
151.909,8443,6/3/2015,5/30/2015,16:01:53,7,33.8,AH0,248,37.3879176,Day,F,L,A,MYSE
151.909,8443,6/3/2015,5/25/2015,16:01:54,7,30.4,AH0,255,33.1331712,Day,F,L,A,MYSE
151.909,8443,6/3/2015,5/29/2015,16:01:54,7,30.8,AH0,217,33.7747296,Day,F,L,A,MYSE
151.909,8443,6/3/2015,5/30/2015,16:01:54,7,33.8,AH0,248,37.3879176,Day,F,L,A,MYSE
151.909,8443,6/3/2015,5/24/2015,16:01:55,7,31.8,AH0,255,35.2048856,Day,F,L,A,MYSE
151.909,8443,6/3/2015,5/30/2015,16:01:56,7,33.8,AH0,250,37.3879176,Day,F,L,A,MYSE
151.909,8443,6/3/2015,5/24/2015,16:01:57,7,31.8,AH0,255,35.2048856,Day,F,L,A,MYSE
151.909,8443,6/3/2015,5/24/2015,16:01:59,7,31.8,AH0,255,35.2048856,Day,F,L,A,MYSE
151.909,8443,6/3/2015,5/24/2015,16:02:01,7,31.9,AH0,255,35.3347947,Day,F,L,A,MYSE
151.909,8443,6/3/2015,5/25/2015,16:02:08,7,30.4,AH0,255,33.1331712,Day,F,L,A,MYSE
151.909,8443,6/3/2015,5/25/2015,16:02:10,7,30.4,AH0,255,33.1331712,Day,F,L,A,MYSE
151.909,8443,6/3/2015,5/29/2015,16:02:10,7,30.8,AH0,219,33.7747296,Day,F,L,A,MYSE
151.909,8443,6/3/2015,5/30/2015,16:02:10,7,33.9,AH0,248,37.4755127,Day,F,L,A,MYSE
151.909,8443,6/3/2015,5/25/2015,16:02:12,7,30.4,AH0,255,33.1331712,Day,F,L,A,MYSE
151.909,8443,6/3/2015,5/29/2015,16:02:12,7,30.8,AH0,217,33.7747296,Day,F,L,A,MYSE
151.909,8443,6/3/2015,5/30/2015,16:02:12,7,33.8,AH0,248,37.3879176,Day,F,L,A,MYSE
151.909,8443,6/3/2015,5/24/2015,16:02:14,7,32,AH0,255,35.4624,Day,F,L,A,MYSE
151.909,8443,6/3/2015,5/25/2015,16:02:14,7,30.4,AH0,255,33.1331712,Day,F,L,A,MYSE
151.909,8443,6/3/2015,5/29/2015,16:02:14,7,30.8,AH0,219,33.7747296,Day,F,L,A,MYSE
151.909,8443,6/3/2015,5/30/2015,16:02:14,7,33.8,AH0,246,37.3879176,Day,F,L,A,MYSE
151.909,8443,6/3/2015,5/24/2015,16:02:16,7,32,AH0,255,35.4624,Day,F,L,A,MYSE
151.909,8443,6/3/2015,5/29/2015,16:02:16,7,30.8,AH0,219,33.7747296,Day,F,L,A,MYSE
151.909,8443,6/3/2015,5/30/2015,16:02:16,7,33.8,AH0,247,37.3879176,Day,F,L,A,MYSE
151.909,8443,6/3/2015,5/24/2015,16:02:18,7,32,AH0,255,35.4624,Day,F,L,A,MYSE
151.909,8443,6/3/2015,5/24/2015,16:02:20,7,32,AH0,255,35.4624,Day,F,L,A,MYSE
151.909,8443,6/3/2015,5/24/2015,16:02:22,7,32,AH0,255,35.4624,Day,F,L,A,MYSE
151.909,8443,6/3/2015,5/25/2015,16:02:28,7,30.4,AH0,255,33.1331712,Day,F,L,A,MYSE
151.909,8443,6/3/2015,5/29/2015,16:02:29,7,30.8,AH0,219,33.7747296,Day,F,L,A,MYSE
151.909,8443,6/3/2015,5/25/2015,16:02:30,7,30.4,AH0,255,33.1331712,Day,F,L,A,MYSE
151.909,8443,6/3/2015,5/30/2015,16:02:30,7,33.8,AH0,250,37.3879176,Day,F,L,A,MYSE
151.909,8443,6/3/2015,5/29/2015,16:02:31,7,30.8,AH0,220,33.7747296,Day,F,L,A,MYSE
151.909,8443,6/3/2015,5/25/2015,16:02:32,7,30.4,AH0,255,33.1331712,Day,F,L,A,MYSE
151.909,8443,6/3/2015,5/30/2015,16:02:32,7,33.9,AH0,249,37.4755127,Day,F,L,A,MYSE
151.909,8443,6/3/2015,5/29/2015,16:02:33,7,30.7,AH0,220,33.6181719,Day,F,L,A,MYSE
151.909,8443,6/3/2015,5/30/2015,16:02:33,7,33.8,AH0,249,37.3879176,Day,F,L,A,MYSE
151.909,8443,6/3/2015,5/25/2015,16:02:34,7,30.4,AH0,255,33.1331712,Day,F,L,A,MYSE
151.909,8443,6/3/2015,5/24/2015,16:02:35,7,32,AH0,255,35.4624,Day,F,L,A,MYSE
151.909,8443,6/3/2015,5/29/2015,16:02:35,7,30.8,AH0,220,33.7747296,Day,F,L,A,MYSE
151.909,8443,6/3/2015,5/30/2015,16:02:35,7,33.8,AH0,249,37.3879176,Day,F,L,A,MYSE
151.909,8443,6/3/2015,5/24/2015,16:02:37,7,32,AH0,255,35.4624,Day,F,L,A,MYSE
151.909,8443,6/3/2015,5/30/2015,16:02:37,7,33.9,AH0,248,37.4755127,Day,F,L,A,MYSE
151.909,8443,6/3/2015,5/24/2015,16:02:38,7,32,AH0,255,35.4624,Day,F,L,A,MYSE
151.909,8443,6/3/2015,5/24/2015,16:02:40,7,31.9,AH0,255,35.3347947,Day,F,L,A,MYSE
151.909,8443,6/3/2015,5/25/2015,16:02:48,7,30.5,AH0,255,33.2974125,Day,F,L,A,MYSE
151.909,8443,6/3/2015,5/29/2015,16:02:49,7,30.7,AH0,216,33.6181719,Day,F,L,A,MYSE
151.909,8443,6/3/2015,5/30/2015,16:02:49,7,33.9,AH0,247,37.4755127,Day,F,L,A,MYSE
151.909,8443,6/3/2015,5/25/2015,16:02:50,7,30.4,AH0,255,33.1331712,Day,F,L,A,MYSE
151.909,8443,6/3/2015,5/29/2015,16:02:51,7,30.7,AH0,218,33.6181719,Day,F,L,A,MYSE
151.909,8443,6/3/2015,5/30/2015,16:02:51,7,33.9,AH0,246,37.4755127,Day,F,L,A,MYSE
151.909,8443,6/3/2015,5/25/2015,16:02:52,7,30.4,AH0,255,33.1331712,Day,F,L,A,MYSE
151.909,8443,6/3/2015,5/29/2015,16:02:53,7,30.7,AH0,219,33.6181719,Day,F,L,A,MYSE
151.909,8443,6/3/2015,5/30/2015,16:02:53,7,33.9,AH0,248,37.4755127,Day,F,L,A,MYSE
151.909,8443,6/3/2015,5/25/2015,16:02:54,7,30.4,AH0,255,33.1331712,Day,F,L,A,MYSE
151.909,8443,6/3/2015,5/24/2015,16:02:55,7,31.9,AH0,255,35.3347947,Day,F,L,A,MYSE
151.909,8443,6/3/2015,5/29/2015,16:02:55,7,30.7,AH0,218,33.6181719,Day,F,L,A,MYSE
151.909,8443,6/3/2015,5/30/2015,16:02:55,7,33.9,AH0,250,37.4755127,Day,F,L,A,MYSE
151.909,8443,6/3/2015,5/25/2015,16:02:56,7,30.4,AH0,255,33.1331712,Day,F,L,A,MYSE
151.909,8443,6/3/2015,5/24/2015,16:02:57,7,31.9,AH0,255,35.3347947,Day,F,L,A,MYSE
151.909,8443,6/3/2015,5/30/2015,16:02:57,7,33.8,AH0,248,37.3879176,Day,F,L,A,MYSE
151.909,8443,6/3/2015,5/24/2015,16:02:59,7,31.9,AH0,255,35.3347947,Day,F,L,A,MYSE
151.909,8443,6/3/2015,5/24/2015,16:03:01,7,31.9,AH0,255,35.3347947,Day,F,L,A,MYSE
151.909,8443,6/3/2015,5/29/2015,16:03:08,7,30.7,AH0,218,33.6181719,Day,F,L,A,MYSE
151.909,8443,6/3/2015,5/25/2015,16:03:09,7,30.4,AH0,255,33.1331712,Day,F,L,A,MYSE
151.909,8443,6/3/2015,5/29/2015,16:03:10,7,30.7,AH0,218,33.6181719,Day,F,L,A,MYSE
151.909,8443,6/3/2015,5/25/2015,16:03:11,7,30.4,AH0,255,33.1331712,Day,F,L,A,MYSE
151.909,8443,6/3/2015,5/30/2015,16:03:11,7,33.9,AH0,250,37.4755127,Day,F,L,A,MYSE
151.909,8443,6/3/2015,5/29/2015,16:03:12,7,30.7,AH0,217,33.6181719,Day,F,L,A,MYSE
151.909,8443,6/3/2015,5/30/2015,16:03:12,7,33.9,AH0,249,37.4755127,Day,F,L,A,MYSE
151.909,8443,6/3/2015,5/25/2015,16:03:13,7,30.4,AH0,255,33.1331712,Day,F,L,A,MYSE
151.909,8443,6/3/2015,5/24/2015,16:03:14,7,31.8,AH0,255,35.2048856,Day,F,L,A,MYSE
151.909,8443,6/3/2015,5/29/2015,16:03:14,7,30.7,AH0,219,33.6181719,Day,F,L,A,MYSE
151.909,8443,6/3/2015,5/30/2015,16:03:14,7,33.9,AH0,249,37.4755127,Day,F,L,A,MYSE
151.909,8443,6/3/2015,5/25/2015,16:03:15,7,30.4,AH0,255,33.1331712,Day,F,L,A,MYSE
151.909,8443,6/3/2015,5/24/2015,16:03:16,7,31.8,AH0,255,35.2048856,Day,F,L,A,MYSE
151.909,8443,6/3/2015,5/30/2015,16:03:16,7,33.9,AH0,250,37.4755127,Day,F,L,A,MYSE
151.909,8443,6/3/2015,5/24/2015,16:03:18,7,31.8,AH0,255,35.2048856,Day,F,L,A,MYSE
151.909,8443,6/3/2015,5/24/2015,16:03:20,7,31.8,AH0,255,35.2048856,Day,F,L,A,MYSE
151.909,8443,6/3/2015,5/25/2015,16:03:29,7,30.5,AH0,255,33.2974125,Day,F,L,A,MYSE
151.909,8443,6/3/2015,5/29/2015,16:03:30,7,30.6,AH0,219,33.4590728,Day,F,L,A,MYSE
151.909,8443,6/3/2015,5/30/2015,16:03:30,7,33.9,AH0,249,37.4755127,Day,F,L,A,MYSE
151.909,8443,6/3/2015,5/25/2015,16:03:31,7,30.5,AH0,255,33.2974125,Day,F,L,A,MYSE
151.909,8443,6/3/2015,5/29/2015,16:03:32,7,30.6,AH0,220,33.4590728,Day,F,L,A,MYSE
151.909,8443,6/3/2015,5/30/2015,16:03:32,7,33.9,AH0,251,37.4755127,Day,F,L,A,MYSE
151.909,8443,6/3/2015,5/25/2015,16:03:33,7,30.5,AH0,255,33.2974125,Day,F,L,A,MYSE
151.909,8443,6/3/2015,5/29/2015,16:03:34,7,30.6,AH0,219,33.4590728,Day,F,L,A,MYSE
151.909,8443,6/3/2015,5/30/2015,16:03:34,7,33.9,AH0,248,37.4755127,Day,F,L,A,MYSE
151.909,8443,6/3/2015,5/24/2015,16:03:35,7,31.8,AH0,255,35.2048856,Day,F,L,A,MYSE
151.909,8443,6/3/2015,5/25/2015,16:03:35,7,30.5,AH0,255,33.2974125,Day,F,L,A,MYSE
151.909,8443,6/3/2015,5/29/2015,16:03:36,7,30.6,AH0,218,33.4590728,Day,F,L,A,MYSE
151.909,8443,6/3/2015,5/30/2015,16:03:36,7,33.9,AH0,249,37.4755127,Day,F,L,A,MYSE
151.909,8443,6/3/2015,5/24/2015,16:03:37,7,31.8,AH0,255,35.2048856,Day,F,L,A,MYSE
151.909,8443,6/3/2015,5/30/2015,16:03:37,7,33.9,AH0,251,37.4755127,Day,F,L,A,MYSE
151.909,8443,6/3/2015,5/24/2015,16:03:39,7,31.8,AH0,255,35.2048856,Day,F,L,A,MYSE
151.909,8443,6/3/2015,5/24/2015,16:03:41,7,31.7,AH0,255,35.0726529,Day,F,L,A,MYSE
151.909,8443,6/3/2015,5/25/2015,16:03:49,7,30.5,AH0,255,33.2974125,Day,F,L,A,MYSE
151.909,8443,6/3/2015,5/29/2015,16:03:49,7,30.6,AH0,217,33.4590728,Day,F,L,A,MYSE
151.909,8443,6/3/2015,5/30/2015,16:03:50,7,33.9,AH0,249,37.4755127,Day,F,L,A,MYSE
151.909,8443,6/3/2015,5/25/2015,16:03:51,7,30.5,AH0,255,33.2974125,Day,F,L,A,MYSE
151.909,8443,6/3/2015,5/29/2015,16:03:51,7,30.6,AH0,217,33.4590728,Day,F,L,A,MYSE
151.909,8443,6/3/2015,5/30/2015,16:03:51,7,33.9,AH0,249,37.4755127,Day,F,L,A,MYSE
151.909,8443,6/3/2015,5/25/2015,16:03:53,7,30.5,AH0,255,33.2974125,Day,F,L,A,MYSE
151.909,8443,6/3/2015,5/29/2015,16:03:53,7,30.6,AH0,219,33.4590728,Day,F,L,A,MYSE
151.909,8443,6/3/2015,5/30/2015,16:03:53,7,33.9,AH0,248,37.4755127,Day,F,L,A,MYSE
151.909,8443,6/3/2015,5/24/2015,16:03:54,7,31.7,AH0,255,35.0726529,Day,F,L,A,MYSE
151.909,8443,6/3/2015,5/25/2015,16:03:55,7,30.5,AH0,255,33.2974125,Day,F,L,A,MYSE
151.909,8443,6/3/2015,5/29/2015,16:03:55,7,30.6,AH0,219,33.4590728,Day,F,L,A,MYSE
151.909,8443,6/3/2015,5/30/2015,16:03:55,7,33.9,AH0,249,37.4755127,Day,F,L,A,MYSE
151.909,8443,6/3/2015,5/24/2015,16:03:56,7,31.7,AH0,255,35.0726529,Day,F,L,A,MYSE
151.909,8443,6/3/2015,5/30/2015,16:03:57,7,33.9,AH0,249,37.4755127,Day,F,L,A,MYSE
151.909,8443,6/3/2015,5/24/2015,16:03:58,7,31.6,AH0,255,34.9380768,Day,F,L,A,MYSE
151.909,8443,6/3/2015,5/24/2015,16:04:00,7,31.6,AH0,255,34.9380768,Day,F,L,A,MYSE
151.909,8443,6/3/2015,5/24/2015,16:04:02,7,31.7,AH0,255,35.0726529,Day,F,L,A,MYSE
151.909,8443,6/3/2015,5/25/2015,16:04:08,7,30.6,AH0,255,33.4590728,Day,F,L,A,MYSE
151.909,8443,6/3/2015,5/29/2015,16:04:09,7,30.6,AH0,215,33.4590728,Day,F,L,A,MYSE
151.909,8443,6/3/2015,5/25/2015,16:04:10,7,30.6,AH0,255,33.4590728,Day,F,L,A,MYSE
151.909,8443,6/3/2015,5/29/2015,16:04:11,7,30.6,AH0,218,33.4590728,Day,F,L,A,MYSE
151.909,8443,6/3/2015,5/30/2015,16:04:11,7,33.9,AH0,247,37.4755127,Day,F,L,A,MYSE
151.909,8443,6/3/2015,5/25/2015,16:04:12,7,30.6,AH0,255,33.4590728,Day,F,L,A,MYSE
151.909,8443,6/3/2015,5/29/2015,16:04:13,7,30.5,AH0,215,33.2974125,Day,F,L,A,MYSE
151.909,8443,6/3/2015,5/30/2015,16:04:13,7,33.9,AH0,250,37.4755127,Day,F,L,A,MYSE
151.909,8443,6/3/2015,5/25/2015,16:04:14,7,30.6,AH0,255,33.4590728,Day,F,L,A,MYSE
151.909,8443,6/3/2015,5/30/2015,16:04:14,7,33.9,AH0,248,37.4755127,Day,F,L,A,MYSE
151.909,8443,6/3/2015,5/24/2015,16:04:15,7,31.6,AH0,255,34.9380768,Day,F,L,A,MYSE
151.909,8443,6/3/2015,5/29/2015,16:04:15,7,30.5,AH0,218,33.2974125,Day,F,L,A,MYSE
151.909,8443,6/3/2015,5/30/2015,16:04:16,7,33.9,AH0,251,37.4755127,Day,F,L,A,MYSE
151.909,8443,6/3/2015,5/24/2015,16:04:17,7,31.6,AH0,255,34.9380768,Day,F,L,A,MYSE
151.909,8443,6/3/2015,5/24/2015,16:04:19,7,31.6,AH0,255,34.9380768,Day,F,L,A,MYSE
151.909,8443,6/3/2015,5/24/2015,16:04:20,7,31.6,AH0,255,34.9380768,Day,F,L,A,MYSE
151.909,8443,6/3/2015,5/25/2015,16:04:28,7,30.6,AH0,255,33.4590728,Day,F,L,A,MYSE
151.909,8443,6/3/2015,5/29/2015,16:04:29,7,30.5,AH0,219,33.2974125,Day,F,L,A,MYSE
151.909,8443,6/3/2015,5/25/2015,16:04:30,7,30.6,AH0,255,33.4590728,Day,F,L,A,MYSE
151.909,8443,6/3/2015,5/30/2015,16:04:30,7,33.9,AH0,249,37.4755127,Day,F,L,A,MYSE
151.909,8443,6/3/2015,5/29/2015,16:04:31,7,30.5,AH0,218,33.2974125,Day,F,L,A,MYSE
151.909,8443,6/3/2015,5/25/2015,16:04:32,7,30.6,AH0,255,33.4590728,Day,F,L,A,MYSE
151.909,8443,6/3/2015,5/30/2015,16:04:32,7,33.9,AH0,247,37.4755127,Day,F,L,A,MYSE
151.909,8443,6/3/2015,5/29/2015,16:04:33,7,30.5,AH0,219,33.2974125,Day,F,L,A,MYSE
151.909,8443,6/3/2015,5/24/2015,16:04:34,7,31.6,AH0,255,34.9380768,Day,F,L,A,MYSE
151.909,8443,6/3/2015,5/25/2015,16:04:34,7,30.6,AH0,255,33.4590728,Day,F,L,A,MYSE
151.909,8443,6/3/2015,5/30/2015,16:04:34,7,33.9,AH0,250,37.4755127,Day,F,L,A,MYSE
151.909,8443,6/3/2015,5/29/2015,16:04:35,7,30.5,AH0,217,33.2974125,Day,F,L,A,MYSE
151.909,8443,6/3/2015,5/24/2015,16:04:36,7,31.6,AH0,255,34.9380768,Day,F,L,A,MYSE
151.909,8443,6/3/2015,5/30/2015,16:04:36,7,33.9,AH0,251,37.4755127,Day,F,L,A,MYSE
151.909,8443,6/3/2015,5/24/2015,16:04:38,7,31.6,AH0,255,34.9380768,Day,F,L,A,MYSE
151.909,8443,6/3/2015,5/24/2015,16:04:39,7,31.6,AH0,255,34.9380768,Day,F,L,A,MYSE
151.909,8443,6/3/2015,5/24/2015,16:04:41,7,31.6,AH0,255,34.9380768,Day,F,L,A,MYSE
151.909,8443,6/3/2015,5/25/2015,16:04:48,7,30.8,AH0,255,33.7747296,Day,F,L,A,MYSE
151.909,8443,6/3/2015,5/29/2015,16:04:48,7,30.6,AH0,217,33.4590728,Day,F,L,A,MYSE
151.909,8443,6/3/2015,5/25/2015,16:04:50,7,30.6,AH0,255,33.4590728,Day,F,L,A,MYSE
151.909,8443,6/3/2015,5/29/2015,16:04:50,7,30.6,AH0,217,33.4590728,Day,F,L,A,MYSE
151.909,8443,6/3/2015,5/30/2015,16:04:50,7,33.9,AH0,247,37.4755127,Day,F,L,A,MYSE
151.909,8443,6/3/2015,5/25/2015,16:04:52,7,30.6,AH0,255,33.4590728,Day,F,L,A,MYSE
151.909,8443,6/3/2015,5/29/2015,16:04:52,7,30.5,AH0,218,33.2974125,Day,F,L,A,MYSE
151.909,8443,6/3/2015,5/30/2015,16:04:52,7,33.9,AH0,247,37.4755127,Day,F,L,A,MYSE
151.909,8443,6/3/2015,5/25/2015,16:04:53,7,30.6,AH0,255,33.4590728,Day,F,L,A,MYSE
151.909,8443,6/3/2015,5/30/2015,16:04:53,7,33.9,AH0,248,37.4755127,Day,F,L,A,MYSE
151.909,8443,6/3/2015,5/29/2015,16:04:54,7,30.5,AH0,217,33.2974125,Day,F,L,A,MYSE
151.909,8443,6/3/2015,5/24/2015,16:04:55,7,31.6,AH0,255,34.9380768,Day,F,L,A,MYSE
151.909,8443,6/3/2015,5/25/2015,16:04:55,7,30.6,AH0,255,33.4590728,Day,F,L,A,MYSE
151.909,8443,6/3/2015,5/30/2015,16:04:55,7,33.9,AH0,248,37.4755127,Day,F,L,A,MYSE
151.909,8443,6/3/2015,5/24/2015,16:04:57,7,31.6,AH0,255,34.9380768,Day,F,L,A,MYSE
151.909,8443,6/3/2015,5/30/2015,16:04:57,7,33.9,AH0,250,37.4755127,Day,F,L,A,MYSE
151.909,8443,6/3/2015,5/24/2015,16:04:58,7,31.6,AH0,255,34.9380768,Day,F,L,A,MYSE
151.909,8443,6/3/2015,5/24/2015,16:05:00,7,31.6,AH0,255,34.9380768,Day,F,L,A,MYSE
151.909,8443,6/3/2015,5/29/2015,16:05:08,7,30.5,AH0,217,33.2974125,Day,F,L,A,MYSE
151.909,8443,6/3/2015,5/25/2015,16:05:09,7,30.6,AH0,255,33.4590728,Day,F,L,A,MYSE
151.909,8443,6/3/2015,5/30/2015,16:05:09,7,33.9,AH0,247,37.4755127,Day,F,L,A,MYSE
151.909,8443,6/3/2015,5/29/2015,16:05:10,7,30.6,AH0,217,33.4590728,Day,F,L,A,MYSE
151.909,8443,6/3/2015,5/25/2015,16:05:11,7,30.6,AH0,255,33.4590728,Day,F,L,A,MYSE
151.909,8443,6/3/2015,5/30/2015,16:05:11,7,33.9,AH0,248,37.4755127,Day,F,L,A,MYSE
151.909,8443,6/3/2015,5/29/2015,16:05:12,7,30.6,AH0,219,33.4590728,Day,F,L,A,MYSE
151.909,8443,6/3/2015,5/25/2015,16:05:13,7,30.6,AH0,255,33.4590728,Day,F,L,A,MYSE
151.909,8443,6/3/2015,5/30/2015,16:05:13,7,33.9,AH0,248,37.4755127,Day,F,L,A,MYSE
151.909,8443,6/3/2015,5/24/2015,16:05:14,7,31.6,AH0,255,34.9380768,Day,F,L,A,MYSE
151.909,8443,6/3/2015,5/29/2015,16:05:14,7,30.6,AH0,216,33.4590728,Day,F,L,A,MYSE
151.909,8443,6/3/2015,5/25/2015,16:05:15,7,30.6,AH0,255,33.4590728,Day,F,L,A,MYSE
151.909,8443,6/3/2015,5/30/2015,16:05:15,7,33.8,AH0,246,37.3879176,Day,F,L,A,MYSE
151.909,8443,6/3/2015,5/24/2015,16:05:16,7,31.6,AH0,255,34.9380768,Day,F,L,A,MYSE
151.909,8443,6/3/2015,5/29/2015,16:05:16,7,30.6,AH0,217,33.4590728,Day,F,L,A,MYSE
151.909,8443,6/3/2015,5/30/2015,16:05:16,7,33.8,AH0,248,37.3879176,Day,F,L,A,MYSE
151.909,8443,6/3/2015,5/24/2015,16:05:17,7,31.6,AH0,255,34.9380768,Day,F,L,A,MYSE
151.909,8443,6/3/2015,5/24/2015,16:05:19,7,31.6,AH0,255,34.9380768,Day,F,L,A,MYSE
151.909,8443,6/3/2015,5/24/2015,16:05:21,7,31.6,AH0,255,34.9380768,Day,F,L,A,MYSE
151.909,8443,6/3/2015,5/25/2015,16:05:29,7,30.6,AH0,255,33.4590728,Day,F,L,A,MYSE
151.909,8443,6/3/2015,5/29/2015,16:05:30,7,30.6,AH0,218,33.4590728,Day,F,L,A,MYSE
151.909,8443,6/3/2015,5/25/2015,16:05:31,7,30.6,AH0,255,33.4590728,Day,F,L,A,MYSE
151.909,8443,6/3/2015,5/30/2015,16:05:31,7,33.8,AH0,250,37.3879176,Day,F,L,A,MYSE
151.909,8443,6/3/2015,5/29/2015,16:05:32,7,30.6,AH0,217,33.4590728,Day,F,L,A,MYSE
151.909,8443,6/3/2015,5/30/2015,16:05:32,7,33.8,AH0,249,37.3879176,Day,F,L,A,MYSE
151.909,8443,6/3/2015,5/25/2015,16:05:33,7,30.7,AH0,255,33.6181719,Day,F,L,A,MYSE
151.909,8443,6/3/2015,5/29/2015,16:05:33,7,30.6,AH0,217,33.4590728,Day,F,L,A,MYSE
151.909,8443,6/3/2015,5/30/2015,16:05:34,7,33.8,AH0,248,37.3879176,Day,F,L,A,MYSE
151.909,8443,6/3/2015,5/24/2015,16:05:35,7,31.6,AH0,255,34.9380768,Day,F,L,A,MYSE
151.909,8443,6/3/2015,5/25/2015,16:05:35,7,30.7,AH0,255,33.6181719,Day,F,L,A,MYSE
151.909,8443,6/3/2015,5/29/2015,16:05:35,7,30.6,AH0,217,33.4590728,Day,F,L,A,MYSE
151.909,8443,6/3/2015,5/24/2015,16:05:36,7,31.6,AH0,255,34.9380768,Day,F,L,A,MYSE
151.909,8443,6/3/2015,5/30/2015,16:05:36,7,33.8,AH0,248,37.3879176,Day,F,L,A,MYSE
151.909,8443,6/3/2015,5/24/2015,16:05:38,7,31.6,AH0,255,34.9380768,Day,F,L,A,MYSE
151.909,8443,6/3/2015,5/24/2015,16:05:40,7,31.6,AH0,255,34.9380768,Day,F,L,A,MYSE
151.909,8443,6/3/2015,5/25/2015,16:05:48,7,30.7,AH0,255,33.6181719,Day,F,L,A,MYSE
151.909,8443,6/3/2015,5/29/2015,16:05:49,7,30.6,AH0,219,33.4590728,Day,F,L,A,MYSE
151.909,8443,6/3/2015,5/25/2015,16:05:50,7,30.7,AH0,255,33.6181719,Day,F,L,A,MYSE
151.909,8443,6/3/2015,5/30/2015,16:05:50,7,33.8,AH0,250,37.3879176,Day,F,L,A,MYSE
151.909,8443,6/3/2015,5/29/2015,16:05:51,7,30.6,AH0,217,33.4590728,Day,F,L,A,MYSE
151.909,8443,6/3/2015,5/25/2015,16:05:52,7,30.7,AH0,255,33.6181719,Day,F,L,A,MYSE
151.909,8443,6/3/2015,5/30/2015,16:05:52,7,33.8,AH0,249,37.3879176,Day,F,L,A,MYSE
151.909,8443,6/3/2015,5/29/2015,16:05:53,7,30.6,AH0,215,33.4590728,Day,F,L,A,MYSE
151.909,8443,6/3/2015,5/24/2015,16:05:54,7,31.9,AH0,255,35.3347947,Day,F,L,A,MYSE
151.909,8443,6/3/2015,5/25/2015,16:05:54,7,30.7,AH0,254,33.6181719,Day,F,L,A,MYSE
151.909,8443,6/3/2015,5/30/2015,16:05:54,7,33.8,AH0,249,37.3879176,Day,F,L,A,MYSE
151.909,8443,6/3/2015,5/24/2015,16:05:55,7,31.6,AH0,255,34.9380768,Day,F,L,A,MYSE
151.909,8443,6/3/2015,5/29/2015,16:05:55,7,30.6,AH0,218,33.4590728,Day,F,L,A,MYSE
151.909,8443,6/3/2015,5/30/2015,16:05:55,7,33.8,AH0,248,37.3879176,Day,F,L,A,MYSE
151.909,8443,6/3/2015,5/24/2015,16:05:57,7,31.6,AH0,255,34.9380768,Day,F,L,A,MYSE
151.909,8443,6/3/2015,5/30/2015,16:05:57,7,33.8,AH0,249,37.3879176,Day,F,L,A,MYSE
151.909,8443,6/3/2015,5/24/2015,16:05:59,7,31.6,AH0,255,34.9380768,Day,F,L,A,MYSE
151.909,8443,6/3/2015,5/24/2015,16:06:01,7,31.6,AH0,255,34.9380768,Day,F,L,A,MYSE
151.909,8443,6/3/2015,5/25/2015,16:06:08,7,30.5,AH0,255,33.2974125,Day,F,L,A,MYSE
151.909,8443,6/3/2015,5/29/2015,16:06:09,7,30.6,AH0,217,33.4590728,Day,F,L,A,MYSE
151.909,8443,6/3/2015,5/25/2015,16:06:10,7,30.6,AH0,255,33.4590728,Day,F,L,A,MYSE
151.909,8443,6/3/2015,5/30/2015,16:06:10,7,33.8,AH0,248,37.3879176,Day,F,L,A,MYSE
151.909,8443,6/3/2015,5/29/2015,16:06:11,7,30.6,AH0,217,33.4590728,Day,F,L,A,MYSE
151.909,8443,6/3/2015,5/30/2015,16:06:11,7,33.8,AH0,249,37.3879176,Day,F,L,A,MYSE
151.909,8443,6/3/2015,5/25/2015,16:06:12,7,30.6,AH0,255,33.4590728,Day,F,L,A,MYSE
151.909,8443,6/3/2015,5/29/2015,16:06:13,7,30.6,AH0,216,33.4590728,Day,F,L,A,MYSE
151.909,8443,6/3/2015,5/30/2015,16:06:13,7,33.8,AH0,244,37.3879176,Day,F,L,A,MYSE
151.909,8443,6/3/2015,5/24/2015,16:06:14,7,31.6,AH0,255,34.9380768,Day,F,L,A,MYSE
151.909,8443,6/3/2015,5/25/2015,16:06:14,7,30.7,AH0,255,33.6181719,Day,F,L,A,MYSE
151.909,8443,6/3/2015,5/29/2015,16:06:15,7,30.6,AH0,214,33.4590728,Day,F,L,A,MYSE
151.909,8443,6/3/2015,5/30/2015,16:06:15,7,33.8,AH0,250,37.3879176,Day,F,L,A,MYSE
151.909,8443,6/3/2015,5/24/2015,16:06:16,7,31.6,AH0,255,34.9380768,Day,F,L,A,MYSE
151.909,8443,6/3/2015,5/30/2015,16:06:17,7,33.8,AH0,249,37.3879176,Day,F,L,A,MYSE
151.909,8443,6/3/2015,5/24/2015,16:06:18,7,31.6,AH0,255,34.9380768,Day,F,L,A,MYSE
151.909,8443,6/3/2015,5/24/2015,16:06:20,7,31.6,AH0,255,34.9380768,Day,F,L,A,MYSE
151.909,8443,6/3/2015,5/29/2015,16:06:28,7,30.6,AH0,217,33.4590728,Day,F,L,A,MYSE
151.909,8443,6/3/2015,5/25/2015,16:06:29,7,30.8,AH0,255,33.7747296,Day,F,L,A,MYSE
151.909,8443,6/3/2015,5/30/2015,16:06:29,7,33.8,AH0,248,37.3879176,Day,F,L,A,MYSE
151.909,8443,6/3/2015,5/29/2015,16:06:30,7,30.6,AH0,217,33.4590728,Day,F,L,A,MYSE
151.909,8443,6/3/2015,5/25/2015,16:06:31,7,30.8,AH0,255,33.7747296,Day,F,L,A,MYSE
151.909,8443,6/3/2015,5/30/2015,16:06:31,7,33.8,AH0,250,37.3879176,Day,F,L,A,MYSE
151.909,8443,6/3/2015,5/29/2015,16:06:32,7,30.6,AH0,217,33.4590728,Day,F,L,A,MYSE
151.909,8443,6/3/2015,5/25/2015,16:06:33,7,30.8,AH0,254,33.7747296,Day,F,L,A,MYSE
151.909,8443,6/3/2015,5/30/2015,16:06:33,7,33.8,AH0,249,37.3879176,Day,F,L,A,MYSE
151.909,8443,6/3/2015,5/29/2015,16:06:34,7,30.6,AH0,217,33.4590728,Day,F,L,A,MYSE
151.909,8443,6/3/2015,5/24/2015,16:06:35,7,31.7,AH0,255,35.0726529,Day,F,L,A,MYSE
151.909,8443,6/3/2015,5/25/2015,16:06:35,7,30.8,AH0,255,33.7747296,Day,F,L,A,MYSE
151.909,8443,6/3/2015,5/30/2015,16:06:35,7,33.8,AH0,248,37.3879176,Day,F,L,A,MYSE
151.909,8443,6/3/2015,5/30/2015,16:06:36,7,33.8,AH0,250,37.3879176,Day,F,L,A,MYSE
151.909,8443,6/3/2015,5/24/2015,16:06:37,7,31.7,AH0,255,35.0726529,Day,F,L,A,MYSE
151.909,8443,6/3/2015,5/24/2015,16:06:39,7,31.7,AH0,255,35.0726529,Day,F,L,A,MYSE
151.909,8443,6/3/2015,5/24/2015,16:06:41,7,31.7,AH0,255,35.0726529,Day,F,L,A,MYSE
151.909,8443,6/3/2015,5/29/2015,16:06:48,7,30.6,AH0,217,33.4590728,Day,F,L,A,MYSE
151.909,8443,6/3/2015,5/25/2015,16:06:49,7,30.8,AH0,255,33.7747296,Day,F,L,A,MYSE
151.909,8443,6/3/2015,5/29/2015,16:06:50,7,30.6,AH0,216,33.4590728,Day,F,L,A,MYSE
151.909,8443,6/3/2015,5/25/2015,16:06:51,7,30.8,AH0,255,33.7747296,Day,F,L,A,MYSE
151.909,8443,6/3/2015,5/30/2015,16:06:51,7,33.8,AH0,249,37.3879176,Day,F,L,A,MYSE
151.909,8443,6/3/2015,5/29/2015,16:06:52,7,30.6,AH0,217,33.4590728,Day,F,L,A,MYSE
151.909,8443,6/3/2015,5/30/2015,16:06:52,7,33.8,AH0,249,37.3879176,Day,F,L,A,MYSE
151.909,8443,6/3/2015,5/25/2015,16:06:53,7,30.8,AH0,255,33.7747296,Day,F,L,A,MYSE
151.909,8443,6/3/2015,5/24/2015,16:06:54,7,31.8,AH0,255,35.2048856,Day,F,L,A,MYSE
151.909,8443,6/3/2015,5/29/2015,16:06:54,7,30.6,AH0,214,33.4590728,Day,F,L,A,MYSE
151.909,8443,6/3/2015,5/30/2015,16:06:54,7,33.8,AH0,248,37.3879176,Day,F,L,A,MYSE
151.909,8443,6/3/2015,5/25/2015,16:06:55,7,30.8,AH0,255,33.7747296,Day,F,L,A,MYSE
151.909,8443,6/3/2015,5/24/2015,16:06:56,7,31.8,AH0,255,35.2048856,Day,F,L,A,MYSE
151.909,8443,6/3/2015,5/29/2015,16:06:56,7,30.6,AH0,216,33.4590728,Day,F,L,A,MYSE
151.909,8443,6/3/2015,5/30/2015,16:06:56,7,33.8,AH0,249,37.3879176,Day,F,L,A,MYSE
151.909,8443,6/3/2015,5/24/2015,16:06:58,7,31.8,AH0,255,35.2048856,Day,F,L,A,MYSE
151.909,8443,6/3/2015,5/24/2015,16:07:00,7,31.8,AH0,255,35.2048856,Day,F,L,A,MYSE
151.909,8443,6/3/2015,5/25/2015,16:07:08,7,30.8,AH0,255,33.7747296,Day,F,L,A,MYSE
151.909,8443,6/3/2015,5/25/2015,16:07:10,7,30.9,AH0,255,33.9287657,Day,F,L,A,MYSE
151.909,8443,6/3/2015,5/29/2015,16:07:10,7,30.6,AH0,214,33.4590728,Day,F,L,A,MYSE
151.909,8443,6/3/2015,5/30/2015,16:07:10,7,33.8,AH0,249,37.3879176,Day,F,L,A,MYSE
151.909,8443,6/3/2015,5/25/2015,16:07:12,7,30.8,AH0,255,33.7747296,Day,F,L,A,MYSE
151.909,8443,6/3/2015,5/29/2015,16:07:12,7,30.6,AH0,217,33.4590728,Day,F,L,A,MYSE
151.909,8443,6/3/2015,5/30/2015,16:07:12,7,33.8,AH0,249,37.3879176,Day,F,L,A,MYSE
151.909,8443,6/3/2015,5/29/2015,16:07:13,7,30.6,AH0,218,33.4590728,Day,F,L,A,MYSE
151.909,8443,6/3/2015,5/25/2015,16:07:14,7,30.8,AH0,255,33.7747296,Day,F,L,A,MYSE
151.909,8443,6/3/2015,5/30/2015,16:07:14,7,33.8,AH0,249,37.3879176,Day,F,L,A,MYSE
151.909,8443,6/3/2015,5/24/2015,16:07:15,7,31.9,AH0,255,35.3347947,Day,F,L,A,MYSE
151.909,8443,6/3/2015,5/29/2015,16:07:15,7,30.6,AH0,215,33.4590728,Day,F,L,A,MYSE
151.909,8443,6/3/2015,5/30/2015,16:07:15,7,33.8,AH0,247,37.3879176,Day,F,L,A,MYSE
151.909,8443,6/3/2015,5/24/2015,16:07:17,7,31.9,AH0,255,35.3347947,Day,F,L,A,MYSE
151.909,8443,6/3/2015,5/30/2015,16:07:17,7,33.8,AH0,250,37.3879176,Day,F,L,A,MYSE
151.909,8443,6/3/2015,5/24/2015,16:07:19,7,31.9,AH0,255,35.3347947,Day,F,L,A,MYSE
151.909,8443,6/3/2015,5/24/2015,16:07:21,7,31.9,AH0,255,35.3347947,Day,F,L,A,MYSE
151.909,8443,6/3/2015,5/25/2015,16:07:28,7,30.9,AH0,253,33.9287657,Day,F,L,A,MYSE
151.909,8443,6/3/2015,5/29/2015,16:07:29,7,30.6,AH0,219,33.4590728,Day,F,L,A,MYSE
151.909,8443,6/3/2015,5/25/2015,16:07:30,7,30.9,AH0,255,33.9287657,Day,F,L,A,MYSE
151.909,8443,6/3/2015,5/30/2015,16:07:30,7,33.8,AH0,250,37.3879176,Day,F,L,A,MYSE
151.909,8443,6/3/2015,5/29/2015,16:07:31,7,30.7,AH0,215,33.6181719,Day,F,L,A,MYSE
151.909,8443,6/3/2015,5/30/2015,16:07:31,7,33.8,AH0,247,37.3879176,Day,F,L,A,MYSE
151.909,8443,6/3/2015,5/25/2015,16:07:32,7,30.9,AH0,255,33.9287657,Day,F,L,A,MYSE
151.909,8443,6/3/2015,5/29/2015,16:07:33,7,30.6,AH0,215,33.4590728,Day,F,L,A,MYSE
151.909,8443,6/3/2015,5/30/2015,16:07:33,7,33.8,AH0,250,37.3879176,Day,F,L,A,MYSE
151.909,8443,6/3/2015,5/24/2015,16:07:34,7,32.1,AH0,255,35.5877213,Day,F,L,A,MYSE
151.909,8443,6/3/2015,5/25/2015,16:07:34,7,30.9,AH0,255,33.9287657,Day,F,L,A,MYSE
151.909,8443,6/3/2015,5/29/2015,16:07:35,7,30.7,AH0,216,33.6181719,Day,F,L,A,MYSE
151.909,8443,6/3/2015,5/30/2015,16:07:35,7,33.8,AH0,248,37.3879176,Day,F,L,A,MYSE
151.909,8443,6/3/2015,5/24/2015,16:07:36,7,32.1,AH0,255,35.5877213,Day,F,L,A,MYSE
151.909,8443,6/3/2015,5/25/2015,16:07:36,7,30.9,AH0,255,33.9287657,Day,F,L,A,MYSE
151.909,8443,6/3/2015,5/24/2015,16:07:37,7,32.1,AH0,255,35.5877213,Day,F,L,A,MYSE
151.909,8443,6/3/2015,5/30/2015,16:07:37,7,33.8,AH0,248,37.3879176,Day,F,L,A,MYSE
151.909,8443,6/3/2015,5/24/2015,16:07:39,7,32.1,AH0,255,35.5877213,Day,F,L,A,MYSE
151.909,8443,6/3/2015,5/24/2015,16:07:41,7,32.1,AH0,255,35.5877213,Day,F,L,A,MYSE
151.909,8443,6/3/2015,5/25/2015,16:07:49,7,31.2,AH0,255,34.3759424,Day,F,L,A,MYSE
151.909,8443,6/3/2015,5/29/2015,16:07:49,7,30.7,AH0,216,33.6181719,Day,F,L,A,MYSE
151.909,8443,6/3/2015,5/30/2015,16:07:49,7,33.8,AH0,250,37.3879176,Day,F,L,A,MYSE
151.909,8443,6/3/2015,5/25/2015,16:07:51,7,31.2,AH0,255,34.3759424,Day,F,L,A,MYSE
151.909,8443,6/3/2015,5/29/2015,16:07:51,7,30.7,AH0,217,33.6181719,Day,F,L,A,MYSE
151.909,8443,6/3/2015,5/30/2015,16:07:51,7,33.8,AH0,247,37.3879176,Day,F,L,A,MYSE
151.909,8443,6/3/2015,5/25/2015,16:07:53,7,31.3,AH0,255,34.5200901,Day,F,L,A,MYSE
151.909,8443,6/3/2015,5/29/2015,16:07:53,7,30.7,AH0,216,33.6181719,Day,F,L,A,MYSE
151.909,8443,6/3/2015,5/30/2015,16:07:53,7,33.8,AH0,248,37.3879176,Day,F,L,A,MYSE
151.909,8443,6/3/2015,5/24/2015,16:07:54,7,32.1,AH0,255,35.5877213,Day,F,L,A,MYSE
151.909,8443,6/3/2015,5/30/2015,16:07:54,7,33.8,AH0,249,37.3879176,Day,F,L,A,MYSE
151.909,8443,6/3/2015,5/25/2015,16:07:55,7,31.3,AH0,255,34.5200901,Day,F,L,A,MYSE
151.909,8443,6/3/2015,5/29/2015,16:07:55,7,30.7,AH0,214,33.6181719,Day,F,L,A,MYSE
151.909,8443,6/3/2015,5/24/2015,16:07:56,7,32.2,AH0,255,35.7107784,Day,F,L,A,MYSE
151.909,8443,6/3/2015,5/30/2015,16:07:56,7,33.8,AH0,248,37.3879176,Day,F,L,A,MYSE
151.909,8443,6/3/2015,5/24/2015,16:07:58,7,32.2,AH0,255,35.7107784,Day,F,L,A,MYSE
151.909,8443,6/3/2015,5/24/2015,16:08:00,7,32.2,AH0,255,35.7107784,Day,F,L,A,MYSE
151.909,8443,6/3/2015,5/25/2015,16:08:08,7,31.3,AH0,255,34.5200901,Day,F,L,A,MYSE
151.909,8443,6/3/2015,5/29/2015,16:08:08,7,30.7,AH0,216,33.6181719,Day,F,L,A,MYSE
151.909,8443,6/3/2015,5/25/2015,16:08:10,7,31.3,AH0,255,34.5200901,Day,F,L,A,MYSE
151.909,8443,6/3/2015,5/29/2015,16:08:10,7,30.7,AH0,214,33.6181719,Day,F,L,A,MYSE
151.909,8443,6/3/2015,5/30/2015,16:08:10,7,33.9,AH0,248,37.4755127,Day,F,L,A,MYSE
151.909,8443,6/3/2015,5/25/2015,16:08:12,7,31.4,AH0,255,34.6618152,Day,F,L,A,MYSE
151.909,8443,6/3/2015,5/29/2015,16:08:12,7,30.7,AH0,215,33.6181719,Day,F,L,A,MYSE
151.909,8443,6/3/2015,5/30/2015,16:08:12,7,33.8,AH0,250,37.3879176,Day,F,L,A,MYSE
151.909,8443,6/3/2015,5/25/2015,16:08:14,7,31.5,AH0,255,34.8011375,Day,F,L,A,MYSE
151.909,8443,6/3/2015,5/29/2015,16:08:14,7,30.7,AH0,216,33.6181719,Day,F,L,A,MYSE
151.909,8443,6/3/2015,5/30/2015,16:08:14,7,33.9,AH0,249,37.4755127,Day,F,L,A,MYSE
151.909,8443,6/3/2015,5/24/2015,16:08:15,7,32.1,AH0,255,35.5877213,Day,F,L,A,MYSE
151.909,8443,6/3/2015,5/30/2015,16:08:16,7,33.9,AH0,248,37.4755127,Day,F,L,A,MYSE
151.909,8443,6/3/2015,5/24/2015,16:08:17,7,32.2,AH0,255,35.7107784,Day,F,L,A,MYSE
151.909,8443,6/3/2015,5/24/2015,16:08:18,7,32.1,AH0,255,35.5877213,Day,F,L,A,MYSE
151.909,8443,6/3/2015,5/24/2015,16:08:20,7,32.1,AH0,255,35.5877213,Day,F,L,A,MYSE
151.909,8443,6/3/2015,5/29/2015,16:08:28,7,30.7,AH0,215,33.6181719,Day,F,L,A,MYSE
151.909,8443,6/3/2015,5/25/2015,16:08:29,7,32.1,AH0,255,35.5877213,Day,F,L,A,MYSE
151.909,8443,6/3/2015,5/29/2015,16:08:30,7,30.7,AH0,217,33.6181719,Day,F,L,A,MYSE
151.909,8443,6/3/2015,5/30/2015,16:08:30,7,33.9,AH0,248,37.4755127,Day,F,L,A,MYSE
151.909,8443,6/3/2015,5/25/2015,16:08:31,7,32.2,AH0,255,35.7107784,Day,F,L,A,MYSE
151.909,8443,6/3/2015,5/29/2015,16:08:32,7,30.7,AH0,215,33.6181719,Day,F,L,A,MYSE
151.909,8443,6/3/2015,5/30/2015,16:08:32,7,33.9,AH0,246,37.4755127,Day,F,L,A,MYSE
151.909,8443,6/3/2015,5/25/2015,16:08:33,7,32.2,AH0,255,35.7107784,Day,F,L,A,MYSE
151.909,8443,6/3/2015,5/30/2015,16:08:33,7,33.9,AH0,248,37.4755127,Day,F,L,A,MYSE
151.909,8443,6/3/2015,5/29/2015,16:08:34,7,30.7,AH0,216,33.6181719,Day,F,L,A,MYSE
151.909,8443,6/3/2015,5/24/2015,16:08:35,7,32.1,AH0,255,35.5877213,Day,F,L,A,MYSE
151.909,8443,6/3/2015,5/25/2015,16:08:35,7,32.3,AH0,255,35.8315911,Day,F,L,A,MYSE
151.909,8443,6/3/2015,5/30/2015,16:08:35,7,33.9,AH0,247,37.4755127,Day,F,L,A,MYSE
151.909,8443,6/3/2015,5/29/2015,16:08:36,7,30.7,AH0,217,33.6181719,Day,F,L,A,MYSE
151.909,8443,6/3/2015,5/24/2015,16:08:37,7,32,AH0,255,35.4624,Day,F,L,A,MYSE
151.909,8443,6/3/2015,5/30/2015,16:08:37,7,33.9,AH0,248,37.4755127,Day,F,L,A,MYSE
151.909,8443,6/3/2015,5/24/2015,16:08:39,7,32,AH0,255,35.4624,Day,F,L,A,MYSE
151.909,8443,6/3/2015,5/24/2015,16:08:41,7,32,AH0,255,35.4624,Day,F,L,A,MYSE
151.909,8443,6/3/2015,5/25/2015,16:08:48,7,32.5,AH0,255,36.0665625,Day,F,L,A,MYSE
151.909,8443,6/3/2015,5/25/2015,16:08:49,7,32.4,AH0,255,35.9501792,Day,F,L,A,MYSE
151.909,8443,6/3/2015,5/29/2015,16:08:49,7,30.7,AH0,218,33.6181719,Day,F,L,A,MYSE
151.909,8443,6/3/2015,5/30/2015,16:08:49,7,33.9,AH0,246,37.4755127,Day,F,L,A,MYSE
151.909,8443,6/3/2015,5/25/2015,16:08:51,7,32.4,AH0,255,35.9501792,Day,F,L,A,MYSE
151.909,8443,6/3/2015,5/29/2015,16:08:51,7,30.7,AH0,217,33.6181719,Day,F,L,A,MYSE
151.909,8443,6/3/2015,5/30/2015,16:08:51,7,33.9,AH0,246,37.4755127,Day,F,L,A,MYSE
151.909,8443,6/3/2015,5/25/2015,16:08:53,7,32.3,AH0,255,35.8315911,Day,F,L,A,MYSE
151.909,8443,6/3/2015,5/29/2015,16:08:53,7,30.7,AH0,217,33.6181719,Day,F,L,A,MYSE
151.909,8443,6/3/2015,5/30/2015,16:08:53,7,33.9,AH0,250,37.4755127,Day,F,L,A,MYSE
151.909,8443,6/3/2015,5/24/2015,16:08:54,7,32.1,AH0,255,35.5877213,Day,F,L,A,MYSE
151.909,8443,6/3/2015,5/25/2015,16:08:55,7,32.2,AH0,255,35.7107784,Day,F,L,A,MYSE
151.909,8443,6/3/2015,5/29/2015,16:08:55,7,30.7,AH0,216,33.6181719,Day,F,L,A,MYSE
151.909,8443,6/3/2015,5/30/2015,16:08:55,7,33.9,AH0,249,37.4755127,Day,F,L,A,MYSE
151.909,8443,6/3/2015,5/24/2015,16:08:56,7,32.1,AH0,255,35.5877213,Day,F,L,A,MYSE
151.909,8443,6/3/2015,5/30/2015,16:08:56,7,33.9,AH0,248,37.4755127,Day,F,L,A,MYSE
151.909,8443,6/3/2015,5/24/2015,16:08:58,7,32.1,AH0,255,35.5877213,Day,F,L,A,MYSE
151.909,8443,6/3/2015,5/24/2015,16:09:00,7,32.1,AH0,255,35.5877213,Day,F,L,A,MYSE
151.909,8443,6/3/2015,5/24/2015,16:09:02,7,32.2,AH0,255,35.7107784,Day,F,L,A,MYSE
151.909,8443,6/3/2015,5/25/2015,16:09:08,7,31.8,AH0,255,35.2048856,Day,F,L,A,MYSE
151.909,8443,6/3/2015,5/29/2015,16:09:09,7,30.7,AH0,219,33.6181719,Day,F,L,A,MYSE
151.909,8443,6/3/2015,5/25/2015,16:09:10,7,31.7,AH0,255,35.0726529,Day,F,L,A,MYSE
151.909,8443,6/3/2015,5/29/2015,16:09:11,7,30.7,AH0,218,33.6181719,Day,F,L,A,MYSE
151.909,8443,6/3/2015,5/30/2015,16:09:11,7,33.9,AH0,249,37.4755127,Day,F,L,A,MYSE
151.909,8443,6/3/2015,5/25/2015,16:09:12,7,31.6,AH0,255,34.9380768,Day,F,L,A,MYSE
151.909,8443,6/3/2015,5/30/2015,16:09:12,7,33.9,AH0,247,37.4755127,Day,F,L,A,MYSE
151.909,8443,6/3/2015,5/29/2015,16:09:13,7,30.7,AH0,219,33.6181719,Day,F,L,A,MYSE
151.909,8443,6/3/2015,5/25/2015,16:09:14,7,31.6,AH0,255,34.9380768,Day,F,L,A,MYSE
151.909,8443,6/3/2015,5/30/2015,16:09:14,7,33.9,AH0,248,37.4755127,Day,F,L,A,MYSE
151.909,8443,6/3/2015,5/24/2015,16:09:15,7,32.1,AH0,255,35.5877213,Day,F,L,A,MYSE
151.909,8443,6/3/2015,5/29/2015,16:09:15,7,30.7,AH0,219,33.6181719,Day,F,L,A,MYSE
151.909,8443,6/3/2015,5/24/2015,16:09:16,7,32.1,AH0,255,35.5877213,Day,F,L,A,MYSE
151.909,8443,6/3/2015,5/30/2015,16:09:16,7,33.9,AH0,248,37.4755127,Day,F,L,A,MYSE
151.909,8443,6/3/2015,5/24/2015,16:09:18,7,32.1,AH0,255,35.5877213,Day,F,L,A,MYSE
151.909,8443,6/3/2015,5/24/2015,16:09:20,7,32.1,AH0,255,35.5877213,Day,F,L,A,MYSE
151.909,8443,6/3/2015,5/25/2015,16:09:29,7,31.7,AH0,255,35.0726529,Day,F,L,A,MYSE
151.909,8443,6/3/2015,5/28/2015,16:09:29,7,15.5,AH0,46,-31.3184625,Day,F,L,A,MYSE
151.909,8443,6/3/2015,5/29/2015,16:09:29,7,30.7,AH0,217,33.6181719,Day,F,L,A,MYSE
151.909,8443,6/3/2015,5/30/2015,16:09:29,7,33.9,AH0,248,37.4755127,Day,F,L,A,MYSE
151.909,8443,6/3/2015,5/29/2015,16:09:30,7,30.7,AH0,217,33.6181719,Day,F,L,A,MYSE
151.909,8443,6/3/2015,5/25/2015,16:09:31,7,31.7,AH0,255,35.0726529,Day,F,L,A,MYSE
151.909,8443,6/3/2015,5/30/2015,16:09:31,7,33.9,AH0,248,37.4755127,Day,F,L,A,MYSE
151.909,8443,6/3/2015,5/29/2015,16:09:32,7,30.7,AH0,218,33.6181719,Day,F,L,A,MYSE
151.909,8443,6/3/2015,5/25/2015,16:09:33,7,31.7,AH0,255,35.0726529,Day,F,L,A,MYSE
151.909,8443,6/3/2015,5/30/2015,16:09:33,7,33.9,AH0,249,37.4755127,Day,F,L,A,MYSE
151.909,8443,6/3/2015,5/29/2015,16:09:34,7,30.7,AH0,217,33.6181719,Day,F,L,A,MYSE
151.909,8443,6/3/2015,5/30/2015,16:09:34,7,33.9,AH0,250,37.4755127,Day,F,L,A,MYSE
151.909,8443,6/3/2015,5/24/2015,16:09:35,7,32.1,AH0,255,35.5877213,Day,F,L,A,MYSE
151.909,8443,6/3/2015,5/25/2015,16:09:35,7,31.7,AH0,255,35.0726529,Day,F,L,A,MYSE
151.909,8443,6/3/2015,5/30/2015,16:09:36,7,34,AH0,248,37.5612,Day,F,L,A,MYSE
151.909,8443,6/3/2015,5/24/2015,16:09:37,7,32.1,AH0,255,35.5877213,Day,F,L,A,MYSE
151.909,8443,6/3/2015,5/24/2015,16:09:39,7,32.1,AH0,255,35.5877213,Day,F,L,A,MYSE
151.909,8443,6/3/2015,5/24/2015,16:09:41,7,32.1,AH0,255,35.5877213,Day,F,L,A,MYSE
151.909,8443,6/3/2015,5/28/2015,16:09:44,7,31,AH0,44,34.0803,Day,F,L,A,MYSE
151.909,8443,6/3/2015,5/25/2015,16:09:48,7,31.4,AH0,255,34.6618152,Day,F,L,A,MYSE
151.909,8443,6/3/2015,5/28/2015,16:09:48,7,15.5,AH0,43,-31.3184625,Day,F,L,A,MYSE
151.909,8443,6/3/2015,5/29/2015,16:09:48,7,30.7,AH0,219,33.6181719,Day,F,L,A,MYSE
151.909,8443,6/3/2015,5/30/2015,16:09:49,7,34,AH0,248,37.5612,Day,F,L,A,MYSE
151.909,8443,6/3/2015,5/25/2015,16:09:50,7,31.4,AH0,255,34.6618152,Day,F,L,A,MYSE
151.909,8443,6/3/2015,5/29/2015,16:09:50,7,30.7,AH0,216,33.6181719,Day,F,L,A,MYSE
151.909,8443,6/3/2015,5/30/2015,16:09:50,7,33.9,AH0,248,37.4755127,Day,F,L,A,MYSE
151.909,8443,6/3/2015,5/28/2015,16:09:51,7,15.5,AH0,34,-31.3184625,Day,F,L,A,MYSE
151.909,8443,6/3/2015,5/25/2015,16:09:52,7,31.3,AH0,255,34.5200901,Day,F,L,A,MYSE
151.909,8443,6/3/2015,5/29/2015,16:09:52,7,30.7,AH0,216,33.6181719,Day,F,L,A,MYSE
151.909,8443,6/3/2015,5/30/2015,16:09:52,7,34,AH0,247,37.5612,Day,F,L,A,MYSE
151.909,8443,6/3/2015,5/24/2015,16:09:54,7,32.1,AH0,255,35.5877213,Day,F,L,A,MYSE
151.909,8443,6/3/2015,5/25/2015,16:09:54,7,31.3,AH0,255,34.5200901,Day,F,L,A,MYSE
151.909,8443,6/3/2015,5/29/2015,16:09:54,7,30.7,AH0,218,33.6181719,Day,F,L,A,MYSE
151.909,8443,6/3/2015,5/30/2015,16:09:54,7,33.9,AH0,248,37.4755127,Day,F,L,A,MYSE
151.909,8443,6/3/2015,5/24/2015,16:09:56,7,32.1,AH0,255,35.5877213,Day,F,L,A,MYSE
151.909,8443,6/3/2015,5/30/2015,16:09:56,7,34,AH0,248,37.5612,Day,F,L,A,MYSE
151.909,8443,6/3/2015,5/24/2015,16:09:58,7,32.1,AH0,255,35.5877213,Day,F,L,A,MYSE
151.909,8443,6/3/2015,5/24/2015,16:09:59,7,32.1,AH0,255,35.5877213,Day,F,L,A,MYSE
151.909,8443,6/3/2015,5/24/2015,16:10:01,7,32.1,AH0,255,35.5877213,Day,F,L,A,MYSE
151.909,8443,6/3/2015,5/25/2015,16:10:09,7,31.1,AH0,255,34.2293523,Day,F,L,A,MYSE
151.909,8443,6/3/2015,5/29/2015,16:10:10,7,30.7,AH0,216,33.6181719,Day,F,L,A,MYSE
151.909,8443,6/3/2015,5/30/2015,16:10:10,7,34,AH0,251,37.5612,Day,F,L,A,MYSE
151.909,8443,6/3/2015,5/25/2015,16:10:11,7,31.1,AH0,255,34.2293523,Day,F,L,A,MYSE
151.909,8443,6/3/2015,5/29/2015,16:10:12,7,30.7,AH0,219,33.6181719,Day,F,L,A,MYSE
151.909,8443,6/3/2015,5/30/2015,16:10:12,7,33.9,AH0,250,37.4755127,Day,F,L,A,MYSE
151.909,8443,6/3/2015,5/25/2015,16:10:13,7,31.1,AH0,255,34.2293523,Day,F,L,A,MYSE
151.909,8443,6/3/2015,5/29/2015,16:10:13,7,30.7,AH0,216,33.6181719,Day,F,L,A,MYSE
151.909,8443,6/3/2015,5/30/2015,16:10:13,7,34,AH0,248,37.5612,Day,F,L,A,MYSE
151.909,8443,6/3/2015,5/24/2015,16:10:14,7,32.1,AH0,255,35.5877213,Day,F,L,A,MYSE
151.909,8443,6/3/2015,5/25/2015,16:10:15,7,31,AH0,255,34.0803,Day,F,L,A,MYSE
151.909,8443,6/3/2015,5/29/2015,16:10:15,7,30.7,AH0,215,33.6181719,Day,F,L,A,MYSE
151.909,8443,6/3/2015,5/30/2015,16:10:15,7,33.9,AH0,252,37.4755127,Day,F,L,A,MYSE
151.909,8443,6/3/2015,5/24/2015,16:10:16,7,32.1,AH0,255,35.5877213,Day,F,L,A,MYSE
151.909,8443,6/3/2015,5/24/2015,16:10:18,7,32.1,AH0,255,35.5877213,Day,F,L,A,MYSE
151.909,8443,6/3/2015,5/24/2015,16:10:20,7,32,AH0,255,35.4624,Day,F,L,A,MYSE
151.909,8443,6/3/2015,5/25/2015,16:10:29,7,30.9,AH0,255,33.9287657,Day,F,L,A,MYSE
151.909,8443,6/3/2015,5/29/2015,16:10:29,7,30.7,AH0,217,33.6181719,Day,F,L,A,MYSE
151.909,8443,6/3/2015,5/30/2015,16:10:29,7,33.9,AH0,251,37.4755127,Day,F,L,A,MYSE
151.909,8443,6/3/2015,5/25/2015,16:10:30,7,30.9,AH0,255,33.9287657,Day,F,L,A,MYSE
151.909,8443,6/3/2015,5/29/2015,16:10:31,7,30.7,AH0,218,33.6181719,Day,F,L,A,MYSE
151.909,8443,6/3/2015,5/30/2015,16:10:31,7,33.9,AH0,250,37.4755127,Day,F,L,A,MYSE
151.909,8443,6/3/2015,5/25/2015,16:10:32,7,30.9,AH0,255,33.9287657,Day,F,L,A,MYSE
151.909,8443,6/3/2015,5/29/2015,16:10:33,7,30.7,AH0,218,33.6181719,Day,F,L,A,MYSE
151.909,8443,6/3/2015,5/30/2015,16:10:33,7,33.9,AH0,250,37.4755127,Day,F,L,A,MYSE
151.909,8443,6/3/2015,5/25/2015,16:10:34,7,30.9,AH0,255,33.9287657,Day,F,L,A,MYSE
151.909,8443,6/3/2015,5/24/2015,16:10:35,7,31.9,AH0,255,35.3347947,Day,F,L,A,MYSE
151.909,8443,6/3/2015,5/29/2015,16:10:35,7,30.7,AH0,216,33.6181719,Day,F,L,A,MYSE
151.909,8443,6/3/2015,5/30/2015,16:10:35,7,33.9,AH0,251,37.4755127,Day,F,L,A,MYSE
151.909,8443,6/3/2015,5/24/2015,16:10:37,7,31.9,AH0,255,35.3347947,Day,F,L,A,MYSE
151.909,8443,6/3/2015,5/24/2015,16:10:39,7,31.9,AH0,255,35.3347947,Day,F,L,A,MYSE
151.909,8443,6/3/2015,5/24/2015,16:10:41,7,31.9,AH0,255,35.3347947,Day,F,L,A,MYSE
151.909,8443,6/3/2015,5/25/2015,16:10:48,7,30.8,AH0,255,33.7747296,Day,F,L,A,MYSE
151.909,8443,6/3/2015,5/28/2015,16:10:49,7,15.5,AH0,44,-31.3184625,Day,F,L,A,MYSE
151.909,8443,6/3/2015,5/29/2015,16:10:49,7,30.7,AH0,214,33.6181719,Day,F,L,A,MYSE
151.909,8443,6/3/2015,5/30/2015,16:10:49,7,34,AH0,248,37.5612,Day,F,L,A,MYSE
151.909,8443,6/3/2015,5/25/2015,16:10:50,7,30.8,AH0,255,33.7747296,Day,F,L,A,MYSE
151.909,8443,6/3/2015,5/30/2015,16:10:50,7,33.9,AH0,250,37.4755127,Day,F,L,A,MYSE
151.909,8443,6/3/2015,5/28/2015,16:10:51,7,31.1,AH0,14,34.2293523,Day,F,L,A,MYSE
151.909,8443,6/3/2015,5/29/2015,16:10:51,7,30.7,AH0,216,33.6181719,Day,F,L,A,MYSE
151.909,8443,6/3/2015,5/25/2015,16:10:52,7,30.8,AH0,255,33.7747296,Day,F,L,A,MYSE
151.909,8443,6/3/2015,5/30/2015,16:10:52,7,33.9,AH0,250,37.4755127,Day,F,L,A,MYSE
151.909,8443,6/3/2015,5/29/2015,16:10:53,7,30.7,AH0,216,33.6181719,Day,F,L,A,MYSE
151.909,8443,6/3/2015,5/24/2015,16:10:54,7,31.8,AH0,255,35.2048856,Day,F,L,A,MYSE
151.909,8443,6/3/2015,5/25/2015,16:10:54,7,30.8,AH0,255,33.7747296,Day,F,L,A,MYSE
151.909,8443,6/3/2015,5/29/2015,16:10:54,7,30.7,AH0,214,33.6181719,Day,F,L,A,MYSE
151.909,8443,6/3/2015,5/30/2015,16:10:54,7,33.9,AH0,251,37.4755127,Day,F,L,A,MYSE
151.909,8443,6/3/2015,5/24/2015,16:10:56,7,31.8,AH0,255,35.2048856,Day,F,L,A,MYSE
151.909,8443,6/3/2015,5/30/2015,16:10:56,7,33.9,AH0,249,37.4755127,Day,F,L,A,MYSE
151.909,8443,6/3/2015,5/24/2015,16:10:58,7,31.8,AH0,255,35.2048856,Day,F,L,A,MYSE
151.909,8443,6/3/2015,5/24/2015,16:11:00,7,31.8,AH0,255,35.2048856,Day,F,L,A,MYSE
151.909,8443,6/3/2015,5/24/2015,16:11:01,7,31.8,AH0,255,35.2048856,Day,F,L,A,MYSE
151.909,8443,6/3/2015,5/25/2015,16:11:07,7,30.9,AH0,255,33.9287657,Day,F,L,A,MYSE
151.909,8443,6/3/2015,5/29/2015,16:11:08,7,30.7,AH0,215,33.6181719,Day,F,L,A,MYSE
151.909,8443,6/3/2015,5/30/2015,16:11:08,7,33.9,AH0,245,37.4755127,Day,F,L,A,MYSE
151.909,8443,6/3/2015,5/25/2015,16:11:09,7,30.8,AH0,255,33.7747296,Day,F,L,A,MYSE
151.909,8443,6/3/2015,5/29/2015,16:11:10,7,30.7,AH0,217,33.6181719,Day,F,L,A,MYSE
151.909,8443,6/3/2015,5/30/2015,16:11:10,7,33.9,AH0,248,37.4755127,Day,F,L,A,MYSE
151.909,8443,6/3/2015,5/25/2015,16:11:11,7,30.8,AH0,255,33.7747296,Day,F,L,A,MYSE
151.909,8443,6/3/2015,5/29/2015,16:11:12,7,30.7,AH0,218,33.6181719,Day,F,L,A,MYSE
151.909,8443,6/3/2015,5/30/2015,16:11:12,7,33.9,AH0,248,37.4755127,Day,F,L,A,MYSE
151.909,8443,6/3/2015,5/25/2015,16:11:13,7,30.8,AH0,255,33.7747296,Day,F,L,A,MYSE
151.909,8443,6/3/2015,5/30/2015,16:11:13,7,33.9,AH0,247,37.4755127,Day,F,L,A,MYSE
151.909,8443,6/3/2015,5/29/2015,16:11:14,7,30.7,AH0,215,33.6181719,Day,F,L,A,MYSE
151.909,8443,6/3/2015,5/24/2015,16:11:15,7,31.7,AH0,255,35.0726529,Day,F,L,A,MYSE
151.909,8443,6/3/2015,5/25/2015,16:11:15,7,30.8,AH0,255,33.7747296,Day,F,L,A,MYSE
151.909,8443,6/3/2015,5/30/2015,16:11:15,7,33.9,AH0,247,37.4755127,Day,F,L,A,MYSE
151.909,8443,6/3/2015,5/24/2015,16:11:17,7,31.7,AH0,255,35.0726529,Day,F,L,A,MYSE
151.909,8443,6/3/2015,5/24/2015,16:11:18,7,31.7,AH0,255,35.0726529,Day,F,L,A,MYSE
151.909,8443,6/3/2015,5/24/2015,16:11:20,7,31.7,AH0,255,35.0726529,Day,F,L,A,MYSE
151.909,8443,6/3/2015,5/25/2015,16:11:29,7,30.8,AH0,255,33.7747296,Day,F,L,A,MYSE
151.909,8443,6/3/2015,5/30/2015,16:11:29,7,33.9,AH0,248,37.4755127,Day,F,L,A,MYSE
151.909,8443,6/3/2015,5/29/2015,16:11:30,7,30.7,AH0,215,33.6181719,Day,F,L,A,MYSE
151.909,8443,6/3/2015,5/25/2015,16:11:31,7,30.8,AH0,255,33.7747296,Day,F,L,A,MYSE
151.909,8443,6/3/2015,5/30/2015,16:11:31,7,33.9,AH0,248,37.4755127,Day,F,L,A,MYSE
151.909,8443,6/3/2015,5/29/2015,16:11:32,7,30.7,AH0,216,33.6181719,Day,F,L,A,MYSE
151.909,8443,6/3/2015,5/25/2015,16:11:33,7,30.8,AH0,255,33.7747296,Day,F,L,A,MYSE
151.909,8443,6/3/2015,5/30/2015,16:11:33,7,33.9,AH0,248,37.4755127,Day,F,L,A,MYSE
151.909,8443,6/3/2015,5/24/2015,16:11:34,7,31.6,AH0,255,34.9380768,Day,F,L,A,MYSE
151.909,8443,6/3/2015,5/29/2015,16:11:34,7,30.7,AH0,215,33.6181719,Day,F,L,A,MYSE
151.909,8443,6/3/2015,5/25/2015,16:11:35,7,30.8,AH0,255,33.7747296,Day,F,L,A,MYSE
151.909,8443,6/3/2015,5/30/2015,16:11:35,7,33.9,AH0,247,37.4755127,Day,F,L,A,MYSE
151.909,8443,6/3/2015,5/24/2015,16:11:36,7,31.6,AH0,255,34.9380768,Day,F,L,A,MYSE
151.909,8443,6/3/2015,5/29/2015,16:11:36,7,30.7,AH0,216,33.6181719,Day,F,L,A,MYSE
151.909,8443,6/3/2015,5/24/2015,16:11:37,7,31.6,AH0,255,34.9380768,Day,F,L,A,MYSE
151.909,8443,6/3/2015,5/24/2015,16:11:39,7,31.6,AH0,255,34.9380768,Day,F,L,A,MYSE
151.909,8443,6/3/2015,5/24/2015,16:11:41,7,31.6,AH0,255,34.9380768,Day,F,L,A,MYSE
151.909,8443,6/3/2015,5/25/2015,16:11:48,7,30.8,AH0,255,33.7747296,Day,F,L,A,MYSE
151.909,8443,6/3/2015,5/29/2015,16:11:49,7,30.7,AH0,216,33.6181719,Day,F,L,A,MYSE
151.909,8443,6/3/2015,5/30/2015,16:11:49,7,33.9,AH0,248,37.4755127,Day,F,L,A,MYSE
151.909,8443,6/3/2015,5/25/2015,16:11:50,7,30.8,AH0,255,33.7747296,Day,F,L,A,MYSE
151.909,8443,6/3/2015,5/29/2015,16:11:51,7,30.7,AH0,219,33.6181719,Day,F,L,A,MYSE
151.909,8443,6/3/2015,5/30/2015,16:11:51,7,33.9,AH0,249,37.4755127,Day,F,L,A,MYSE
151.909,8443,6/3/2015,5/25/2015,16:11:52,7,30.8,AH0,255,33.7747296,Day,F,L,A,MYSE
151.909,8443,6/3/2015,5/30/2015,16:11:52,7,33.9,AH0,247,37.4755127,Day,F,L,A,MYSE
151.909,8443,6/3/2015,5/29/2015,16:11:53,7,30.7,AH0,217,33.6181719,Day,F,L,A,MYSE
151.909,8443,6/3/2015,5/25/2015,16:11:54,7,30.8,AH0,255,33.7747296,Day,F,L,A,MYSE
151.909,8443,6/3/2015,5/30/2015,16:11:54,7,33.9,AH0,249,37.4755127,Day,F,L,A,MYSE
151.909,8443,6/3/2015,5/24/2015,16:11:55,7,31.4,AH0,255,34.6618152,Day,F,L,A,MYSE
151.909,8443,6/3/2015,5/29/2015,16:11:55,7,30.7,AH0,219,33.6181719,Day,F,L,A,MYSE
151.909,8443,6/3/2015,5/30/2015,16:11:56,7,33.9,AH0,248,37.4755127,Day,F,L,A,MYSE
151.909,8443,6/3/2015,5/24/2015,16:11:57,7,31.4,AH0,255,34.6618152,Day,F,L,A,MYSE
151.909,8443,6/3/2015,5/24/2015,16:11:58,7,31.4,AH0,255,34.6618152,Day,F,L,A,MYSE
151.909,8443,6/3/2015,5/24/2015,16:12:00,7,31.4,AH0,255,34.6618152,Day,F,L,A,MYSE
151.909,8443,6/3/2015,5/25/2015,16:12:08,7,30.7,AH0,255,33.6181719,Day,F,L,A,MYSE
151.909,8443,6/3/2015,5/30/2015,16:12:08,7,33.9,AH0,248,37.4755127,Day,F,L,A,MYSE
151.909,8443,6/3/2015,5/29/2015,16:12:09,7,30.7,AH0,214,33.6181719,Day,F,L,A,MYSE
151.909,8443,6/3/2015,5/25/2015,16:12:10,7,30.7,AH0,255,33.6181719,Day,F,L,A,MYSE
151.909,8443,6/3/2015,5/30/2015,16:12:10,7,33.9,AH0,248,37.4755127,Day,F,L,A,MYSE
151.909,8443,6/3/2015,5/29/2015,16:12:11,7,30.7,AH0,217,33.6181719,Day,F,L,A,MYSE
151.909,8443,6/3/2015,5/25/2015,16:12:12,7,30.7,AH0,255,33.6181719,Day,F,L,A,MYSE
151.909,8443,6/3/2015,5/30/2015,16:12:12,7,33.9,AH0,246,37.4755127,Day,F,L,A,MYSE
151.909,8443,6/3/2015,5/29/2015,16:12:13,7,30.7,AH0,215,33.6181719,Day,F,L,A,MYSE
151.909,8443,6/3/2015,5/24/2015,16:12:14,7,31.3,AH0,255,34.5200901,Day,F,L,A,MYSE
151.909,8443,6/3/2015,5/25/2015,16:12:14,7,30.7,AH0,255,33.6181719,Day,F,L,A,MYSE
151.909,8443,6/3/2015,5/30/2015,16:12:14,7,33.9,AH0,248,37.4755127,Day,F,L,A,MYSE
151.909,8443,6/3/2015,5/29/2015,16:12:15,7,30.8,AH0,215,33.7747296,Day,F,L,A,MYSE
151.909,8443,6/3/2015,5/30/2015,16:12:15,7,33.9,AH0,248,37.4755127,Day,F,L,A,MYSE
151.909,8443,6/3/2015,5/24/2015,16:12:16,7,31.3,AH0,255,34.5200901,Day,F,L,A,MYSE
151.909,8443,6/3/2015,5/24/2015,16:12:18,7,31.3,AH0,255,34.5200901,Day,F,L,A,MYSE
151.909,8443,6/3/2015,5/24/2015,16:12:19,7,31.3,AH0,255,34.5200901,Day,F,L,A,MYSE
151.909,8443,6/3/2015,5/24/2015,16:12:21,7,31.3,AH0,255,34.5200901,Day,F,L,A,MYSE
151.909,8443,6/3/2015,5/25/2015,16:12:27,7,30.8,AH0,255,33.7747296,Day,F,L,A,MYSE
151.909,8443,6/3/2015,5/29/2015,16:12:28,7,30.7,AH0,218,33.6181719,Day,F,L,A,MYSE
151.909,8443,6/3/2015,5/25/2015,16:12:29,7,30.7,AH0,255,33.6181719,Day,F,L,A,MYSE
151.909,8443,6/3/2015,5/29/2015,16:12:30,7,30.8,AH0,217,33.7747296,Day,F,L,A,MYSE
151.909,8443,6/3/2015,5/30/2015,16:12:30,7,33.9,AH0,249,37.4755127,Day,F,L,A,MYSE
151.909,8443,6/3/2015,5/25/2015,16:12:31,7,30.7,AH0,255,33.6181719,Day,F,L,A,MYSE
151.909,8443,6/3/2015,5/30/2015,16:12:31,7,34,AH0,250,37.5612,Day,F,L,A,MYSE
151.909,8443,6/3/2015,5/29/2015,16:12:32,7,30.7,AH0,217,33.6181719,Day,F,L,A,MYSE
151.909,8443,6/3/2015,5/25/2015,16:12:33,7,30.7,AH0,255,33.6181719,Day,F,L,A,MYSE
151.909,8443,6/3/2015,5/30/2015,16:12:33,7,33.9,AH0,247,37.4755127,Day,F,L,A,MYSE
151.909,8443,6/3/2015,5/29/2015,16:12:34,7,30.8,AH0,217,33.7747296,Day,F,L,A,MYSE
151.909,8443,6/3/2015,5/24/2015,16:12:35,7,31.3,AH0,255,34.5200901,Day,F,L,A,MYSE
151.909,8443,6/3/2015,5/25/2015,16:12:35,7,30.7,AH0,255,33.6181719,Day,F,L,A,MYSE
151.909,8443,6/3/2015,5/30/2015,16:12:35,7,34,AH0,248,37.5612,Day,F,L,A,MYSE
151.909,8443,6/3/2015,5/24/2015,16:12:37,7,31.3,AH0,255,34.5200901,Day,F,L,A,MYSE
151.909,8443,6/3/2015,5/24/2015,16:12:39,7,31.3,AH0,255,34.5200901,Day,F,L,A,MYSE
151.909,8443,6/3/2015,5/24/2015,16:12:41,7,31.3,AH0,255,34.5200901,Day,F,L,A,MYSE
151.909,8443,6/3/2015,5/25/2015,16:12:49,7,30.7,AH0,255,33.6181719,Day,F,L,A,MYSE
151.909,8443,6/3/2015,5/30/2015,16:12:49,7,34,AH0,246,37.5612,Day,F,L,A,MYSE
151.909,8443,6/3/2015,5/29/2015,16:12:50,7,30.8,AH0,218,33.7747296,Day,F,L,A,MYSE
151.909,8443,6/3/2015,5/25/2015,16:12:51,7,30.7,AH0,255,33.6181719,Day,F,L,A,MYSE
151.909,8443,6/3/2015,5/30/2015,16:12:51,7,34,AH0,247,37.5612,Day,F,L,A,MYSE
151.909,8443,6/3/2015,5/29/2015,16:12:52,7,30.8,AH0,215,33.7747296,Day,F,L,A,MYSE
151.909,8443,6/3/2015,5/30/2015,16:12:52,7,34,AH0,249,37.5612,Day,F,L,A,MYSE
151.909,8443,6/3/2015,5/25/2015,16:12:53,7,30.7,AH0,255,33.6181719,Day,F,L,A,MYSE
151.909,8443,6/3/2015,5/24/2015,16:12:54,7,31.3,AH0,255,34.5200901,Day,F,L,A,MYSE
151.909,8443,6/3/2015,5/29/2015,16:12:54,7,30.8,AH0,218,33.7747296,Day,F,L,A,MYSE
151.909,8443,6/3/2015,5/30/2015,16:12:54,7,34,AH0,250,37.5612,Day,F,L,A,MYSE
151.909,8443,6/3/2015,5/25/2015,16:12:55,7,30.7,AH0,255,33.6181719,Day,F,L,A,MYSE
151.909,8443,6/3/2015,5/24/2015,16:12:56,7,31.3,AH0,255,34.5200901,Day,F,L,A,MYSE
151.909,8443,6/3/2015,5/29/2015,16:12:56,7,30.8,AH0,217,33.7747296,Day,F,L,A,MYSE
151.909,8443,6/3/2015,5/30/2015,16:12:56,7,34,AH0,250,37.5612,Day,F,L,A,MYSE
151.909,8443,6/3/2015,5/24/2015,16:12:58,7,31.3,AH0,255,34.5200901,Day,F,L,A,MYSE
151.909,8443,6/3/2015,5/24/2015,16:13:00,7,31.4,AH0,255,34.6618152,Day,F,L,A,MYSE
151.909,8443,6/3/2015,5/30/2015,16:13:08,7,34,AH0,248,37.5612,Day,F,L,A,MYSE
151.909,8443,6/3/2015,5/25/2015,16:13:09,7,30.7,AH0,255,33.6181719,Day,F,L,A,MYSE
151.909,8443,6/3/2015,5/29/2015,16:13:09,7,30.7,AH0,218,33.6181719,Day,F,L,A,MYSE
151.909,8443,6/3/2015,5/25/2015,16:13:10,7,30.7,AH0,255,33.6181719,Day,F,L,A,MYSE
151.909,8443,6/3/2015,5/30/2015,16:13:10,7,34,AH0,247,37.5612,Day,F,L,A,MYSE
151.909,8443,6/3/2015,5/29/2015,16:13:11,7,30.7,AH0,217,33.6181719,Day,F,L,A,MYSE
151.909,8443,6/3/2015,5/25/2015,16:13:12,7,30.7,AH0,255,33.6181719,Day,F,L,A,MYSE
151.909,8443,6/3/2015,5/30/2015,16:13:12,7,34,AH0,249,37.5612,Day,F,L,A,MYSE
151.909,8443,6/3/2015,5/29/2015,16:13:13,7,30.7,AH0,217,33.6181719,Day,F,L,A,MYSE
151.909,8443,6/3/2015,5/25/2015,16:13:14,7,30.7,AH0,255,33.6181719,Day,F,L,A,MYSE
151.909,8443,6/3/2015,5/30/2015,16:13:14,7,34,AH0,247,37.5612,Day,F,L,A,MYSE
151.909,8443,6/3/2015,5/24/2015,16:13:15,7,31.4,AH0,255,34.6618152,Day,F,L,A,MYSE
151.909,8443,6/3/2015,5/29/2015,16:13:15,7,30.8,AH0,216,33.7747296,Day,F,L,A,MYSE
151.909,8443,6/3/2015,5/30/2015,16:13:15,7,34,AH0,248,37.5612,Day,F,L,A,MYSE
151.909,8443,6/3/2015,5/24/2015,16:13:17,7,31.5,AH0,255,34.8011375,Day,F,L,A,MYSE
151.909,8443,6/3/2015,5/24/2015,16:13:19,7,31.5,AH0,255,34.8011375,Day,F,L,A,MYSE
151.909,8443,6/3/2015,5/24/2015,16:13:21,7,31.5,AH0,255,34.8011375,Day,F,L,A,MYSE
151.909,8443,6/3/2015,5/25/2015,16:13:28,7,30.7,AH0,255,33.6181719,Day,F,L,A,MYSE
151.909,8443,6/3/2015,5/29/2015,16:13:29,7,30.7,AH0,218,33.6181719,Day,F,L,A,MYSE
151.909,8443,6/3/2015,5/25/2015,16:13:30,7,30.7,AH0,255,33.6181719,Day,F,L,A,MYSE
151.909,8443,6/3/2015,5/30/2015,16:13:30,7,34,AH0,248,37.5612,Day,F,L,A,MYSE
151.909,8443,6/3/2015,5/29/2015,16:13:31,7,30.8,AH0,215,33.7747296,Day,F,L,A,MYSE
151.909,8443,6/3/2015,5/30/2015,16:13:31,7,34,AH0,250,37.5612,Day,F,L,A,MYSE
151.909,8443,6/3/2015,5/25/2015,16:13:32,7,30.7,AH0,255,33.6181719,Day,F,L,A,MYSE
151.909,8443,6/3/2015,5/29/2015,16:13:33,7,30.7,AH0,219,33.6181719,Day,F,L,A,MYSE
151.909,8443,6/3/2015,5/30/2015,16:13:33,7,34,AH0,249,37.5612,Day,F,L,A,MYSE
151.909,8443,6/3/2015,5/24/2015,16:13:34,7,31.5,AH0,255,34.8011375,Day,F,L,A,MYSE
151.909,8443,6/3/2015,5/25/2015,16:13:34,7,30.7,AH0,255,33.6181719,Day,F,L,A,MYSE
151.909,8443,6/3/2015,5/29/2015,16:13:35,7,30.8,AH0,218,33.7747296,Day,F,L,A,MYSE
151.909,8443,6/3/2015,5/30/2015,16:13:35,7,34,AH0,246,37.5612,Day,F,L,A,MYSE
151.909,8443,6/3/2015,5/24/2015,16:13:36,7,31.6,AH0,255,34.9380768,Day,F,L,A,MYSE
151.909,8443,6/3/2015,5/24/2015,16:13:38,7,31.6,AH0,255,34.9380768,Day,F,L,A,MYSE
151.909,8443,6/3/2015,5/24/2015,16:13:40,7,31.6,AH0,255,34.9380768,Day,F,L,A,MYSE
151.909,8443,6/3/2015,5/28/2015,16:13:48,7,15.7,AH0,48,-29.7838431,Day,F,L,A,MYSE
151.909,8443,6/3/2015,5/29/2015,16:13:48,7,30.8,AH0,217,33.7747296,Day,F,L,A,MYSE
151.909,8443,6/3/2015,5/25/2015,16:13:49,7,30.6,AH0,255,33.4590728,Day,F,L,A,MYSE
151.909,8443,6/3/2015,5/30/2015,16:13:49,7,34,AH0,248,37.5612,Day,F,L,A,MYSE
151.909,8443,6/3/2015,5/29/2015,16:13:50,7,30.8,AH0,217,33.7747296,Day,F,L,A,MYSE
151.909,8443,6/3/2015,5/25/2015,16:13:51,7,30.6,AH0,255,33.4590728,Day,F,L,A,MYSE
151.909,8443,6/3/2015,5/30/2015,16:13:51,7,34,AH0,248,37.5612,Day,F,L,A,MYSE
151.909,8443,6/3/2015,5/29/2015,16:13:52,7,30.8,AH0,218,33.7747296,Day,F,L,A,MYSE
151.909,8443,6/3/2015,5/30/2015,16:13:52,7,34,AH0,249,37.5612,Day,F,L,A,MYSE
151.909,8443,6/3/2015,5/25/2015,16:13:53,7,30.6,AH0,255,33.4590728,Day,F,L,A,MYSE
151.909,8443,6/3/2015,5/29/2015,16:13:54,7,30.8,AH0,216,33.7747296,Day,F,L,A,MYSE
151.909,8443,6/3/2015,5/30/2015,16:13:54,7,34,AH0,250,37.5612,Day,F,L,A,MYSE
151.909,8443,6/3/2015,5/24/2015,16:13:55,7,31.7,AH0,255,35.0726529,Day,F,L,A,MYSE
151.909,8443,6/3/2015,5/25/2015,16:13:55,7,30.6,AH0,255,33.4590728,Day,F,L,A,MYSE
151.909,8443,6/3/2015,5/30/2015,16:13:56,7,34,AH0,247,37.5612,Day,F,L,A,MYSE
151.909,8443,6/3/2015,5/24/2015,16:13:57,7,31.7,AH0,255,35.0726529,Day,F,L,A,MYSE
151.909,8443,6/3/2015,5/24/2015,16:13:59,7,31.7,AH0,255,35.0726529,Day,F,L,A,MYSE
151.909,8443,6/3/2015,5/24/2015,16:14:01,7,31.7,AH0,255,35.0726529,Day,F,L,A,MYSE
151.909,8443,6/3/2015,5/29/2015,16:14:08,7,30.8,AH0,216,33.7747296,Day,F,L,A,MYSE
151.909,8443,6/3/2015,5/30/2015,16:14:08,7,34.1,AH0,251,37.6449993,Day,F,L,A,MYSE
151.909,8443,6/3/2015,5/25/2015,16:14:10,7,30.8,AH0,255,33.7747296,Day,F,L,A,MYSE
151.909,8443,6/3/2015,5/29/2015,16:14:10,7,30.8,AH0,217,33.7747296,Day,F,L,A,MYSE
151.909,8443,6/3/2015,5/30/2015,16:14:10,7,34.1,AH0,249,37.6449993,Day,F,L,A,MYSE
151.909,8443,6/3/2015,5/25/2015,16:14:12,7,30.8,AH0,255,33.7747296,Day,F,L,A,MYSE
151.909,8443,6/3/2015,5/29/2015,16:14:12,7,30.8,AH0,219,33.7747296,Day,F,L,A,MYSE
151.909,8443,6/3/2015,5/30/2015,16:14:12,7,34.1,AH0,250,37.6449993,Day,F,L,A,MYSE
151.909,8443,6/3/2015,5/24/2015,16:14:14,7,31.7,AH0,255,35.0726529,Day,F,L,A,MYSE
151.909,8443,6/3/2015,5/25/2015,16:14:14,7,30.8,AH0,255,33.7747296,Day,F,L,A,MYSE
151.909,8443,6/3/2015,5/29/2015,16:14:14,7,30.8,AH0,218,33.7747296,Day,F,L,A,MYSE
151.909,8443,6/3/2015,5/30/2015,16:14:14,7,34.1,AH0,249,37.6449993,Day,F,L,A,MYSE
151.909,8443,6/3/2015,5/30/2015,16:14:15,7,34.1,AH0,248,37.6449993,Day,F,L,A,MYSE
151.909,8443,6/3/2015,5/24/2015,16:14:16,7,31.8,AH0,255,35.2048856,Day,F,L,A,MYSE
151.909,8443,6/3/2015,5/25/2015,16:14:16,7,30.8,AH0,255,33.7747296,Day,F,L,A,MYSE
151.909,8443,6/3/2015,5/29/2015,16:14:16,7,30.8,AH0,215,33.7747296,Day,F,L,A,MYSE
151.909,8443,6/3/2015,5/24/2015,16:14:18,7,31.8,AH0,255,35.2048856,Day,F,L,A,MYSE
151.909,8443,6/3/2015,5/24/2015,16:14:19,7,31.8,AH0,255,35.2048856,Day,F,L,A,MYSE
151.909,8443,6/3/2015,5/24/2015,16:14:21,7,31.8,AH0,255,35.2048856,Day,F,L,A,MYSE
151.909,8443,6/3/2015,5/29/2015,16:14:29,7,30.8,AH0,214,33.7747296,Day,F,L,A,MYSE
151.909,8443,6/3/2015,5/30/2015,16:14:29,7,34.1,AH0,250,37.6449993,Day,F,L,A,MYSE
151.909,8443,6/3/2015,5/25/2015,16:14:30,7,30.8,AH0,255,33.7747296,Day,F,L,A,MYSE
151.909,8443,6/3/2015,5/29/2015,16:14:31,7,30.8,AH0,216,33.7747296,Day,F,L,A,MYSE
151.909,8443,6/3/2015,5/30/2015,16:14:31,7,34.1,AH0,250,37.6449993,Day,F,L,A,MYSE
151.909,8443,6/3/2015,5/25/2015,16:14:32,7,30.8,AH0,255,33.7747296,Day,F,L,A,MYSE
151.909,8443,6/3/2015,5/29/2015,16:14:33,7,30.8,AH0,218,33.7747296,Day,F,L,A,MYSE
151.909,8443,6/3/2015,5/30/2015,16:14:33,7,34.1,AH0,247,37.6449993,Day,F,L,A,MYSE
151.909,8443,6/3/2015,5/25/2015,16:14:34,7,30.8,AH0,255,33.7747296,Day,F,L,A,MYSE
151.909,8443,6/3/2015,5/24/2015,16:14:35,7,31.8,AH0,255,35.2048856,Day,F,L,A,MYSE
151.909,8443,6/3/2015,5/29/2015,16:14:35,7,30.8,AH0,218,33.7747296,Day,F,L,A,MYSE
151.909,8443,6/3/2015,5/30/2015,16:14:35,7,34.1,AH0,249,37.6449993,Day,F,L,A,MYSE
151.909,8443,6/3/2015,5/24/2015,16:14:36,7,31.8,AH0,255,35.2048856,Day,F,L,A,MYSE
151.909,8443,6/3/2015,5/25/2015,16:14:36,7,30.8,AH0,255,33.7747296,Day,F,L,A,MYSE
151.909,8443,6/3/2015,5/24/2015,16:14:38,7,31.8,AH0,255,35.2048856,Day,F,L,A,MYSE
151.909,8443,6/3/2015,5/24/2015,16:14:40,7,31.8,AH0,255,35.2048856,Day,F,L,A,MYSE
151.909,8443,6/3/2015,5/25/2015,16:14:49,7,30.8,AH0,255,33.7747296,Day,F,L,A,MYSE
151.909,8443,6/3/2015,5/29/2015,16:14:49,7,30.8,AH0,219,33.7747296,Day,F,L,A,MYSE
151.909,8443,6/3/2015,5/30/2015,16:14:49,7,34.1,AH0,250,37.6449993,Day,F,L,A,MYSE
151.909,8443,6/3/2015,5/25/2015,16:14:51,7,30.8,AH0,255,33.7747296,Day,F,L,A,MYSE
151.909,8443,6/3/2015,5/29/2015,16:14:51,7,30.8,AH0,215,33.7747296,Day,F,L,A,MYSE
151.909,8443,6/3/2015,5/30/2015,16:14:51,7,34.1,AH0,249,37.6449993,Day,F,L,A,MYSE
151.909,8443,6/3/2015,5/30/2015,16:14:52,7,34.1,AH0,247,37.6449993,Day,F,L,A,MYSE
151.909,8443,6/3/2015,5/24/2015,16:14:53,7,31.9,AH0,255,35.3347947,Day,F,L,A,MYSE
151.909,8443,6/3/2015,5/25/2015,16:14:53,7,30.8,AH0,255,33.7747296,Day,F,L,A,MYSE
151.909,8443,6/3/2015,5/29/2015,16:14:53,7,30.8,AH0,217,33.7747296,Day,F,L,A,MYSE
151.909,8443,6/3/2015,5/30/2015,16:14:54,7,34,AH0,249,37.5612,Day,F,L,A,MYSE
151.909,8443,6/3/2015,5/24/2015,16:14:55,7,31.9,AH0,255,35.3347947,Day,F,L,A,MYSE
151.909,8443,6/3/2015,5/25/2015,16:14:55,7,30.8,AH0,255,33.7747296,Day,F,L,A,MYSE
151.909,8443,6/3/2015,5/29/2015,16:14:55,7,30.8,AH0,218,33.7747296,Day,F,L,A,MYSE
151.909,8443,6/3/2015,5/30/2015,16:14:56,7,34.1,AH0,247,37.6449993,Day,F,L,A,MYSE
151.909,8443,6/3/2015,5/24/2015,16:14:57,7,31.9,AH0,255,35.3347947,Day,F,L,A,MYSE
151.909,8443,6/3/2015,5/24/2015,16:14:59,7,31.9,AH0,255,35.3347947,Day,F,L,A,MYSE
151.909,8443,6/3/2015,5/24/2015,16:15:01,7,31.9,AH0,255,35.3347947,Day,F,L,A,MYSE
151.909,8443,6/3/2015,5/29/2015,16:15:08,7,30.8,AH0,218,33.7747296,Day,F,L,A,MYSE
151.909,8443,6/3/2015,5/30/2015,16:15:08,7,34.1,AH0,247,37.6449993,Day,F,L,A,MYSE
151.909,8443,6/3/2015,5/25/2015,16:15:09,7,30.8,AH0,255,33.7747296,Day,F,L,A,MYSE
151.909,8443,6/3/2015,5/29/2015,16:15:10,7,30.8,AH0,217,33.7747296,Day,F,L,A,MYSE
151.909,8443,6/3/2015,5/30/2015,16:15:10,7,34.1,AH0,247,37.6449993,Day,F,L,A,MYSE
151.909,8443,6/3/2015,5/25/2015,16:15:11,7,30.8,AH0,255,33.7747296,Day,F,L,A,MYSE
151.909,8443,6/3/2015,5/25/2015,16:15:12,7,30.8,AH0,255,33.7747296,Day,F,L,A,MYSE
151.909,8443,6/3/2015,5/29/2015,16:15:12,7,30.8,AH0,218,33.7747296,Day,F,L,A,MYSE
151.909,8443,6/3/2015,5/30/2015,16:15:12,7,34.1,AH0,249,37.6449993,Day,F,L,A,MYSE
151.909,8443,6/3/2015,5/24/2015,16:15:14,7,32,AH0,255,35.4624,Day,F,L,A,MYSE
151.909,8443,6/3/2015,5/25/2015,16:15:14,7,30.8,AH0,255,33.7747296,Day,F,L,A,MYSE
151.909,8443,6/3/2015,5/29/2015,16:15:14,7,30.8,AH0,217,33.7747296,Day,F,L,A,MYSE
151.909,8443,6/3/2015,5/30/2015,16:15:14,7,34.1,AH0,251,37.6449993,Day,F,L,A,MYSE
151.909,8443,6/3/2015,5/30/2015,16:15:15,7,34.1,AH0,247,37.6449993,Day,F,L,A,MYSE
151.909,8443,6/3/2015,5/24/2015,16:15:16,7,32,AH0,255,35.4624,Day,F,L,A,MYSE
151.909,8443,6/3/2015,5/25/2015,16:15:16,7,30.8,AH0,255,33.7747296,Day,F,L,A,MYSE
151.909,8443,6/3/2015,5/24/2015,16:15:18,7,32,AH0,255,35.4624,Day,F,L,A,MYSE
151.909,8443,6/3/2015,5/24/2015,16:15:20,7,32.1,AH0,255,35.5877213,Day,F,L,A,MYSE
151.909,8443,6/3/2015,5/29/2015,16:15:28,7,30.9,AH0,217,33.9287657,Day,F,L,A,MYSE
151.909,8443,6/3/2015,5/30/2015,16:15:29,7,34.1,AH0,250,37.6449993,Day,F,L,A,MYSE
151.909,8443,6/3/2015,5/25/2015,16:15:30,7,30.8,AH0,255,33.7747296,Day,F,L,A,MYSE
151.909,8443,6/3/2015,5/29/2015,16:15:30,7,30.8,AH0,215,33.7747296,Day,F,L,A,MYSE
151.909,8443,6/3/2015,5/30/2015,16:15:31,7,34.1,AH0,248,37.6449993,Day,F,L,A,MYSE
151.909,8443,6/3/2015,5/25/2015,16:15:32,7,30.8,AH0,255,33.7747296,Day,F,L,A,MYSE
151.909,8443,6/3/2015,5/29/2015,16:15:32,7,30.8,AH0,213,33.7747296,Day,F,L,A,MYSE
151.909,8443,6/3/2015,5/30/2015,16:15:33,7,34.1,AH0,247,37.6449993,Day,F,L,A,MYSE
151.909,8443,6/3/2015,5/25/2015,16:15:34,7,30.8,AH0,255,33.7747296,Day,F,L,A,MYSE
151.909,8443,6/3/2015,5/29/2015,16:15:34,7,30.8,AH0,213,33.7747296,Day,F,L,A,MYSE
151.909,8443,6/3/2015,5/30/2015,16:15:35,7,34.1,AH0,248,37.6449993,Day,F,L,A,MYSE
151.909,8443,6/3/2015,5/24/2015,16:15:36,7,32.1,AH0,255,35.5877213,Day,F,L,A,MYSE
151.909,8443,6/3/2015,5/25/2015,16:15:36,7,30.8,AH0,255,33.7747296,Day,F,L,A,MYSE
151.909,8443,6/3/2015,5/29/2015,16:15:36,7,30.8,AH0,215,33.7747296,Day,F,L,A,MYSE
151.909,8443,6/3/2015,5/24/2015,16:15:38,7,32.1,AH0,255,35.5877213,Day,F,L,A,MYSE
151.909,8443,6/3/2015,5/24/2015,16:15:39,7,32.1,AH0,255,35.5877213,Day,F,L,A,MYSE
151.909,8443,6/3/2015,5/24/2015,16:15:41,7,32.1,AH0,255,35.5877213,Day,F,L,A,MYSE
151.909,8443,6/3/2015,5/25/2015,16:15:49,7,30.8,AH0,255,33.7747296,Day,F,L,A,MYSE
151.909,8443,6/3/2015,5/29/2015,16:15:49,7,30.8,AH0,215,33.7747296,Day,F,L,A,MYSE
151.909,8443,6/3/2015,5/30/2015,16:15:49,7,34.1,AH0,247,37.6449993,Day,F,L,A,MYSE
151.909,8443,6/3/2015,5/25/2015,16:15:51,7,30.8,AH0,255,33.7747296,Day,F,L,A,MYSE
151.909,8443,6/3/2015,5/29/2015,16:15:51,7,30.8,AH0,216,33.7747296,Day,F,L,A,MYSE
151.909,8443,6/3/2015,5/30/2015,16:15:51,7,34.1,AH0,247,37.6449993,Day,F,L,A,MYSE
151.909,8443,6/3/2015,5/30/2015,16:15:52,7,34.1,AH0,249,37.6449993,Day,F,L,A,MYSE
151.909,8443,6/3/2015,5/25/2015,16:15:53,7,30.8,AH0,255,33.7747296,Day,F,L,A,MYSE
151.909,8443,6/3/2015,5/29/2015,16:15:53,7,30.8,AH0,213,33.7747296,Day,F,L,A,MYSE
151.909,8443,6/3/2015,5/24/2015,16:15:54,7,32.1,AH0,255,35.5877213,Day,F,L,A,MYSE
151.909,8443,6/3/2015,5/30/2015,16:15:54,7,34.1,AH0,249,37.6449993,Day,F,L,A,MYSE
151.909,8443,6/3/2015,5/25/2015,16:15:55,7,30.8,AH0,255,33.7747296,Day,F,L,A,MYSE
151.909,8443,6/3/2015,5/29/2015,16:15:55,7,30.8,AH0,216,33.7747296,Day,F,L,A,MYSE
151.909,8443,6/3/2015,5/24/2015,16:15:56,7,32.1,AH0,255,35.5877213,Day,F,L,A,MYSE
151.909,8443,6/3/2015,5/30/2015,16:15:56,7,34.1,AH0,247,37.6449993,Day,F,L,A,MYSE
151.909,8443,6/3/2015,5/24/2015,16:15:58,7,32.1,AH0,255,35.5877213,Day,F,L,A,MYSE
151.909,8443,6/3/2015,5/24/2015,16:16:00,7,32.1,AH0,255,35.5877213,Day,F,L,A,MYSE
151.909,8443,6/3/2015,5/24/2015,16:16:02,7,32.1,AH0,255,35.5877213,Day,F,L,A,MYSE
151.909,8443,6/3/2015,5/30/2015,16:16:08,7,34.1,AH0,248,37.6449993,Day,F,L,A,MYSE
151.909,8443,6/3/2015,5/25/2015,16:16:09,7,30.8,AH0,255,33.7747296,Day,F,L,A,MYSE
151.909,8443,6/3/2015,5/29/2015,16:16:09,7,30.8,AH0,216,33.7747296,Day,F,L,A,MYSE
151.909,8443,6/3/2015,5/30/2015,16:16:10,7,34.1,AH0,250,37.6449993,Day,F,L,A,MYSE
151.909,8443,6/3/2015,5/25/2015,16:16:11,7,30.8,AH0,255,33.7747296,Day,F,L,A,MYSE
151.909,8443,6/3/2015,5/29/2015,16:16:11,7,30.8,AH0,218,33.7747296,Day,F,L,A,MYSE
151.909,8443,6/3/2015,5/30/2015,16:16:12,7,34.1,AH0,249,37.6449993,Day,F,L,A,MYSE
151.909,8443,6/3/2015,5/25/2015,16:16:13,7,30.8,AH0,255,33.7747296,Day,F,L,A,MYSE
151.909,8443,6/3/2015,5/29/2015,16:16:13,7,30.8,AH0,218,33.7747296,Day,F,L,A,MYSE
151.909,8443,6/3/2015,5/30/2015,16:16:13,7,34.1,AH0,250,37.6449993,Day,F,L,A,MYSE
151.909,8443,6/3/2015,5/24/2015,16:16:15,7,32.1,AH0,255,35.5877213,Day,F,L,A,MYSE
151.909,8443,6/3/2015,5/25/2015,16:16:15,7,30.8,AH0,255,33.7747296,Day,F,L,A,MYSE
151.909,8443,6/3/2015,5/29/2015,16:16:15,7,30.8,AH0,217,33.7747296,Day,F,L,A,MYSE
151.909,8443,6/3/2015,5/30/2015,16:16:15,7,34.1,AH0,247,37.6449993,Day,F,L,A,MYSE
151.909,8443,6/3/2015,5/24/2015,16:16:17,7,32.1,AH0,255,35.5877213,Day,F,L,A,MYSE
151.909,8443,6/3/2015,5/24/2015,16:16:19,7,32.1,AH0,255,35.5877213,Day,F,L,A,MYSE
151.909,8443,6/3/2015,5/24/2015,16:16:21,7,32.1,AH0,255,35.5877213,Day,F,L,A,MYSE
151.909,8443,6/3/2015,5/24/2015,16:16:22,7,32.2,AH0,255,35.7107784,Day,F,L,A,MYSE
151.909,8443,6/3/2015,5/25/2015,16:16:28,7,30.8,AH0,255,33.7747296,Day,F,L,A,MYSE
151.909,8443,6/3/2015,5/29/2015,16:16:28,7,30.8,AH0,218,33.7747296,Day,F,L,A,MYSE
151.909,8443,6/3/2015,5/30/2015,16:16:29,7,34.1,AH0,250,37.6449993,Day,F,L,A,MYSE
151.909,8443,6/3/2015,5/25/2015,16:16:30,7,30.8,AH0,255,33.7747296,Day,F,L,A,MYSE
151.909,8443,6/3/2015,5/29/2015,16:16:30,7,30.8,AH0,216,33.7747296,Day,F,L,A,MYSE
151.909,8443,6/3/2015,5/30/2015,16:16:31,7,34.1,AH0,248,37.6449993,Day,F,L,A,MYSE
151.909,8443,6/3/2015,5/25/2015,16:16:32,7,30.8,AH0,255,33.7747296,Day,F,L,A,MYSE
151.909,8443,6/3/2015,5/29/2015,16:16:32,7,30.8,AH0,215,33.7747296,Day,F,L,A,MYSE
151.909,8443,6/3/2015,5/30/2015,16:16:33,7,34.1,AH0,248,37.6449993,Day,F,L,A,MYSE
151.909,8443,6/3/2015,5/25/2015,16:16:34,7,30.8,AH0,255,33.7747296,Day,F,L,A,MYSE
151.909,8443,6/3/2015,5/29/2015,16:16:34,7,30.8,AH0,217,33.7747296,Day,F,L,A,MYSE
151.909,8443,6/3/2015,5/24/2015,16:16:35,7,32.2,AH0,255,35.7107784,Day,F,L,A,MYSE
151.909,8443,6/3/2015,5/30/2015,16:16:35,7,34.1,AH0,249,37.6449993,Day,F,L,A,MYSE
151.909,8443,6/3/2015,5/25/2015,16:16:36,7,30.8,AH0,255,33.7747296,Day,F,L,A,MYSE
151.909,8443,6/3/2015,5/24/2015,16:16:37,7,32.2,AH0,255,35.7107784,Day,F,L,A,MYSE
151.909,8443,6/3/2015,5/24/2015,16:16:39,7,32.2,AH0,255,35.7107784,Day,F,L,A,MYSE
151.909,8443,6/3/2015,5/24/2015,16:16:41,7,32.2,AH0,255,35.7107784,Day,F,L,A,MYSE
151.909,8443,6/3/2015,5/30/2015,16:16:49,7,34.1,AH0,250,37.6449993,Day,F,L,A,MYSE
151.909,8443,6/3/2015,5/25/2015,16:16:50,7,30.8,AH0,255,33.7747296,Day,F,L,A,MYSE
151.909,8443,6/3/2015,5/29/2015,16:16:50,7,30.8,AH0,216,33.7747296,Day,F,L,A,MYSE
151.909,8443,6/3/2015,5/30/2015,16:16:50,7,34.1,AH0,247,37.6449993,Day,F,L,A,MYSE
151.909,8443,6/3/2015,5/25/2015,16:16:52,7,30.8,AH0,255,33.7747296,Day,F,L,A,MYSE
151.909,8443,6/3/2015,5/29/2015,16:16:52,7,30.8,AH0,216,33.7747296,Day,F,L,A,MYSE
151.909,8443,6/3/2015,5/30/2015,16:16:52,7,34.1,AH0,246,37.6449993,Day,F,L,A,MYSE
151.909,8443,6/3/2015,5/25/2015,16:16:54,7,30.8,AH0,255,33.7747296,Day,F,L,A,MYSE
151.909,8443,6/3/2015,5/29/2015,16:16:54,7,30.8,AH0,218,33.7747296,Day,F,L,A,MYSE
151.909,8443,6/3/2015,5/30/2015,16:16:54,7,34.1,AH0,246,37.6449993,Day,F,L,A,MYSE
151.909,8443,6/3/2015,5/29/2015,16:16:55,7,30.8,AH0,218,33.7747296,Day,F,L,A,MYSE
151.909,8443,6/3/2015,5/24/2015,16:16:56,7,32.2,AH0,255,35.7107784,Day,F,L,A,MYSE
151.909,8443,6/3/2015,5/25/2015,16:16:56,7,30.8,AH0,255,33.7747296,Day,F,L,A,MYSE
151.909,8443,6/3/2015,5/30/2015,16:16:56,7,34.1,AH0,248,37.6449993,Day,F,L,A,MYSE
151.909,8443,6/3/2015,5/24/2015,16:16:58,7,32.2,AH0,255,35.7107784,Day,F,L,A,MYSE
151.909,8443,6/3/2015,5/24/2015,16:17:00,7,32.2,AH0,255,35.7107784,Day,F,L,A,MYSE
151.909,8443,6/3/2015,5/24/2015,16:17:02,7,32.3,AH0,255,35.8315911,Day,F,L,A,MYSE
151.909,8443,6/3/2015,5/25/2015,16:17:09,7,30.7,AH0,255,33.6181719,Day,F,L,A,MYSE
151.909,8443,6/3/2015,5/29/2015,16:17:09,7,30.8,AH0,217,33.7747296,Day,F,L,A,MYSE
151.909,8443,6/3/2015,5/30/2015,16:17:10,7,34.1,AH0,247,37.6449993,Day,F,L,A,MYSE
151.909,8443,6/3/2015,5/25/2015,16:17:11,7,30.8,AH0,255,33.7747296,Day,F,L,A,MYSE
151.909,8443,6/3/2015,5/29/2015,16:17:11,7,30.8,AH0,217,33.7747296,Day,F,L,A,MYSE
151.909,8443,6/3/2015,5/30/2015,16:17:11,7,34.1,AH0,247,37.6449993,Day,F,L,A,MYSE
151.909,8443,6/3/2015,5/25/2015,16:17:13,7,30.7,AH0,255,33.6181719,Day,F,L,A,MYSE
151.909,8443,6/3/2015,5/29/2015,16:17:13,7,30.8,AH0,218,33.7747296,Day,F,L,A,MYSE
151.909,8443,6/3/2015,5/30/2015,16:17:13,7,34.1,AH0,249,37.6449993,Day,F,L,A,MYSE
151.909,8443,6/3/2015,5/24/2015,16:17:15,7,32.3,AH0,255,35.8315911,Day,F,L,A,MYSE
151.909,8443,6/3/2015,5/25/2015,16:17:15,7,30.8,AH0,255,33.7747296,Day,F,L,A,MYSE
151.909,8443,6/3/2015,5/29/2015,16:17:15,7,30.8,AH0,217,33.7747296,Day,F,L,A,MYSE
151.909,8443,6/3/2015,5/30/2015,16:17:15,7,34.1,AH0,250,37.6449993,Day,F,L,A,MYSE
151.909,8443,6/3/2015,5/24/2015,16:17:16,7,32.3,AH0,255,35.8315911,Day,F,L,A,MYSE
151.909,8443,6/3/2015,5/24/2015,16:17:18,7,32.3,AH0,255,35.8315911,Day,F,L,A,MYSE
151.909,8443,6/3/2015,5/24/2015,16:17:20,7,32.3,AH0,255,35.8315911,Day,F,L,A,MYSE
151.909,8443,6/3/2015,5/24/2015,16:17:22,7,32.3,AH0,255,35.8315911,Day,F,L,A,MYSE
151.909,8443,6/3/2015,5/25/2015,16:17:29,7,30.8,AH0,255,33.7747296,Day,F,L,A,MYSE
151.909,8443,6/3/2015,5/29/2015,16:17:29,7,30.8,AH0,215,33.7747296,Day,F,L,A,MYSE
151.909,8443,6/3/2015,5/30/2015,16:17:29,7,34.1,AH0,249,37.6449993,Day,F,L,A,MYSE
151.909,8443,6/3/2015,5/25/2015,16:17:31,7,30.7,AH0,255,33.6181719,Day,F,L,A,MYSE
151.909,8443,6/3/2015,5/29/2015,16:17:31,7,30.8,AH0,216,33.7747296,Day,F,L,A,MYSE
151.909,8443,6/3/2015,5/30/2015,16:17:31,7,34.1,AH0,247,37.6449993,Day,F,L,A,MYSE
151.909,8443,6/3/2015,5/25/2015,16:17:33,7,30.7,AH0,255,33.6181719,Day,F,L,A,MYSE
151.909,8443,6/3/2015,5/29/2015,16:17:33,7,30.8,AH0,219,33.7747296,Day,F,L,A,MYSE
151.909,8443,6/3/2015,5/30/2015,16:17:33,7,34.1,AH0,249,37.6449993,Day,F,L,A,MYSE
151.909,8443,6/3/2015,5/29/2015,16:17:34,7,30.8,AH0,216,33.7747296,Day,F,L,A,MYSE
151.909,8443,6/3/2015,5/30/2015,16:17:34,7,34.1,AH0,250,37.6449993,Day,F,L,A,MYSE
151.909,8443,6/3/2015,5/24/2015,16:17:35,7,32.3,AH0,255,35.8315911,Day,F,L,A,MYSE
151.909,8443,6/3/2015,5/25/2015,16:17:35,7,30.7,AH0,255,33.6181719,Day,F,L,A,MYSE
151.909,8443,6/3/2015,5/30/2015,16:17:36,7,34.1,AH0,250,37.6449993,Day,F,L,A,MYSE
151.909,8443,6/3/2015,5/24/2015,16:17:37,7,32.3,AH0,255,35.8315911,Day,F,L,A,MYSE
151.909,8443,6/3/2015,5/24/2015,16:17:39,7,32.3,AH0,255,35.8315911,Day,F,L,A,MYSE
151.909,8443,6/3/2015,5/24/2015,16:17:41,7,32.3,AH0,255,35.8315911,Day,F,L,A,MYSE
151.909,8443,6/3/2015,5/28/2015,16:17:46,7,31.8,AH0,55,35.2048856,Day,F,L,A,MYSE
151.909,8443,6/3/2015,5/25/2015,16:17:48,7,30.7,AH0,255,33.6181719,Day,F,L,A,MYSE
151.909,8443,6/3/2015,5/29/2015,16:17:48,7,30.8,AH0,217,33.7747296,Day,F,L,A,MYSE
151.909,8443,6/3/2015,5/30/2015,16:17:48,7,34.1,AH0,249,37.6449993,Day,F,L,A,MYSE
151.909,8443,6/3/2015,5/25/2015,16:17:50,7,30.7,AH0,255,33.6181719,Day,F,L,A,MYSE
151.909,8443,6/3/2015,5/29/2015,16:17:50,7,30.8,AH0,221,33.7747296,Day,F,L,A,MYSE
151.909,8443,6/3/2015,5/30/2015,16:17:50,7,34.1,AH0,247,37.6449993,Day,F,L,A,MYSE
151.909,8443,6/3/2015,5/25/2015,16:17:52,7,30.8,AH0,255,33.7747296,Day,F,L,A,MYSE
151.909,8443,6/3/2015,5/29/2015,16:17:52,7,30.8,AH0,218,33.7747296,Day,F,L,A,MYSE
151.909,8443,6/3/2015,5/30/2015,16:17:52,7,34.1,AH0,250,37.6449993,Day,F,L,A,MYSE
151.909,8443,6/3/2015,5/25/2015,16:17:54,7,30.7,AH0,255,33.6181719,Day,F,L,A,MYSE
151.909,8443,6/3/2015,5/29/2015,16:17:54,7,30.8,AH0,219,33.7747296,Day,F,L,A,MYSE
151.909,8443,6/3/2015,5/30/2015,16:17:54,7,34.1,AH0,248,37.6449993,Day,F,L,A,MYSE
151.909,8443,6/3/2015,5/24/2015,16:17:55,7,32.2,AH0,255,35.7107784,Day,F,L,A,MYSE
151.909,8443,6/3/2015,5/30/2015,16:17:55,7,34.1,AH0,250,37.6449993,Day,F,L,A,MYSE
151.909,8443,6/3/2015,5/25/2015,16:17:56,7,30.7,AH0,255,33.6181719,Day,F,L,A,MYSE
151.909,8443,6/3/2015,5/24/2015,16:17:57,7,32.2,AH0,255,35.7107784,Day,F,L,A,MYSE
151.909,8443,6/3/2015,5/24/2015,16:17:59,7,32.2,AH0,255,35.7107784,Day,F,L,A,MYSE
151.909,8443,6/3/2015,5/24/2015,16:18:01,7,32.2,AH0,255,35.7107784,Day,F,L,A,MYSE
151.909,8443,6/3/2015,5/25/2015,16:18:10,7,30.8,AH0,255,33.7747296,Day,F,L,A,MYSE
151.909,8443,6/3/2015,5/29/2015,16:18:10,7,30.8,AH0,222,33.7747296,Day,F,L,A,MYSE
151.909,8443,6/3/2015,5/30/2015,16:18:10,7,34.1,AH0,247,37.6449993,Day,F,L,A,MYSE
151.909,8443,6/3/2015,5/30/2015,16:18:11,7,34.1,AH0,248,37.6449993,Day,F,L,A,MYSE
151.909,8443,6/3/2015,5/25/2015,16:18:12,7,30.7,AH0,255,33.6181719,Day,F,L,A,MYSE
151.909,8443,6/3/2015,5/29/2015,16:18:12,7,30.8,AH0,221,33.7747296,Day,F,L,A,MYSE
151.909,8443,6/3/2015,5/29/2015,16:18:13,7,30.8,AH0,221,33.7747296,Day,F,L,A,MYSE
151.909,8443,6/3/2015,5/30/2015,16:18:13,7,34.1,AH0,250,37.6449993,Day,F,L,A,MYSE
151.909,8443,6/3/2015,5/25/2015,16:18:14,7,30.7,AH0,255,33.6181719,Day,F,L,A,MYSE
151.909,8443,6/3/2015,5/29/2015,16:18:15,7,30.8,AH0,221,33.7747296,Day,F,L,A,MYSE
151.909,8443,6/3/2015,5/30/2015,16:18:15,7,34.1,AH0,244,37.6449993,Day,F,L,A,MYSE
151.909,8443,6/3/2015,5/24/2015,16:18:16,7,32.2,AH0,255,35.7107784,Day,F,L,A,MYSE
151.909,8443,6/3/2015,5/25/2015,16:18:16,7,30.7,AH0,255,33.6181719,Day,F,L,A,MYSE
151.909,8443,6/3/2015,5/24/2015,16:18:18,7,32.2,AH0,255,35.7107784,Day,F,L,A,MYSE
151.909,8443,6/3/2015,5/24/2015,16:18:20,7,32.2,AH0,255,35.7107784,Day,F,L,A,MYSE
151.909,8443,6/3/2015,5/24/2015,16:18:22,7,32.2,AH0,255,35.7107784,Day,F,L,A,MYSE
151.909,8443,6/3/2015,5/25/2015,16:18:29,7,30.7,AH0,255,33.6181719,Day,F,L,A,MYSE
151.909,8443,6/3/2015,5/29/2015,16:18:29,7,30.8,AH0,221,33.7747296,Day,F,L,A,MYSE
151.909,8443,6/3/2015,5/30/2015,16:18:29,7,34.1,AH0,249,37.6449993,Day,F,L,A,MYSE
151.909,8443,6/3/2015,5/25/2015,16:18:31,7,30.7,AH0,255,33.6181719,Day,F,L,A,MYSE
151.909,8443,6/3/2015,5/29/2015,16:18:31,7,30.8,AH0,223,33.7747296,Day,F,L,A,MYSE
151.909,8443,6/3/2015,5/30/2015,16:18:31,7,34.1,AH0,249,37.6449993,Day,F,L,A,MYSE
151.909,8443,6/3/2015,5/30/2015,16:18:32,7,34.1,AH0,251,37.6449993,Day,F,L,A,MYSE
151.909,8443,6/3/2015,5/25/2015,16:18:33,7,30.7,AH0,255,33.6181719,Day,F,L,A,MYSE
151.909,8443,6/3/2015,5/29/2015,16:18:33,7,30.8,AH0,223,33.7747296,Day,F,L,A,MYSE
151.909,8443,6/3/2015,5/30/2015,16:18:34,7,34.1,AH0,246,37.6449993,Day,F,L,A,MYSE
151.909,8443,6/3/2015,5/24/2015,16:18:35,7,32.2,AH0,255,35.7107784,Day,F,L,A,MYSE
151.909,8443,6/3/2015,5/25/2015,16:18:35,7,30.8,AH0,255,33.7747296,Day,F,L,A,MYSE
151.909,8443,6/3/2015,5/29/2015,16:18:35,7,30.8,AH0,223,33.7747296,Day,F,L,A,MYSE
151.909,8443,6/3/2015,5/24/2015,16:18:36,7,32.2,AH0,255,35.7107784,Day,F,L,A,MYSE
151.909,8443,6/3/2015,5/30/2015,16:18:36,7,34.1,AH0,249,37.6449993,Day,F,L,A,MYSE
151.909,8443,6/3/2015,5/24/2015,16:18:38,7,32.2,AH0,255,35.7107784,Day,F,L,A,MYSE
151.909,8443,6/3/2015,5/24/2015,16:18:40,7,32.2,AH0,255,35.7107784,Day,F,L,A,MYSE
151.909,8443,6/3/2015,5/24/2015,16:18:42,7,32.2,AH0,255,35.7107784,Day,F,L,A,MYSE
151.909,8443,6/3/2015,5/30/2015,16:18:48,7,34.1,AH0,245,37.6449993,Day,F,L,A,MYSE
151.909,8443,6/3/2015,5/25/2015,16:18:49,7,30.8,AH0,255,33.7747296,Day,F,L,A,MYSE
151.909,8443,6/3/2015,5/29/2015,16:18:49,7,30.8,AH0,223,33.7747296,Day,F,L,A,MYSE
151.909,8443,6/3/2015,5/29/2015,16:18:50,7,30.8,AH0,222,33.7747296,Day,F,L,A,MYSE
151.909,8443,6/3/2015,5/30/2015,16:18:50,7,34.1,AH0,246,37.6449993,Day,F,L,A,MYSE
151.909,8443,6/3/2015,5/25/2015,16:18:51,7,30.8,AH0,255,33.7747296,Day,F,L,A,MYSE
151.909,8443,6/3/2015,5/29/2015,16:18:52,7,30.8,AH0,221,33.7747296,Day,F,L,A,MYSE
151.909,8443,6/3/2015,5/30/2015,16:18:52,7,34.1,AH0,249,37.6449993,Day,F,L,A,MYSE
151.909,8443,6/3/2015,5/25/2015,16:18:53,7,30.8,AH0,255,33.7747296,Day,F,L,A,MYSE
151.909,8443,6/3/2015,5/29/2015,16:18:54,7,30.8,AH0,224,33.7747296,Day,F,L,A,MYSE
151.909,8443,6/3/2015,5/30/2015,16:18:54,7,34.1,AH0,245,37.6449993,Day,F,L,A,MYSE
151.909,8443,6/3/2015,5/24/2015,16:18:55,7,32.3,AH0,255,35.8315911,Day,F,L,A,MYSE
151.909,8443,6/3/2015,5/25/2015,16:18:55,7,30.8,AH0,255,33.7747296,Day,F,L,A,MYSE
151.909,8443,6/3/2015,5/30/2015,16:18:55,7,34.1,AH0,248,37.6449993,Day,F,L,A,MYSE
151.909,8443,6/3/2015,5/24/2015,16:18:57,7,32.3,AH0,255,35.8315911,Day,F,L,A,MYSE
151.909,8443,6/3/2015,5/24/2015,16:18:59,7,32.3,AH0,255,35.8315911,Day,F,L,A,MYSE
151.909,8443,6/3/2015,5/24/2015,16:19:01,7,32.3,AH0,255,35.8315911,Day,F,L,A,MYSE
151.909,8443,6/3/2015,5/29/2015,16:19:08,7,30.8,AH0,222,33.7747296,Day,F,L,A,MYSE
151.909,8443,6/3/2015,5/25/2015,16:19:09,7,30.8,AH0,255,33.7747296,Day,F,L,A,MYSE
151.909,8443,6/3/2015,5/30/2015,16:19:09,7,34.1,AH0,248,37.6449993,Day,F,L,A,MYSE
151.909,8443,6/3/2015,5/25/2015,16:19:10,7,30.8,AH0,255,33.7747296,Day,F,L,A,MYSE
151.909,8443,6/3/2015,5/29/2015,16:19:10,7,30.8,AH0,221,33.7747296,Day,F,L,A,MYSE
151.909,8443,6/3/2015,5/30/2015,16:19:11,7,34.1,AH0,246,37.6449993,Day,F,L,A,MYSE
151.909,8443,6/3/2015,5/25/2015,16:19:12,7,30.8,AH0,255,33.7747296,Day,F,L,A,MYSE
151.909,8443,6/3/2015,5/29/2015,16:19:12,7,30.8,AH0,222,33.7747296,Day,F,L,A,MYSE
151.909,8443,6/3/2015,5/30/2015,16:19:13,7,34.1,AH0,250,37.6449993,Day,F,L,A,MYSE
151.909,8443,6/3/2015,5/25/2015,16:19:14,7,30.8,AH0,255,33.7747296,Day,F,L,A,MYSE
151.909,8443,6/3/2015,5/29/2015,16:19:14,7,30.8,AH0,221,33.7747296,Day,F,L,A,MYSE
151.909,8443,6/3/2015,5/30/2015,16:19:15,7,34.1,AH0,248,37.6449993,Day,F,L,A,MYSE
151.909,8443,6/3/2015,5/24/2015,16:19:16,7,32.2,AH0,255,35.7107784,Day,F,L,A,MYSE
151.909,8443,6/3/2015,5/25/2015,16:19:16,7,30.8,AH0,255,33.7747296,Day,F,L,A,MYSE
151.909,8443,6/3/2015,5/24/2015,16:19:17,7,32.2,AH0,255,35.7107784,Day,F,L,A,MYSE
151.909,8443,6/3/2015,5/24/2015,16:19:19,7,32.2,AH0,255,35.7107784,Day,F,L,A,MYSE
151.909,8443,6/3/2015,5/24/2015,16:19:21,7,32.2,AH0,255,35.7107784,Day,F,L,A,MYSE
151.909,8443,6/3/2015,5/29/2015,16:19:29,7,30.8,AH0,225,33.7747296,Day,F,L,A,MYSE
151.909,8443,6/3/2015,5/30/2015,16:19:29,7,34.1,AH0,248,37.6449993,Day,F,L,A,MYSE
151.909,8443,6/3/2015,5/25/2015,16:19:30,7,30.8,AH0,255,33.7747296,Day,F,L,A,MYSE
151.909,8443,6/3/2015,5/30/2015,16:19:30,7,34.1,AH0,249,37.6449993,Day,F,L,A,MYSE
151.909,8443,6/3/2015,5/29/2015,16:19:31,7,30.8,AH0,223,33.7747296,Day,F,L,A,MYSE
151.909,8443,6/3/2015,5/25/2015,16:19:32,7,30.8,AH0,255,33.7747296,Day,F,L,A,MYSE
151.909,8443,6/3/2015,5/30/2015,16:19:32,7,34.1,AH0,249,37.6449993,Day,F,L,A,MYSE
151.909,8443,6/3/2015,5/29/2015,16:19:33,7,30.8,AH0,223,33.7747296,Day,F,L,A,MYSE
151.909,8443,6/3/2015,5/25/2015,16:19:34,7,30.8,AH0,255,33.7747296,Day,F,L,A,MYSE
151.909,8443,6/3/2015,5/30/2015,16:19:34,7,34.1,AH0,246,37.6449993,Day,F,L,A,MYSE
151.909,8443,6/3/2015,5/29/2015,16:19:35,7,30.8,AH0,221,33.7747296,Day,F,L,A,MYSE
151.909,8443,6/3/2015,5/24/2015,16:19:36,7,32.1,AH0,255,35.5877213,Day,F,L,A,MYSE
151.909,8443,6/3/2015,5/25/2015,16:19:36,7,30.8,AH0,255,33.7747296,Day,F,L,A,MYSE
151.909,8443,6/3/2015,5/30/2015,16:19:36,7,34.1,AH0,246,37.6449993,Day,F,L,A,MYSE
151.909,8443,6/3/2015,5/24/2015,16:19:38,7,32.1,AH0,255,35.5877213,Day,F,L,A,MYSE
151.909,8443,6/3/2015,5/24/2015,16:19:40,7,32.1,AH0,255,35.5877213,Day,F,L,A,MYSE
151.909,8443,6/3/2015,5/24/2015,16:19:42,7,32.1,AH0,255,35.5877213,Day,F,L,A,MYSE
151.909,8443,6/3/2015,5/30/2015,16:19:48,7,34.1,AH0,247,37.6449993,Day,F,L,A,MYSE
151.909,8443,6/3/2015,5/25/2015,16:19:49,7,30.8,AH0,255,33.7747296,Day,F,L,A,MYSE
151.909,8443,6/3/2015,5/29/2015,16:19:49,7,30.8,AH0,223,33.7747296,Day,F,L,A,MYSE
151.909,8443,6/3/2015,5/30/2015,16:19:50,7,34.1,AH0,248,37.6449993,Day,F,L,A,MYSE
151.909,8443,6/3/2015,5/25/2015,16:19:51,7,30.8,AH0,255,33.7747296,Day,F,L,A,MYSE
151.909,8443,6/3/2015,5/29/2015,16:19:51,7,30.8,AH0,222,33.7747296,Day,F,L,A,MYSE
151.909,8443,6/3/2015,5/30/2015,16:19:52,7,34.1,AH0,248,37.6449993,Day,F,L,A,MYSE
151.909,8443,6/3/2015,5/25/2015,16:19:53,7,30.8,AH0,255,33.7747296,Day,F,L,A,MYSE
151.909,8443,6/3/2015,5/29/2015,16:19:53,7,30.8,AH0,221,33.7747296,Day,F,L,A,MYSE
151.909,8443,6/3/2015,5/30/2015,16:19:53,7,34.1,AH0,247,37.6449993,Day,F,L,A,MYSE
151.909,8443,6/3/2015,5/24/2015,16:19:55,7,32,AH0,255,35.4624,Day,F,L,A,MYSE
151.909,8443,6/3/2015,5/25/2015,16:19:55,7,30.8,AH0,255,33.7747296,Day,F,L,A,MYSE
151.909,8443,6/3/2015,5/29/2015,16:19:55,7,30.8,AH0,224,33.7747296,Day,F,L,A,MYSE
151.909,8443,6/3/2015,5/30/2015,16:19:55,7,34.1,AH0,249,37.6449993,Day,F,L,A,MYSE
151.909,8443,6/3/2015,5/24/2015,16:19:57,7,32,AH0,255,35.4624,Day,F,L,A,MYSE
151.909,8443,6/3/2015,5/24/2015,16:19:59,7,32,AH0,255,35.4624,Day,F,L,A,MYSE
151.909,8443,6/3/2015,5/24/2015,16:20:00,7,32,AH0,255,35.4624,Day,F,L,A,MYSE
151.909,8443,6/3/2015,5/24/2015,16:20:02,7,32,AH0,255,35.4624,Day,F,L,A,MYSE
151.909,8443,6/3/2015,5/29/2015,16:20:08,7,30.8,AH0,220,33.7747296,Day,F,L,A,MYSE
151.909,8443,6/3/2015,5/25/2015,16:20:09,7,30.8,AH0,255,33.7747296,Day,F,L,A,MYSE
151.909,8443,6/3/2015,5/30/2015,16:20:09,7,34.1,AH0,248,37.6449993,Day,F,L,A,MYSE
151.909,8443,6/3/2015,5/29/2015,16:20:10,7,30.8,AH0,222,33.7747296,Day,F,L,A,MYSE
151.909,8443,6/3/2015,5/25/2015,16:20:11,7,30.8,AH0,255,33.7747296,Day,F,L,A,MYSE
151.909,8443,6/3/2015,5/30/2015,16:20:11,7,34.1,AH0,249,37.6449993,Day,F,L,A,MYSE
151.909,8443,6/3/2015,5/29/2015,16:20:12,7,30.8,AH0,223,33.7747296,Day,F,L,A,MYSE
151.909,8443,6/3/2015,5/25/2015,16:20:13,7,30.8,AH0,255,33.7747296,Day,F,L,A,MYSE
151.909,8443,6/3/2015,5/30/2015,16:20:13,7,34.1,AH0,248,37.6449993,Day,F,L,A,MYSE
151.909,8443,6/3/2015,5/29/2015,16:20:14,7,30.8,AH0,222,33.7747296,Day,F,L,A,MYSE
151.909,8443,6/3/2015,5/30/2015,16:20:14,7,34.1,AH0,249,37.6449993,Day,F,L,A,MYSE
151.909,8443,6/3/2015,5/24/2015,16:20:15,7,32,AH0,255,35.4624,Day,F,L,A,MYSE
151.909,8443,6/3/2015,5/25/2015,16:20:15,7,30.8,AH0,255,33.7747296,Day,F,L,A,MYSE
151.909,8443,6/3/2015,5/24/2015,16:20:17,7,32,AH0,255,35.4624,Day,F,L,A,MYSE
151.909,8443,6/3/2015,5/24/2015,16:20:19,7,32,AH0,255,35.4624,Day,F,L,A,MYSE
151.909,8443,6/3/2015,5/24/2015,16:20:21,7,32,AH0,255,35.4624,Day,F,L,A,MYSE
151.909,8443,6/3/2015,5/25/2015,16:20:27,7,30.8,AH0,255,33.7747296,Day,F,L,A,MYSE
151.909,8443,6/3/2015,5/29/2015,16:20:28,7,30.8,AH0,220,33.7747296,Day,F,L,A,MYSE
151.909,8443,6/3/2015,5/25/2015,16:20:29,7,30.8,AH0,255,33.7747296,Day,F,L,A,MYSE
151.909,8443,6/3/2015,5/30/2015,16:20:29,7,34.1,AH0,246,37.6449993,Day,F,L,A,MYSE
151.909,8443,6/3/2015,5/29/2015,16:20:30,7,30.8,AH0,222,33.7747296,Day,F,L,A,MYSE
151.909,8443,6/3/2015,5/30/2015,16:20:30,7,34.1,AH0,248,37.6449993,Day,F,L,A,MYSE
151.909,8443,6/3/2015,5/25/2015,16:20:31,7,30.8,AH0,255,33.7747296,Day,F,L,A,MYSE
151.909,8443,6/3/2015,5/29/2015,16:20:32,7,30.8,AH0,221,33.7747296,Day,F,L,A,MYSE
151.909,8443,6/3/2015,5/30/2015,16:20:32,7,34.1,AH0,246,37.6449993,Day,F,L,A,MYSE
151.909,8443,6/3/2015,5/25/2015,16:20:33,7,30.8,AH0,255,33.7747296,Day,F,L,A,MYSE
151.909,8443,6/3/2015,5/29/2015,16:20:34,7,30.8,AH0,220,33.7747296,Day,F,L,A,MYSE
151.909,8443,6/3/2015,5/30/2015,16:20:34,7,34.1,AH0,247,37.6449993,Day,F,L,A,MYSE
151.909,8443,6/3/2015,5/25/2015,16:20:35,7,30.8,AH0,255,33.7747296,Day,F,L,A,MYSE
151.909,8443,6/3/2015,5/24/2015,16:20:36,7,31.9,AH0,255,35.3347947,Day,F,L,A,MYSE
151.909,8443,6/3/2015,5/30/2015,16:20:36,7,34.1,AH0,247,37.6449993,Day,F,L,A,MYSE
151.909,8443,6/3/2015,5/24/2015,16:20:38,7,32,AH0,255,35.4624,Day,F,L,A,MYSE
151.909,8443,6/3/2015,5/24/2015,16:20:40,7,32,AH0,255,35.4624,Day,F,L,A,MYSE
151.909,8443,6/3/2015,5/24/2015,16:20:42,7,32,AH0,255,35.4624,Day,F,L,A,MYSE
151.909,8443,6/3/2015,5/30/2015,16:20:48,7,34.1,AH0,248,37.6449993,Day,F,L,A,MYSE
151.909,8443,6/3/2015,5/25/2015,16:20:49,7,30.8,AH0,255,33.7747296,Day,F,L,A,MYSE
151.909,8443,6/3/2015,5/29/2015,16:20:49,7,30.8,AH0,226,33.7747296,Day,F,L,A,MYSE
151.909,8443,6/3/2015,5/30/2015,16:20:50,7,34.1,AH0,247,37.6449993,Day,F,L,A,MYSE
151.909,8443,6/3/2015,5/25/2015,16:20:51,7,30.8,AH0,255,33.7747296,Day,F,L,A,MYSE
151.909,8443,6/3/2015,5/29/2015,16:20:51,7,30.8,AH0,222,33.7747296,Day,F,L,A,MYSE
151.909,8443,6/3/2015,5/30/2015,16:20:51,7,34.1,AH0,249,37.6449993,Day,F,L,A,MYSE
151.909,8443,6/3/2015,5/25/2015,16:20:53,7,30.8,AH0,255,33.7747296,Day,F,L,A,MYSE
151.909,8443,6/3/2015,5/29/2015,16:20:53,7,30.8,AH0,219,33.7747296,Day,F,L,A,MYSE
151.909,8443,6/3/2015,5/30/2015,16:20:53,7,34.1,AH0,248,37.6449993,Day,F,L,A,MYSE
151.909,8443,6/3/2015,5/24/2015,16:20:55,7,32,AH0,255,35.4624,Day,F,L,A,MYSE
151.909,8443,6/3/2015,5/25/2015,16:20:55,7,30.8,AH0,255,33.7747296,Day,F,L,A,MYSE
151.909,8443,6/3/2015,5/29/2015,16:20:55,7,30.8,AH0,226,33.7747296,Day,F,L,A,MYSE
151.909,8443,6/3/2015,5/30/2015,16:20:55,7,34.1,AH0,249,37.6449993,Day,F,L,A,MYSE
151.909,8443,6/3/2015,5/24/2015,16:20:57,7,32,AH0,255,35.4624,Day,F,L,A,MYSE
151.909,8443,6/3/2015,5/24/2015,16:20:59,7,32,AH0,255,35.4624,Day,F,L,A,MYSE
151.909,8443,6/3/2015,5/24/2015,16:21:00,7,32,AH0,255,35.4624,Day,F,L,A,MYSE
151.909,8443,6/3/2015,5/24/2015,16:21:02,7,32,AH0,255,35.4624,Day,F,L,A,MYSE
151.909,8443,6/3/2015,5/25/2015,16:21:08,7,30.8,AH0,255,33.7747296,Day,F,L,A,MYSE
151.909,8443,6/3/2015,5/29/2015,16:21:09,7,30.8,AH0,225,33.7747296,Day,F,L,A,MYSE
151.909,8443,6/3/2015,5/30/2015,16:21:09,7,34.1,AH0,247,37.6449993,Day,F,L,A,MYSE
151.909,8443,6/3/2015,5/25/2015,16:21:10,7,30.8,AH0,255,33.7747296,Day,F,L,A,MYSE
151.909,8443,6/3/2015,5/29/2015,16:21:11,7,30.8,AH0,225,33.7747296,Day,F,L,A,MYSE
151.909,8443,6/3/2015,5/30/2015,16:21:11,7,34.1,AH0,247,37.6449993,Day,F,L,A,MYSE
151.909,8443,6/3/2015,5/25/2015,16:21:12,7,30.8,AH0,255,33.7747296,Day,F,L,A,MYSE
151.909,8443,6/3/2015,5/29/2015,16:21:13,7,30.8,AH0,226,33.7747296,Day,F,L,A,MYSE
151.909,8443,6/3/2015,5/30/2015,16:21:13,7,34.1,AH0,250,37.6449993,Day,F,L,A,MYSE
151.909,8443,6/3/2015,5/25/2015,16:21:14,7,30.8,AH0,255,33.7747296,Day,F,L,A,MYSE
151.909,8443,6/3/2015,5/30/2015,16:21:14,7,34.1,AH0,249,37.6449993,Day,F,L,A,MYSE
151.909,8443,6/3/2015,5/24/2015,16:21:15,7,32,AH0,255,35.4624,Day,F,L,A,MYSE
151.909,8443,6/3/2015,5/29/2015,16:21:15,7,30.8,AH0,222,33.7747296,Day,F,L,A,MYSE
151.909,8443,6/3/2015,5/24/2015,16:21:17,7,32,AH0,255,35.4624,Day,F,L,A,MYSE
151.909,8443,6/3/2015,5/24/2015,16:21:19,7,32,AH0,255,35.4624,Day,F,L,A,MYSE
151.909,8443,6/3/2015,5/24/2015,16:21:21,7,32,AH0,255,35.4624,Day,F,L,A,MYSE
151.909,8443,6/3/2015,5/25/2015,16:21:28,7,30.8,AH0,255,33.7747296,Day,F,L,A,MYSE
151.909,8443,6/3/2015,5/29/2015,16:21:28,7,30.8,AH0,222,33.7747296,Day,F,L,A,MYSE
151.909,8443,6/3/2015,5/30/2015,16:21:28,7,34.1,AH0,247,37.6449993,Day,F,L,A,MYSE
151.909,8443,6/3/2015,5/25/2015,16:21:30,7,30.8,AH0,255,33.7747296,Day,F,L,A,MYSE
151.909,8443,6/3/2015,5/29/2015,16:21:30,7,30.8,AH0,223,33.7747296,Day,F,L,A,MYSE
151.909,8443,6/3/2015,5/30/2015,16:21:30,7,34.1,AH0,248,37.6449993,Day,F,L,A,MYSE
151.909,8443,6/3/2015,5/25/2015,16:21:32,7,30.8,AH0,255,33.7747296,Day,F,L,A,MYSE
151.909,8443,6/3/2015,5/29/2015,16:21:32,7,30.8,AH0,220,33.7747296,Day,F,L,A,MYSE
151.909,8443,6/3/2015,5/30/2015,16:21:32,7,34.1,AH0,249,37.6449993,Day,F,L,A,MYSE
151.909,8443,6/3/2015,5/25/2015,16:21:34,7,30.8,AH0,255,33.7747296,Day,F,L,A,MYSE
151.909,8443,6/3/2015,5/29/2015,16:21:34,7,30.8,AH0,224,33.7747296,Day,F,L,A,MYSE
151.909,8443,6/3/2015,5/30/2015,16:21:34,7,34.1,AH0,249,37.6449993,Day,F,L,A,MYSE
151.909,8443,6/3/2015,5/30/2015,16:21:35,7,34.1,AH0,245,37.6449993,Day,F,L,A,MYSE
151.909,8443,6/3/2015,5/24/2015,16:21:36,7,32,AH0,255,35.4624,Day,F,L,A,MYSE
151.909,8443,6/3/2015,5/24/2015,16:21:38,7,32,AH0,255,35.4624,Day,F,L,A,MYSE
151.909,8443,6/3/2015,5/24/2015,16:21:40,7,32,AH0,255,35.4624,Day,F,L,A,MYSE
151.909,8443,6/3/2015,5/24/2015,16:21:42,7,32,AH0,255,35.4624,Day,F,L,A,MYSE
151.909,8443,6/3/2015,5/29/2015,16:21:48,7,30.8,AH0,224,33.7747296,Day,F,L,A,MYSE
151.909,8443,6/3/2015,5/25/2015,16:21:49,7,30.8,AH0,255,33.7747296,Day,F,L,A,MYSE
151.909,8443,6/3/2015,5/29/2015,16:21:50,7,30.8,AH0,225,33.7747296,Day,F,L,A,MYSE
151.909,8443,6/3/2015,5/30/2015,16:21:50,7,34.1,AH0,249,37.6449993,Day,F,L,A,MYSE
151.909,8443,6/3/2015,5/25/2015,16:21:51,7,30.8,AH0,255,33.7747296,Day,F,L,A,MYSE
151.909,8443,6/3/2015,5/30/2015,16:21:51,7,34.1,AH0,247,37.6449993,Day,F,L,A,MYSE
151.909,8443,6/3/2015,5/29/2015,16:21:52,7,30.8,AH0,223,33.7747296,Day,F,L,A,MYSE
151.909,8443,6/3/2015,5/25/2015,16:21:53,7,30.8,AH0,255,33.7747296,Day,F,L,A,MYSE
151.909,8443,6/3/2015,5/30/2015,16:21:53,7,34.1,AH0,248,37.6449993,Day,F,L,A,MYSE
151.909,8443,6/3/2015,5/29/2015,16:21:54,7,30.8,AH0,222,33.7747296,Day,F,L,A,MYSE
151.909,8443,6/3/2015,5/24/2015,16:21:55,7,32,AH0,255,35.4624,Day,F,L,A,MYSE
151.909,8443,6/3/2015,5/25/2015,16:21:55,7,30.8,AH0,255,33.7747296,Day,F,L,A,MYSE
151.909,8443,6/3/2015,5/30/2015,16:21:55,7,34.1,AH0,248,37.6449993,Day,F,L,A,MYSE
151.909,8443,6/3/2015,5/24/2015,16:21:57,7,32,AH0,255,35.4624,Day,F,L,A,MYSE
151.909,8443,6/3/2015,5/24/2015,16:21:59,7,32,AH0,255,35.4624,Day,F,L,A,MYSE
151.909,8443,6/3/2015,5/24/2015,16:22:01,7,32,AH0,255,35.4624,Day,F,L,A,MYSE
151.909,8443,6/3/2015,5/25/2015,16:22:09,7,30.8,AH0,255,33.7747296,Day,F,L,A,MYSE
151.909,8443,6/3/2015,5/29/2015,16:22:09,7,30.8,AH0,226,33.7747296,Day,F,L,A,MYSE
151.909,8443,6/3/2015,5/30/2015,16:22:09,7,34.1,AH0,249,37.6449993,Day,F,L,A,MYSE
151.909,8443,6/3/2015,5/25/2015,16:22:11,7,30.8,AH0,255,33.7747296,Day,F,L,A,MYSE
151.909,8443,6/3/2015,5/29/2015,16:22:11,7,30.8,AH0,222,33.7747296,Day,F,L,A,MYSE
151.909,8443,6/3/2015,5/30/2015,16:22:11,7,34.1,AH0,250,37.6449993,Day,F,L,A,MYSE
151.909,8443,6/3/2015,5/30/2015,16:22:12,7,34.1,AH0,246,37.6449993,Day,F,L,A,MYSE
151.909,8443,6/3/2015,5/25/2015,16:22:13,7,30.8,AH0,255,33.7747296,Day,F,L,A,MYSE
151.909,8443,6/3/2015,5/29/2015,16:22:13,7,30.8,AH0,225,33.7747296,Day,F,L,A,MYSE
151.909,8443,6/3/2015,5/25/2015,16:22:14,7,30.8,AH0,255,33.7747296,Day,F,L,A,MYSE
151.909,8443,6/3/2015,5/30/2015,16:22:14,7,34.1,AH0,248,37.6449993,Day,F,L,A,MYSE
151.909,8443,6/3/2015,5/24/2015,16:22:15,7,32,AH0,255,35.4624,Day,F,L,A,MYSE
151.909,8443,6/3/2015,5/29/2015,16:22:15,7,30.8,AH0,223,33.7747296,Day,F,L,A,MYSE
151.909,8443,6/3/2015,5/30/2015,16:22:16,7,34.1,AH0,246,37.6449993,Day,F,L,A,MYSE
151.909,8443,6/3/2015,5/24/2015,16:22:17,7,32,AH0,255,35.4624,Day,F,L,A,MYSE
151.909,8443,6/3/2015,5/24/2015,16:22:19,7,32,AH0,255,35.4624,Day,F,L,A,MYSE
151.909,8443,6/3/2015,5/24/2015,16:22:21,7,32,AH0,255,35.4624,Day,F,L,A,MYSE
151.909,8443,6/3/2015,5/25/2015,16:22:28,7,30.8,AH0,255,33.7747296,Day,F,L,A,MYSE
151.909,8443,6/3/2015,5/30/2015,16:22:28,7,34.1,AH0,250,37.6449993,Day,F,L,A,MYSE
151.909,8443,6/3/2015,5/29/2015,16:22:29,7,30.8,AH0,225,33.7747296,Day,F,L,A,MYSE
151.909,8443,6/3/2015,5/25/2015,16:22:30,7,30.8,AH0,255,33.7747296,Day,F,L,A,MYSE
151.909,8443,6/3/2015,5/30/2015,16:22:30,7,34.1,AH0,248,37.6449993,Day,F,L,A,MYSE
151.909,8443,6/3/2015,5/29/2015,16:22:31,7,30.8,AH0,224,33.7747296,Day,F,L,A,MYSE
151.909,8443,6/3/2015,5/25/2015,16:22:32,7,30.8,AH0,255,33.7747296,Day,F,L,A,MYSE
151.909,8443,6/3/2015,5/30/2015,16:22:32,7,34.1,AH0,248,37.6449993,Day,F,L,A,MYSE
151.909,8443,6/3/2015,5/29/2015,16:22:33,7,30.8,AH0,221,33.7747296,Day,F,L,A,MYSE
151.909,8443,6/3/2015,5/25/2015,16:22:34,7,30.8,AH0,255,33.7747296,Day,F,L,A,MYSE
151.909,8443,6/3/2015,5/30/2015,16:22:34,7,34.1,AH0,249,37.6449993,Day,F,L,A,MYSE
151.909,8443,6/3/2015,5/29/2015,16:22:35,7,30.8,AH0,222,33.7747296,Day,F,L,A,MYSE
151.909,8443,6/3/2015,5/30/2015,16:22:35,7,34.1,AH0,248,37.6449993,Day,F,L,A,MYSE
151.909,8443,6/3/2015,5/24/2015,16:22:36,7,32,AH0,255,35.4624,Day,F,L,A,MYSE
151.909,8443,6/3/2015,5/24/2015,16:22:38,7,32,AH0,255,35.4624,Day,F,L,A,MYSE
151.909,8443,6/3/2015,5/24/2015,16:22:40,7,32,AH0,255,35.4624,Day,F,L,A,MYSE
151.909,8443,6/3/2015,5/24/2015,16:22:42,7,32,AH0,255,35.4624,Day,F,L,A,MYSE
151.909,8443,6/3/2015,5/25/2015,16:22:48,7,30.8,AH0,255,33.7747296,Day,F,L,A,MYSE
151.909,8443,6/3/2015,5/29/2015,16:22:48,7,30.8,AH0,217,33.7747296,Day,F,L,A,MYSE
151.909,8443,6/3/2015,5/30/2015,16:22:49,7,34.1,AH0,244,37.6449993,Day,F,L,A,MYSE
151.909,8443,6/3/2015,5/25/2015,16:22:50,7,30.8,AH0,255,33.7747296,Day,F,L,A,MYSE
151.909,8443,6/3/2015,5/29/2015,16:22:50,7,30.8,AH0,216,33.7747296,Day,F,L,A,MYSE
151.909,8443,6/3/2015,5/25/2015,16:22:51,7,30.8,AH0,255,33.7747296,Day,F,L,A,MYSE
151.909,8443,6/3/2015,5/30/2015,16:22:51,7,34.1,AH0,246,37.6449993,Day,F,L,A,MYSE
151.909,8443,6/3/2015,5/29/2015,16:22:52,7,30.8,AH0,216,33.7747296,Day,F,L,A,MYSE
151.909,8443,6/3/2015,5/25/2015,16:22:53,7,30.8,AH0,255,33.7747296,Day,F,L,A,MYSE
151.909,8443,6/3/2015,5/30/2015,16:22:53,7,34.1,AH0,248,37.6449993,Day,F,L,A,MYSE
151.909,8443,6/3/2015,5/29/2015,16:22:54,7,30.8,AH0,219,33.7747296,Day,F,L,A,MYSE
151.909,8443,6/3/2015,5/24/2015,16:22:55,7,31.9,AH0,255,35.3347947,Day,F,L,A,MYSE
151.909,8443,6/3/2015,5/30/2015,16:22:55,7,34.1,AH0,249,37.6449993,Day,F,L,A,MYSE
151.909,8443,6/3/2015,5/24/2015,16:22:57,7,31.9,AH0,255,35.3347947,Day,F,L,A,MYSE
151.909,8443,6/3/2015,5/24/2015,16:22:59,7,31.9,AH0,255,35.3347947,Day,F,L,A,MYSE
151.909,8443,6/3/2015,5/24/2015,16:23:01,7,31.9,AH0,255,35.3347947,Day,F,L,A,MYSE
151.909,8443,6/3/2015,5/29/2015,16:23:08,7,30.8,AH0,219,33.7747296,Day,F,L,A,MYSE
151.909,8443,6/3/2015,5/25/2015,16:23:09,7,30.8,AH0,255,33.7747296,Day,F,L,A,MYSE
151.909,8443,6/3/2015,5/30/2015,16:23:09,7,34,AH0,244,37.5612,Day,F,L,A,MYSE
151.909,8443,6/3/2015,5/29/2015,16:23:10,7,30.8,AH0,221,33.7747296,Day,F,L,A,MYSE
151.909,8443,6/3/2015,5/25/2015,16:23:11,7,30.8,AH0,255,33.7747296,Day,F,L,A,MYSE
151.909,8443,6/3/2015,5/30/2015,16:23:11,7,34,AH0,247,37.5612,Day,F,L,A,MYSE
151.909,8443,6/3/2015,5/29/2015,16:23:12,7,30.8,AH0,219,33.7747296,Day,F,L,A,MYSE
151.909,8443,6/3/2015,5/30/2015,16:23:12,7,34,AH0,247,37.5612,Day,F,L,A,MYSE
151.909,8443,6/3/2015,5/25/2015,16:23:13,7,30.8,AH0,255,33.7747296,Day,F,L,A,MYSE
151.909,8443,6/3/2015,5/29/2015,16:23:14,7,30.8,AH0,219,33.7747296,Day,F,L,A,MYSE
151.909,8443,6/3/2015,5/30/2015,16:23:14,7,34,AH0,249,37.5612,Day,F,L,A,MYSE
151.909,8443,6/3/2015,5/25/2015,16:23:15,7,30.8,AH0,255,33.7747296,Day,F,L,A,MYSE
151.909,8443,6/3/2015,5/24/2015,16:23:16,7,32,AH0,255,35.4624,Day,F,L,A,MYSE
151.909,8443,6/3/2015,5/29/2015,16:23:16,7,30.8,AH0,215,33.7747296,Day,F,L,A,MYSE
151.909,8443,6/3/2015,5/30/2015,16:23:16,7,34,AH0,249,37.5612,Day,F,L,A,MYSE
151.909,8443,6/3/2015,5/24/2015,16:23:17,7,32,AH0,255,35.4624,Day,F,L,A,MYSE
151.909,8443,6/3/2015,5/24/2015,16:23:19,7,32,AH0,255,35.4624,Day,F,L,A,MYSE
151.909,8443,6/3/2015,5/24/2015,16:23:21,7,32,AH0,255,35.4624,Day,F,L,A,MYSE
151.909,8443,6/3/2015,5/30/2015,16:23:28,7,34,AH0,250,37.5612,Day,F,L,A,MYSE
151.909,8443,6/3/2015,5/25/2015,16:23:29,7,30.7,AH0,255,33.6181719,Day,F,L,A,MYSE
151.909,8443,6/3/2015,5/29/2015,16:23:29,7,30.8,AH0,218,33.7747296,Day,F,L,A,MYSE
151.909,8443,6/3/2015,5/30/2015,16:23:30,7,34,AH0,249,37.5612,Day,F,L,A,MYSE
151.909,8443,6/3/2015,5/25/2015,16:23:31,7,30.7,AH0,255,33.6181719,Day,F,L,A,MYSE
151.909,8443,6/3/2015,5/29/2015,16:23:31,7,30.8,AH0,217,33.7747296,Day,F,L,A,MYSE
151.909,8443,6/3/2015,5/25/2015,16:23:32,7,30.7,AH0,255,33.6181719,Day,F,L,A,MYSE
151.909,8443,6/3/2015,5/30/2015,16:23:32,7,34,AH0,246,37.5612,Day,F,L,A,MYSE
151.909,8443,6/3/2015,5/29/2015,16:23:33,7,30.8,AH0,219,33.7747296,Day,F,L,A,MYSE
151.909,8443,6/3/2015,5/24/2015,16:23:34,7,32,AH0,255,35.4624,Day,F,L,A,MYSE
151.909,8443,6/3/2015,5/25/2015,16:23:34,7,30.7,AH0,255,33.6181719,Day,F,L,A,MYSE
151.909,8443,6/3/2015,5/30/2015,16:23:34,7,34,AH0,247,37.5612,Day,F,L,A,MYSE
151.909,8443,6/3/2015,5/29/2015,16:23:35,7,30.8,AH0,219,33.7747296,Day,F,L,A,MYSE
151.909,8443,6/3/2015,5/30/2015,16:23:35,7,34,AH0,247,37.5612,Day,F,L,A,MYSE
151.909,8443,6/3/2015,5/24/2015,16:23:36,7,32,AH0,255,35.4624,Day,F,L,A,MYSE
151.909,8443,6/3/2015,5/24/2015,16:23:38,7,32,AH0,255,35.4624,Day,F,L,A,MYSE
151.909,8443,6/3/2015,5/24/2015,16:23:40,7,32,AH0,255,35.4624,Day,F,L,A,MYSE
151.909,8443,6/3/2015,5/24/2015,16:23:42,7,32,AH0,255,35.4624,Day,F,L,A,MYSE
151.909,8443,6/3/2015,5/25/2015,16:23:48,7,30.8,AH0,255,33.7747296,Day,F,L,A,MYSE
151.909,8443,6/3/2015,5/29/2015,16:23:49,7,30.8,AH0,223,33.7747296,Day,F,L,A,MYSE
151.909,8443,6/3/2015,5/30/2015,16:23:49,7,34,AH0,249,37.5612,Day,F,L,A,MYSE
151.909,8443,6/3/2015,5/25/2015,16:23:50,7,30.8,AH0,255,33.7747296,Day,F,L,A,MYSE
151.909,8443,6/3/2015,5/29/2015,16:23:51,7,30.8,AH0,228,33.7747296,Day,F,L,A,MYSE
151.909,8443,6/3/2015,5/30/2015,16:23:51,7,34,AH0,250,37.5612,Day,F,L,A,MYSE
151.909,8443,6/3/2015,5/25/2015,16:23:52,7,30.8,AH0,255,33.7747296,Day,F,L,A,MYSE
151.909,8443,6/3/2015,5/29/2015,16:23:53,7,30.8,AH0,228,33.7747296,Day,F,L,A,MYSE
151.909,8443,6/3/2015,5/30/2015,16:23:53,7,34,AH0,247,37.5612,Day,F,L,A,MYSE
151.909,8443,6/3/2015,5/25/2015,16:23:54,7,30.8,AH0,255,33.7747296,Day,F,L,A,MYSE
151.909,8443,6/3/2015,5/24/2015,16:23:55,7,32,AH0,255,35.4624,Day,F,L,A,MYSE
151.909,8443,6/3/2015,5/29/2015,16:23:55,7,30.8,AH0,228,33.7747296,Day,F,L,A,MYSE
151.909,8443,6/3/2015,5/30/2015,16:23:55,7,34,AH0,249,37.5612,Day,F,L,A,MYSE
151.909,8443,6/3/2015,5/24/2015,16:23:57,7,32,AH0,255,35.4624,Day,F,L,A,MYSE
151.909,8443,6/3/2015,5/24/2015,16:23:59,7,32,AH0,255,35.4624,Day,F,L,A,MYSE
151.909,8443,6/3/2015,5/24/2015,16:24:01,7,32,AH0,255,35.4624,Day,F,L,A,MYSE
151.909,8443,6/3/2015,5/25/2015,16:24:08,7,30.9,AH0,255,33.9287657,Day,F,L,A,MYSE
151.909,8443,6/3/2015,5/29/2015,16:24:08,7,30.8,AH0,220,33.7747296,Day,F,L,A,MYSE
151.909,8443,6/3/2015,5/25/2015,16:24:09,7,30.9,AH0,255,33.9287657,Day,F,L,A,MYSE
151.909,8443,6/3/2015,5/30/2015,16:24:09,7,34,AH0,247,37.5612,Day,F,L,A,MYSE
151.909,8443,6/3/2015,5/29/2015,16:24:10,7,30.8,AH0,226,33.7747296,Day,F,L,A,MYSE
151.909,8443,6/3/2015,5/25/2015,16:24:11,7,30.9,AH0,255,33.9287657,Day,F,L,A,MYSE
151.909,8443,6/3/2015,5/30/2015,16:24:11,7,34,AH0,250,37.5612,Day,F,L,A,MYSE
151.909,8443,6/3/2015,5/29/2015,16:24:12,7,30.8,AH0,226,33.7747296,Day,F,L,A,MYSE
151.909,8443,6/3/2015,5/30/2015,16:24:12,7,34,AH0,250,37.5612,Day,F,L,A,MYSE
151.909,8443,6/3/2015,5/25/2015,16:24:13,7,30.9,AH0,255,33.9287657,Day,F,L,A,MYSE
151.909,8443,6/3/2015,5/29/2015,16:24:14,7,30.8,AH0,225,33.7747296,Day,F,L,A,MYSE
151.909,8443,6/3/2015,5/30/2015,16:24:14,7,34,AH0,250,37.5612,Day,F,L,A,MYSE
151.909,8443,6/3/2015,5/24/2015,16:24:16,7,32.1,AH0,255,35.5877213,Day,F,L,A,MYSE
151.909,8443,6/3/2015,5/30/2015,16:24:16,7,34,AH0,247,37.5612,Day,F,L,A,MYSE
151.909,8443,6/3/2015,5/24/2015,16:24:17,7,32.1,AH0,255,35.5877213,Day,F,L,A,MYSE
151.909,8443,6/3/2015,5/24/2015,16:24:19,7,32.1,AH0,255,35.5877213,Day,F,L,A,MYSE
151.909,8443,6/3/2015,5/24/2015,16:24:21,7,32.1,AH0,255,35.5877213,Day,F,L,A,MYSE
151.909,8443,6/3/2015,5/29/2015,16:24:28,7,30.8,AH0,227,33.7747296,Day,F,L,A,MYSE
151.909,8443,6/3/2015,5/30/2015,16:24:28,7,34,AH0,247,37.5612,Day,F,L,A,MYSE
151.909,8443,6/3/2015,5/25/2015,16:24:29,7,30.9,AH0,255,33.9287657,Day,F,L,A,MYSE
151.909,8443,6/3/2015,5/29/2015,16:24:30,7,30.8,AH0,223,33.7747296,Day,F,L,A,MYSE
151.909,8443,6/3/2015,5/30/2015,16:24:30,7,34,AH0,249,37.5612,Day,F,L,A,MYSE
151.909,8443,6/3/2015,5/25/2015,16:24:31,7,30.9,AH0,255,33.9287657,Day,F,L,A,MYSE
151.909,8443,6/3/2015,5/29/2015,16:24:32,7,30.7,AH0,230,33.6181719,Day,F,L,A,MYSE
151.909,8443,6/3/2015,5/30/2015,16:24:32,7,34,AH0,250,37.5612,Day,F,L,A,MYSE
151.909,8443,6/3/2015,5/25/2015,16:24:33,7,31,AH0,255,34.0803,Day,F,L,A,MYSE
151.909,8443,6/3/2015,5/24/2015,16:24:34,7,32.2,AH0,255,35.7107784,Day,F,L,A,MYSE
151.909,8443,6/3/2015,5/29/2015,16:24:34,7,30.7,AH0,229,33.6181719,Day,F,L,A,MYSE
151.909,8443,6/3/2015,5/30/2015,16:24:34,7,34,AH0,248,37.5612,Day,F,L,A,MYSE
151.909,8443,6/3/2015,5/25/2015,16:24:35,7,31,AH0,255,34.0803,Day,F,L,A,MYSE
151.909,8443,6/3/2015,5/29/2015,16:24:35,7,30.7,AH0,229,33.6181719,Day,F,L,A,MYSE
151.909,8443,6/3/2015,5/30/2015,16:24:35,7,34,AH0,249,37.5612,Day,F,L,A,MYSE
151.909,8443,6/3/2015,5/24/2015,16:24:36,7,32.1,AH0,255,35.5877213,Day,F,L,A,MYSE
151.909,8443,6/3/2015,5/24/2015,16:24:38,7,32.2,AH0,255,35.7107784,Day,F,L,A,MYSE
151.909,8443,6/3/2015,5/24/2015,16:24:40,7,32.2,AH0,255,35.7107784,Day,F,L,A,MYSE
151.909,8443,6/3/2015,5/24/2015,16:24:42,7,32.2,AH0,255,35.7107784,Day,F,L,A,MYSE
151.909,8443,6/3/2015,5/25/2015,16:24:48,7,31,AH0,255,34.0803,Day,F,L,A,MYSE
151.909,8443,6/3/2015,5/29/2015,16:24:49,7,30.6,AH0,242,33.4590728,Day,F,L,A,MYSE
151.909,8443,6/3/2015,5/30/2015,16:24:49,7,34,AH0,248,37.5612,Day,F,L,A,MYSE
151.909,8443,6/3/2015,5/25/2015,16:24:50,7,31,AH0,255,34.0803,Day,F,L,A,MYSE
151.909,8443,6/3/2015,5/29/2015,16:24:51,7,30.6,AH0,231,33.4590728,Day,F,L,A,MYSE
151.909,8443,6/3/2015,5/30/2015,16:24:51,7,34,AH0,248,37.5612,Day,F,L,A,MYSE
151.909,8443,6/3/2015,5/25/2015,16:24:52,7,31,AH0,255,34.0803,Day,F,L,A,MYSE
151.909,8443,6/3/2015,5/29/2015,16:24:53,7,30.6,AH0,230,33.4590728,Day,F,L,A,MYSE
151.909,8443,6/3/2015,5/30/2015,16:24:53,7,34,AH0,247,37.5612,Day,F,L,A,MYSE
151.909,8443,6/3/2015,5/25/2015,16:24:54,7,31,AH0,255,34.0803,Day,F,L,A,MYSE
151.909,8443,6/3/2015,5/24/2015,16:24:55,7,32.1,AH0,255,35.5877213,Day,F,L,A,MYSE
151.909,8443,6/3/2015,5/29/2015,16:24:55,7,30.6,AH0,232,33.4590728,Day,F,L,A,MYSE
151.909,8443,6/3/2015,5/30/2015,16:24:55,7,34,AH0,249,37.5612,Day,F,L,A,MYSE
151.909,8443,6/3/2015,5/24/2015,16:24:57,7,32.1,AH0,255,35.5877213,Day,F,L,A,MYSE
151.909,8443,6/3/2015,5/24/2015,16:24:59,7,32.1,AH0,255,35.5877213,Day,F,L,A,MYSE
151.909,8443,6/3/2015,5/24/2015,16:25:00,7,32.1,AH0,255,35.5877213,Day,F,L,A,MYSE
151.909,8443,6/3/2015,5/24/2015,16:25:02,7,32,AH0,255,35.4624,Day,F,L,A,MYSE
151.909,8443,6/3/2015,5/25/2015,16:25:08,7,31.1,AH0,255,34.2293523,Day,F,L,A,MYSE
151.909,8443,6/3/2015,5/29/2015,16:25:09,7,30.7,AH0,209,33.6181719,Day,F,L,A,MYSE
151.909,8443,6/3/2015,5/30/2015,16:25:09,7,33.9,AH0,245,37.4755127,Day,F,L,A,MYSE
151.909,8443,6/3/2015,5/25/2015,16:25:10,7,31.1,AH0,255,34.2293523,Day,F,L,A,MYSE
151.909,8443,6/3/2015,5/25/2015,16:25:11,7,31.1,AH0,255,34.2293523,Day,F,L,A,MYSE
151.909,8443,6/3/2015,5/29/2015,16:25:11,7,30.6,AH0,218,33.4590728,Day,F,L,A,MYSE
151.909,8443,6/3/2015,5/30/2015,16:25:11,7,33.9,AH0,248,37.4755127,Day,F,L,A,MYSE
151.909,8443,6/3/2015,5/30/2015,16:25:12,7,34,AH0,249,37.5612,Day,F,L,A,MYSE
151.909,8443,6/3/2015,5/25/2015,16:25:13,7,31.1,AH0,255,34.2293523,Day,F,L,A,MYSE
151.909,8443,6/3/2015,5/29/2015,16:25:13,7,30.6,AH0,215,33.4590728,Day,F,L,A,MYSE
151.909,8443,6/3/2015,5/30/2015,16:25:14,7,34,AH0,249,37.5612,Day,F,L,A,MYSE
151.909,8443,6/3/2015,5/24/2015,16:25:15,7,32,AH0,255,35.4624,Day,F,L,A,MYSE
151.909,8443,6/3/2015,5/29/2015,16:25:15,7,30.5,AH0,219,33.2974125,Day,F,L,A,MYSE
151.909,8443,6/3/2015,5/30/2015,16:25:16,7,34,AH0,250,37.5612,Day,F,L,A,MYSE
151.909,8443,6/3/2015,5/24/2015,16:25:17,7,32,AH0,255,35.4624,Day,F,L,A,MYSE
151.909,8443,6/3/2015,5/24/2015,16:25:19,7,32,AH0,255,35.4624,Day,F,L,A,MYSE
151.909,8443,6/3/2015,5/24/2015,16:25:21,7,32,AH0,255,35.4624,Day,F,L,A,MYSE
151.909,8443,6/3/2015,5/29/2015,16:25:28,7,30.4,AH0,232,33.1331712,Day,F,L,A,MYSE
151.909,8443,6/3/2015,5/30/2015,16:25:28,7,34,AH0,250,37.5612,Day,F,L,A,MYSE
151.909,8443,6/3/2015,5/25/2015,16:25:29,7,31.1,AH0,255,34.2293523,Day,F,L,A,MYSE
151.909,8443,6/3/2015,5/29/2015,16:25:30,7,30.4,AH0,232,33.1331712,Day,F,L,A,MYSE
151.909,8443,6/3/2015,5/30/2015,16:25:30,7,34,AH0,248,37.5612,Day,F,L,A,MYSE
151.909,8443,6/3/2015,5/25/2015,16:25:31,7,31.1,AH0,255,34.2293523,Day,F,L,A,MYSE
151.909,8443,6/3/2015,5/29/2015,16:25:32,7,30.4,AH0,231,33.1331712,Day,F,L,A,MYSE
151.909,8443,6/3/2015,5/30/2015,16:25:32,7,34,AH0,248,37.5612,Day,F,L,A,MYSE
151.909,8443,6/3/2015,5/25/2015,16:25:33,7,31.1,AH0,255,34.2293523,Day,F,L,A,MYSE
151.909,8443,6/3/2015,5/29/2015,16:25:34,7,30.4,AH0,230,33.1331712,Day,F,L,A,MYSE
151.909,8443,6/3/2015,5/30/2015,16:25:34,7,34,AH0,247,37.5612,Day,F,L,A,MYSE
151.909,8443,6/3/2015,5/25/2015,16:25:35,7,31.1,AH0,255,34.2293523,Day,F,L,A,MYSE
151.909,8443,6/3/2015,5/30/2015,16:25:35,7,34,AH0,247,37.5612,Day,F,L,A,MYSE
151.909,8443,6/3/2015,5/24/2015,16:25:36,7,31.9,AH0,255,35.3347947,Day,F,L,A,MYSE
151.909,8443,6/3/2015,5/24/2015,16:25:38,7,32,AH0,255,35.4624,Day,F,L,A,MYSE
151.909,8443,6/3/2015,5/24/2015,16:25:40,7,31.9,AH0,255,35.3347947,Day,F,L,A,MYSE
151.909,8443,6/3/2015,5/24/2015,16:25:42,7,31.9,AH0,255,35.3347947,Day,F,L,A,MYSE
151.909,8443,6/3/2015,5/25/2015,16:25:48,7,31.1,AH0,255,34.2293523,Day,F,L,A,MYSE
151.909,8443,6/3/2015,5/29/2015,16:25:48,7,30.3,AH0,227,32.9663291,Day,F,L,A,MYSE
151.909,8443,6/3/2015,5/25/2015,16:25:50,7,31.1,AH0,255,34.2293523,Day,F,L,A,MYSE
151.909,8443,6/3/2015,5/29/2015,16:25:50,7,30.3,AH0,228,32.9663291,Day,F,L,A,MYSE
151.909,8443,6/3/2015,5/30/2015,16:25:50,7,34,AH0,247,37.5612,Day,F,L,A,MYSE
151.909,8443,6/3/2015,5/30/2015,16:25:51,7,34,AH0,246,37.5612,Day,F,L,A,MYSE
151.909,8443,6/3/2015,5/25/2015,16:25:52,7,31.1,AH0,255,34.2293523,Day,F,L,A,MYSE
151.909,8443,6/3/2015,5/29/2015,16:25:52,7,30.3,AH0,226,32.9663291,Day,F,L,A,MYSE
151.909,8443,6/3/2015,5/30/2015,16:25:53,7,34,AH0,246,37.5612,Day,F,L,A,MYSE
151.909,8443,6/3/2015,5/25/2015,16:25:54,7,31.1,AH0,255,34.2293523,Day,F,L,A,MYSE
151.909,8443,6/3/2015,5/29/2015,16:25:54,7,30.3,AH0,231,32.9663291,Day,F,L,A,MYSE
151.909,8443,6/3/2015,5/24/2015,16:25:55,7,31.9,AH0,255,35.3347947,Day,F,L,A,MYSE
151.909,8443,6/3/2015,5/30/2015,16:25:55,7,34,AH0,247,37.5612,Day,F,L,A,MYSE
151.909,8443,6/3/2015,5/24/2015,16:25:57,7,31.9,AH0,255,35.3347947,Day,F,L,A,MYSE
151.909,8443,6/3/2015,5/24/2015,16:25:59,7,31.9,AH0,255,35.3347947,Day,F,L,A,MYSE
151.909,8443,6/3/2015,5/24/2015,16:26:00,7,31.9,AH0,255,35.3347947,Day,F,L,A,MYSE
151.909,8443,6/3/2015,5/25/2015,16:26:07,7,31.1,AH0,255,34.2293523,Day,F,L,A,MYSE
151.909,8443,6/3/2015,5/29/2015,16:26:08,7,30.3,AH0,231,32.9663291,Day,F,L,A,MYSE
151.909,8443,6/3/2015,5/25/2015,16:26:09,7,31.2,AH0,255,34.3759424,Day,F,L,A,MYSE
151.909,8443,6/3/2015,5/30/2015,16:26:09,7,34,AH0,245,37.5612,Day,F,L,A,MYSE
151.909,8443,6/3/2015,5/29/2015,16:26:10,7,30.3,AH0,230,32.9663291,Day,F,L,A,MYSE
151.909,8443,6/3/2015,5/25/2015,16:26:11,7,31.2,AH0,255,34.3759424,Day,F,L,A,MYSE
151.909,8443,6/3/2015,5/30/2015,16:26:11,7,34,AH0,247,37.5612,Day,F,L,A,MYSE
151.909,8443,6/3/2015,5/29/2015,16:26:12,7,30.3,AH0,230,32.9663291,Day,F,L,A,MYSE
151.909,8443,6/3/2015,5/25/2015,16:26:13,7,31.2,AH0,255,34.3759424,Day,F,L,A,MYSE
151.909,8443,6/3/2015,5/30/2015,16:26:13,7,34,AH0,245,37.5612,Day,F,L,A,MYSE
151.909,8443,6/3/2015,5/29/2015,16:26:14,7,30.3,AH0,229,32.9663291,Day,F,L,A,MYSE
151.909,8443,6/3/2015,5/30/2015,16:26:14,7,34,AH0,246,37.5612,Day,F,L,A,MYSE
151.909,8443,6/3/2015,5/25/2015,16:26:15,7,31.2,AH0,255,34.3759424,Day,F,L,A,MYSE
151.909,8443,6/3/2015,5/24/2015,16:26:16,7,31.8,AH0,255,35.2048856,Day,F,L,A,MYSE
151.909,8443,6/3/2015,5/30/2015,16:26:16,7,34,AH0,248,37.5612,Day,F,L,A,MYSE
151.909,8443,6/3/2015,5/24/2015,16:26:17,7,31.8,AH0,255,35.2048856,Day,F,L,A,MYSE
151.909,8443,6/3/2015,5/24/2015,16:26:19,7,31.8,AH0,255,35.2048856,Day,F,L,A,MYSE
151.909,8443,6/3/2015,5/24/2015,16:26:21,7,31.8,AH0,255,35.2048856,Day,F,L,A,MYSE
151.909,8443,6/3/2015,5/29/2015,16:26:28,7,30.2,AH0,217,32.7968664,Day,F,L,A,MYSE
151.909,8443,6/3/2015,5/30/2015,16:26:28,7,34,AH0,248,37.5612,Day,F,L,A,MYSE
151.909,8443,6/3/2015,5/25/2015,16:26:29,7,31.2,AH0,255,34.3759424,Day,F,L,A,MYSE
151.909,8443,6/3/2015,5/29/2015,16:26:30,7,30.2,AH0,231,32.7968664,Day,F,L,A,MYSE
151.909,8443,6/3/2015,5/30/2015,16:26:30,7,34,AH0,248,37.5612,Day,F,L,A,MYSE
151.909,8443,6/3/2015,5/25/2015,16:26:31,7,31.2,AH0,255,34.3759424,Day,F,L,A,MYSE
151.909,8443,6/3/2015,5/25/2015,16:26:32,7,31.2,AH0,255,34.3759424,Day,F,L,A,MYSE
151.909,8443,6/3/2015,5/29/2015,16:26:32,7,30.2,AH0,227,32.7968664,Day,F,L,A,MYSE
151.909,8443,6/3/2015,5/30/2015,16:26:32,7,34,AH0,246,37.5612,Day,F,L,A,MYSE
151.909,8443,6/3/2015,5/24/2015,16:26:34,7,31.7,AH0,255,35.0726529,Day,F,L,A,MYSE
151.909,8443,6/3/2015,5/25/2015,16:26:34,7,31.3,AH0,255,34.5200901,Day,F,L,A,MYSE
151.909,8443,6/3/2015,5/29/2015,16:26:34,7,30.2,AH0,229,32.7968664,Day,F,L,A,MYSE
151.909,8443,6/3/2015,5/30/2015,16:26:34,7,34,AH0,247,37.5612,Day,F,L,A,MYSE
151.909,8443,6/3/2015,5/30/2015,16:26:35,7,34,AH0,249,37.5612,Day,F,L,A,MYSE
151.909,8443,6/3/2015,5/24/2015,16:26:36,7,31.7,AH0,255,35.0726529,Day,F,L,A,MYSE
151.909,8443,6/3/2015,5/24/2015,16:26:38,7,31.7,AH0,255,35.0726529,Day,F,L,A,MYSE
151.909,8443,6/3/2015,5/24/2015,16:26:40,7,31.7,AH0,255,35.0726529,Day,F,L,A,MYSE
151.909,8443,6/3/2015,5/24/2015,16:26:42,7,31.7,AH0,255,35.0726529,Day,F,L,A,MYSE
151.909,8443,6/3/2015,5/25/2015,16:26:48,7,31.3,AH0,255,34.5200901,Day,F,L,A,MYSE
151.909,8443,6/3/2015,5/29/2015,16:26:48,7,30.2,AH0,230,32.7968664,Day,F,L,A,MYSE
151.909,8443,6/3/2015,5/30/2015,16:26:48,7,34.1,AH0,245,37.6449993,Day,F,L,A,MYSE
151.909,8443,6/3/2015,5/25/2015,16:26:50,7,31.3,AH0,255,34.5200901,Day,F,L,A,MYSE
151.909,8443,6/3/2015,5/29/2015,16:26:50,7,30.2,AH0,228,32.7968664,Day,F,L,A,MYSE
151.909,8443,6/3/2015,5/30/2015,16:26:50,7,34,AH0,248,37.5612,Day,F,L,A,MYSE
151.909,8443,6/3/2015,5/30/2015,16:26:51,7,34,AH0,248,37.5612,Day,F,L,A,MYSE
151.909,8443,6/3/2015,5/25/2015,16:26:52,7,31.3,AH0,255,34.5200901,Day,F,L,A,MYSE
151.909,8443,6/3/2015,5/29/2015,16:26:52,7,30.2,AH0,225,32.7968664,Day,F,L,A,MYSE
151.909,8443,6/3/2015,5/30/2015,16:26:53,7,34,AH0,248,37.5612,Day,F,L,A,MYSE
151.909,8443,6/3/2015,5/25/2015,16:26:54,7,31.3,AH0,255,34.5200901,Day,F,L,A,MYSE
151.909,8443,6/3/2015,5/29/2015,16:26:54,7,30.2,AH0,223,32.7968664,Day,F,L,A,MYSE
151.909,8443,6/3/2015,5/24/2015,16:26:55,7,31.6,AH0,255,34.9380768,Day,F,L,A,MYSE
151.909,8443,6/3/2015,5/30/2015,16:26:55,7,34,AH0,249,37.5612,Day,F,L,A,MYSE
151.909,8443,6/3/2015,5/24/2015,16:26:57,7,31.6,AH0,255,34.9380768,Day,F,L,A,MYSE
151.909,8443,6/3/2015,5/24/2015,16:26:59,7,31.6,AH0,255,34.9380768,Day,F,L,A,MYSE
151.909,8443,6/3/2015,5/24/2015,16:27:01,7,31.6,AH0,255,34.9380768,Day,F,L,A,MYSE
151.909,8443,6/3/2015,5/29/2015,16:27:08,7,30.2,AH0,227,32.7968664,Day,F,L,A,MYSE
151.909,8443,6/3/2015,5/25/2015,16:27:09,7,31.3,AH0,255,34.5200901,Day,F,L,A,MYSE
151.909,8443,6/3/2015,5/30/2015,16:27:09,7,34,AH0,244,37.5612,Day,F,L,A,MYSE
151.909,8443,6/3/2015,5/29/2015,16:27:10,7,30.2,AH0,228,32.7968664,Day,F,L,A,MYSE
151.909,8443,6/3/2015,5/25/2015,16:27:11,7,31.3,AH0,255,34.5200901,Day,F,L,A,MYSE
151.909,8443,6/3/2015,5/30/2015,16:27:11,7,34,AH0,247,37.5612,Day,F,L,A,MYSE
151.909,8443,6/3/2015,5/29/2015,16:27:12,7,30.2,AH0,229,32.7968664,Day,F,L,A,MYSE
151.909,8443,6/3/2015,5/25/2015,16:27:13,7,31.4,AH0,255,34.6618152,Day,F,L,A,MYSE
151.909,8443,6/3/2015,5/30/2015,16:27:13,7,34,AH0,246,37.5612,Day,F,L,A,MYSE
151.909,8443,6/3/2015,5/24/2015,16:27:14,7,31.5,AH0,255,34.8011375,Day,F,L,A,MYSE
151.909,8443,6/3/2015,5/29/2015,16:27:14,7,30.1,AH0,228,32.6247633,Day,F,L,A,MYSE
151.909,8443,6/3/2015,5/30/2015,16:27:14,7,34,AH0,245,37.5612,Day,F,L,A,MYSE
151.909,8443,6/3/2015,5/25/2015,16:27:15,7,31.4,AH0,255,34.6618152,Day,F,L,A,MYSE
151.909,8443,6/3/2015,5/24/2015,16:27:16,7,31.5,AH0,255,34.8011375,Day,F,L,A,MYSE
151.909,8443,6/3/2015,5/24/2015,16:27:18,7,31.4,AH0,255,34.6618152,Day,F,L,A,MYSE
151.909,8443,6/3/2015,5/24/2015,16:27:20,7,31.4,AH0,255,34.6618152,Day,F,L,A,MYSE
151.909,8443,6/3/2015,5/24/2015,16:27:22,7,31.4,AH0,255,34.6618152,Day,F,L,A,MYSE
151.909,8443,6/3/2015,5/25/2015,16:27:28,7,31.4,AH0,255,34.6618152,Day,F,L,A,MYSE
151.909,8443,6/3/2015,5/30/2015,16:27:28,7,34,AH0,248,37.5612,Day,F,L,A,MYSE
151.909,8443,6/3/2015,5/25/2015,16:27:30,7,31.4,AH0,255,34.6618152,Day,F,L,A,MYSE
151.909,8443,6/3/2015,5/29/2015,16:27:30,7,30.1,AH0,228,32.6247633,Day,F,L,A,MYSE
151.909,8443,6/3/2015,5/30/2015,16:27:30,7,34,AH0,249,37.5612,Day,F,L,A,MYSE
151.909,8443,6/3/2015,5/29/2015,16:27:31,7,30.1,AH0,229,32.6247633,Day,F,L,A,MYSE
151.909,8443,6/3/2015,5/25/2015,16:27:32,7,31.4,AH0,255,34.6618152,Day,F,L,A,MYSE
151.909,8443,6/3/2015,5/30/2015,16:27:32,7,34,AH0,246,37.5612,Day,F,L,A,MYSE
151.909,8443,6/3/2015,5/29/2015,16:27:33,7,30.1,AH0,228,32.6247633,Day,F,L,A,MYSE
151.909,8443,6/3/2015,5/25/2015,16:27:34,7,31.4,AH0,255,34.6618152,Day,F,L,A,MYSE
151.909,8443,6/3/2015,5/30/2015,16:27:34,7,34,AH0,246,37.5612,Day,F,L,A,MYSE
151.909,8443,6/3/2015,5/24/2015,16:27:35,7,31.2,AH0,255,34.3759424,Day,F,L,A,MYSE
151.909,8443,6/3/2015,5/29/2015,16:27:35,7,30.1,AH0,226,32.6247633,Day,F,L,A,MYSE
151.909,8443,6/3/2015,5/30/2015,16:27:36,7,34,AH0,246,37.5612,Day,F,L,A,MYSE
151.909,8443,6/3/2015,5/24/2015,16:27:37,7,31.2,AH0,255,34.3759424,Day,F,L,A,MYSE
151.909,8443,6/3/2015,5/24/2015,16:27:39,7,31.2,AH0,255,34.3759424,Day,F,L,A,MYSE
151.909,8443,6/3/2015,5/24/2015,16:27:41,7,31.2,AH0,255,34.3759424,Day,F,L,A,MYSE
151.909,8443,6/3/2015,5/30/2015,16:27:48,7,34,AH0,242,37.5612,Day,F,L,A,MYSE
151.909,8443,6/3/2015,5/25/2015,16:27:49,7,31.5,AH0,255,34.8011375,Day,F,L,A,MYSE
151.909,8443,6/3/2015,5/29/2015,16:27:49,7,30.1,AH0,233,32.6247633,Day,F,L,A,MYSE
151.909,8443,6/3/2015,5/30/2015,16:27:50,7,34,AH0,240,37.5612,Day,F,L,A,MYSE
151.909,8443,6/3/2015,5/25/2015,16:27:51,7,31.5,AH0,255,34.8011375,Day,F,L,A,MYSE
151.909,8443,6/3/2015,5/29/2015,16:27:51,7,30.1,AH0,236,32.6247633,Day,F,L,A,MYSE
151.909,8443,6/3/2015,5/30/2015,16:27:51,7,34,AH0,240,37.5612,Day,F,L,A,MYSE
151.909,8443,6/3/2015,5/25/2015,16:27:53,7,31.5,AH0,255,34.8011375,Day,F,L,A,MYSE
151.909,8443,6/3/2015,5/29/2015,16:27:53,7,30.1,AH0,235,32.6247633,Day,F,L,A,MYSE
151.909,8443,6/3/2015,5/30/2015,16:27:53,7,34,AH0,239,37.5612,Day,F,L,A,MYSE
151.909,8443,6/3/2015,5/24/2015,16:27:55,7,31.1,AH0,255,34.2293523,Day,F,L,A,MYSE
151.909,8443,6/3/2015,5/25/2015,16:27:55,7,31.5,AH0,255,34.8011375,Day,F,L,A,MYSE
151.909,8443,6/3/2015,5/29/2015,16:27:55,7,30.1,AH0,235,32.6247633,Day,F,L,A,MYSE
151.909,8443,6/3/2015,5/30/2015,16:27:55,7,34,AH0,241,37.5612,Day,F,L,A,MYSE
151.909,8443,6/3/2015,5/24/2015,16:27:57,7,31.1,AH0,255,34.2293523,Day,F,L,A,MYSE
151.909,8443,6/3/2015,5/24/2015,16:27:59,7,31.1,AH0,255,34.2293523,Day,F,L,A,MYSE
151.909,8443,6/3/2015,5/24/2015,16:28:00,7,31.1,AH0,255,34.2293523,Day,F,L,A,MYSE
151.909,8443,6/3/2015,5/25/2015,16:28:08,7,31.6,AH0,255,34.9380768,Day,F,L,A,MYSE
151.909,8443,6/3/2015,5/29/2015,16:28:09,7,30.1,AH0,232,32.6247633,Day,F,L,A,MYSE
151.909,8443,6/3/2015,5/30/2015,16:28:09,7,34,AH0,239,37.5612,Day,F,L,A,MYSE
151.909,8443,6/3/2015,5/25/2015,16:28:10,7,31.6,AH0,255,34.9380768,Day,F,L,A,MYSE
151.909,8443,6/3/2015,5/29/2015,16:28:11,7,30.1,AH0,236,32.6247633,Day,F,L,A,MYSE
151.909,8443,6/3/2015,5/30/2015,16:28:11,7,34,AH0,242,37.5612,Day,F,L,A,MYSE
151.909,8443,6/3/2015,5/25/2015,16:28:12,7,31.6,AH0,255,34.9380768,Day,F,L,A,MYSE
151.909,8443,6/3/2015,5/29/2015,16:28:13,7,30.1,AH0,238,32.6247633,Day,F,L,A,MYSE
151.909,8443,6/3/2015,5/30/2015,16:28:13,7,34,AH0,240,37.5612,Day,F,L,A,MYSE
151.909,8443,6/3/2015,5/25/2015,16:28:14,7,31.6,AH0,255,34.9380768,Day,F,L,A,MYSE
151.909,8443,6/3/2015,5/30/2015,16:28:14,7,34.1,AH0,240,37.6449993,Day,F,L,A,MYSE
151.909,8443,6/3/2015,5/29/2015,16:28:15,7,30.1,AH0,237,32.6247633,Day,F,L,A,MYSE
151.909,8443,6/3/2015,5/24/2015,16:28:16,7,31.1,AH0,255,34.2293523,Day,F,L,A,MYSE
151.909,8443,6/3/2015,5/24/2015,16:28:18,7,31.1,AH0,255,34.2293523,Day,F,L,A,MYSE
151.909,8443,6/3/2015,5/24/2015,16:28:20,7,31.1,AH0,255,34.2293523,Day,F,L,A,MYSE
151.909,8443,6/3/2015,5/24/2015,16:28:22,7,31.2,AH0,255,34.3759424,Day,F,L,A,MYSE
151.909,8443,6/3/2015,5/30/2015,16:28:28,7,34.1,AH0,237,37.6449993,Day,F,L,A,MYSE
151.909,8443,6/3/2015,5/25/2015,16:28:29,7,31.7,AH0,255,35.0726529,Day,F,L,A,MYSE
151.909,8443,6/3/2015,5/29/2015,16:28:29,7,30.2,AH0,234,32.7968664,Day,F,L,A,MYSE
151.909,8443,6/3/2015,5/30/2015,16:28:30,7,34.1,AH0,239,37.6449993,Day,F,L,A,MYSE
151.909,8443,6/3/2015,5/25/2015,16:28:31,7,31.7,AH0,255,35.0726529,Day,F,L,A,MYSE
151.909,8443,6/3/2015,5/29/2015,16:28:31,7,30.2,AH0,231,32.7968664,Day,F,L,A,MYSE
151.909,8443,6/3/2015,5/30/2015,16:28:32,7,34.1,AH0,243,37.6449993,Day,F,L,A,MYSE
151.909,8443,6/3/2015,5/25/2015,16:28:33,7,31.7,AH0,255,35.0726529,Day,F,L,A,MYSE
151.909,8443,6/3/2015,5/29/2015,16:28:33,7,30.2,AH0,235,32.7968664,Day,F,L,A,MYSE
151.909,8443,6/3/2015,5/30/2015,16:28:34,7,34.1,AH0,239,37.6449993,Day,F,L,A,MYSE
151.909,8443,6/3/2015,5/24/2015,16:28:35,7,31.2,AH0,255,34.3759424,Day,F,L,A,MYSE
151.909,8443,6/3/2015,5/25/2015,16:28:35,7,31.7,AH0,255,35.0726529,Day,F,L,A,MYSE
151.909,8443,6/3/2015,5/29/2015,16:28:35,7,30.2,AH0,232,32.7968664,Day,F,L,A,MYSE
151.909,8443,6/3/2015,5/30/2015,16:28:35,7,34.1,AH0,238,37.6449993,Day,F,L,A,MYSE
151.909,8443,6/3/2015,5/24/2015,16:28:37,7,31.2,AH0,255,34.3759424,Day,F,L,A,MYSE
151.909,8443,6/3/2015,5/24/2015,16:28:39,7,31.2,AH0,255,34.3759424,Day,F,L,A,MYSE
151.909,8443,6/3/2015,5/24/2015,16:28:41,7,31.2,AH0,255,34.3759424,Day,F,L,A,MYSE
151.909,8443,6/3/2015,5/25/2015,16:28:48,7,31.7,AH0,255,35.0726529,Day,F,L,A,MYSE
151.909,8443,6/3/2015,5/30/2015,16:28:48,7,34.1,AH0,242,37.6449993,Day,F,L,A,MYSE
151.909,8443,6/3/2015,5/29/2015,16:28:49,7,30.1,AH0,229,32.6247633,Day,F,L,A,MYSE
151.909,8443,6/3/2015,5/25/2015,16:28:50,7,31.7,AH0,255,35.0726529,Day,F,L,A,MYSE
151.909,8443,6/3/2015,5/30/2015,16:28:50,7,34.1,AH0,241,37.6449993,Day,F,L,A,MYSE
151.909,8443,6/3/2015,5/29/2015,16:28:51,7,30.1,AH0,230,32.6247633,Day,F,L,A,MYSE
151.909,8443,6/3/2015,5/30/2015,16:28:51,7,34.1,AH0,240,37.6449993,Day,F,L,A,MYSE
151.909,8443,6/3/2015,5/25/2015,16:28:52,7,31.7,AH0,255,35.0726529,Day,F,L,A,MYSE
151.909,8443,6/3/2015,5/29/2015,16:28:53,7,30,AH0,233,32.45,Day,F,L,A,MYSE
151.909,8443,6/3/2015,5/30/2015,16:28:53,7,34.1,AH0,240,37.6449993,Day,F,L,A,MYSE
151.909,8443,6/3/2015,5/24/2015,16:28:54,7,31.2,AH0,255,34.3759424,Day,F,L,A,MYSE
151.909,8443,6/3/2015,5/25/2015,16:28:54,7,31.7,AH0,255,35.0726529,Day,F,L,A,MYSE
151.909,8443,6/3/2015,5/29/2015,16:28:55,7,30,AH0,227,32.45,Day,F,L,A,MYSE
151.909,8443,6/3/2015,5/30/2015,16:28:55,7,34.1,AH0,241,37.6449993,Day,F,L,A,MYSE
151.909,8443,6/3/2015,5/24/2015,16:28:56,7,31.2,AH0,255,34.3759424,Day,F,L,A,MYSE
151.909,8443,6/3/2015,5/24/2015,16:28:58,7,31.2,AH0,255,34.3759424,Day,F,L,A,MYSE
151.909,8443,6/3/2015,5/24/2015,16:29:00,7,31.2,AH0,255,34.3759424,Day,F,L,A,MYSE
151.909,8443,6/3/2015,5/24/2015,16:29:02,7,31.3,AH0,255,34.5200901,Day,F,L,A,MYSE
151.909,8443,6/3/2015,5/25/2015,16:29:09,7,32,AH0,255,35.4624,Day,F,L,A,MYSE
151.909,8443,6/3/2015,5/29/2015,16:29:09,7,29.9,AH0,222,32.2725567,Day,F,L,A,MYSE
151.909,8443,6/3/2015,5/30/2015,16:29:09,7,34.1,AH0,241,37.6449993,Day,F,L,A,MYSE
151.909,8443,6/3/2015,5/25/2015,16:29:10,7,32,AH0,255,35.4624,Day,F,L,A,MYSE
151.909,8443,6/3/2015,5/29/2015,16:29:11,7,30,AH0,223,32.45,Day,F,L,A,MYSE
151.909,8443,6/3/2015,5/30/2015,16:29:11,7,34.1,AH0,241,37.6449993,Day,F,L,A,MYSE
151.909,8443,6/3/2015,5/25/2015,16:29:12,7,32,AH0,255,35.4624,Day,F,L,A,MYSE
151.909,8443,6/3/2015,5/30/2015,16:29:12,7,34.1,AH0,241,37.6449993,Day,F,L,A,MYSE
151.909,8443,6/3/2015,5/29/2015,16:29:13,7,30,AH0,225,32.45,Day,F,L,A,MYSE
151.909,8443,6/3/2015,5/25/2015,16:29:14,7,32,AH0,255,35.4624,Day,F,L,A,MYSE
151.909,8443,6/3/2015,5/30/2015,16:29:14,7,34.1,AH0,241,37.6449993,Day,F,L,A,MYSE
151.909,8443,6/3/2015,5/24/2015,16:29:15,7,31.3,AH0,255,34.5200901,Day,F,L,A,MYSE
151.909,8443,6/3/2015,5/29/2015,16:29:15,7,29.9,AH0,227,32.2725567,Day,F,L,A,MYSE
151.909,8443,6/3/2015,5/30/2015,16:29:16,7,34.1,AH0,240,37.6449993,Day,F,L,A,MYSE
151.909,8443,6/3/2015,5/24/2015,16:29:17,7,31.3,AH0,255,34.5200901,Day,F,L,A,MYSE
151.909,8443,6/3/2015,5/24/2015,16:29:19,7,31.4,AH0,255,34.6618152,Day,F,L,A,MYSE
151.909,8443,6/3/2015,5/24/2015,16:29:21,7,31.4,AH0,255,34.6618152,Day,F,L,A,MYSE
151.909,8443,6/3/2015,5/25/2015,16:29:27,7,32.1,AH0,255,35.5877213,Day,F,L,A,MYSE
151.909,8443,6/3/2015,5/30/2015,16:29:28,7,34.1,AH0,242,37.6449993,Day,F,L,A,MYSE
151.909,8443,6/3/2015,5/25/2015,16:29:29,7,32.1,AH0,255,35.5877213,Day,F,L,A,MYSE
151.909,8443,6/3/2015,5/29/2015,16:29:29,7,30,AH0,241,32.45,Day,F,L,A,MYSE
151.909,8443,6/3/2015,5/30/2015,16:29:30,7,34.2,AH0,243,37.7269304,Day,F,L,A,MYSE
151.909,8443,6/3/2015,5/25/2015,16:29:31,7,32.1,AH0,255,35.5877213,Day,F,L,A,MYSE
151.909,8443,6/3/2015,5/29/2015,16:29:31,7,30,AH0,232,32.45,Day,F,L,A,MYSE
151.909,8443,6/3/2015,5/30/2015,16:29:32,7,34.1,AH0,242,37.6449993,Day,F,L,A,MYSE
151.909,8443,6/3/2015,5/25/2015,16:29:33,7,32.1,AH0,255,35.5877213,Day,F,L,A,MYSE
151.909,8443,6/3/2015,5/29/2015,16:29:33,7,30,AH0,231,32.45,Day,F,L,A,MYSE
151.909,8443,6/3/2015,5/30/2015,16:29:34,7,34.2,AH0,242,37.7269304,Day,F,L,A,MYSE
151.909,8443,6/3/2015,5/24/2015,16:29:35,7,31.5,AH0,255,34.8011375,Day,F,L,A,MYSE
151.909,8443,6/3/2015,5/25/2015,16:29:35,7,32.1,AH0,255,35.5877213,Day,F,L,A,MYSE
151.909,8443,6/3/2015,5/29/2015,16:29:35,7,30,AH0,230,32.45,Day,F,L,A,MYSE
151.909,8443,6/3/2015,5/30/2015,16:29:35,7,34.1,AH0,239,37.6449993,Day,F,L,A,MYSE
151.909,8443,6/3/2015,5/24/2015,16:29:36,7,31.5,AH0,255,34.8011375,Day,F,L,A,MYSE
151.909,8443,6/3/2015,5/24/2015,16:29:38,7,31.5,AH0,255,34.8011375,Day,F,L,A,MYSE
151.909,8443,6/3/2015,5/24/2015,16:29:40,7,31.5,AH0,255,34.8011375,Day,F,L,A,MYSE
151.909,8443,6/3/2015,5/24/2015,16:29:42,7,31.5,AH0,255,34.8011375,Day,F,L,A,MYSE
151.909,8443,6/3/2015,5/25/2015,16:29:48,7,32.1,AH0,255,35.5877213,Day,F,L,A,MYSE
151.909,8443,6/3/2015,5/29/2015,16:29:49,7,30,AH0,232,32.45,Day,F,L,A,MYSE
151.909,8443,6/3/2015,5/30/2015,16:29:49,7,34.1,AH0,241,37.6449993,Day,F,L,A,MYSE
151.909,8443,6/3/2015,5/25/2015,16:29:50,7,32.1,AH0,255,35.5877213,Day,F,L,A,MYSE
151.909,8443,6/3/2015,5/29/2015,16:29:51,7,30,AH0,231,32.45,Day,F,L,A,MYSE
151.909,8443,6/3/2015,5/30/2015,16:29:51,7,34.1,AH0,243,37.6449993,Day,F,L,A,MYSE
151.909,8443,6/3/2015,5/25/2015,16:29:52,7,32.1,AH0,255,35.5877213,Day,F,L,A,MYSE
151.909,8443,6/3/2015,5/25/2015,16:29:53,7,32.1,AH0,255,35.5877213,Day,F,L,A,MYSE
151.909,8443,6/3/2015,5/29/2015,16:29:53,7,30,AH0,240,32.45,Day,F,L,A,MYSE
151.909,8443,6/3/2015,5/30/2015,16:29:53,7,34.2,AH0,242,37.7269304,Day,F,L,A,MYSE
151.909,8443,6/3/2015,5/29/2015,16:29:55,7,30,AH0,239,32.45,Day,F,L,A,MYSE
151.909,8443,6/3/2015,5/30/2015,16:29:55,7,34.1,AH0,242,37.6449993,Day,F,L,A,MYSE
151.909,8443,6/3/2015,5/24/2015,16:29:56,7,31.6,AH0,255,34.9380768,Day,F,L,A,MYSE
151.909,8443,6/3/2015,5/24/2015,16:29:57,7,31.6,AH0,255,34.9380768,Day,F,L,A,MYSE
151.909,8443,6/3/2015,5/24/2015,16:29:59,7,31.6,AH0,255,34.9380768,Day,F,L,A,MYSE
151.909,8443,6/3/2015,5/24/2015,16:30:01,7,31.6,AH0,255,34.9380768,Day,F,L,A,MYSE
151.909,8443,6/3/2015,5/25/2015,16:30:08,7,32.2,AH0,255,35.7107784,Day,F,L,A,MYSE
151.909,8443,6/3/2015,5/29/2015,16:30:09,7,30,AH0,238,32.45,Day,F,L,A,MYSE
151.909,8443,6/3/2015,5/30/2015,16:30:09,7,34.2,AH0,241,37.7269304,Day,F,L,A,MYSE
151.909,8443,6/3/2015,5/25/2015,16:30:10,7,32.2,AH0,255,35.7107784,Day,F,L,A,MYSE
151.909,8443,6/3/2015,5/30/2015,16:30:10,7,34.1,AH0,239,37.6449993,Day,F,L,A,MYSE
151.909,8443,6/3/2015,5/29/2015,16:30:11,7,30,AH0,238,32.45,Day,F,L,A,MYSE
151.909,8443,6/3/2015,5/25/2015,16:30:12,7,32.2,AH0,255,35.7107784,Day,F,L,A,MYSE
151.909,8443,6/3/2015,5/30/2015,16:30:12,7,34.2,AH0,242,37.7269304,Day,F,L,A,MYSE
151.909,8443,6/3/2015,5/29/2015,16:30:13,7,30,AH0,238,32.45,Day,F,L,A,MYSE
151.909,8443,6/3/2015,5/25/2015,16:30:14,7,32.2,AH0,255,35.7107784,Day,F,L,A,MYSE
151.909,8443,6/3/2015,5/30/2015,16:30:14,7,34.1,AH0,240,37.6449993,Day,F,L,A,MYSE
151.909,8443,6/3/2015,5/24/2015,16:30:15,7,31.6,AH0,255,34.9380768,Day,F,L,A,MYSE
151.909,8443,6/3/2015,5/29/2015,16:30:15,7,30,AH0,242,32.45,Day,F,L,A,MYSE
151.909,8443,6/3/2015,5/24/2015,16:30:16,7,31.6,AH0,255,34.9380768,Day,F,L,A,MYSE
151.909,8443,6/3/2015,5/30/2015,16:30:16,7,34.2,AH0,241,37.7269304,Day,F,L,A,MYSE
151.909,8443,6/3/2015,5/24/2015,16:30:18,7,31.6,AH0,255,34.9380768,Day,F,L,A,MYSE
151.909,8443,6/3/2015,5/24/2015,16:30:20,7,31.6,AH0,255,34.9380768,Day,F,L,A,MYSE
151.909,8443,6/3/2015,5/24/2015,16:30:22,7,31.6,AH0,255,34.9380768,Day,F,L,A,MYSE
151.909,8443,6/3/2015,5/30/2015,16:30:28,7,34.1,AH0,240,37.6449993,Day,F,L,A,MYSE
151.909,8443,6/3/2015,5/25/2015,16:30:29,7,32.2,AH0,255,35.7107784,Day,F,L,A,MYSE
151.909,8443,6/3/2015,5/29/2015,16:30:29,7,30,AH0,213,32.45,Day,F,L,A,MYSE
151.909,8443,6/3/2015,5/30/2015,16:30:30,7,34.1,AH0,241,37.6449993,Day,F,L,A,MYSE
151.909,8443,6/3/2015,5/25/2015,16:30:31,7,32.1,AH0,255,35.5877213,Day,F,L,A,MYSE
151.909,8443,6/3/2015,5/29/2015,16:30:31,7,29.9,AH0,201,32.2725567,Day,F,L,A,MYSE
151.909,8443,6/3/2015,5/30/2015,16:30:31,7,34.1,AH0,242,37.6449993,Day,F,L,A,MYSE
151.909,8443,6/3/2015,5/25/2015,16:30:33,7,32.1,AH0,255,35.5877213,Day,F,L,A,MYSE
151.909,8443,6/3/2015,5/29/2015,16:30:33,7,29.9,AH0,207,32.2725567,Day,F,L,A,MYSE
151.909,8443,6/3/2015,5/30/2015,16:30:33,7,34.1,AH0,244,37.6449993,Day,F,L,A,MYSE
151.909,8443,6/3/2015,5/24/2015,16:30:35,7,31.6,AH0,255,34.9380768,Day,F,L,A,MYSE
151.909,8443,6/3/2015,5/25/2015,16:30:35,7,32.1,AH0,255,35.5877213,Day,F,L,A,MYSE
151.909,8443,6/3/2015,5/29/2015,16:30:35,7,29.9,AH0,204,32.2725567,Day,F,L,A,MYSE
151.909,8443,6/3/2015,5/30/2015,16:30:35,7,34.1,AH0,242,37.6449993,Day,F,L,A,MYSE
151.909,8443,6/3/2015,5/24/2015,16:30:37,7,31.6,AH0,255,34.9380768,Day,F,L,A,MYSE
151.909,8443,6/3/2015,5/24/2015,16:30:39,7,31.6,AH0,255,34.9380768,Day,F,L,A,MYSE
151.909,8443,6/3/2015,5/24/2015,16:30:41,7,31.6,AH0,255,34.9380768,Day,F,L,A,MYSE
151.909,8443,6/3/2015,5/25/2015,16:30:48,7,32.1,AH0,255,35.5877213,Day,F,L,A,MYSE
151.909,8443,6/3/2015,5/29/2015,16:30:49,7,29.9,AH0,134,32.2725567,Day,F,L,A,MYSE
151.909,8443,6/3/2015,5/30/2015,16:30:49,7,34.1,AH0,244,37.6449993,Day,F,L,A,MYSE
151.909,8443,6/3/2015,5/25/2015,16:30:50,7,32.1,AH0,255,35.5877213,Day,F,L,A,MYSE
151.909,8443,6/3/2015,5/25/2015,16:30:51,7,32,AH0,255,35.4624,Day,F,L,A,MYSE
151.909,8443,6/3/2015,5/29/2015,16:30:51,7,29.9,AH0,145,32.2725567,Day,F,L,A,MYSE
151.909,8443,6/3/2015,5/30/2015,16:30:51,7,34.1,AH0,242,37.6449993,Day,F,L,A,MYSE
151.909,8443,6/3/2015,5/25/2015,16:30:53,7,32.1,AH0,255,35.5877213,Day,F,L,A,MYSE
151.909,8443,6/3/2015,5/29/2015,16:30:53,7,29.9,AH0,146,32.2725567,Day,F,L,A,MYSE
151.909,8443,6/3/2015,5/30/2015,16:30:53,7,34.1,AH0,243,37.6449993,Day,F,L,A,MYSE
151.909,8443,6/3/2015,5/24/2015,16:30:54,7,31.7,AH0,255,35.0726529,Day,F,L,A,MYSE
151.909,8443,6/3/2015,5/30/2015,16:30:54,7,34.1,AH0,241,37.6449993,Day,F,L,A,MYSE
151.909,8443,6/3/2015,5/25/2015,16:30:55,7,32.1,AH0,255,35.5877213,Day,F,L,A,MYSE
151.909,8443,6/3/2015,5/29/2015,16:30:55,7,29.9,AH0,149,32.2725567,Day,F,L,A,MYSE
151.909,8443,6/3/2015,5/24/2015,16:30:56,7,31.7,AH0,255,35.0726529,Day,F,L,A,MYSE
151.909,8443,6/3/2015,5/24/2015,16:30:58,7,31.7,AH0,255,35.0726529,Day,F,L,A,MYSE
151.909,8443,6/3/2015,5/24/2015,16:31:00,7,31.7,AH0,255,35.0726529,Day,F,L,A,MYSE
151.909,8443,6/3/2015,5/24/2015,16:31:02,7,31.7,AH0,255,35.0726529,Day,F,L,A,MYSE
151.909,8443,6/3/2015,5/25/2015,16:31:08,7,32.1,AH0,255,35.5877213,Day,F,L,A,MYSE
151.909,8443,6/3/2015,5/30/2015,16:31:08,7,34.1,AH0,244,37.6449993,Day,F,L,A,MYSE
151.909,8443,6/3/2015,5/29/2015,16:31:09,7,29.8,AH0,158,32.0924136,Day,F,L,A,MYSE
151.909,8443,6/3/2015,5/25/2015,16:31:10,7,32.1,AH0,255,35.5877213,Day,F,L,A,MYSE
151.909,8443,6/3/2015,5/30/2015,16:31:10,7,34.1,AH0,240,37.6449993,Day,F,L,A,MYSE
151.909,8443,6/3/2015,5/29/2015,16:31:11,7,29.8,AH0,163,32.0924136,Day,F,L,A,MYSE
151.909,8443,6/3/2015,5/25/2015,16:31:12,7,32.1,AH0,255,35.5877213,Day,F,L,A,MYSE
151.909,8443,6/3/2015,5/30/2015,16:31:12,7,34.1,AH0,241,37.6449993,Day,F,L,A,MYSE
151.909,8443,6/3/2015,5/29/2015,16:31:13,7,29.8,AH0,161,32.0924136,Day,F,L,A,MYSE
151.909,8443,6/3/2015,5/25/2015,16:31:14,7,32,AH0,255,35.4624,Day,F,L,A,MYSE
151.909,8443,6/3/2015,5/30/2015,16:31:14,7,34.1,AH0,241,37.6449993,Day,F,L,A,MYSE
151.909,8443,6/3/2015,5/24/2015,16:31:15,7,31.7,AH0,255,35.0726529,Day,F,L,A,MYSE
151.909,8443,6/3/2015,5/29/2015,16:31:15,7,29.8,AH0,165,32.0924136,Day,F,L,A,MYSE
151.909,8443,6/3/2015,5/30/2015,16:31:15,7,34.1,AH0,241,37.6449993,Day,F,L,A,MYSE
151.909,8443,6/3/2015,5/24/2015,16:31:17,7,31.7,AH0,255,35.0726529,Day,F,L,A,MYSE
151.909,8443,6/3/2015,5/24/2015,16:31:19,7,31.7,AH0,255,35.0726529,Day,F,L,A,MYSE
151.909,8443,6/3/2015,5/24/2015,16:31:21,7,31.7,AH0,255,35.0726529,Day,F,L,A,MYSE
151.909,8443,6/3/2015,5/29/2015,16:31:28,7,29.9,AH0,168,32.2725567,Day,F,L,A,MYSE
151.909,8443,6/3/2015,5/30/2015,16:31:28,7,34.1,AH0,244,37.6449993,Day,F,L,A,MYSE
151.909,8443,6/3/2015,5/25/2015,16:31:29,7,32.4,AH0,235,35.9501792,Day,F,L,A,MYSE
151.909,8443,6/3/2015,5/29/2015,16:31:30,7,29.7,AH0,170,31.9095509,Day,F,L,A,MYSE
151.909,8443,6/3/2015,5/30/2015,16:31:30,7,34.1,AH0,243,37.6449993,Day,F,L,A,MYSE
151.909,8443,6/3/2015,5/25/2015,16:31:31,7,32.5,AH0,238,36.0665625,Day,F,L,A,MYSE
151.909,8443,6/3/2015,5/30/2015,16:31:31,7,34.1,AH0,243,37.6449993,Day,F,L,A,MYSE
151.909,8443,6/3/2015,5/25/2015,16:31:32,7,32.5,AH0,251,36.0665625,Day,F,L,A,MYSE
151.909,8443,6/3/2015,5/29/2015,16:31:32,7,29.7,AH0,171,31.9095509,Day,F,L,A,MYSE
151.909,8443,6/3/2015,5/30/2015,16:31:33,7,34.1,AH0,241,37.6449993,Day,F,L,A,MYSE
151.909,8443,6/3/2015,5/24/2015,16:31:34,7,31.7,AH0,255,35.0726529,Day,F,L,A,MYSE
151.909,8443,6/3/2015,5/25/2015,16:31:34,7,32.6,AH0,252,36.1807608,Day,F,L,A,MYSE
151.909,8443,6/3/2015,5/29/2015,16:31:34,7,29.7,AH0,166,31.9095509,Day,F,L,A,MYSE
151.909,8443,6/3/2015,5/30/2015,16:31:35,7,34.1,AH0,243,37.6449993,Day,F,L,A,MYSE
151.909,8443,6/3/2015,5/24/2015,16:31:36,7,31.6,AH0,255,34.9380768,Day,F,L,A,MYSE
151.909,8443,6/3/2015,5/24/2015,16:31:38,7,31.7,AH0,255,35.0726529,Day,F,L,A,MYSE
151.909,8443,6/3/2015,5/24/2015,16:31:40,7,31.7,AH0,255,35.0726529,Day,F,L,A,MYSE
151.909,8443,6/3/2015,5/24/2015,16:31:42,7,31.7,AH0,255,35.0726529,Day,F,L,A,MYSE
151.909,8443,6/3/2015,5/25/2015,16:31:47,7,32.8,AH0,255,36.4026816,Day,F,L,A,MYSE
151.909,8443,6/3/2015,5/29/2015,16:31:48,7,29.7,AH0,167,31.9095509,Day,F,L,A,MYSE
151.909,8443,6/3/2015,5/25/2015,16:31:49,7,32.9,AH0,255,36.5104437,Day,F,L,A,MYSE
151.909,8443,6/3/2015,5/30/2015,16:31:49,7,34.1,AH0,241,37.6449993,Day,F,L,A,MYSE
151.909,8443,6/3/2015,5/29/2015,16:31:50,7,29.7,AH0,161,31.9095509,Day,F,L,A,MYSE
151.909,8443,6/3/2015,5/25/2015,16:31:51,7,32.9,AH0,255,36.5104437,Day,F,L,A,MYSE
151.909,8443,6/3/2015,5/30/2015,16:31:51,7,34.1,AH0,243,37.6449993,Day,F,L,A,MYSE
151.909,8443,6/3/2015,5/29/2015,16:31:52,7,29.7,AH0,165,31.9095509,Day,F,L,A,MYSE
151.909,8443,6/3/2015,5/30/2015,16:31:52,7,34.1,AH0,242,37.6449993,Day,F,L,A,MYSE
151.909,8443,6/3/2015,5/25/2015,16:31:53,7,32.9,AH0,255,36.5104437,Day,F,L,A,MYSE
151.909,8443,6/3/2015,5/25/2015,16:31:54,7,32.9,AH0,255,36.5104437,Day,F,L,A,MYSE
151.909,8443,6/3/2015,5/29/2015,16:31:54,7,29.7,AH0,166,31.9095509,Day,F,L,A,MYSE
151.909,8443,6/3/2015,5/30/2015,16:31:54,7,34.1,AH0,242,37.6449993,Day,F,L,A,MYSE
151.909,8443,6/3/2015,5/24/2015,16:31:55,7,31.7,AH0,255,35.0726529,Day,F,L,A,MYSE
151.909,8443,6/3/2015,5/30/2015,16:31:56,7,34.1,AH0,243,37.6449993,Day,F,L,A,MYSE
151.909,8443,6/3/2015,5/24/2015,16:31:57,7,31.7,AH0,255,35.0726529,Day,F,L,A,MYSE
151.909,8443,6/3/2015,5/24/2015,16:31:59,7,31.7,AH0,255,35.0726529,Day,F,L,A,MYSE
151.909,8443,6/3/2015,5/24/2015,16:32:01,7,31.7,AH0,255,35.0726529,Day,F,L,A,MYSE
151.909,8443,6/3/2015,5/25/2015,16:32:07,7,32.9,AH0,255,36.5104437,Day,F,L,A,MYSE
151.909,8443,6/3/2015,5/29/2015,16:32:08,7,29.6,AH0,170,31.7239488,Day,F,L,A,MYSE
151.909,8443,6/3/2015,5/30/2015,16:32:08,7,34.1,AH0,242,37.6449993,Day,F,L,A,MYSE
151.909,8443,6/3/2015,5/25/2015,16:32:09,7,32.9,AH0,255,36.5104437,Day,F,L,A,MYSE
151.909,8443,6/3/2015,5/29/2015,16:32:10,7,29.6,AH0,171,31.7239488,Day,F,L,A,MYSE
151.909,8443,6/3/2015,5/30/2015,16:32:10,7,34.1,AH0,244,37.6449993,Day,F,L,A,MYSE
151.909,8443,6/3/2015,5/25/2015,16:32:11,7,32.9,AH0,255,36.5104437,Day,F,L,A,MYSE
151.909,8443,6/3/2015,5/29/2015,16:32:12,7,29.6,AH0,170,31.7239488,Day,F,L,A,MYSE
151.909,8443,6/3/2015,5/30/2015,16:32:12,7,34.1,AH0,242,37.6449993,Day,F,L,A,MYSE
151.909,8443,6/3/2015,5/25/2015,16:32:13,7,32.9,AH0,255,36.5104437,Day,F,L,A,MYSE
151.909,8443,6/3/2015,5/25/2015,16:32:14,7,32.9,AH0,255,36.5104437,Day,F,L,A,MYSE
151.909,8443,6/3/2015,5/29/2015,16:32:14,7,29.6,AH0,171,31.7239488,Day,F,L,A,MYSE
151.909,8443,6/3/2015,5/30/2015,16:32:14,7,34.1,AH0,242,37.6449993,Day,F,L,A,MYSE
151.909,8443,6/3/2015,5/30/2015,16:32:15,7,34.1,AH0,244,37.6449993,Day,F,L,A,MYSE
151.909,8443,6/3/2015,5/24/2015,16:32:16,7,31.7,AH0,255,35.0726529,Day,F,L,A,MYSE
151.909,8443,6/3/2015,5/24/2015,16:32:18,7,31.7,AH0,255,35.0726529,Day,F,L,A,MYSE
151.909,8443,6/3/2015,5/24/2015,16:32:20,7,31.7,AH0,255,35.0726529,Day,F,L,A,MYSE
151.909,8443,6/3/2015,5/24/2015,16:32:21,7,31.7,AH0,255,35.0726529,Day,F,L,A,MYSE
151.909,8443,6/3/2015,5/25/2015,16:32:27,7,32.9,AH0,255,36.5104437,Day,F,L,A,MYSE
151.909,8443,6/3/2015,5/25/2015,16:32:29,7,32.9,AH0,255,36.5104437,Day,F,L,A,MYSE
151.909,8443,6/3/2015,5/29/2015,16:32:29,7,29.6,AH0,173,31.7239488,Day,F,L,A,MYSE
151.909,8443,6/3/2015,5/30/2015,16:32:29,7,34.1,AH0,243,37.6449993,Day,F,L,A,MYSE
151.909,8443,6/3/2015,5/25/2015,16:32:31,7,32.9,AH0,255,36.5104437,Day,F,L,A,MYSE
151.909,8443,6/3/2015,5/29/2015,16:32:31,7,29.6,AH0,166,31.7239488,Day,F,L,A,MYSE
151.909,8443,6/3/2015,5/30/2015,16:32:31,7,34.1,AH0,241,37.6449993,Day,F,L,A,MYSE
151.909,8443,6/3/2015,5/25/2015,16:32:33,7,32.9,AH0,255,36.5104437,Day,F,L,A,MYSE
151.909,8443,6/3/2015,5/29/2015,16:32:33,7,29.6,AH0,166,31.7239488,Day,F,L,A,MYSE
151.909,8443,6/3/2015,5/30/2015,16:32:33,7,34.1,AH0,241,37.6449993,Day,F,L,A,MYSE
151.909,8443,6/3/2015,5/24/2015,16:32:35,7,31.7,AH0,255,35.0726529,Day,F,L,A,MYSE
151.909,8443,6/3/2015,5/25/2015,16:32:35,7,32.9,AH0,255,36.5104437,Day,F,L,A,MYSE
151.909,8443,6/3/2015,5/29/2015,16:32:35,7,29.6,AH0,169,31.7239488,Day,F,L,A,MYSE
151.909,8443,6/3/2015,5/30/2015,16:32:35,7,34.1,AH0,243,37.6449993,Day,F,L,A,MYSE
151.909,8443,6/3/2015,5/24/2015,16:32:37,7,31.7,AH0,255,35.0726529,Day,F,L,A,MYSE
151.909,8443,6/3/2015,5/24/2015,16:32:39,7,31.7,AH0,255,35.0726529,Day,F,L,A,MYSE
151.909,8443,6/3/2015,5/24/2015,16:32:40,7,31.7,AH0,255,35.0726529,Day,F,L,A,MYSE
151.909,8443,6/3/2015,5/26/2015,16:32:42,7,32.2,AH0,86,35.7107784,Day,F,L,A,MYSE
151.909,8443,6/3/2015,5/26/2015,16:32:43,7,32,AH0,117,35.4624,Day,F,L,A,MYSE
151.909,8443,6/3/2015,5/26/2015,16:32:45,7,32,AH0,123,35.4624,Day,F,L,A,MYSE
151.909,8443,6/3/2015,5/25/2015,16:32:47,7,32.9,AH0,253,36.5104437,Day,F,L,A,MYSE
151.909,8443,6/3/2015,5/25/2015,16:32:49,7,32.9,AH0,255,36.5104437,Day,F,L,A,MYSE
151.909,8443,6/3/2015,5/30/2015,16:32:49,7,34,AH0,241,37.5612,Day,F,L,A,MYSE
151.909,8443,6/3/2015,5/29/2015,16:32:50,7,29.5,AH0,168,31.5355875,Day,F,L,A,MYSE
151.909,8443,6/3/2015,5/25/2015,16:32:51,7,32.9,AH0,255,36.5104437,Day,F,L,A,MYSE
151.909,8443,6/3/2015,5/30/2015,16:32:51,7,34,AH0,244,37.5612,Day,F,L,A,MYSE
151.909,8443,6/3/2015,5/29/2015,16:32:52,7,29.5,AH0,170,31.5355875,Day,F,L,A,MYSE
151.909,8443,6/3/2015,5/30/2015,16:32:52,7,34,AH0,242,37.5612,Day,F,L,A,MYSE
151.909,8443,6/3/2015,5/25/2015,16:32:53,7,32.9,AH0,255,36.5104437,Day,F,L,A,MYSE
151.909,8443,6/3/2015,5/29/2015,16:32:54,7,29.5,AH0,167,31.5355875,Day,F,L,A,MYSE
151.909,8443,6/3/2015,5/30/2015,16:32:54,7,34,AH0,241,37.5612,Day,F,L,A,MYSE
151.909,8443,6/3/2015,5/25/2015,16:32:55,7,32.9,AH0,255,36.5104437,Day,F,L,A,MYSE
151.909,8443,6/3/2015,5/24/2015,16:32:56,7,31.7,AH0,255,35.0726529,Day,F,L,A,MYSE
151.909,8443,6/3/2015,5/29/2015,16:32:56,7,29.5,AH0,171,31.5355875,Day,F,L,A,MYSE
151.909,8443,6/3/2015,5/30/2015,16:32:56,7,34,AH0,241,37.5612,Day,F,L,A,MYSE
151.909,8443,6/3/2015,5/24/2015,16:32:57,7,31.6,AH0,255,34.9380768,Day,F,L,A,MYSE
151.909,8443,6/3/2015,5/24/2015,16:32:59,7,31.6,AH0,255,34.9380768,Day,F,L,A,MYSE
151.909,8443,6/3/2015,5/26/2015,16:33:00,7,32,AH0,174,35.4624,Day,F,L,A,MYSE
151.909,8443,6/3/2015,5/24/2015,16:33:01,7,31.6,AH0,255,34.9380768,Day,F,L,A,MYSE
151.909,8443,6/3/2015,5/26/2015,16:33:02,7,32,AH0,255,35.4624,Day,F,L,A,MYSE
151.909,8443,6/3/2015,5/26/2015,16:33:04,7,32,AH0,252,35.4624,Day,F,L,A,MYSE
151.909,8443,6/3/2015,5/26/2015,16:33:06,7,32,AH0,255,35.4624,Day,F,L,A,MYSE
151.909,8443,6/3/2015,5/25/2015,16:33:07,7,32.9,AH0,255,36.5104437,Day,F,L,A,MYSE
151.909,8443,6/3/2015,5/30/2015,16:33:08,7,34,AH0,240,37.5612,Day,F,L,A,MYSE
151.909,8443,6/3/2015,5/25/2015,16:33:09,7,32.8,AH0,255,36.4026816,Day,F,L,A,MYSE
151.909,8443,6/3/2015,5/29/2015,16:33:10,7,29.5,AH0,181,31.5355875,Day,F,L,A,MYSE
151.909,8443,6/3/2015,5/30/2015,16:33:10,7,34,AH0,242,37.5612,Day,F,L,A,MYSE
151.909,8443,6/3/2015,5/25/2015,16:33:11,7,32.9,AH0,255,36.5104437,Day,F,L,A,MYSE
151.909,8443,6/3/2015,5/29/2015,16:33:12,7,29.5,AH0,187,31.5355875,Day,F,L,A,MYSE
151.909,8443,6/3/2015,5/30/2015,16:33:12,7,33.9,AH0,243,37.4755127,Day,F,L,A,MYSE
151.909,8443,6/3/2015,5/25/2015,16:33:13,7,32.9,AH0,255,36.5104437,Day,F,L,A,MYSE
151.909,8443,6/3/2015,5/30/2015,16:33:13,7,34,AH0,239,37.5612,Day,F,L,A,MYSE
151.909,8443,6/3/2015,5/29/2015,16:33:14,7,29.5,AH0,187,31.5355875,Day,F,L,A,MYSE
151.909,8443,6/3/2015,5/24/2015,16:33:15,7,31.6,AH0,255,34.9380768,Day,F,L,A,MYSE
151.909,8443,6/3/2015,5/25/2015,16:33:15,7,32.9,AH0,255,36.5104437,Day,F,L,A,MYSE
151.909,8443,6/3/2015,5/30/2015,16:33:15,7,33.9,AH0,242,37.4755127,Day,F,L,A,MYSE
151.909,8443,6/3/2015,5/24/2015,16:33:16,7,31.6,AH0,255,34.9380768,Day,F,L,A,MYSE
151.909,8443,6/3/2015,5/29/2015,16:33:16,7,29.5,AH0,185,31.5355875,Day,F,L,A,MYSE
151.909,8443,6/3/2015,5/24/2015,16:33:18,7,31.6,AH0,255,34.9380768,Day,F,L,A,MYSE
151.909,8443,6/3/2015,5/26/2015,16:33:18,7,91,AH0,114,390.2943,Day,F,L,A,MYSE
151.909,8443,6/3/2015,5/26/2015,16:33:19,7,51.7,AH0,35,41.2848729,Day,F,L,A,MYSE
151.909,8443,6/3/2015,5/24/2015,16:33:20,7,31.6,AH0,255,34.9380768,Day,F,L,A,MYSE
151.909,8443,6/3/2015,5/26/2015,16:33:21,7,32,AH0,255,35.4624,Day,F,L,A,MYSE
151.909,8443,6/3/2015,5/24/2015,16:33:22,7,31.5,AH0,255,34.8011375,Day,F,L,A,MYSE
151.909,8443,6/3/2015,5/26/2015,16:33:23,7,32,AH0,255,35.4624,Day,F,L,A,MYSE
151.909,8443,6/3/2015,5/26/2015,16:33:25,7,32,AH0,255,35.4624,Day,F,L,A,MYSE
151.909,8443,6/3/2015,5/25/2015,16:33:27,7,33,AH0,255,36.6161,Day,F,L,A,MYSE
151.909,8443,6/3/2015,5/31/2015,16:33:28,7,31.3,AH0,17,34.5200901,Day,F,L,A,MYSE
151.909,8443,6/3/2015,5/25/2015,16:33:29,7,32.9,AH0,255,36.5104437,Day,F,L,A,MYSE
151.909,8443,6/3/2015,5/30/2015,16:33:29,7,33.9,AH0,240,37.4755127,Day,F,L,A,MYSE
151.909,8443,6/3/2015,5/29/2015,16:33:30,7,29.4,AH0,184,31.3444472,Day,F,L,A,MYSE
151.909,8443,6/3/2015,5/25/2015,16:33:31,7,32.9,AH0,255,36.5104437,Day,F,L,A,MYSE
151.909,8443,6/3/2015,5/30/2015,16:33:31,7,33.9,AH0,241,37.4755127,Day,F,L,A,MYSE
151.909,8443,6/3/2015,5/29/2015,16:33:32,7,29.4,AH0,186,31.3444472,Day,F,L,A,MYSE
151.909,8443,6/3/2015,5/25/2015,16:33:33,7,33,AH0,255,36.6161,Day,F,L,A,MYSE
151.909,8443,6/3/2015,5/30/2015,16:33:33,7,33.9,AH0,241,37.4755127,Day,F,L,A,MYSE
151.909,8443,6/3/2015,5/29/2015,16:33:34,7,29.4,AH0,181,31.3444472,Day,F,L,A,MYSE
151.909,8443,6/3/2015,5/24/2015,16:33:35,7,31.5,AH0,255,34.8011375,Day,F,L,A,MYSE
151.909,8443,6/3/2015,5/25/2015,16:33:35,7,33,AH0,255,36.6161,Day,F,L,A,MYSE
151.909,8443,6/3/2015,5/30/2015,16:33:35,7,33.9,AH0,242,37.4755127,Day,F,L,A,MYSE
151.909,8443,6/3/2015,5/29/2015,16:33:36,7,29.4,AH0,185,31.3444472,Day,F,L,A,MYSE
151.909,8443,6/3/2015,5/24/2015,16:33:37,7,31.5,AH0,255,34.8011375,Day,F,L,A,MYSE
151.909,8443,6/3/2015,5/24/2015,16:33:39,7,31.5,AH0,255,34.8011375,Day,F,L,A,MYSE
151.909,8443,6/3/2015,5/26/2015,16:33:40,7,32,AH0,255,35.4624,Day,F,L,A,MYSE
151.909,8443,6/3/2015,5/31/2015,16:33:40,6,43.4,AH0,23,39.9265032,Day,F,L,A,MYSE
151.909,8443,6/3/2015,5/31/2015,16:33:40,6,133.3,AH0,74,2422.061732,Day,F,L,A,MYSE
151.909,8443,6/3/2015,5/24/2015,16:33:41,7,31.5,AH0,255,34.8011375,Day,F,L,A,MYSE
151.909,8443,6/3/2015,5/26/2015,16:33:42,7,32,AH0,255,35.4624,Day,F,L,A,MYSE
151.909,8443,6/3/2015,5/26/2015,16:33:43,7,32,AH0,255,35.4624,Day,F,L,A,MYSE
151.909,8443,6/3/2015,5/26/2015,16:33:45,7,32,AH0,255,35.4624,Day,F,L,A,MYSE
151.909,8443,6/3/2015,5/25/2015,16:33:47,7,33.1,AH0,255,36.7196703,Day,F,L,A,MYSE
151.909,8443,6/3/2015,5/25/2015,16:33:49,7,33.1,AH0,255,36.7196703,Day,F,L,A,MYSE
151.909,8443,6/3/2015,5/29/2015,16:33:49,7,29.4,AH0,183,31.3444472,Day,F,L,A,MYSE
151.909,8443,6/3/2015,5/30/2015,16:33:49,7,33.8,AH0,242,37.3879176,Day,F,L,A,MYSE
151.909,8443,6/3/2015,5/25/2015,16:33:51,7,33.1,AH0,255,36.7196703,Day,F,L,A,MYSE
151.909,8443,6/3/2015,5/29/2015,16:33:51,7,29.4,AH0,185,31.3444472,Day,F,L,A,MYSE
151.909,8443,6/3/2015,5/30/2015,16:33:51,7,33.8,AH0,242,37.3879176,Day,F,L,A,MYSE
151.909,8443,6/3/2015,5/30/2015,16:33:52,7,33.8,AH0,242,37.3879176,Day,F,L,A,MYSE
151.909,8443,6/3/2015,5/25/2015,16:33:53,7,33.1,AH0,255,36.7196703,Day,F,L,A,MYSE
151.909,8443,6/3/2015,5/29/2015,16:33:53,7,29.3,AH0,186,31.1505081,Day,F,L,A,MYSE
151.909,8443,6/3/2015,5/24/2015,16:33:54,7,31.6,AH0,255,34.9380768,Day,F,L,A,MYSE
151.909,8443,6/3/2015,5/30/2015,16:33:54,7,33.8,AH0,239,37.3879176,Day,F,L,A,MYSE
151.909,8443,6/3/2015,5/25/2015,16:33:55,7,33.1,AH0,255,36.7196703,Day,F,L,A,MYSE
151.909,8443,6/3/2015,5/29/2015,16:33:55,7,29.3,AH0,184,31.1505081,Day,F,L,A,MYSE
151.909,8443,6/3/2015,5/24/2015,16:33:56,7,31.7,AH0,255,35.0726529,Day,F,L,A,MYSE
151.909,8443,6/3/2015,5/24/2015,16:33:58,7,31.7,AH0,255,35.0726529,Day,F,L,A,MYSE
151.909,8443,6/3/2015,5/26/2015,16:33:58,7,32,AH0,255,35.4624,Day,F,L,A,MYSE
151.909,8443,6/3/2015,5/24/2015,16:34:00,7,31.7,AH0,255,35.0726529,Day,F,L,A,MYSE
151.909,8443,6/3/2015,5/26/2015,16:34:00,7,32,AH0,255,35.4624,Day,F,L,A,MYSE
151.909,8443,6/3/2015,5/24/2015,16:34:02,7,31.7,AH0,255,35.0726529,Day,F,L,A,MYSE
151.909,8443,6/3/2015,5/26/2015,16:34:02,7,32,AH0,255,35.4624,Day,F,L,A,MYSE
151.909,8443,6/3/2015,5/26/2015,16:34:04,7,31.9,AH0,255,35.3347947,Day,F,L,A,MYSE
151.909,8443,6/3/2015,5/26/2015,16:34:06,7,32,AH0,255,35.4624,Day,F,L,A,MYSE
151.909,8443,6/3/2015,5/25/2015,16:34:07,7,33,AH0,255,36.6161,Day,F,L,A,MYSE
151.909,8443,6/3/2015,5/30/2015,16:34:08,7,33.7,AH0,242,37.2983949,Day,F,L,A,MYSE
151.909,8443,6/3/2015,5/25/2015,16:34:09,7,33.1,AH0,255,36.7196703,Day,F,L,A,MYSE
151.909,8443,6/3/2015,5/29/2015,16:34:09,7,29.3,AH0,182,31.1505081,Day,F,L,A,MYSE
151.909,8443,6/3/2015,5/30/2015,16:34:10,7,33.7,AH0,243,37.2983949,Day,F,L,A,MYSE
151.909,8443,6/3/2015,5/25/2015,16:34:11,7,33.1,AH0,255,36.7196703,Day,F,L,A,MYSE
151.909,8443,6/3/2015,5/29/2015,16:34:11,7,29.3,AH0,183,31.1505081,Day,F,L,A,MYSE
151.909,8443,6/3/2015,5/30/2015,16:34:12,7,33.7,AH0,237,37.2983949,Day,F,L,A,MYSE
151.909,8443,6/3/2015,5/25/2015,16:34:13,7,33.1,AH0,255,36.7196703,Day,F,L,A,MYSE
151.909,8443,6/3/2015,5/29/2015,16:34:13,7,29.3,AH0,180,31.1505081,Day,F,L,A,MYSE
151.909,8443,6/3/2015,5/30/2015,16:34:14,7,33.7,AH0,239,37.2983949,Day,F,L,A,MYSE
151.909,8443,6/3/2015,5/24/2015,16:34:15,7,31.7,AH0,255,35.0726529,Day,F,L,A,MYSE
151.909,8443,6/3/2015,5/25/2015,16:34:15,7,33.2,AH0,255,36.8211744,Day,F,L,A,MYSE
151.909,8443,6/3/2015,5/29/2015,16:34:15,7,29.3,AH0,180,31.1505081,Day,F,L,A,MYSE
151.909,8443,6/3/2015,5/30/2015,16:34:16,7,33.7,AH0,242,37.2983949,Day,F,L,A,MYSE
151.909,8443,6/3/2015,5/24/2015,16:34:17,7,31.7,AH0,255,35.0726529,Day,F,L,A,MYSE
151.909,8443,6/3/2015,5/24/2015,16:34:19,7,31.7,AH0,255,35.0726529,Day,F,L,A,MYSE
151.909,8443,6/3/2015,5/26/2015,16:34:19,7,32,AH0,255,35.4624,Day,F,L,A,MYSE
151.909,8443,6/3/2015,5/24/2015,16:34:21,7,31.6,AH0,255,34.9380768,Day,F,L,A,MYSE
151.909,8443,6/3/2015,5/26/2015,16:34:21,7,32,AH0,254,35.4624,Day,F,L,A,MYSE
151.909,8443,6/3/2015,5/26/2015,16:34:23,7,32,AH0,255,35.4624,Day,F,L,A,MYSE
151.909,8443,6/3/2015,5/26/2015,16:34:25,7,32,AH0,255,35.4624,Day,F,L,A,MYSE
151.909,8443,6/3/2015,5/25/2015,16:34:27,7,33.4,AH0,255,37.0180632,Day,F,L,A,MYSE
151.909,8443,6/3/2015,5/30/2015,16:34:28,7,33.7,AH0,241,37.2983949,Day,F,L,A,MYSE
151.909,8443,6/3/2015,5/25/2015,16:34:29,7,33.4,AH0,255,37.0180632,Day,F,L,A,MYSE
151.909,8443,6/3/2015,5/29/2015,16:34:30,7,29.3,AH0,181,31.1505081,Day,F,L,A,MYSE
151.909,8443,6/3/2015,5/30/2015,16:34:30,7,33.7,AH0,241,37.2983949,Day,F,L,A,MYSE
151.909,8443,6/3/2015,5/25/2015,16:34:31,7,33.4,AH0,255,37.0180632,Day,F,L,A,MYSE
151.909,8443,6/3/2015,5/29/2015,16:34:32,7,29.2,AH0,184,30.9537504,Day,F,L,A,MYSE
151.909,8443,6/3/2015,5/30/2015,16:34:32,7,33.6,AH0,240,37.2069248,Day,F,L,A,MYSE
151.909,8443,6/3/2015,5/25/2015,16:34:33,7,33.4,AH0,255,37.0180632,Day,F,L,A,MYSE
151.909,8443,6/3/2015,5/30/2015,16:34:33,7,33.7,AH0,242,37.2983949,Day,F,L,A,MYSE
151.909,8443,6/3/2015,5/24/2015,16:34:34,7,31.5,AH0,255,34.8011375,Day,F,L,A,MYSE
151.909,8443,6/3/2015,5/29/2015,16:34:34,7,29.2,AH0,181,30.9537504,Day,F,L,A,MYSE
151.909,8443,6/3/2015,5/25/2015,16:34:35,7,33.4,AH0,255,37.0180632,Day,F,L,A,MYSE
151.909,8443,6/3/2015,5/30/2015,16:34:35,7,33.6,AH0,239,37.2069248,Day,F,L,A,MYSE
151.909,8443,6/3/2015,5/24/2015,16:34:36,7,31.5,AH0,255,34.8011375,Day,F,L,A,MYSE
151.909,8443,6/3/2015,5/29/2015,16:34:36,7,29.2,AH0,184,30.9537504,Day,F,L,A,MYSE
151.909,8443,6/3/2015,5/24/2015,16:34:38,7,31.5,AH0,255,34.8011375,Day,F,L,A,MYSE
151.909,8443,6/3/2015,5/24/2015,16:34:40,7,31.5,AH0,255,34.8011375,Day,F,L,A,MYSE
151.909,8443,6/3/2015,5/26/2015,16:34:40,7,32,AH0,248,35.4624,Day,F,L,A,MYSE
151.909,8443,6/3/2015,5/24/2015,16:34:42,7,31.5,AH0,255,34.8011375,Day,F,L,A,MYSE
151.909,8443,6/3/2015,5/26/2015,16:34:42,7,32,AH0,254,35.4624,Day,F,L,A,MYSE
151.909,8443,6/3/2015,5/26/2015,16:34:44,7,32,AH0,254,35.4624,Day,F,L,A,MYSE
151.909,8443,6/3/2015,5/26/2015,16:34:45,7,32,AH0,254,35.4624,Day,F,L,A,MYSE
151.909,8443,6/3/2015,5/25/2015,16:34:47,7,33.6,AH0,255,37.2069248,Day,F,L,A,MYSE
151.909,8443,6/3/2015,5/25/2015,16:34:49,7,33.6,AH0,255,37.2069248,Day,F,L,A,MYSE
151.909,8443,6/3/2015,5/30/2015,16:34:49,7,33.6,AH0,241,37.2069248,Day,F,L,A,MYSE
151.909,8443,6/3/2015,5/29/2015,16:34:50,7,29.2,AH0,184,30.9537504,Day,F,L,A,MYSE
151.909,8443,6/3/2015,5/25/2015,16:34:51,7,33.6,AH0,255,37.2069248,Day,F,L,A,MYSE
151.909,8443,6/3/2015,5/30/2015,16:34:51,7,33.6,AH0,241,37.2069248,Day,F,L,A,MYSE
151.909,8443,6/3/2015,5/25/2015,16:34:52,7,33.6,AH0,255,37.2069248,Day,F,L,A,MYSE
151.909,8443,6/3/2015,5/29/2015,16:34:52,7,29.2,AH0,183,30.9537504,Day,F,L,A,MYSE
151.909,8443,6/3/2015,5/30/2015,16:34:53,7,33.6,AH0,240,37.2069248,Day,F,L,A,MYSE
151.909,8443,6/3/2015,5/25/2015,16:34:54,7,33.7,AH0,255,37.2983949,Day,F,L,A,MYSE
151.909,8443,6/3/2015,5/29/2015,16:34:54,7,29.2,AH0,183,30.9537504,Day,F,L,A,MYSE
151.909,8443,6/3/2015,5/24/2015,16:34:55,7,31.5,AH0,255,34.8011375,Day,F,L,A,MYSE
151.909,8443,6/3/2015,5/30/2015,16:34:55,7,33.6,AH0,239,37.2069248,Day,F,L,A,MYSE
151.909,8443,6/3/2015,5/29/2015,16:34:56,7,29.2,AH0,183,30.9537504,Day,F,L,A,MYSE
151.909,8443,6/3/2015,5/24/2015,16:34:57,7,31.4,AH0,255,34.6618152,Day,F,L,A,MYSE
151.909,8443,6/3/2015,5/24/2015,16:34:59,7,31.4,AH0,255,34.6618152,Day,F,L,A,MYSE
151.909,8443,6/3/2015,5/26/2015,16:34:59,7,31.8,AH0,253,35.2048856,Day,F,L,A,MYSE
151.909,8443,6/3/2015,5/26/2015,16:35:00,7,31.7,AH0,248,35.0726529,Day,F,L,A,MYSE
151.909,8443,6/3/2015,5/24/2015,16:35:01,7,31.5,AH0,255,34.8011375,Day,F,L,A,MYSE
151.909,8443,6/3/2015,5/26/2015,16:35:02,7,31.7,AH0,253,35.0726529,Day,F,L,A,MYSE
151.909,8443,6/3/2015,5/26/2015,16:35:04,7,31.7,AH0,253,35.0726529,Day,F,L,A,MYSE
151.909,8443,6/3/2015,5/26/2015,16:35:06,7,31.7,AH0,250,35.0726529,Day,F,L,A,MYSE
151.909,8443,6/3/2015,5/25/2015,16:35:08,7,33.8,AH0,255,37.3879176,Day,F,L,A,MYSE
151.909,8443,6/3/2015,5/29/2015,16:35:09,7,29.2,AH0,185,30.9537504,Day,F,L,A,MYSE
151.909,8443,6/3/2015,5/30/2015,16:35:09,7,33.5,AH0,238,37.1134875,Day,F,L,A,MYSE
151.909,8443,6/3/2015,5/25/2015,16:35:10,7,33.9,AH0,255,37.4755127,Day,F,L,A,MYSE
151.909,8443,6/3/2015,5/29/2015,16:35:11,7,29.2,AH0,183,30.9537504,Day,F,L,A,MYSE
151.909,8443,6/3/2015,5/30/2015,16:35:11,7,33.5,AH0,236,37.1134875,Day,F,L,A,MYSE
151.909,8443,6/3/2015,5/25/2015,16:35:12,7,33.9,AH0,255,37.4755127,Day,F,L,A,MYSE
151.909,8443,6/3/2015,5/29/2015,16:35:13,7,29.2,AH0,182,30.9537504,Day,F,L,A,MYSE
151.909,8443,6/3/2015,5/30/2015,16:35:13,7,33.5,AH0,244,37.1134875,Day,F,L,A,MYSE
151.909,8443,6/3/2015,5/24/2015,16:35:14,7,31.5,AH0,255,34.8011375,Day,F,L,A,MYSE
151.909,8443,6/3/2015,5/25/2015,16:35:14,7,33.9,AH0,255,37.4755127,Day,F,L,A,MYSE
151.909,8443,6/3/2015,5/29/2015,16:35:15,7,29.2,AH0,183,30.9537504,Day,F,L,A,MYSE
151.909,8443,6/3/2015,5/30/2015,16:35:15,7,33.5,AH0,246,37.1134875,Day,F,L,A,MYSE
151.909,8443,6/3/2015,5/24/2015,16:35:16,7,31.5,AH0,255,34.8011375,Day,F,L,A,MYSE
151.909,8443,6/3/2015,5/24/2015,16:35:18,7,31.5,AH0,255,34.8011375,Day,F,L,A,MYSE
151.909,8443,6/3/2015,5/26/2015,16:35:19,7,31.8,AH0,255,35.2048856,Day,F,L,A,MYSE
151.909,8443,6/3/2015,5/24/2015,16:35:20,7,31.5,AH0,255,34.8011375,Day,F,L,A,MYSE
151.909,8443,6/3/2015,5/26/2015,16:35:21,7,31.8,AH0,255,35.2048856,Day,F,L,A,MYSE
151.909,8443,6/3/2015,5/24/2015,16:35:22,7,31.5,AH0,255,34.8011375,Day,F,L,A,MYSE
151.909,8443,6/3/2015,5/26/2015,16:35:23,7,31.7,AH0,255,35.0726529,Day,F,L,A,MYSE
151.909,8443,6/3/2015,5/26/2015,16:35:25,7,31.7,AH0,255,35.0726529,Day,F,L,A,MYSE
151.909,8443,6/3/2015,5/25/2015,16:35:28,7,34,AH0,255,37.5612,Day,F,L,A,MYSE
151.909,8443,6/3/2015,5/29/2015,16:35:29,7,29.4,AH0,206,31.3444472,Day,F,L,A,MYSE
151.909,8443,6/3/2015,5/30/2015,16:35:29,7,33.5,AH0,241,37.1134875,Day,F,L,A,MYSE
151.909,8443,6/3/2015,5/25/2015,16:35:30,7,33.9,AH0,255,37.4755127,Day,F,L,A,MYSE
151.909,8443,6/3/2015,5/25/2015,16:35:31,7,33.9,AH0,255,37.4755127,Day,F,L,A,MYSE
151.909,8443,6/3/2015,5/29/2015,16:35:31,7,29.5,AH0,207,31.5355875,Day,F,L,A,MYSE
151.909,8443,6/3/2015,5/30/2015,16:35:31,7,33.5,AH0,244,37.1134875,Day,F,L,A,MYSE
151.909,8443,6/3/2015,5/31/2015,16:35:31,7,14.9,AH0,83,-36.0561783,Day,F,L,A,MYSE
151.909,8443,6/3/2015,5/30/2015,16:35:32,7,33.5,AH0,243,37.1134875,Day,F,L,A,MYSE
151.909,8443,6/3/2015,5/25/2015,16:35:33,7,33.9,AH0,255,37.4755127,Day,F,L,A,MYSE
151.909,8443,6/3/2015,5/29/2015,16:35:33,7,29.5,AH0,207,31.5355875,Day,F,L,A,MYSE
151.909,8443,6/3/2015,5/30/2015,16:35:34,7,33.5,AH0,243,37.1134875,Day,F,L,A,MYSE
151.909,8443,6/3/2015,5/24/2015,16:35:35,7,31.5,AH0,255,34.8011375,Day,F,L,A,MYSE
151.909,8443,6/3/2015,5/25/2015,16:35:35,7,33.9,AH0,255,37.4755127,Day,F,L,A,MYSE
151.909,8443,6/3/2015,5/29/2015,16:35:35,7,29.5,AH0,231,31.5355875,Day,F,L,A,MYSE
151.909,8443,6/3/2015,5/24/2015,16:35:37,7,31.5,AH0,255,34.8011375,Day,F,L,A,MYSE
151.909,8443,6/3/2015,5/26/2015,16:35:38,7,31.6,AH0,255,34.9380768,Day,F,L,A,MYSE
151.909,8443,6/3/2015,5/24/2015,16:35:39,7,31.5,AH0,255,34.8011375,Day,F,L,A,MYSE
151.909,8443,6/3/2015,5/26/2015,16:35:40,7,31.6,AH0,254,34.9380768,Day,F,L,A,MYSE
151.909,8443,6/3/2015,5/24/2015,16:35:41,7,31.4,AH0,255,34.6618152,Day,F,L,A,MYSE
151.909,8443,6/3/2015,5/26/2015,16:35:42,7,31.6,AH0,254,34.9380768,Day,F,L,A,MYSE
151.909,8443,6/3/2015,5/26/2015,16:35:44,7,31.5,AH0,255,34.8011375,Day,F,L,A,MYSE
151.909,8443,6/3/2015,5/26/2015,16:35:46,7,31.5,AH0,255,34.8011375,Day,F,L,A,MYSE
151.909,8443,6/3/2015,5/25/2015,16:35:47,7,33.8,AH0,255,37.3879176,Day,F,L,A,MYSE
151.909,8443,6/3/2015,5/25/2015,16:35:49,7,33.8,AH0,255,37.3879176,Day,F,L,A,MYSE
151.909,8443,6/3/2015,5/30/2015,16:35:49,7,33.6,AH0,243,37.2069248,Day,F,L,A,MYSE
151.909,8443,6/3/2015,5/29/2015,16:35:50,7,29.3,AH0,231,31.1505081,Day,F,L,A,MYSE
151.909,8443,6/3/2015,5/30/2015,16:35:50,7,33.6,AH0,245,37.2069248,Day,F,L,A,MYSE
151.909,8443,6/3/2015,5/25/2015,16:35:51,7,33.8,AH0,255,37.3879176,Day,F,L,A,MYSE
151.909,8443,6/3/2015,5/29/2015,16:35:52,7,29.3,AH0,229,31.1505081,Day,F,L,A,MYSE
151.909,8443,6/3/2015,5/30/2015,16:35:52,7,33.6,AH0,244,37.2069248,Day,F,L,A,MYSE
151.909,8443,6/3/2015,5/25/2015,16:35:53,7,33.8,AH0,255,37.3879176,Day,F,L,A,MYSE
151.909,8443,6/3/2015,5/24/2015,16:35:54,7,31.5,AH0,255,34.8011375,Day,F,L,A,MYSE
151.909,8443,6/3/2015,5/29/2015,16:35:54,7,29.3,AH0,231,31.1505081,Day,F,L,A,MYSE
151.909,8443,6/3/2015,5/30/2015,16:35:54,7,33.6,AH0,242,37.2069248,Day,F,L,A,MYSE
151.909,8443,6/3/2015,5/25/2015,16:35:55,7,33.8,AH0,255,37.3879176,Day,F,L,A,MYSE
151.909,8443,6/3/2015,5/24/2015,16:35:56,7,31.5,AH0,255,34.8011375,Day,F,L,A,MYSE
151.909,8443,6/3/2015,5/29/2015,16:35:56,7,29.3,AH0,225,31.1505081,Day,F,L,A,MYSE
151.909,8443,6/3/2015,5/30/2015,16:35:56,7,33.6,AH0,243,37.2069248,Day,F,L,A,MYSE
151.909,8443,6/3/2015,5/24/2015,16:35:58,7,31.5,AH0,255,34.8011375,Day,F,L,A,MYSE
151.909,8443,6/3/2015,5/31/2015,16:35:58,6,42.3,AH0,35,39.9783011,Day,F,L,A,MYSE
151.909,8443,6/3/2015,5/26/2015,16:35:59,7,31.3,AH0,255,34.5200901,Day,F,L,A,MYSE
151.909,8443,6/3/2015,5/24/2015,16:36:00,7,31.5,AH0,255,34.8011375,Day,F,L,A,MYSE
151.909,8443,6/3/2015,5/26/2015,16:36:01,7,31.2,AH0,255,34.3759424,Day,F,L,A,MYSE
151.909,8443,6/3/2015,5/24/2015,16:36:02,7,31.5,AH0,255,34.8011375,Day,F,L,A,MYSE
151.909,8443,6/3/2015,5/26/2015,16:36:03,7,31.2,AH0,255,34.3759424,Day,F,L,A,MYSE
151.909,8443,6/3/2015,5/26/2015,16:36:05,7,31.2,AH0,255,34.3759424,Day,F,L,A,MYSE
151.909,8443,6/3/2015,5/25/2015,16:36:07,7,33.8,AH0,255,37.3879176,Day,F,L,A,MYSE
151.909,8443,6/3/2015,5/30/2015,16:36:08,7,33.6,AH0,241,37.2069248,Day,F,L,A,MYSE
151.909,8443,6/3/2015,5/25/2015,16:36:09,7,33.8,AH0,255,37.3879176,Day,F,L,A,MYSE
151.909,8443,6/3/2015,5/25/2015,16:36:10,7,33.8,AH0,255,37.3879176,Day,F,L,A,MYSE
151.909,8443,6/3/2015,5/29/2015,16:36:10,7,29.3,AH0,230,31.1505081,Day,F,L,A,MYSE
151.909,8443,6/3/2015,5/30/2015,16:36:10,7,33.6,AH0,238,37.2069248,Day,F,L,A,MYSE
151.909,8443,6/3/2015,5/25/2015,16:36:12,7,33.8,AH0,255,37.3879176,Day,F,L,A,MYSE
151.909,8443,6/3/2015,5/29/2015,16:36:12,7,29.3,AH0,227,31.1505081,Day,F,L,A,MYSE
151.909,8443,6/3/2015,5/30/2015,16:36:12,7,33.6,AH0,241,37.2069248,Day,F,L,A,MYSE
151.909,8443,6/3/2015,5/25/2015,16:36:14,7,33.8,AH0,255,37.3879176,Day,F,L,A,MYSE
151.909,8443,6/3/2015,5/29/2015,16:36:14,7,29.3,AH0,228,31.1505081,Day,F,L,A,MYSE
151.909,8443,6/3/2015,5/30/2015,16:36:14,7,33.6,AH0,243,37.2069248,Day,F,L,A,MYSE
151.909,8443,6/3/2015,5/24/2015,16:36:15,7,31.6,AH0,255,34.9380768,Day,F,L,A,MYSE
151.909,8443,6/3/2015,5/30/2015,16:36:15,7,33.6,AH0,242,37.2069248,Day,F,L,A,MYSE
151.909,8443,6/3/2015,5/29/2015,16:36:16,7,29.3,AH0,229,31.1505081,Day,F,L,A,MYSE
151.909,8443,6/3/2015,5/24/2015,16:36:17,7,31.6,AH0,255,34.9380768,Day,F,L,A,MYSE
151.909,8443,6/3/2015,5/24/2015,16:36:19,7,31.6,AH0,255,34.9380768,Day,F,L,A,MYSE
151.909,8443,6/3/2015,5/26/2015,16:36:19,7,31.3,AH0,255,34.5200901,Day,F,L,A,MYSE
151.909,8443,6/3/2015,5/26/2015,16:36:20,7,31.3,AH0,255,34.5200901,Day,F,L,A,MYSE
151.909,8443,6/3/2015,5/24/2015,16:36:21,7,31.6,AH0,255,34.9380768,Day,F,L,A,MYSE
151.909,8443,6/3/2015,5/26/2015,16:36:22,7,31.3,AH0,255,34.5200901,Day,F,L,A,MYSE
151.909,8443,6/3/2015,5/26/2015,16:36:24,7,31.3,AH0,255,34.5200901,Day,F,L,A,MYSE
151.909,8443,6/3/2015,5/26/2015,16:36:26,7,31.3,AH0,255,34.5200901,Day,F,L,A,MYSE
151.909,8443,6/3/2015,5/25/2015,16:36:28,7,33.9,AH0,255,37.4755127,Day,F,L,A,MYSE
151.909,8443,6/3/2015,5/30/2015,16:36:28,7,33.6,AH0,239,37.2069248,Day,F,L,A,MYSE
151.909,8443,6/3/2015,5/25/2015,16:36:30,7,33.9,AH0,255,37.4755127,Day,F,L,A,MYSE
151.909,8443,6/3/2015,5/29/2015,16:36:30,7,29.4,AH0,225,31.3444472,Day,F,L,A,MYSE
151.909,8443,6/3/2015,5/30/2015,16:36:30,7,33.6,AH0,241,37.2069248,Day,F,L,A,MYSE
151.909,8443,6/3/2015,5/30/2015,16:36:31,7,33.6,AH0,241,37.2069248,Day,F,L,A,MYSE
151.909,8443,6/3/2015,5/25/2015,16:36:32,7,34,AH0,255,37.5612,Day,F,L,A,MYSE
151.909,8443,6/3/2015,5/29/2015,16:36:33,7,29.4,AH0,225,31.3444472,Day,F,L,A,MYSE
151.909,8443,6/3/2015,5/30/2015,16:36:33,7,33.6,AH0,242,37.2069248,Day,F,L,A,MYSE
151.909,8443,6/3/2015,5/24/2015,16:36:34,7,31.6,AH0,255,34.9380768,Day,F,L,A,MYSE
151.909,8443,6/3/2015,5/25/2015,16:36:34,7,34,AH0,255,37.5612,Day,F,L,A,MYSE
151.909,8443,6/3/2015,5/29/2015,16:36:35,7,29.4,AH0,226,31.3444472,Day,F,L,A,MYSE
151.909,8443,6/3/2015,5/30/2015,16:36:35,7,33.6,AH0,242,37.2069248,Day,F,L,A,MYSE
151.909,8443,6/3/2015,5/24/2015,16:36:36,7,31.6,AH0,255,34.9380768,Day,F,L,A,MYSE
151.909,8443,6/3/2015,5/24/2015,16:36:38,7,31.6,AH0,255,34.9380768,Day,F,L,A,MYSE
151.909,8443,6/3/2015,5/24/2015,16:36:40,7,31.6,AH0,255,34.9380768,Day,F,L,A,MYSE
151.909,8443,6/3/2015,5/26/2015,16:36:40,7,31.3,AH0,255,34.5200901,Day,F,L,A,MYSE
151.909,8443,6/3/2015,5/26/2015,16:36:41,7,31.3,AH0,255,34.5200901,Day,F,L,A,MYSE
151.909,8443,6/3/2015,5/24/2015,16:36:42,7,31.6,AH0,255,34.9380768,Day,F,L,A,MYSE
151.909,8443,6/3/2015,5/26/2015,16:36:43,7,31.4,AH0,255,34.6618152,Day,F,L,A,MYSE
151.909,8443,6/3/2015,5/26/2015,16:36:45,7,31.3,AH0,255,34.5200901,Day,F,L,A,MYSE
151.909,8443,6/3/2015,5/25/2015,16:36:48,7,34,AH0,255,37.5612,Day,F,L,A,MYSE
151.909,8443,6/3/2015,5/25/2015,16:36:49,7,34,AH0,255,37.5612,Day,F,L,A,MYSE
151.909,8443,6/3/2015,5/29/2015,16:36:49,7,29.5,AH0,231,31.5355875,Day,F,L,A,MYSE
151.909,8443,6/3/2015,5/30/2015,16:36:49,7,33.7,AH0,238,37.2983949,Day,F,L,A,MYSE
151.909,8443,6/3/2015,5/25/2015,16:36:51,7,34.1,AH0,255,37.6449993,Day,F,L,A,MYSE
151.909,8443,6/3/2015,5/29/2015,16:36:51,7,29.5,AH0,246,31.5355875,Day,F,L,A,MYSE
151.909,8443,6/3/2015,5/30/2015,16:36:51,7,33.7,AH0,241,37.2983949,Day,F,L,A,MYSE
151.909,8443,6/3/2015,5/25/2015,16:36:53,7,34.1,AH0,255,37.6449993,Day,F,L,A,MYSE
151.909,8443,6/3/2015,5/29/2015,16:36:53,7,29.5,AH0,214,31.5355875,Day,F,L,A,MYSE
151.909,8443,6/3/2015,5/30/2015,16:36:53,7,33.6,AH0,242,37.2069248,Day,F,L,A,MYSE
151.909,8443,6/3/2015,5/24/2015,16:36:55,7,31.7,AH0,255,35.0726529,Day,F,L,A,MYSE
151.909,8443,6/3/2015,5/25/2015,16:36:55,7,34.1,AH0,255,37.6449993,Day,F,L,A,MYSE
151.909,8443,6/3/2015,5/29/2015,16:36:55,7,29.5,AH0,224,31.5355875,Day,F,L,A,MYSE
151.909,8443,6/3/2015,5/30/2015,16:36:55,7,33.7,AH0,242,37.2983949,Day,F,L,A,MYSE
151.909,8443,6/3/2015,5/24/2015,16:36:57,7,31.7,AH0,255,35.0726529,Day,F,L,A,MYSE
151.909,8443,6/3/2015,5/24/2015,16:36:59,7,31.7,AH0,255,35.0726529,Day,F,L,A,MYSE
151.909,8443,6/3/2015,5/26/2015,16:36:59,7,31.3,AH0,255,34.5200901,Day,F,L,A,MYSE
151.909,8443,6/3/2015,5/24/2015,16:37:01,7,31.7,AH0,255,35.0726529,Day,F,L,A,MYSE
151.909,8443,6/3/2015,5/26/2015,16:37:01,7,31.4,AH0,254,34.6618152,Day,F,L,A,MYSE
151.909,8443,6/3/2015,5/26/2015,16:37:03,7,31.3,AH0,255,34.5200901,Day,F,L,A,MYSE
151.909,8443,6/3/2015,5/26/2015,16:37:04,7,31.3,AH0,255,34.5200901,Day,F,L,A,MYSE
151.909,8443,6/3/2015,5/25/2015,16:37:07,7,34.1,AH0,255,37.6449993,Day,F,L,A,MYSE
151.909,8443,6/3/2015,5/25/2015,16:37:09,7,34.1,AH0,255,37.6449993,Day,F,L,A,MYSE
151.909,8443,6/3/2015,5/29/2015,16:37:09,7,30,AH0,212,32.45,Day,F,L,A,MYSE
151.909,8443,6/3/2015,5/30/2015,16:37:09,7,33.7,AH0,241,37.2983949,Day,F,L,A,MYSE
151.909,8443,6/3/2015,5/25/2015,16:37:11,7,34.1,AH0,255,37.6449993,Day,F,L,A,MYSE
151.909,8443,6/3/2015,5/29/2015,16:37:11,7,31.9,AH0,199,35.3347947,Day,F,L,A,MYSE
151.909,8443,6/3/2015,5/30/2015,16:37:11,7,33.6,AH0,238,37.2069248,Day,F,L,A,MYSE
151.909,8443,6/3/2015,5/25/2015,16:37:12,7,34.1,AH0,255,37.6449993,Day,F,L,A,MYSE
151.909,8443,6/3/2015,5/30/2015,16:37:12,7,33.7,AH0,242,37.2983949,Day,F,L,A,MYSE
151.909,8443,6/3/2015,5/24/2015,16:37:14,7,31.7,AH0,255,35.0726529,Day,F,L,A,MYSE
151.909,8443,6/3/2015,5/25/2015,16:37:14,7,34.1,AH0,255,37.6449993,Day,F,L,A,MYSE
151.909,8443,6/3/2015,5/29/2015,16:37:14,7,21.1,AH0,136,3.8365623,Day,F,L,A,MYSE
151.909,8443,6/3/2015,5/30/2015,16:37:14,7,33.7,AH0,243,37.2983949,Day,F,L,A,MYSE
151.909,8443,6/3/2015,5/24/2015,16:37:16,7,31.7,AH0,255,35.0726529,Day,F,L,A,MYSE
151.909,8443,6/3/2015,5/29/2015,16:37:16,7,30.4,AH0,112,33.1331712,Day,F,L,A,MYSE
151.909,8443,6/3/2015,5/24/2015,16:37:18,7,31.7,AH0,255,35.0726529,Day,F,L,A,MYSE
151.909,8443,6/3/2015,5/24/2015,16:37:20,7,31.7,AH0,255,35.0726529,Day,F,L,A,MYSE
151.909,8443,6/3/2015,5/26/2015,16:37:20,7,31.3,AH0,255,34.5200901,Day,F,L,A,MYSE
151.909,8443,6/3/2015,5/24/2015,16:37:22,7,31.7,AH0,255,35.0726529,Day,F,L,A,MYSE
151.909,8443,6/3/2015,5/26/2015,16:37:22,7,31.3,AH0,255,34.5200901,Day,F,L,A,MYSE
151.909,8443,6/3/2015,5/31/2015,16:37:23,6,18.4,AH0,32,-11.1595968,Day,F,L,A,MYSE
151.909,8443,6/3/2015,5/26/2015,16:37:24,7,31.3,AH0,255,34.5200901,Day,F,L,A,MYSE
151.909,8443,6/3/2015,5/26/2015,16:37:26,7,31.3,AH0,255,34.5200901,Day,F,L,A,MYSE
151.909,8443,6/3/2015,5/25/2015,16:37:28,7,34,AH0,255,37.5612,Day,F,L,A,MYSE
151.909,8443,6/3/2015,5/30/2015,16:37:28,7,33.7,AH0,242,37.2983949,Day,F,L,A,MYSE
151.909,8443,6/3/2015,5/25/2015,16:37:30,7,34,AH0,254,37.5612,Day,F,L,A,MYSE
151.909,8443,6/3/2015,5/29/2015,16:37:30,7,31.1,AH0,97,34.2293523,Day,F,L,A,MYSE
151.909,8443,6/3/2015,5/30/2015,16:37:30,7,33.7,AH0,242,37.2983949,Day,F,L,A,MYSE
151.909,8443,6/3/2015,5/29/2015,16:37:31,7,31.1,AH0,115,34.2293523,Day,F,L,A,MYSE
151.909,8443,6/3/2015,5/25/2015,16:37:32,7,34,AH0,255,37.5612,Day,F,L,A,MYSE
151.909,8443,6/3/2015,5/30/2015,16:37:32,7,33.7,AH0,238,37.2983949,Day,F,L,A,MYSE
151.909,8443,6/3/2015,5/25/2015,16:37:33,7,34,AH0,255,37.5612,Day,F,L,A,MYSE
151.909,8443,6/3/2015,5/29/2015,16:37:33,7,31.1,AH0,93,34.2293523,Day,F,L,A,MYSE
151.909,8443,6/3/2015,5/30/2015,16:37:34,7,33.7,AH0,243,37.2983949,Day,F,L,A,MYSE
151.909,8443,6/3/2015,5/24/2015,16:37:35,7,31.7,AH0,255,35.0726529,Day,F,L,A,MYSE
151.909,8443,6/3/2015,5/29/2015,16:37:35,7,31.2,AH0,98,34.3759424,Day,F,L,A,MYSE
151.909,8443,6/3/2015,5/30/2015,16:37:36,7,33.7,AH0,241,37.2983949,Day,F,L,A,MYSE
151.909,8443,6/3/2015,5/24/2015,16:37:37,7,31.7,AH0,255,35.0726529,Day,F,L,A,MYSE
151.909,8443,6/3/2015,5/24/2015,16:37:39,7,31.7,AH0,255,35.0726529,Day,F,L,A,MYSE
151.909,8443,6/3/2015,5/26/2015,16:37:39,7,31.4,AH0,255,34.6618152,Day,F,L,A,MYSE
151.909,8443,6/3/2015,5/24/2015,16:37:41,7,31.7,AH0,255,35.0726529,Day,F,L,A,MYSE
151.909,8443,6/3/2015,5/26/2015,16:37:41,7,31.4,AH0,255,34.6618152,Day,F,L,A,MYSE
151.909,8443,6/3/2015,5/26/2015,16:37:43,7,31.4,AH0,255,34.6618152,Day,F,L,A,MYSE
151.909,8443,6/3/2015,5/26/2015,16:37:45,7,31.4,AH0,255,34.6618152,Day,F,L,A,MYSE
151.909,8443,6/3/2015,5/25/2015,16:37:48,7,34,AH0,255,37.5612,Day,F,L,A,MYSE
151.909,8443,6/3/2015,5/30/2015,16:37:48,7,33.7,AH0,242,37.2983949,Day,F,L,A,MYSE
151.909,8443,6/3/2015,5/25/2015,16:37:49,7,34,AH0,255,37.5612,Day,F,L,A,MYSE
151.909,8443,6/3/2015,5/29/2015,16:37:49,7,31.3,AH0,89,34.5200901,Day,F,L,A,MYSE
151.909,8443,6/3/2015,5/30/2015,16:37:50,7,33.7,AH0,243,37.2983949,Day,F,L,A,MYSE
151.909,8443,6/3/2015,5/25/2015,16:37:51,7,34,AH0,255,37.5612,Day,F,L,A,MYSE
151.909,8443,6/3/2015,5/29/2015,16:37:51,7,31.3,AH0,88,34.5200901,Day,F,L,A,MYSE
151.909,8443,6/3/2015,5/30/2015,16:37:52,7,33.7,AH0,241,37.2983949,Day,F,L,A,MYSE
151.909,8443,6/3/2015,5/25/2015,16:37:53,7,34,AH0,255,37.5612,Day,F,L,A,MYSE
151.909,8443,6/3/2015,5/29/2015,16:37:53,7,31.3,AH0,85,34.5200901,Day,F,L,A,MYSE
151.909,8443,6/3/2015,5/30/2015,16:37:53,7,33.7,AH0,242,37.2983949,Day,F,L,A,MYSE
151.909,8443,6/3/2015,5/29/2015,16:37:54,7,31.3,AH0,84,34.5200901,Day,F,L,A,MYSE
151.909,8443,6/3/2015,5/25/2015,16:37:55,7,34,AH0,255,37.5612,Day,F,L,A,MYSE
151.909,8443,6/3/2015,5/30/2015,16:37:55,7,33.7,AH0,239,37.2983949,Day,F,L,A,MYSE
151.909,8443,6/3/2015,5/24/2015,16:37:56,7,31.7,AH0,255,35.0726529,Day,F,L,A,MYSE
151.909,8443,6/3/2015,5/24/2015,16:37:58,7,31.7,AH0,255,35.0726529,Day,F,L,A,MYSE
151.909,8443,6/3/2015,5/24/2015,16:38:00,7,31.7,AH0,255,35.0726529,Day,F,L,A,MYSE
151.909,8443,6/3/2015,5/26/2015,16:38:00,7,31.5,AH0,255,34.8011375,Day,F,L,A,MYSE
151.909,8443,6/3/2015,5/24/2015,16:38:01,7,31.8,AH0,255,35.2048856,Day,F,L,A,MYSE
151.909,8443,6/3/2015,5/26/2015,16:38:02,7,31.5,AH0,255,34.8011375,Day,F,L,A,MYSE
151.909,8443,6/3/2015,5/26/2015,16:38:04,7,31.5,AH0,254,34.8011375,Day,F,L,A,MYSE
151.909,8443,6/3/2015,5/26/2015,16:38:06,7,31.4,AH0,255,34.6618152,Day,F,L,A,MYSE
151.909,8443,6/3/2015,5/25/2015,16:38:07,7,34.1,AH0,255,37.6449993,Day,F,L,A,MYSE
151.909,8443,6/3/2015,5/30/2015,16:38:08,7,33.6,AH0,242,37.2069248,Day,F,L,A,MYSE
151.909,8443,6/3/2015,5/25/2015,16:38:09,7,34.1,AH0,255,37.6449993,Day,F,L,A,MYSE
151.909,8443,6/3/2015,5/30/2015,16:38:09,7,33.7,AH0,243,37.2983949,Day,F,L,A,MYSE
151.909,8443,6/3/2015,5/29/2015,16:38:10,7,31.3,AH0,89,34.5200901,Day,F,L,A,MYSE
151.909,8443,6/3/2015,5/25/2015,16:38:11,7,34.1,AH0,255,37.6449993,Day,F,L,A,MYSE
151.909,8443,6/3/2015,5/30/2015,16:38:11,7,33.7,AH0,241,37.2983949,Day,F,L,A,MYSE
151.909,8443,6/3/2015,5/25/2015,16:38:12,7,34.1,AH0,255,37.6449993,Day,F,L,A,MYSE
151.909,8443,6/3/2015,5/29/2015,16:38:12,7,31.3,AH0,85,34.5200901,Day,F,L,A,MYSE
151.909,8443,6/3/2015,5/30/2015,16:38:13,7,33.7,AH0,240,37.2983949,Day,F,L,A,MYSE
151.909,8443,6/3/2015,5/25/2015,16:38:14,7,34.1,AH0,255,37.6449993,Day,F,L,A,MYSE
151.909,8443,6/3/2015,5/29/2015,16:38:14,7,31.3,AH0,83,34.5200901,Day,F,L,A,MYSE
151.909,8443,6/3/2015,5/24/2015,16:38:15,7,31.7,AH0,255,35.0726529,Day,F,L,A,MYSE
151.909,8443,6/3/2015,5/30/2015,16:38:15,7,33.7,AH0,243,37.2983949,Day,F,L,A,MYSE
151.909,8443,6/3/2015,5/29/2015,16:38:16,7,31.3,AH0,80,34.5200901,Day,F,L,A,MYSE
151.909,8443,6/3/2015,5/24/2015,16:38:17,7,31.7,AH0,255,35.0726529,Day,F,L,A,MYSE
151.909,8443,6/3/2015,5/24/2015,16:38:18,7,31.7,AH0,255,35.0726529,Day,F,L,A,MYSE
151.909,8443,6/3/2015,5/26/2015,16:38:19,7,31.5,AH0,255,34.8011375,Day,F,L,A,MYSE
151.909,8443,6/3/2015,5/24/2015,16:38:20,7,31.7,AH0,255,35.0726529,Day,F,L,A,MYSE
151.909,8443,6/3/2015,5/26/2015,16:38:21,7,31.4,AH0,255,34.6618152,Day,F,L,A,MYSE
151.909,8443,6/3/2015,5/26/2015,16:38:23,7,31.4,AH0,255,34.6618152,Day,F,L,A,MYSE
151.909,8443,6/3/2015,5/26/2015,16:38:25,7,31.4,AH0,255,34.6618152,Day,F,L,A,MYSE
151.909,8443,6/3/2015,5/25/2015,16:38:28,7,34.1,AH0,255,37.6449993,Day,F,L,A,MYSE
151.909,8443,6/3/2015,5/29/2015,16:38:29,7,31.4,AH0,81,34.6618152,Day,F,L,A,MYSE
151.909,8443,6/3/2015,5/30/2015,16:38:29,7,33.7,AH0,242,37.2983949,Day,F,L,A,MYSE
151.909,8443,6/3/2015,5/25/2015,16:38:30,7,34.1,AH0,255,37.6449993,Day,F,L,A,MYSE
151.909,8443,6/3/2015,5/29/2015,16:38:31,7,31.4,AH0,84,34.6618152,Day,F,L,A,MYSE
151.909,8443,6/3/2015,5/30/2015,16:38:31,7,33.7,AH0,241,37.2983949,Day,F,L,A,MYSE
151.909,8443,6/3/2015,5/25/2015,16:38:32,7,34.1,AH0,255,37.6449993,Day,F,L,A,MYSE
151.909,8443,6/3/2015,5/25/2015,16:38:33,7,34.1,AH0,255,37.6449993,Day,F,L,A,MYSE
151.909,8443,6/3/2015,5/29/2015,16:38:33,7,31.4,AH0,77,34.6618152,Day,F,L,A,MYSE
151.909,8443,6/3/2015,5/30/2015,16:38:33,7,33.7,AH0,240,37.2983949,Day,F,L,A,MYSE
151.909,8443,6/3/2015,5/31/2015,16:38:33,7,19.3,AH0,16,-5.7770019,Day,F,L,A,MYSE
151.909,8443,6/3/2015,5/30/2015,16:38:34,7,33.7,AH0,241,37.2983949,Day,F,L,A,MYSE
151.909,8443,6/3/2015,5/24/2015,16:38:35,7,31.6,AH0,255,34.9380768,Day,F,L,A,MYSE
151.909,8443,6/3/2015,5/29/2015,16:38:35,7,31.4,AH0,83,34.6618152,Day,F,L,A,MYSE
151.909,8443,6/3/2015,5/24/2015,16:38:37,7,31.6,AH0,255,34.9380768,Day,F,L,A,MYSE
151.909,8443,6/3/2015,5/26/2015,16:38:38,7,31.4,AH0,255,34.6618152,Day,F,L,A,MYSE
151.909,8443,6/3/2015,5/24/2015,16:38:39,7,31.6,AH0,255,34.9380768,Day,F,L,A,MYSE
151.909,8443,6/3/2015,5/26/2015,16:38:40,7,31.4,AH0,255,34.6618152,Day,F,L,A,MYSE
151.909,8443,6/3/2015,5/24/2015,16:38:41,7,31.6,AH0,255,34.9380768,Day,F,L,A,MYSE
151.909,8443,6/3/2015,5/26/2015,16:38:42,7,31.4,AH0,255,34.6618152,Day,F,L,A,MYSE
151.909,8443,6/3/2015,5/26/2015,16:38:44,7,31.5,AH0,255,34.8011375,Day,F,L,A,MYSE
151.909,8443,6/3/2015,5/26/2015,16:38:46,7,31.5,AH0,255,34.8011375,Day,F,L,A,MYSE
151.909,8443,6/3/2015,5/25/2015,16:38:48,7,33.7,AH0,255,37.2983949,Day,F,L,A,MYSE
151.909,8443,6/3/2015,5/25/2015,16:38:49,7,33.7,AH0,255,37.2983949,Day,F,L,A,MYSE
151.909,8443,6/3/2015,5/30/2015,16:38:49,7,33.7,AH0,241,37.2983949,Day,F,L,A,MYSE
151.909,8443,6/3/2015,5/29/2015,16:38:50,7,31.4,AH0,75,34.6618152,Day,F,L,A,MYSE
151.909,8443,6/3/2015,5/25/2015,16:38:51,7,33.8,AH0,255,37.3879176,Day,F,L,A,MYSE
151.909,8443,6/3/2015,5/30/2015,16:38:51,7,33.7,AH0,241,37.2983949,Day,F,L,A,MYSE
151.909,8443,6/3/2015,5/29/2015,16:38:52,7,31.4,AH0,80,34.6618152,Day,F,L,A,MYSE
151.909,8443,6/3/2015,5/30/2015,16:38:52,7,33.7,AH0,242,37.2983949,Day,F,L,A,MYSE
151.909,8443,6/3/2015,5/25/2015,16:38:53,7,33.8,AH0,255,37.3879176,Day,F,L,A,MYSE
151.909,8443,6/3/2015,5/24/2015,16:38:54,7,31.6,AH0,255,34.9380768,Day,F,L,A,MYSE
151.909,8443,6/3/2015,5/29/2015,16:38:54,7,31.4,AH0,76,34.6618152,Day,F,L,A,MYSE
151.909,8443,6/3/2015,5/30/2015,16:38:54,7,33.7,AH0,239,37.2983949,Day,F,L,A,MYSE
151.909,8443,6/3/2015,5/25/2015,16:38:55,7,33.8,AH0,255,37.3879176,Day,F,L,A,MYSE
151.909,8443,6/3/2015,5/24/2015,16:38:56,7,31.6,AH0,255,34.9380768,Day,F,L,A,MYSE
151.909,8443,6/3/2015,5/29/2015,16:38:56,7,31.4,AH0,79,34.6618152,Day,F,L,A,MYSE
151.909,8443,6/3/2015,5/24/2015,16:38:58,7,31.6,AH0,255,34.9380768,Day,F,L,A,MYSE
151.909,8443,6/3/2015,5/26/2015,16:38:59,7,31.5,AH0,255,34.8011375,Day,F,L,A,MYSE
151.909,8443,6/3/2015,5/24/2015,16:39:00,7,31.6,AH0,255,34.9380768,Day,F,L,A,MYSE
151.909,8443,6/3/2015,5/26/2015,16:39:01,7,31.5,AH0,255,34.8011375,Day,F,L,A,MYSE
151.909,8443,6/3/2015,5/24/2015,16:39:02,7,31.6,AH0,255,34.9380768,Day,F,L,A,MYSE
151.909,8443,6/3/2015,5/26/2015,16:39:03,7,31.5,AH0,255,34.8011375,Day,F,L,A,MYSE
151.909,8443,6/3/2015,5/26/2015,16:39:05,7,31.5,AH0,254,34.8011375,Day,F,L,A,MYSE
151.909,8443,6/3/2015,5/25/2015,16:39:07,7,33.7,AH0,255,37.2983949,Day,F,L,A,MYSE
151.909,8443,6/3/2015,5/30/2015,16:39:08,7,33.7,AH0,243,37.2983949,Day,F,L,A,MYSE
151.909,8443,6/3/2015,5/25/2015,16:39:09,7,33.7,AH0,255,37.2983949,Day,F,L,A,MYSE
151.909,8443,6/3/2015,5/29/2015,16:39:09,7,31.5,AH0,71,34.8011375,Day,F,L,A,MYSE
151.909,8443,6/3/2015,5/30/2015,16:39:10,7,33.7,AH0,241,37.2983949,Day,F,L,A,MYSE
151.909,8443,6/3/2015,5/25/2015,16:39:11,7,33.6,AH0,255,37.2069248,Day,F,L,A,MYSE
151.909,8443,6/3/2015,5/29/2015,16:39:11,7,31.5,AH0,74,34.8011375,Day,F,L,A,MYSE
151.909,8443,6/3/2015,5/30/2015,16:39:12,7,33.7,AH0,238,37.2983949,Day,F,L,A,MYSE
151.909,8443,6/3/2015,5/25/2015,16:39:13,7,33.7,AH0,255,37.2983949,Day,F,L,A,MYSE
151.909,8443,6/3/2015,5/29/2015,16:39:13,7,31.5,AH0,77,34.8011375,Day,F,L,A,MYSE
151.909,8443,6/3/2015,5/25/2015,16:39:14,7,33.7,AH0,255,37.2983949,Day,F,L,A,MYSE
151.909,8443,6/3/2015,5/30/2015,16:39:14,7,33.7,AH0,242,37.2983949,Day,F,L,A,MYSE
151.909,8443,6/3/2015,5/24/2015,16:39:15,7,31.6,AH0,255,34.9380768,Day,F,L,A,MYSE
151.909,8443,6/3/2015,5/29/2015,16:39:15,7,31.5,AH0,81,34.8011375,Day,F,L,A,MYSE
151.909,8443,6/3/2015,5/30/2015,16:39:15,7,33.7,AH0,240,37.2983949,Day,F,L,A,MYSE
151.909,8443,6/3/2015,5/24/2015,16:39:17,7,31.5,AH0,255,34.8011375,Day,F,L,A,MYSE
151.909,8443,6/3/2015,5/26/2015,16:39:18,7,31.5,AH0,255,34.8011375,Day,F,L,A,MYSE
151.909,8443,6/3/2015,5/24/2015,16:39:19,7,31.6,AH0,255,34.9380768,Day,F,L,A,MYSE
151.909,8443,6/3/2015,5/26/2015,16:39:20,7,31.5,AH0,255,34.8011375,Day,F,L,A,MYSE
151.909,8443,6/3/2015,5/24/2015,16:39:21,7,31.5,AH0,255,34.8011375,Day,F,L,A,MYSE
151.909,8443,6/3/2015,5/26/2015,16:39:22,7,31.5,AH0,254,34.8011375,Day,F,L,A,MYSE
151.909,8443,6/3/2015,5/26/2015,16:39:24,7,31.5,AH0,255,34.8011375,Day,F,L,A,MYSE
151.909,8443,6/3/2015,5/26/2015,16:39:26,7,31.5,AH0,255,34.8011375,Day,F,L,A,MYSE
151.909,8443,6/3/2015,5/30/2015,16:39:28,7,33.7,AH0,242,37.2983949,Day,F,L,A,MYSE
151.909,8443,6/3/2015,5/25/2015,16:39:29,7,33.6,AH0,255,37.2069248,Day,F,L,A,MYSE
151.909,8443,6/3/2015,5/25/2015,16:39:30,7,33.6,AH0,255,37.2069248,Day,F,L,A,MYSE
151.909,8443,6/3/2015,5/29/2015,16:39:30,7,31.5,AH0,79,34.8011375,Day,F,L,A,MYSE
151.909,8443,6/3/2015,5/30/2015,16:39:30,7,33.7,AH0,241,37.2983949,Day,F,L,A,MYSE
151.909,8443,6/3/2015,5/25/2015,16:39:32,7,33.6,AH0,255,37.2069248,Day,F,L,A,MYSE
151.909,8443,6/3/2015,5/29/2015,16:39:32,7,31.5,AH0,83,34.8011375,Day,F,L,A,MYSE
151.909,8443,6/3/2015,5/30/2015,16:39:32,7,33.7,AH0,240,37.2983949,Day,F,L,A,MYSE
151.909,8443,6/3/2015,5/30/2015,16:39:33,7,33.7,AH0,242,37.2983949,Day,F,L,A,MYSE
151.909,8443,6/3/2015,5/24/2015,16:39:34,7,31.5,AH0,255,34.8011375,Day,F,L,A,MYSE
151.909,8443,6/3/2015,5/25/2015,16:39:34,7,33.6,AH0,255,37.2069248,Day,F,L,A,MYSE
151.909,8443,6/3/2015,5/29/2015,16:39:34,7,31.5,AH0,85,34.8011375,Day,F,L,A,MYSE
151.909,8443,6/3/2015,5/30/2015,16:39:35,7,33.7,AH0,241,37.2983949,Day,F,L,A,MYSE
151.909,8443,6/3/2015,5/24/2015,16:39:36,7,31.5,AH0,255,34.8011375,Day,F,L,A,MYSE
151.909,8443,6/3/2015,5/29/2015,16:39:36,7,31.5,AH0,79,34.8011375,Day,F,L,A,MYSE
151.909,8443,6/3/2015,5/24/2015,16:39:38,7,31.5,AH0,255,34.8011375,Day,F,L,A,MYSE
151.909,8443,6/3/2015,5/26/2015,16:39:39,7,31.5,AH0,254,34.8011375,Day,F,L,A,MYSE
151.909,8443,6/3/2015,5/24/2015,16:39:40,7,31.5,AH0,255,34.8011375,Day,F,L,A,MYSE
151.909,8443,6/3/2015,5/26/2015,16:39:41,7,31.5,AH0,255,34.8011375,Day,F,L,A,MYSE
151.909,8443,6/3/2015,5/24/2015,16:39:42,7,31.5,AH0,255,34.8011375,Day,F,L,A,MYSE
151.909,8443,6/3/2015,5/26/2015,16:39:43,7,31.5,AH0,255,34.8011375,Day,F,L,A,MYSE
151.909,8443,6/3/2015,5/26/2015,16:39:45,7,31.5,AH0,255,34.8011375,Day,F,L,A,MYSE
151.909,8443,6/3/2015,5/25/2015,16:39:48,7,33.6,AH0,255,37.2069248,Day,F,L,A,MYSE
151.909,8443,6/3/2015,5/29/2015,16:39:49,7,31.5,AH0,78,34.8011375,Day,F,L,A,MYSE
151.909,8443,6/3/2015,5/30/2015,16:39:49,7,33.7,AH0,240,37.2983949,Day,F,L,A,MYSE
151.909,8443,6/3/2015,5/25/2015,16:39:50,7,33.6,AH0,255,37.2069248,Day,F,L,A,MYSE
151.909,8443,6/3/2015,5/29/2015,16:39:51,7,31.5,AH0,81,34.8011375,Day,F,L,A,MYSE
151.909,8443,6/3/2015,5/30/2015,16:39:51,7,33.7,AH0,240,37.2983949,Day,F,L,A,MYSE
151.909,8443,6/3/2015,5/25/2015,16:39:52,7,33.6,AH0,255,37.2069248,Day,F,L,A,MYSE
151.909,8443,6/3/2015,5/29/2015,16:39:53,7,31.5,AH0,81,34.8011375,Day,F,L,A,MYSE
151.909,8443,6/3/2015,5/30/2015,16:39:53,7,33.7,AH0,242,37.2983949,Day,F,L,A,MYSE
151.909,8443,6/3/2015,5/25/2015,16:39:54,7,33.6,AH0,255,37.2069248,Day,F,L,A,MYSE
151.909,8443,6/3/2015,5/24/2015,16:39:55,7,31.5,AH0,255,34.8011375,Day,F,L,A,MYSE
151.909,8443,6/3/2015,5/29/2015,16:39:55,7,31.5,AH0,75,34.8011375,Day,F,L,A,MYSE
151.909,8443,6/3/2015,5/30/2015,16:39:55,7,33.7,AH0,243,37.2983949,Day,F,L,A,MYSE
151.909,8443,6/3/2015,5/24/2015,16:39:57,7,31.5,AH0,255,34.8011375,Day,F,L,A,MYSE
151.909,8443,6/3/2015,5/26/2015,16:39:58,7,31.5,AH0,255,34.8011375,Day,F,L,A,MYSE
151.909,8443,6/3/2015,5/24/2015,16:39:59,7,31.5,AH0,255,34.8011375,Day,F,L,A,MYSE
151.909,8443,6/3/2015,5/26/2015,16:40:00,7,31.5,AH0,255,34.8011375,Day,F,L,A,MYSE
151.909,8443,6/3/2015,5/24/2015,16:40:01,7,31.5,AH0,255,34.8011375,Day,F,L,A,MYSE
151.909,8443,6/3/2015,5/26/2015,16:40:02,7,31.5,AH0,255,34.8011375,Day,F,L,A,MYSE
151.909,8443,6/3/2015,5/26/2015,16:40:04,7,31.5,AH0,255,34.8011375,Day,F,L,A,MYSE
151.909,8443,6/3/2015,5/26/2015,16:40:06,7,31.5,AH0,255,34.8011375,Day,F,L,A,MYSE
151.909,8443,6/3/2015,5/25/2015,16:40:08,7,33.7,AH0,255,37.2983949,Day,F,L,A,MYSE
151.909,8443,6/3/2015,5/30/2015,16:40:09,7,33.7,AH0,242,37.2983949,Day,F,L,A,MYSE
151.909,8443,6/3/2015,5/25/2015,16:40:10,7,33.7,AH0,255,37.2983949,Day,F,L,A,MYSE
151.909,8443,6/3/2015,5/29/2015,16:40:10,7,31.6,AH0,78,34.9380768,Day,F,L,A,MYSE
151.909,8443,6/3/2015,5/25/2015,16:40:11,7,33.7,AH0,255,37.2983949,Day,F,L,A,MYSE
151.909,8443,6/3/2015,5/30/2015,16:40:11,7,33.6,AH0,242,37.2069248,Day,F,L,A,MYSE
151.909,8443,6/3/2015,5/29/2015,16:40:12,7,31.6,AH0,79,34.9380768,Day,F,L,A,MYSE
151.909,8443,6/3/2015,5/25/2015,16:40:13,7,33.7,AH0,255,37.2983949,Day,F,L,A,MYSE
151.909,8443,6/3/2015,5/30/2015,16:40:13,7,33.7,AH0,244,37.2983949,Day,F,L,A,MYSE
151.909,8443,6/3/2015,5/31/2015,16:40:13,7,12.8,AH0,27,-54.2736384,Day,F,L,A,MYSE
151.909,8443,6/3/2015,5/24/2015,16:40:14,7,31.5,AH0,255,34.8011375,Day,F,L,A,MYSE
151.909,8443,6/3/2015,5/29/2015,16:40:14,7,31.6,AH0,74,34.9380768,Day,F,L,A,MYSE
151.909,8443,6/3/2015,5/30/2015,16:40:14,7,33.6,AH0,240,37.2069248,Day,F,L,A,MYSE
151.909,8443,6/3/2015,5/25/2015,16:40:15,7,33.7,AH0,255,37.2983949,Day,F,L,A,MYSE
151.909,8443,6/3/2015,5/24/2015,16:40:16,7,31.5,AH0,255,34.8011375,Day,F,L,A,MYSE
151.909,8443,6/3/2015,5/29/2015,16:40:16,7,31.6,AH0,81,34.9380768,Day,F,L,A,MYSE
151.909,8443,6/3/2015,5/24/2015,16:40:18,7,31.5,AH0,255,34.8011375,Day,F,L,A,MYSE
151.909,8443,6/3/2015,5/26/2015,16:40:19,7,31.5,AH0,255,34.8011375,Day,F,L,A,MYSE
151.909,8443,6/3/2015,5/24/2015,16:40:20,7,31.5,AH0,255,34.8011375,Day,F,L,A,MYSE
151.909,8443,6/3/2015,5/26/2015,16:40:21,7,31.5,AH0,255,34.8011375,Day,F,L,A,MYSE
151.909,8443,6/3/2015,5/24/2015,16:40:22,7,31.5,AH0,255,34.8011375,Day,F,L,A,MYSE
151.909,8443,6/3/2015,5/26/2015,16:40:23,7,31.5,AH0,255,34.8011375,Day,F,L,A,MYSE
151.909,8443,6/3/2015,5/26/2015,16:40:25,7,31.5,AH0,255,34.8011375,Day,F,L,A,MYSE
151.909,8443,6/3/2015,5/25/2015,16:40:27,7,33.8,AH0,255,37.3879176,Day,F,L,A,MYSE
151.909,8443,6/3/2015,5/25/2015,16:40:29,7,33.8,AH0,255,37.3879176,Day,F,L,A,MYSE
151.909,8443,6/3/2015,5/29/2015,16:40:29,7,31.6,AH0,73,34.9380768,Day,F,L,A,MYSE
151.909,8443,6/3/2015,5/30/2015,16:40:29,7,33.6,AH0,239,37.2069248,Day,F,L,A,MYSE
151.909,8443,6/3/2015,5/30/2015,16:40:30,7,33.6,AH0,242,37.2069248,Day,F,L,A,MYSE
151.909,8443,6/3/2015,5/25/2015,16:40:31,7,33.8,AH0,255,37.3879176,Day,F,L,A,MYSE
151.909,8443,6/3/2015,5/29/2015,16:40:31,7,31.6,AH0,81,34.9380768,Day,F,L,A,MYSE
151.909,8443,6/3/2015,5/30/2015,16:40:32,7,33.6,AH0,241,37.2069248,Day,F,L,A,MYSE
151.909,8443,6/3/2015,5/25/2015,16:40:33,7,33.8,AH0,255,37.3879176,Day,F,L,A,MYSE
151.909,8443,6/3/2015,5/29/2015,16:40:33,7,31.6,AH0,74,34.9380768,Day,F,L,A,MYSE
151.909,8443,6/3/2015,5/30/2015,16:40:34,7,33.6,AH0,243,37.2069248,Day,F,L,A,MYSE
151.909,8443,6/3/2015,5/24/2015,16:40:35,7,31.5,AH0,255,34.8011375,Day,F,L,A,MYSE
151.909,8443,6/3/2015,5/25/2015,16:40:35,7,33.9,AH0,255,37.4755127,Day,F,L,A,MYSE
151.909,8443,6/3/2015,5/29/2015,16:40:35,7,31.6,AH0,77,34.9380768,Day,F,L,A,MYSE
151.909,8443,6/3/2015,5/30/2015,16:40:36,7,33.6,AH0,244,37.2069248,Day,F,L,A,MYSE
151.909,8443,6/3/2015,5/24/2015,16:40:37,7,31.5,AH0,255,34.8011375,Day,F,L,A,MYSE
151.909,8443,6/3/2015,5/26/2015,16:40:38,7,31.5,AH0,254,34.8011375,Day,F,L,A,MYSE
151.909,8443,6/3/2015,5/24/2015,16:40:39,7,31.5,AH0,255,34.8011375,Day,F,L,A,MYSE
151.909,8443,6/3/2015,5/26/2015,16:40:40,7,31.5,AH0,255,34.8011375,Day,F,L,A,MYSE
151.909,8443,6/3/2015,5/24/2015,16:40:41,7,31.5,AH0,255,34.8011375,Day,F,L,A,MYSE
151.909,8443,6/3/2015,5/26/2015,16:40:42,7,31.5,AH0,255,34.8011375,Day,F,L,A,MYSE
151.909,8443,6/3/2015,5/26/2015,16:40:44,7,31.5,AH0,255,34.8011375,Day,F,L,A,MYSE
151.909,8443,6/3/2015,5/26/2015,16:40:46,7,31.5,AH0,254,34.8011375,Day,F,L,A,MYSE
151.909,8443,6/3/2015,5/25/2015,16:40:47,7,33.9,AH0,255,37.4755127,Day,F,L,A,MYSE
151.909,8443,6/3/2015,5/30/2015,16:40:48,7,33.5,AH0,243,37.1134875,Day,F,L,A,MYSE
151.909,8443,6/3/2015,5/25/2015,16:40:49,7,33.9,AH0,255,37.4755127,Day,F,L,A,MYSE
151.909,8443,6/3/2015,5/25/2015,16:40:50,7,33.9,AH0,255,37.4755127,Day,F,L,A,MYSE
151.909,8443,6/3/2015,5/29/2015,16:40:50,7,31.6,AH0,83,34.9380768,Day,F,L,A,MYSE
151.909,8443,6/3/2015,5/30/2015,16:40:50,7,33.6,AH0,242,37.2069248,Day,F,L,A,MYSE
151.909,8443,6/3/2015,5/25/2015,16:40:52,7,33.9,AH0,255,37.4755127,Day,F,L,A,MYSE
151.909,8443,6/3/2015,5/29/2015,16:40:52,7,31.6,AH0,83,34.9380768,Day,F,L,A,MYSE
151.909,8443,6/3/2015,5/30/2015,16:40:52,7,33.6,AH0,243,37.2069248,Day,F,L,A,MYSE
151.909,8443,6/3/2015,5/24/2015,16:40:54,7,31.4,AH0,255,34.6618152,Day,F,L,A,MYSE
151.909,8443,6/3/2015,5/25/2015,16:40:54,7,33.9,AH0,255,37.4755127,Day,F,L,A,MYSE
151.909,8443,6/3/2015,5/29/2015,16:40:54,7,31.6,AH0,82,34.9380768,Day,F,L,A,MYSE
151.909,8443,6/3/2015,5/30/2015,16:40:54,7,33.6,AH0,242,37.2069248,Day,F,L,A,MYSE
151.909,8443,6/3/2015,5/30/2015,16:40:55,7,33.5,AH0,242,37.1134875,Day,F,L,A,MYSE
151.909,8443,6/3/2015,5/24/2015,16:40:56,7,31.4,AH0,255,34.6618152,Day,F,L,A,MYSE
151.909,8443,6/3/2015,5/29/2015,16:40:56,7,31.6,AH0,83,34.9380768,Day,F,L,A,MYSE
151.909,8443,6/3/2015,5/24/2015,16:40:58,7,31.4,AH0,255,34.6618152,Day,F,L,A,MYSE
151.909,8443,6/3/2015,5/26/2015,16:40:59,7,31.5,AH0,255,34.8011375,Day,F,L,A,MYSE
151.909,8443,6/3/2015,5/24/2015,16:41:00,7,31.4,AH0,255,34.6618152,Day,F,L,A,MYSE
151.909,8443,6/3/2015,5/26/2015,16:41:01,7,31.5,AH0,255,34.8011375,Day,F,L,A,MYSE
151.909,8443,6/3/2015,5/26/2015,16:41:03,7,31.5,AH0,255,34.8011375,Day,F,L,A,MYSE
151.909,8443,6/3/2015,5/26/2015,16:41:05,7,31.5,AH0,255,34.8011375,Day,F,L,A,MYSE
151.909,8443,6/3/2015,5/25/2015,16:41:08,7,33.7,AH0,255,37.2983949,Day,F,L,A,MYSE
151.909,8443,6/3/2015,5/30/2015,16:41:08,7,33.5,AH0,241,37.1134875,Day,F,L,A,MYSE
151.909,8443,6/3/2015,5/29/2015,16:41:09,7,31.6,AH0,76,34.9380768,Day,F,L,A,MYSE
151.909,8443,6/3/2015,5/25/2015,16:41:10,7,33.6,AH0,255,37.2069248,Day,F,L,A,MYSE
151.909,8443,6/3/2015,5/30/2015,16:41:10,7,33.5,AH0,242,37.1134875,Day,F,L,A,MYSE
151.909,8443,6/3/2015,5/29/2015,16:41:11,7,31.6,AH0,83,34.9380768,Day,F,L,A,MYSE
151.909,8443,6/3/2015,5/25/2015,16:41:12,7,33.6,AH0,255,37.2069248,Day,F,L,A,MYSE
151.909,8443,6/3/2015,5/30/2015,16:41:12,7,33.5,AH0,242,37.1134875,Day,F,L,A,MYSE
151.909,8443,6/3/2015,5/29/2015,16:41:13,7,31.6,AH0,81,34.9380768,Day,F,L,A,MYSE
151.909,8443,6/3/2015,5/30/2015,16:41:13,7,33.5,AH0,244,37.1134875,Day,F,L,A,MYSE
151.909,8443,6/3/2015,5/25/2015,16:41:14,7,33.6,AH0,255,37.2069248,Day,F,L,A,MYSE
151.909,8443,6/3/2015,5/24/2015,16:41:15,7,31.4,AH0,255,34.6618152,Day,F,L,A,MYSE
151.909,8443,6/3/2015,5/29/2015,16:41:15,7,31.6,AH0,80,34.9380768,Day,F,L,A,MYSE
151.909,8443,6/3/2015,5/30/2015,16:41:15,7,33.5,AH0,243,37.1134875,Day,F,L,A,MYSE
151.909,8443,6/3/2015,5/24/2015,16:41:17,7,31.4,AH0,255,34.6618152,Day,F,L,A,MYSE
151.909,8443,6/3/2015,5/26/2015,16:41:18,7,31.5,AH0,254,34.8011375,Day,F,L,A,MYSE
151.909,8443,6/3/2015,5/24/2015,16:41:19,7,31.4,AH0,255,34.6618152,Day,F,L,A,MYSE
151.909,8443,6/3/2015,5/26/2015,16:41:20,7,31.5,AH0,255,34.8011375,Day,F,L,A,MYSE
151.909,8443,6/3/2015,5/24/2015,16:41:21,7,31.4,AH0,255,34.6618152,Day,F,L,A,MYSE
151.909,8443,6/3/2015,5/26/2015,16:41:22,7,31.5,AH0,254,34.8011375,Day,F,L,A,MYSE
151.909,8443,6/3/2015,5/26/2015,16:41:24,7,31.5,AH0,255,34.8011375,Day,F,L,A,MYSE
151.909,8443,6/3/2015,5/26/2015,16:41:26,7,31.5,AH0,255,34.8011375,Day,F,L,A,MYSE
151.909,8443,6/3/2015,5/25/2015,16:41:28,7,33.5,AH0,255,37.1134875,Day,F,L,A,MYSE
151.909,8443,6/3/2015,5/30/2015,16:41:28,7,33.5,AH0,241,37.1134875,Day,F,L,A,MYSE
151.909,8443,6/3/2015,5/30/2015,16:41:29,7,33.5,AH0,244,37.1134875,Day,F,L,A,MYSE
151.909,8443,6/3/2015,5/25/2015,16:41:30,7,33.5,AH0,255,37.1134875,Day,F,L,A,MYSE
151.909,8443,6/3/2015,5/29/2015,16:41:30,7,31.6,AH0,89,34.9380768,Day,F,L,A,MYSE
151.909,8443,6/3/2015,5/30/2015,16:41:31,7,33.5,AH0,242,37.1134875,Day,F,L,A,MYSE
151.909,8443,6/3/2015,5/25/2015,16:41:32,7,33.4,AH0,255,37.0180632,Day,F,L,A,MYSE
151.909,8443,6/3/2015,5/29/2015,16:41:32,7,31.6,AH0,87,34.9380768,Day,F,L,A,MYSE
151.909,8443,6/3/2015,5/25/2015,16:41:33,7,33.4,AH0,255,37.0180632,Day,F,L,A,MYSE
151.909,8443,6/3/2015,5/30/2015,16:41:33,7,33.5,AH0,241,37.1134875,Day,F,L,A,MYSE
151.909,8443,6/3/2015,5/29/2015,16:41:34,7,31.6,AH0,96,34.9380768,Day,F,L,A,MYSE
151.909,8443,6/3/2015,5/24/2015,16:41:35,7,31.4,AH0,255,34.6618152,Day,F,L,A,MYSE
151.909,8443,6/3/2015,5/29/2015,16:41:35,7,31.6,AH0,90,34.9380768,Day,F,L,A,MYSE
151.909,8443,6/3/2015,5/30/2015,16:41:35,7,33.5,AH0,240,37.1134875,Day,F,L,A,MYSE
151.909,8443,6/3/2015,5/24/2015,16:41:37,7,31.4,AH0,255,34.6618152,Day,F,L,A,MYSE
151.909,8443,6/3/2015,5/24/2015,16:41:38,7,31.4,AH0,255,34.6618152,Day,F,L,A,MYSE
151.909,8443,6/3/2015,5/26/2015,16:41:39,7,31.5,AH0,255,34.8011375,Day,F,L,A,MYSE
151.909,8443,6/3/2015,5/24/2015,16:41:40,7,31.4,AH0,255,34.6618152,Day,F,L,A,MYSE
151.909,8443,6/3/2015,5/26/2015,16:41:41,7,31.5,AH0,255,34.8011375,Day,F,L,A,MYSE
151.909,8443,6/3/2015,5/26/2015,16:41:43,7,31.5,AH0,254,34.8011375,Day,F,L,A,MYSE
151.909,8443,6/3/2015,5/26/2015,16:41:45,7,31.5,AH0,255,34.8011375,Day,F,L,A,MYSE
151.909,8443,6/3/2015,5/25/2015,16:41:48,7,33.5,AH0,255,37.1134875,Day,F,L,A,MYSE
151.909,8443,6/3/2015,5/25/2015,16:41:49,7,33.5,AH0,255,37.1134875,Day,F,L,A,MYSE
151.909,8443,6/3/2015,5/29/2015,16:41:49,7,31.6,AH0,91,34.9380768,Day,F,L,A,MYSE
151.909,8443,6/3/2015,5/30/2015,16:41:49,7,33.5,AH0,249,37.1134875,Day,F,L,A,MYSE
151.909,8443,6/3/2015,5/25/2015,16:41:51,7,33.5,AH0,255,37.1134875,Day,F,L,A,MYSE
151.909,8443,6/3/2015,5/29/2015,16:41:51,7,31.6,AH0,86,34.9380768,Day,F,L,A,MYSE
151.909,8443,6/3/2015,5/30/2015,16:41:51,7,33.5,AH0,247,37.1134875,Day,F,L,A,MYSE
151.909,8443,6/3/2015,5/25/2015,16:41:53,7,33.5,AH0,255,37.1134875,Day,F,L,A,MYSE
151.909,8443,6/3/2015,5/29/2015,16:41:53,7,31.6,AH0,92,34.9380768,Day,F,L,A,MYSE
151.909,8443,6/3/2015,5/30/2015,16:41:53,7,33.5,AH0,248,37.1134875,Day,F,L,A,MYSE
151.909,8443,6/3/2015,5/29/2015,16:41:54,7,31.6,AH0,88,34.9380768,Day,F,L,A,MYSE
151.909,8443,6/3/2015,5/25/2015,16:41:55,7,33.5,AH0,255,37.1134875,Day,F,L,A,MYSE
151.909,8443,6/3/2015,5/30/2015,16:41:55,7,33.5,AH0,247,37.1134875,Day,F,L,A,MYSE
151.909,8443,6/3/2015,5/24/2015,16:41:56,7,31.4,AH0,255,34.6618152,Day,F,L,A,MYSE
151.909,8443,6/3/2015,5/29/2015,16:41:56,7,31.6,AH0,85,34.9380768,Day,F,L,A,MYSE
151.909,8443,6/3/2015,5/24/2015,16:41:58,7,31.4,AH0,255,34.6618152,Day,F,L,A,MYSE
151.909,8443,6/3/2015,5/26/2015,16:41:58,7,31.5,AH0,254,34.8011375,Day,F,L,A,MYSE
151.909,8443,6/3/2015,5/24/2015,16:41:59,7,31.5,AH0,255,34.8011375,Day,F,L,A,MYSE
151.909,8443,6/3/2015,5/26/2015,16:42:00,7,31.5,AH0,255,34.8011375,Day,F,L,A,MYSE
151.909,8443,6/3/2015,5/24/2015,16:42:01,7,31.5,AH0,255,34.8011375,Day,F,L,A,MYSE
151.909,8443,6/3/2015,5/26/2015,16:42:02,7,31.5,AH0,254,34.8011375,Day,F,L,A,MYSE
151.909,8443,6/3/2015,5/26/2015,16:42:04,7,31.5,AH0,255,34.8011375,Day,F,L,A,MYSE
151.909,8443,6/3/2015,5/26/2015,16:42:06,7,31.5,AH0,255,34.8011375,Day,F,L,A,MYSE
151.909,8443,6/3/2015,5/25/2015,16:42:07,7,33.6,AH0,255,37.2069248,Day,F,L,A,MYSE
151.909,8443,6/3/2015,5/25/2015,16:42:09,7,33.6,AH0,255,37.2069248,Day,F,L,A,MYSE
151.909,8443,6/3/2015,5/30/2015,16:42:09,7,33.6,AH0,248,37.2069248,Day,F,L,A,MYSE
151.909,8443,6/3/2015,5/29/2015,16:42:10,7,31.6,AH0,98,34.9380768,Day,F,L,A,MYSE
151.909,8443,6/3/2015,5/25/2015,16:42:11,7,33.6,AH0,255,37.2069248,Day,F,L,A,MYSE
151.909,8443,6/3/2015,5/29/2015,16:42:11,7,31.6,AH0,94,34.9380768,Day,F,L,A,MYSE
151.909,8443,6/3/2015,5/30/2015,16:42:11,7,33.6,AH0,245,37.2069248,Day,F,L,A,MYSE
151.909,8443,6/3/2015,5/30/2015,16:42:12,7,33.6,AH0,249,37.2069248,Day,F,L,A,MYSE
151.909,8443,6/3/2015,5/25/2015,16:42:13,7,33.6,AH0,255,37.2069248,Day,F,L,A,MYSE
151.909,8443,6/3/2015,5/29/2015,16:42:13,7,31.5,AH0,94,34.8011375,Day,F,L,A,MYSE
151.909,8443,6/3/2015,5/24/2015,16:42:14,7,31.5,AH0,255,34.8011375,Day,F,L,A,MYSE
151.909,8443,6/3/2015,5/30/2015,16:42:14,7,33.6,AH0,245,37.2069248,Day,F,L,A,MYSE
151.909,8443,6/3/2015,5/25/2015,16:42:15,7,33.6,AH0,255,37.2069248,Day,F,L,A,MYSE
151.909,8443,6/3/2015,5/29/2015,16:42:15,7,31.5,AH0,89,34.8011375,Day,F,L,A,MYSE
151.909,8443,6/3/2015,5/24/2015,16:42:16,7,31.6,AH0,255,34.9380768,Day,F,L,A,MYSE
151.909,8443,6/3/2015,5/24/2015,16:42:17,7,31.6,AH0,255,34.9380768,Day,F,L,A,MYSE
151.909,8443,6/3/2015,5/24/2015,16:42:19,7,31.6,AH0,255,34.9380768,Day,F,L,A,MYSE
151.909,8443,6/3/2015,5/26/2015,16:42:19,7,31.5,AH0,255,34.8011375,Day,F,L,A,MYSE
151.909,8443,6/3/2015,5/26/2015,16:42:21,7,31.5,AH0,255,34.8011375,Day,F,L,A,MYSE
151.909,8443,6/3/2015,5/26/2015,16:42:23,7,31.5,AH0,255,34.8011375,Day,F,L,A,MYSE
151.909,8443,6/3/2015,5/26/2015,16:42:25,7,31.5,AH0,255,34.8011375,Day,F,L,A,MYSE
151.909,8443,6/3/2015,5/25/2015,16:42:27,7,33.5,AH0,255,37.1134875,Day,F,L,A,MYSE
151.909,8443,6/3/2015,5/30/2015,16:42:28,7,33.7,AH0,248,37.2983949,Day,F,L,A,MYSE
151.909,8443,6/3/2015,5/25/2015,16:42:29,7,33.5,AH0,255,37.1134875,Day,F,L,A,MYSE
151.909,8443,6/3/2015,5/29/2015,16:42:29,7,31.4,AH0,88,34.6618152,Day,F,L,A,MYSE
151.909,8443,6/3/2015,5/30/2015,16:42:30,7,33.7,AH0,248,37.2983949,Day,F,L,A,MYSE
151.909,8443,6/3/2015,5/25/2015,16:42:31,7,33.5,AH0,255,37.1134875,Day,F,L,A,MYSE
151.909,8443,6/3/2015,5/29/2015,16:42:31,7,31.4,AH0,94,34.6618152,Day,F,L,A,MYSE
151.909,8443,6/3/2015,5/25/2015,16:42:32,7,33.5,AH0,255,37.1134875,Day,F,L,A,MYSE
151.909,8443,6/3/2015,5/29/2015,16:42:32,7,31.4,AH0,93,34.6618152,Day,F,L,A,MYSE
151.909,8443,6/3/2015,5/30/2015,16:42:32,7,33.7,AH0,248,37.2983949,Day,F,L,A,MYSE
151.909,8443,6/3/2015,5/25/2015,16:42:34,7,33.5,AH0,255,37.1134875,Day,F,L,A,MYSE
151.909,8443,6/3/2015,5/29/2015,16:42:34,7,31.4,AH0,90,34.6618152,Day,F,L,A,MYSE
151.909,8443,6/3/2015,5/30/2015,16:42:34,7,33.7,AH0,244,37.2983949,Day,F,L,A,MYSE
151.909,8443,6/3/2015,5/24/2015,16:42:35,7,31.6,AH0,255,34.9380768,Day,F,L,A,MYSE
151.909,8443,6/3/2015,5/24/2015,16:42:36,7,31.6,AH0,255,34.9380768,Day,F,L,A,MYSE
151.909,8443,6/3/2015,5/30/2015,16:42:36,7,33.7,AH0,249,37.2983949,Day,F,L,A,MYSE
151.909,8443,6/3/2015,5/24/2015,16:42:38,7,31.6,AH0,255,34.9380768,Day,F,L,A,MYSE
151.909,8443,6/3/2015,5/26/2015,16:42:38,7,31.5,AH0,255,34.8011375,Day,F,L,A,MYSE
151.909,8443,6/3/2015,5/24/2015,16:42:40,7,31.6,AH0,255,34.9380768,Day,F,L,A,MYSE
151.909,8443,6/3/2015,5/26/2015,16:42:40,7,31.5,AH0,255,34.8011375,Day,F,L,A,MYSE
151.909,8443,6/3/2015,5/26/2015,16:42:42,7,31.5,AH0,255,34.8011375,Day,F,L,A,MYSE
151.909,8443,6/3/2015,5/26/2015,16:42:44,7,31.5,AH0,255,34.8011375,Day,F,L,A,MYSE
151.909,8443,6/3/2015,5/26/2015,16:42:46,7,31.5,AH0,255,34.8011375,Day,F,L,A,MYSE
151.909,8443,6/3/2015,5/30/2015,16:42:48,7,33.7,AH0,246,37.2983949,Day,F,L,A,MYSE
151.909,8443,6/3/2015,5/25/2015,16:42:49,7,33.5,AH0,255,37.1134875,Day,F,L,A,MYSE
151.909,8443,6/3/2015,5/25/2015,16:42:50,7,33.5,AH0,255,37.1134875,Day,F,L,A,MYSE
151.909,8443,6/3/2015,5/29/2015,16:42:50,7,31.3,AH0,88,34.5200901,Day,F,L,A,MYSE
151.909,8443,6/3/2015,5/30/2015,16:42:50,7,33.7,AH0,247,37.2983949,Day,F,L,A,MYSE
151.909,8443,6/3/2015,5/25/2015,16:42:52,7,33.5,AH0,255,37.1134875,Day,F,L,A,MYSE
151.909,8443,6/3/2015,5/29/2015,16:42:52,7,31.3,AH0,94,34.5200901,Day,F,L,A,MYSE
151.909,8443,6/3/2015,5/30/2015,16:42:52,7,33.7,AH0,249,37.2983949,Day,F,L,A,MYSE
151.909,8443,6/3/2015,5/30/2015,16:42:53,7,33.7,AH0,248,37.2983949,Day,F,L,A,MYSE
151.909,8443,6/3/2015,5/31/2015,16:42:53,7,122.2,AH0,41,1642.167218,Day,F,L,A,MYSE
151.909,8443,6/3/2015,5/31/2015,16:42:53,7,127.1,AH0,97,1961.181576,Day,F,L,A,MYSE
151.909,8443,6/3/2015,5/24/2015,16:42:54,7,31.5,AH0,255,34.8011375,Day,F,L,A,MYSE
151.909,8443,6/3/2015,5/25/2015,16:42:54,7,33.5,AH0,255,37.1134875,Day,F,L,A,MYSE
151.909,8443,6/3/2015,5/29/2015,16:42:54,7,31.3,AH0,87,34.5200901,Day,F,L,A,MYSE
151.909,8443,6/3/2015,5/24/2015,16:42:55,7,31.5,AH0,255,34.8011375,Day,F,L,A,MYSE
151.909,8443,6/3/2015,5/29/2015,16:42:55,7,31.3,AH0,87,34.5200901,Day,F,L,A,MYSE
151.909,8443,6/3/2015,5/30/2015,16:42:55,7,33.7,AH0,250,37.2983949,Day,F,L,A,MYSE
151.909,8443,6/3/2015,5/24/2015,16:42:57,7,31.5,AH0,255,34.8011375,Day,F,L,A,MYSE
151.909,8443,6/3/2015,5/24/2015,16:42:59,7,31.5,AH0,255,34.8011375,Day,F,L,A,MYSE
151.909,8443,6/3/2015,5/26/2015,16:42:59,7,31.5,AH0,255,34.8011375,Day,F,L,A,MYSE
151.909,8443,6/3/2015,5/26/2015,16:43:01,7,31.5,AH0,255,34.8011375,Day,F,L,A,MYSE
151.909,8443,6/3/2015,5/26/2015,16:43:03,7,31.5,AH0,254,34.8011375,Day,F,L,A,MYSE
151.909,8443,6/3/2015,5/26/2015,16:43:05,7,31.5,AH0,255,34.8011375,Day,F,L,A,MYSE
151.909,8443,6/3/2015,5/25/2015,16:43:08,7,33,AH0,255,36.6161,Day,F,L,A,MYSE
151.909,8443,6/3/2015,5/30/2015,16:43:08,7,33.7,AH0,248,37.2983949,Day,F,L,A,MYSE
151.909,8443,6/3/2015,5/29/2015,16:43:09,7,31.3,AH0,86,34.5200901,Day,F,L,A,MYSE
151.909,8443,6/3/2015,5/30/2015,16:43:09,7,33.7,AH0,246,37.2983949,Day,F,L,A,MYSE
151.909,8443,6/3/2015,5/25/2015,16:43:10,7,32.9,AH0,255,36.5104437,Day,F,L,A,MYSE
151.909,8443,6/3/2015,5/29/2015,16:43:11,7,31.3,AH0,89,34.5200901,Day,F,L,A,MYSE
151.909,8443,6/3/2015,5/30/2015,16:43:11,7,33.7,AH0,248,37.2983949,Day,F,L,A,MYSE
151.909,8443,6/3/2015,5/25/2015,16:43:12,7,32.9,AH0,255,36.5104437,Day,F,L,A,MYSE
151.909,8443,6/3/2015,5/29/2015,16:43:13,7,31.3,AH0,131,34.5200901,Day,F,L,A,MYSE
151.909,8443,6/3/2015,5/30/2015,16:43:13,7,33.7,AH0,248,37.2983949,Day,F,L,A,MYSE
151.909,8443,6/3/2015,5/25/2015,16:43:14,7,32.8,AH0,255,36.4026816,Day,F,L,A,MYSE
151.909,8443,6/3/2015,5/24/2015,16:43:15,7,31.5,AH0,255,34.8011375,Day,F,L,A,MYSE
151.909,8443,6/3/2015,5/29/2015,16:43:15,7,31.3,AH0,200,34.5200901,Day,F,L,A,MYSE
151.909,8443,6/3/2015,5/30/2015,16:43:15,7,33.7,AH0,248,37.2983949,Day,F,L,A,MYSE
151.909,8443,6/3/2015,5/24/2015,16:43:16,7,31.5,AH0,255,34.8011375,Day,F,L,A,MYSE
151.909,8443,6/3/2015,5/24/2015,16:43:18,7,31.5,AH0,255,34.8011375,Day,F,L,A,MYSE
151.909,8443,6/3/2015,5/26/2015,16:43:18,7,31.5,AH0,255,34.8011375,Day,F,L,A,MYSE
151.909,8443,6/3/2015,5/24/2015,16:43:20,7,31.4,AH0,255,34.6618152,Day,F,L,A,MYSE
151.909,8443,6/3/2015,5/26/2015,16:43:20,7,31.5,AH0,255,34.8011375,Day,F,L,A,MYSE
151.909,8443,6/3/2015,5/26/2015,16:43:22,7,31.5,AH0,255,34.8011375,Day,F,L,A,MYSE
151.909,8443,6/3/2015,5/26/2015,16:43:24,7,31.5,AH0,255,34.8011375,Day,F,L,A,MYSE
151.909,8443,6/3/2015,5/26/2015,16:43:26,7,31.5,AH0,254,34.8011375,Day,F,L,A,MYSE
151.909,8443,6/3/2015,5/28/2015,16:43:27,7,10.7,AH0,45,-75.1748481,Day,F,L,A,MYSE
151.909,8443,6/3/2015,5/25/2015,16:43:28,7,32.6,AH0,255,36.1807608,Day,F,L,A,MYSE
151.909,8443,6/3/2015,5/30/2015,16:43:29,7,33.7,AH0,248,37.2983949,Day,F,L,A,MYSE
151.909,8443,6/3/2015,5/25/2015,16:43:30,7,32.6,AH0,255,36.1807608,Day,F,L,A,MYSE
151.909,8443,6/3/2015,5/29/2015,16:43:30,7,31,AH0,221,34.0803,Day,F,L,A,MYSE
151.909,8443,6/3/2015,5/30/2015,16:43:31,7,33.7,AH0,247,37.2983949,Day,F,L,A,MYSE
151.909,8443,6/3/2015,5/25/2015,16:43:32,7,32.6,AH0,255,36.1807608,Day,F,L,A,MYSE
151.909,8443,6/3/2015,5/29/2015,16:43:32,7,31,AH0,219,34.0803,Day,F,L,A,MYSE
151.909,8443,6/3/2015,5/30/2015,16:43:33,7,33.7,AH0,247,37.2983949,Day,F,L,A,MYSE
151.909,8443,6/3/2015,5/24/2015,16:43:34,7,31.5,AH0,255,34.8011375,Day,F,L,A,MYSE
151.909,8443,6/3/2015,5/25/2015,16:43:34,7,32.7,AH0,255,36.2927939,Day,F,L,A,MYSE
151.909,8443,6/3/2015,5/29/2015,16:43:34,7,30.9,AH0,218,33.9287657,Day,F,L,A,MYSE
151.909,8443,6/3/2015,5/30/2015,16:43:34,7,33.7,AH0,245,37.2983949,Day,F,L,A,MYSE
151.909,8443,6/3/2015,5/24/2015,16:43:36,7,31.5,AH0,255,34.8011375,Day,F,L,A,MYSE
151.909,8443,6/3/2015,5/29/2015,16:43:36,7,30.9,AH0,218,33.9287657,Day,F,L,A,MYSE
151.909,8443,6/3/2015,5/24/2015,16:43:37,7,31.5,AH0,255,34.8011375,Day,F,L,A,MYSE
151.909,8443,6/3/2015,5/24/2015,16:43:39,7,31.5,AH0,255,34.8011375,Day,F,L,A,MYSE
151.909,8443,6/3/2015,5/26/2015,16:43:39,7,31.5,AH0,255,34.8011375,Day,F,L,A,MYSE
151.909,8443,6/3/2015,5/26/2015,16:43:41,7,31.5,AH0,254,34.8011375,Day,F,L,A,MYSE
151.909,8443,6/3/2015,5/26/2015,16:43:43,7,31.5,AH0,255,34.8011375,Day,F,L,A,MYSE
151.909,8443,6/3/2015,5/26/2015,16:43:45,7,31.5,AH0,255,34.8011375,Day,F,L,A,MYSE
151.909,8443,6/3/2015,5/25/2015,16:43:47,7,32.5,AH0,255,36.0665625,Day,F,L,A,MYSE
151.909,8443,6/3/2015,5/25/2015,16:43:49,7,32.5,AH0,255,36.0665625,Day,F,L,A,MYSE
151.909,8443,6/3/2015,5/29/2015,16:43:49,7,30.7,AH0,215,33.6181719,Day,F,L,A,MYSE
151.909,8443,6/3/2015,5/30/2015,16:43:49,7,33.7,AH0,246,37.2983949,Day,F,L,A,MYSE
151.909,8443,6/3/2015,5/30/2015,16:43:50,7,33.7,AH0,246,37.2983949,Day,F,L,A,MYSE
151.909,8443,6/3/2015,5/25/2015,16:43:51,7,32.5,AH0,255,36.0665625,Day,F,L,A,MYSE
151.909,8443,6/3/2015,5/29/2015,16:43:51,7,30.7,AH0,202,33.6181719,Day,F,L,A,MYSE
151.909,8443,6/3/2015,5/25/2015,16:43:52,7,32.4,AH0,255,35.9501792,Day,F,L,A,MYSE
151.909,8443,6/3/2015,5/30/2015,16:43:52,7,33.7,AH0,247,37.2983949,Day,F,L,A,MYSE
151.909,8443,6/3/2015,5/29/2015,16:43:53,7,30.7,AH0,183,33.6181719,Day,F,L,A,MYSE
151.909,8443,6/3/2015,5/25/2015,16:43:54,7,32.5,AH0,255,36.0665625,Day,F,L,A,MYSE
151.909,8443,6/3/2015,5/30/2015,16:43:54,7,33.8,AH0,247,37.3879176,Day,F,L,A,MYSE
151.909,8443,6/3/2015,5/24/2015,16:43:55,7,31.6,AH0,255,34.9380768,Day,F,L,A,MYSE
151.909,8443,6/3/2015,5/29/2015,16:43:55,7,30.7,AH0,172,33.6181719,Day,F,L,A,MYSE
151.909,8443,6/3/2015,5/24/2015,16:43:56,7,31.5,AH0,255,34.8011375,Day,F,L,A,MYSE
151.909,8443,6/3/2015,5/30/2015,16:43:56,7,33.8,AH0,248,37.3879176,Day,F,L,A,MYSE
151.909,8443,6/3/2015,5/24/2015,16:43:58,7,31.6,AH0,255,34.9380768,Day,F,L,A,MYSE
151.909,8443,6/3/2015,5/26/2015,16:43:58,7,31.5,AH0,255,34.8011375,Day,F,L,A,MYSE
151.909,8443,6/3/2015,5/24/2015,16:44:00,7,31.6,AH0,255,34.9380768,Day,F,L,A,MYSE
151.909,8443,6/3/2015,5/26/2015,16:44:00,7,31.5,AH0,255,34.8011375,Day,F,L,A,MYSE
151.909,8443,6/3/2015,5/26/2015,16:44:02,7,31.6,AH0,255,34.9380768,Day,F,L,A,MYSE
151.909,8443,6/3/2015,5/26/2015,16:44:04,7,31.6,AH0,255,34.9380768,Day,F,L,A,MYSE
151.909,8443,6/3/2015,5/26/2015,16:44:06,7,31.6,AH0,254,34.9380768,Day,F,L,A,MYSE
151.909,8443,6/3/2015,5/25/2015,16:44:07,7,32.4,AH0,255,35.9501792,Day,F,L,A,MYSE
151.909,8443,6/3/2015,5/30/2015,16:44:08,7,33.8,AH0,248,37.3879176,Day,F,L,A,MYSE
151.909,8443,6/3/2015,5/25/2015,16:44:09,7,32.4,AH0,255,35.9501792,Day,F,L,A,MYSE
151.909,8443,6/3/2015,5/29/2015,16:44:09,7,30.5,AH0,179,33.2974125,Day,F,L,A,MYSE
151.909,8443,6/3/2015,5/30/2015,16:44:10,7,33.8,AH0,250,37.3879176,Day,F,L,A,MYSE
151.909,8443,6/3/2015,5/25/2015,16:44:11,7,32.4,AH0,255,35.9501792,Day,F,L,A,MYSE
151.909,8443,6/3/2015,5/29/2015,16:44:11,7,30.5,AH0,171,33.2974125,Day,F,L,A,MYSE
151.909,8443,6/3/2015,5/30/2015,16:44:12,7,33.8,AH0,249,37.3879176,Day,F,L,A,MYSE
151.909,8443,6/3/2015,5/25/2015,16:44:13,7,32.4,AH0,255,35.9501792,Day,F,L,A,MYSE
151.909,8443,6/3/2015,5/29/2015,16:44:13,7,30.5,AH0,173,33.2974125,Day,F,L,A,MYSE
151.909,8443,6/3/2015,5/30/2015,16:44:13,7,33.8,AH0,250,37.3879176,Day,F,L,A,MYSE
151.909,8443,6/3/2015,5/24/2015,16:44:14,7,31.6,AH0,255,34.9380768,Day,F,L,A,MYSE
151.909,8443,6/3/2015,5/25/2015,16:44:15,7,32.4,AH0,255,35.9501792,Day,F,L,A,MYSE
151.909,8443,6/3/2015,5/29/2015,16:44:15,7,30.5,AH0,173,33.2974125,Day,F,L,A,MYSE
151.909,8443,6/3/2015,5/30/2015,16:44:15,7,33.8,AH0,247,37.3879176,Day,F,L,A,MYSE
151.909,8443,6/3/2015,5/24/2015,16:44:16,7,31.6,AH0,255,34.9380768,Day,F,L,A,MYSE
151.909,8443,6/3/2015,5/24/2015,16:44:17,7,31.6,AH0,255,34.9380768,Day,F,L,A,MYSE
151.909,8443,6/3/2015,5/24/2015,16:44:19,7,31.6,AH0,255,34.9380768,Day,F,L,A,MYSE
151.909,8443,6/3/2015,5/26/2015,16:44:19,7,31.6,AH0,254,34.9380768,Day,F,L,A,MYSE
151.909,8443,6/3/2015,5/26/2015,16:44:21,7,31.6,AH0,254,34.9380768,Day,F,L,A,MYSE
151.909,8443,6/3/2015,5/26/2015,16:44:23,7,31.6,AH0,254,34.9380768,Day,F,L,A,MYSE
151.909,8443,6/3/2015,5/26/2015,16:44:25,7,31.6,AH0,255,34.9380768,Day,F,L,A,MYSE
151.909,8443,6/3/2015,5/25/2015,16:44:28,7,32.3,AH0,255,35.8315911,Day,F,L,A,MYSE
151.909,8443,6/3/2015,5/30/2015,16:44:28,7,33.8,AH0,248,37.3879176,Day,F,L,A,MYSE
151.909,8443,6/3/2015,5/31/2015,16:44:28,7,33.4,AH0,36,37.0180632,Day,F,L,A,MYSE
151.909,8443,6/3/2015,5/29/2015,16:44:29,7,30.3,AH0,167,32.9663291,Day,F,L,A,MYSE
151.909,8443,6/3/2015,5/30/2015,16:44:29,7,33.8,AH0,250,37.3879176,Day,F,L,A,MYSE
151.909,8443,6/3/2015,5/25/2015,16:44:30,7,32.3,AH0,255,35.8315911,Day,F,L,A,MYSE
151.909,8443,6/3/2015,5/25/2015,16:44:31,7,32.3,AH0,255,35.8315911,Day,F,L,A,MYSE
151.909,8443,6/3/2015,5/29/2015,16:44:31,7,30.3,AH0,170,32.9663291,Day,F,L,A,MYSE
151.909,8443,6/3/2015,5/30/2015,16:44:31,7,33.8,AH0,250,37.3879176,Day,F,L,A,MYSE
151.909,8443,6/3/2015,5/25/2015,16:44:33,7,32.3,AH0,255,35.8315911,Day,F,L,A,MYSE
151.909,8443,6/3/2015,5/29/2015,16:44:33,7,30.3,AH0,170,32.9663291,Day,F,L,A,MYSE
151.909,8443,6/3/2015,5/30/2015,16:44:33,7,33.8,AH0,249,37.3879176,Day,F,L,A,MYSE
151.909,8443,6/3/2015,5/24/2015,16:44:34,7,31.7,AH0,255,35.0726529,Day,F,L,A,MYSE
151.909,8443,6/3/2015,5/29/2015,16:44:35,7,30.3,AH0,168,32.9663291,Day,F,L,A,MYSE
151.909,8443,6/3/2015,5/30/2015,16:44:35,7,33.8,AH0,249,37.3879176,Day,F,L,A,MYSE
151.909,8443,6/3/2015,5/31/2015,16:44:35,7,105.6,AH0,24,825.5913728,Day,F,L,A,MYSE
151.909,8443,6/3/2015,5/24/2015,16:44:36,7,31.7,AH0,255,35.0726529,Day,F,L,A,MYSE
151.909,8443,6/3/2015,5/24/2015,16:44:38,7,31.7,AH0,255,35.0726529,Day,F,L,A,MYSE
151.909,8443,6/3/2015,5/26/2015,16:44:38,7,31.6,AH0,255,34.9380768,Day,F,L,A,MYSE
151.909,8443,6/3/2015,5/24/2015,16:44:40,7,31.7,AH0,255,35.0726529,Day,F,L,A,MYSE
151.909,8443,6/3/2015,5/26/2015,16:44:40,7,31.6,AH0,255,34.9380768,Day,F,L,A,MYSE
151.909,8443,6/3/2015,5/26/2015,16:44:42,7,31.6,AH0,255,34.9380768,Day,F,L,A,MYSE
151.909,8443,6/3/2015,5/26/2015,16:44:44,7,31.6,AH0,255,34.9380768,Day,F,L,A,MYSE
151.909,8443,6/3/2015,5/26/2015,16:44:46,7,31.6,AH0,254,34.9380768,Day,F,L,A,MYSE
151.909,8443,6/3/2015,5/25/2015,16:44:48,7,32.2,AH0,255,35.7107784,Day,F,L,A,MYSE
151.909,8443,6/3/2015,5/29/2015,16:44:49,7,30.2,AH0,171,32.7968664,Day,F,L,A,MYSE
151.909,8443,6/3/2015,5/30/2015,16:44:49,7,33.8,AH0,251,37.3879176,Day,F,L,A,MYSE
151.909,8443,6/3/2015,5/25/2015,16:44:50,7,32.1,AH0,255,35.5877213,Day,F,L,A,MYSE
151.909,8443,6/3/2015,5/29/2015,16:44:51,7,30.2,AH0,169,32.7968664,Day,F,L,A,MYSE
151.909,8443,6/3/2015,5/30/2015,16:44:51,7,33.8,AH0,248,37.3879176,Day,F,L,A,MYSE
151.909,8443,6/3/2015,5/25/2015,16:44:52,7,32.1,AH0,255,35.5877213,Day,F,L,A,MYSE
151.909,8443,6/3/2015,5/24/2015,16:44:53,7,31.8,AH0,255,35.2048856,Day,F,L,A,MYSE
151.909,8443,6/3/2015,5/29/2015,16:44:53,7,30.2,AH0,170,32.7968664,Day,F,L,A,MYSE
151.909,8443,6/3/2015,5/30/2015,16:44:53,7,33.8,AH0,248,37.3879176,Day,F,L,A,MYSE
151.909,8443,6/3/2015,5/25/2015,16:44:54,7,32,AH0,255,35.4624,Day,F,L,A,MYSE
151.909,8443,6/3/2015,5/30/2015,16:44:54,7,33.8,AH0,248,37.3879176,Day,F,L,A,MYSE
151.909,8443,6/3/2015,5/24/2015,16:44:55,7,31.8,AH0,255,35.2048856,Day,F,L,A,MYSE
151.909,8443,6/3/2015,5/29/2015,16:44:55,7,30.1,AH0,175,32.6247633,Day,F,L,A,MYSE
151.909,8443,6/3/2015,5/24/2015,16:44:57,7,31.8,AH0,255,35.2048856,Day,F,L,A,MYSE
151.909,8443,6/3/2015,5/24/2015,16:44:59,7,31.8,AH0,255,35.2048856,Day,F,L,A,MYSE
151.909,8443,6/3/2015,5/26/2015,16:44:59,7,31.6,AH0,254,34.9380768,Day,F,L,A,MYSE
151.909,8443,6/3/2015,5/24/2015,16:45:01,7,31.8,AH0,255,35.2048856,Day,F,L,A,MYSE
151.909,8443,6/3/2015,5/26/2015,16:45:01,7,31.6,AH0,253,34.9380768,Day,F,L,A,MYSE
151.909,8443,6/3/2015,5/26/2015,16:45:03,7,31.6,AH0,255,34.9380768,Day,F,L,A,MYSE
151.909,8443,6/3/2015,5/26/2015,16:45:05,7,31.6,AH0,255,34.9380768,Day,F,L,A,MYSE
151.909,8443,6/3/2015,5/30/2015,16:45:08,7,33.8,AH0,250,37.3879176,Day,F,L,A,MYSE
151.909,8443,6/3/2015,5/25/2015,16:45:09,7,32,AH0,255,35.4624,Day,F,L,A,MYSE
151.909,8443,6/3/2015,5/29/2015,16:45:09,7,30,AH0,172,32.45,Day,F,L,A,MYSE
151.909,8443,6/3/2015,5/30/2015,16:45:10,7,33.9,AH0,249,37.4755127,Day,F,L,A,MYSE
151.909,8443,6/3/2015,5/25/2015,16:45:11,7,32,AH0,255,35.4624,Day,F,L,A,MYSE
151.909,8443,6/3/2015,5/29/2015,16:45:11,7,30,AH0,170,32.45,Day,F,L,A,MYSE
151.909,8443,6/3/2015,5/25/2015,16:45:12,7,31.9,AH0,255,35.3347947,Day,F,L,A,MYSE
151.909,8443,6/3/2015,5/30/2015,16:45:12,7,33.9,AH0,249,37.4755127,Day,F,L,A,MYSE
151.909,8443,6/3/2015,5/29/2015,16:45:13,7,30,AH0,169,32.45,Day,F,L,A,MYSE
151.909,8443,6/3/2015,5/24/2015,16:45:14,7,31.8,AH0,255,35.2048856,Day,F,L,A,MYSE
151.909,8443,6/3/2015,5/25/2015,16:45:14,7,31.9,AH0,252,35.3347947,Day,F,L,A,MYSE
151.909,8443,6/3/2015,5/30/2015,16:45:14,7,33.8,AH0,247,37.3879176,Day,F,L,A,MYSE
151.909,8443,6/3/2015,5/29/2015,16:45:15,7,30,AH0,172,32.45,Day,F,L,A,MYSE
151.909,8443,6/3/2015,5/24/2015,16:45:16,7,31.8,AH0,255,35.2048856,Day,F,L,A,MYSE
151.909,8443,6/3/2015,5/30/2015,16:45:16,7,33.8,AH0,248,37.3879176,Day,F,L,A,MYSE
151.909,8443,6/3/2015,5/24/2015,16:45:18,7,31.8,AH0,255,35.2048856,Day,F,L,A,MYSE
151.909,8443,6/3/2015,5/26/2015,16:45:18,7,31.6,AH0,255,34.9380768,Day,F,L,A,MYSE
151.909,8443,6/3/2015,5/24/2015,16:45:20,7,31.8,AH0,255,35.2048856,Day,F,L,A,MYSE
151.909,8443,6/3/2015,5/26/2015,16:45:20,7,31.6,AH0,255,34.9380768,Day,F,L,A,MYSE
151.909,8443,6/3/2015,5/26/2015,16:45:22,7,31.6,AH0,255,34.9380768,Day,F,L,A,MYSE
151.909,8443,6/3/2015,5/26/2015,16:45:24,7,31.6,AH0,254,34.9380768,Day,F,L,A,MYSE
151.909,8443,6/3/2015,5/26/2015,16:45:26,7,31.6,AH0,255,34.9380768,Day,F,L,A,MYSE
151.909,8443,6/3/2015,5/25/2015,16:45:28,7,32.1,AH0,255,35.5877213,Day,F,L,A,MYSE
151.909,8443,6/3/2015,5/30/2015,16:45:28,7,33.9,AH0,250,37.4755127,Day,F,L,A,MYSE
151.909,8443,6/3/2015,5/25/2015,16:45:29,7,32.1,AH0,255,35.5877213,Day,F,L,A,MYSE
151.909,8443,6/3/2015,5/29/2015,16:45:29,7,29.9,AH0,172,32.2725567,Day,F,L,A,MYSE
151.909,8443,6/3/2015,5/30/2015,16:45:30,7,33.9,AH0,250,37.4755127,Day,F,L,A,MYSE
151.909,8443,6/3/2015,5/25/2015,16:45:31,7,32.2,AH0,252,35.7107784,Day,F,L,A,MYSE
151.909,8443,6/3/2015,5/29/2015,16:45:31,7,29.9,AH0,171,32.2725567,Day,F,L,A,MYSE
151.909,8443,6/3/2015,5/30/2015,16:45:32,7,33.9,AH0,247,37.4755127,Day,F,L,A,MYSE
151.909,8443,6/3/2015,5/24/2015,16:45:33,7,31.9,AH0,255,35.3347947,Day,F,L,A,MYSE
151.909,8443,6/3/2015,5/25/2015,16:45:33,7,32.3,AH0,254,35.8315911,Day,F,L,A,MYSE
151.909,8443,6/3/2015,5/29/2015,16:45:33,7,29.9,AH0,173,32.2725567,Day,F,L,A,MYSE
151.909,8443,6/3/2015,5/30/2015,16:45:33,7,33.9,AH0,249,37.4755127,Day,F,L,A,MYSE
151.909,8443,6/3/2015,5/31/2015,16:45:33,7,10,AH0,30,-82.77,Day,F,L,A,MYSE
151.909,8443,6/3/2015,5/24/2015,16:45:35,7,31.9,AH0,255,35.3347947,Day,F,L,A,MYSE
151.909,8443,6/3/2015,5/25/2015,16:45:35,7,32.3,AH0,255,35.8315911,Day,F,L,A,MYSE
151.909,8443,6/3/2015,5/29/2015,16:45:35,7,29.9,AH0,171,32.2725567,Day,F,L,A,MYSE
151.909,8443,6/3/2015,5/30/2015,16:45:35,7,33.9,AH0,250,37.4755127,Day,F,L,A,MYSE
151.909,8443,6/3/2015,5/24/2015,16:45:37,7,31.8,AH0,255,35.2048856,Day,F,L,A,MYSE
151.909,8443,6/3/2015,5/24/2015,16:45:39,7,31.8,AH0,255,35.2048856,Day,F,L,A,MYSE
151.909,8443,6/3/2015,5/26/2015,16:45:39,7,31.5,AH0,254,34.8011375,Day,F,L,A,MYSE
151.909,8443,6/3/2015,5/24/2015,16:45:41,7,31.8,AH0,255,35.2048856,Day,F,L,A,MYSE
151.909,8443,6/3/2015,5/26/2015,16:45:41,7,31.5,AH0,254,34.8011375,Day,F,L,A,MYSE
151.909,8443,6/3/2015,5/26/2015,16:45:43,7,31.5,AH0,255,34.8011375,Day,F,L,A,MYSE
151.909,8443,6/3/2015,5/26/2015,16:45:45,7,31.5,AH0,255,34.8011375,Day,F,L,A,MYSE
151.909,8443,6/3/2015,5/25/2015,16:45:48,7,32.7,AH0,255,36.2927939,Day,F,L,A,MYSE
151.909,8443,6/3/2015,5/29/2015,16:45:49,7,29.8,AH0,173,32.0924136,Day,F,L,A,MYSE
151.909,8443,6/3/2015,5/30/2015,16:45:49,7,33.9,AH0,250,37.4755127,Day,F,L,A,MYSE
151.909,8443,6/3/2015,5/25/2015,16:45:50,7,32.8,AH0,255,36.4026816,Day,F,L,A,MYSE
151.909,8443,6/3/2015,5/29/2015,16:45:51,7,29.8,AH0,168,32.0924136,Day,F,L,A,MYSE
151.909,8443,6/3/2015,5/30/2015,16:45:51,7,33.9,AH0,251,37.4755127,Day,F,L,A,MYSE
151.909,8443,6/3/2015,5/25/2015,16:45:52,7,32.8,AH0,255,36.4026816,Day,F,L,A,MYSE
151.909,8443,6/3/2015,5/25/2015,16:45:53,7,32.9,AH0,255,36.5104437,Day,F,L,A,MYSE
151.909,8443,6/3/2015,5/29/2015,16:45:53,7,29.8,AH0,172,32.0924136,Day,F,L,A,MYSE
151.909,8443,6/3/2015,5/30/2015,16:45:53,7,33.9,AH0,251,37.4755127,Day,F,L,A,MYSE
151.909,8443,6/3/2015,5/24/2015,16:45:54,7,31.9,AH0,255,35.3347947,Day,F,L,A,MYSE
151.909,8443,6/3/2015,5/29/2015,16:45:55,7,29.8,AH0,172,32.0924136,Day,F,L,A,MYSE
151.909,8443,6/3/2015,5/30/2015,16:45:55,7,33.9,AH0,248,37.4755127,Day,F,L,A,MYSE
151.909,8443,6/3/2015,5/24/2015,16:45:56,7,31.9,AH0,255,35.3347947,Day,F,L,A,MYSE
151.909,8443,6/3/2015,5/24/2015,16:45:57,7,31.9,AH0,255,35.3347947,Day,F,L,A,MYSE
151.909,8443,6/3/2015,5/26/2015,16:45:58,7,31.5,AH0,254,34.8011375,Day,F,L,A,MYSE
151.909,8443,6/3/2015,5/24/2015,16:45:59,7,31.9,AH0,255,35.3347947,Day,F,L,A,MYSE
151.909,8443,6/3/2015,5/26/2015,16:46:00,7,31.5,AH0,254,34.8011375,Day,F,L,A,MYSE
151.909,8443,6/3/2015,5/26/2015,16:46:02,7,31.5,AH0,255,34.8011375,Day,F,L,A,MYSE
151.909,8443,6/3/2015,5/31/2015,16:46:03,6,96.8,AH0,41,535.8008256,Day,F,L,A,MYSE
151.909,8443,6/3/2015,5/26/2015,16:46:04,7,31.5,AH0,255,34.8011375,Day,F,L,A,MYSE
151.909,8443,6/3/2015,5/26/2015,16:46:06,7,31.5,AH0,255,34.8011375,Day,F,L,A,MYSE
151.909,8443,6/3/2015,5/25/2015,16:46:08,7,33.1,AH0,255,36.7196703,Day,F,L,A,MYSE
151.909,8443,6/3/2015,5/29/2015,16:46:09,7,29.7,AH0,178,31.9095509,Day,F,L,A,MYSE
151.909,8443,6/3/2015,5/30/2015,16:46:09,7,33.9,AH0,250,37.4755127,Day,F,L,A,MYSE
151.909,8443,6/3/2015,5/25/2015,16:46:10,7,33.1,AH0,255,36.7196703,Day,F,L,A,MYSE
151.909,8443,6/3/2015,5/29/2015,16:46:11,7,29.7,AH0,175,31.9095509,Day,F,L,A,MYSE
151.909,8443,6/3/2015,5/30/2015,16:46:11,7,33.9,AH0,250,37.4755127,Day,F,L,A,MYSE
151.909,8443,6/3/2015,5/25/2015,16:46:12,7,33,AH0,255,36.6161,Day,F,L,A,MYSE
151.909,8443,6/3/2015,5/30/2015,16:46:12,7,33.9,AH0,248,37.4755127,Day,F,L,A,MYSE
151.909,8443,6/3/2015,5/25/2015,16:46:13,7,32.9,AH0,255,36.5104437,Day,F,L,A,MYSE
151.909,8443,6/3/2015,5/29/2015,16:46:13,7,29.7,AH0,173,31.9095509,Day,F,L,A,MYSE
151.909,8443,6/3/2015,5/24/2015,16:46:14,7,31.9,AH0,255,35.3347947,Day,F,L,A,MYSE
151.909,8443,6/3/2015,5/30/2015,16:46:14,7,33.9,AH0,247,37.4755127,Day,F,L,A,MYSE
151.909,8443,6/3/2015,5/29/2015,16:46:15,7,29.7,AH0,177,31.9095509,Day,F,L,A,MYSE
151.909,8443,6/3/2015,5/24/2015,16:46:16,7,31.8,AH0,255,35.2048856,Day,F,L,A,MYSE
151.909,8443,6/3/2015,5/24/2015,16:46:18,7,31.8,AH0,255,35.2048856,Day,F,L,A,MYSE
151.909,8443,6/3/2015,5/26/2015,16:46:19,7,31.5,AH0,254,34.8011375,Day,F,L,A,MYSE
151.909,8443,6/3/2015,5/24/2015,16:46:20,7,31.8,AH0,255,35.2048856,Day,F,L,A,MYSE
151.909,8443,6/3/2015,5/26/2015,16:46:21,7,31.4,AH0,255,34.6618152,Day,F,L,A,MYSE
151.909,8443,6/3/2015,5/26/2015,16:46:23,7,31.4,AH0,255,34.6618152,Day,F,L,A,MYSE
151.909,8443,6/3/2015,5/26/2015,16:46:25,7,31.4,AH0,255,34.6618152,Day,F,L,A,MYSE
151.909,8443,6/3/2015,5/25/2015,16:46:28,7,32.6,AH0,255,36.1807608,Day,F,L,A,MYSE
151.909,8443,6/3/2015,5/30/2015,16:46:28,7,33.9,AH0,251,37.4755127,Day,F,L,A,MYSE
151.909,8443,6/3/2015,5/29/2015,16:46:29,7,29.6,AH0,175,31.7239488,Day,F,L,A,MYSE
151.909,8443,6/3/2015,5/25/2015,16:46:30,7,32.6,AH0,255,36.1807608,Day,F,L,A,MYSE
151.909,8443,6/3/2015,5/30/2015,16:46:30,7,33.9,AH0,251,37.4755127,Day,F,L,A,MYSE
151.909,8443,6/3/2015,5/29/2015,16:46:31,7,29.6,AH0,175,31.7239488,Day,F,L,A,MYSE
151.909,8443,6/3/2015,5/25/2015,16:46:32,7,32.6,AH0,255,36.1807608,Day,F,L,A,MYSE
151.909,8443,6/3/2015,5/30/2015,16:46:32,7,33.9,AH0,249,37.4755127,Day,F,L,A,MYSE
151.909,8443,6/3/2015,5/24/2015,16:46:33,7,31.8,AH0,255,35.2048856,Day,F,L,A,MYSE
151.909,8443,6/3/2015,5/29/2015,16:46:33,7,29.6,AH0,178,31.7239488,Day,F,L,A,MYSE
151.909,8443,6/3/2015,5/25/2015,16:46:34,7,32.6,AH0,255,36.1807608,Day,F,L,A,MYSE
151.909,8443,6/3/2015,5/30/2015,16:46:34,7,33.9,AH0,248,37.4755127,Day,F,L,A,MYSE
151.909,8443,6/3/2015,5/24/2015,16:46:35,7,31.8,AH0,255,35.2048856,Day,F,L,A,MYSE
151.909,8443,6/3/2015,5/29/2015,16:46:35,7,29.6,AH0,176,31.7239488,Day,F,L,A,MYSE
151.909,8443,6/3/2015,5/30/2015,16:46:35,7,33.9,AH0,251,37.4755127,Day,F,L,A,MYSE
151.909,8443,6/3/2015,5/24/2015,16:46:37,7,31.8,AH0,255,35.2048856,Day,F,L,A,MYSE
151.909,8443,6/3/2015,5/26/2015,16:46:38,7,31.4,AH0,254,34.6618152,Day,F,L,A,MYSE
151.909,8443,6/3/2015,5/24/2015,16:46:39,7,31.8,AH0,255,35.2048856,Day,F,L,A,MYSE
151.909,8443,6/3/2015,5/26/2015,16:46:40,7,31.4,AH0,255,34.6618152,Day,F,L,A,MYSE
151.909,8443,6/3/2015,5/24/2015,16:46:41,7,31.8,AH0,255,35.2048856,Day,F,L,A,MYSE
151.909,8443,6/3/2015,5/26/2015,16:46:42,7,31.4,AH0,255,34.6618152,Day,F,L,A,MYSE
151.909,8443,6/3/2015,5/26/2015,16:46:44,7,31.4,AH0,255,34.6618152,Day,F,L,A,MYSE
151.909,8443,6/3/2015,5/26/2015,16:46:46,7,31.4,AH0,254,34.6618152,Day,F,L,A,MYSE
151.909,8443,6/3/2015,5/25/2015,16:46:48,7,32.2,AH0,255,35.7107784,Day,F,L,A,MYSE
151.909,8443,6/3/2015,5/30/2015,16:46:48,7,34,AH0,249,37.5612,Day,F,L,A,MYSE
151.909,8443,6/3/2015,5/29/2015,16:46:49,7,29.5,AH0,172,31.5355875,Day,F,L,A,MYSE
151.909,8443,6/3/2015,5/30/2015,16:46:49,7,34,AH0,248,37.5612,Day,F,L,A,MYSE
151.909,8443,6/3/2015,5/25/2015,16:46:50,7,32.2,AH0,255,35.7107784,Day,F,L,A,MYSE
151.909,8443,6/3/2015,5/29/2015,16:46:51,7,29.5,AH0,179,31.5355875,Day,F,L,A,MYSE
151.909,8443,6/3/2015,5/30/2015,16:46:51,7,34,AH0,250,37.5612,Day,F,L,A,MYSE
151.909,8443,6/3/2015,5/25/2015,16:46:52,7,32.2,AH0,254,35.7107784,Day,F,L,A,MYSE
151.909,8443,6/3/2015,5/30/2015,16:46:53,7,34,AH0,250,37.5612,Day,F,L,A,MYSE
151.909,8443,6/3/2015,5/24/2015,16:46:54,7,31.8,AH0,255,35.2048856,Day,F,L,A,MYSE
151.909,8443,6/3/2015,5/25/2015,16:46:54,7,32.2,AH0,254,35.7107784,Day,F,L,A,MYSE
151.909,8443,6/3/2015,5/29/2015,16:46:54,7,29.5,AH0,178,31.5355875,Day,F,L,A,MYSE
151.909,8443,6/3/2015,5/30/2015,16:46:55,7,34,AH0,249,37.5612,Day,F,L,A,MYSE
151.909,8443,6/3/2015,5/24/2015,16:46:56,7,31.8,AH0,255,35.2048856,Day,F,L,A,MYSE
151.909,8443,6/3/2015,5/29/2015,16:46:56,7,29.5,AH0,178,31.5355875,Day,F,L,A,MYSE
151.909,8443,6/3/2015,5/24/2015,16:46:58,7,31.8,AH0,255,35.2048856,Day,F,L,A,MYSE
151.909,8443,6/3/2015,5/26/2015,16:46:59,7,31.4,AH0,255,34.6618152,Day,F,L,A,MYSE
151.909,8443,6/3/2015,5/24/2015,16:47:00,7,31.8,AH0,255,35.2048856,Day,F,L,A,MYSE
151.909,8443,6/3/2015,5/26/2015,16:47:01,7,31.5,AH0,254,34.8011375,Day,F,L,A,MYSE
151.909,8443,6/3/2015,5/26/2015,16:47:03,7,31.4,AH0,254,34.6618152,Day,F,L,A,MYSE
151.909,8443,6/3/2015,5/26/2015,16:47:05,7,31.5,AH0,255,34.8011375,Day,F,L,A,MYSE
151.909,8443,6/3/2015,5/25/2015,16:47:07,7,32,AH0,255,35.4624,Day,F,L,A,MYSE
151.909,8443,6/3/2015,5/25/2015,16:47:09,7,32,AH0,255,35.4624,Day,F,L,A,MYSE
151.909,8443,6/3/2015,5/30/2015,16:47:09,7,34,AH0,251,37.5612,Day,F,L,A,MYSE
151.909,8443,6/3/2015,5/29/2015,16:47:10,7,29.5,AH0,180,31.5355875,Day,F,L,A,MYSE
151.909,8443,6/3/2015,5/25/2015,16:47:11,7,31.9,AH0,254,35.3347947,Day,F,L,A,MYSE
151.909,8443,6/3/2015,5/30/2015,16:47:11,7,34,AH0,250,37.5612,Day,F,L,A,MYSE
151.909,8443,6/3/2015,5/29/2015,16:47:12,7,29.5,AH0,180,31.5355875,Day,F,L,A,MYSE
151.909,8443,6/3/2015,5/30/2015,16:47:12,7,34,AH0,249,37.5612,Day,F,L,A,MYSE
151.909,8443,6/3/2015,5/24/2015,16:47:13,7,31.7,AH0,255,35.0726529,Day,F,L,A,MYSE
151.909,8443,6/3/2015,5/25/2015,16:47:13,7,31.9,AH0,254,35.3347947,Day,F,L,A,MYSE
151.909,8443,6/3/2015,5/29/2015,16:47:14,7,29.5,AH0,182,31.5355875,Day,F,L,A,MYSE
151.909,8443,6/3/2015,5/30/2015,16:47:14,7,34,AH0,250,37.5612,Day,F,L,A,MYSE
151.909,8443,6/3/2015,5/24/2015,16:47:15,7,31.7,AH0,255,35.0726529,Day,F,L,A,MYSE
151.909,8443,6/3/2015,5/25/2015,16:47:15,7,31.9,AH0,255,35.3347947,Day,F,L,A,MYSE
151.909,8443,6/3/2015,5/29/2015,16:47:16,7,29.5,AH0,177,31.5355875,Day,F,L,A,MYSE
151.909,8443,6/3/2015,5/24/2015,16:47:17,7,31.7,AH0,255,35.0726529,Day,F,L,A,MYSE
151.909,8443,6/3/2015,5/26/2015,16:47:18,7,31.5,AH0,254,34.8011375,Day,F,L,A,MYSE
151.909,8443,6/3/2015,5/24/2015,16:47:19,7,31.7,AH0,255,35.0726529,Day,F,L,A,MYSE
151.909,8443,6/3/2015,5/24/2015,16:47:20,7,31.6,AH0,255,34.9380768,Day,F,L,A,MYSE
151.909,8443,6/3/2015,5/26/2015,16:47:20,7,31.5,AH0,254,34.8011375,Day,F,L,A,MYSE
151.909,8443,6/3/2015,5/26/2015,16:47:22,7,31.5,AH0,255,34.8011375,Day,F,L,A,MYSE
151.909,8443,6/3/2015,5/26/2015,16:47:24,7,31.5,AH0,255,34.8011375,Day,F,L,A,MYSE
151.909,8443,6/3/2015,5/26/2015,16:47:26,7,31.5,AH0,254,34.8011375,Day,F,L,A,MYSE
151.909,8443,6/3/2015,5/25/2015,16:47:28,7,31.7,AH0,254,35.0726529,Day,F,L,A,MYSE
151.909,8443,6/3/2015,5/30/2015,16:47:28,7,34,AH0,250,37.5612,Day,F,L,A,MYSE
151.909,8443,6/3/2015,5/25/2015,16:47:30,7,31.7,AH0,255,35.0726529,Day,F,L,A,MYSE
151.909,8443,6/3/2015,5/29/2015,16:47:30,7,29.5,AH0,182,31.5355875,Day,F,L,A,MYSE
151.909,8443,6/3/2015,5/30/2015,16:47:30,7,34,AH0,251,37.5612,Day,F,L,A,MYSE
151.909,8443,6/3/2015,5/25/2015,16:47:32,7,31.7,AH0,254,35.0726529,Day,F,L,A,MYSE
151.909,8443,6/3/2015,5/29/2015,16:47:32,7,29.5,AH0,185,31.5355875,Day,F,L,A,MYSE
151.909,8443,6/3/2015,5/30/2015,16:47:32,7,34,AH0,249,37.5612,Day,F,L,A,MYSE
151.909,8443,6/3/2015,5/24/2015,16:47:34,7,31.5,AH0,255,34.8011375,Day,F,L,A,MYSE
151.909,8443,6/3/2015,5/25/2015,16:47:34,7,31.6,AH0,255,34.9380768,Day,F,L,A,MYSE
151.909,8443,6/3/2015,5/29/2015,16:47:34,7,29.5,AH0,186,31.5355875,Day,F,L,A,MYSE
151.909,8443,6/3/2015,5/30/2015,16:47:34,7,34,AH0,250,37.5612,Day,F,L,A,MYSE
151.909,8443,6/3/2015,5/30/2015,16:47:35,7,34,AH0,250,37.5612,Day,F,L,A,MYSE
151.909,8443,6/3/2015,5/24/2015,16:47:36,7,31.5,AH0,255,34.8011375,Day,F,L,A,MYSE
151.909,8443,6/3/2015,5/24/2015,16:47:38,7,31.5,AH0,255,34.8011375,Day,F,L,A,MYSE
151.909,8443,6/3/2015,5/26/2015,16:47:39,7,31.5,AH0,255,34.8011375,Day,F,L,A,MYSE
151.909,8443,6/3/2015,5/24/2015,16:47:40,7,31.5,AH0,255,34.8011375,Day,F,L,A,MYSE
151.909,8443,6/3/2015,5/26/2015,16:47:41,7,31.5,AH0,255,34.8011375,Day,F,L,A,MYSE
151.909,8443,6/3/2015,5/26/2015,16:47:43,7,31.5,AH0,255,34.8011375,Day,F,L,A,MYSE
151.909,8443,6/3/2015,5/26/2015,16:47:45,7,31.5,AH0,255,34.8011375,Day,F,L,A,MYSE
151.909,8443,6/3/2015,5/25/2015,16:47:47,7,31.8,AH0,255,35.2048856,Day,F,L,A,MYSE
151.909,8443,6/3/2015,5/29/2015,16:47:48,7,29.4,AH0,186,31.3444472,Day,F,L,A,MYSE
151.909,8443,6/3/2015,5/30/2015,16:47:48,7,34,AH0,251,37.5612,Day,F,L,A,MYSE
151.909,8443,6/3/2015,5/25/2015,16:47:49,7,31.5,AH0,255,34.8011375,Day,F,L,A,MYSE
151.909,8443,6/3/2015,5/30/2015,16:47:49,7,34,AH0,248,37.5612,Day,F,L,A,MYSE
151.909,8443,6/3/2015,5/25/2015,16:47:51,7,31.5,AH0,255,34.8011375,Day,F,L,A,MYSE
151.909,8443,6/3/2015,5/29/2015,16:47:51,7,29.4,AH0,183,31.3444472,Day,F,L,A,MYSE
151.909,8443,6/3/2015,5/30/2015,16:47:51,7,34,AH0,252,37.5612,Day,F,L,A,MYSE
151.909,8443,6/3/2015,5/24/2015,16:47:53,7,31.4,AH0,255,34.6618152,Day,F,L,A,MYSE
151.909,8443,6/3/2015,5/25/2015,16:47:53,7,31.5,AH0,254,34.8011375,Day,F,L,A,MYSE
151.909,8443,6/3/2015,5/29/2015,16:47:53,7,29.4,AH0,221,31.3444472,Day,F,L,A,MYSE
151.909,8443,6/3/2015,5/30/2015,16:47:53,7,34,AH0,249,37.5612,Day,F,L,A,MYSE
151.909,8443,6/3/2015,5/25/2015,16:47:54,7,31.4,AH0,255,34.6618152,Day,F,L,A,MYSE
151.909,8443,6/3/2015,5/24/2015,16:47:55,7,31.3,AH0,255,34.5200901,Day,F,L,A,MYSE
151.909,8443,6/3/2015,5/29/2015,16:47:55,7,29.5,AH0,230,31.5355875,Day,F,L,A,MYSE
151.909,8443,6/3/2015,5/30/2015,16:47:55,7,34,AH0,250,37.5612,Day,F,L,A,MYSE
151.909,8443,6/3/2015,5/24/2015,16:47:57,7,31.2,AH0,255,34.3759424,Day,F,L,A,MYSE
151.909,8443,6/3/2015,5/26/2015,16:47:58,7,31.4,AH0,255,34.6618152,Day,F,L,A,MYSE
151.909,8443,6/3/2015,5/24/2015,16:47:59,7,31.2,AH0,255,34.3759424,Day,F,L,A,MYSE
151.909,8443,6/3/2015,5/26/2015,16:48:00,7,31.5,AH0,255,34.8011375,Day,F,L,A,MYSE
151.909,8443,6/3/2015,5/24/2015,16:48:01,7,31.2,AH0,255,34.3759424,Day,F,L,A,MYSE
151.909,8443,6/3/2015,5/26/2015,16:48:02,7,31.5,AH0,254,34.8011375,Day,F,L,A,MYSE
151.909,8443,6/3/2015,5/26/2015,16:48:04,7,31.5,AH0,254,34.8011375,Day,F,L,A,MYSE
151.909,8443,6/3/2015,5/26/2015,16:48:06,7,31.4,AH0,255,34.6618152,Day,F,L,A,MYSE
151.909,8443,6/3/2015,5/25/2015,16:48:08,7,31.3,AH0,255,34.5200901,Day,F,L,A,MYSE
151.909,8443,6/3/2015,5/29/2015,16:48:09,7,29.4,AH0,232,31.3444472,Day,F,L,A,MYSE
151.909,8443,6/3/2015,5/30/2015,16:48:09,7,34,AH0,251,37.5612,Day,F,L,A,MYSE
151.909,8443,6/3/2015,5/25/2015,16:48:10,7,31.3,AH0,255,34.5200901,Day,F,L,A,MYSE
151.909,8443,6/3/2015,5/29/2015,16:48:11,7,29.4,AH0,229,31.3444472,Day,F,L,A,MYSE
151.909,8443,6/3/2015,5/30/2015,16:48:11,7,34,AH0,250,37.5612,Day,F,L,A,MYSE
151.909,8443,6/3/2015,5/25/2015,16:48:12,7,31.3,AH0,254,34.5200901,Day,F,L,A,MYSE
151.909,8443,6/3/2015,5/30/2015,16:48:12,7,34,AH0,249,37.5612,Day,F,L,A,MYSE
151.909,8443,6/3/2015,5/29/2015,16:48:13,7,29.4,AH0,232,31.3444472,Day,F,L,A,MYSE
151.909,8443,6/3/2015,5/24/2015,16:48:14,7,31.1,AH0,255,34.2293523,Day,F,L,A,MYSE
151.909,8443,6/3/2015,5/25/2015,16:48:14,7,31.3,AH0,255,34.5200901,Day,F,L,A,MYSE
151.909,8443,6/3/2015,5/30/2015,16:48:14,7,34,AH0,251,37.5612,Day,F,L,A,MYSE
151.909,8443,6/3/2015,5/29/2015,16:48:15,7,29.4,AH0,228,31.3444472,Day,F,L,A,MYSE
151.909,8443,6/3/2015,5/24/2015,16:48:16,7,31.1,AH0,255,34.2293523,Day,F,L,A,MYSE
151.909,8443,6/3/2015,5/24/2015,16:48:18,7,31.1,AH0,255,34.2293523,Day,F,L,A,MYSE
151.909,8443,6/3/2015,5/26/2015,16:48:19,7,31.5,AH0,254,34.8011375,Day,F,L,A,MYSE
151.909,8443,6/3/2015,5/24/2015,16:48:20,7,31.1,AH0,255,34.2293523,Day,F,L,A,MYSE
151.909,8443,6/3/2015,5/26/2015,16:48:21,7,31.5,AH0,255,34.8011375,Day,F,L,A,MYSE
151.909,8443,6/3/2015,5/26/2015,16:48:23,7,31.5,AH0,255,34.8011375,Day,F,L,A,MYSE
151.909,8443,6/3/2015,5/26/2015,16:48:25,7,31.5,AH0,255,34.8011375,Day,F,L,A,MYSE
151.909,8443,6/3/2015,5/25/2015,16:48:27,7,31.2,AH0,255,34.3759424,Day,F,L,A,MYSE
151.909,8443,6/3/2015,5/30/2015,16:48:28,7,34,AH0,251,37.5612,Day,F,L,A,MYSE
151.909,8443,6/3/2015,5/25/2015,16:48:29,7,31.2,AH0,255,34.3759424,Day,F,L,A,MYSE
151.909,8443,6/3/2015,5/29/2015,16:48:29,7,29.3,AH0,237,31.1505081,Day,F,L,A,MYSE
151.909,8443,6/3/2015,5/30/2015,16:48:30,7,34,AH0,248,37.5612,Day,F,L,A,MYSE
151.909,8443,6/3/2015,5/25/2015,16:48:31,7,31.2,AH0,254,34.3759424,Day,F,L,A,MYSE
151.909,8443,6/3/2015,5/29/2015,16:48:31,7,29.3,AH0,243,31.1505081,Day,F,L,A,MYSE
151.909,8443,6/3/2015,5/30/2015,16:48:32,7,34,AH0,249,37.5612,Day,F,L,A,MYSE
151.909,8443,6/3/2015,5/24/2015,16:48:33,7,31.1,AH0,255,34.2293523,Day,F,L,A,MYSE
151.909,8443,6/3/2015,5/25/2015,16:48:33,7,31.2,AH0,254,34.3759424,Day,F,L,A,MYSE
151.909,8443,6/3/2015,5/29/2015,16:48:33,7,29.3,AH0,225,31.1505081,Day,F,L,A,MYSE
151.909,8443,6/3/2015,5/30/2015,16:48:34,7,34,AH0,249,37.5612,Day,F,L,A,MYSE
151.909,8443,6/3/2015,5/24/2015,16:48:35,7,31,AH0,255,34.0803,Day,F,L,A,MYSE
151.909,8443,6/3/2015,5/25/2015,16:48:35,7,31.2,AH0,255,34.3759424,Day,F,L,A,MYSE
151.909,8443,6/3/2015,5/29/2015,16:48:35,7,29.3,AH0,226,31.1505081,Day,F,L,A,MYSE
151.909,8443,6/3/2015,5/30/2015,16:48:35,7,34,AH0,250,37.5612,Day,F,L,A,MYSE
151.909,8443,6/3/2015,5/24/2015,16:48:37,7,31,AH0,255,34.0803,Day,F,L,A,MYSE
151.909,8443,6/3/2015,5/26/2015,16:48:38,7,31.5,AH0,254,34.8011375,Day,F,L,A,MYSE
151.909,8443,6/3/2015,5/24/2015,16:48:39,7,31.1,AH0,255,34.2293523,Day,F,L,A,MYSE
151.909,8443,6/3/2015,5/26/2015,16:48:40,7,31.5,AH0,254,34.8011375,Day,F,L,A,MYSE
151.909,8443,6/3/2015,5/26/2015,16:48:42,7,31.5,AH0,255,34.8011375,Day,F,L,A,MYSE
151.909,8443,6/3/2015,5/26/2015,16:48:44,7,31.5,AH0,255,34.8011375,Day,F,L,A,MYSE
151.909,8443,6/3/2015,5/26/2015,16:48:46,7,31.5,AH0,255,34.8011375,Day,F,L,A,MYSE
151.909,8443,6/3/2015,5/25/2015,16:48:48,7,31.1,AH0,254,34.2293523,Day,F,L,A,MYSE
151.909,8443,6/3/2015,5/30/2015,16:48:48,7,34,AH0,249,37.5612,Day,F,L,A,MYSE
151.909,8443,6/3/2015,5/25/2015,16:48:50,7,31.2,AH0,255,34.3759424,Day,F,L,A,MYSE
151.909,8443,6/3/2015,5/29/2015,16:48:50,7,30,AH0,191,32.45,Day,F,L,A,MYSE
151.909,8443,6/3/2015,5/30/2015,16:48:50,7,34,AH0,248,37.5612,Day,F,L,A,MYSE
151.909,8443,6/3/2015,5/30/2015,16:48:51,7,34,AH0,249,37.5612,Day,F,L,A,MYSE
151.909,8443,6/3/2015,5/25/2015,16:48:52,7,31.1,AH0,255,34.2293523,Day,F,L,A,MYSE
151.909,8443,6/3/2015,5/29/2015,16:48:52,7,30.2,AH0,183,32.7968664,Day,F,L,A,MYSE
151.909,8443,6/3/2015,5/30/2015,16:48:53,7,34,AH0,251,37.5612,Day,F,L,A,MYSE
151.909,8443,6/3/2015,5/25/2015,16:48:54,7,31.1,AH0,254,34.2293523,Day,F,L,A,MYSE
151.909,8443,6/3/2015,5/29/2015,16:48:54,7,30.3,AH0,180,32.9663291,Day,F,L,A,MYSE
151.909,8443,6/3/2015,5/24/2015,16:48:55,7,31.1,AH0,255,34.2293523,Day,F,L,A,MYSE
151.909,8443,6/3/2015,5/30/2015,16:48:55,7,33.9,AH0,249,37.4755127,Day,F,L,A,MYSE
151.909,8443,6/3/2015,5/29/2015,16:48:56,7,30.4,AH0,201,33.1331712,Day,F,L,A,MYSE
151.909,8443,6/3/2015,5/24/2015,16:48:57,7,31.1,AH0,255,34.2293523,Day,F,L,A,MYSE
151.909,8443,6/3/2015,5/24/2015,16:48:59,7,31.1,AH0,255,34.2293523,Day,F,L,A,MYSE
151.909,8443,6/3/2015,5/26/2015,16:48:59,7,31.5,AH0,255,34.8011375,Day,F,L,A,MYSE
151.909,8443,6/3/2015,5/24/2015,16:49:00,7,31.1,AH0,255,34.2293523,Day,F,L,A,MYSE
151.909,8443,6/3/2015,5/26/2015,16:49:01,7,31.5,AH0,254,34.8011375,Day,F,L,A,MYSE
151.909,8443,6/3/2015,5/26/2015,16:49:03,7,31.5,AH0,254,34.8011375,Day,F,L,A,MYSE
151.909,8443,6/3/2015,5/26/2015,16:49:05,7,31.5,AH0,253,34.8011375,Day,F,L,A,MYSE
151.909,8443,6/3/2015,5/25/2015,16:49:08,7,31.1,AH0,255,34.2293523,Day,F,L,A,MYSE
151.909,8443,6/3/2015,5/25/2015,16:49:09,7,31.1,AH0,254,34.2293523,Day,F,L,A,MYSE
151.909,8443,6/3/2015,5/29/2015,16:49:09,7,30.5,AH0,231,33.2974125,Day,F,L,A,MYSE
151.909,8443,6/3/2015,5/30/2015,16:49:09,7,34,AH0,245,37.5612,Day,F,L,A,MYSE
151.909,8443,6/3/2015,5/25/2015,16:49:11,7,31.1,AH0,254,34.2293523,Day,F,L,A,MYSE
151.909,8443,6/3/2015,5/29/2015,16:49:11,7,30.6,AH0,235,33.4590728,Day,F,L,A,MYSE
151.909,8443,6/3/2015,5/30/2015,16:49:11,7,34,AH0,252,37.5612,Day,F,L,A,MYSE
151.909,8443,6/3/2015,5/30/2015,16:49:12,7,34,AH0,248,37.5612,Day,F,L,A,MYSE
151.909,8443,6/3/2015,5/25/2015,16:49:13,7,31.1,AH0,255,34.2293523,Day,F,L,A,MYSE
151.909,8443,6/3/2015,5/29/2015,16:49:13,7,30.6,AH0,238,33.4590728,Day,F,L,A,MYSE
151.909,8443,6/3/2015,5/24/2015,16:49:14,7,31.2,AH0,255,34.3759424,Day,F,L,A,MYSE
151.909,8443,6/3/2015,5/30/2015,16:49:14,7,34,AH0,249,37.5612,Day,F,L,A,MYSE
151.909,8443,6/3/2015,5/29/2015,16:49:15,7,30.7,AH0,242,33.6181719,Day,F,L,A,MYSE
151.909,8443,6/3/2015,5/24/2015,16:49:16,7,31.2,AH0,255,34.3759424,Day,F,L,A,MYSE
151.909,8443,6/3/2015,5/24/2015,16:49:18,7,31.2,AH0,255,34.3759424,Day,F,L,A,MYSE
151.909,8443,6/3/2015,5/26/2015,16:49:18,7,31.5,AH0,252,34.8011375,Day,F,L,A,MYSE
151.909,8443,6/3/2015,5/24/2015,16:49:20,7,31.2,AH0,255,34.3759424,Day,F,L,A,MYSE
151.909,8443,6/3/2015,5/26/2015,16:49:20,7,31.5,AH0,254,34.8011375,Day,F,L,A,MYSE
151.909,8443,6/3/2015,5/26/2015,16:49:22,7,31.5,AH0,251,34.8011375,Day,F,L,A,MYSE
151.909,8443,6/3/2015,5/26/2015,16:49:24,7,31.5,AH0,254,34.8011375,Day,F,L,A,MYSE
151.909,8443,6/3/2015,5/26/2015,16:49:26,7,31.5,AH0,254,34.8011375,Day,F,L,A,MYSE
151.909,8443,6/3/2015,5/25/2015,16:49:27,7,31,AH0,255,34.0803,Day,F,L,A,MYSE
151.909,8443,6/3/2015,5/30/2015,16:49:28,7,34,AH0,251,37.5612,Day,F,L,A,MYSE
151.909,8443,6/3/2015,5/25/2015,16:49:29,7,31,AH0,255,34.0803,Day,F,L,A,MYSE
151.909,8443,6/3/2015,5/29/2015,16:49:29,7,31,AH0,251,34.0803,Day,F,L,A,MYSE
151.909,8443,6/3/2015,5/30/2015,16:49:30,7,34,AH0,250,37.5612,Day,F,L,A,MYSE
151.909,8443,6/3/2015,5/25/2015,16:49:31,7,31,AH0,254,34.0803,Day,F,L,A,MYSE
151.909,8443,6/3/2015,5/29/2015,16:49:31,7,31.1,AH0,251,34.2293523,Day,F,L,A,MYSE
151.909,8443,6/3/2015,5/30/2015,16:49:32,7,34,AH0,250,37.5612,Day,F,L,A,MYSE
151.909,8443,6/3/2015,5/24/2015,16:49:33,7,31.3,AH0,255,34.5200901,Day,F,L,A,MYSE
151.909,8443,6/3/2015,5/25/2015,16:49:33,7,31,AH0,254,34.0803,Day,F,L,A,MYSE
151.909,8443,6/3/2015,5/29/2015,16:49:33,7,31.1,AH0,253,34.2293523,Day,F,L,A,MYSE
151.909,8443,6/3/2015,5/30/2015,16:49:34,7,34,AH0,252,37.5612,Day,F,L,A,MYSE
151.909,8443,6/3/2015,5/24/2015,16:49:35,7,31.3,AH0,255,34.5200901,Day,F,L,A,MYSE
151.909,8443,6/3/2015,5/25/2015,16:49:35,7,31,AH0,255,34.0803,Day,F,L,A,MYSE
151.909,8443,6/3/2015,5/29/2015,16:49:35,7,31.2,AH0,252,34.3759424,Day,F,L,A,MYSE
151.909,8443,6/3/2015,5/30/2015,16:49:35,7,34,AH0,249,37.5612,Day,F,L,A,MYSE
151.909,8443,6/3/2015,5/24/2015,16:49:37,7,31.3,AH0,255,34.5200901,Day,F,L,A,MYSE
151.909,8443,6/3/2015,5/24/2015,16:49:39,7,31.3,AH0,255,34.5200901,Day,F,L,A,MYSE
151.909,8443,6/3/2015,5/26/2015,16:49:39,7,31.5,AH0,252,34.8011375,Day,F,L,A,MYSE
151.909,8443,6/3/2015,5/24/2015,16:49:41,7,31.3,AH0,255,34.5200901,Day,F,L,A,MYSE
151.909,8443,6/3/2015,5/26/2015,16:49:41,7,31.5,AH0,252,34.8011375,Day,F,L,A,MYSE
151.909,8443,6/3/2015,5/26/2015,16:49:43,7,31.5,AH0,253,34.8011375,Day,F,L,A,MYSE
151.909,8443,6/3/2015,5/26/2015,16:49:45,7,31.5,AH0,253,34.8011375,Day,F,L,A,MYSE
151.909,8443,6/3/2015,5/25/2015,16:49:48,7,30.9,AH0,255,33.9287657,Day,F,L,A,MYSE
151.909,8443,6/3/2015,5/30/2015,16:49:48,7,34,AH0,251,37.5612,Day,F,L,A,MYSE
151.909,8443,6/3/2015,5/25/2015,16:49:50,7,30.9,AH0,255,33.9287657,Day,F,L,A,MYSE
151.909,8443,6/3/2015,5/29/2015,16:49:50,7,31.4,AH0,253,34.6618152,Day,F,L,A,MYSE
151.909,8443,6/3/2015,5/30/2015,16:49:50,7,34,AH0,248,37.5612,Day,F,L,A,MYSE
151.909,8443,6/3/2015,5/30/2015,16:49:51,7,34,AH0,249,37.5612,Day,F,L,A,MYSE
151.909,8443,6/3/2015,5/25/2015,16:49:52,7,30.9,AH0,255,33.9287657,Day,F,L,A,MYSE
151.909,8443,6/3/2015,5/29/2015,16:49:52,7,31.4,AH0,250,34.6618152,Day,F,L,A,MYSE
151.909,8443,6/3/2015,5/30/2015,16:49:53,7,34,AH0,248,37.5612,Day,F,L,A,MYSE
151.909,8443,6/3/2015,5/24/2015,16:49:54,7,31.4,AH0,255,34.6618152,Day,F,L,A,MYSE
151.909,8443,6/3/2015,5/25/2015,16:49:54,7,30.9,AH0,255,33.9287657,Day,F,L,A,MYSE
151.909,8443,6/3/2015,5/29/2015,16:49:54,7,31.5,AH0,250,34.8011375,Day,F,L,A,MYSE
151.909,8443,6/3/2015,5/30/2015,16:49:55,7,34,AH0,251,37.5612,Day,F,L,A,MYSE
151.909,8443,6/3/2015,5/24/2015,16:49:56,7,31.4,AH0,255,34.6618152,Day,F,L,A,MYSE
151.909,8443,6/3/2015,5/29/2015,16:49:56,7,31.4,AH0,244,34.6618152,Day,F,L,A,MYSE
151.909,8443,6/3/2015,5/24/2015,16:49:58,7,31.4,AH0,255,34.6618152,Day,F,L,A,MYSE
151.909,8443,6/3/2015,5/26/2015,16:49:58,7,31.5,AH0,250,34.8011375,Day,F,L,A,MYSE
151.909,8443,6/3/2015,5/24/2015,16:50:00,7,31.4,AH0,255,34.6618152,Day,F,L,A,MYSE
151.909,8443,6/3/2015,5/26/2015,16:50:00,7,31.5,AH0,252,34.8011375,Day,F,L,A,MYSE
151.909,8443,6/3/2015,5/26/2015,16:50:02,7,31.5,AH0,252,34.8011375,Day,F,L,A,MYSE
151.909,8443,6/3/2015,5/26/2015,16:50:04,7,31.5,AH0,251,34.8011375,Day,F,L,A,MYSE
151.909,8443,6/3/2015,5/25/2015,16:50:08,7,30.9,AH0,255,33.9287657,Day,F,L,A,MYSE
151.909,8443,6/3/2015,5/29/2015,16:50:09,7,31.3,AH0,111,34.5200901,Day,F,L,A,MYSE
151.909,8443,6/3/2015,5/30/2015,16:50:09,7,34,AH0,250,37.5612,Day,F,L,A,MYSE
151.909,8443,6/3/2015,5/25/2015,16:50:10,7,30.9,AH0,255,33.9287657,Day,F,L,A,MYSE
151.909,8443,6/3/2015,5/29/2015,16:50:11,7,31.5,AH0,156,34.8011375,Day,F,L,A,MYSE
151.909,8443,6/3/2015,5/30/2015,16:50:11,7,34,AH0,248,37.5612,Day,F,L,A,MYSE
151.909,8443,6/3/2015,5/25/2015,16:50:12,7,30.9,AH0,255,33.9287657,Day,F,L,A,MYSE
151.909,8443,6/3/2015,5/30/2015,16:50:12,7,34,AH0,250,37.5612,Day,F,L,A,MYSE
151.909,8443,6/3/2015,5/24/2015,16:50:13,7,31.4,AH0,255,34.6618152,Day,F,L,A,MYSE
151.909,8443,6/3/2015,5/25/2015,16:50:13,7,30.9,AH0,255,33.9287657,Day,F,L,A,MYSE
151.909,8443,6/3/2015,5/29/2015,16:50:13,7,31.2,AH0,150,34.3759424,Day,F,L,A,MYSE
151.909,8443,6/3/2015,5/30/2015,16:50:14,7,34,AH0,250,37.5612,Day,F,L,A,MYSE
151.909,8443,6/3/2015,5/24/2015,16:50:15,7,31.5,AH0,255,34.8011375,Day,F,L,A,MYSE
151.909,8443,6/3/2015,5/29/2015,16:50:15,7,31.2,AH0,176,34.3759424,Day,F,L,A,MYSE
151.909,8443,6/3/2015,5/24/2015,16:50:17,7,31.5,AH0,255,34.8011375,Day,F,L,A,MYSE
151.909,8443,6/3/2015,5/24/2015,16:50:19,7,31.5,AH0,255,34.8011375,Day,F,L,A,MYSE
151.909,8443,6/3/2015,5/26/2015,16:50:19,7,31.6,AH0,250,34.9380768,Day,F,L,A,MYSE
151.909,8443,6/3/2015,5/26/2015,16:50:21,7,31.6,AH0,254,34.9380768,Day,F,L,A,MYSE
151.909,8443,6/3/2015,5/26/2015,16:50:23,7,31.6,AH0,253,34.9380768,Day,F,L,A,MYSE
151.909,8443,6/3/2015,5/26/2015,16:50:25,7,31.6,AH0,252,34.9380768,Day,F,L,A,MYSE
151.909,8443,6/3/2015,5/25/2015,16:50:27,7,30.8,AH0,255,33.7747296,Day,F,L,A,MYSE
151.909,8443,6/3/2015,5/29/2015,16:50:28,7,30.6,AH0,58,33.4590728,Day,F,L,A,MYSE
151.909,8443,6/3/2015,5/30/2015,16:50:28,7,34.1,AH0,250,37.6449993,Day,F,L,A,MYSE
151.909,8443,6/3/2015,5/25/2015,16:50:29,7,30.8,AH0,255,33.7747296,Day,F,L,A,MYSE
151.909,8443,6/3/2015,5/29/2015,16:50:30,7,30.8,AH0,61,33.7747296,Day,F,L,A,MYSE
151.909,8443,6/3/2015,5/30/2015,16:50:30,7,34.1,AH0,247,37.6449993,Day,F,L,A,MYSE
151.909,8443,6/3/2015,5/25/2015,16:50:31,7,30.8,AH0,255,33.7747296,Day,F,L,A,MYSE
151.909,8443,6/3/2015,5/29/2015,16:50:32,7,30.5,AH0,64,33.2974125,Day,F,L,A,MYSE
151.909,8443,6/3/2015,5/30/2015,16:50:32,7,34.1,AH0,249,37.6449993,Day,F,L,A,MYSE
151.909,8443,6/3/2015,5/25/2015,16:50:33,7,30.8,AH0,255,33.7747296,Day,F,L,A,MYSE
151.909,8443,6/3/2015,5/24/2015,16:50:34,7,31.6,AH0,255,34.9380768,Day,F,L,A,MYSE
151.909,8443,6/3/2015,5/29/2015,16:50:34,7,30.5,AH0,52,33.2974125,Day,F,L,A,MYSE
151.909,8443,6/3/2015,5/30/2015,16:50:34,7,34.1,AH0,251,37.6449993,Day,F,L,A,MYSE
151.909,8443,6/3/2015,5/25/2015,16:50:35,7,30.8,AH0,255,33.7747296,Day,F,L,A,MYSE
151.909,8443,6/3/2015,5/30/2015,16:50:35,7,34.1,AH0,250,37.6449993,Day,F,L,A,MYSE
151.909,8443,6/3/2015,5/24/2015,16:50:36,7,31.6,AH0,255,34.9380768,Day,F,L,A,MYSE
151.909,8443,6/3/2015,5/24/2015,16:50:38,7,31.6,AH0,255,34.9380768,Day,F,L,A,MYSE
151.909,8443,6/3/2015,5/26/2015,16:50:38,7,31.6,AH0,253,34.9380768,Day,F,L,A,MYSE
151.909,8443,6/3/2015,5/24/2015,16:50:40,7,31.6,AH0,255,34.9380768,Day,F,L,A,MYSE
151.909,8443,6/3/2015,5/26/2015,16:50:40,7,31.6,AH0,254,34.9380768,Day,F,L,A,MYSE
151.909,8443,6/3/2015,5/26/2015,16:50:42,7,31.6,AH0,254,34.9380768,Day,F,L,A,MYSE
151.909,8443,6/3/2015,5/26/2015,16:50:44,7,31.6,AH0,254,34.9380768,Day,F,L,A,MYSE
151.909,8443,6/3/2015,5/26/2015,16:50:46,7,31.6,AH0,254,34.9380768,Day,F,L,A,MYSE
151.909,8443,6/3/2015,5/29/2015,16:50:48,7,30.1,AH0,222,32.6247633,Day,F,L,A,MYSE
151.909,8443,6/3/2015,5/30/2015,16:50:48,7,34.1,AH0,250,37.6449993,Day,F,L,A,MYSE
151.909,8443,6/3/2015,5/25/2015,16:50:49,7,30.8,AH0,255,33.7747296,Day,F,L,A,MYSE
151.909,8443,6/3/2015,5/25/2015,16:50:50,7,30.8,AH0,255,33.7747296,Day,F,L,A,MYSE
151.909,8443,6/3/2015,5/29/2015,16:50:50,7,30,AH0,225,32.45,Day,F,L,A,MYSE
151.909,8443,6/3/2015,5/30/2015,16:50:50,7,34.1,AH0,248,37.6449993,Day,F,L,A,MYSE
151.909,8443,6/3/2015,5/30/2015,16:50:51,7,34.1,AH0,249,37.6449993,Day,F,L,A,MYSE
151.909,8443,6/3/2015,5/25/2015,16:50:52,7,30.8,AH0,255,33.7747296,Day,F,L,A,MYSE
151.909,8443,6/3/2015,5/29/2015,16:50:52,7,30,AH0,223,32.45,Day,F,L,A,MYSE
151.909,8443,6/3/2015,5/24/2015,16:50:53,7,31.7,AH0,255,35.0726529,Day,F,L,A,MYSE
151.909,8443,6/3/2015,5/30/2015,16:50:53,7,34.1,AH0,249,37.6449993,Day,F,L,A,MYSE
151.909,8443,6/3/2015,5/25/2015,16:50:54,7,30.8,AH0,255,33.7747296,Day,F,L,A,MYSE
151.909,8443,6/3/2015,5/29/2015,16:50:54,7,30,AH0,214,32.45,Day,F,L,A,MYSE
151.909,8443,6/3/2015,5/24/2015,16:50:55,7,31.7,AH0,255,35.0726529,Day,F,L,A,MYSE
151.909,8443,6/3/2015,5/30/2015,16:50:55,7,34.1,AH0,248,37.6449993,Day,F,L,A,MYSE
151.909,8443,6/3/2015,5/24/2015,16:50:57,7,31.7,AH0,255,35.0726529,Day,F,L,A,MYSE
151.909,8443,6/3/2015,5/24/2015,16:50:59,7,31.7,AH0,255,35.0726529,Day,F,L,A,MYSE
151.909,8443,6/3/2015,5/26/2015,16:50:59,7,31.6,AH0,254,34.9380768,Day,F,L,A,MYSE
151.909,8443,6/3/2015,5/24/2015,16:51:01,7,31.7,AH0,255,35.0726529,Day,F,L,A,MYSE
151.909,8443,6/3/2015,5/26/2015,16:51:01,7,31.6,AH0,254,34.9380768,Day,F,L,A,MYSE
151.909,8443,6/3/2015,5/26/2015,16:51:03,7,31.6,AH0,254,34.9380768,Day,F,L,A,MYSE
151.909,8443,6/3/2015,5/26/2015,16:51:05,7,31.6,AH0,253,34.9380768,Day,F,L,A,MYSE
151.909,8443,6/3/2015,5/25/2015,16:51:08,7,30.8,AH0,255,33.7747296,Day,F,L,A,MYSE
151.909,8443,6/3/2015,5/29/2015,16:51:08,7,29.9,AH0,222,32.2725567,Day,F,L,A,MYSE
151.909,8443,6/3/2015,5/30/2015,16:51:09,7,34.1,AH0,252,37.6449993,Day,F,L,A,MYSE
151.909,8443,6/3/2015,5/25/2015,16:51:10,7,30.8,AH0,255,33.7747296,Day,F,L,A,MYSE
151.909,8443,6/3/2015,5/29/2015,16:51:10,7,29.9,AH0,220,32.2725567,Day,F,L,A,MYSE
151.909,8443,6/3/2015,5/30/2015,16:51:11,7,34.1,AH0,251,37.6449993,Day,F,L,A,MYSE
151.909,8443,6/3/2015,5/25/2015,16:51:12,7,30.7,AH0,255,33.6181719,Day,F,L,A,MYSE
151.909,8443,6/3/2015,5/29/2015,16:51:12,7,29.9,AH0,223,32.2725567,Day,F,L,A,MYSE
151.909,8443,6/3/2015,5/30/2015,16:51:12,7,34.1,AH0,250,37.6449993,Day,F,L,A,MYSE
151.909,8443,6/3/2015,5/24/2015,16:51:14,7,31.7,AH0,255,35.0726529,Day,F,L,A,MYSE
151.909,8443,6/3/2015,5/25/2015,16:51:14,7,30.7,AH0,255,33.6181719,Day,F,L,A,MYSE
151.909,8443,6/3/2015,5/29/2015,16:51:14,7,29.9,AH0,222,32.2725567,Day,F,L,A,MYSE
151.909,8443,6/3/2015,5/30/2015,16:51:14,7,34.1,AH0,251,37.6449993,Day,F,L,A,MYSE
151.909,8443,6/3/2015,5/24/2015,16:51:16,7,31.7,AH0,255,35.0726529,Day,F,L,A,MYSE
151.909,8443,6/3/2015,5/24/2015,16:51:18,7,31.7,AH0,255,35.0726529,Day,F,L,A,MYSE
151.909,8443,6/3/2015,5/26/2015,16:51:18,7,31.6,AH0,254,34.9380768,Day,F,L,A,MYSE
151.909,8443,6/3/2015,5/24/2015,16:51:20,7,31.7,AH0,255,35.0726529,Day,F,L,A,MYSE
151.909,8443,6/3/2015,5/26/2015,16:51:20,7,31.5,AH0,252,34.8011375,Day,F,L,A,MYSE
151.909,8443,6/3/2015,5/26/2015,16:51:22,7,31.5,AH0,254,34.8011375,Day,F,L,A,MYSE
151.909,8443,6/3/2015,5/26/2015,16:51:24,7,31.5,AH0,254,34.8011375,Day,F,L,A,MYSE
151.909,8443,6/3/2015,5/26/2015,16:51:26,7,31.5,AH0,254,34.8011375,Day,F,L,A,MYSE
151.909,8443,6/3/2015,5/25/2015,16:51:28,7,30.7,AH0,255,33.6181719,Day,F,L,A,MYSE
151.909,8443,6/3/2015,5/29/2015,16:51:28,7,29.9,AH0,230,32.2725567,Day,F,L,A,MYSE
151.909,8443,6/3/2015,5/30/2015,16:51:28,7,34.1,AH0,249,37.6449993,Day,F,L,A,MYSE
151.909,8443,6/3/2015,5/25/2015,16:51:30,7,30.7,AH0,255,33.6181719,Day,F,L,A,MYSE
151.909,8443,6/3/2015,5/29/2015,16:51:30,7,30,AH0,233,32.45,Day,F,L,A,MYSE
151.909,8443,6/3/2015,5/30/2015,16:51:30,7,34.2,AH0,248,37.7269304,Day,F,L,A,MYSE
151.909,8443,6/3/2015,5/25/2015,16:51:31,7,30.7,AH0,255,33.6181719,Day,F,L,A,MYSE
151.909,8443,6/3/2015,5/29/2015,16:51:32,7,30,AH0,235,32.45,Day,F,L,A,MYSE
151.909,8443,6/3/2015,5/30/2015,16:51:32,7,34.2,AH0,248,37.7269304,Day,F,L,A,MYSE
151.909,8443,6/3/2015,5/24/2015,16:51:33,7,31.6,AH0,255,34.9380768,Day,F,L,A,MYSE
151.909,8443,6/3/2015,5/25/2015,16:51:33,7,30.7,AH0,255,33.6181719,Day,F,L,A,MYSE
151.909,8443,6/3/2015,5/30/2015,16:51:33,7,34.2,AH0,247,37.7269304,Day,F,L,A,MYSE
151.909,8443,6/3/2015,5/29/2015,16:51:34,7,30,AH0,240,32.45,Day,F,L,A,MYSE
151.909,8443,6/3/2015,5/24/2015,16:51:35,7,31.6,AH0,255,34.9380768,Day,F,L,A,MYSE
151.909,8443,6/3/2015,5/30/2015,16:51:35,7,34.2,AH0,250,37.7269304,Day,F,L,A,MYSE
151.909,8443,6/3/2015,5/24/2015,16:51:37,7,31.6,AH0,255,34.9380768,Day,F,L,A,MYSE
151.909,8443,6/3/2015,5/24/2015,16:51:39,7,31.6,AH0,255,34.9380768,Day,F,L,A,MYSE
151.909,8443,6/3/2015,5/26/2015,16:51:39,7,31.5,AH0,254,34.8011375,Day,F,L,A,MYSE
151.909,8443,6/3/2015,5/24/2015,16:51:41,7,31.6,AH0,255,34.9380768,Day,F,L,A,MYSE
151.909,8443,6/3/2015,5/26/2015,16:51:41,7,31.5,AH0,253,34.8011375,Day,F,L,A,MYSE
151.909,8443,6/3/2015,5/26/2015,16:51:43,7,31.5,AH0,253,34.8011375,Day,F,L,A,MYSE
151.909,8443,6/3/2015,5/26/2015,16:51:45,7,31.5,AH0,253,34.8011375,Day,F,L,A,MYSE
151.909,8443,6/3/2015,5/25/2015,16:51:47,7,30.7,AH0,255,33.6181719,Day,F,L,A,MYSE
151.909,8443,6/3/2015,5/29/2015,16:51:48,7,30.2,AH0,250,32.7968664,Day,F,L,A,MYSE
151.909,8443,6/3/2015,5/30/2015,16:51:48,7,34.2,AH0,249,37.7269304,Day,F,L,A,MYSE
151.909,8443,6/3/2015,5/25/2015,16:51:49,7,30.8,AH0,255,33.7747296,Day,F,L,A,MYSE
151.909,8443,6/3/2015,5/30/2015,16:51:49,7,34.2,AH0,247,37.7269304,Day,F,L,A,MYSE
151.909,8443,6/3/2015,5/29/2015,16:51:50,7,30.3,AH0,251,32.9663291,Day,F,L,A,MYSE
151.909,8443,6/3/2015,5/25/2015,16:51:51,7,30.8,AH0,255,33.7747296,Day,F,L,A,MYSE
151.909,8443,6/3/2015,5/30/2015,16:51:51,7,34.2,AH0,251,37.7269304,Day,F,L,A,MYSE
151.909,8443,6/3/2015,5/29/2015,16:51:52,7,30.3,AH0,251,32.9663291,Day,F,L,A,MYSE
151.909,8443,6/3/2015,5/25/2015,16:51:53,7,30.8,AH0,255,33.7747296,Day,F,L,A,MYSE
151.909,8443,6/3/2015,5/30/2015,16:51:53,7,34.2,AH0,250,37.7269304,Day,F,L,A,MYSE
151.909,8443,6/3/2015,5/24/2015,16:51:54,7,31.5,AH0,255,34.8011375,Day,F,L,A,MYSE
151.909,8443,6/3/2015,5/29/2015,16:51:54,7,30.3,AH0,253,32.9663291,Day,F,L,A,MYSE
151.909,8443,6/3/2015,5/30/2015,16:51:55,7,34.2,AH0,250,37.7269304,Day,F,L,A,MYSE
151.909,8443,6/3/2015,5/24/2015,16:51:56,7,31.5,AH0,255,34.8011375,Day,F,L,A,MYSE
151.909,8443,6/3/2015,5/24/2015,16:51:58,7,31.5,AH0,255,34.8011375,Day,F,L,A,MYSE
151.909,8443,6/3/2015,5/26/2015,16:51:58,7,31.5,AH0,252,34.8011375,Day,F,L,A,MYSE
151.909,8443,6/3/2015,5/24/2015,16:52:00,7,31.5,AH0,255,34.8011375,Day,F,L,A,MYSE
151.909,8443,6/3/2015,5/26/2015,16:52:00,7,31.5,AH0,253,34.8011375,Day,F,L,A,MYSE
151.909,8443,6/3/2015,5/26/2015,16:52:02,7,31.5,AH0,254,34.8011375,Day,F,L,A,MYSE
151.909,8443,6/3/2015,5/26/2015,16:52:04,7,31.5,AH0,252,34.8011375,Day,F,L,A,MYSE
151.909,8443,6/3/2015,5/26/2015,16:52:06,7,31.5,AH0,252,34.8011375,Day,F,L,A,MYSE
151.909,8443,6/3/2015,5/25/2015,16:52:09,7,30.8,AH0,255,33.7747296,Day,F,L,A,MYSE
151.909,8443,6/3/2015,5/30/2015,16:52:09,7,34.2,AH0,251,37.7269304,Day,F,L,A,MYSE
151.909,8443,6/3/2015,5/25/2015,16:52:10,7,30.8,AH0,255,33.7747296,Day,F,L,A,MYSE
151.909,8443,6/3/2015,5/29/2015,16:52:10,7,30.6,AH0,67,33.4590728,Day,F,L,A,MYSE
151.909,8443,6/3/2015,5/30/2015,16:52:10,7,34.2,AH0,250,37.7269304,Day,F,L,A,MYSE
151.909,8443,6/3/2015,5/25/2015,16:52:12,7,30.8,AH0,255,33.7747296,Day,F,L,A,MYSE
151.909,8443,6/3/2015,5/29/2015,16:52:12,7,30.5,AH0,201,33.2974125,Day,F,L,A,MYSE
151.909,8443,6/3/2015,5/30/2015,16:52:12,7,34.2,AH0,247,37.7269304,Day,F,L,A,MYSE
151.909,8443,6/3/2015,5/24/2015,16:52:13,7,31.3,AH0,255,34.5200901,Day,F,L,A,MYSE
151.909,8443,6/3/2015,5/25/2015,16:52:14,7,30.8,AH0,255,33.7747296,Day,F,L,A,MYSE
151.909,8443,6/3/2015,5/29/2015,16:52:14,7,30.5,AH0,253,33.2974125,Day,F,L,A,MYSE
151.909,8443,6/3/2015,5/30/2015,16:52:14,7,34.2,AH0,249,37.7269304,Day,F,L,A,MYSE
151.909,8443,6/3/2015,5/24/2015,16:52:15,7,31.3,AH0,255,34.5200901,Day,F,L,A,MYSE
151.909,8443,6/3/2015,5/29/2015,16:52:16,7,30.5,AH0,254,33.2974125,Day,F,L,A,MYSE
151.909,8443,6/3/2015,5/30/2015,16:52:16,7,34.2,AH0,249,37.7269304,Day,F,L,A,MYSE
151.909,8443,6/3/2015,5/24/2015,16:52:17,7,31.3,AH0,255,34.5200901,Day,F,L,A,MYSE
151.909,8443,6/3/2015,5/24/2015,16:52:19,7,31.3,AH0,255,34.5200901,Day,F,L,A,MYSE
151.909,8443,6/3/2015,5/26/2015,16:52:19,7,31.5,AH0,253,34.8011375,Day,F,L,A,MYSE
151.909,8443,6/3/2015,5/24/2015,16:52:21,7,31.2,AH0,255,34.3759424,Day,F,L,A,MYSE
151.909,8443,6/3/2015,5/26/2015,16:52:21,7,31.6,AH0,253,34.9380768,Day,F,L,A,MYSE
151.909,8443,6/3/2015,5/26/2015,16:52:23,7,31.6,AH0,253,34.9380768,Day,F,L,A,MYSE
151.909,8443,6/3/2015,5/26/2015,16:52:25,7,31.6,AH0,252,34.9380768,Day,F,L,A,MYSE
151.909,8443,6/3/2015,5/25/2015,16:52:28,7,30.8,AH0,254,33.7747296,Day,F,L,A,MYSE
151.909,8443,6/3/2015,5/30/2015,16:52:28,7,34.3,AH0,250,37.8070131,Day,F,L,A,MYSE
151.909,8443,6/3/2015,5/25/2015,16:52:30,7,30.8,AH0,255,33.7747296,Day,F,L,A,MYSE
151.909,8443,6/3/2015,5/29/2015,16:52:30,7,30.9,AH0,254,33.9287657,Day,F,L,A,MYSE
151.909,8443,6/3/2015,5/30/2015,16:52:30,7,34.2,AH0,249,37.7269304,Day,F,L,A,MYSE
151.909,8443,6/3/2015,5/30/2015,16:52:31,7,34.3,AH0,252,37.8070131,Day,F,L,A,MYSE
151.909,8443,6/3/2015,5/25/2015,16:52:32,7,30.8,AH0,255,33.7747296,Day,F,L,A,MYSE
151.909,8443,6/3/2015,5/29/2015,16:52:32,7,30.9,AH0,254,33.9287657,Day,F,L,A,MYSE
151.909,8443,6/3/2015,5/29/2015,16:52:33,7,31,AH0,253,34.0803,Day,F,L,A,MYSE
151.909,8443,6/3/2015,5/30/2015,16:52:33,7,34.3,AH0,251,37.8070131,Day,F,L,A,MYSE
151.909,8443,6/3/2015,5/24/2015,16:52:34,7,31,AH0,255,34.0803,Day,F,L,A,MYSE
151.909,8443,6/3/2015,5/25/2015,16:52:34,7,30.8,AH0,255,33.7747296,Day,F,L,A,MYSE
151.909,8443,6/3/2015,5/29/2015,16:52:35,7,31.1,AH0,252,34.2293523,Day,F,L,A,MYSE
151.909,8443,6/3/2015,5/30/2015,16:52:35,7,34.3,AH0,250,37.8070131,Day,F,L,A,MYSE
151.909,8443,6/3/2015,5/24/2015,16:52:36,7,31,AH0,255,34.0803,Day,F,L,A,MYSE
151.909,8443,6/3/2015,5/24/2015,16:52:38,7,31,AH0,255,34.0803,Day,F,L,A,MYSE
151.909,8443,6/3/2015,5/26/2015,16:52:38,7,31.6,AH0,254,34.9380768,Day,F,L,A,MYSE
151.909,8443,6/3/2015,5/24/2015,16:52:40,7,30.9,AH0,255,33.9287657,Day,F,L,A,MYSE
151.909,8443,6/3/2015,5/26/2015,16:52:40,7,31.6,AH0,253,34.9380768,Day,F,L,A,MYSE
151.909,8443,6/3/2015,5/26/2015,16:52:42,7,31.6,AH0,254,34.9380768,Day,F,L,A,MYSE
151.909,8443,6/3/2015,5/26/2015,16:52:44,7,31.6,AH0,252,34.9380768,Day,F,L,A,MYSE
151.909,8443,6/3/2015,5/26/2015,16:52:46,7,31.6,AH0,252,34.9380768,Day,F,L,A,MYSE
151.909,8443,6/3/2015,5/25/2015,16:52:48,7,30.7,AH0,254,33.6181719,Day,F,L,A,MYSE
151.909,8443,6/3/2015,5/25/2015,16:52:49,7,30.7,AH0,253,33.6181719,Day,F,L,A,MYSE
151.909,8443,6/3/2015,5/29/2015,16:52:49,7,31,AH0,214,34.0803,Day,F,L,A,MYSE
151.909,8443,6/3/2015,5/30/2015,16:52:49,7,34.2,AH0,250,37.7269304,Day,F,L,A,MYSE
151.909,8443,6/3/2015,5/25/2015,16:52:51,7,30.7,AH0,253,33.6181719,Day,F,L,A,MYSE
151.909,8443,6/3/2015,5/29/2015,16:52:51,7,31,AH0,216,34.0803,Day,F,L,A,MYSE
151.909,8443,6/3/2015,5/30/2015,16:52:51,7,34.2,AH0,248,37.7269304,Day,F,L,A,MYSE
151.909,8443,6/3/2015,5/30/2015,16:52:52,7,34.2,AH0,249,37.7269304,Day,F,L,A,MYSE
151.909,8443,6/3/2015,5/25/2015,16:52:53,7,30.7,AH0,254,33.6181719,Day,F,L,A,MYSE
151.909,8443,6/3/2015,5/29/2015,16:52:53,7,30.9,AH0,209,33.9287657,Day,F,L,A,MYSE
151.909,8443,6/3/2015,5/24/2015,16:52:54,7,30.8,AH0,255,33.7747296,Day,F,L,A,MYSE
151.909,8443,6/3/2015,5/30/2015,16:52:54,7,34.2,AH0,250,37.7269304,Day,F,L,A,MYSE
151.909,8443,6/3/2015,5/29/2015,16:52:55,7,30.9,AH0,203,33.9287657,Day,F,L,A,MYSE
151.909,8443,6/3/2015,5/24/2015,16:52:56,7,30.7,AH0,255,33.6181719,Day,F,L,A,MYSE
151.909,8443,6/3/2015,5/24/2015,16:52:57,7,30.7,AH0,255,33.6181719,Day,F,L,A,MYSE
151.909,8443,6/3/2015,5/24/2015,16:52:59,7,30.7,AH0,255,33.6181719,Day,F,L,A,MYSE
151.909,8443,6/3/2015,5/26/2015,16:52:59,7,31.7,AH0,253,35.0726529,Day,F,L,A,MYSE
151.909,8443,6/3/2015,5/26/2015,16:53:01,7,31.7,AH0,253,35.0726529,Day,F,L,A,MYSE
151.909,8443,6/3/2015,5/26/2015,16:53:03,7,31.7,AH0,252,35.0726529,Day,F,L,A,MYSE
151.909,8443,6/3/2015,5/26/2015,16:53:05,7,31.7,AH0,251,35.0726529,Day,F,L,A,MYSE
151.909,8443,6/3/2015,5/25/2015,16:53:07,7,30.7,AH0,252,33.6181719,Day,F,L,A,MYSE
151.909,8443,6/3/2015,5/30/2015,16:53:08,7,34.2,AH0,250,37.7269304,Day,F,L,A,MYSE
151.909,8443,6/3/2015,5/25/2015,16:53:09,7,30.7,AH0,252,33.6181719,Day,F,L,A,MYSE
151.909,8443,6/3/2015,5/29/2015,16:53:10,7,30.5,AH0,122,33.2974125,Day,F,L,A,MYSE
151.909,8443,6/3/2015,5/30/2015,16:53:10,7,34.2,AH0,248,37.7269304,Day,F,L,A,MYSE
151.909,8443,6/3/2015,5/25/2015,16:53:11,7,30.7,AH0,251,33.6181719,Day,F,L,A,MYSE
151.909,8443,6/3/2015,5/29/2015,16:53:12,7,30.5,AH0,142,33.2974125,Day,F,L,A,MYSE
151.909,8443,6/3/2015,5/30/2015,16:53:12,7,34.2,AH0,248,37.7269304,Day,F,L,A,MYSE
151.909,8443,6/3/2015,5/24/2015,16:53:13,7,30.6,AH0,255,33.4590728,Day,F,L,A,MYSE
151.909,8443,6/3/2015,5/25/2015,16:53:13,7,30.7,AH0,254,33.6181719,Day,F,L,A,MYSE
151.909,8443,6/3/2015,5/30/2015,16:53:13,7,34.2,AH0,251,37.7269304,Day,F,L,A,MYSE
151.909,8443,6/3/2015,5/29/2015,16:53:14,7,30.5,AH0,83,33.2974125,Day,F,L,A,MYSE
151.909,8443,6/3/2015,5/24/2015,16:53:15,7,30.6,AH0,255,33.4590728,Day,F,L,A,MYSE
151.909,8443,6/3/2015,5/30/2015,16:53:15,7,34.2,AH0,251,37.7269304,Day,F,L,A,MYSE
151.909,8443,6/3/2015,5/24/2015,16:53:17,7,30.5,AH0,255,33.2974125,Day,F,L,A,MYSE
151.909,8443,6/3/2015,5/26/2015,16:53:18,7,31.6,AH0,254,34.9380768,Day,F,L,A,MYSE
151.909,8443,6/3/2015,5/24/2015,16:53:19,7,30.5,AH0,255,33.2974125,Day,F,L,A,MYSE
151.909,8443,6/3/2015,5/26/2015,16:53:20,7,31.7,AH0,254,35.0726529,Day,F,L,A,MYSE
151.909,8443,6/3/2015,5/26/2015,16:53:22,7,31.7,AH0,254,35.0726529,Day,F,L,A,MYSE
151.909,8443,6/3/2015,5/26/2015,16:53:24,7,31.7,AH0,254,35.0726529,Day,F,L,A,MYSE
151.909,8443,6/3/2015,5/26/2015,16:53:26,7,31.6,AH0,253,34.9380768,Day,F,L,A,MYSE
151.909,8443,6/3/2015,5/30/2015,16:53:27,7,34.2,AH0,248,37.7269304,Day,F,L,A,MYSE
151.909,8443,6/3/2015,5/25/2015,16:53:29,7,30.8,AH0,255,33.7747296,Day,F,L,A,MYSE
151.909,8443,6/3/2015,5/30/2015,16:53:29,7,34.1,AH0,249,37.6449993,Day,F,L,A,MYSE
151.909,8443,6/3/2015,5/25/2015,16:53:30,7,30.8,AH0,251,33.7747296,Day,F,L,A,MYSE
151.909,8443,6/3/2015,5/29/2015,16:53:30,7,30.7,AH0,242,33.6181719,Day,F,L,A,MYSE
151.909,8443,6/3/2015,5/30/2015,16:53:31,7,34.1,AH0,246,37.6449993,Day,F,L,A,MYSE
151.909,8443,6/3/2015,5/25/2015,16:53:32,7,30.8,AH0,252,33.7747296,Day,F,L,A,MYSE
151.909,8443,6/3/2015,5/29/2015,16:53:32,7,30.8,AH0,240,33.7747296,Day,F,L,A,MYSE
151.909,8443,6/3/2015,5/30/2015,16:53:33,7,34.2,AH0,249,37.7269304,Day,F,L,A,MYSE
151.909,8443,6/3/2015,5/25/2015,16:53:34,7,30.8,AH0,248,33.7747296,Day,F,L,A,MYSE
151.909,8443,6/3/2015,5/29/2015,16:53:34,7,30.8,AH0,238,33.7747296,Day,F,L,A,MYSE
151.909,8443,6/3/2015,5/24/2015,16:53:35,7,30.4,AH0,255,33.1331712,Day,F,L,A,MYSE
151.909,8443,6/3/2015,5/30/2015,16:53:35,7,34.1,AH0,251,37.6449993,Day,F,L,A,MYSE
151.909,8443,6/3/2015,5/29/2015,16:53:36,7,30.8,AH0,239,33.7747296,Day,F,L,A,MYSE
151.909,8443,6/3/2015,5/24/2015,16:53:37,7,30.4,AH0,255,33.1331712,Day,F,L,A,MYSE
151.909,8443,6/3/2015,5/24/2015,16:53:39,7,30.3,AH0,255,32.9663291,Day,F,L,A,MYSE
151.909,8443,6/3/2015,5/26/2015,16:53:39,7,31.7,AH0,254,35.0726529,Day,F,L,A,MYSE
151.909,8443,6/3/2015,5/24/2015,16:53:41,7,30.3,AH0,255,32.9663291,Day,F,L,A,MYSE
151.909,8443,6/3/2015,5/26/2015,16:53:41,7,31.6,AH0,252,34.9380768,Day,F,L,A,MYSE
151.909,8443,6/3/2015,5/26/2015,16:53:43,7,31.7,AH0,252,35.0726529,Day,F,L,A,MYSE
151.909,8443,6/3/2015,5/26/2015,16:53:44,7,31.7,AH0,252,35.0726529,Day,F,L,A,MYSE
151.909,8443,6/3/2015,5/25/2015,16:53:48,7,30.6,AH0,255,33.4590728,Day,F,L,A,MYSE
151.909,8443,6/3/2015,5/29/2015,16:53:48,7,30.6,AH0,78,33.4590728,Day,F,L,A,MYSE
151.909,8443,6/3/2015,5/30/2015,16:53:49,7,34.2,AH0,249,37.7269304,Day,F,L,A,MYSE
151.909,8443,6/3/2015,5/25/2015,16:53:50,7,30.6,AH0,255,33.4590728,Day,F,L,A,MYSE
151.909,8443,6/3/2015,5/29/2015,16:53:50,7,30.6,AH0,60,33.4590728,Day,F,L,A,MYSE
151.909,8443,6/3/2015,5/30/2015,16:53:50,7,34.2,AH0,250,37.7269304,Day,F,L,A,MYSE
151.909,8443,6/3/2015,5/25/2015,16:53:52,7,30.6,AH0,255,33.4590728,Day,F,L,A,MYSE
151.909,8443,6/3/2015,5/30/2015,16:53:52,7,34.2,AH0,249,37.7269304,Day,F,L,A,MYSE
151.909,8443,6/3/2015,5/25/2015,16:53:54,7,30.6,AH0,255,33.4590728,Day,F,L,A,MYSE
151.909,8443,6/3/2015,5/29/2015,16:53:54,7,15.3,AH0,86,-32.8752859,Day,F,L,A,MYSE
151.909,8443,6/3/2015,5/30/2015,16:53:54,7,34.2,AH0,251,37.7269304,Day,F,L,A,MYSE
151.909,8443,6/3/2015,5/24/2015,16:53:55,7,30.2,AH0,255,32.7968664,Day,F,L,A,MYSE
151.909,8443,6/3/2015,5/30/2015,16:53:56,7,34.2,AH0,251,37.7269304,Day,F,L,A,MYSE
151.909,8443,6/3/2015,5/24/2015,16:53:57,7,30.2,AH0,255,32.7968664,Day,F,L,A,MYSE
151.909,8443,6/3/2015,5/24/2015,16:53:59,7,30.2,AH0,255,32.7968664,Day,F,L,A,MYSE
151.909,8443,6/3/2015,5/26/2015,16:54:00,7,31.7,AH0,254,35.0726529,Day,F,L,A,MYSE
151.909,8443,6/3/2015,5/24/2015,16:54:01,7,30.2,AH0,255,32.7968664,Day,F,L,A,MYSE
151.909,8443,6/3/2015,5/26/2015,16:54:02,7,31.7,AH0,253,35.0726529,Day,F,L,A,MYSE
151.909,8443,6/3/2015,5/26/2015,16:54:03,7,31.7,AH0,253,35.0726529,Day,F,L,A,MYSE
151.909,8443,6/3/2015,5/26/2015,16:54:05,7,31.7,AH0,252,35.0726529,Day,F,L,A,MYSE
151.909,8443,6/3/2015,5/25/2015,16:54:08,7,30.5,AH0,255,33.2974125,Day,F,L,A,MYSE
151.909,8443,6/3/2015,5/29/2015,16:54:08,7,30.3,AH0,43,32.9663291,Day,F,L,A,MYSE
151.909,8443,6/3/2015,5/30/2015,16:54:08,7,34.2,AH0,251,37.7269304,Day,F,L,A,MYSE
151.909,8443,6/3/2015,5/25/2015,16:54:10,7,30.5,AH0,252,33.2974125,Day,F,L,A,MYSE
151.909,8443,6/3/2015,5/29/2015,16:54:10,7,30.4,AH0,101,33.1331712,Day,F,L,A,MYSE
151.909,8443,6/3/2015,5/30/2015,16:54:10,7,34.2,AH0,250,37.7269304,Day,F,L,A,MYSE
151.909,8443,6/3/2015,5/30/2015,16:54:11,7,34.2,AH0,252,37.7269304,Day,F,L,A,MYSE
151.909,8443,6/3/2015,5/25/2015,16:54:12,7,30.5,AH0,253,33.2974125,Day,F,L,A,MYSE
151.909,8443,6/3/2015,5/29/2015,16:54:12,7,30.3,AH0,38,32.9663291,Day,F,L,A,MYSE
151.909,8443,6/3/2015,5/30/2015,16:54:13,7,34.2,AH0,249,37.7269304,Day,F,L,A,MYSE
151.909,8443,6/3/2015,5/25/2015,16:54:14,7,30.5,AH0,254,33.2974125,Day,F,L,A,MYSE
151.909,8443,6/3/2015,5/29/2015,16:54:14,7,30.6,AH0,73,33.4590728,Day,F,L,A,MYSE
151.909,8443,6/3/2015,5/24/2015,16:54:15,7,30.1,AH0,255,32.6247633,Day,F,L,A,MYSE
151.909,8443,6/3/2015,5/30/2015,16:54:15,7,34.2,AH0,250,37.7269304,Day,F,L,A,MYSE
151.909,8443,6/3/2015,5/29/2015,16:54:16,7,30.3,AH0,52,32.9663291,Day,F,L,A,MYSE
151.909,8443,6/3/2015,5/24/2015,16:54:17,7,30.1,AH0,255,32.6247633,Day,F,L,A,MYSE
151.909,8443,6/3/2015,5/24/2015,16:54:19,7,30.1,AH0,255,32.6247633,Day,F,L,A,MYSE
151.909,8443,6/3/2015,5/26/2015,16:54:19,7,31.7,AH0,254,35.0726529,Day,F,L,A,MYSE
151.909,8443,6/3/2015,5/26/2015,16:54:20,7,31.7,AH0,253,35.0726529,Day,F,L,A,MYSE
151.909,8443,6/3/2015,5/24/2015,16:54:21,7,30.1,AH0,255,32.6247633,Day,F,L,A,MYSE
151.909,8443,6/3/2015,5/26/2015,16:54:22,7,31.7,AH0,253,35.0726529,Day,F,L,A,MYSE
151.909,8443,6/3/2015,5/26/2015,16:54:24,7,31.7,AH0,252,35.0726529,Day,F,L,A,MYSE
151.909,8443,6/3/2015,5/25/2015,16:54:27,7,30.5,AH0,253,33.2974125,Day,F,L,A,MYSE
151.909,8443,6/3/2015,5/29/2015,16:54:28,7,42.2,AH0,230,39.9819384,Day,F,L,A,MYSE
151.909,8443,6/3/2015,5/25/2015,16:54:29,7,30.5,AH0,253,33.2974125,Day,F,L,A,MYSE
151.909,8443,6/3/2015,5/29/2015,16:54:29,7,60,AH0,211,53.78,Day,F,L,A,MYSE
151.909,8443,6/3/2015,5/30/2015,16:54:29,7,34.3,AH0,250,37.8070131,Day,F,L,A,MYSE
151.909,8443,6/3/2015,5/25/2015,16:54:31,7,30.5,AH0,249,33.2974125,Day,F,L,A,MYSE
151.909,8443,6/3/2015,5/30/2015,16:54:31,7,34.3,AH0,250,37.8070131,Day,F,L,A,MYSE
151.909,8443,6/3/2015,5/30/2015,16:54:32,7,34.3,AH0,250,37.8070131,Day,F,L,A,MYSE
151.909,8443,6/3/2015,5/25/2015,16:54:33,7,30.5,AH0,250,33.2974125,Day,F,L,A,MYSE
151.909,8443,6/3/2015,5/29/2015,16:54:33,7,16.1,AH0,229,-26.7805827,Day,F,L,A,MYSE
151.909,8443,6/3/2015,5/24/2015,16:54:34,7,30.1,AH0,255,32.6247633,Day,F,L,A,MYSE
151.909,8443,6/3/2015,5/29/2015,16:54:34,7,82.1,AH0,225,227.1556713,Day,F,L,A,MYSE
151.909,8443,6/3/2015,5/29/2015,16:54:34,7,71.2,AH0,205,108.3301824,Day,F,L,A,MYSE
151.909,8443,6/3/2015,5/30/2015,16:54:34,7,34.3,AH0,248,37.8070131,Day,F,L,A,MYSE
151.909,8443,6/3/2015,5/29/2015,16:54:35,7,117.4,AH0,236,1365.938719,Day,F,L,A,MYSE
151.909,8443,6/3/2015,5/24/2015,16:54:36,7,30.1,AH0,255,32.6247633,Day,F,L,A,MYSE
151.909,8443,6/3/2015,5/24/2015,16:54:38,7,30,AH0,255,32.45,Day,F,L,A,MYSE
151.909,8443,6/3/2015,5/26/2015,16:54:39,7,31.7,AH0,251,35.0726529,Day,F,L,A,MYSE
151.909,8443,6/3/2015,5/24/2015,16:54:40,7,30,AH0,255,32.45,Day,F,L,A,MYSE
151.909,8443,6/3/2015,5/26/2015,16:54:41,7,31.8,AH0,253,35.2048856,Day,F,L,A,MYSE
151.909,8443,6/3/2015,5/26/2015,16:54:43,7,31.8,AH0,251,35.2048856,Day,F,L,A,MYSE
151.909,8443,6/3/2015,5/26/2015,16:54:45,7,31.8,AH0,252,35.2048856,Day,F,L,A,MYSE
151.909,8443,6/3/2015,5/25/2015,16:54:47,7,30.5,AH0,255,33.2974125,Day,F,L,A,MYSE
151.909,8443,6/3/2015,5/30/2015,16:54:48,7,34.3,AH0,250,37.8070131,Day,F,L,A,MYSE
151.909,8443,6/3/2015,5/25/2015,16:54:49,7,30.4,AH0,253,33.1331712,Day,F,L,A,MYSE
151.909,8443,6/3/2015,5/30/2015,16:54:50,7,34.3,AH0,250,37.8070131,Day,F,L,A,MYSE
151.909,8443,6/3/2015,5/25/2015,16:54:51,7,30.4,AH0,254,33.1331712,Day,F,L,A,MYSE
151.909,8443,6/3/2015,5/30/2015,16:54:52,7,34.3,AH0,249,37.8070131,Day,F,L,A,MYSE
151.909,8443,6/3/2015,5/25/2015,16:54:53,7,30.4,AH0,254,33.1331712,Day,F,L,A,MYSE
151.909,8443,6/3/2015,5/29/2015,16:54:53,7,17.5,AH0,242,-16.9453125,Day,F,L,A,MYSE
151.909,8443,6/3/2015,5/30/2015,16:54:53,7,34.3,AH0,249,37.8070131,Day,F,L,A,MYSE
151.909,8443,6/3/2015,5/24/2015,16:54:54,7,30,AH0,255,32.45,Day,F,L,A,MYSE
151.909,8443,6/3/2015,5/29/2015,16:54:55,7,20.6,AH0,243,1.3154328,Day,F,L,A,MYSE
151.909,8443,6/3/2015,5/30/2015,16:54:55,7,34.3,AH0,250,37.8070131,Day,F,L,A,MYSE
151.909,8443,6/3/2015,5/24/2015,16:54:56,7,30,AH0,255,32.45,Day,F,L,A,MYSE
151.909,8443,6/3/2015,5/24/2015,16:54:58,7,30,AH0,255,32.45,Day,F,L,A,MYSE
151.909,8443,6/3/2015,5/26/2015,16:54:58,7,31.8,AH0,253,35.2048856,Day,F,L,A,MYSE
151.909,8443,6/3/2015,5/24/2015,16:55:00,7,30,AH0,255,32.45,Day,F,L,A,MYSE
151.909,8443,6/3/2015,5/26/2015,16:55:00,7,31.8,AH0,252,35.2048856,Day,F,L,A,MYSE
151.909,8443,6/3/2015,5/26/2015,16:55:02,7,31.8,AH0,252,35.2048856,Day,F,L,A,MYSE
151.909,8443,6/3/2015,5/26/2015,16:55:04,7,31.8,AH0,253,35.2048856,Day,F,L,A,MYSE
151.909,8443,6/3/2015,5/26/2015,16:55:06,7,31.8,AH0,253,35.2048856,Day,F,L,A,MYSE
151.909,8443,6/3/2015,5/30/2015,16:55:07,7,34.3,AH0,251,37.8070131,Day,F,L,A,MYSE
151.909,8443,6/3/2015,5/25/2015,16:55:09,7,30.3,AH0,255,32.9663291,Day,F,L,A,MYSE
151.909,8443,6/3/2015,5/30/2015,16:55:09,7,34.3,AH0,250,37.8070131,Day,F,L,A,MYSE
151.909,8443,6/3/2015,5/29/2015,16:55:10,7,20.5,AH0,243,0.7976625,Day,F,L,A,MYSE
151.909,8443,6/3/2015,5/25/2015,16:55:11,7,30.3,AH0,252,32.9663291,Day,F,L,A,MYSE
151.909,8443,6/3/2015,5/30/2015,16:55:11,7,34.3,AH0,250,37.8070131,Day,F,L,A,MYSE
151.909,8443,6/3/2015,5/25/2015,16:55:13,7,30.3,AH0,253,32.9663291,Day,F,L,A,MYSE
151.909,8443,6/3/2015,5/29/2015,16:55:13,7,20.5,AH0,243,0.7976625,Day,F,L,A,MYSE
151.909,8443,6/3/2015,5/30/2015,16:55:13,7,34.3,AH0,251,37.8070131,Day,F,L,A,MYSE
151.909,8443,6/3/2015,5/24/2015,16:55:14,7,30,AH0,255,32.45,Day,F,L,A,MYSE
151.909,8443,6/3/2015,5/30/2015,16:55:14,7,34.3,AH0,251,37.8070131,Day,F,L,A,MYSE
151.909,8443,6/3/2015,5/25/2015,16:55:15,7,30.2,AH0,253,32.7968664,Day,F,L,A,MYSE
151.909,8443,6/3/2015,5/24/2015,16:55:16,7,30,AH0,255,32.45,Day,F,L,A,MYSE
151.909,8443,6/3/2015,5/29/2015,16:55:16,7,20.5,AH0,248,0.7976625,Day,F,L,A,MYSE
151.909,8443,6/3/2015,5/24/2015,16:55:18,7,30,AH0,255,32.45,Day,F,L,A,MYSE
151.909,8443,6/3/2015,5/26/2015,16:55:19,7,31.8,AH0,253,35.2048856,Day,F,L,A,MYSE
151.909,8443,6/3/2015,5/24/2015,16:55:20,7,30,AH0,255,32.45,Day,F,L,A,MYSE
151.909,8443,6/3/2015,5/26/2015,16:55:21,7,31.8,AH0,251,35.2048856,Day,F,L,A,MYSE
151.909,8443,6/3/2015,5/26/2015,16:55:23,7,31.8,AH0,252,35.2048856,Day,F,L,A,MYSE
151.909,8443,6/3/2015,5/26/2015,16:55:25,7,31.8,AH0,253,35.2048856,Day,F,L,A,MYSE
151.909,8443,6/3/2015,5/30/2015,16:55:28,7,34.3,AH0,245,37.8070131,Day,F,L,A,MYSE
151.909,8443,6/3/2015,5/25/2015,16:55:29,7,30.2,AH0,247,32.7968664,Day,F,L,A,MYSE
151.909,8443,6/3/2015,5/30/2015,16:55:30,7,34.3,AH0,245,37.8070131,Day,F,L,A,MYSE
151.909,8443,6/3/2015,5/25/2015,16:55:31,7,30.2,AH0,248,32.7968664,Day,F,L,A,MYSE
151.909,8443,6/3/2015,5/29/2015,16:55:31,7,20.5,AH0,242,0.7976625,Day,F,L,A,MYSE
151.909,8443,6/3/2015,5/30/2015,16:55:32,7,34.3,AH0,245,37.8070131,Day,F,L,A,MYSE
151.909,8443,6/3/2015,5/25/2015,16:55:33,7,30.2,AH0,247,32.7968664,Day,F,L,A,MYSE
151.909,8443,6/3/2015,5/29/2015,16:55:33,7,20.5,AH0,243,0.7976625,Day,F,L,A,MYSE
151.909,8443,6/3/2015,5/24/2015,16:55:34,7,30,AH0,255,32.45,Day,F,L,A,MYSE
151.909,8443,6/3/2015,5/30/2015,16:55:34,7,34.3,AH0,247,37.8070131,Day,F,L,A,MYSE
151.909,8443,6/3/2015,5/25/2015,16:55:35,7,30.2,AH0,247,32.7968664,Day,F,L,A,MYSE
151.909,8443,6/3/2015,5/30/2015,16:55:35,7,34.3,AH0,244,37.8070131,Day,F,L,A,MYSE
151.909,8443,6/3/2015,5/24/2015,16:55:36,7,30,AH0,255,32.45,Day,F,L,A,MYSE
151.909,8443,6/3/2015,5/24/2015,16:55:38,7,30,AH0,255,32.45,Day,F,L,A,MYSE
151.909,8443,6/3/2015,5/26/2015,16:55:38,7,31.9,AH0,251,35.3347947,Day,F,L,A,MYSE
151.909,8443,6/3/2015,5/24/2015,16:55:40,7,29.9,AH0,255,32.2725567,Day,F,L,A,MYSE
151.909,8443,6/3/2015,5/26/2015,16:55:40,7,31.9,AH0,252,35.3347947,Day,F,L,A,MYSE
151.909,8443,6/3/2015,5/26/2015,16:55:42,7,31.9,AH0,252,35.3347947,Day,F,L,A,MYSE
151.909,8443,6/3/2015,5/28/2015,16:55:43,7,32.3,AH0,68,35.8315911,Day,F,L,A,MYSE
151.909,8443,6/3/2015,5/26/2015,16:55:44,7,31.9,AH0,251,35.3347947,Day,F,L,A,MYSE
151.909,8443,6/3/2015,5/28/2015,16:55:44,7,32.3,AH0,80,35.8315911,Day,F,L,A,MYSE
151.909,8443,6/3/2015,5/26/2015,16:55:45,7,31.9,AH0,252,35.3347947,Day,F,L,A,MYSE
151.909,8443,6/3/2015,5/28/2015,16:55:46,7,32.2,AH0,74,35.7107784,Day,F,L,A,MYSE
151.909,8443,6/3/2015,5/28/2015,16:55:48,7,32.1,AH0,47,35.5877213,Day,F,L,A,MYSE
151.909,8443,6/3/2015,5/30/2015,16:55:48,7,34.3,AH0,245,37.8070131,Day,F,L,A,MYSE
151.909,8443,6/3/2015,5/31/2015,16:55:48,7,76.7,AH0,46,158.5463979,Day,F,L,A,MYSE
151.909,8443,6/3/2015,5/25/2015,16:55:49,7,30.1,AH0,249,32.6247633,Day,F,L,A,MYSE
151.909,8443,6/3/2015,5/30/2015,16:55:49,7,34.3,AH0,247,37.8070131,Day,F,L,A,MYSE
151.909,8443,6/3/2015,5/25/2015,16:55:51,7,30.1,AH0,246,32.6247633,Day,F,L,A,MYSE
151.909,8443,6/3/2015,5/30/2015,16:55:51,7,34.3,AH0,247,37.8070131,Day,F,L,A,MYSE
151.909,8443,6/3/2015,5/25/2015,16:55:53,7,30.1,AH0,247,32.6247633,Day,F,L,A,MYSE
151.909,8443,6/3/2015,5/29/2015,16:55:53,7,17.5,AH0,254,-16.9453125,Day,F,L,A,MYSE
151.909,8443,6/3/2015,5/30/2015,16:55:53,7,34.3,AH0,248,37.8070131,Day,F,L,A,MYSE
151.909,8443,6/3/2015,5/24/2015,16:55:55,7,29.9,AH0,255,32.2725567,Day,F,L,A,MYSE
151.909,8443,6/3/2015,5/25/2015,16:55:55,7,30.1,AH0,247,32.6247633,Day,F,L,A,MYSE
151.909,8443,6/3/2015,5/30/2015,16:55:55,7,34.3,AH0,247,37.8070131,Day,F,L,A,MYSE
151.909,8443,6/3/2015,5/29/2015,16:55:56,7,17.5,AH0,254,-16.9453125,Day,F,L,A,MYSE
151.909,8443,6/3/2015,5/24/2015,16:55:57,7,30,AH0,255,32.45,Day,F,L,A,MYSE
151.909,8443,6/3/2015,5/24/2015,16:55:59,7,29.9,AH0,255,32.2725567,Day,F,L,A,MYSE
151.909,8443,6/3/2015,5/26/2015,16:55:59,7,31.9,AH0,252,35.3347947,Day,F,L,A,MYSE
151.909,8443,6/3/2015,5/26/2015,16:56:00,7,31.9,AH0,250,35.3347947,Day,F,L,A,MYSE
151.909,8443,6/3/2015,5/24/2015,16:56:01,7,30,AH0,255,32.45,Day,F,L,A,MYSE
151.909,8443,6/3/2015,5/26/2015,16:56:02,7,31.9,AH0,250,35.3347947,Day,F,L,A,MYSE
151.909,8443,6/3/2015,5/28/2015,16:56:03,7,31.9,AH0,49,35.3347947,Day,F,L,A,MYSE
151.909,8443,6/3/2015,5/26/2015,16:56:04,7,31.9,AH0,249,35.3347947,Day,F,L,A,MYSE
151.909,8443,6/3/2015,5/28/2015,16:56:05,7,32.1,AH0,54,35.5877213,Day,F,L,A,MYSE
151.909,8443,6/3/2015,5/28/2015,16:56:07,7,31.9,AH0,44,35.3347947,Day,F,L,A,MYSE
151.909,8443,6/3/2015,5/25/2015,16:56:09,7,30,AH0,246,32.45,Day,F,L,A,MYSE
151.909,8443,6/3/2015,5/30/2015,16:56:09,7,34.3,AH0,245,37.8070131,Day,F,L,A,MYSE
151.909,8443,6/3/2015,5/30/2015,16:56:10,7,34.3,AH0,245,37.8070131,Day,F,L,A,MYSE
151.909,8443,6/3/2015,5/25/2015,16:56:11,7,30,AH0,247,32.45,Day,F,L,A,MYSE
151.909,8443,6/3/2015,5/29/2015,16:56:11,7,20.6,AH0,253,1.3154328,Day,F,L,A,MYSE
151.909,8443,6/3/2015,5/30/2015,16:56:12,7,34.3,AH0,246,37.8070131,Day,F,L,A,MYSE
151.909,8443,6/3/2015,5/25/2015,16:56:13,7,30,AH0,247,32.45,Day,F,L,A,MYSE
151.909,8443,6/3/2015,5/29/2015,16:56:14,7,20.6,AH0,254,1.3154328,Day,F,L,A,MYSE
151.909,8443,6/3/2015,5/30/2015,16:56:14,7,34.3,AH0,246,37.8070131,Day,F,L,A,MYSE
151.909,8443,6/3/2015,5/24/2015,16:56:15,7,29.9,AH0,255,32.2725567,Day,F,L,A,MYSE
151.909,8443,6/3/2015,5/25/2015,16:56:15,7,30,AH0,249,32.45,Day,F,L,A,MYSE
151.909,8443,6/3/2015,5/24/2015,16:56:17,7,29.9,AH0,255,32.2725567,Day,F,L,A,MYSE
151.909,8443,6/3/2015,5/24/2015,16:56:19,7,29.9,AH0,255,32.2725567,Day,F,L,A,MYSE
151.909,8443,6/3/2015,5/26/2015,16:56:19,7,31.9,AH0,251,35.3347947,Day,F,L,A,MYSE
151.909,8443,6/3/2015,5/24/2015,16:56:21,7,29.9,AH0,255,32.2725567,Day,F,L,A,MYSE
151.909,8443,6/3/2015,5/26/2015,16:56:21,7,31.9,AH0,253,35.3347947,Day,F,L,A,MYSE
151.909,8443,6/3/2015,5/26/2015,16:56:23,7,31.9,AH0,253,35.3347947,Day,F,L,A,MYSE
151.909,8443,6/3/2015,5/26/2015,16:56:25,7,31.9,AH0,252,35.3347947,Day,F,L,A,MYSE
151.909,8443,6/3/2015,5/30/2015,16:56:28,7,34.3,AH0,244,37.8070131,Day,F,L,A,MYSE
151.909,8443,6/3/2015,5/25/2015,16:56:29,7,30,AH0,249,32.45,Day,F,L,A,MYSE
151.909,8443,6/3/2015,5/30/2015,16:56:30,7,34.3,AH0,246,37.8070131,Day,F,L,A,MYSE
151.909,8443,6/3/2015,5/25/2015,16:56:31,7,30,AH0,247,32.45,Day,F,L,A,MYSE
151.909,8443,6/3/2015,5/29/2015,16:56:31,7,20.7,AH0,254,1.8286619,Day,F,L,A,MYSE
151.909,8443,6/3/2015,5/30/2015,16:56:31,7,34.3,AH0,247,37.8070131,Day,F,L,A,MYSE
151.909,8443,6/3/2015,5/25/2015,16:56:33,7,30,AH0,247,32.45,Day,F,L,A,MYSE
151.909,8443,6/3/2015,5/30/2015,16:56:33,7,34.3,AH0,247,37.8070131,Day,F,L,A,MYSE
151.909,8443,6/3/2015,5/29/2015,16:56:34,7,20.7,AH0,255,1.8286619,Day,F,L,A,MYSE
151.909,8443,6/3/2015,5/24/2015,16:56:35,7,29.9,AH0,255,32.2725567,Day,F,L,A,MYSE
151.909,8443,6/3/2015,5/25/2015,16:56:35,7,30,AH0,249,32.45,Day,F,L,A,MYSE
151.909,8443,6/3/2015,5/30/2015,16:56:35,7,34.2,AH0,246,37.7269304,Day,F,L,A,MYSE
151.909,8443,6/3/2015,5/24/2015,16:56:37,7,29.9,AH0,255,32.2725567,Day,F,L,A,MYSE
151.909,8443,6/3/2015,5/26/2015,16:56:38,7,31.9,AH0,251,35.3347947,Day,F,L,A,MYSE
151.909,8443,6/3/2015,5/24/2015,16:56:39,7,29.9,AH0,255,32.2725567,Day,F,L,A,MYSE
151.909,8443,6/3/2015,5/26/2015,16:56:40,7,31.9,AH0,254,35.3347947,Day,F,L,A,MYSE
151.909,8443,6/3/2015,5/24/2015,16:56:41,7,29.9,AH0,255,32.2725567,Day,F,L,A,MYSE
151.909,8443,6/3/2015,5/26/2015,16:56:42,7,31.9,AH0,252,35.3347947,Day,F,L,A,MYSE
151.909,8443,6/3/2015,5/26/2015,16:56:44,7,31.9,AH0,253,35.3347947,Day,F,L,A,MYSE
151.909,8443,6/3/2015,5/26/2015,16:56:46,7,31.9,AH0,250,35.3347947,Day,F,L,A,MYSE
151.909,8443,6/3/2015,5/29/2015,16:56:48,7,30.8,AH0,253,33.7747296,Day,F,L,A,MYSE
151.909,8443,6/3/2015,5/25/2015,16:56:49,7,30,AH0,246,32.45,Day,F,L,A,MYSE
151.909,8443,6/3/2015,5/30/2015,16:56:49,7,34.3,AH0,247,37.8070131,Day,F,L,A,MYSE
151.909,8443,6/3/2015,5/29/2015,16:56:50,7,30.6,AH0,255,33.4590728,Day,F,L,A,MYSE
151.909,8443,6/3/2015,5/25/2015,16:56:51,7,30,AH0,247,32.45,Day,F,L,A,MYSE
151.909,8443,6/3/2015,5/30/2015,16:56:51,7,34.3,AH0,249,37.8070131,Day,F,L,A,MYSE
151.909,8443,6/3/2015,5/29/2015,16:56:52,7,30.6,AH0,255,33.4590728,Day,F,L,A,MYSE
151.909,8443,6/3/2015,5/30/2015,16:56:52,7,34.3,AH0,246,37.8070131,Day,F,L,A,MYSE
151.909,8443,6/3/2015,5/25/2015,16:56:53,7,30,AH0,248,32.45,Day,F,L,A,MYSE
151.909,8443,6/3/2015,5/29/2015,16:56:54,7,30.7,AH0,255,33.6181719,Day,F,L,A,MYSE
151.909,8443,6/3/2015,5/30/2015,16:56:54,7,34.3,AH0,246,37.8070131,Day,F,L,A,MYSE
151.909,8443,6/3/2015,5/24/2015,16:56:55,7,29.9,AH0,255,32.2725567,Day,F,L,A,MYSE
151.909,8443,6/3/2015,5/25/2015,16:56:55,7,30,AH0,248,32.45,Day,F,L,A,MYSE
151.909,8443,6/3/2015,5/29/2015,16:56:56,7,30.7,AH0,254,33.6181719,Day,F,L,A,MYSE
151.909,8443,6/3/2015,5/24/2015,16:56:57,7,30,AH0,255,32.45,Day,F,L,A,MYSE
151.909,8443,6/3/2015,5/24/2015,16:56:59,7,30,AH0,255,32.45,Day,F,L,A,MYSE
151.909,8443,6/3/2015,5/26/2015,16:56:59,7,31.8,AH0,252,35.2048856,Day,F,L,A,MYSE
151.909,8443,6/3/2015,5/24/2015,16:57:01,7,30,AH0,255,32.45,Day,F,L,A,MYSE
151.909,8443,6/3/2015,5/26/2015,16:57:01,7,31.8,AH0,250,35.2048856,Day,F,L,A,MYSE
151.909,8443,6/3/2015,5/26/2015,16:57:03,7,31.8,AH0,253,35.2048856,Day,F,L,A,MYSE
151.909,8443,6/3/2015,5/26/2015,16:57:04,7,31.8,AH0,252,35.2048856,Day,F,L,A,MYSE
151.909,8443,6/3/2015,5/30/2015,16:57:08,7,34.3,AH0,246,37.8070131,Day,F,L,A,MYSE
151.909,8443,6/3/2015,5/25/2015,16:57:09,7,30,AH0,249,32.45,Day,F,L,A,MYSE
151.909,8443,6/3/2015,5/29/2015,16:57:10,7,30.8,AH0,254,33.7747296,Day,F,L,A,MYSE
151.909,8443,6/3/2015,5/30/2015,16:57:10,7,34.3,AH0,247,37.8070131,Day,F,L,A,MYSE
151.909,8443,6/3/2015,5/25/2015,16:57:11,7,30,AH0,247,32.45,Day,F,L,A,MYSE
151.909,8443,6/3/2015,5/29/2015,16:57:12,7,30.8,AH0,254,33.7747296,Day,F,L,A,MYSE
151.909,8443,6/3/2015,5/30/2015,16:57:12,7,34.3,AH0,243,37.8070131,Day,F,L,A,MYSE
151.909,8443,6/3/2015,5/25/2015,16:57:13,7,30,AH0,249,32.45,Day,F,L,A,MYSE
151.909,8443,6/3/2015,5/29/2015,16:57:13,7,30.8,AH0,254,33.7747296,Day,F,L,A,MYSE
151.909,8443,6/3/2015,5/30/2015,16:57:13,7,34.3,AH0,245,37.8070131,Day,F,L,A,MYSE
151.909,8443,6/3/2015,5/24/2015,16:57:15,7,30.1,AH0,255,32.6247633,Day,F,L,A,MYSE
151.909,8443,6/3/2015,5/25/2015,16:57:15,7,30,AH0,247,32.45,Day,F,L,A,MYSE
151.909,8443,6/3/2015,5/29/2015,16:57:15,7,30.8,AH0,253,33.7747296,Day,F,L,A,MYSE
151.909,8443,6/3/2015,5/30/2015,16:57:15,7,34.3,AH0,247,37.8070131,Day,F,L,A,MYSE
151.909,8443,6/3/2015,5/24/2015,16:57:17,7,30.1,AH0,255,32.6247633,Day,F,L,A,MYSE
151.909,8443,6/3/2015,5/24/2015,16:57:19,7,30.1,AH0,255,32.6247633,Day,F,L,A,MYSE
151.909,8443,6/3/2015,5/26/2015,16:57:20,7,31.8,AH0,253,35.2048856,Day,F,L,A,MYSE
151.909,8443,6/3/2015,5/24/2015,16:57:21,7,30.1,AH0,255,32.6247633,Day,F,L,A,MYSE
151.909,8443,6/3/2015,5/26/2015,16:57:21,7,31.8,AH0,253,35.2048856,Day,F,L,A,MYSE
151.909,8443,6/3/2015,5/26/2015,16:57:23,7,31.8,AH0,253,35.2048856,Day,F,L,A,MYSE
151.909,8443,6/3/2015,5/26/2015,16:57:25,7,31.8,AH0,254,35.2048856,Day,F,L,A,MYSE
151.909,8443,6/3/2015,5/30/2015,16:57:27,7,34.3,AH0,245,37.8070131,Day,F,L,A,MYSE
151.909,8443,6/3/2015,5/25/2015,16:57:29,7,30,AH0,246,32.45,Day,F,L,A,MYSE
151.909,8443,6/3/2015,5/29/2015,16:57:29,7,30.9,AH0,255,33.9287657,Day,F,L,A,MYSE
151.909,8443,6/3/2015,5/30/2015,16:57:29,7,34.3,AH0,244,37.8070131,Day,F,L,A,MYSE
151.909,8443,6/3/2015,5/25/2015,16:57:31,7,30,AH0,248,32.45,Day,F,L,A,MYSE
151.909,8443,6/3/2015,5/29/2015,16:57:31,7,30.9,AH0,254,33.9287657,Day,F,L,A,MYSE
151.909,8443,6/3/2015,5/30/2015,16:57:31,7,34.3,AH0,245,37.8070131,Day,F,L,A,MYSE
151.909,8443,6/3/2015,5/25/2015,16:57:33,7,30,AH0,246,32.45,Day,F,L,A,MYSE
151.909,8443,6/3/2015,5/29/2015,16:57:33,7,30.9,AH0,254,33.9287657,Day,F,L,A,MYSE
151.909,8443,6/3/2015,5/30/2015,16:57:33,7,34.3,AH0,247,37.8070131,Day,F,L,A,MYSE
151.909,8443,6/3/2015,5/24/2015,16:57:35,7,30.3,AH0,255,32.9663291,Day,F,L,A,MYSE
151.909,8443,6/3/2015,5/25/2015,16:57:35,7,30,AH0,248,32.45,Day,F,L,A,MYSE
151.909,8443,6/3/2015,5/29/2015,16:57:35,7,30.9,AH0,254,33.9287657,Day,F,L,A,MYSE
151.909,8443,6/3/2015,5/30/2015,16:57:35,7,34.3,AH0,246,37.8070131,Day,F,L,A,MYSE
151.909,8443,6/3/2015,5/24/2015,16:57:37,7,30.3,AH0,255,32.9663291,Day,F,L,A,MYSE
151.909,8443,6/3/2015,5/26/2015,16:57:38,7,31.8,AH0,253,35.2048856,Day,F,L,A,MYSE
151.909,8443,6/3/2015,5/24/2015,16:57:39,7,30.3,AH0,255,32.9663291,Day,F,L,A,MYSE
151.909,8443,6/3/2015,5/26/2015,16:57:40,7,31.9,AH0,252,35.3347947,Day,F,L,A,MYSE
151.909,8443,6/3/2015,5/24/2015,16:57:41,7,30.3,AH0,255,32.9663291,Day,F,L,A,MYSE
151.909,8443,6/3/2015,5/26/2015,16:57:42,7,31.8,AH0,249,35.2048856,Day,F,L,A,MYSE
151.909,8443,6/3/2015,5/26/2015,16:57:44,7,31.9,AH0,253,35.3347947,Day,F,L,A,MYSE
151.909,8443,6/3/2015,5/29/2015,16:57:48,7,31.2,AH0,253,34.3759424,Day,F,L,A,MYSE
151.909,8443,6/3/2015,5/25/2015,16:57:49,7,30,AH0,249,32.45,Day,F,L,A,MYSE
151.909,8443,6/3/2015,5/30/2015,16:57:49,7,34.3,AH0,244,37.8070131,Day,F,L,A,MYSE
151.909,8443,6/3/2015,5/29/2015,16:57:50,7,31.3,AH0,254,34.5200901,Day,F,L,A,MYSE
151.909,8443,6/3/2015,5/30/2015,16:57:50,7,34.3,AH0,245,37.8070131,Day,F,L,A,MYSE
151.909,8443,6/3/2015,5/25/2015,16:57:51,7,30,AH0,248,32.45,Day,F,L,A,MYSE
151.909,8443,6/3/2015,5/29/2015,16:57:52,7,31.3,AH0,254,34.5200901,Day,F,L,A,MYSE
151.909,8443,6/3/2015,5/30/2015,16:57:52,7,34.3,AH0,244,37.8070131,Day,F,L,A,MYSE
151.909,8443,6/3/2015,5/25/2015,16:57:53,7,30,AH0,247,32.45,Day,F,L,A,MYSE
151.909,8443,6/3/2015,5/24/2015,16:57:54,7,30.4,AH0,255,33.1331712,Day,F,L,A,MYSE
151.909,8443,6/3/2015,5/29/2015,16:57:54,7,31.4,AH0,254,34.6618152,Day,F,L,A,MYSE
151.909,8443,6/3/2015,5/30/2015,16:57:54,7,34.3,AH0,243,37.8070131,Day,F,L,A,MYSE
151.909,8443,6/3/2015,5/25/2015,16:57:55,7,30,AH0,248,32.45,Day,F,L,A,MYSE
151.909,8443,6/3/2015,5/24/2015,16:57:56,7,30.5,AH0,255,33.2974125,Day,F,L,A,MYSE
151.909,8443,6/3/2015,5/29/2015,16:57:56,7,31.4,AH0,254,34.6618152,Day,F,L,A,MYSE
151.909,8443,6/3/2015,5/30/2015,16:57:56,7,34.3,AH0,245,37.8070131,Day,F,L,A,MYSE
151.909,8443,6/3/2015,5/24/2015,16:57:58,7,30.5,AH0,255,33.2974125,Day,F,L,A,MYSE
151.909,8443,6/3/2015,5/26/2015,16:57:59,7,31.9,AH0,252,35.3347947,Day,F,L,A,MYSE
151.909,8443,6/3/2015,5/24/2015,16:58:00,7,30.5,AH0,255,33.2974125,Day,F,L,A,MYSE
151.909,8443,6/3/2015,5/26/2015,16:58:01,7,31.9,AH0,252,35.3347947,Day,F,L,A,MYSE
151.909,8443,6/3/2015,5/26/2015,16:58:03,7,31.9,AH0,252,35.3347947,Day,F,L,A,MYSE
151.909,8443,6/3/2015,5/26/2015,16:58:05,7,31.9,AH0,252,35.3347947,Day,F,L,A,MYSE
151.909,8443,6/3/2015,5/29/2015,16:58:08,7,31.6,AH0,254,34.9380768,Day,F,L,A,MYSE
151.909,8443,6/3/2015,5/30/2015,16:58:08,7,34.3,AH0,243,37.8070131,Day,F,L,A,MYSE
151.909,8443,6/3/2015,5/25/2015,16:58:09,7,30,AH0,246,32.45,Day,F,L,A,MYSE
151.909,8443,6/3/2015,5/30/2015,16:58:09,7,34.3,AH0,246,37.8070131,Day,F,L,A,MYSE
151.909,8443,6/3/2015,5/29/2015,16:58:10,7,31.6,AH0,254,34.9380768,Day,F,L,A,MYSE
151.909,8443,6/3/2015,5/25/2015,16:58:11,7,30,AH0,248,32.45,Day,F,L,A,MYSE
151.909,8443,6/3/2015,5/30/2015,16:58:11,7,34.3,AH0,247,37.8070131,Day,F,L,A,MYSE
151.909,8443,6/3/2015,5/29/2015,16:58:12,7,31.6,AH0,252,34.9380768,Day,F,L,A,MYSE
151.909,8443,6/3/2015,5/25/2015,16:58:13,7,30,AH0,247,32.45,Day,F,L,A,MYSE
151.909,8443,6/3/2015,5/30/2015,16:58:13,7,34.3,AH0,243,37.8070131,Day,F,L,A,MYSE
151.909,8443,6/3/2015,5/24/2015,16:58:14,7,30.6,AH0,255,33.4590728,Day,F,L,A,MYSE
151.909,8443,6/3/2015,5/29/2015,16:58:14,7,31.6,AH0,254,34.9380768,Day,F,L,A,MYSE
151.909,8443,6/3/2015,5/25/2015,16:58:15,7,30,AH0,249,32.45,Day,F,L,A,MYSE
151.909,8443,6/3/2015,5/30/2015,16:58:15,7,34.3,AH0,244,37.8070131,Day,F,L,A,MYSE
151.909,8443,6/3/2015,5/24/2015,16:58:16,7,30.6,AH0,255,33.4590728,Day,F,L,A,MYSE
151.909,8443,6/3/2015,5/24/2015,16:58:18,7,30.6,AH0,255,33.4590728,Day,F,L,A,MYSE
151.909,8443,6/3/2015,5/26/2015,16:58:18,7,31.9,AH0,251,35.3347947,Day,F,L,A,MYSE
151.909,8443,6/3/2015,5/24/2015,16:58:20,7,30.7,AH0,255,33.6181719,Day,F,L,A,MYSE
151.909,8443,6/3/2015,5/26/2015,16:58:20,7,32,AH0,252,35.4624,Day,F,L,A,MYSE
151.909,8443,6/3/2015,5/26/2015,16:58:22,7,31.9,AH0,251,35.3347947,Day,F,L,A,MYSE
151.909,8443,6/3/2015,5/26/2015,16:58:24,7,31.9,AH0,253,35.3347947,Day,F,L,A,MYSE
151.909,8443,6/3/2015,5/26/2015,16:58:25,7,32,AH0,253,35.4624,Day,F,L,A,MYSE
151.909,8443,6/3/2015,5/29/2015,16:58:27,7,31.7,AH0,253,35.0726529,Day,F,L,A,MYSE
151.909,8443,6/3/2015,5/25/2015,16:58:29,7,30,AH0,247,32.45,Day,F,L,A,MYSE
151.909,8443,6/3/2015,5/29/2015,16:58:29,7,31.7,AH0,254,35.0726529,Day,F,L,A,MYSE
151.909,8443,6/3/2015,5/30/2015,16:58:29,7,34.3,AH0,246,37.8070131,Day,F,L,A,MYSE
151.909,8443,6/3/2015,5/30/2015,16:58:30,7,34.3,AH0,247,37.8070131,Day,F,L,A,MYSE
151.909,8443,6/3/2015,5/25/2015,16:58:31,7,30,AH0,246,32.45,Day,F,L,A,MYSE
151.909,8443,6/3/2015,5/29/2015,16:58:31,7,31.8,AH0,253,35.2048856,Day,F,L,A,MYSE
151.909,8443,6/3/2015,5/30/2015,16:58:32,7,34.3,AH0,246,37.8070131,Day,F,L,A,MYSE
151.909,8443,6/3/2015,5/25/2015,16:58:33,7,30,AH0,247,32.45,Day,F,L,A,MYSE
151.909,8443,6/3/2015,5/29/2015,16:58:33,7,31.8,AH0,253,35.2048856,Day,F,L,A,MYSE
151.909,8443,6/3/2015,5/24/2015,16:58:34,7,30.8,AH0,255,33.7747296,Day,F,L,A,MYSE
151.909,8443,6/3/2015,5/30/2015,16:58:34,7,34.3,AH0,244,37.8070131,Day,F,L,A,MYSE
151.909,8443,6/3/2015,5/25/2015,16:58:35,7,30,AH0,249,32.45,Day,F,L,A,MYSE
151.909,8443,6/3/2015,5/29/2015,16:58:35,7,31.8,AH0,253,35.2048856,Day,F,L,A,MYSE
151.909,8443,6/3/2015,5/24/2015,16:58:36,7,30.8,AH0,255,33.7747296,Day,F,L,A,MYSE
151.909,8443,6/3/2015,5/24/2015,16:58:37,7,30.8,AH0,255,33.7747296,Day,F,L,A,MYSE
151.909,8443,6/3/2015,5/24/2015,16:58:39,7,30.8,AH0,255,33.7747296,Day,F,L,A,MYSE
151.909,8443,6/3/2015,5/26/2015,16:58:39,7,32,AH0,251,35.4624,Day,F,L,A,MYSE
151.909,8443,6/3/2015,5/26/2015,16:58:40,7,32,AH0,252,35.4624,Day,F,L,A,MYSE
151.909,8443,6/3/2015,5/26/2015,16:58:42,7,32,AH0,253,35.4624,Day,F,L,A,MYSE
151.909,8443,6/3/2015,5/26/2015,16:58:44,7,32,AH0,250,35.4624,Day,F,L,A,MYSE
151.909,8443,6/3/2015,5/29/2015,16:58:48,7,31.8,AH0,253,35.2048856,Day,F,L,A,MYSE
151.909,8443,6/3/2015,5/30/2015,16:58:48,7,34.3,AH0,244,37.8070131,Day,F,L,A,MYSE
151.909,8443,6/3/2015,5/25/2015,16:58:49,7,30,AH0,248,32.45,Day,F,L,A,MYSE
151.909,8443,6/3/2015,5/29/2015,16:58:50,7,31.8,AH0,254,35.2048856,Day,F,L,A,MYSE
151.909,8443,6/3/2015,5/30/2015,16:58:50,7,34.3,AH0,244,37.8070131,Day,F,L,A,MYSE
151.909,8443,6/3/2015,5/25/2015,16:58:51,7,30,AH0,245,32.45,Day,F,L,A,MYSE
151.909,8443,6/3/2015,5/30/2015,16:58:51,7,34.3,AH0,243,37.8070131,Day,F,L,A,MYSE
151.909,8443,6/3/2015,5/29/2015,16:58:52,7,31.8,AH0,253,35.2048856,Day,F,L,A,MYSE
151.909,8443,6/3/2015,5/24/2015,16:58:53,7,30.9,AH0,255,33.9287657,Day,F,L,A,MYSE
151.909,8443,6/3/2015,5/25/2015,16:58:53,7,29.9,AH0,247,32.2725567,Day,F,L,A,MYSE
151.909,8443,6/3/2015,5/30/2015,16:58:53,7,34.3,AH0,246,37.8070131,Day,F,L,A,MYSE
151.909,8443,6/3/2015,5/29/2015,16:58:54,7,31.8,AH0,253,35.2048856,Day,F,L,A,MYSE
151.909,8443,6/3/2015,5/24/2015,16:58:55,7,30.9,AH0,255,33.9287657,Day,F,L,A,MYSE
151.909,8443,6/3/2015,5/25/2015,16:58:55,7,30,AH0,244,32.45,Day,F,L,A,MYSE
151.909,8443,6/3/2015,5/30/2015,16:58:55,7,34.3,AH0,245,37.8070131,Day,F,L,A,MYSE
151.909,8443,6/3/2015,5/24/2015,16:58:57,7,30.9,AH0,255,33.9287657,Day,F,L,A,MYSE
151.909,8443,6/3/2015,5/24/2015,16:58:59,7,31,AH0,255,34.0803,Day,F,L,A,MYSE
151.909,8443,6/3/2015,5/26/2015,16:58:59,7,32,AH0,249,35.4624,Day,F,L,A,MYSE
151.909,8443,6/3/2015,5/24/2015,16:59:01,7,30.9,AH0,255,33.9287657,Day,F,L,A,MYSE
151.909,8443,6/3/2015,5/26/2015,16:59:01,7,32,AH0,251,35.4624,Day,F,L,A,MYSE
151.909,8443,6/3/2015,5/26/2015,16:59:03,7,32,AH0,252,35.4624,Day,F,L,A,MYSE
151.909,8443,6/3/2015,5/26/2015,16:59:05,7,32,AH0,252,35.4624,Day,F,L,A,MYSE
151.909,8443,6/3/2015,5/25/2015,16:59:09,7,29.9,AH0,246,32.2725567,Day,F,L,A,MYSE
151.909,8443,6/3/2015,5/29/2015,16:59:09,7,31.9,AH0,253,35.3347947,Day,F,L,A,MYSE
151.909,8443,6/3/2015,5/30/2015,16:59:09,7,34.3,AH0,248,37.8070131,Day,F,L,A,MYSE
151.909,8443,6/3/2015,5/25/2015,16:59:11,7,29.9,AH0,245,32.2725567,Day,F,L,A,MYSE
151.909,8443,6/3/2015,5/29/2015,16:59:11,7,31.9,AH0,254,35.3347947,Day,F,L,A,MYSE
151.909,8443,6/3/2015,5/30/2015,16:59:11,7,34.4,AH0,246,37.8852672,Day,F,L,A,MYSE
151.909,8443,6/3/2015,5/30/2015,16:59:12,7,34.4,AH0,249,37.8852672,Day,F,L,A,MYSE
151.909,8443,6/3/2015,5/25/2015,16:59:13,7,29.9,AH0,245,32.2725567,Day,F,L,A,MYSE
151.909,8443,6/3/2015,5/29/2015,16:59:13,7,31.9,AH0,254,35.3347947,Day,F,L,A,MYSE
151.909,8443,6/3/2015,5/24/2015,16:59:14,7,31,AH0,255,34.0803,Day,F,L,A,MYSE
151.909,8443,6/3/2015,5/29/2015,16:59:14,7,31.9,AH0,253,35.3347947,Day,F,L,A,MYSE
151.909,8443,6/3/2015,5/30/2015,16:59:14,7,34.4,AH0,245,37.8852672,Day,F,L,A,MYSE
151.909,8443,6/3/2015,5/25/2015,16:59:15,7,29.9,AH0,247,32.2725567,Day,F,L,A,MYSE
151.909,8443,6/3/2015,5/24/2015,16:59:16,7,31,AH0,255,34.0803,Day,F,L,A,MYSE
151.909,8443,6/3/2015,5/24/2015,16:59:18,7,31,AH0,255,34.0803,Day,F,L,A,MYSE
151.909,8443,6/3/2015,5/26/2015,16:59:18,7,31.9,AH0,254,35.3347947,Day,F,L,A,MYSE
151.909,8443,6/3/2015,5/24/2015,16:59:20,7,31,AH0,255,34.0803,Day,F,L,A,MYSE
151.909,8443,6/3/2015,5/26/2015,16:59:20,7,32,AH0,253,35.4624,Day,F,L,A,MYSE
151.909,8443,6/3/2015,5/26/2015,16:59:22,7,31.9,AH0,252,35.3347947,Day,F,L,A,MYSE
151.909,8443,6/3/2015,5/26/2015,16:59:24,7,31.9,AH0,251,35.3347947,Day,F,L,A,MYSE
151.909,8443,6/3/2015,5/26/2015,16:59:25,7,31.9,AH0,253,35.3347947,Day,F,L,A,MYSE
151.909,8443,6/3/2015,5/25/2015,16:59:27,7,29.9,AH0,241,32.2725567,Day,F,L,A,MYSE
151.909,8443,6/3/2015,5/29/2015,16:59:28,7,31.9,AH0,252,35.3347947,Day,F,L,A,MYSE
151.909,8443,6/3/2015,5/30/2015,16:59:28,7,34.4,AH0,247,37.8852672,Day,F,L,A,MYSE
151.909,8443,6/3/2015,5/25/2015,16:59:29,7,29.9,AH0,246,32.2725567,Day,F,L,A,MYSE
151.909,8443,6/3/2015,5/29/2015,16:59:29,7,31.9,AH0,252,35.3347947,Day,F,L,A,MYSE
151.909,8443,6/3/2015,5/30/2015,16:59:30,7,34.4,AH0,247,37.8852672,Day,F,L,A,MYSE
151.909,8443,6/3/2015,5/25/2015,16:59:31,7,29.9,AH0,244,32.2725567,Day,F,L,A,MYSE
151.909,8443,6/3/2015,5/29/2015,16:59:31,7,31.9,AH0,253,35.3347947,Day,F,L,A,MYSE
151.909,8443,6/3/2015,5/30/2015,16:59:32,7,34.4,AH0,242,37.8852672,Day,F,L,A,MYSE
151.909,8443,6/3/2015,5/25/2015,16:59:33,7,29.9,AH0,244,32.2725567,Day,F,L,A,MYSE
151.909,8443,6/3/2015,5/29/2015,16:59:33,7,31.9,AH0,252,35.3347947,Day,F,L,A,MYSE
151.909,8443,6/3/2015,5/30/2015,16:59:33,7,34.4,AH0,246,37.8852672,Day,F,L,A,MYSE
151.909,8443,6/3/2015,5/24/2015,16:59:34,7,31.1,AH0,255,34.2293523,Day,F,L,A,MYSE
151.909,8443,6/3/2015,5/30/2015,16:59:35,7,34.4,AH0,245,37.8852672,Day,F,L,A,MYSE
151.909,8443,6/3/2015,5/24/2015,16:59:36,7,31.1,AH0,255,34.2293523,Day,F,L,A,MYSE
151.909,8443,6/3/2015,5/24/2015,16:59:38,7,31.1,AH0,255,34.2293523,Day,F,L,A,MYSE
151.909,8443,6/3/2015,5/24/2015,16:59:39,7,31.1,AH0,255,34.2293523,Day,F,L,A,MYSE
151.909,8443,6/3/2015,5/26/2015,16:59:39,7,31.9,AH0,255,35.3347947,Day,F,L,A,MYSE
151.909,8443,6/3/2015,5/26/2015,16:59:41,7,31.9,AH0,253,35.3347947,Day,F,L,A,MYSE
151.909,8443,6/3/2015,5/26/2015,16:59:42,7,31.9,AH0,255,35.3347947,Day,F,L,A,MYSE
151.909,8443,6/3/2015,5/26/2015,16:59:44,7,31.9,AH0,254,35.3347947,Day,F,L,A,MYSE
151.909,8443,6/3/2015,5/25/2015,16:59:47,7,29.9,AH0,242,32.2725567,Day,F,L,A,MYSE
151.909,8443,6/3/2015,5/30/2015,16:59:47,7,34.4,AH0,247,37.8852672,Day,F,L,A,MYSE
151.909,8443,6/3/2015,5/29/2015,16:59:48,7,31.9,AH0,251,35.3347947,Day,F,L,A,MYSE
151.909,8443,6/3/2015,5/25/2015,16:59:49,7,29.9,AH0,241,32.2725567,Day,F,L,A,MYSE
151.909,8443,6/3/2015,5/30/2015,16:59:49,7,34.4,AH0,245,37.8852672,Day,F,L,A,MYSE
151.909,8443,6/3/2015,5/29/2015,16:59:50,7,31.9,AH0,251,35.3347947,Day,F,L,A,MYSE
151.909,8443,6/3/2015,5/25/2015,16:59:51,7,29.9,AH0,243,32.2725567,Day,F,L,A,MYSE
151.909,8443,6/3/2015,5/30/2015,16:59:51,7,34.4,AH0,243,37.8852672,Day,F,L,A,MYSE
151.909,8443,6/3/2015,5/29/2015,16:59:52,7,31.9,AH0,252,35.3347947,Day,F,L,A,MYSE
151.909,8443,6/3/2015,5/24/2015,16:59:53,7,31.2,AH0,255,34.3759424,Day,F,L,A,MYSE
151.909,8443,6/3/2015,5/25/2015,16:59:53,7,29.9,AH0,244,32.2725567,Day,F,L,A,MYSE
151.909,8443,6/3/2015,5/30/2015,16:59:53,7,34.4,AH0,243,37.8852672,Day,F,L,A,MYSE
151.909,8443,6/3/2015,5/29/2015,16:59:54,7,31.9,AH0,250,35.3347947,Day,F,L,A,MYSE
151.909,8443,6/3/2015,5/30/2015,16:59:54,7,34.4,AH0,245,37.8852672,Day,F,L,A,MYSE
151.909,8443,6/3/2015,5/24/2015,16:59:55,7,31.2,AH0,255,34.3759424,Day,F,L,A,MYSE
151.909,8443,6/3/2015,5/24/2015,16:59:57,7,31.2,AH0,255,34.3759424,Day,F,L,A,MYSE
151.909,8443,6/3/2015,5/24/2015,16:59:59,7,31.2,AH0,255,34.3759424,Day,F,L,A,MYSE
151.909,8443,6/3/2015,5/26/2015,16:59:59,7,31.8,AH0,255,35.2048856,Day,F,L,A,MYSE
151.909,8443,6/3/2015,5/24/2015,17:00:01,7,31.2,AH0,255,34.3759424,Day,F,L,A,MYSE
151.909,8443,6/3/2015,5/26/2015,17:00:01,7,31.8,AH0,255,35.2048856,Day,F,L,A,MYSE
151.909,8443,6/3/2015,5/26/2015,17:00:03,7,31.8,AH0,254,35.2048856,Day,F,L,A,MYSE
151.909,8443,6/3/2015,5/26/2015,17:00:05,7,31.7,AH0,254,35.0726529,Day,F,L,A,MYSE
151.909,8443,6/3/2015,5/25/2015,17:00:07,7,29.9,AH0,244,32.2725567,Day,F,L,A,MYSE
151.909,8443,6/3/2015,5/29/2015,17:00:07,7,31.9,AH0,253,35.3347947,Day,F,L,A,MYSE
151.909,8443,6/3/2015,5/30/2015,17:00:08,7,34.4,AH0,242,37.8852672,Day,F,L,A,MYSE
151.909,8443,6/3/2015,5/25/2015,17:00:09,7,29.8,AH0,245,32.0924136,Day,F,L,A,MYSE
151.909,8443,6/3/2015,5/29/2015,17:00:09,7,31.9,AH0,252,35.3347947,Day,F,L,A,MYSE
151.909,8443,6/3/2015,5/30/2015,17:00:10,7,34.4,AH0,243,37.8852672,Day,F,L,A,MYSE
151.909,8443,6/3/2015,5/25/2015,17:00:11,7,29.8,AH0,243,32.0924136,Day,F,L,A,MYSE
151.909,8443,6/3/2015,5/29/2015,17:00:11,7,31.9,AH0,252,35.3347947,Day,F,L,A,MYSE
151.909,8443,6/3/2015,5/30/2015,17:00:12,7,34.4,AH0,242,37.8852672,Day,F,L,A,MYSE
151.909,8443,6/3/2015,5/25/2015,17:00:13,7,29.9,AH0,245,32.2725567,Day,F,L,A,MYSE
151.909,8443,6/3/2015,5/29/2015,17:00:13,7,31.9,AH0,252,35.3347947,Day,F,L,A,MYSE
151.909,8443,6/3/2015,5/24/2015,17:00:14,7,31.2,AH0,255,34.3759424,Day,F,L,A,MYSE
151.909,8443,6/3/2015,5/30/2015,17:00:14,7,34.4,AH0,241,37.8852672,Day,F,L,A,MYSE
151.909,8443,6/3/2015,5/29/2015,17:00:15,7,31.9,AH0,251,35.3347947,Day,F,L,A,MYSE
151.909,8443,6/3/2015,5/30/2015,17:00:15,7,34.4,AH0,241,37.8852672,Day,F,L,A,MYSE
151.909,8443,6/3/2015,5/24/2015,17:00:16,7,31.3,AH0,255,34.5200901,Day,F,L,A,MYSE
151.909,8443,6/3/2015,5/24/2015,17:00:18,7,31.3,AH0,255,34.5200901,Day,F,L,A,MYSE
151.909,8443,6/3/2015,5/26/2015,17:00:18,7,31.7,AH0,254,35.0726529,Day,F,L,A,MYSE
151.909,8443,6/3/2015,5/24/2015,17:00:20,7,31.3,AH0,255,34.5200901,Day,F,L,A,MYSE
151.909,8443,6/3/2015,5/26/2015,17:00:20,7,31.7,AH0,251,35.0726529,Day,F,L,A,MYSE
151.909,8443,6/3/2015,5/26/2015,17:00:22,7,31.7,AH0,252,35.0726529,Day,F,L,A,MYSE
151.909,8443,6/3/2015,5/28/2015,17:00:23,7,30.5,AH0,55,33.2974125,Day,F,L,A,MYSE
151.909,8443,6/3/2015,5/26/2015,17:00:24,7,31.7,AH0,253,35.0726529,Day,F,L,A,MYSE
151.909,8443,6/3/2015,5/28/2015,17:00:24,7,30.6,AH0,49,33.4590728,Day,F,L,A,MYSE
151.909,8443,6/3/2015,5/28/2015,17:00:26,7,30.5,AH0,51,33.2974125,Day,F,L,A,MYSE
151.909,8443,6/3/2015,5/25/2015,17:00:27,7,29.9,AH0,242,32.2725567,Day,F,L,A,MYSE
151.909,8443,6/3/2015,5/28/2015,17:00:28,7,30.3,AH0,37,32.9663291,Day,F,L,A,MYSE
151.909,8443,6/3/2015,5/29/2015,17:00:28,7,31.8,AH0,248,35.2048856,Day,F,L,A,MYSE
151.909,8443,6/3/2015,5/30/2015,17:00:28,7,34.2,AH0,246,37.7269304,Day,F,L,A,MYSE
151.909,8443,6/3/2015,5/25/2015,17:00:29,7,29.9,AH0,243,32.2725567,Day,F,L,A,MYSE
151.909,8443,6/3/2015,5/30/2015,17:00:29,7,34.2,AH0,243,37.7269304,Day,F,L,A,MYSE
151.909,8443,6/3/2015,5/29/2015,17:00:30,7,31.8,AH0,248,35.2048856,Day,F,L,A,MYSE
151.909,8443,6/3/2015,5/25/2015,17:00:31,7,29.9,AH0,246,32.2725567,Day,F,L,A,MYSE
151.909,8443,6/3/2015,5/30/2015,17:00:31,7,34.2,AH0,245,37.7269304,Day,F,L,A,MYSE
151.909,8443,6/3/2015,5/29/2015,17:00:32,7,31.8,AH0,249,35.2048856,Day,F,L,A,MYSE
151.909,8443,6/3/2015,5/24/2015,17:00:33,7,31.3,AH0,255,34.5200901,Day,F,L,A,MYSE
151.909,8443,6/3/2015,5/25/2015,17:00:33,7,29.9,AH0,244,32.2725567,Day,F,L,A,MYSE
151.909,8443,6/3/2015,5/29/2015,17:00:33,7,31.8,AH0,246,35.2048856,Day,F,L,A,MYSE
151.909,8443,6/3/2015,5/30/2015,17:00:33,7,34.1,AH0,244,37.6449993,Day,F,L,A,MYSE
151.909,8443,6/3/2015,5/24/2015,17:00:35,7,31.3,AH0,255,34.5200901,Day,F,L,A,MYSE
151.909,8443,6/3/2015,5/30/2015,17:00:35,7,34.1,AH0,244,37.6449993,Day,F,L,A,MYSE
151.909,8443,6/3/2015,5/24/2015,17:00:37,7,31.3,AH0,255,34.5200901,Day,F,L,A,MYSE
151.909,8443,6/3/2015,5/24/2015,17:00:39,7,31.3,AH0,255,34.5200901,Day,F,L,A,MYSE
151.909,8443,6/3/2015,5/26/2015,17:00:39,7,31.7,AH0,253,35.0726529,Day,F,L,A,MYSE
151.909,8443,6/3/2015,5/26/2015,17:00:41,7,31.6,AH0,254,34.9380768,Day,F,L,A,MYSE
151.909,8443,6/3/2015,5/26/2015,17:00:43,7,31.6,AH0,253,34.9380768,Day,F,L,A,MYSE
151.909,8443,6/3/2015,5/26/2015,17:00:45,7,31.6,AH0,254,34.9380768,Day,F,L,A,MYSE
151.909,8443,6/3/2015,5/25/2015,17:00:47,7,29.8,AH0,241,32.0924136,Day,F,L,A,MYSE
151.909,8443,6/3/2015,5/28/2015,17:00:48,7,30.7,AH0,57,33.6181719,Day,F,L,A,MYSE
151.909,8443,6/3/2015,5/25/2015,17:00:49,7,29.8,AH0,242,32.0924136,Day,F,L,A,MYSE
151.909,8443,6/3/2015,5/29/2015,17:00:49,7,31.7,AH0,253,35.0726529,Day,F,L,A,MYSE
151.909,8443,6/3/2015,5/30/2015,17:00:49,7,34,AH0,245,37.5612,Day,F,L,A,MYSE
151.909,8443,6/3/2015,5/30/2015,17:00:50,7,34,AH0,245,37.5612,Day,F,L,A,MYSE
151.909,8443,6/3/2015,5/25/2015,17:00:51,7,29.8,AH0,240,32.0924136,Day,F,L,A,MYSE
151.909,8443,6/3/2015,5/29/2015,17:00:51,7,31.7,AH0,254,35.0726529,Day,F,L,A,MYSE
151.909,8443,6/3/2015,5/29/2015,17:00:52,7,31.7,AH0,254,35.0726529,Day,F,L,A,MYSE
151.909,8443,6/3/2015,5/30/2015,17:00:52,7,34,AH0,246,37.5612,Day,F,L,A,MYSE
151.909,8443,6/3/2015,5/25/2015,17:00:53,7,29.8,AH0,242,32.0924136,Day,F,L,A,MYSE
151.909,8443,6/3/2015,5/24/2015,17:00:54,7,31.3,AH0,255,34.5200901,Day,F,L,A,MYSE
151.909,8443,6/3/2015,5/29/2015,17:00:54,7,31.7,AH0,254,35.0726529,Day,F,L,A,MYSE
151.909,8443,6/3/2015,5/30/2015,17:00:54,7,34,AH0,245,37.5612,Day,F,L,A,MYSE
151.909,8443,6/3/2015,5/24/2015,17:00:56,7,31.4,AH0,255,34.6618152,Day,F,L,A,MYSE
151.909,8443,6/3/2015,5/24/2015,17:00:58,7,31.3,AH0,255,34.5200901,Day,F,L,A,MYSE
151.909,8443,6/3/2015,5/26/2015,17:00:58,7,31.7,AH0,254,35.0726529,Day,F,L,A,MYSE
151.909,8443,6/3/2015,5/24/2015,17:01:00,7,31.4,AH0,255,34.6618152,Day,F,L,A,MYSE
151.909,8443,6/3/2015,5/26/2015,17:01:00,7,31.7,AH0,252,35.0726529,Day,F,L,A,MYSE
151.909,8443,6/3/2015,5/26/2015,17:01:02,7,31.7,AH0,252,35.0726529,Day,F,L,A,MYSE
151.909,8443,6/3/2015,5/28/2015,17:01:02,7,30.7,AH0,68,33.6181719,Day,F,L,A,MYSE
151.909,8443,6/3/2015,5/26/2015,17:01:04,7,31.7,AH0,253,35.0726529,Day,F,L,A,MYSE
151.909,8443,6/3/2015,5/28/2015,17:01:04,7,30.7,AH0,68,33.6181719,Day,F,L,A,MYSE
151.909,8443,6/3/2015,5/26/2015,17:01:06,7,31.7,AH0,253,35.0726529,Day,F,L,A,MYSE
151.909,8443,6/3/2015,5/28/2015,17:01:06,7,30.7,AH0,74,33.6181719,Day,F,L,A,MYSE
151.909,8443,6/3/2015,5/25/2015,17:01:07,7,29.8,AH0,241,32.0924136,Day,F,L,A,MYSE
151.909,8443,6/3/2015,5/28/2015,17:01:08,7,30.8,AH0,76,33.7747296,Day,F,L,A,MYSE
151.909,8443,6/3/2015,5/29/2015,17:01:08,7,31.6,AH0,245,34.9380768,Day,F,L,A,MYSE
151.909,8443,6/3/2015,5/30/2015,17:01:08,7,34,AH0,244,37.5612,Day,F,L,A,MYSE
151.909,8443,6/3/2015,5/25/2015,17:01:09,7,29.8,AH0,240,32.0924136,Day,F,L,A,MYSE
151.909,8443,6/3/2015,5/29/2015,17:01:09,7,31.6,AH0,244,34.9380768,Day,F,L,A,MYSE
151.909,8443,6/3/2015,5/30/2015,17:01:10,7,34,AH0,246,37.5612,Day,F,L,A,MYSE
151.909,8443,6/3/2015,5/25/2015,17:01:11,7,29.8,AH0,242,32.0924136,Day,F,L,A,MYSE
151.909,8443,6/3/2015,5/29/2015,17:01:11,7,31.6,AH0,246,34.9380768,Day,F,L,A,MYSE
151.909,8443,6/3/2015,5/30/2015,17:01:12,7,34,AH0,245,37.5612,Day,F,L,A,MYSE
151.909,8443,6/3/2015,5/24/2015,17:01:13,7,31.4,AH0,255,34.6618152,Day,F,L,A,MYSE
151.909,8443,6/3/2015,5/25/2015,17:01:13,7,29.8,AH0,242,32.0924136,Day,F,L,A,MYSE
151.909,8443,6/3/2015,5/29/2015,17:01:13,7,31.6,AH0,241,34.9380768,Day,F,L,A,MYSE
151.909,8443,6/3/2015,5/30/2015,17:01:13,7,34,AH0,246,37.5612,Day,F,L,A,MYSE
151.909,8443,6/3/2015,5/24/2015,17:01:15,7,31.4,AH0,255,34.6618152,Day,F,L,A,MYSE
151.909,8443,6/3/2015,5/30/2015,17:01:15,7,34,AH0,247,37.5612,Day,F,L,A,MYSE
151.909,8443,6/3/2015,5/24/2015,17:01:17,7,31.4,AH0,255,34.6618152,Day,F,L,A,MYSE
151.909,8443,6/3/2015,5/24/2015,17:01:19,7,31.4,AH0,255,34.6618152,Day,F,L,A,MYSE
151.909,8443,6/3/2015,5/26/2015,17:01:19,7,31.7,AH0,253,35.0726529,Day,F,L,A,MYSE
151.909,8443,6/3/2015,5/26/2015,17:01:21,7,31.7,AH0,253,35.0726529,Day,F,L,A,MYSE
151.909,8443,6/3/2015,5/26/2015,17:01:23,7,31.7,AH0,254,35.0726529,Day,F,L,A,MYSE
151.909,8443,6/3/2015,5/28/2015,17:01:23,7,30.7,AH0,70,33.6181719,Day,F,L,A,MYSE
151.909,8443,6/3/2015,5/26/2015,17:01:25,7,31.7,AH0,253,35.0726529,Day,F,L,A,MYSE
151.909,8443,6/3/2015,5/28/2015,17:01:25,7,30.6,AH0,61,33.4590728,Day,F,L,A,MYSE
151.909,8443,6/3/2015,5/25/2015,17:01:27,7,29.8,AH0,241,32.0924136,Day,F,L,A,MYSE
151.909,8443,6/3/2015,5/28/2015,17:01:27,7,30.7,AH0,69,33.6181719,Day,F,L,A,MYSE
151.909,8443,6/3/2015,5/29/2015,17:01:28,7,31.6,AH0,251,34.9380768,Day,F,L,A,MYSE
151.909,8443,6/3/2015,5/30/2015,17:01:28,7,34,AH0,247,37.5612,Day,F,L,A,MYSE
151.909,8443,6/3/2015,5/25/2015,17:01:29,7,29.8,AH0,241,32.0924136,Day,F,L,A,MYSE
151.909,8443,6/3/2015,5/28/2015,17:01:29,7,30.7,AH0,62,33.6181719,Day,F,L,A,MYSE
151.909,8443,6/3/2015,5/30/2015,17:01:29,7,34,AH0,247,37.5612,Day,F,L,A,MYSE
151.909,8443,6/3/2015,5/29/2015,17:01:30,7,31.6,AH0,251,34.9380768,Day,F,L,A,MYSE
151.909,8443,6/3/2015,5/25/2015,17:01:31,7,29.8,AH0,242,32.0924136,Day,F,L,A,MYSE
151.909,8443,6/3/2015,5/30/2015,17:01:31,7,34,AH0,247,37.5612,Day,F,L,A,MYSE
151.909,8443,6/3/2015,5/29/2015,17:01:32,7,31.6,AH0,248,34.9380768,Day,F,L,A,MYSE
151.909,8443,6/3/2015,5/25/2015,17:01:33,7,29.8,AH0,239,32.0924136,Day,F,L,A,MYSE
151.909,8443,6/3/2015,5/30/2015,17:01:33,7,34,AH0,243,37.5612,Day,F,L,A,MYSE
151.909,8443,6/3/2015,5/29/2015,17:01:34,7,31.6,AH0,244,34.9380768,Day,F,L,A,MYSE
151.909,8443,6/3/2015,5/24/2015,17:01:35,7,31.4,AH0,255,34.6618152,Day,F,L,A,MYSE
151.909,8443,6/3/2015,5/30/2015,17:01:35,7,34,AH0,247,37.5612,Day,F,L,A,MYSE
151.909,8443,6/3/2015,5/24/2015,17:01:36,7,31.4,AH0,255,34.6618152,Day,F,L,A,MYSE
151.909,8443,6/3/2015,5/24/2015,17:01:38,7,31.4,AH0,255,34.6618152,Day,F,L,A,MYSE
151.909,8443,6/3/2015,5/26/2015,17:01:38,7,31.8,AH0,254,35.2048856,Day,F,L,A,MYSE
151.909,8443,6/3/2015,5/24/2015,17:01:40,7,31.4,AH0,255,34.6618152,Day,F,L,A,MYSE
151.909,8443,6/3/2015,5/26/2015,17:01:40,7,31.8,AH0,253,35.2048856,Day,F,L,A,MYSE
151.909,8443,6/3/2015,5/26/2015,17:01:42,7,31.8,AH0,252,35.2048856,Day,F,L,A,MYSE
151.909,8443,6/3/2015,5/28/2015,17:01:43,7,30.7,AH0,99,33.6181719,Day,F,L,A,MYSE
151.909,8443,6/3/2015,5/26/2015,17:01:44,7,31.8,AH0,254,35.2048856,Day,F,L,A,MYSE
151.909,8443,6/3/2015,5/26/2015,17:01:45,7,31.8,AH0,254,35.2048856,Day,F,L,A,MYSE
151.909,8443,6/3/2015,5/28/2015,17:01:45,7,30.7,AH0,111,33.6181719,Day,F,L,A,MYSE
151.909,8443,6/3/2015,5/28/2015,17:01:47,7,30.7,AH0,107,33.6181719,Day,F,L,A,MYSE
151.909,8443,6/3/2015,5/29/2015,17:01:47,7,31.6,AH0,250,34.9380768,Day,F,L,A,MYSE
151.909,8443,6/3/2015,5/25/2015,17:01:48,7,29.8,AH0,242,32.0924136,Day,F,L,A,MYSE
151.909,8443,6/3/2015,5/28/2015,17:01:49,7,30.7,AH0,112,33.6181719,Day,F,L,A,MYSE
151.909,8443,6/3/2015,5/29/2015,17:01:49,7,31.6,AH0,254,34.9380768,Day,F,L,A,MYSE
151.909,8443,6/3/2015,5/30/2015,17:01:49,7,34,AH0,243,37.5612,Day,F,L,A,MYSE
151.909,8443,6/3/2015,5/25/2015,17:01:50,7,29.8,AH0,240,32.0924136,Day,F,L,A,MYSE
151.909,8443,6/3/2015,5/30/2015,17:01:50,7,34,AH0,247,37.5612,Day,F,L,A,MYSE
151.909,8443,6/3/2015,5/29/2015,17:01:51,7,31.6,AH0,233,34.9380768,Day,F,L,A,MYSE
151.909,8443,6/3/2015,5/25/2015,17:01:52,7,29.8,AH0,242,32.0924136,Day,F,L,A,MYSE
151.909,8443,6/3/2015,5/30/2015,17:01:52,7,34,AH0,249,37.5612,Day,F,L,A,MYSE
151.909,8443,6/3/2015,5/29/2015,17:01:53,7,31.6,AH0,249,34.9380768,Day,F,L,A,MYSE
151.909,8443,6/3/2015,5/24/2015,17:01:54,7,31.5,AH0,255,34.8011375,Day,F,L,A,MYSE
151.909,8443,6/3/2015,5/25/2015,17:01:54,7,29.8,AH0,240,32.0924136,Day,F,L,A,MYSE
151.909,8443,6/3/2015,5/30/2015,17:01:54,7,34,AH0,246,37.5612,Day,F,L,A,MYSE
151.909,8443,6/3/2015,5/24/2015,17:01:56,7,31.5,AH0,255,34.8011375,Day,F,L,A,MYSE
151.909,8443,6/3/2015,5/24/2015,17:01:57,7,31.5,AH0,255,34.8011375,Day,F,L,A,MYSE
151.909,8443,6/3/2015,5/24/2015,17:01:59,7,31.5,AH0,255,34.8011375,Day,F,L,A,MYSE
151.909,8443,6/3/2015,5/26/2015,17:01:59,7,31.8,AH0,253,35.2048856,Day,F,L,A,MYSE
151.909,8443,6/3/2015,5/26/2015,17:02:00,7,31.8,AH0,252,35.2048856,Day,F,L,A,MYSE
151.909,8443,6/3/2015,5/26/2015,17:02:02,7,31.9,AH0,254,35.3347947,Day,F,L,A,MYSE
151.909,8443,6/3/2015,5/28/2015,17:02:03,7,30.9,AH0,111,33.9287657,Day,F,L,A,MYSE
151.909,8443,6/3/2015,5/26/2015,17:02:04,7,31.8,AH0,254,35.2048856,Day,F,L,A,MYSE
151.909,8443,6/3/2015,5/28/2015,17:02:04,7,31,AH0,119,34.0803,Day,F,L,A,MYSE
151.909,8443,6/3/2015,5/28/2015,17:02:06,7,31,AH0,124,34.0803,Day,F,L,A,MYSE
151.909,8443,6/3/2015,5/25/2015,17:02:08,7,29.8,AH0,241,32.0924136,Day,F,L,A,MYSE
151.909,8443,6/3/2015,5/28/2015,17:02:08,7,31,AH0,118,34.0803,Day,F,L,A,MYSE
151.909,8443,6/3/2015,5/29/2015,17:02:08,7,31.6,AH0,245,34.9380768,Day,F,L,A,MYSE
151.909,8443,6/3/2015,5/30/2015,17:02:08,7,34.2,AH0,246,37.7269304,Day,F,L,A,MYSE
151.909,8443,6/3/2015,5/25/2015,17:02:10,7,29.8,AH0,241,32.0924136,Day,F,L,A,MYSE
151.909,8443,6/3/2015,5/29/2015,17:02:10,7,31.6,AH0,251,34.9380768,Day,F,L,A,MYSE
151.909,8443,6/3/2015,5/30/2015,17:02:10,7,34.2,AH0,248,37.7269304,Day,F,L,A,MYSE
151.909,8443,6/3/2015,5/25/2015,17:02:12,7,29.8,AH0,241,32.0924136,Day,F,L,A,MYSE
151.909,8443,6/3/2015,5/29/2015,17:02:12,7,31.6,AH0,239,34.9380768,Day,F,L,A,MYSE
151.909,8443,6/3/2015,5/30/2015,17:02:12,7,34.2,AH0,247,37.7269304,Day,F,L,A,MYSE
151.909,8443,6/3/2015,5/24/2015,17:02:13,7,31.5,AH0,255,34.8011375,Day,F,L,A,MYSE
151.909,8443,6/3/2015,5/30/2015,17:02:13,7,34.2,AH0,247,37.7269304,Day,F,L,A,MYSE
151.909,8443,6/3/2015,5/25/2015,17:02:14,7,29.9,AH0,239,32.2725567,Day,F,L,A,MYSE
151.909,8443,6/3/2015,5/29/2015,17:02:14,7,31.6,AH0,246,34.9380768,Day,F,L,A,MYSE
151.909,8443,6/3/2015,5/24/2015,17:02:15,7,31.5,AH0,255,34.8011375,Day,F,L,A,MYSE
151.909,8443,6/3/2015,5/30/2015,17:02:15,7,34.2,AH0,247,37.7269304,Day,F,L,A,MYSE
151.909,8443,6/3/2015,5/24/2015,17:02:16,7,31.5,AH0,255,34.8011375,Day,F,L,A,MYSE
151.909,8443,6/3/2015,5/24/2015,17:02:18,7,31.5,AH0,255,34.8011375,Day,F,L,A,MYSE
151.909,8443,6/3/2015,5/26/2015,17:02:19,7,31.9,AH0,255,35.3347947,Day,F,L,A,MYSE
151.909,8443,6/3/2015,5/24/2015,17:02:20,7,31.5,AH0,255,34.8011375,Day,F,L,A,MYSE
151.909,8443,6/3/2015,5/26/2015,17:02:21,7,31.9,AH0,254,35.3347947,Day,F,L,A,MYSE
151.909,8443,6/3/2015,5/28/2015,17:02:22,7,31,AH0,126,34.0803,Day,F,L,A,MYSE
151.909,8443,6/3/2015,5/26/2015,17:02:23,7,31.9,AH0,254,35.3347947,Day,F,L,A,MYSE
151.909,8443,6/3/2015,5/28/2015,17:02:24,7,31,AH0,129,34.0803,Day,F,L,A,MYSE
151.909,8443,6/3/2015,5/26/2015,17:02:25,7,32,AH0,254,35.4624,Day,F,L,A,MYSE
151.909,8443,6/3/2015,5/28/2015,17:02:26,7,31,AH0,132,34.0803,Day,F,L,A,MYSE
151.909,8443,6/3/2015,5/29/2015,17:02:27,7,31.5,AH0,252,34.8011375,Day,F,L,A,MYSE
151.909,8443,6/3/2015,5/25/2015,17:02:28,7,29.9,AH0,242,32.2725567,Day,F,L,A,MYSE
151.909,8443,6/3/2015,5/28/2015,17:02:28,7,31.1,AH0,117,34.2293523,Day,F,L,A,MYSE
151.909,8443,6/3/2015,5/30/2015,17:02:28,7,34.3,AH0,245,37.8070131,Day,F,L,A,MYSE
151.909,8443,6/3/2015,5/29/2015,17:02:29,7,31.5,AH0,244,34.8011375,Day,F,L,A,MYSE
151.909,8443,6/3/2015,5/25/2015,17:02:30,7,29.9,AH0,242,32.2725567,Day,F,L,A,MYSE
151.909,8443,6/3/2015,5/28/2015,17:02:30,7,31.1,AH0,118,34.2293523,Day,F,L,A,MYSE
151.909,8443,6/3/2015,5/30/2015,17:02:30,7,34.3,AH0,247,37.8070131,Day,F,L,A,MYSE
151.909,8443,6/3/2015,5/29/2015,17:02:31,7,31.5,AH0,244,34.8011375,Day,F,L,A,MYSE
151.909,8443,6/3/2015,5/25/2015,17:02:32,7,29.9,AH0,242,32.2725567,Day,F,L,A,MYSE
151.909,8443,6/3/2015,5/30/2015,17:02:32,7,34.4,AH0,246,37.8852672,Day,F,L,A,MYSE
151.909,8443,6/3/2015,5/29/2015,17:02:33,7,31.5,AH0,251,34.8011375,Day,F,L,A,MYSE
151.909,8443,6/3/2015,5/24/2015,17:02:34,7,31.5,AH0,255,34.8011375,Day,F,L,A,MYSE
151.909,8443,6/3/2015,5/25/2015,17:02:34,7,29.9,AH0,241,32.2725567,Day,F,L,A,MYSE
151.909,8443,6/3/2015,5/30/2015,17:02:34,7,34.4,AH0,248,37.8852672,Day,F,L,A,MYSE
151.909,8443,6/3/2015,5/29/2015,17:02:35,7,31.5,AH0,250,34.8011375,Day,F,L,A,MYSE
151.909,8443,6/3/2015,5/30/2015,17:02:35,7,34.4,AH0,249,37.8852672,Day,F,L,A,MYSE
151.909,8443,6/3/2015,5/24/2015,17:02:36,7,31.5,AH0,255,34.8011375,Day,F,L,A,MYSE
151.909,8443,6/3/2015,5/24/2015,17:02:37,7,31.5,AH0,255,34.8011375,Day,F,L,A,MYSE
151.909,8443,6/3/2015,5/26/2015,17:02:38,7,32,AH0,255,35.4624,Day,F,L,A,MYSE
151.909,8443,6/3/2015,5/24/2015,17:02:39,7,31.5,AH0,255,34.8011375,Day,F,L,A,MYSE
151.909,8443,6/3/2015,5/26/2015,17:02:40,7,32,AH0,255,35.4624,Day,F,L,A,MYSE
151.909,8443,6/3/2015,5/26/2015,17:02:42,7,32,AH0,254,35.4624,Day,F,L,A,MYSE
151.909,8443,6/3/2015,5/28/2015,17:02:43,7,31,AH0,129,34.0803,Day,F,L,A,MYSE
151.909,8443,6/3/2015,5/26/2015,17:02:44,7,32,AH0,253,35.4624,Day,F,L,A,MYSE
151.909,8443,6/3/2015,5/28/2015,17:02:45,7,31,AH0,133,34.0803,Day,F,L,A,MYSE
151.909,8443,6/3/2015,5/26/2015,17:02:46,7,32.1,AH0,254,35.5877213,Day,F,L,A,MYSE
151.909,8443,6/3/2015,5/28/2015,17:02:47,7,30.9,AH0,129,33.9287657,Day,F,L,A,MYSE
151.909,8443,6/3/2015,5/25/2015,17:02:48,7,29.9,AH0,240,32.2725567,Day,F,L,A,MYSE
151.909,8443,6/3/2015,5/29/2015,17:02:48,7,31.5,AH0,250,34.8011375,Day,F,L,A,MYSE
151.909,8443,6/3/2015,5/28/2015,17:02:49,7,30.9,AH0,133,33.9287657,Day,F,L,A,MYSE
151.909,8443,6/3/2015,5/30/2015,17:02:49,7,34.4,AH0,247,37.8852672,Day,F,L,A,MYSE
151.909,8443,6/3/2015,5/25/2015,17:02:50,7,29.9,AH0,241,32.2725567,Day,F,L,A,MYSE
151.909,8443,6/3/2015,5/29/2015,17:02:50,7,31.5,AH0,247,34.8011375,Day,F,L,A,MYSE
151.909,8443,6/3/2015,5/30/2015,17:02:51,7,34.4,AH0,247,37.8852672,Day,F,L,A,MYSE
151.909,8443,6/3/2015,5/25/2015,17:02:52,7,29.9,AH0,237,32.2725567,Day,F,L,A,MYSE
151.909,8443,6/3/2015,5/29/2015,17:02:52,7,31.5,AH0,246,34.8011375,Day,F,L,A,MYSE
151.909,8443,6/3/2015,5/24/2015,17:02:53,7,31.5,AH0,255,34.8011375,Day,F,L,A,MYSE
151.909,8443,6/3/2015,5/30/2015,17:02:53,7,34.5,AH0,250,37.9617125,Day,F,L,A,MYSE
151.909,8443,6/3/2015,5/25/2015,17:02:54,7,29.9,AH0,238,32.2725567,Day,F,L,A,MYSE
151.909,8443,6/3/2015,5/29/2015,17:02:54,7,31.5,AH0,248,34.8011375,Day,F,L,A,MYSE
151.909,8443,6/3/2015,5/24/2015,17:02:55,7,31.5,AH0,255,34.8011375,Day,F,L,A,MYSE
151.909,8443,6/3/2015,5/30/2015,17:02:55,7,34.4,AH0,246,37.8852672,Day,F,L,A,MYSE
151.909,8443,6/3/2015,5/30/2015,17:02:56,7,34.5,AH0,247,37.9617125,Day,F,L,A,MYSE
151.909,8443,6/3/2015,5/24/2015,17:02:57,7,31.5,AH0,255,34.8011375,Day,F,L,A,MYSE
151.909,8443,6/3/2015,5/24/2015,17:02:58,7,31.5,AH0,255,34.8011375,Day,F,L,A,MYSE
151.909,8443,6/3/2015,5/26/2015,17:02:59,7,32.1,AH0,253,35.5877213,Day,F,L,A,MYSE
151.909,8443,6/3/2015,5/24/2015,17:03:00,7,31.5,AH0,255,34.8011375,Day,F,L,A,MYSE
151.909,8443,6/3/2015,5/26/2015,17:03:01,7,32.1,AH0,254,35.5877213,Day,F,L,A,MYSE
151.909,8443,6/3/2015,5/26/2015,17:03:02,7,32.1,AH0,254,35.5877213,Day,F,L,A,MYSE
151.909,8443,6/3/2015,5/28/2015,17:03:03,7,30.8,AH0,132,33.7747296,Day,F,L,A,MYSE
151.909,8443,6/3/2015,5/26/2015,17:03:04,7,32.1,AH0,251,35.5877213,Day,F,L,A,MYSE
151.909,8443,6/3/2015,5/28/2015,17:03:04,7,30.8,AH0,136,33.7747296,Day,F,L,A,MYSE
151.909,8443,6/3/2015,5/28/2015,17:03:06,7,30.8,AH0,140,33.7747296,Day,F,L,A,MYSE
151.909,8443,6/3/2015,5/29/2015,17:03:07,7,31.5,AH0,243,34.8011375,Day,F,L,A,MYSE
151.909,8443,6/3/2015,5/25/2015,17:03:08,7,29.9,AH0,241,32.2725567,Day,F,L,A,MYSE
151.909,8443,6/3/2015,5/28/2015,17:03:08,7,30.8,AH0,138,33.7747296,Day,F,L,A,MYSE
151.909,8443,6/3/2015,5/30/2015,17:03:08,7,34.5,AH0,247,37.9617125,Day,F,L,A,MYSE
151.909,8443,6/3/2015,5/29/2015,17:03:09,7,31.5,AH0,246,34.8011375,Day,F,L,A,MYSE
151.909,8443,6/3/2015,5/25/2015,17:03:10,7,29.9,AH0,237,32.2725567,Day,F,L,A,MYSE
151.909,8443,6/3/2015,5/30/2015,17:03:10,7,34.5,AH0,247,37.9617125,Day,F,L,A,MYSE
151.909,8443,6/3/2015,5/29/2015,17:03:11,7,31.5,AH0,243,34.8011375,Day,F,L,A,MYSE
151.909,8443,6/3/2015,5/25/2015,17:03:12,7,29.9,AH0,240,32.2725567,Day,F,L,A,MYSE
151.909,8443,6/3/2015,5/30/2015,17:03:12,7,34.5,AH0,250,37.9617125,Day,F,L,A,MYSE
151.909,8443,6/3/2015,5/29/2015,17:03:13,7,31.5,AH0,244,34.8011375,Day,F,L,A,MYSE
151.909,8443,6/3/2015,5/24/2015,17:03:14,7,31.5,AH0,255,34.8011375,Day,F,L,A,MYSE
151.909,8443,6/3/2015,5/25/2015,17:03:14,7,29.9,AH0,240,32.2725567,Day,F,L,A,MYSE
151.909,8443,6/3/2015,5/30/2015,17:03:14,7,34.5,AH0,247,37.9617125,Day,F,L,A,MYSE
151.909,8443,6/3/2015,5/29/2015,17:03:15,7,31.5,AH0,247,34.8011375,Day,F,L,A,MYSE
151.909,8443,6/3/2015,5/30/2015,17:03:15,7,34.5,AH0,247,37.9617125,Day,F,L,A,MYSE
151.909,8443,6/3/2015,5/24/2015,17:03:16,7,31.5,AH0,255,34.8011375,Day,F,L,A,MYSE
151.909,8443,6/3/2015,5/24/2015,17:03:17,7,31.5,AH0,255,34.8011375,Day,F,L,A,MYSE
151.909,8443,6/3/2015,5/24/2015,17:03:19,7,31.5,AH0,255,34.8011375,Day,F,L,A,MYSE
151.909,8443,6/3/2015,5/26/2015,17:03:19,7,32.1,AH0,252,35.5877213,Day,F,L,A,MYSE
151.909,8443,6/3/2015,5/26/2015,17:03:21,7,32.1,AH0,252,35.5877213,Day,F,L,A,MYSE
151.909,8443,6/3/2015,5/28/2015,17:03:22,7,30.9,AH0,136,33.9287657,Day,F,L,A,MYSE
151.909,8443,6/3/2015,5/26/2015,17:03:23,7,32.1,AH0,253,35.5877213,Day,F,L,A,MYSE
151.909,8443,6/3/2015,5/28/2015,17:03:24,7,30.9,AH0,132,33.9287657,Day,F,L,A,MYSE
151.909,8443,6/3/2015,5/26/2015,17:03:25,7,32.1,AH0,253,35.5877213,Day,F,L,A,MYSE
151.909,8443,6/3/2015,5/28/2015,17:03:26,7,30.9,AH0,132,33.9287657,Day,F,L,A,MYSE
151.909,8443,6/3/2015,5/25/2015,17:03:28,7,29.9,AH0,238,32.2725567,Day,F,L,A,MYSE
151.909,8443,6/3/2015,5/28/2015,17:03:28,7,30.9,AH0,136,33.9287657,Day,F,L,A,MYSE
151.909,8443,6/3/2015,5/29/2015,17:03:28,7,31.5,AH0,250,34.8011375,Day,F,L,A,MYSE
151.909,8443,6/3/2015,5/30/2015,17:03:29,7,34.4,AH0,248,37.8852672,Day,F,L,A,MYSE
151.909,8443,6/3/2015,5/25/2015,17:03:30,7,29.9,AH0,236,32.2725567,Day,F,L,A,MYSE
151.909,8443,6/3/2015,5/29/2015,17:03:30,7,31.5,AH0,252,34.8011375,Day,F,L,A,MYSE
151.909,8443,6/3/2015,5/30/2015,17:03:31,7,34.4,AH0,246,37.8852672,Day,F,L,A,MYSE
151.909,8443,6/3/2015,5/25/2015,17:03:32,7,29.9,AH0,240,32.2725567,Day,F,L,A,MYSE
151.909,8443,6/3/2015,5/29/2015,17:03:32,7,31.5,AH0,248,34.8011375,Day,F,L,A,MYSE
151.909,8443,6/3/2015,5/24/2015,17:03:33,7,31.5,AH0,255,34.8011375,Day,F,L,A,MYSE
151.909,8443,6/3/2015,5/30/2015,17:03:33,7,34.4,AH0,248,37.8852672,Day,F,L,A,MYSE
151.909,8443,6/3/2015,5/25/2015,17:03:34,7,29.9,AH0,239,32.2725567,Day,F,L,A,MYSE
151.909,8443,6/3/2015,5/29/2015,17:03:34,7,31.5,AH0,243,34.8011375,Day,F,L,A,MYSE
151.909,8443,6/3/2015,5/24/2015,17:03:35,7,31.5,AH0,255,34.8011375,Day,F,L,A,MYSE
151.909,8443,6/3/2015,5/30/2015,17:03:35,7,34.4,AH0,249,37.8852672,Day,F,L,A,MYSE
151.909,8443,6/3/2015,5/30/2015,17:03:36,7,34.4,AH0,248,37.8852672,Day,F,L,A,MYSE
151.909,8443,6/3/2015,5/24/2015,17:03:37,7,31.5,AH0,255,34.8011375,Day,F,L,A,MYSE
151.909,8443,6/3/2015,5/24/2015,17:03:38,7,31.5,AH0,255,34.8011375,Day,F,L,A,MYSE
151.909,8443,6/3/2015,5/26/2015,17:03:38,7,32.1,AH0,253,35.5877213,Day,F,L,A,MYSE
151.909,8443,6/3/2015,5/24/2015,17:03:40,7,31.5,AH0,255,34.8011375,Day,F,L,A,MYSE
151.909,8443,6/3/2015,5/26/2015,17:03:40,7,32.1,AH0,254,35.5877213,Day,F,L,A,MYSE
151.909,8443,6/3/2015,5/26/2015,17:03:42,7,32.1,AH0,253,35.5877213,Day,F,L,A,MYSE
151.909,8443,6/3/2015,5/28/2015,17:03:43,7,30.9,AH0,130,33.9287657,Day,F,L,A,MYSE
151.909,8443,6/3/2015,5/26/2015,17:03:44,7,32.1,AH0,252,35.5877213,Day,F,L,A,MYSE
151.909,8443,6/3/2015,5/26/2015,17:03:45,7,32.1,AH0,254,35.5877213,Day,F,L,A,MYSE
151.909,8443,6/3/2015,5/28/2015,17:03:45,7,30.9,AH0,132,33.9287657,Day,F,L,A,MYSE
151.909,8443,6/3/2015,5/28/2015,17:03:47,7,30.9,AH0,133,33.9287657,Day,F,L,A,MYSE
151.909,8443,6/3/2015,5/29/2015,17:03:47,7,31.5,AH0,254,34.8011375,Day,F,L,A,MYSE
151.909,8443,6/3/2015,5/25/2015,17:03:48,7,30,AH0,249,32.45,Day,F,L,A,MYSE
151.909,8443,6/3/2015,5/28/2015,17:03:49,7,30.9,AH0,129,33.9287657,Day,F,L,A,MYSE
151.909,8443,6/3/2015,5/29/2015,17:03:49,7,31.5,AH0,253,34.8011375,Day,F,L,A,MYSE
151.909,8443,6/3/2015,5/30/2015,17:03:49,7,34.3,AH0,247,37.8070131,Day,F,L,A,MYSE
151.909,8443,6/3/2015,5/25/2015,17:03:50,7,30,AH0,254,32.45,Day,F,L,A,MYSE
151.909,8443,6/3/2015,5/30/2015,17:03:50,7,34.3,AH0,252,37.8070131,Day,F,L,A,MYSE
151.909,8443,6/3/2015,5/29/2015,17:03:51,7,31.5,AH0,253,34.8011375,Day,F,L,A,MYSE
151.909,8443,6/3/2015,5/25/2015,17:03:52,7,30,AH0,254,32.45,Day,F,L,A,MYSE
151.909,8443,6/3/2015,5/30/2015,17:03:52,7,34.3,AH0,247,37.8070131,Day,F,L,A,MYSE
151.909,8443,6/3/2015,5/29/2015,17:03:53,7,31.5,AH0,251,34.8011375,Day,F,L,A,MYSE
151.909,8443,6/3/2015,5/24/2015,17:03:54,7,31.5,AH0,255,34.8011375,Day,F,L,A,MYSE
151.909,8443,6/3/2015,5/25/2015,17:03:54,7,30,AH0,253,32.45,Day,F,L,A,MYSE
151.909,8443,6/3/2015,5/30/2015,17:03:54,7,34.3,AH0,249,37.8070131,Day,F,L,A,MYSE
151.909,8443,6/3/2015,5/24/2015,17:03:56,7,31.5,AH0,255,34.8011375,Day,F,L,A,MYSE
151.909,8443,6/3/2015,5/30/2015,17:03:56,7,34.2,AH0,247,37.7269304,Day,F,L,A,MYSE
151.909,8443,6/3/2015,5/24/2015,17:03:58,7,31.5,AH0,255,34.8011375,Day,F,L,A,MYSE
151.909,8443,6/3/2015,5/24/2015,17:03:59,7,31.5,AH0,255,34.8011375,Day,F,L,A,MYSE
151.909,8443,6/3/2015,5/26/2015,17:03:59,7,32.1,AH0,252,35.5877213,Day,F,L,A,MYSE
151.909,8443,6/3/2015,5/26/2015,17:04:00,7,32.1,AH0,252,35.5877213,Day,F,L,A,MYSE
151.909,8443,6/3/2015,5/26/2015,17:04:02,7,32.1,AH0,253,35.5877213,Day,F,L,A,MYSE
151.909,8443,6/3/2015,5/28/2015,17:04:03,7,31,AH0,122,34.0803,Day,F,L,A,MYSE
151.909,8443,6/3/2015,5/26/2015,17:04:04,7,32.1,AH0,251,35.5877213,Day,F,L,A,MYSE
151.909,8443,6/3/2015,5/28/2015,17:04:05,7,31.1,AH0,120,34.2293523,Day,F,L,A,MYSE
151.909,8443,6/3/2015,5/28/2015,17:04:07,7,31.1,AH0,117,34.2293523,Day,F,L,A,MYSE
151.909,8443,6/3/2015,5/25/2015,17:04:08,7,30.1,AH0,253,32.6247633,Day,F,L,A,MYSE
151.909,8443,6/3/2015,5/29/2015,17:04:08,7,31.5,AH0,254,34.8011375,Day,F,L,A,MYSE
151.909,8443,6/3/2015,5/28/2015,17:04:09,7,31.2,AH0,120,34.3759424,Day,F,L,A,MYSE
151.909,8443,6/3/2015,5/25/2015,17:04:10,7,30.1,AH0,252,32.6247633,Day,F,L,A,MYSE
151.909,8443,6/3/2015,5/29/2015,17:04:10,7,31.5,AH0,254,34.8011375,Day,F,L,A,MYSE
151.909,8443,6/3/2015,5/30/2015,17:04:10,7,34.2,AH0,249,37.7269304,Day,F,L,A,MYSE
151.909,8443,6/3/2015,5/30/2015,17:04:11,7,34.2,AH0,248,37.7269304,Day,F,L,A,MYSE
151.909,8443,6/3/2015,5/25/2015,17:04:12,7,30.1,AH0,252,32.6247633,Day,F,L,A,MYSE
151.909,8443,6/3/2015,5/29/2015,17:04:12,7,31.5,AH0,253,34.8011375,Day,F,L,A,MYSE
151.909,8443,6/3/2015,5/24/2015,17:04:13,7,31.5,AH0,255,34.8011375,Day,F,L,A,MYSE
151.909,8443,6/3/2015,5/30/2015,17:04:13,7,34.2,AH0,248,37.7269304,Day,F,L,A,MYSE
151.909,8443,6/3/2015,5/25/2015,17:04:14,7,30.1,AH0,252,32.6247633,Day,F,L,A,MYSE
151.909,8443,6/3/2015,5/29/2015,17:04:14,7,31.5,AH0,253,34.8011375,Day,F,L,A,MYSE
151.909,8443,6/3/2015,5/24/2015,17:04:15,7,31.5,AH0,255,34.8011375,Day,F,L,A,MYSE
151.909,8443,6/3/2015,5/30/2015,17:04:15,7,34.2,AH0,247,37.7269304,Day,F,L,A,MYSE
151.909,8443,6/3/2015,5/24/2015,17:04:17,7,31.5,AH0,255,34.8011375,Day,F,L,A,MYSE
151.909,8443,6/3/2015,5/24/2015,17:04:18,7,31.5,AH0,255,34.8011375,Day,F,L,A,MYSE
151.909,8443,6/3/2015,5/26/2015,17:04:19,7,32.1,AH0,250,35.5877213,Day,F,L,A,MYSE
151.909,8443,6/3/2015,5/24/2015,17:04:20,7,31.5,AH0,255,34.8011375,Day,F,L,A,MYSE
151.909,8443,6/3/2015,5/26/2015,17:04:21,7,32.1,AH0,254,35.5877213,Day,F,L,A,MYSE
151.909,8443,6/3/2015,5/28/2015,17:04:22,7,31.5,AH0,119,34.8011375,Day,F,L,A,MYSE
151.909,8443,6/3/2015,5/26/2015,17:04:23,7,32.1,AH0,252,35.5877213,Day,F,L,A,MYSE
151.909,8443,6/3/2015,5/28/2015,17:04:24,7,31.5,AH0,119,34.8011375,Day,F,L,A,MYSE
151.909,8443,6/3/2015,5/26/2015,17:04:25,7,32.1,AH0,252,35.5877213,Day,F,L,A,MYSE
151.909,8443,6/3/2015,5/28/2015,17:04:26,7,31.6,AH0,120,34.9380768,Day,F,L,A,MYSE
151.909,8443,6/3/2015,5/29/2015,17:04:27,7,31.5,AH0,254,34.8011375,Day,F,L,A,MYSE
151.909,8443,6/3/2015,5/25/2015,17:04:28,7,30.2,AH0,252,32.7968664,Day,F,L,A,MYSE
151.909,8443,6/3/2015,5/28/2015,17:04:28,7,31.6,AH0,116,34.9380768,Day,F,L,A,MYSE
151.909,8443,6/3/2015,5/29/2015,17:04:29,7,31.5,AH0,253,34.8011375,Day,F,L,A,MYSE
151.909,8443,6/3/2015,5/30/2015,17:04:29,7,34.3,AH0,249,37.8070131,Day,F,L,A,MYSE
151.909,8443,6/3/2015,5/25/2015,17:04:30,7,30.2,AH0,252,32.7968664,Day,F,L,A,MYSE
151.909,8443,6/3/2015,5/28/2015,17:04:30,7,31.7,AH0,115,35.0726529,Day,F,L,A,MYSE
151.909,8443,6/3/2015,5/29/2015,17:04:31,7,31.5,AH0,253,34.8011375,Day,F,L,A,MYSE
151.909,8443,6/3/2015,5/30/2015,17:04:31,7,34.3,AH0,252,37.8070131,Day,F,L,A,MYSE
151.909,8443,6/3/2015,5/25/2015,17:04:32,7,30.2,AH0,252,32.7968664,Day,F,L,A,MYSE
151.909,8443,6/3/2015,5/30/2015,17:04:32,7,34.3,AH0,252,37.8070131,Day,F,L,A,MYSE
151.909,8443,6/3/2015,5/29/2015,17:04:33,7,31.5,AH0,254,34.8011375,Day,F,L,A,MYSE
151.909,8443,6/3/2015,5/24/2015,17:04:34,7,31.5,AH0,255,34.8011375,Day,F,L,A,MYSE
151.909,8443,6/3/2015,5/25/2015,17:04:34,7,30.2,AH0,252,32.7968664,Day,F,L,A,MYSE
151.909,8443,6/3/2015,5/30/2015,17:04:34,7,34.3,AH0,251,37.8070131,Day,F,L,A,MYSE
151.909,8443,6/3/2015,5/24/2015,17:04:36,7,31.5,AH0,255,34.8011375,Day,F,L,A,MYSE
151.909,8443,6/3/2015,5/30/2015,17:04:36,7,34.3,AH0,252,37.8070131,Day,F,L,A,MYSE
151.909,8443,6/3/2015,5/24/2015,17:04:38,7,31.5,AH0,255,34.8011375,Day,F,L,A,MYSE
151.909,8443,6/3/2015,5/26/2015,17:04:38,7,32.1,AH0,252,35.5877213,Day,F,L,A,MYSE
151.909,8443,6/3/2015,5/24/2015,17:04:39,7,31.5,AH0,255,34.8011375,Day,F,L,A,MYSE
151.909,8443,6/3/2015,5/26/2015,17:04:40,7,32.1,AH0,253,35.5877213,Day,F,L,A,MYSE
151.909,8443,6/3/2015,5/26/2015,17:04:42,7,32.1,AH0,252,35.5877213,Day,F,L,A,MYSE
151.909,8443,6/3/2015,5/26/2015,17:04:43,7,32.1,AH0,253,35.5877213,Day,F,L,A,MYSE
151.909,8443,6/3/2015,5/28/2015,17:04:43,7,31.8,AH0,115,35.2048856,Day,F,L,A,MYSE
151.909,8443,6/3/2015,5/26/2015,17:04:45,7,32.1,AH0,251,35.5877213,Day,F,L,A,MYSE
151.909,8443,6/3/2015,5/28/2015,17:04:45,7,31.7,AH0,115,35.0726529,Day,F,L,A,MYSE
151.909,8443,6/3/2015,5/28/2015,17:04:47,7,31.7,AH0,117,35.0726529,Day,F,L,A,MYSE
151.909,8443,6/3/2015,5/25/2015,17:04:48,7,30.2,AH0,253,32.7968664,Day,F,L,A,MYSE
151.909,8443,6/3/2015,5/28/2015,17:04:48,7,31.6,AH0,115,34.9380768,Day,F,L,A,MYSE
151.909,8443,6/3/2015,5/29/2015,17:04:48,7,31.5,AH0,249,34.8011375,Day,F,L,A,MYSE
151.909,8443,6/3/2015,5/25/2015,17:04:50,7,30.2,AH0,252,32.7968664,Day,F,L,A,MYSE
151.909,8443,6/3/2015,5/29/2015,17:04:50,7,31.5,AH0,252,34.8011375,Day,F,L,A,MYSE
151.909,8443,6/3/2015,5/30/2015,17:04:50,7,34.5,AH0,252,37.9617125,Day,F,L,A,MYSE
151.909,8443,6/3/2015,5/25/2015,17:04:52,7,30.2,AH0,253,32.7968664,Day,F,L,A,MYSE
151.909,8443,6/3/2015,5/29/2015,17:04:52,7,31.5,AH0,251,34.8011375,Day,F,L,A,MYSE
151.909,8443,6/3/2015,5/30/2015,17:04:52,7,34.5,AH0,251,37.9617125,Day,F,L,A,MYSE
151.909,8443,6/3/2015,5/24/2015,17:04:53,7,31.5,AH0,255,34.8011375,Day,F,L,A,MYSE
151.909,8443,6/3/2015,5/30/2015,17:04:53,7,34.5,AH0,252,37.9617125,Day,F,L,A,MYSE
151.909,8443,6/3/2015,5/25/2015,17:04:54,7,30.2,AH0,253,32.7968664,Day,F,L,A,MYSE
151.909,8443,6/3/2015,5/29/2015,17:04:54,7,31.5,AH0,250,34.8011375,Day,F,L,A,MYSE
151.909,8443,6/3/2015,5/24/2015,17:04:55,7,31.4,AH0,255,34.6618152,Day,F,L,A,MYSE
151.909,8443,6/3/2015,5/30/2015,17:04:55,7,34.5,AH0,251,37.9617125,Day,F,L,A,MYSE
151.909,8443,6/3/2015,5/24/2015,17:04:57,7,31.5,AH0,255,34.8011375,Day,F,L,A,MYSE
151.909,8443,6/3/2015,5/26/2015,17:04:58,7,32.1,AH0,251,35.5877213,Day,F,L,A,MYSE
151.909,8443,6/3/2015,5/24/2015,17:04:59,7,31.5,AH0,255,34.8011375,Day,F,L,A,MYSE
151.909,8443,6/3/2015,5/24/2015,17:05:00,7,31.4,AH0,255,34.6618152,Day,F,L,A,MYSE
151.909,8443,6/3/2015,5/26/2015,17:05:00,7,32.2,AH0,254,35.7107784,Day,F,L,A,MYSE
151.909,8443,6/3/2015,5/26/2015,17:05:02,7,32.1,AH0,252,35.5877213,Day,F,L,A,MYSE
151.909,8443,6/3/2015,5/28/2015,17:05:02,7,31.5,AH0,118,34.8011375,Day,F,L,A,MYSE
151.909,8443,6/3/2015,5/26/2015,17:05:04,7,32.2,AH0,253,35.7107784,Day,F,L,A,MYSE
151.909,8443,6/3/2015,5/28/2015,17:05:04,7,31.5,AH0,114,34.8011375,Day,F,L,A,MYSE
151.909,8443,6/3/2015,5/28/2015,17:05:06,7,31.4,AH0,112,34.6618152,Day,F,L,A,MYSE
151.909,8443,6/3/2015,5/29/2015,17:05:07,7,31.5,AH0,249,34.8011375,Day,F,L,A,MYSE
151.909,8443,6/3/2015,5/25/2015,17:05:08,7,30.3,AH0,252,32.9663291,Day,F,L,A,MYSE
151.909,8443,6/3/2015,5/28/2015,17:05:08,7,31.4,AH0,115,34.6618152,Day,F,L,A,MYSE
151.909,8443,6/3/2015,5/28/2015,17:05:09,7,31.4,AH0,120,34.6618152,Day,F,L,A,MYSE
151.909,8443,6/3/2015,5/29/2015,17:05:09,7,31.5,AH0,250,34.8011375,Day,F,L,A,MYSE
151.909,8443,6/3/2015,5/30/2015,17:05:09,7,34.6,AH0,251,38.0363688,Day,F,L,A,MYSE
151.909,8443,6/3/2015,5/25/2015,17:05:10,7,30.3,AH0,253,32.9663291,Day,F,L,A,MYSE
151.909,8443,6/3/2015,5/29/2015,17:05:11,7,31.4,AH0,248,34.6618152,Day,F,L,A,MYSE
151.909,8443,6/3/2015,5/30/2015,17:05:11,7,34.6,AH0,251,38.0363688,Day,F,L,A,MYSE
151.909,8443,6/3/2015,5/25/2015,17:05:12,7,30.3,AH0,252,32.9663291,Day,F,L,A,MYSE
151.909,8443,6/3/2015,5/30/2015,17:05:12,7,34.6,AH0,250,38.0363688,Day,F,L,A,MYSE
151.909,8443,6/3/2015,5/29/2015,17:05:13,7,31.5,AH0,249,34.8011375,Day,F,L,A,MYSE
151.909,8443,6/3/2015,5/24/2015,17:05:14,7,31.4,AH0,255,34.6618152,Day,F,L,A,MYSE
151.909,8443,6/3/2015,5/25/2015,17:05:14,7,30.3,AH0,254,32.9663291,Day,F,L,A,MYSE
151.909,8443,6/3/2015,5/30/2015,17:05:14,7,34.6,AH0,250,38.0363688,Day,F,L,A,MYSE
151.909,8443,6/3/2015,5/24/2015,17:05:16,7,31.4,AH0,255,34.6618152,Day,F,L,A,MYSE
151.909,8443,6/3/2015,5/30/2015,17:05:16,7,34.6,AH0,251,38.0363688,Day,F,L,A,MYSE
151.909,8443,6/3/2015,5/24/2015,17:05:18,7,31.4,AH0,255,34.6618152,Day,F,L,A,MYSE
151.909,8443,6/3/2015,5/26/2015,17:05:19,7,32.2,AH0,253,35.7107784,Day,F,L,A,MYSE
151.909,8443,6/3/2015,5/24/2015,17:05:20,7,31.4,AH0,255,34.6618152,Day,F,L,A,MYSE
151.909,8443,6/3/2015,5/26/2015,17:05:21,7,32.2,AH0,253,35.7107784,Day,F,L,A,MYSE
151.909,8443,6/3/2015,5/26/2015,17:05:23,7,32.2,AH0,252,35.7107784,Day,F,L,A,MYSE
151.909,8443,6/3/2015,5/28/2015,17:05:23,7,31.1,AH0,126,34.2293523,Day,F,L,A,MYSE
151.909,8443,6/3/2015,5/26/2015,17:05:24,7,32.2,AH0,254,35.7107784,Day,F,L,A,MYSE
151.909,8443,6/3/2015,5/28/2015,17:05:25,7,31.1,AH0,126,34.2293523,Day,F,L,A,MYSE
151.909,8443,6/3/2015,5/25/2015,17:05:27,7,30.4,AH0,253,33.1331712,Day,F,L,A,MYSE
151.909,8443,6/3/2015,5/28/2015,17:05:27,7,31,AH0,126,34.0803,Day,F,L,A,MYSE
151.909,8443,6/3/2015,5/29/2015,17:05:28,7,31.4,AH0,248,34.6618152,Day,F,L,A,MYSE
151.909,8443,6/3/2015,5/25/2015,17:05:29,7,30.4,AH0,253,33.1331712,Day,F,L,A,MYSE
151.909,8443,6/3/2015,5/28/2015,17:05:29,7,31,AH0,125,34.0803,Day,F,L,A,MYSE
151.909,8443,6/3/2015,5/29/2015,17:05:30,7,31.4,AH0,250,34.6618152,Day,F,L,A,MYSE
151.909,8443,6/3/2015,5/30/2015,17:05:30,7,34.6,AH0,248,38.0363688,Day,F,L,A,MYSE
151.909,8443,6/3/2015,5/25/2015,17:05:31,7,30.4,AH0,254,33.1331712,Day,F,L,A,MYSE
151.909,8443,6/3/2015,5/30/2015,17:05:31,7,34.6,AH0,252,38.0363688,Day,F,L,A,MYSE
151.909,8443,6/3/2015,5/29/2015,17:05:32,7,31.4,AH0,252,34.6618152,Day,F,L,A,MYSE
151.909,8443,6/3/2015,5/24/2015,17:05:33,7,31.5,AH0,255,34.8011375,Day,F,L,A,MYSE
151.909,8443,6/3/2015,5/25/2015,17:05:33,7,30.4,AH0,253,33.1331712,Day,F,L,A,MYSE
151.909,8443,6/3/2015,5/30/2015,17:05:33,7,34.6,AH0,252,38.0363688,Day,F,L,A,MYSE
151.909,8443,6/3/2015,5/29/2015,17:05:34,7,31.4,AH0,250,34.6618152,Day,F,L,A,MYSE
151.909,8443,6/3/2015,5/24/2015,17:05:35,7,31.4,AH0,255,34.6618152,Day,F,L,A,MYSE
151.909,8443,6/3/2015,5/30/2015,17:05:35,7,34.6,AH0,251,38.0363688,Day,F,L,A,MYSE
151.909,8443,6/3/2015,5/24/2015,17:05:37,7,31.4,AH0,255,34.6618152,Day,F,L,A,MYSE
151.909,8443,6/3/2015,5/24/2015,17:05:39,7,31.4,AH0,255,34.6618152,Day,F,L,A,MYSE
151.909,8443,6/3/2015,5/26/2015,17:05:39,7,32.2,AH0,253,35.7107784,Day,F,L,A,MYSE
151.909,8443,6/3/2015,5/24/2015,17:05:41,7,31.4,AH0,255,34.6618152,Day,F,L,A,MYSE
151.909,8443,6/3/2015,5/26/2015,17:05:41,7,32.2,AH0,252,35.7107784,Day,F,L,A,MYSE
151.909,8443,6/3/2015,5/28/2015,17:05:42,7,30.7,AH0,125,33.6181719,Day,F,L,A,MYSE
151.909,8443,6/3/2015,5/26/2015,17:05:43,7,32.2,AH0,250,35.7107784,Day,F,L,A,MYSE
151.909,8443,6/3/2015,5/28/2015,17:05:44,7,30.6,AH0,122,33.4590728,Day,F,L,A,MYSE
151.909,8443,6/3/2015,5/26/2015,17:05:45,7,32.2,AH0,252,35.7107784,Day,F,L,A,MYSE
151.909,8443,6/3/2015,5/28/2015,17:05:46,7,30.6,AH0,120,33.4590728,Day,F,L,A,MYSE
151.909,8443,6/3/2015,5/25/2015,17:05:47,7,30.5,AH0,253,33.2974125,Day,F,L,A,MYSE
151.909,8443,6/3/2015,5/28/2015,17:05:48,7,30.6,AH0,123,33.4590728,Day,F,L,A,MYSE
151.909,8443,6/3/2015,5/29/2015,17:05:48,7,31.4,AH0,252,34.6618152,Day,F,L,A,MYSE
151.909,8443,6/3/2015,5/25/2015,17:05:49,7,30.5,AH0,252,33.2974125,Day,F,L,A,MYSE
151.909,8443,6/3/2015,5/29/2015,17:05:49,7,31.4,AH0,252,34.6618152,Day,F,L,A,MYSE
151.909,8443,6/3/2015,5/30/2015,17:05:49,7,34.6,AH0,251,38.0363688,Day,F,L,A,MYSE
151.909,8443,6/3/2015,5/25/2015,17:05:51,7,30.5,AH0,253,33.2974125,Day,F,L,A,MYSE
151.909,8443,6/3/2015,5/29/2015,17:05:51,7,31.4,AH0,249,34.6618152,Day,F,L,A,MYSE
151.909,8443,6/3/2015,5/30/2015,17:05:51,7,34.6,AH0,249,38.0363688,Day,F,L,A,MYSE
151.909,8443,6/3/2015,5/30/2015,17:05:52,7,34.6,AH0,252,38.0363688,Day,F,L,A,MYSE
151.909,8443,6/3/2015,5/25/2015,17:05:53,7,30.5,AH0,253,33.2974125,Day,F,L,A,MYSE
151.909,8443,6/3/2015,5/29/2015,17:05:53,7,31.4,AH0,252,34.6618152,Day,F,L,A,MYSE
151.909,8443,6/3/2015,5/24/2015,17:05:54,7,31.4,AH0,255,34.6618152,Day,F,L,A,MYSE
151.909,8443,6/3/2015,5/30/2015,17:05:54,7,34.6,AH0,251,38.0363688,Day,F,L,A,MYSE
151.909,8443,6/3/2015,5/31/2015,17:05:54,7,114.5,AH0,24,1215.519713,Day,F,L,A,MYSE
151.909,8443,6/3/2015,5/24/2015,17:05:56,7,31.4,AH0,255,34.6618152,Day,F,L,A,MYSE
151.909,8443,6/3/2015,5/30/2015,17:05:56,7,34.6,AH0,250,38.0363688,Day,F,L,A,MYSE
151.909,8443,6/3/2015,5/24/2015,17:05:58,7,31.4,AH0,255,34.6618152,Day,F,L,A,MYSE
151.909,8443,6/3/2015,5/26/2015,17:05:58,7,32.2,AH0,253,35.7107784,Day,F,L,A,MYSE
151.909,8443,6/3/2015,5/24/2015,17:06:00,7,31.4,AH0,255,34.6618152,Day,F,L,A,MYSE
151.909,8443,6/3/2015,5/26/2015,17:06:00,7,32.2,AH0,253,35.7107784,Day,F,L,A,MYSE
151.909,8443,6/3/2015,5/26/2015,17:06:02,7,32.2,AH0,253,35.7107784,Day,F,L,A,MYSE
151.909,8443,6/3/2015,5/28/2015,17:06:02,7,30.4,AH0,133,33.1331712,Day,F,L,A,MYSE
151.909,8443,6/3/2015,5/26/2015,17:06:04,7,32.2,AH0,251,35.7107784,Day,F,L,A,MYSE
151.909,8443,6/3/2015,5/28/2015,17:06:04,7,30.4,AH0,128,33.1331712,Day,F,L,A,MYSE
151.909,8443,6/3/2015,5/26/2015,17:06:05,7,32.2,AH0,254,35.7107784,Day,F,L,A,MYSE
151.909,8443,6/3/2015,5/28/2015,17:06:06,7,30.3,AH0,129,32.9663291,Day,F,L,A,MYSE
151.909,8443,6/3/2015,5/25/2015,17:06:07,7,30.6,AH0,254,33.4590728,Day,F,L,A,MYSE
151.909,8443,6/3/2015,5/28/2015,17:06:08,7,30.3,AH0,130,32.9663291,Day,F,L,A,MYSE
151.909,8443,6/3/2015,5/25/2015,17:06:09,7,30.6,AH0,252,33.4590728,Day,F,L,A,MYSE
151.909,8443,6/3/2015,5/29/2015,17:06:09,7,31.4,AH0,253,34.6618152,Day,F,L,A,MYSE
151.909,8443,6/3/2015,5/29/2015,17:06:10,7,31.4,AH0,250,34.6618152,Day,F,L,A,MYSE
151.909,8443,6/3/2015,5/30/2015,17:06:10,7,34.6,AH0,251,38.0363688,Day,F,L,A,MYSE
151.909,8443,6/3/2015,5/25/2015,17:06:11,7,30.6,AH0,254,33.4590728,Day,F,L,A,MYSE
151.909,8443,6/3/2015,5/30/2015,17:06:11,7,34.6,AH0,251,38.0363688,Day,F,L,A,MYSE
151.909,8443,6/3/2015,5/29/2015,17:06:12,7,31.4,AH0,251,34.6618152,Day,F,L,A,MYSE
151.909,8443,6/3/2015,5/24/2015,17:06:13,7,31.4,AH0,255,34.6618152,Day,F,L,A,MYSE
151.909,8443,6/3/2015,5/25/2015,17:06:13,7,30.6,AH0,253,33.4590728,Day,F,L,A,MYSE
151.909,8443,6/3/2015,5/30/2015,17:06:13,7,34.5,AH0,247,37.9617125,Day,F,L,A,MYSE
151.909,8443,6/3/2015,5/29/2015,17:06:14,7,31.4,AH0,251,34.6618152,Day,F,L,A,MYSE
151.909,8443,6/3/2015,5/24/2015,17:06:15,7,31.4,AH0,255,34.6618152,Day,F,L,A,MYSE
151.909,8443,6/3/2015,5/30/2015,17:06:15,7,34.6,AH0,250,38.0363688,Day,F,L,A,MYSE
151.909,8443,6/3/2015,5/24/2015,17:06:17,7,31.4,AH0,255,34.6618152,Day,F,L,A,MYSE
151.909,8443,6/3/2015,5/26/2015,17:06:18,7,32.2,AH0,253,35.7107784,Day,F,L,A,MYSE
151.909,8443,6/3/2015,5/24/2015,17:06:19,7,31.4,AH0,255,34.6618152,Day,F,L,A,MYSE
151.909,8443,6/3/2015,5/26/2015,17:06:20,7,32.2,AH0,254,35.7107784,Day,F,L,A,MYSE
151.909,8443,6/3/2015,5/24/2015,17:06:21,7,31.4,AH0,255,34.6618152,Day,F,L,A,MYSE
151.909,8443,6/3/2015,5/26/2015,17:06:22,7,32.2,AH0,253,35.7107784,Day,F,L,A,MYSE
151.909,8443,6/3/2015,5/28/2015,17:06:22,7,30.3,AH0,138,32.9663291,Day,F,L,A,MYSE
151.909,8443,6/3/2015,5/26/2015,17:06:24,7,32.2,AH0,253,35.7107784,Day,F,L,A,MYSE
151.909,8443,6/3/2015,5/28/2015,17:06:24,7,30.3,AH0,154,32.9663291,Day,F,L,A,MYSE
151.909,8443,6/3/2015,5/28/2015,17:06:26,7,30.3,AH0,114,32.9663291,Day,F,L,A,MYSE
151.909,8443,6/3/2015,5/25/2015,17:06:28,7,30.7,AH0,252,33.6181719,Day,F,L,A,MYSE
151.909,8443,6/3/2015,5/28/2015,17:06:28,7,30.3,AH0,121,32.9663291,Day,F,L,A,MYSE
151.909,8443,6/3/2015,5/29/2015,17:06:28,7,31.5,AH0,252,34.8011375,Day,F,L,A,MYSE
151.909,8443,6/3/2015,5/30/2015,17:06:29,7,34.6,AH0,251,38.0363688,Day,F,L,A,MYSE
151.909,8443,6/3/2015,5/25/2015,17:06:30,7,30.7,AH0,253,33.6181719,Day,F,L,A,MYSE
151.909,8443,6/3/2015,5/29/2015,17:06:30,7,31.5,AH0,248,34.8011375,Day,F,L,A,MYSE
151.909,8443,6/3/2015,5/30/2015,17:06:30,7,34.6,AH0,251,38.0363688,Day,F,L,A,MYSE
151.909,8443,6/3/2015,5/29/2015,17:06:31,7,31.5,AH0,249,34.8011375,Day,F,L,A,MYSE
151.909,8443,6/3/2015,5/25/2015,17:06:32,7,30.7,AH0,252,33.6181719,Day,F,L,A,MYSE
151.909,8443,6/3/2015,5/30/2015,17:06:32,7,34.6,AH0,247,38.0363688,Day,F,L,A,MYSE
151.909,8443,6/3/2015,5/29/2015,17:06:33,7,31.5,AH0,249,34.8011375,Day,F,L,A,MYSE
151.909,8443,6/3/2015,5/24/2015,17:06:34,7,31.5,AH0,255,34.8011375,Day,F,L,A,MYSE
151.909,8443,6/3/2015,5/25/2015,17:06:34,7,30.7,AH0,252,33.6181719,Day,F,L,A,MYSE
151.909,8443,6/3/2015,5/30/2015,17:06:34,7,34.6,AH0,249,38.0363688,Day,F,L,A,MYSE
151.909,8443,6/3/2015,5/24/2015,17:06:36,7,31.5,AH0,255,34.8011375,Day,F,L,A,MYSE
151.909,8443,6/3/2015,5/30/2015,17:06:36,7,34.6,AH0,251,38.0363688,Day,F,L,A,MYSE
151.909,8443,6/3/2015,5/24/2015,17:06:38,7,31.5,AH0,255,34.8011375,Day,F,L,A,MYSE
151.909,8443,6/3/2015,5/26/2015,17:06:39,7,32.3,AH0,254,35.8315911,Day,F,L,A,MYSE
151.909,8443,6/3/2015,5/24/2015,17:06:40,7,31.5,AH0,255,34.8011375,Day,F,L,A,MYSE
151.909,8443,6/3/2015,5/26/2015,17:06:41,7,32.2,AH0,253,35.7107784,Day,F,L,A,MYSE
151.909,8443,6/3/2015,5/28/2015,17:06:42,7,30.1,AH0,124,32.6247633,Day,F,L,A,MYSE
151.909,8443,6/3/2015,5/26/2015,17:06:43,7,32.3,AH0,253,35.8315911,Day,F,L,A,MYSE
151.909,8443,6/3/2015,5/28/2015,17:06:44,7,30.1,AH0,122,32.6247633,Day,F,L,A,MYSE
151.909,8443,6/3/2015,5/26/2015,17:06:45,7,32.2,AH0,253,35.7107784,Day,F,L,A,MYSE
151.909,8443,6/3/2015,5/28/2015,17:06:46,7,30.1,AH0,124,32.6247633,Day,F,L,A,MYSE
151.909,8443,6/3/2015,5/25/2015,17:06:48,7,30.8,AH0,252,33.7747296,Day,F,L,A,MYSE
151.909,8443,6/3/2015,5/28/2015,17:06:48,7,30,AH0,123,32.45,Day,F,L,A,MYSE
151.909,8443,6/3/2015,5/28/2015,17:06:49,7,54.1,AH0,18,43.2533793,Day,F,L,A,MYSE
151.909,8443,6/3/2015,5/29/2015,17:06:49,7,31.5,AH0,251,34.8011375,Day,F,L,A,MYSE
151.909,8443,6/3/2015,5/25/2015,17:06:50,7,30.8,AH0,253,33.7747296,Day,F,L,A,MYSE
151.909,8443,6/3/2015,5/29/2015,17:06:50,7,31.5,AH0,251,34.8011375,Day,F,L,A,MYSE
151.909,8443,6/3/2015,5/30/2015,17:06:50,7,34.6,AH0,249,38.0363688,Day,F,L,A,MYSE
151.909,8443,6/3/2015,5/30/2015,17:06:51,7,34.6,AH0,250,38.0363688,Day,F,L,A,MYSE
151.909,8443,6/3/2015,5/25/2015,17:06:52,7,30.8,AH0,252,33.7747296,Day,F,L,A,MYSE
151.909,8443,6/3/2015,5/29/2015,17:06:52,7,31.5,AH0,251,34.8011375,Day,F,L,A,MYSE
151.909,8443,6/3/2015,5/24/2015,17:06:53,7,31.4,AH0,255,34.6618152,Day,F,L,A,MYSE
151.909,8443,6/3/2015,5/30/2015,17:06:53,7,34.6,AH0,252,38.0363688,Day,F,L,A,MYSE
151.909,8443,6/3/2015,5/25/2015,17:06:54,7,30.8,AH0,252,33.7747296,Day,F,L,A,MYSE
151.909,8443,6/3/2015,5/29/2015,17:06:54,7,31.5,AH0,249,34.8011375,Day,F,L,A,MYSE
151.909,8443,6/3/2015,5/24/2015,17:06:55,7,31.4,AH0,255,34.6618152,Day,F,L,A,MYSE
151.909,8443,6/3/2015,5/30/2015,17:06:55,7,34.6,AH0,250,38.0363688,Day,F,L,A,MYSE
151.909,8443,6/3/2015,5/24/2015,17:06:57,7,31.4,AH0,255,34.6618152,Day,F,L,A,MYSE
151.909,8443,6/3/2015,5/26/2015,17:06:58,7,32.6,AH0,253,36.1807608,Day,F,L,A,MYSE
151.909,8443,6/3/2015,5/24/2015,17:06:59,7,31.4,AH0,255,34.6618152,Day,F,L,A,MYSE
151.909,8443,6/3/2015,5/26/2015,17:06:59,7,32.3,AH0,254,35.8315911,Day,F,L,A,MYSE
151.909,8443,6/3/2015,5/26/2015,17:07:01,7,32.3,AH0,254,35.8315911,Day,F,L,A,MYSE
151.909,8443,6/3/2015,5/28/2015,17:07:02,7,29.9,AH0,126,32.2725567,Day,F,L,A,MYSE
151.909,8443,6/3/2015,5/26/2015,17:07:03,7,32.3,AH0,254,35.8315911,Day,F,L,A,MYSE
151.909,8443,6/3/2015,5/28/2015,17:07:04,7,29.9,AH0,121,32.2725567,Day,F,L,A,MYSE
151.909,8443,6/3/2015,5/26/2015,17:07:05,7,32.3,AH0,253,35.8315911,Day,F,L,A,MYSE
151.909,8443,6/3/2015,5/28/2015,17:07:06,7,29.9,AH0,120,32.2725567,Day,F,L,A,MYSE
151.909,8443,6/3/2015,5/25/2015,17:07:07,7,30.8,AH0,251,33.7747296,Day,F,L,A,MYSE
151.909,8443,6/3/2015,5/28/2015,17:07:08,7,29.9,AH0,122,32.2725567,Day,F,L,A,MYSE
151.909,8443,6/3/2015,5/29/2015,17:07:08,7,31.5,AH0,251,34.8011375,Day,F,L,A,MYSE
151.909,8443,6/3/2015,5/25/2015,17:07:09,7,30.8,AH0,250,33.7747296,Day,F,L,A,MYSE
151.909,8443,6/3/2015,5/30/2015,17:07:09,7,34.7,AH0,250,38.1092559,Day,F,L,A,MYSE
151.909,8443,6/3/2015,5/29/2015,17:07:10,7,31.5,AH0,252,34.8011375,Day,F,L,A,MYSE
151.909,8443,6/3/2015,5/30/2015,17:07:10,7,34.7,AH0,249,38.1092559,Day,F,L,A,MYSE
151.909,8443,6/3/2015,5/25/2015,17:07:11,7,30.8,AH0,253,33.7747296,Day,F,L,A,MYSE
151.909,8443,6/3/2015,5/29/2015,17:07:11,7,31.6,AH0,251,34.9380768,Day,F,L,A,MYSE
151.909,8443,6/3/2015,5/30/2015,17:07:12,7,34.7,AH0,251,38.1092559,Day,F,L,A,MYSE
151.909,8443,6/3/2015,5/25/2015,17:07:13,7,30.8,AH0,251,33.7747296,Day,F,L,A,MYSE
151.909,8443,6/3/2015,5/29/2015,17:07:13,7,31.6,AH0,253,34.9380768,Day,F,L,A,MYSE
151.909,8443,6/3/2015,5/24/2015,17:07:14,7,31.4,AH0,255,34.6618152,Day,F,L,A,MYSE
151.909,8443,6/3/2015,5/30/2015,17:07:14,7,34.7,AH0,252,38.1092559,Day,F,L,A,MYSE
151.909,8443,6/3/2015,5/24/2015,17:07:16,7,31.4,AH0,255,34.6618152,Day,F,L,A,MYSE
151.909,8443,6/3/2015,5/30/2015,17:07:16,7,34.7,AH0,250,38.1092559,Day,F,L,A,MYSE
151.909,8443,6/3/2015,5/24/2015,17:07:18,7,31.3,AH0,255,34.5200901,Day,F,L,A,MYSE
151.909,8443,6/3/2015,5/26/2015,17:07:18,7,32.4,AH0,253,35.9501792,Day,F,L,A,MYSE
151.909,8443,6/3/2015,5/24/2015,17:07:20,7,31.3,AH0,255,34.5200901,Day,F,L,A,MYSE
151.909,8443,6/3/2015,5/26/2015,17:07:20,7,32.4,AH0,254,35.9501792,Day,F,L,A,MYSE
151.909,8443,6/3/2015,5/26/2015,17:07:22,7,32.4,AH0,254,35.9501792,Day,F,L,A,MYSE
151.909,8443,6/3/2015,5/28/2015,17:07:22,7,29.8,AH0,112,32.0924136,Day,F,L,A,MYSE
151.909,8443,6/3/2015,5/26/2015,17:07:24,7,32.4,AH0,254,35.9501792,Day,F,L,A,MYSE
151.909,8443,6/3/2015,5/28/2015,17:07:24,7,29.9,AH0,117,32.2725567,Day,F,L,A,MYSE
151.909,8443,6/3/2015,5/26/2015,17:07:25,7,32.4,AH0,254,35.9501792,Day,F,L,A,MYSE
151.909,8443,6/3/2015,5/28/2015,17:07:26,7,29.9,AH0,116,32.2725567,Day,F,L,A,MYSE
151.909,8443,6/3/2015,5/25/2015,17:07:27,7,30.8,AH0,251,33.7747296,Day,F,L,A,MYSE
151.909,8443,6/3/2015,5/28/2015,17:07:28,7,29.8,AH0,121,32.0924136,Day,F,L,A,MYSE
151.909,8443,6/3/2015,5/25/2015,17:07:29,7,30.8,AH0,251,33.7747296,Day,F,L,A,MYSE
151.909,8443,6/3/2015,5/29/2015,17:07:29,7,31.6,AH0,250,34.9380768,Day,F,L,A,MYSE
151.909,8443,6/3/2015,5/30/2015,17:07:29,7,34.7,AH0,250,38.1092559,Day,F,L,A,MYSE
151.909,8443,6/3/2015,5/29/2015,17:07:30,7,31.6,AH0,252,34.9380768,Day,F,L,A,MYSE
151.909,8443,6/3/2015,5/25/2015,17:07:31,7,30.7,AH0,251,33.6181719,Day,F,L,A,MYSE
151.909,8443,6/3/2015,5/30/2015,17:07:31,7,34.7,AH0,251,38.1092559,Day,F,L,A,MYSE
151.909,8443,6/3/2015,5/29/2015,17:07:32,7,31.6,AH0,246,34.9380768,Day,F,L,A,MYSE
151.909,8443,6/3/2015,5/24/2015,17:07:33,7,31.5,AH0,255,34.8011375,Day,F,L,A,MYSE
151.909,8443,6/3/2015,5/25/2015,17:07:33,7,30.7,AH0,252,33.6181719,Day,F,L,A,MYSE
151.909,8443,6/3/2015,5/30/2015,17:07:33,7,34.7,AH0,251,38.1092559,Day,F,L,A,MYSE
151.909,8443,6/3/2015,5/29/2015,17:07:34,7,31.6,AH0,246,34.9380768,Day,F,L,A,MYSE
151.909,8443,6/3/2015,5/24/2015,17:07:35,7,31.5,AH0,255,34.8011375,Day,F,L,A,MYSE
151.909,8443,6/3/2015,5/30/2015,17:07:35,7,34.7,AH0,250,38.1092559,Day,F,L,A,MYSE
151.909,8443,6/3/2015,5/30/2015,17:07:36,7,34.7,AH0,251,38.1092559,Day,F,L,A,MYSE
151.909,8443,6/3/2015,5/24/2015,17:07:37,7,31.5,AH0,255,34.8011375,Day,F,L,A,MYSE
151.909,8443,6/3/2015,5/26/2015,17:07:38,7,32.3,AH0,253,35.8315911,Day,F,L,A,MYSE
151.909,8443,6/3/2015,5/24/2015,17:07:39,7,31.5,AH0,255,34.8011375,Day,F,L,A,MYSE
151.909,8443,6/3/2015,5/26/2015,17:07:40,7,32.3,AH0,254,35.8315911,Day,F,L,A,MYSE
151.909,8443,6/3/2015,5/26/2015,17:07:42,7,32.3,AH0,253,35.8315911,Day,F,L,A,MYSE
151.909,8443,6/3/2015,5/28/2015,17:07:42,7,29.8,AH0,119,32.0924136,Day,F,L,A,MYSE
151.909,8443,6/3/2015,5/26/2015,17:07:44,7,32.3,AH0,253,35.8315911,Day,F,L,A,MYSE
151.909,8443,6/3/2015,5/28/2015,17:07:44,7,29.8,AH0,123,32.0924136,Day,F,L,A,MYSE
151.909,8443,6/3/2015,5/28/2015,17:07:46,7,29.8,AH0,121,32.0924136,Day,F,L,A,MYSE
151.909,8443,6/3/2015,5/25/2015,17:07:48,7,30.7,AH0,253,33.6181719,Day,F,L,A,MYSE
151.909,8443,6/3/2015,5/28/2015,17:07:48,7,29.7,AH0,123,31.9095509,Day,F,L,A,MYSE
151.909,8443,6/3/2015,5/29/2015,17:07:48,7,31.6,AH0,252,34.9380768,Day,F,L,A,MYSE
151.909,8443,6/3/2015,5/30/2015,17:07:48,7,34.7,AH0,251,38.1092559,Day,F,L,A,MYSE
151.909,8443,6/3/2015,5/29/2015,17:07:49,7,31.6,AH0,248,34.9380768,Day,F,L,A,MYSE
151.909,8443,6/3/2015,5/25/2015,17:07:50,7,30.7,AH0,253,33.6181719,Day,F,L,A,MYSE
151.909,8443,6/3/2015,5/30/2015,17:07:50,7,34.7,AH0,252,38.1092559,Day,F,L,A,MYSE
151.909,8443,6/3/2015,5/29/2015,17:07:51,7,31.6,AH0,250,34.9380768,Day,F,L,A,MYSE
151.909,8443,6/3/2015,5/25/2015,17:07:52,7,30.6,AH0,252,33.4590728,Day,F,L,A,MYSE
151.909,8443,6/3/2015,5/30/2015,17:07:52,7,34.7,AH0,252,38.1092559,Day,F,L,A,MYSE
151.909,8443,6/3/2015,5/29/2015,17:07:53,7,31.6,AH0,246,34.9380768,Day,F,L,A,MYSE
151.909,8443,6/3/2015,5/24/2015,17:07:54,7,31.6,AH0,255,34.9380768,Day,F,L,A,MYSE
151.909,8443,6/3/2015,5/25/2015,17:07:54,7,30.6,AH0,253,33.4590728,Day,F,L,A,MYSE
151.909,8443,6/3/2015,5/30/2015,17:07:54,7,34.7,AH0,252,38.1092559,Day,F,L,A,MYSE
151.909,8443,6/3/2015,5/30/2015,17:07:55,7,34.7,AH0,251,38.1092559,Day,F,L,A,MYSE
151.909,8443,6/3/2015,5/24/2015,17:07:56,7,31.6,AH0,255,34.9380768,Day,F,L,A,MYSE
151.909,8443,6/3/2015,5/24/2015,17:07:58,7,31.6,AH0,255,34.9380768,Day,F,L,A,MYSE
151.909,8443,6/3/2015,5/26/2015,17:07:59,7,32.2,AH0,253,35.7107784,Day,F,L,A,MYSE
151.909,8443,6/3/2015,5/24/2015,17:08:00,7,31.6,AH0,255,34.9380768,Day,F,L,A,MYSE
151.909,8443,6/3/2015,5/26/2015,17:08:01,7,32.2,AH0,254,35.7107784,Day,F,L,A,MYSE
151.909,8443,6/3/2015,5/28/2015,17:08:02,7,29.7,AH0,122,31.9095509,Day,F,L,A,MYSE
151.909,8443,6/3/2015,5/26/2015,17:08:03,7,32.2,AH0,252,35.7107784,Day,F,L,A,MYSE
151.909,8443,6/3/2015,5/26/2015,17:08:04,7,32.2,AH0,253,35.7107784,Day,F,L,A,MYSE
151.909,8443,6/3/2015,5/28/2015,17:08:04,7,29.7,AH0,120,31.9095509,Day,F,L,A,MYSE
151.909,8443,6/3/2015,5/28/2015,17:08:06,7,29.7,AH0,125,31.9095509,Day,F,L,A,MYSE
151.909,8443,6/3/2015,5/25/2015,17:08:08,7,30.6,AH0,251,33.4590728,Day,F,L,A,MYSE
151.909,8443,6/3/2015,5/28/2015,17:08:08,7,29.7,AH0,112,31.9095509,Day,F,L,A,MYSE
151.909,8443,6/3/2015,5/29/2015,17:08:08,7,31.6,AH0,249,34.9380768,Day,F,L,A,MYSE
151.909,8443,6/3/2015,5/30/2015,17:08:09,7,34.7,AH0,253,38.1092559,Day,F,L,A,MYSE
151.909,8443,6/3/2015,5/25/2015,17:08:10,7,30.6,AH0,251,33.4590728,Day,F,L,A,MYSE
151.909,8443,6/3/2015,5/29/2015,17:08:10,7,31.6,AH0,249,34.9380768,Day,F,L,A,MYSE
151.909,8443,6/3/2015,5/30/2015,17:08:11,7,34.7,AH0,251,38.1092559,Day,F,L,A,MYSE
151.909,8443,6/3/2015,5/25/2015,17:08:12,7,30.6,AH0,250,33.4590728,Day,F,L,A,MYSE
151.909,8443,6/3/2015,5/29/2015,17:08:12,7,31.6,AH0,247,34.9380768,Day,F,L,A,MYSE
151.909,8443,6/3/2015,5/24/2015,17:08:13,7,31.6,AH0,255,34.9380768,Day,F,L,A,MYSE
151.909,8443,6/3/2015,5/30/2015,17:08:13,7,34.7,AH0,251,38.1092559,Day,F,L,A,MYSE
151.909,8443,6/3/2015,5/25/2015,17:08:14,7,30.6,AH0,248,33.4590728,Day,F,L,A,MYSE
151.909,8443,6/3/2015,5/29/2015,17:08:14,7,31.6,AH0,249,34.9380768,Day,F,L,A,MYSE
151.909,8443,6/3/2015,5/30/2015,17:08:14,7,34.7,AH0,252,38.1092559,Day,F,L,A,MYSE
151.909,8443,6/3/2015,5/24/2015,17:08:15,7,31.6,AH0,255,34.9380768,Day,F,L,A,MYSE
151.909,8443,6/3/2015,5/30/2015,17:08:16,7,34.7,AH0,250,38.1092559,Day,F,L,A,MYSE
151.909,8443,6/3/2015,5/24/2015,17:08:17,7,31.6,AH0,255,34.9380768,Day,F,L,A,MYSE
151.909,8443,6/3/2015,5/24/2015,17:08:19,7,31.6,AH0,255,34.9380768,Day,F,L,A,MYSE
151.909,8443,6/3/2015,5/26/2015,17:08:19,7,32.2,AH0,254,35.7107784,Day,F,L,A,MYSE
151.909,8443,6/3/2015,5/26/2015,17:08:21,7,32.2,AH0,252,35.7107784,Day,F,L,A,MYSE
151.909,8443,6/3/2015,5/28/2015,17:08:22,7,29.9,AH0,103,32.2725567,Day,F,L,A,MYSE
151.909,8443,6/3/2015,5/26/2015,17:08:23,7,32.2,AH0,252,35.7107784,Day,F,L,A,MYSE
151.909,8443,6/3/2015,5/28/2015,17:08:24,7,29.9,AH0,96,32.2725567,Day,F,L,A,MYSE
151.909,8443,6/3/2015,5/26/2015,17:08:25,7,32.2,AH0,252,35.7107784,Day,F,L,A,MYSE
151.909,8443,6/3/2015,5/28/2015,17:08:26,7,29.9,AH0,102,32.2725567,Day,F,L,A,MYSE
151.909,8443,6/3/2015,5/29/2015,17:08:27,7,31.6,AH0,247,34.9380768,Day,F,L,A,MYSE
151.909,8443,6/3/2015,5/25/2015,17:08:28,7,30.6,AH0,249,33.4590728,Day,F,L,A,MYSE
151.909,8443,6/3/2015,5/28/2015,17:08:28,7,29.9,AH0,109,32.2725567,Day,F,L,A,MYSE
151.909,8443,6/3/2015,5/30/2015,17:08:28,7,34.7,AH0,249,38.1092559,Day,F,L,A,MYSE
151.909,8443,6/3/2015,5/29/2015,17:08:29,7,31.6,AH0,246,34.9380768,Day,F,L,A,MYSE
151.909,8443,6/3/2015,5/25/2015,17:08:30,7,30.6,AH0,249,33.4590728,Day,F,L,A,MYSE
151.909,8443,6/3/2015,5/30/2015,17:08:30,7,34.7,AH0,251,38.1092559,Day,F,L,A,MYSE
151.909,8443,6/3/2015,5/29/2015,17:08:31,7,31.6,AH0,245,34.9380768,Day,F,L,A,MYSE
151.909,8443,6/3/2015,5/25/2015,17:08:32,7,30.6,AH0,250,33.4590728,Day,F,L,A,MYSE
151.909,8443,6/3/2015,5/30/2015,17:08:32,7,34.7,AH0,249,38.1092559,Day,F,L,A,MYSE
151.909,8443,6/3/2015,5/25/2015,17:08:33,7,30.6,AH0,249,33.4590728,Day,F,L,A,MYSE
151.909,8443,6/3/2015,5/29/2015,17:08:33,7,31.6,AH0,246,34.9380768,Day,F,L,A,MYSE
151.909,8443,6/3/2015,5/30/2015,17:08:33,7,34.7,AH0,251,38.1092559,Day,F,L,A,MYSE
151.909,8443,6/3/2015,5/24/2015,17:08:34,7,31.6,AH0,255,34.9380768,Day,F,L,A,MYSE
151.909,8443,6/3/2015,5/30/2015,17:08:35,7,34.7,AH0,251,38.1092559,Day,F,L,A,MYSE
151.909,8443,6/3/2015,5/24/2015,17:08:36,7,31.7,AH0,255,35.0726529,Day,F,L,A,MYSE
151.909,8443,6/3/2015,5/24/2015,17:08:38,7,31.7,AH0,255,35.0726529,Day,F,L,A,MYSE
151.909,8443,6/3/2015,5/26/2015,17:08:38,7,32.2,AH0,251,35.7107784,Day,F,L,A,MYSE
151.909,8443,6/3/2015,5/24/2015,17:08:40,7,31.7,AH0,255,35.0726529,Day,F,L,A,MYSE
151.909,8443,6/3/2015,5/26/2015,17:08:40,7,32.2,AH0,254,35.7107784,Day,F,L,A,MYSE
151.909,8443,6/3/2015,5/26/2015,17:08:42,7,32.2,AH0,254,35.7107784,Day,F,L,A,MYSE
151.909,8443,6/3/2015,5/28/2015,17:08:42,7,30,AH0,110,32.45,Day,F,L,A,MYSE
151.909,8443,6/3/2015,5/26/2015,17:08:44,7,32.2,AH0,253,35.7107784,Day,F,L,A,MYSE
151.909,8443,6/3/2015,5/28/2015,17:08:44,7,30,AH0,107,32.45,Day,F,L,A,MYSE
151.909,8443,6/3/2015,5/26/2015,17:08:45,7,32.2,AH0,254,35.7107784,Day,F,L,A,MYSE
151.909,8443,6/3/2015,5/28/2015,17:08:46,7,30.1,AH0,113,32.6247633,Day,F,L,A,MYSE
151.909,8443,6/3/2015,5/25/2015,17:08:47,7,30.6,AH0,247,33.4590728,Day,F,L,A,MYSE
151.909,8443,6/3/2015,5/28/2015,17:08:48,7,30.1,AH0,114,32.6247633,Day,F,L,A,MYSE
151.909,8443,6/3/2015,5/29/2015,17:08:48,7,31.6,AH0,247,34.9380768,Day,F,L,A,MYSE
151.909,8443,6/3/2015,5/25/2015,17:08:49,7,30.6,AH0,248,33.4590728,Day,F,L,A,MYSE
151.909,8443,6/3/2015,5/30/2015,17:08:49,7,34.7,AH0,252,38.1092559,Day,F,L,A,MYSE
151.909,8443,6/3/2015,5/29/2015,17:08:50,7,31.6,AH0,246,34.9380768,Day,F,L,A,MYSE
151.909,8443,6/3/2015,5/25/2015,17:08:51,7,30.6,AH0,250,33.4590728,Day,F,L,A,MYSE
151.909,8443,6/3/2015,5/30/2015,17:08:51,7,34.7,AH0,253,38.1092559,Day,F,L,A,MYSE
151.909,8443,6/3/2015,5/29/2015,17:08:52,7,31.6,AH0,251,34.9380768,Day,F,L,A,MYSE
151.909,8443,6/3/2015,5/30/2015,17:08:52,7,34.7,AH0,250,38.1092559,Day,F,L,A,MYSE
151.909,8443,6/3/2015,5/24/2015,17:08:53,7,31.7,AH0,255,35.0726529,Day,F,L,A,MYSE
151.909,8443,6/3/2015,5/25/2015,17:08:53,7,30.6,AH0,246,33.4590728,Day,F,L,A,MYSE
151.909,8443,6/3/2015,5/29/2015,17:08:54,7,31.6,AH0,253,34.9380768,Day,F,L,A,MYSE
151.909,8443,6/3/2015,5/30/2015,17:08:54,7,34.7,AH0,252,38.1092559,Day,F,L,A,MYSE
151.909,8443,6/3/2015,5/24/2015,17:08:55,7,31.7,AH0,255,35.0726529,Day,F,L,A,MYSE
151.909,8443,6/3/2015,5/30/2015,17:08:56,7,34.7,AH0,253,38.1092559,Day,F,L,A,MYSE
151.909,8443,6/3/2015,5/24/2015,17:08:57,7,31.7,AH0,255,35.0726529,Day,F,L,A,MYSE
151.909,8443,6/3/2015,5/26/2015,17:08:58,7,32.1,AH0,254,35.5877213,Day,F,L,A,MYSE
151.909,8443,6/3/2015,5/24/2015,17:08:59,7,31.7,AH0,255,35.0726529,Day,F,L,A,MYSE
151.909,8443,6/3/2015,5/24/2015,17:09:00,7,31.7,AH0,255,35.0726529,Day,F,L,A,MYSE
151.909,8443,6/3/2015,5/26/2015,17:09:00,7,32.1,AH0,254,35.5877213,Day,F,L,A,MYSE
151.909,8443,6/3/2015,5/26/2015,17:09:02,7,32.1,AH0,254,35.5877213,Day,F,L,A,MYSE
151.909,8443,6/3/2015,5/28/2015,17:09:02,7,30,AH0,96,32.45,Day,F,L,A,MYSE
151.909,8443,6/3/2015,5/26/2015,17:09:04,7,32.1,AH0,253,35.5877213,Day,F,L,A,MYSE
151.909,8443,6/3/2015,5/28/2015,17:09:04,7,30,AH0,93,32.45,Day,F,L,A,MYSE
151.909,8443,6/3/2015,5/28/2015,17:09:06,7,30,AH0,96,32.45,Day,F,L,A,MYSE
151.909,8443,6/3/2015,5/25/2015,17:09:07,7,30.6,AH0,251,33.4590728,Day,F,L,A,MYSE
151.909,8443,6/3/2015,5/29/2015,17:09:07,7,31.6,AH0,245,34.9380768,Day,F,L,A,MYSE
151.909,8443,6/3/2015,5/28/2015,17:09:08,7,30,AH0,97,32.45,Day,F,L,A,MYSE
151.909,8443,6/3/2015,5/25/2015,17:09:09,7,30.6,AH0,248,33.4590728,Day,F,L,A,MYSE
151.909,8443,6/3/2015,5/29/2015,17:09:09,7,31.6,AH0,245,34.9380768,Day,F,L,A,MYSE
151.909,8443,6/3/2015,5/30/2015,17:09:10,7,34.7,AH0,249,38.1092559,Day,F,L,A,MYSE
151.909,8443,6/3/2015,5/25/2015,17:09:11,7,30.6,AH0,249,33.4590728,Day,F,L,A,MYSE
151.909,8443,6/3/2015,5/29/2015,17:09:11,7,31.6,AH0,252,34.9380768,Day,F,L,A,MYSE
151.909,8443,6/3/2015,5/30/2015,17:09:11,7,34.7,AH0,253,38.1092559,Day,F,L,A,MYSE
151.909,8443,6/3/2015,5/25/2015,17:09:13,7,30.6,AH0,250,33.4590728,Day,F,L,A,MYSE
151.909,8443,6/3/2015,5/29/2015,17:09:13,7,31.6,AH0,250,34.9380768,Day,F,L,A,MYSE
151.909,8443,6/3/2015,5/30/2015,17:09:13,7,34.7,AH0,251,38.1092559,Day,F,L,A,MYSE
151.909,8443,6/3/2015,5/24/2015,17:09:14,7,31.7,AH0,255,35.0726529,Day,F,L,A,MYSE
151.909,8443,6/3/2015,5/29/2015,17:09:15,7,31.6,AH0,253,34.9380768,Day,F,L,A,MYSE
151.909,8443,6/3/2015,5/30/2015,17:09:15,7,34.7,AH0,250,38.1092559,Day,F,L,A,MYSE
151.909,8443,6/3/2015,5/24/2015,17:09:16,7,31.7,AH0,255,35.0726529,Day,F,L,A,MYSE
151.909,8443,6/3/2015,5/24/2015,17:09:18,7,31.7,AH0,255,35.0726529,Day,F,L,A,MYSE
151.909,8443,6/3/2015,5/24/2015,17:09:19,7,31.7,AH0,255,35.0726529,Day,F,L,A,MYSE
151.909,8443,6/3/2015,5/26/2015,17:09:19,7,32,AH0,254,35.4624,Day,F,L,A,MYSE
151.909,8443,6/3/2015,5/26/2015,17:09:21,7,32,AH0,254,35.4624,Day,F,L,A,MYSE
151.909,8443,6/3/2015,5/28/2015,17:09:22,7,29.8,AH0,91,32.0924136,Day,F,L,A,MYSE
151.909,8443,6/3/2015,5/26/2015,17:09:23,7,32,AH0,253,35.4624,Day,F,L,A,MYSE
151.909,8443,6/3/2015,5/28/2015,17:09:24,7,29.8,AH0,97,32.0924136,Day,F,L,A,MYSE
151.909,8443,6/3/2015,5/26/2015,17:09:25,7,32,AH0,254,35.4624,Day,F,L,A,MYSE
151.909,8443,6/3/2015,5/28/2015,17:09:26,7,29.8,AH0,90,32.0924136,Day,F,L,A,MYSE
151.909,8443,6/3/2015,5/25/2015,17:09:28,7,30.5,AH0,249,33.2974125,Day,F,L,A,MYSE
151.909,8443,6/3/2015,5/28/2015,17:09:28,7,29.8,AH0,99,32.0924136,Day,F,L,A,MYSE
151.909,8443,6/3/2015,5/29/2015,17:09:28,7,31.6,AH0,251,34.9380768,Day,F,L,A,MYSE
151.909,8443,6/3/2015,5/30/2015,17:09:29,7,34.7,AH0,250,38.1092559,Day,F,L,A,MYSE
151.909,8443,6/3/2015,5/25/2015,17:09:30,7,30.5,AH0,251,33.2974125,Day,F,L,A,MYSE
151.909,8443,6/3/2015,5/29/2015,17:09:30,7,31.6,AH0,250,34.9380768,Day,F,L,A,MYSE
151.909,8443,6/3/2015,5/30/2015,17:09:30,7,34.7,AH0,250,38.1092559,Day,F,L,A,MYSE
151.909,8443,6/3/2015,5/25/2015,17:09:32,7,30.5,AH0,248,33.2974125,Day,F,L,A,MYSE
151.909,8443,6/3/2015,5/29/2015,17:09:32,7,31.6,AH0,253,34.9380768,Day,F,L,A,MYSE
151.909,8443,6/3/2015,5/30/2015,17:09:32,7,34.7,AH0,250,38.1092559,Day,F,L,A,MYSE
151.909,8443,6/3/2015,5/24/2015,17:09:33,7,31.7,AH0,255,35.0726529,Day,F,L,A,MYSE
151.909,8443,6/3/2015,5/25/2015,17:09:34,7,30.5,AH0,247,33.2974125,Day,F,L,A,MYSE
151.909,8443,6/3/2015,5/29/2015,17:09:34,7,31.6,AH0,248,34.9380768,Day,F,L,A,MYSE
151.909,8443,6/3/2015,5/30/2015,17:09:34,7,34.7,AH0,250,38.1092559,Day,F,L,A,MYSE
151.909,8443,6/3/2015,5/24/2015,17:09:35,7,31.6,AH0,255,34.9380768,Day,F,L,A,MYSE
151.909,8443,6/3/2015,5/24/2015,17:09:36,7,31.6,AH0,255,34.9380768,Day,F,L,A,MYSE
151.909,8443,6/3/2015,5/30/2015,17:09:36,7,34.7,AH0,247,38.1092559,Day,F,L,A,MYSE
151.909,8443,6/3/2015,5/24/2015,17:09:38,7,31.6,AH0,255,34.9380768,Day,F,L,A,MYSE
151.909,8443,6/3/2015,5/26/2015,17:09:38,7,31.9,AH0,252,35.3347947,Day,F,L,A,MYSE
151.909,8443,6/3/2015,5/24/2015,17:09:40,7,31.6,AH0,255,34.9380768,Day,F,L,A,MYSE
151.909,8443,6/3/2015,5/26/2015,17:09:40,7,31.9,AH0,253,35.3347947,Day,F,L,A,MYSE
151.909,8443,6/3/2015,5/26/2015,17:09:42,7,31.9,AH0,253,35.3347947,Day,F,L,A,MYSE
151.909,8443,6/3/2015,5/28/2015,17:09:42,7,29.9,AH0,102,32.2725567,Day,F,L,A,MYSE
151.909,8443,6/3/2015,5/26/2015,17:09:44,7,31.9,AH0,254,35.3347947,Day,F,L,A,MYSE
151.909,8443,6/3/2015,5/28/2015,17:09:44,7,29.9,AH0,101,32.2725567,Day,F,L,A,MYSE
151.909,8443,6/3/2015,5/26/2015,17:09:45,7,31.9,AH0,254,35.3347947,Day,F,L,A,MYSE
151.909,8443,6/3/2015,5/28/2015,17:09:46,7,30,AH0,103,32.45,Day,F,L,A,MYSE
151.909,8443,6/3/2015,5/29/2015,17:09:47,7,31.6,AH0,251,34.9380768,Day,F,L,A,MYSE
151.909,8443,6/3/2015,5/25/2015,17:09:48,7,30.5,AH0,247,33.2974125,Day,F,L,A,MYSE
151.909,8443,6/3/2015,5/28/2015,17:09:48,7,30,AH0,104,32.45,Day,F,L,A,MYSE
151.909,8443,6/3/2015,5/29/2015,17:09:49,7,31.6,AH0,252,34.9380768,Day,F,L,A,MYSE
151.909,8443,6/3/2015,5/30/2015,17:09:49,7,34.7,AH0,246,38.1092559,Day,F,L,A,MYSE
151.909,8443,6/3/2015,5/25/2015,17:09:50,7,30.5,AH0,251,33.2974125,Day,F,L,A,MYSE
151.909,8443,6/3/2015,5/29/2015,17:09:51,7,31.6,AH0,250,34.9380768,Day,F,L,A,MYSE
151.909,8443,6/3/2015,5/30/2015,17:09:51,7,34.7,AH0,251,38.1092559,Day,F,L,A,MYSE
151.909,8443,6/3/2015,5/25/2015,17:09:52,7,30.5,AH0,250,33.2974125,Day,F,L,A,MYSE
151.909,8443,6/3/2015,5/29/2015,17:09:53,7,31.6,AH0,252,34.9380768,Day,F,L,A,MYSE
151.909,8443,6/3/2015,5/30/2015,17:09:53,7,34.7,AH0,252,38.1092559,Day,F,L,A,MYSE
151.909,8443,6/3/2015,5/24/2015,17:09:54,7,31.5,AH0,255,34.8011375,Day,F,L,A,MYSE
151.909,8443,6/3/2015,5/25/2015,17:09:54,7,30.5,AH0,249,33.2974125,Day,F,L,A,MYSE
151.909,8443,6/3/2015,5/24/2015,17:09:55,7,31.5,AH0,255,34.8011375,Day,F,L,A,MYSE
151.909,8443,6/3/2015,5/29/2015,17:09:55,7,31.6,AH0,252,34.9380768,Day,F,L,A,MYSE
151.909,8443,6/3/2015,5/30/2015,17:09:55,7,34.7,AH0,251,38.1092559,Day,F,L,A,MYSE
151.909,8443,6/3/2015,5/30/2015,17:09:56,7,34.7,AH0,250,38.1092559,Day,F,L,A,MYSE
151.909,8443,6/3/2015,5/24/2015,17:09:57,7,31.5,AH0,255,34.8011375,Day,F,L,A,MYSE
151.909,8443,6/3/2015,5/24/2015,17:09:59,7,31.5,AH0,255,34.8011375,Day,F,L,A,MYSE
151.909,8443,6/3/2015,5/26/2015,17:09:59,7,31.9,AH0,254,35.3347947,Day,F,L,A,MYSE
151.909,8443,6/3/2015,5/26/2015,17:10:00,7,31.9,AH0,252,35.3347947,Day,F,L,A,MYSE
151.909,8443,6/3/2015,5/26/2015,17:10:02,7,31.9,AH0,254,35.3347947,Day,F,L,A,MYSE
151.909,8443,6/3/2015,5/28/2015,17:10:02,7,30.1,AH0,99,32.6247633,Day,F,L,A,MYSE
151.909,8443,6/3/2015,5/26/2015,17:10:04,7,31.9,AH0,254,35.3347947,Day,F,L,A,MYSE
151.909,8443,6/3/2015,5/28/2015,17:10:04,7,30.1,AH0,99,32.6247633,Day,F,L,A,MYSE
151.909,8443,6/3/2015,5/28/2015,17:10:06,7,30.1,AH0,101,32.6247633,Day,F,L,A,MYSE
151.909,8443,6/3/2015,5/25/2015,17:10:08,7,30.4,AH0,248,33.1331712,Day,F,L,A,MYSE
151.909,8443,6/3/2015,5/28/2015,17:10:08,7,30.1,AH0,101,32.6247633,Day,F,L,A,MYSE
151.909,8443,6/3/2015,5/29/2015,17:10:08,7,31.6,AH0,249,34.9380768,Day,F,L,A,MYSE
151.909,8443,6/3/2015,5/30/2015,17:10:08,7,34.7,AH0,252,38.1092559,Day,F,L,A,MYSE
151.909,8443,6/3/2015,5/25/2015,17:10:10,7,30.5,AH0,249,33.2974125,Day,F,L,A,MYSE
151.909,8443,6/3/2015,5/29/2015,17:10:10,7,31.6,AH0,245,34.9380768,Day,F,L,A,MYSE
151.909,8443,6/3/2015,5/30/2015,17:10:10,7,34.7,AH0,252,38.1092559,Day,F,L,A,MYSE
151.909,8443,6/3/2015,5/25/2015,17:10:12,7,30.4,AH0,248,33.1331712,Day,F,L,A,MYSE
151.909,8443,6/3/2015,5/29/2015,17:10:12,7,31.6,AH0,246,34.9380768,Day,F,L,A,MYSE
151.909,8443,6/3/2015,5/30/2015,17:10:12,7,34.7,AH0,247,38.1092559,Day,F,L,A,MYSE
151.909,8443,6/3/2015,5/24/2015,17:10:13,7,31.4,AH0,255,34.6618152,Day,F,L,A,MYSE
151.909,8443,6/3/2015,5/25/2015,17:10:14,7,30.4,AH0,247,33.1331712,Day,F,L,A,MYSE
151.909,8443,6/3/2015,5/29/2015,17:10:14,7,31.6,AH0,248,34.9380768,Day,F,L,A,MYSE
151.909,8443,6/3/2015,5/30/2015,17:10:14,7,34.7,AH0,251,38.1092559,Day,F,L,A,MYSE
151.909,8443,6/3/2015,5/24/2015,17:10:15,7,31.4,AH0,255,34.6618152,Day,F,L,A,MYSE
151.909,8443,6/3/2015,5/30/2015,17:10:15,7,34.7,AH0,251,38.1092559,Day,F,L,A,MYSE
151.909,8443,6/3/2015,5/24/2015,17:10:16,7,31.4,AH0,255,34.6618152,Day,F,L,A,MYSE
151.909,8443,6/3/2015,5/24/2015,17:10:18,7,31.4,AH0,255,34.6618152,Day,F,L,A,MYSE
151.909,8443,6/3/2015,5/26/2015,17:10:19,7,31.9,AH0,254,35.3347947,Day,F,L,A,MYSE
151.909,8443,6/3/2015,5/24/2015,17:10:20,7,31.4,AH0,255,34.6618152,Day,F,L,A,MYSE
151.909,8443,6/3/2015,5/26/2015,17:10:21,7,31.9,AH0,254,35.3347947,Day,F,L,A,MYSE
151.909,8443,6/3/2015,5/28/2015,17:10:22,7,30.2,AH0,104,32.7968664,Day,F,L,A,MYSE
151.909,8443,6/3/2015,5/26/2015,17:10:23,7,31.9,AH0,254,35.3347947,Day,F,L,A,MYSE
151.909,8443,6/3/2015,5/28/2015,17:10:24,7,30.2,AH0,105,32.7968664,Day,F,L,A,MYSE
151.909,8443,6/3/2015,5/26/2015,17:10:25,7,31.9,AH0,254,35.3347947,Day,F,L,A,MYSE
151.909,8443,6/3/2015,5/28/2015,17:10:26,7,30.2,AH0,97,32.7968664,Day,F,L,A,MYSE
151.909,8443,6/3/2015,5/29/2015,17:10:27,7,31.6,AH0,250,34.9380768,Day,F,L,A,MYSE
151.909,8443,6/3/2015,5/25/2015,17:10:28,7,30.4,AH0,247,33.1331712,Day,F,L,A,MYSE
151.909,8443,6/3/2015,5/28/2015,17:10:28,7,30.2,AH0,92,32.7968664,Day,F,L,A,MYSE
151.909,8443,6/3/2015,5/29/2015,17:10:29,7,31.6,AH0,249,34.9380768,Day,F,L,A,MYSE
151.909,8443,6/3/2015,5/30/2015,17:10:29,7,34.7,AH0,251,38.1092559,Day,F,L,A,MYSE
151.909,8443,6/3/2015,5/25/2015,17:10:30,7,30.4,AH0,249,33.1331712,Day,F,L,A,MYSE
151.909,8443,6/3/2015,5/25/2015,17:10:31,7,30.4,AH0,250,33.1331712,Day,F,L,A,MYSE
151.909,8443,6/3/2015,5/29/2015,17:10:31,7,31.6,AH0,250,34.9380768,Day,F,L,A,MYSE
151.909,8443,6/3/2015,5/30/2015,17:10:31,7,34.7,AH0,252,38.1092559,Day,F,L,A,MYSE
151.909,8443,6/3/2015,5/25/2015,17:10:33,7,30.4,AH0,248,33.1331712,Day,F,L,A,MYSE
151.909,8443,6/3/2015,5/29/2015,17:10:33,7,31.6,AH0,249,34.9380768,Day,F,L,A,MYSE
151.909,8443,6/3/2015,5/30/2015,17:10:33,7,34.7,AH0,248,38.1092559,Day,F,L,A,MYSE
151.909,8443,6/3/2015,5/24/2015,17:10:34,7,31.4,AH0,255,34.6618152,Day,F,L,A,MYSE
151.909,8443,6/3/2015,5/30/2015,17:10:34,7,34.7,AH0,251,38.1092559,Day,F,L,A,MYSE
151.909,8443,6/3/2015,5/29/2015,17:10:35,7,31.6,AH0,247,34.9380768,Day,F,L,A,MYSE
151.909,8443,6/3/2015,5/24/2015,17:10:36,7,31.4,AH0,255,34.6618152,Day,F,L,A,MYSE
151.909,8443,6/3/2015,5/30/2015,17:10:36,7,34.7,AH0,253,38.1092559,Day,F,L,A,MYSE
151.909,8443,6/3/2015,5/24/2015,17:10:37,7,31.4,AH0,255,34.6618152,Day,F,L,A,MYSE
151.909,8443,6/3/2015,5/26/2015,17:10:38,7,31.9,AH0,252,35.3347947,Day,F,L,A,MYSE
151.909,8443,6/3/2015,5/24/2015,17:10:39,7,31.4,AH0,255,34.6618152,Day,F,L,A,MYSE
151.909,8443,6/3/2015,5/26/2015,17:10:40,7,31.9,AH0,254,35.3347947,Day,F,L,A,MYSE
151.909,8443,6/3/2015,5/26/2015,17:10:42,7,31.9,AH0,254,35.3347947,Day,F,L,A,MYSE
151.909,8443,6/3/2015,5/28/2015,17:10:42,7,30.2,AH0,108,32.7968664,Day,F,L,A,MYSE
151.909,8443,6/3/2015,5/26/2015,17:10:44,7,31.9,AH0,254,35.3347947,Day,F,L,A,MYSE
151.909,8443,6/3/2015,5/28/2015,17:10:44,7,30.2,AH0,108,32.7968664,Day,F,L,A,MYSE
151.909,8443,6/3/2015,5/26/2015,17:10:46,7,31.9,AH0,254,35.3347947,Day,F,L,A,MYSE
151.909,8443,6/3/2015,5/28/2015,17:10:46,7,30.2,AH0,104,32.7968664,Day,F,L,A,MYSE
151.909,8443,6/3/2015,5/25/2015,17:10:47,7,30.4,AH0,249,33.1331712,Day,F,L,A,MYSE
151.909,8443,6/3/2015,5/28/2015,17:10:48,7,30.1,AH0,107,32.6247633,Day,F,L,A,MYSE
151.909,8443,6/3/2015,5/29/2015,17:10:48,7,31.6,AH0,250,34.9380768,Day,F,L,A,MYSE
151.909,8443,6/3/2015,5/30/2015,17:10:48,7,34.7,AH0,251,38.1092559,Day,F,L,A,MYSE
151.909,8443,6/3/2015,5/25/2015,17:10:49,7,30.4,AH0,249,33.1331712,Day,F,L,A,MYSE
151.909,8443,6/3/2015,5/29/2015,17:10:50,7,31.6,AH0,251,34.9380768,Day,F,L,A,MYSE
151.909,8443,6/3/2015,5/30/2015,17:10:50,7,34.7,AH0,252,38.1092559,Day,F,L,A,MYSE
151.909,8443,6/3/2015,5/25/2015,17:10:51,7,30.4,AH0,249,33.1331712,Day,F,L,A,MYSE
151.909,8443,6/3/2015,5/29/2015,17:10:52,7,31.6,AH0,248,34.9380768,Day,F,L,A,MYSE
151.909,8443,6/3/2015,5/30/2015,17:10:52,7,34.7,AH0,250,38.1092559,Day,F,L,A,MYSE
151.909,8443,6/3/2015,5/24/2015,17:10:53,7,31.3,AH0,255,34.5200901,Day,F,L,A,MYSE
151.909,8443,6/3/2015,5/25/2015,17:10:53,7,30.4,AH0,250,33.1331712,Day,F,L,A,MYSE
151.909,8443,6/3/2015,5/30/2015,17:10:53,7,34.7,AH0,251,38.1092559,Day,F,L,A,MYSE
151.909,8443,6/3/2015,5/29/2015,17:10:54,7,31.6,AH0,253,34.9380768,Day,F,L,A,MYSE
151.909,8443,6/3/2015,5/24/2015,17:10:55,7,31.4,AH0,255,34.6618152,Day,F,L,A,MYSE
151.909,8443,6/3/2015,5/30/2015,17:10:55,7,34.7,AH0,252,38.1092559,Day,F,L,A,MYSE
151.909,8443,6/3/2015,5/24/2015,17:10:57,7,31.3,AH0,255,34.5200901,Day,F,L,A,MYSE
151.909,8443,6/3/2015,5/24/2015,17:10:59,7,31.3,AH0,255,34.5200901,Day,F,L,A,MYSE
151.909,8443,6/3/2015,5/26/2015,17:10:59,7,31.9,AH0,254,35.3347947,Day,F,L,A,MYSE
151.909,8443,6/3/2015,5/24/2015,17:11:00,7,31.3,AH0,255,34.5200901,Day,F,L,A,MYSE
151.909,8443,6/3/2015,5/26/2015,17:11:01,7,31.9,AH0,254,35.3347947,Day,F,L,A,MYSE
151.909,8443,6/3/2015,5/26/2015,17:11:02,7,31.9,AH0,254,35.3347947,Day,F,L,A,MYSE
151.909,8443,6/3/2015,5/28/2015,17:11:02,7,30,AH0,105,32.45,Day,F,L,A,MYSE
151.909,8443,6/3/2015,5/26/2015,17:11:04,7,31.9,AH0,255,35.3347947,Day,F,L,A,MYSE
151.909,8443,6/3/2015,5/28/2015,17:11:04,7,30,AH0,103,32.45,Day,F,L,A,MYSE
151.909,8443,6/3/2015,5/28/2015,17:11:06,7,30,AH0,105,32.45,Day,F,L,A,MYSE
151.909,8443,6/3/2015,5/25/2015,17:11:07,7,30.3,AH0,253,32.9663291,Day,F,L,A,MYSE
151.909,8443,6/3/2015,5/29/2015,17:11:07,7,31.6,AH0,247,34.9380768,Day,F,L,A,MYSE
151.909,8443,6/3/2015,5/28/2015,17:11:08,7,30,AH0,108,32.45,Day,F,L,A,MYSE
151.909,8443,6/3/2015,5/25/2015,17:11:09,7,30.3,AH0,251,32.9663291,Day,F,L,A,MYSE
151.909,8443,6/3/2015,5/29/2015,17:11:09,7,31.6,AH0,250,34.9380768,Day,F,L,A,MYSE
151.909,8443,6/3/2015,5/30/2015,17:11:09,7,34.7,AH0,251,38.1092559,Day,F,L,A,MYSE
151.909,8443,6/3/2015,5/25/2015,17:11:11,7,30.3,AH0,252,32.9663291,Day,F,L,A,MYSE
151.909,8443,6/3/2015,5/29/2015,17:11:11,7,31.6,AH0,244,34.9380768,Day,F,L,A,MYSE
151.909,8443,6/3/2015,5/30/2015,17:11:11,7,34.7,AH0,249,38.1092559,Day,F,L,A,MYSE
151.909,8443,6/3/2015,5/30/2015,17:11:12,7,34.7,AH0,251,38.1092559,Day,F,L,A,MYSE
151.909,8443,6/3/2015,5/25/2015,17:11:13,7,30.3,AH0,252,32.9663291,Day,F,L,A,MYSE
151.909,8443,6/3/2015,5/29/2015,17:11:13,7,31.6,AH0,252,34.9380768,Day,F,L,A,MYSE
151.909,8443,6/3/2015,5/24/2015,17:11:14,7,31.3,AH0,255,34.5200901,Day,F,L,A,MYSE
151.909,8443,6/3/2015,5/30/2015,17:11:14,7,34.7,AH0,249,38.1092559,Day,F,L,A,MYSE
151.909,8443,6/3/2015,5/29/2015,17:11:15,7,31.6,AH0,246,34.9380768,Day,F,L,A,MYSE
151.909,8443,6/3/2015,5/24/2015,17:11:16,7,31.3,AH0,255,34.5200901,Day,F,L,A,MYSE
151.909,8443,6/3/2015,5/30/2015,17:11:16,7,34.7,AH0,250,38.1092559,Day,F,L,A,MYSE
151.909,8443,6/3/2015,5/24/2015,17:11:18,7,31.3,AH0,255,34.5200901,Day,F,L,A,MYSE
151.909,8443,6/3/2015,5/26/2015,17:11:18,7,32,AH0,254,35.4624,Day,F,L,A,MYSE
151.909,8443,6/3/2015,5/26/2015,17:11:19,7,31.9,AH0,255,35.3347947,Day,F,L,A,MYSE
151.909,8443,6/3/2015,5/24/2015,17:11:20,7,31.3,AH0,255,34.5200901,Day,F,L,A,MYSE
151.909,8443,6/3/2015,5/26/2015,17:11:21,7,31.9,AH0,254,35.3347947,Day,F,L,A,MYSE
151.909,8443,6/3/2015,5/28/2015,17:11:22,7,29.9,AH0,111,32.2725567,Day,F,L,A,MYSE
151.909,8443,6/3/2015,5/26/2015,17:11:23,7,31.9,AH0,253,35.3347947,Day,F,L,A,MYSE
151.909,8443,6/3/2015,5/28/2015,17:11:24,7,29.9,AH0,106,32.2725567,Day,F,L,A,MYSE
151.909,8443,6/3/2015,5/26/2015,17:11:25,7,31.9,AH0,253,35.3347947,Day,F,L,A,MYSE
151.909,8443,6/3/2015,5/28/2015,17:11:26,7,29.9,AH0,108,32.2725567,Day,F,L,A,MYSE
151.909,8443,6/3/2015,5/25/2015,17:11:27,7,30.3,AH0,253,32.9663291,Day,F,L,A,MYSE
151.909,8443,6/3/2015,5/28/2015,17:11:28,7,29.9,AH0,109,32.2725567,Day,F,L,A,MYSE
151.909,8443,6/3/2015,5/29/2015,17:11:28,7,31.6,AH0,251,34.9380768,Day,F,L,A,MYSE
151.909,8443,6/3/2015,5/25/2015,17:11:29,7,30.2,AH0,252,32.7968664,Day,F,L,A,MYSE
151.909,8443,6/3/2015,5/29/2015,17:11:30,7,31.6,AH0,248,34.9380768,Day,F,L,A,MYSE
151.909,8443,6/3/2015,5/30/2015,17:11:30,7,34.7,AH0,253,38.1092559,Day,F,L,A,MYSE
151.909,8443,6/3/2015,5/25/2015,17:11:31,7,30.2,AH0,253,32.7968664,Day,F,L,A,MYSE
151.909,8443,6/3/2015,5/30/2015,17:11:31,7,34.7,AH0,253,38.1092559,Day,F,L,A,MYSE
151.909,8443,6/3/2015,5/29/2015,17:11:32,7,31.5,AH0,251,34.8011375,Day,F,L,A,MYSE
151.909,8443,6/3/2015,5/24/2015,17:11:33,7,31.4,AH0,255,34.6618152,Day,F,L,A,MYSE
151.909,8443,6/3/2015,5/25/2015,17:11:33,7,30.2,AH0,253,32.7968664,Day,F,L,A,MYSE
151.909,8443,6/3/2015,5/30/2015,17:11:33,7,34.7,AH0,253,38.1092559,Day,F,L,A,MYSE
151.909,8443,6/3/2015,5/29/2015,17:11:34,7,31.5,AH0,249,34.8011375,Day,F,L,A,MYSE
151.909,8443,6/3/2015,5/24/2015,17:11:35,7,31.4,AH0,255,34.6618152,Day,F,L,A,MYSE
151.909,8443,6/3/2015,5/30/2015,17:11:35,7,34.7,AH0,253,38.1092559,Day,F,L,A,MYSE
151.909,8443,6/3/2015,5/24/2015,17:11:37,7,31.4,AH0,255,34.6618152,Day,F,L,A,MYSE
151.909,8443,6/3/2015,5/26/2015,17:11:38,7,31.8,AH0,252,35.2048856,Day,F,L,A,MYSE
151.909,8443,6/3/2015,5/24/2015,17:11:39,7,31.4,AH0,255,34.6618152,Day,F,L,A,MYSE
151.909,8443,6/3/2015,5/26/2015,17:11:40,7,31.8,AH0,254,35.2048856,Day,F,L,A,MYSE
151.909,8443,6/3/2015,5/26/2015,17:11:42,7,31.8,AH0,254,35.2048856,Day,F,L,A,MYSE
151.909,8443,6/3/2015,5/28/2015,17:11:42,7,29.9,AH0,108,32.2725567,Day,F,L,A,MYSE
151.909,8443,6/3/2015,5/26/2015,17:11:44,7,31.8,AH0,252,35.2048856,Day,F,L,A,MYSE
151.909,8443,6/3/2015,5/28/2015,17:11:44,7,35.6,AH0,40,38.6888928,Day,F,L,A,MYSE
151.909,8443,6/3/2015,5/28/2015,17:11:46,7,29.9,AH0,101,32.2725567,Day,F,L,A,MYSE
151.909,8443,6/3/2015,5/25/2015,17:11:47,7,30,AH0,252,32.45,Day,F,L,A,MYSE
151.909,8443,6/3/2015,5/29/2015,17:11:47,7,31.5,AH0,249,34.8011375,Day,F,L,A,MYSE
151.909,8443,6/3/2015,5/28/2015,17:11:48,7,29.9,AH0,104,32.2725567,Day,F,L,A,MYSE
151.909,8443,6/3/2015,5/25/2015,17:11:49,7,30,AH0,253,32.45,Day,F,L,A,MYSE
151.909,8443,6/3/2015,5/29/2015,17:11:49,7,31.5,AH0,247,34.8011375,Day,F,L,A,MYSE
151.909,8443,6/3/2015,5/30/2015,17:11:49,7,34.7,AH0,252,38.1092559,Day,F,L,A,MYSE
151.909,8443,6/3/2015,5/25/2015,17:11:51,7,30,AH0,253,32.45,Day,F,L,A,MYSE
151.909,8443,6/3/2015,5/29/2015,17:11:51,7,31.6,AH0,251,34.9380768,Day,F,L,A,MYSE
151.909,8443,6/3/2015,5/30/2015,17:11:51,7,34.7,AH0,252,38.1092559,Day,F,L,A,MYSE
151.909,8443,6/3/2015,5/30/2015,17:11:52,7,34.7,AH0,252,38.1092559,Day,F,L,A,MYSE
151.909,8443,6/3/2015,5/25/2015,17:11:53,7,30,AH0,252,32.45,Day,F,L,A,MYSE
151.909,8443,6/3/2015,5/29/2015,17:11:53,7,31.6,AH0,248,34.9380768,Day,F,L,A,MYSE
151.909,8443,6/3/2015,5/24/2015,17:11:54,7,31.3,AH0,255,34.5200901,Day,F,L,A,MYSE
151.909,8443,6/3/2015,5/29/2015,17:11:54,7,31.5,AH0,248,34.8011375,Day,F,L,A,MYSE
151.909,8443,6/3/2015,5/30/2015,17:11:54,7,34.7,AH0,253,38.1092559,Day,F,L,A,MYSE
151.909,8443,6/3/2015,5/24/2015,17:11:56,7,31.4,AH0,255,34.6618152,Day,F,L,A,MYSE
151.909,8443,6/3/2015,5/30/2015,17:11:56,7,34.7,AH0,250,38.1092559,Day,F,L,A,MYSE
151.909,8443,6/3/2015,5/24/2015,17:11:58,7,31.4,AH0,255,34.6618152,Day,F,L,A,MYSE
151.909,8443,6/3/2015,5/26/2015,17:11:59,7,31.8,AH0,252,35.2048856,Day,F,L,A,MYSE
151.909,8443,6/3/2015,5/24/2015,17:12:00,7,31.4,AH0,255,34.6618152,Day,F,L,A,MYSE
151.909,8443,6/3/2015,5/26/2015,17:12:01,7,31.8,AH0,253,35.2048856,Day,F,L,A,MYSE
151.909,8443,6/3/2015,5/28/2015,17:12:02,7,29.9,AH0,103,32.2725567,Day,F,L,A,MYSE
151.909,8443,6/3/2015,5/26/2015,17:12:03,7,31.8,AH0,254,35.2048856,Day,F,L,A,MYSE
151.909,8443,6/3/2015,5/28/2015,17:12:04,7,29.9,AH0,102,32.2725567,Day,F,L,A,MYSE
151.909,8443,6/3/2015,5/26/2015,17:12:05,7,31.8,AH0,253,35.2048856,Day,F,L,A,MYSE
151.909,8443,6/3/2015,5/28/2015,17:12:06,7,29.9,AH0,101,32.2725567,Day,F,L,A,MYSE
151.909,8443,6/3/2015,5/25/2015,17:12:07,7,29.9,AH0,253,32.2725567,Day,F,L,A,MYSE
151.909,8443,6/3/2015,5/28/2015,17:12:08,7,29.9,AH0,102,32.2725567,Day,F,L,A,MYSE
151.909,8443,6/3/2015,5/29/2015,17:12:08,7,31.6,AH0,248,34.9380768,Day,F,L,A,MYSE
151.909,8443,6/3/2015,5/25/2015,17:12:09,7,29.9,AH0,254,32.2725567,Day,F,L,A,MYSE
151.909,8443,6/3/2015,5/29/2015,17:12:10,7,31.6,AH0,248,34.9380768,Day,F,L,A,MYSE
151.909,8443,6/3/2015,5/30/2015,17:12:10,7,34.7,AH0,253,38.1092559,Day,F,L,A,MYSE
151.909,8443,6/3/2015,5/25/2015,17:12:11,7,29.9,AH0,254,32.2725567,Day,F,L,A,MYSE
151.909,8443,6/3/2015,5/30/2015,17:12:11,7,34.7,AH0,253,38.1092559,Day,F,L,A,MYSE
151.909,8443,6/3/2015,5/29/2015,17:12:12,7,31.6,AH0,249,34.9380768,Day,F,L,A,MYSE
151.909,8443,6/3/2015,5/24/2015,17:12:13,7,31.4,AH0,255,34.6618152,Day,F,L,A,MYSE
151.909,8443,6/3/2015,5/25/2015,17:12:13,7,29.9,AH0,253,32.2725567,Day,F,L,A,MYSE
151.909,8443,6/3/2015,5/29/2015,17:12:13,7,31.6,AH0,249,34.9380768,Day,F,L,A,MYSE
151.909,8443,6/3/2015,5/30/2015,17:12:13,7,34.7,AH0,254,38.1092559,Day,F,L,A,MYSE
151.909,8443,6/3/2015,5/24/2015,17:12:15,7,31.4,AH0,255,34.6618152,Day,F,L,A,MYSE
151.909,8443,6/3/2015,5/30/2015,17:12:15,7,34.7,AH0,252,38.1092559,Day,F,L,A,MYSE
151.909,8443,6/3/2015,5/24/2015,17:12:17,7,31.4,AH0,255,34.6618152,Day,F,L,A,MYSE
151.909,8443,6/3/2015,5/26/2015,17:12:18,7,31.8,AH0,252,35.2048856,Day,F,L,A,MYSE
151.909,8443,6/3/2015,5/24/2015,17:12:19,7,31.4,AH0,255,34.6618152,Day,F,L,A,MYSE
151.909,8443,6/3/2015,5/26/2015,17:12:20,7,31.8,AH0,253,35.2048856,Day,F,L,A,MYSE
151.909,8443,6/3/2015,5/26/2015,17:12:22,7,31.8,AH0,252,35.2048856,Day,F,L,A,MYSE
151.909,8443,6/3/2015,5/28/2015,17:12:22,7,29.9,AH0,101,32.2725567,Day,F,L,A,MYSE
151.909,8443,6/3/2015,5/26/2015,17:12:24,7,31.8,AH0,254,35.2048856,Day,F,L,A,MYSE
151.909,8443,6/3/2015,5/28/2015,17:12:24,7,29.9,AH0,107,32.2725567,Day,F,L,A,MYSE
151.909,8443,6/3/2015,5/26/2015,17:12:25,7,31.8,AH0,253,35.2048856,Day,F,L,A,MYSE
151.909,8443,6/3/2015,5/28/2015,17:12:26,7,29.9,AH0,109,32.2725567,Day,F,L,A,MYSE
151.909,8443,6/3/2015,5/25/2015,17:12:27,7,29.9,AH0,254,32.2725567,Day,F,L,A,MYSE
151.909,8443,6/3/2015,5/29/2015,17:12:27,7,31.6,AH0,247,34.9380768,Day,F,L,A,MYSE
151.909,8443,6/3/2015,5/28/2015,17:12:28,7,29.9,AH0,116,32.2725567,Day,F,L,A,MYSE
151.909,8443,6/3/2015,5/25/2015,17:12:29,7,29.9,AH0,254,32.2725567,Day,F,L,A,MYSE
151.909,8443,6/3/2015,5/29/2015,17:12:29,7,31.6,AH0,250,34.9380768,Day,F,L,A,MYSE
151.909,8443,6/3/2015,5/30/2015,17:12:29,7,34.7,AH0,252,38.1092559,Day,F,L,A,MYSE
151.909,8443,6/3/2015,5/30/2015,17:12:30,7,34.6,AH0,252,38.0363688,Day,F,L,A,MYSE
151.909,8443,6/3/2015,5/25/2015,17:12:31,7,29.9,AH0,254,32.2725567,Day,F,L,A,MYSE
151.909,8443,6/3/2015,5/29/2015,17:12:31,7,31.6,AH0,253,34.9380768,Day,F,L,A,MYSE
151.909,8443,6/3/2015,5/29/2015,17:12:32,7,31.6,AH0,250,34.9380768,Day,F,L,A,MYSE
151.909,8443,6/3/2015,5/30/2015,17:12:32,7,34.7,AH0,249,38.1092559,Day,F,L,A,MYSE
151.909,8443,6/3/2015,5/25/2015,17:12:33,7,29.9,AH0,253,32.2725567,Day,F,L,A,MYSE
151.909,8443,6/3/2015,5/24/2015,17:12:34,7,31.4,AH0,255,34.6618152,Day,F,L,A,MYSE
151.909,8443,6/3/2015,5/29/2015,17:12:34,7,31.6,AH0,250,34.9380768,Day,F,L,A,MYSE
151.909,8443,6/3/2015,5/30/2015,17:12:34,7,34.6,AH0,253,38.0363688,Day,F,L,A,MYSE
151.909,8443,6/3/2015,5/24/2015,17:12:36,7,31.4,AH0,255,34.6618152,Day,F,L,A,MYSE
151.909,8443,6/3/2015,5/30/2015,17:12:36,7,34.7,AH0,253,38.1092559,Day,F,L,A,MYSE
151.909,8443,6/3/2015,5/24/2015,17:12:38,7,31.4,AH0,255,34.6618152,Day,F,L,A,MYSE
151.909,8443,6/3/2015,5/26/2015,17:12:39,7,31.8,AH0,254,35.2048856,Day,F,L,A,MYSE
151.909,8443,6/3/2015,5/24/2015,17:12:40,7,31.4,AH0,255,34.6618152,Day,F,L,A,MYSE
151.909,8443,6/3/2015,5/26/2015,17:12:41,7,31.8,AH0,252,35.2048856,Day,F,L,A,MYSE
151.909,8443,6/3/2015,5/26/2015,17:12:42,7,31.8,AH0,252,35.2048856,Day,F,L,A,MYSE
151.909,8443,6/3/2015,5/28/2015,17:12:42,7,29.9,AH0,110,32.2725567,Day,F,L,A,MYSE
151.909,8443,6/3/2015,5/26/2015,17:12:44,7,31.8,AH0,252,35.2048856,Day,F,L,A,MYSE
151.909,8443,6/3/2015,5/28/2015,17:12:44,7,29.9,AH0,109,32.2725567,Day,F,L,A,MYSE
151.909,8443,6/3/2015,5/28/2015,17:12:46,7,29.9,AH0,109,32.2725567,Day,F,L,A,MYSE
151.909,8443,6/3/2015,5/25/2015,17:12:47,7,29.8,AH0,253,32.0924136,Day,F,L,A,MYSE
151.909,8443,6/3/2015,5/28/2015,17:12:48,7,29.9,AH0,108,32.2725567,Day,F,L,A,MYSE
151.909,8443,6/3/2015,5/29/2015,17:12:48,7,31.7,AH0,248,35.0726529,Day,F,L,A,MYSE
151.909,8443,6/3/2015,5/25/2015,17:12:49,7,29.8,AH0,253,32.0924136,Day,F,L,A,MYSE
151.909,8443,6/3/2015,5/30/2015,17:12:49,7,34.7,AH0,254,38.1092559,Day,F,L,A,MYSE
151.909,8443,6/3/2015,5/29/2015,17:12:50,7,31.7,AH0,247,35.0726529,Day,F,L,A,MYSE
151.909,8443,6/3/2015,5/25/2015,17:12:51,7,29.8,AH0,253,32.0924136,Day,F,L,A,MYSE
151.909,8443,6/3/2015,5/29/2015,17:12:51,7,31.7,AH0,248,35.0726529,Day,F,L,A,MYSE
151.909,8443,6/3/2015,5/30/2015,17:12:51,7,34.7,AH0,253,38.1092559,Day,F,L,A,MYSE
151.909,8443,6/3/2015,5/24/2015,17:12:53,7,31.4,AH0,255,34.6618152,Day,F,L,A,MYSE
151.909,8443,6/3/2015,5/25/2015,17:12:53,7,29.8,AH0,253,32.0924136,Day,F,L,A,MYSE
151.909,8443,6/3/2015,5/29/2015,17:12:53,7,31.7,AH0,246,35.0726529,Day,F,L,A,MYSE
151.909,8443,6/3/2015,5/30/2015,17:12:53,7,34.7,AH0,251,38.1092559,Day,F,L,A,MYSE
151.909,8443,6/3/2015,5/24/2015,17:12:55,7,31.4,AH0,255,34.6618152,Day,F,L,A,MYSE
151.909,8443,6/3/2015,5/30/2015,17:12:55,7,34.7,AH0,252,38.1092559,Day,F,L,A,MYSE
151.909,8443,6/3/2015,5/30/2015,17:12:56,7,34.6,AH0,253,38.0363688,Day,F,L,A,MYSE
151.909,8443,6/3/2015,5/24/2015,17:12:57,7,31.4,AH0,255,34.6618152,Day,F,L,A,MYSE
151.909,8443,6/3/2015,5/26/2015,17:12:58,7,31.8,AH0,252,35.2048856,Day,F,L,A,MYSE
151.909,8443,6/3/2015,5/24/2015,17:12:59,7,31.4,AH0,255,34.6618152,Day,F,L,A,MYSE
151.909,8443,6/3/2015,5/26/2015,17:12:59,7,31.8,AH0,253,35.2048856,Day,F,L,A,MYSE
151.909,8443,6/3/2015,5/26/2015,17:13:01,7,31.8,AH0,254,35.2048856,Day,F,L,A,MYSE
151.909,8443,6/3/2015,5/26/2015,17:13:03,7,31.8,AH0,254,35.2048856,Day,F,L,A,MYSE
151.909,8443,6/3/2015,5/28/2015,17:13:03,7,29.8,AH0,110,32.0924136,Day,F,L,A,MYSE
151.909,8443,6/3/2015,5/26/2015,17:13:05,7,31.8,AH0,252,35.2048856,Day,F,L,A,MYSE
151.909,8443,6/3/2015,5/28/2015,17:13:05,7,29.8,AH0,113,32.0924136,Day,F,L,A,MYSE
151.909,8443,6/3/2015,5/25/2015,17:13:07,7,29.8,AH0,254,32.0924136,Day,F,L,A,MYSE
151.909,8443,6/3/2015,5/28/2015,17:13:07,7,29.8,AH0,114,32.0924136,Day,F,L,A,MYSE
151.909,8443,6/3/2015,5/29/2015,17:13:08,7,31.7,AH0,253,35.0726529,Day,F,L,A,MYSE
151.909,8443,6/3/2015,5/30/2015,17:13:08,7,34.6,AH0,253,38.0363688,Day,F,L,A,MYSE
151.909,8443,6/3/2015,5/25/2015,17:13:09,7,29.8,AH0,253,32.0924136,Day,F,L,A,MYSE
151.909,8443,6/3/2015,5/28/2015,17:13:09,7,29.8,AH0,108,32.0924136,Day,F,L,A,MYSE
151.909,8443,6/3/2015,5/29/2015,17:13:10,7,31.7,AH0,253,35.0726529,Day,F,L,A,MYSE
151.909,8443,6/3/2015,5/30/2015,17:13:10,7,34.6,AH0,252,38.0363688,Day,F,L,A,MYSE
151.909,8443,6/3/2015,5/25/2015,17:13:11,7,29.8,AH0,252,32.0924136,Day,F,L,A,MYSE
151.909,8443,6/3/2015,5/29/2015,17:13:12,7,31.7,AH0,250,35.0726529,Day,F,L,A,MYSE
151.909,8443,6/3/2015,5/30/2015,17:13:12,7,34.6,AH0,251,38.0363688,Day,F,L,A,MYSE
151.909,8443,6/3/2015,5/25/2015,17:13:13,7,29.8,AH0,253,32.0924136,Day,F,L,A,MYSE
151.909,8443,6/3/2015,5/24/2015,17:13:14,7,31.4,AH0,255,34.6618152,Day,F,L,A,MYSE
151.909,8443,6/3/2015,5/29/2015,17:13:14,7,31.7,AH0,253,35.0726529,Day,F,L,A,MYSE
151.909,8443,6/3/2015,5/30/2015,17:13:14,7,34.6,AH0,252,38.0363688,Day,F,L,A,MYSE
151.909,8443,6/3/2015,5/30/2015,17:13:15,7,34.6,AH0,253,38.0363688,Day,F,L,A,MYSE
151.909,8443,6/3/2015,5/24/2015,17:13:16,7,31.4,AH0,255,34.6618152,Day,F,L,A,MYSE
151.909,8443,6/3/2015,5/24/2015,17:13:18,7,31.4,AH0,255,34.6618152,Day,F,L,A,MYSE
151.909,8443,6/3/2015,5/26/2015,17:13:18,7,31.8,AH0,252,35.2048856,Day,F,L,A,MYSE
151.909,8443,6/3/2015,5/24/2015,17:13:20,7,31.4,AH0,255,34.6618152,Day,F,L,A,MYSE
151.909,8443,6/3/2015,5/26/2015,17:13:20,7,31.8,AH0,251,35.2048856,Day,F,L,A,MYSE
151.909,8443,6/3/2015,5/26/2015,17:13:22,7,31.8,AH0,253,35.2048856,Day,F,L,A,MYSE
151.909,8443,6/3/2015,5/28/2015,17:13:23,7,29.7,AH0,110,31.9095509,Day,F,L,A,MYSE
151.909,8443,6/3/2015,5/26/2015,17:13:24,7,31.8,AH0,253,35.2048856,Day,F,L,A,MYSE
151.909,8443,6/3/2015,5/28/2015,17:13:25,7,29.7,AH0,111,31.9095509,Day,F,L,A,MYSE
151.909,8443,6/3/2015,5/25/2015,17:13:27,7,29.8,AH0,253,32.0924136,Day,F,L,A,MYSE
151.909,8443,6/3/2015,5/28/2015,17:13:27,7,29.7,AH0,110,31.9095509,Day,F,L,A,MYSE
151.909,8443,6/3/2015,5/29/2015,17:13:27,7,31.8,AH0,251,35.2048856,Day,F,L,A,MYSE
151.909,8443,6/3/2015,5/25/2015,17:13:29,7,29.8,AH0,252,32.0924136,Day,F,L,A,MYSE
151.909,8443,6/3/2015,5/28/2015,17:13:29,7,29.7,AH0,110,31.9095509,Day,F,L,A,MYSE
151.909,8443,6/3/2015,5/29/2015,17:13:29,7,31.8,AH0,250,35.2048856,Day,F,L,A,MYSE
151.909,8443,6/3/2015,5/30/2015,17:13:29,7,34.6,AH0,253,38.0363688,Day,F,L,A,MYSE
151.909,8443,6/3/2015,5/25/2015,17:13:31,7,29.8,AH0,250,32.0924136,Day,F,L,A,MYSE
151.909,8443,6/3/2015,5/29/2015,17:13:31,7,31.8,AH0,249,35.2048856,Day,F,L,A,MYSE
151.909,8443,6/3/2015,5/30/2015,17:13:31,7,34.6,AH0,253,38.0363688,Day,F,L,A,MYSE
151.909,8443,6/3/2015,5/24/2015,17:13:33,7,31.4,AH0,255,34.6618152,Day,F,L,A,MYSE
151.909,8443,6/3/2015,5/25/2015,17:13:33,7,29.8,AH0,251,32.0924136,Day,F,L,A,MYSE
151.909,8443,6/3/2015,5/29/2015,17:13:33,7,31.8,AH0,249,35.2048856,Day,F,L,A,MYSE
151.909,8443,6/3/2015,5/30/2015,17:13:33,7,34.6,AH0,252,38.0363688,Day,F,L,A,MYSE
151.909,8443,6/3/2015,5/30/2015,17:13:34,7,34.6,AH0,252,38.0363688,Day,F,L,A,MYSE
151.909,8443,6/3/2015,5/24/2015,17:13:35,7,31.4,AH0,255,34.6618152,Day,F,L,A,MYSE
151.909,8443,6/3/2015,5/30/2015,17:13:36,7,34.6,AH0,252,38.0363688,Day,F,L,A,MYSE
151.909,8443,6/3/2015,5/24/2015,17:13:37,7,31.4,AH0,255,34.6618152,Day,F,L,A,MYSE
151.909,8443,6/3/2015,5/24/2015,17:13:39,7,31.4,AH0,255,34.6618152,Day,F,L,A,MYSE
151.909,8443,6/3/2015,5/26/2015,17:13:39,7,31.8,AH0,251,35.2048856,Day,F,L,A,MYSE
151.909,8443,6/3/2015,5/26/2015,17:13:41,7,31.8,AH0,251,35.2048856,Day,F,L,A,MYSE
151.909,8443,6/3/2015,5/26/2015,17:13:43,7,31.8,AH0,253,35.2048856,Day,F,L,A,MYSE
151.909,8443,6/3/2015,5/28/2015,17:13:44,7,29.7,AH0,113,31.9095509,Day,F,L,A,MYSE
151.909,8443,6/3/2015,5/26/2015,17:13:45,7,31.8,AH0,252,35.2048856,Day,F,L,A,MYSE
151.909,8443,6/3/2015,5/28/2015,17:13:46,7,29.7,AH0,116,31.9095509,Day,F,L,A,MYSE
151.909,8443,6/3/2015,5/25/2015,17:13:47,7,29.8,AH0,249,32.0924136,Day,F,L,A,MYSE
151.909,8443,6/3/2015,5/28/2015,17:13:48,7,29.7,AH0,109,31.9095509,Day,F,L,A,MYSE
151.909,8443,6/3/2015,5/29/2015,17:13:48,7,31.8,AH0,249,35.2048856,Day,F,L,A,MYSE
151.909,8443,6/3/2015,5/30/2015,17:13:48,7,34.6,AH0,251,38.0363688,Day,F,L,A,MYSE
151.909,8443,6/3/2015,5/25/2015,17:13:49,7,29.8,AH0,251,32.0924136,Day,F,L,A,MYSE
151.909,8443,6/3/2015,5/28/2015,17:13:50,7,29.7,AH0,112,31.9095509,Day,F,L,A,MYSE
151.909,8443,6/3/2015,5/29/2015,17:13:50,7,31.8,AH0,250,35.2048856,Day,F,L,A,MYSE
151.909,8443,6/3/2015,5/30/2015,17:13:50,7,34.6,AH0,252,38.0363688,Day,F,L,A,MYSE
151.909,8443,6/3/2015,5/25/2015,17:13:51,7,29.8,AH0,252,32.0924136,Day,F,L,A,MYSE
151.909,8443,6/3/2015,5/29/2015,17:13:52,7,31.8,AH0,249,35.2048856,Day,F,L,A,MYSE
151.909,8443,6/3/2015,5/30/2015,17:13:52,7,34.6,AH0,254,38.0363688,Day,F,L,A,MYSE
151.909,8443,6/3/2015,5/24/2015,17:13:53,7,31.4,AH0,255,34.6618152,Day,F,L,A,MYSE
151.909,8443,6/3/2015,5/25/2015,17:13:53,7,29.9,AH0,252,32.2725567,Day,F,L,A,MYSE
151.909,8443,6/3/2015,5/24/2015,17:13:54,7,31.4,AH0,255,34.6618152,Day,F,L,A,MYSE
151.909,8443,6/3/2015,5/29/2015,17:13:54,7,31.8,AH0,249,35.2048856,Day,F,L,A,MYSE
151.909,8443,6/3/2015,5/30/2015,17:13:54,7,34.5,AH0,254,37.9617125,Day,F,L,A,MYSE
151.909,8443,6/3/2015,5/30/2015,17:13:55,7,34.5,AH0,253,37.9617125,Day,F,L,A,MYSE
151.909,8443,6/3/2015,5/24/2015,17:13:56,7,31.4,AH0,255,34.6618152,Day,F,L,A,MYSE
151.909,8443,6/3/2015,5/24/2015,17:13:58,7,31.4,AH0,255,34.6618152,Day,F,L,A,MYSE
151.909,8443,6/3/2015,5/26/2015,17:13:58,7,31.8,AH0,252,35.2048856,Day,F,L,A,MYSE
151.909,8443,6/3/2015,5/24/2015,17:14:00,7,31.4,AH0,255,34.6618152,Day,F,L,A,MYSE
151.909,8443,6/3/2015,5/26/2015,17:14:00,7,31.8,AH0,253,35.2048856,Day,F,L,A,MYSE
151.909,8443,6/3/2015,5/26/2015,17:14:02,7,31.8,AH0,252,35.2048856,Day,F,L,A,MYSE
151.909,8443,6/3/2015,5/26/2015,17:14:04,7,31.8,AH0,252,35.2048856,Day,F,L,A,MYSE
151.909,8443,6/3/2015,5/28/2015,17:14:04,7,29.7,AH0,105,31.9095509,Day,F,L,A,MYSE
151.909,8443,6/3/2015,5/26/2015,17:14:05,7,31.8,AH0,249,35.2048856,Day,F,L,A,MYSE
151.909,8443,6/3/2015,5/28/2015,17:14:06,7,29.7,AH0,105,31.9095509,Day,F,L,A,MYSE
151.909,8443,6/3/2015,5/25/2015,17:14:07,7,29.8,AH0,251,32.0924136,Day,F,L,A,MYSE
151.909,8443,6/3/2015,5/29/2015,17:14:07,7,31.8,AH0,247,35.2048856,Day,F,L,A,MYSE
151.909,8443,6/3/2015,5/28/2015,17:14:08,7,29.7,AH0,113,31.9095509,Day,F,L,A,MYSE
151.909,8443,6/3/2015,5/25/2015,17:14:09,7,29.9,AH0,250,32.2725567,Day,F,L,A,MYSE
151.909,8443,6/3/2015,5/29/2015,17:14:09,7,31.8,AH0,247,35.2048856,Day,F,L,A,MYSE
151.909,8443,6/3/2015,5/30/2015,17:14:09,7,34.5,AH0,252,37.9617125,Day,F,L,A,MYSE
151.909,8443,6/3/2015,5/28/2015,17:14:10,7,29.7,AH0,120,31.9095509,Day,F,L,A,MYSE
151.909,8443,6/3/2015,5/25/2015,17:14:11,7,29.9,AH0,252,32.2725567,Day,F,L,A,MYSE
151.909,8443,6/3/2015,5/29/2015,17:14:11,7,31.8,AH0,249,35.2048856,Day,F,L,A,MYSE
151.909,8443,6/3/2015,5/30/2015,17:14:11,7,34.5,AH0,252,37.9617125,Day,F,L,A,MYSE
151.909,8443,6/3/2015,5/25/2015,17:14:13,7,29.9,AH0,251,32.2725567,Day,F,L,A,MYSE
151.909,8443,6/3/2015,5/29/2015,17:14:13,7,31.8,AH0,248,35.2048856,Day,F,L,A,MYSE
151.909,8443,6/3/2015,5/30/2015,17:14:13,7,34.5,AH0,250,37.9617125,Day,F,L,A,MYSE
151.909,8443,6/3/2015,5/24/2015,17:14:14,7,31.4,AH0,255,34.6618152,Day,F,L,A,MYSE
151.909,8443,6/3/2015,5/30/2015,17:14:14,7,34.4,AH0,251,37.8852672,Day,F,L,A,MYSE
151.909,8443,6/3/2015,5/24/2015,17:14:15,7,31.4,AH0,255,34.6618152,Day,F,L,A,MYSE
151.909,8443,6/3/2015,5/29/2015,17:14:15,7,31.8,AH0,249,35.2048856,Day,F,L,A,MYSE
151.909,8443,6/3/2015,5/30/2015,17:14:16,7,34.5,AH0,253,37.9617125,Day,F,L,A,MYSE
151.909,8443,6/3/2015,5/24/2015,17:14:17,7,31.4,AH0,255,34.6618152,Day,F,L,A,MYSE
151.909,8443,6/3/2015,5/24/2015,17:14:19,7,31.4,AH0,255,34.6618152,Day,F,L,A,MYSE
151.909,8443,6/3/2015,5/26/2015,17:14:19,7,31.8,AH0,252,35.2048856,Day,F,L,A,MYSE
151.909,8443,6/3/2015,5/26/2015,17:14:21,7,31.8,AH0,251,35.2048856,Day,F,L,A,MYSE
151.909,8443,6/3/2015,5/26/2015,17:14:22,7,31.8,AH0,252,35.2048856,Day,F,L,A,MYSE
151.909,8443,6/3/2015,5/26/2015,17:14:24,7,31.8,AH0,251,35.2048856,Day,F,L,A,MYSE
151.909,8443,6/3/2015,5/28/2015,17:14:24,7,30,AH0,115,32.45,Day,F,L,A,MYSE
151.909,8443,6/3/2015,5/28/2015,17:14:26,7,30,AH0,115,32.45,Day,F,L,A,MYSE
151.909,8443,6/3/2015,5/25/2015,17:14:28,7,29.8,AH0,251,32.0924136,Day,F,L,A,MYSE
151.909,8443,6/3/2015,5/28/2015,17:14:28,7,30,AH0,111,32.45,Day,F,L,A,MYSE
151.909,8443,6/3/2015,5/29/2015,17:14:28,7,31.9,AH0,248,35.3347947,Day,F,L,A,MYSE
151.909,8443,6/3/2015,5/30/2015,17:14:28,7,34.4,AH0,250,37.8852672,Day,F,L,A,MYSE
151.909,8443,6/3/2015,5/25/2015,17:14:30,7,29.9,AH0,250,32.2725567,Day,F,L,A,MYSE
151.909,8443,6/3/2015,5/28/2015,17:14:30,7,30,AH0,111,32.45,Day,F,L,A,MYSE
151.909,8443,6/3/2015,5/29/2015,17:14:30,7,31.9,AH0,251,35.3347947,Day,F,L,A,MYSE
151.909,8443,6/3/2015,5/30/2015,17:14:30,7,34.4,AH0,252,37.8852672,Day,F,L,A,MYSE
151.909,8443,6/3/2015,5/29/2015,17:14:31,7,31.9,AH0,247,35.3347947,Day,F,L,A,MYSE
151.909,8443,6/3/2015,5/25/2015,17:14:32,7,29.9,AH0,252,32.2725567,Day,F,L,A,MYSE
151.909,8443,6/3/2015,5/30/2015,17:14:32,7,34.4,AH0,253,37.8852672,Day,F,L,A,MYSE
151.909,8443,6/3/2015,5/24/2015,17:14:33,7,31.4,AH0,255,34.6618152,Day,F,L,A,MYSE
151.909,8443,6/3/2015,5/29/2015,17:14:33,7,31.9,AH0,246,35.3347947,Day,F,L,A,MYSE
151.909,8443,6/3/2015,5/25/2015,17:14:34,7,29.9,AH0,250,32.2725567,Day,F,L,A,MYSE
151.909,8443,6/3/2015,5/30/2015,17:14:34,7,34.4,AH0,253,37.8852672,Day,F,L,A,MYSE
151.909,8443,6/3/2015,5/24/2015,17:14:35,7,31.4,AH0,255,34.6618152,Day,F,L,A,MYSE
151.909,8443,6/3/2015,5/30/2015,17:14:35,7,34.4,AH0,252,37.8852672,Day,F,L,A,MYSE
151.909,8443,6/3/2015,5/24/2015,17:14:36,7,31.4,AH0,255,34.6618152,Day,F,L,A,MYSE
151.909,8443,6/3/2015,5/26/2015,17:14:37,7,32.1,AH0,249,35.5877213,Day,F,L,A,MYSE
151.909,8443,6/3/2015,5/24/2015,17:14:38,7,31.4,AH0,255,34.6618152,Day,F,L,A,MYSE
151.909,8443,6/3/2015,5/26/2015,17:14:39,7,31.8,AH0,251,35.2048856,Day,F,L,A,MYSE
151.909,8443,6/3/2015,5/24/2015,17:14:40,7,31.4,AH0,255,34.6618152,Day,F,L,A,MYSE
151.909,8443,6/3/2015,5/26/2015,17:14:41,7,31.8,AH0,252,35.2048856,Day,F,L,A,MYSE
151.909,8443,6/3/2015,5/26/2015,17:14:43,7,31.8,AH0,252,35.2048856,Day,F,L,A,MYSE
151.909,8443,6/3/2015,5/28/2015,17:14:44,7,29.9,AH0,112,32.2725567,Day,F,L,A,MYSE
151.909,8443,6/3/2015,5/26/2015,17:14:45,7,31.8,AH0,253,35.2048856,Day,F,L,A,MYSE
151.909,8443,6/3/2015,5/28/2015,17:14:46,7,29.9,AH0,112,32.2725567,Day,F,L,A,MYSE
151.909,8443,6/3/2015,5/25/2015,17:14:48,7,29.9,AH0,251,32.2725567,Day,F,L,A,MYSE
151.909,8443,6/3/2015,5/28/2015,17:14:48,7,29.9,AH0,112,32.2725567,Day,F,L,A,MYSE
151.909,8443,6/3/2015,5/29/2015,17:14:48,7,31.9,AH0,248,35.3347947,Day,F,L,A,MYSE
151.909,8443,6/3/2015,5/30/2015,17:14:49,7,34.4,AH0,251,37.8852672,Day,F,L,A,MYSE
151.909,8443,6/3/2015,5/25/2015,17:14:50,7,29.9,AH0,251,32.2725567,Day,F,L,A,MYSE
151.909,8443,6/3/2015,5/28/2015,17:14:50,7,29.9,AH0,108,32.2725567,Day,F,L,A,MYSE
151.909,8443,6/3/2015,5/29/2015,17:14:50,7,31.9,AH0,248,35.3347947,Day,F,L,A,MYSE
151.909,8443,6/3/2015,5/30/2015,17:14:51,7,34.4,AH0,250,37.8852672,Day,F,L,A,MYSE
151.909,8443,6/3/2015,5/25/2015,17:14:52,7,29.9,AH0,253,32.2725567,Day,F,L,A,MYSE
151.909,8443,6/3/2015,5/29/2015,17:14:52,7,31.9,AH0,250,35.3347947,Day,F,L,A,MYSE
151.909,8443,6/3/2015,5/30/2015,17:14:53,7,34.4,AH0,252,37.8852672,Day,F,L,A,MYSE
151.909,8443,6/3/2015,5/24/2015,17:14:54,7,31.5,AH0,255,34.8011375,Day,F,L,A,MYSE
151.909,8443,6/3/2015,5/25/2015,17:14:54,7,29.9,AH0,252,32.2725567,Day,F,L,A,MYSE
151.909,8443,6/3/2015,5/29/2015,17:14:54,7,31.9,AH0,246,35.3347947,Day,F,L,A,MYSE
151.909,8443,6/3/2015,5/30/2015,17:14:55,7,34.4,AH0,252,37.8852672,Day,F,L,A,MYSE
151.909,8443,6/3/2015,5/24/2015,17:14:56,7,31.4,AH0,255,34.6618152,Day,F,L,A,MYSE
151.909,8443,6/3/2015,5/30/2015,17:14:56,7,34.4,AH0,252,37.8852672,Day,F,L,A,MYSE
151.909,8443,6/3/2015,5/24/2015,17:14:57,7,31.4,AH0,255,34.6618152,Day,F,L,A,MYSE
151.909,8443,6/3/2015,5/26/2015,17:14:58,7,31.8,AH0,251,35.2048856,Day,F,L,A,MYSE
151.909,8443,6/3/2015,5/24/2015,17:14:59,7,31.4,AH0,255,34.6618152,Day,F,L,A,MYSE
151.909,8443,6/3/2015,5/26/2015,17:15:00,7,31.8,AH0,251,35.2048856,Day,F,L,A,MYSE
151.909,8443,6/3/2015,5/26/2015,17:15:02,7,31.8,AH0,252,35.2048856,Day,F,L,A,MYSE
151.909,8443,6/3/2015,5/26/2015,17:15:04,7,31.8,AH0,249,35.2048856,Day,F,L,A,MYSE
151.909,8443,6/3/2015,5/28/2015,17:15:04,7,30,AH0,111,32.45,Day,F,L,A,MYSE
151.909,8443,6/3/2015,5/28/2015,17:15:06,7,30,AH0,110,32.45,Day,F,L,A,MYSE
151.909,8443,6/3/2015,5/29/2015,17:15:07,7,31.9,AH0,245,35.3347947,Day,F,L,A,MYSE
151.909,8443,6/3/2015,5/25/2015,17:15:08,7,29.9,AH0,251,32.2725567,Day,F,L,A,MYSE
151.909,8443,6/3/2015,5/28/2015,17:15:08,7,30,AH0,118,32.45,Day,F,L,A,MYSE
151.909,8443,6/3/2015,5/30/2015,17:15:08,7,34.4,AH0,253,37.8852672,Day,F,L,A,MYSE
151.909,8443,6/3/2015,5/29/2015,17:15:09,7,31.9,AH0,248,35.3347947,Day,F,L,A,MYSE
151.909,8443,6/3/2015,5/25/2015,17:15:10,7,29.9,AH0,252,32.2725567,Day,F,L,A,MYSE
151.909,8443,6/3/2015,5/28/2015,17:15:10,7,30,AH0,118,32.45,Day,F,L,A,MYSE
151.909,8443,6/3/2015,5/30/2015,17:15:10,7,34.4,AH0,252,37.8852672,Day,F,L,A,MYSE
151.909,8443,6/3/2015,5/29/2015,17:15:11,7,31.9,AH0,248,35.3347947,Day,F,L,A,MYSE
151.909,8443,6/3/2015,5/25/2015,17:15:12,7,29.9,AH0,251,32.2725567,Day,F,L,A,MYSE
151.909,8443,6/3/2015,5/30/2015,17:15:12,7,34.4,AH0,252,37.8852672,Day,F,L,A,MYSE
151.909,8443,6/3/2015,5/24/2015,17:15:13,7,31.4,AH0,255,34.6618152,Day,F,L,A,MYSE
151.909,8443,6/3/2015,5/29/2015,17:15:13,7,31.9,AH0,248,35.3347947,Day,F,L,A,MYSE
151.909,8443,6/3/2015,5/25/2015,17:15:14,7,29.9,AH0,251,32.2725567,Day,F,L,A,MYSE
151.909,8443,6/3/2015,5/30/2015,17:15:14,7,34.4,AH0,253,37.8852672,Day,F,L,A,MYSE
151.909,8443,6/3/2015,5/24/2015,17:15:15,7,31.4,AH0,255,34.6618152,Day,F,L,A,MYSE
151.909,8443,6/3/2015,5/29/2015,17:15:15,7,31.9,AH0,248,35.3347947,Day,F,L,A,MYSE
151.909,8443,6/3/2015,5/30/2015,17:15:15,7,34.4,AH0,251,37.8852672,Day,F,L,A,MYSE
151.909,8443,6/3/2015,5/24/2015,17:15:17,7,31.4,AH0,255,34.6618152,Day,F,L,A,MYSE
151.909,8443,6/3/2015,5/24/2015,17:15:18,7,31.4,AH0,255,34.6618152,Day,F,L,A,MYSE
151.909,8443,6/3/2015,5/26/2015,17:15:19,7,31.6,AH0,255,34.9380768,Day,F,L,A,MYSE
151.909,8443,6/3/2015,5/24/2015,17:15:20,7,31.4,AH0,255,34.6618152,Day,F,L,A,MYSE
151.909,8443,6/3/2015,5/26/2015,17:15:21,7,31.6,AH0,254,34.9380768,Day,F,L,A,MYSE
151.909,8443,6/3/2015,5/26/2015,17:15:23,7,31.5,AH0,253,34.8011375,Day,F,L,A,MYSE
151.909,8443,6/3/2015,5/28/2015,17:15:24,7,30.1,AH0,116,32.6247633,Day,F,L,A,MYSE
151.909,8443,6/3/2015,5/26/2015,17:15:25,7,31.5,AH0,253,34.8011375,Day,F,L,A,MYSE
151.909,8443,6/3/2015,5/28/2015,17:15:26,7,30.1,AH0,119,32.6247633,Day,F,L,A,MYSE
151.909,8443,6/3/2015,5/25/2015,17:15:28,7,29.9,AH0,249,32.2725567,Day,F,L,A,MYSE
151.909,8443,6/3/2015,5/28/2015,17:15:28,7,30.1,AH0,123,32.6247633,Day,F,L,A,MYSE
151.909,8443,6/3/2015,5/29/2015,17:15:28,7,32,AH0,247,35.4624,Day,F,L,A,MYSE
151.909,8443,6/3/2015,5/30/2015,17:15:29,7,34.4,AH0,251,37.8852672,Day,F,L,A,MYSE
151.909,8443,6/3/2015,5/25/2015,17:15:30,7,29.9,AH0,250,32.2725567,Day,F,L,A,MYSE
151.909,8443,6/3/2015,5/28/2015,17:15:30,7,30.1,AH0,120,32.6247633,Day,F,L,A,MYSE
151.909,8443,6/3/2015,5/29/2015,17:15:30,7,32,AH0,249,35.4624,Day,F,L,A,MYSE
151.909,8443,6/3/2015,5/30/2015,17:15:31,7,34.4,AH0,253,37.8852672,Day,F,L,A,MYSE
151.909,8443,6/3/2015,5/25/2015,17:15:32,7,29.9,AH0,251,32.2725567,Day,F,L,A,MYSE
151.909,8443,6/3/2015,5/29/2015,17:15:32,7,32,AH0,247,35.4624,Day,F,L,A,MYSE
151.909,8443,6/3/2015,5/30/2015,17:15:33,7,34.4,AH0,251,37.8852672,Day,F,L,A,MYSE
151.909,8443,6/3/2015,5/24/2015,17:15:34,7,31.4,AH0,255,34.6618152,Day,F,L,A,MYSE
151.909,8443,6/3/2015,5/25/2015,17:15:34,7,29.9,AH0,251,32.2725567,Day,F,L,A,MYSE
151.909,8443,6/3/2015,5/29/2015,17:15:34,7,32,AH0,250,35.4624,Day,F,L,A,MYSE
151.909,8443,6/3/2015,5/30/2015,17:15:35,7,34.4,AH0,252,37.8852672,Day,F,L,A,MYSE
151.909,8443,6/3/2015,5/24/2015,17:15:36,7,31.4,AH0,255,34.6618152,Day,F,L,A,MYSE
151.909,8443,6/3/2015,5/24/2015,17:15:38,7,31.4,AH0,255,34.6618152,Day,F,L,A,MYSE
151.909,8443,6/3/2015,5/26/2015,17:15:38,7,31.3,AH0,253,34.5200901,Day,F,L,A,MYSE
151.909,8443,6/3/2015,5/24/2015,17:15:39,7,31.4,AH0,255,34.6618152,Day,F,L,A,MYSE
151.909,8443,6/3/2015,5/26/2015,17:15:40,7,31.3,AH0,253,34.5200901,Day,F,L,A,MYSE
151.909,8443,6/3/2015,5/26/2015,17:15:42,7,31.2,AH0,249,34.3759424,Day,F,L,A,MYSE
151.909,8443,6/3/2015,5/26/2015,17:15:44,7,31.2,AH0,254,34.3759424,Day,F,L,A,MYSE
151.909,8443,6/3/2015,5/28/2015,17:15:44,7,30.2,AH0,120,32.7968664,Day,F,L,A,MYSE
151.909,8443,6/3/2015,5/28/2015,17:15:46,7,30.2,AH0,122,32.7968664,Day,F,L,A,MYSE
151.909,8443,6/3/2015,5/25/2015,17:15:48,7,30,AH0,253,32.45,Day,F,L,A,MYSE
151.909,8443,6/3/2015,5/28/2015,17:15:48,7,30.2,AH0,113,32.7968664,Day,F,L,A,MYSE
151.909,8443,6/3/2015,5/29/2015,17:15:49,7,32,AH0,248,35.4624,Day,F,L,A,MYSE
151.909,8443,6/3/2015,5/30/2015,17:15:49,7,34.4,AH0,252,37.8852672,Day,F,L,A,MYSE
151.909,8443,6/3/2015,5/25/2015,17:15:50,7,30,AH0,253,32.45,Day,F,L,A,MYSE
151.909,8443,6/3/2015,5/28/2015,17:15:50,7,30.2,AH0,114,32.7968664,Day,F,L,A,MYSE
151.909,8443,6/3/2015,5/29/2015,17:15:50,7,32,AH0,248,35.4624,Day,F,L,A,MYSE
151.909,8443,6/3/2015,5/30/2015,17:15:50,7,34.4,AH0,252,37.8852672,Day,F,L,A,MYSE
151.909,8443,6/3/2015,5/25/2015,17:15:52,7,30,AH0,253,32.45,Day,F,L,A,MYSE
151.909,8443,6/3/2015,5/29/2015,17:15:52,7,32,AH0,251,35.4624,Day,F,L,A,MYSE
151.909,8443,6/3/2015,5/30/2015,17:15:52,7,34.4,AH0,253,37.8852672,Day,F,L,A,MYSE
151.909,8443,6/3/2015,5/24/2015,17:15:53,7,31.4,AH0,255,34.6618152,Day,F,L,A,MYSE
151.909,8443,6/3/2015,5/25/2015,17:15:54,7,30,AH0,252,32.45,Day,F,L,A,MYSE
151.909,8443,6/3/2015,5/29/2015,17:15:54,7,32,AH0,246,35.4624,Day,F,L,A,MYSE
151.909,8443,6/3/2015,5/30/2015,17:15:54,7,34.4,AH0,252,37.8852672,Day,F,L,A,MYSE
151.909,8443,6/3/2015,5/24/2015,17:15:55,7,31.4,AH0,255,34.6618152,Day,F,L,A,MYSE
151.909,8443,6/3/2015,5/30/2015,17:15:56,7,34.4,AH0,253,37.8852672,Day,F,L,A,MYSE
151.909,8443,6/3/2015,5/24/2015,17:15:57,7,31.4,AH0,255,34.6618152,Day,F,L,A,MYSE
151.909,8443,6/3/2015,5/24/2015,17:15:59,7,31.4,AH0,255,34.6618152,Day,F,L,A,MYSE
151.909,8443,6/3/2015,5/26/2015,17:15:59,7,31.1,AH0,250,34.2293523,Day,F,L,A,MYSE
151.909,8443,6/3/2015,5/24/2015,17:16:00,7,31.4,AH0,255,34.6618152,Day,F,L,A,MYSE
151.909,8443,6/3/2015,5/26/2015,17:16:01,7,31.1,AH0,252,34.2293523,Day,F,L,A,MYSE
151.909,8443,6/3/2015,5/26/2015,17:16:03,7,31,AH0,252,34.0803,Day,F,L,A,MYSE
151.909,8443,6/3/2015,5/28/2015,17:16:04,7,30.2,AH0,116,32.7968664,Day,F,L,A,MYSE
151.909,8443,6/3/2015,5/26/2015,17:16:05,7,31,AH0,251,34.0803,Day,F,L,A,MYSE
151.909,8443,6/3/2015,5/28/2015,17:16:06,7,30.2,AH0,114,32.7968664,Day,F,L,A,MYSE
151.909,8443,6/3/2015,5/29/2015,17:16:07,7,32,AH0,248,35.4624,Day,F,L,A,MYSE
151.909,8443,6/3/2015,5/25/2015,17:16:08,7,30,AH0,252,32.45,Day,F,L,A,MYSE
151.909,8443,6/3/2015,5/28/2015,17:16:08,7,30.2,AH0,121,32.7968664,Day,F,L,A,MYSE
151.909,8443,6/3/2015,5/29/2015,17:16:09,7,32,AH0,249,35.4624,Day,F,L,A,MYSE
151.909,8443,6/3/2015,5/25/2015,17:16:10,7,30,AH0,251,32.45,Day,F,L,A,MYSE
151.909,8443,6/3/2015,5/28/2015,17:16:10,7,30.3,AH0,121,32.9663291,Day,F,L,A,MYSE
151.909,8443,6/3/2015,5/30/2015,17:16:10,7,34.5,AH0,253,37.9617125,Day,F,L,A,MYSE
151.909,8443,6/3/2015,5/29/2015,17:16:11,7,32,AH0,248,35.4624,Day,F,L,A,MYSE
151.909,8443,6/3/2015,5/30/2015,17:16:11,7,34.5,AH0,252,37.9617125,Day,F,L,A,MYSE
151.909,8443,6/3/2015,5/25/2015,17:16:12,7,30,AH0,250,32.45,Day,F,L,A,MYSE
151.909,8443,6/3/2015,5/29/2015,17:16:13,7,32,AH0,248,35.4624,Day,F,L,A,MYSE
151.909,8443,6/3/2015,5/30/2015,17:16:13,7,34.5,AH0,251,37.9617125,Day,F,L,A,MYSE
151.909,8443,6/3/2015,5/24/2015,17:16:14,7,31.4,AH0,255,34.6618152,Day,F,L,A,MYSE
151.909,8443,6/3/2015,5/25/2015,17:16:14,7,30,AH0,252,32.45,Day,F,L,A,MYSE
151.909,8443,6/3/2015,5/29/2015,17:16:15,7,32.1,AH0,248,35.5877213,Day,F,L,A,MYSE
151.909,8443,6/3/2015,5/30/2015,17:16:15,7,34.5,AH0,253,37.9617125,Day,F,L,A,MYSE
151.909,8443,6/3/2015,5/24/2015,17:16:16,7,31.4,AH0,255,34.6618152,Day,F,L,A,MYSE
151.909,8443,6/3/2015,5/24/2015,17:16:18,7,31.4,AH0,255,34.6618152,Day,F,L,A,MYSE
151.909,8443,6/3/2015,5/26/2015,17:16:19,7,31,AH0,253,34.0803,Day,F,L,A,MYSE
151.909,8443,6/3/2015,5/24/2015,17:16:20,7,31.4,AH0,255,34.6618152,Day,F,L,A,MYSE
151.909,8443,6/3/2015,5/26/2015,17:16:21,7,31,AH0,252,34.0803,Day,F,L,A,MYSE
151.909,8443,6/3/2015,5/26/2015,17:16:23,7,31,AH0,250,34.0803,Day,F,L,A,MYSE
151.909,8443,6/3/2015,5/28/2015,17:16:24,7,30.2,AH0,116,32.7968664,Day,F,L,A,MYSE
151.909,8443,6/3/2015,5/26/2015,17:16:25,7,31,AH0,253,34.0803,Day,F,L,A,MYSE
151.909,8443,6/3/2015,5/28/2015,17:16:26,7,30.3,AH0,122,32.9663291,Day,F,L,A,MYSE
151.909,8443,6/3/2015,5/25/2015,17:16:28,7,30,AH0,252,32.45,Day,F,L,A,MYSE
151.909,8443,6/3/2015,5/28/2015,17:16:28,7,30.3,AH0,118,32.9663291,Day,F,L,A,MYSE
151.909,8443,6/3/2015,5/29/2015,17:16:28,7,32.1,AH0,248,35.5877213,Day,F,L,A,MYSE
151.909,8443,6/3/2015,5/30/2015,17:16:29,7,34.5,AH0,253,37.9617125,Day,F,L,A,MYSE
151.909,8443,6/3/2015,5/25/2015,17:16:30,7,30,AH0,253,32.45,Day,F,L,A,MYSE
151.909,8443,6/3/2015,5/28/2015,17:16:30,7,30.3,AH0,114,32.9663291,Day,F,L,A,MYSE
151.909,8443,6/3/2015,5/29/2015,17:16:30,7,32,AH0,249,35.4624,Day,F,L,A,MYSE
151.909,8443,6/3/2015,5/30/2015,17:16:30,7,34.5,AH0,253,37.9617125,Day,F,L,A,MYSE
151.909,8443,6/3/2015,5/25/2015,17:16:32,7,30,AH0,253,32.45,Day,F,L,A,MYSE
151.909,8443,6/3/2015,5/29/2015,17:16:32,7,32.1,AH0,246,35.5877213,Day,F,L,A,MYSE
151.909,8443,6/3/2015,5/30/2015,17:16:32,7,34.5,AH0,252,37.9617125,Day,F,L,A,MYSE
151.909,8443,6/3/2015,5/24/2015,17:16:33,7,31.4,AH0,255,34.6618152,Day,F,L,A,MYSE
151.909,8443,6/3/2015,5/29/2015,17:16:33,7,32.1,AH0,248,35.5877213,Day,F,L,A,MYSE
151.909,8443,6/3/2015,5/25/2015,17:16:34,7,30,AH0,249,32.45,Day,F,L,A,MYSE
151.909,8443,6/3/2015,5/30/2015,17:16:34,7,34.5,AH0,253,37.9617125,Day,F,L,A,MYSE
151.909,8443,6/3/2015,5/24/2015,17:16:35,7,31.4,AH0,255,34.6618152,Day,F,L,A,MYSE
151.909,8443,6/3/2015,5/30/2015,17:16:36,7,34.5,AH0,252,37.9617125,Day,F,L,A,MYSE
151.909,8443,6/3/2015,5/24/2015,17:16:37,7,31.4,AH0,255,34.6618152,Day,F,L,A,MYSE
151.909,8443,6/3/2015,5/26/2015,17:16:38,7,30.9,AH0,250,33.9287657,Day,F,L,A,MYSE
151.909,8443,6/3/2015,5/24/2015,17:16:39,7,31.4,AH0,255,34.6618152,Day,F,L,A,MYSE
151.909,8443,6/3/2015,5/26/2015,17:16:40,7,30.9,AH0,252,33.9287657,Day,F,L,A,MYSE
151.909,8443,6/3/2015,5/26/2015,17:16:42,7,30.9,AH0,253,33.9287657,Day,F,L,A,MYSE
151.909,8443,6/3/2015,5/26/2015,17:16:44,7,30.9,AH0,252,33.9287657,Day,F,L,A,MYSE
151.909,8443,6/3/2015,5/28/2015,17:16:44,7,30.3,AH0,119,32.9663291,Day,F,L,A,MYSE
151.909,8443,6/3/2015,5/28/2015,17:16:46,7,30.3,AH0,121,32.9663291,Day,F,L,A,MYSE
151.909,8443,6/3/2015,5/25/2015,17:16:48,7,30,AH0,251,32.45,Day,F,L,A,MYSE
151.909,8443,6/3/2015,5/28/2015,17:16:48,7,30.3,AH0,120,32.9663291,Day,F,L,A,MYSE
151.909,8443,6/3/2015,5/29/2015,17:16:48,7,32.1,AH0,250,35.5877213,Day,F,L,A,MYSE
151.909,8443,6/3/2015,5/25/2015,17:16:50,7,30,AH0,251,32.45,Day,F,L,A,MYSE
151.909,8443,6/3/2015,5/28/2015,17:16:50,7,30.3,AH0,115,32.9663291,Day,F,L,A,MYSE
151.909,8443,6/3/2015,5/29/2015,17:16:50,7,32.1,AH0,249,35.5877213,Day,F,L,A,MYSE
151.909,8443,6/3/2015,5/30/2015,17:16:50,7,34.5,AH0,252,37.9617125,Day,F,L,A,MYSE
151.909,8443,6/3/2015,5/30/2015,17:16:51,7,34.5,AH0,253,37.9617125,Day,F,L,A,MYSE
151.909,8443,6/3/2015,5/25/2015,17:16:52,7,30,AH0,251,32.45,Day,F,L,A,MYSE
151.909,8443,6/3/2015,5/29/2015,17:16:52,7,32.1,AH0,251,35.5877213,Day,F,L,A,MYSE
151.909,8443,6/3/2015,5/30/2015,17:16:53,7,34.5,AH0,253,37.9617125,Day,F,L,A,MYSE
151.909,8443,6/3/2015,5/24/2015,17:16:54,7,31.4,AH0,255,34.6618152,Day,F,L,A,MYSE
151.909,8443,6/3/2015,5/25/2015,17:16:54,7,30,AH0,252,32.45,Day,F,L,A,MYSE
151.909,8443,6/3/2015,5/29/2015,17:16:54,7,32.1,AH0,251,35.5877213,Day,F,L,A,MYSE
151.909,8443,6/3/2015,5/30/2015,17:16:55,7,34.5,AH0,253,37.9617125,Day,F,L,A,MYSE
151.909,8443,6/3/2015,5/24/2015,17:16:56,7,31.4,AH0,255,34.6618152,Day,F,L,A,MYSE
151.909,8443,6/3/2015,5/24/2015,17:16:58,7,31.5,AH0,255,34.8011375,Day,F,L,A,MYSE
151.909,8443,6/3/2015,5/26/2015,17:16:58,7,31.2,AH0,253,34.3759424,Day,F,L,A,MYSE
151.909,8443,6/3/2015,5/26/2015,17:16:59,7,30.9,AH0,251,33.9287657,Day,F,L,A,MYSE
151.909,8443,6/3/2015,5/24/2015,17:17:00,7,31.5,AH0,255,34.8011375,Day,F,L,A,MYSE
151.909,8443,6/3/2015,5/26/2015,17:17:01,7,30.9,AH0,250,33.9287657,Day,F,L,A,MYSE
151.909,8443,6/3/2015,5/26/2015,17:17:03,7,30.9,AH0,250,33.9287657,Day,F,L,A,MYSE
151.909,8443,6/3/2015,5/28/2015,17:17:03,7,30.3,AH0,112,32.9663291,Day,F,L,A,MYSE
151.909,8443,6/3/2015,5/26/2015,17:17:05,7,30.9,AH0,250,33.9287657,Day,F,L,A,MYSE
151.909,8443,6/3/2015,5/28/2015,17:17:05,7,30.3,AH0,113,32.9663291,Day,F,L,A,MYSE
151.909,8443,6/3/2015,5/28/2015,17:17:07,7,30.3,AH0,114,32.9663291,Day,F,L,A,MYSE
151.909,8443,6/3/2015,5/29/2015,17:17:07,7,32.1,AH0,251,35.5877213,Day,F,L,A,MYSE
151.909,8443,6/3/2015,5/25/2015,17:17:08,7,30,AH0,250,32.45,Day,F,L,A,MYSE
151.909,8443,6/3/2015,5/28/2015,17:17:09,7,30.3,AH0,114,32.9663291,Day,F,L,A,MYSE
151.909,8443,6/3/2015,5/29/2015,17:17:09,7,32.1,AH0,250,35.5877213,Day,F,L,A,MYSE
151.909,8443,6/3/2015,5/30/2015,17:17:09,7,34.5,AH0,253,37.9617125,Day,F,L,A,MYSE
151.909,8443,6/3/2015,5/25/2015,17:17:10,7,30,AH0,251,32.45,Day,F,L,A,MYSE
151.909,8443,6/3/2015,5/30/2015,17:17:10,7,34.5,AH0,253,37.9617125,Day,F,L,A,MYSE
151.909,8443,6/3/2015,5/29/2015,17:17:11,7,32.1,AH0,251,35.5877213,Day,F,L,A,MYSE
151.909,8443,6/3/2015,5/25/2015,17:17:12,7,30.1,AH0,250,32.6247633,Day,F,L,A,MYSE
151.909,8443,6/3/2015,5/30/2015,17:17:12,7,34.5,AH0,252,37.9617125,Day,F,L,A,MYSE
151.909,8443,6/3/2015,5/24/2015,17:17:13,7,31.7,AH0,255,35.0726529,Day,F,L,A,MYSE
151.909,8443,6/3/2015,5/29/2015,17:17:13,7,32.1,AH0,249,35.5877213,Day,F,L,A,MYSE
151.909,8443,6/3/2015,5/25/2015,17:17:14,7,30.1,AH0,252,32.6247633,Day,F,L,A,MYSE
151.909,8443,6/3/2015,5/30/2015,17:17:14,7,34.5,AH0,253,37.9617125,Day,F,L,A,MYSE
151.909,8443,6/3/2015,5/24/2015,17:17:15,7,31.7,AH0,255,35.0726529,Day,F,L,A,MYSE
151.909,8443,6/3/2015,5/29/2015,17:17:15,7,32.1,AH0,249,35.5877213,Day,F,L,A,MYSE
151.909,8443,6/3/2015,5/30/2015,17:17:16,7,34.5,AH0,252,37.9617125,Day,F,L,A,MYSE
151.909,8443,6/3/2015,5/24/2015,17:17:17,7,31.7,AH0,255,35.0726529,Day,F,L,A,MYSE
151.909,8443,6/3/2015,5/24/2015,17:17:19,7,31.7,AH0,255,35.0726529,Day,F,L,A,MYSE
151.909,8443,6/3/2015,5/26/2015,17:17:19,7,30.9,AH0,253,33.9287657,Day,F,L,A,MYSE
151.909,8443,6/3/2015,5/24/2015,17:17:20,7,31.6,AH0,255,34.9380768,Day,F,L,A,MYSE
151.909,8443,6/3/2015,5/26/2015,17:17:21,7,30.9,AH0,251,33.9287657,Day,F,L,A,MYSE
151.909,8443,6/3/2015,5/26/2015,17:17:23,7,30.9,AH0,249,33.9287657,Day,F,L,A,MYSE
151.909,8443,6/3/2015,5/28/2015,17:17:23,7,30.4,AH0,112,33.1331712,Day,F,L,A,MYSE
151.909,8443,6/3/2015,5/26/2015,17:17:25,7,30.9,AH0,253,33.9287657,Day,F,L,A,MYSE
151.909,8443,6/3/2015,5/28/2015,17:17:25,7,30.4,AH0,112,33.1331712,Day,F,L,A,MYSE
151.909,8443,6/3/2015,5/28/2015,17:17:27,7,30.4,AH0,116,33.1331712,Day,F,L,A,MYSE
151.909,8443,6/3/2015,5/29/2015,17:17:28,7,32.2,AH0,251,35.7107784,Day,F,L,A,MYSE
151.909,8443,6/3/2015,5/25/2015,17:17:29,7,30.1,AH0,250,32.6247633,Day,F,L,A,MYSE
151.909,8443,6/3/2015,5/28/2015,17:17:29,7,30.4,AH0,116,33.1331712,Day,F,L,A,MYSE
151.909,8443,6/3/2015,5/30/2015,17:17:29,7,34.5,AH0,253,37.9617125,Day,F,L,A,MYSE
151.909,8443,6/3/2015,5/29/2015,17:17:30,7,32.2,AH0,251,35.7107784,Day,F,L,A,MYSE
151.909,8443,6/3/2015,5/30/2015,17:17:30,7,34.5,AH0,253,37.9617125,Day,F,L,A,MYSE
151.909,8443,6/3/2015,5/25/2015,17:17:31,7,30.1,AH0,252,32.6247633,Day,F,L,A,MYSE
151.909,8443,6/3/2015,5/29/2015,17:17:31,7,32.2,AH0,250,35.7107784,Day,F,L,A,MYSE
151.909,8443,6/3/2015,5/30/2015,17:17:32,7,34.5,AH0,253,37.9617125,Day,F,L,A,MYSE
151.909,8443,6/3/2015,5/25/2015,17:17:33,7,30.1,AH0,243,32.6247633,Day,F,L,A,MYSE
151.909,8443,6/3/2015,5/29/2015,17:17:33,7,32.2,AH0,248,35.7107784,Day,F,L,A,MYSE
151.909,8443,6/3/2015,5/24/2015,17:17:34,7,31.6,AH0,255,34.9380768,Day,F,L,A,MYSE
151.909,8443,6/3/2015,5/30/2015,17:17:34,7,34.5,AH0,254,37.9617125,Day,F,L,A,MYSE
151.909,8443,6/3/2015,5/25/2015,17:17:35,7,30.1,AH0,248,32.6247633,Day,F,L,A,MYSE
151.909,8443,6/3/2015,5/24/2015,17:17:36,7,31.6,AH0,255,34.9380768,Day,F,L,A,MYSE
151.909,8443,6/3/2015,5/24/2015,17:17:38,7,31.6,AH0,255,34.9380768,Day,F,L,A,MYSE
151.909,8443,6/3/2015,5/26/2015,17:17:38,7,30.9,AH0,252,33.9287657,Day,F,L,A,MYSE
151.909,8443,6/3/2015,5/24/2015,17:17:39,7,31.6,AH0,255,34.9380768,Day,F,L,A,MYSE
151.909,8443,6/3/2015,5/26/2015,17:17:40,7,30.9,AH0,252,33.9287657,Day,F,L,A,MYSE
151.909,8443,6/3/2015,5/26/2015,17:17:42,7,30.9,AH0,252,33.9287657,Day,F,L,A,MYSE
151.909,8443,6/3/2015,5/28/2015,17:17:43,7,30.4,AH0,107,33.1331712,Day,F,L,A,MYSE
151.909,8443,6/3/2015,5/26/2015,17:17:44,7,30.9,AH0,252,33.9287657,Day,F,L,A,MYSE
151.909,8443,6/3/2015,5/28/2015,17:17:45,7,30.4,AH0,107,33.1331712,Day,F,L,A,MYSE
151.909,8443,6/3/2015,5/28/2015,17:17:47,7,30.4,AH0,114,33.1331712,Day,F,L,A,MYSE
151.909,8443,6/3/2015,5/29/2015,17:17:48,7,32.2,AH0,251,35.7107784,Day,F,L,A,MYSE
151.909,8443,6/3/2015,5/30/2015,17:17:48,7,34.5,AH0,247,37.9617125,Day,F,L,A,MYSE
151.909,8443,6/3/2015,5/25/2015,17:17:49,7,30,AH0,251,32.45,Day,F,L,A,MYSE
151.909,8443,6/3/2015,5/28/2015,17:17:49,7,30.4,AH0,111,33.1331712,Day,F,L,A,MYSE
151.909,8443,6/3/2015,5/30/2015,17:17:49,7,34.5,AH0,251,37.9617125,Day,F,L,A,MYSE
151.909,8443,6/3/2015,5/29/2015,17:17:50,7,32.2,AH0,252,35.7107784,Day,F,L,A,MYSE
151.909,8443,6/3/2015,5/25/2015,17:17:51,7,30,AH0,249,32.45,Day,F,L,A,MYSE
151.909,8443,6/3/2015,5/30/2015,17:17:51,7,34.5,AH0,253,37.9617125,Day,F,L,A,MYSE
151.909,8443,6/3/2015,5/29/2015,17:17:52,7,32.2,AH0,249,35.7107784,Day,F,L,A,MYSE
151.909,8443,6/3/2015,5/24/2015,17:17:53,7,31.6,AH0,255,34.9380768,Day,F,L,A,MYSE
151.909,8443,6/3/2015,5/25/2015,17:17:53,7,30,AH0,251,32.45,Day,F,L,A,MYSE
151.909,8443,6/3/2015,5/30/2015,17:17:53,7,34.5,AH0,252,37.9617125,Day,F,L,A,MYSE
151.909,8443,6/3/2015,5/29/2015,17:17:54,7,32.2,AH0,250,35.7107784,Day,F,L,A,MYSE
151.909,8443,6/3/2015,5/24/2015,17:17:55,7,31.6,AH0,255,34.9380768,Day,F,L,A,MYSE
151.909,8443,6/3/2015,5/25/2015,17:17:55,7,30,AH0,251,32.45,Day,F,L,A,MYSE
151.909,8443,6/3/2015,5/30/2015,17:17:55,7,34.5,AH0,251,37.9617125,Day,F,L,A,MYSE
151.909,8443,6/3/2015,5/24/2015,17:17:57,7,31.7,AH0,255,35.0726529,Day,F,L,A,MYSE
151.909,8443,6/3/2015,5/24/2015,17:17:58,7,31.6,AH0,255,34.9380768,Day,F,L,A,MYSE
151.909,8443,6/3/2015,5/26/2015,17:17:58,7,31,AH0,252,34.0803,Day,F,L,A,MYSE
151.909,8443,6/3/2015,5/24/2015,17:18:00,7,31.6,AH0,255,34.9380768,Day,F,L,A,MYSE
151.909,8443,6/3/2015,5/26/2015,17:18:00,7,31.1,AH0,253,34.2293523,Day,F,L,A,MYSE
151.909,8443,6/3/2015,5/26/2015,17:18:02,7,31.1,AH0,252,34.2293523,Day,F,L,A,MYSE
151.909,8443,6/3/2015,5/26/2015,17:18:03,7,31.1,AH0,252,34.2293523,Day,F,L,A,MYSE
151.909,8443,6/3/2015,5/28/2015,17:18:03,7,30.4,AH0,114,33.1331712,Day,F,L,A,MYSE
151.909,8443,6/3/2015,5/28/2015,17:18:04,7,40.4,AH0,26,39.9830112,Day,F,L,A,MYSE
151.909,8443,6/3/2015,5/26/2015,17:18:05,7,31.1,AH0,252,34.2293523,Day,F,L,A,MYSE
151.909,8443,6/3/2015,5/28/2015,17:18:05,7,123.2,AH0,113,1704.159014,Day,F,L,A,MYSE
151.909,8443,6/3/2015,5/28/2015,17:18:07,7,30.4,AH0,111,33.1331712,Day,F,L,A,MYSE
151.909,8443,6/3/2015,5/29/2015,17:18:07,7,32.2,AH0,251,35.7107784,Day,F,L,A,MYSE
151.909,8443,6/3/2015,5/25/2015,17:18:09,7,30,AH0,250,32.45,Day,F,L,A,MYSE
151.909,8443,6/3/2015,5/28/2015,17:18:09,7,30.4,AH0,110,33.1331712,Day,F,L,A,MYSE
151.909,8443,6/3/2015,5/29/2015,17:18:09,7,32.2,AH0,250,35.7107784,Day,F,L,A,MYSE
151.909,8443,6/3/2015,5/30/2015,17:18:09,7,34.5,AH0,252,37.9617125,Day,F,L,A,MYSE
151.909,8443,6/3/2015,5/30/2015,17:18:10,7,34.5,AH0,251,37.9617125,Day,F,L,A,MYSE
151.909,8443,6/3/2015,5/25/2015,17:18:11,7,30,AH0,248,32.45,Day,F,L,A,MYSE
151.909,8443,6/3/2015,5/29/2015,17:18:11,7,32.2,AH0,252,35.7107784,Day,F,L,A,MYSE
151.909,8443,6/3/2015,5/29/2015,17:18:12,7,32.2,AH0,249,35.7107784,Day,F,L,A,MYSE
151.909,8443,6/3/2015,5/30/2015,17:18:12,7,34.5,AH0,253,37.9617125,Day,F,L,A,MYSE
151.909,8443,6/3/2015,5/25/2015,17:18:13,7,30,AH0,250,32.45,Day,F,L,A,MYSE
151.909,8443,6/3/2015,5/24/2015,17:18:14,7,31.5,AH0,255,34.8011375,Day,F,L,A,MYSE
151.909,8443,6/3/2015,5/29/2015,17:18:14,7,32.2,AH0,249,35.7107784,Day,F,L,A,MYSE
151.909,8443,6/3/2015,5/30/2015,17:18:14,7,34.5,AH0,253,37.9617125,Day,F,L,A,MYSE
151.909,8443,6/3/2015,5/25/2015,17:18:15,7,30,AH0,249,32.45,Day,F,L,A,MYSE
151.909,8443,6/3/2015,5/24/2015,17:18:16,7,31.5,AH0,255,34.8011375,Day,F,L,A,MYSE
151.909,8443,6/3/2015,5/24/2015,17:18:17,7,31.5,AH0,255,34.8011375,Day,F,L,A,MYSE
151.909,8443,6/3/2015,5/24/2015,17:18:19,7,31.5,AH0,255,34.8011375,Day,F,L,A,MYSE
151.909,8443,6/3/2015,5/26/2015,17:18:19,7,31.1,AH0,252,34.2293523,Day,F,L,A,MYSE
151.909,8443,6/3/2015,5/26/2015,17:18:21,7,31.1,AH0,251,34.2293523,Day,F,L,A,MYSE
151.909,8443,6/3/2015,5/28/2015,17:18:22,7,30.5,AH0,111,33.2974125,Day,F,L,A,MYSE
151.909,8443,6/3/2015,5/26/2015,17:18:23,7,31.1,AH0,252,34.2293523,Day,F,L,A,MYSE
151.909,8443,6/3/2015,5/28/2015,17:18:24,7,30.4,AH0,113,33.1331712,Day,F,L,A,MYSE
151.909,8443,6/3/2015,5/26/2015,17:18:25,7,31.1,AH0,252,34.2293523,Day,F,L,A,MYSE
151.909,8443,6/3/2015,5/28/2015,17:18:26,7,30.4,AH0,108,33.1331712,Day,F,L,A,MYSE
151.909,8443,6/3/2015,5/29/2015,17:18:27,7,32.2,AH0,250,35.7107784,Day,F,L,A,MYSE
151.909,8443,6/3/2015,5/28/2015,17:18:28,7,30.4,AH0,110,33.1331712,Day,F,L,A,MYSE
151.909,8443,6/3/2015,5/30/2015,17:18:28,7,34.4,AH0,251,37.8852672,Day,F,L,A,MYSE
151.909,8443,6/3/2015,5/25/2015,17:18:29,7,30,AH0,249,32.45,Day,F,L,A,MYSE
151.909,8443,6/3/2015,5/29/2015,17:18:29,7,32.2,AH0,247,35.7107784,Day,F,L,A,MYSE
151.909,8443,6/3/2015,5/28/2015,17:18:30,7,30.4,AH0,109,33.1331712,Day,F,L,A,MYSE
151.909,8443,6/3/2015,5/30/2015,17:18:30,7,34.4,AH0,253,37.8852672,Day,F,L,A,MYSE
151.909,8443,6/3/2015,5/25/2015,17:18:31,7,30,AH0,249,32.45,Day,F,L,A,MYSE
151.909,8443,6/3/2015,5/29/2015,17:18:31,7,32.2,AH0,252,35.7107784,Day,F,L,A,MYSE
151.909,8443,6/3/2015,5/30/2015,17:18:31,7,34.4,AH0,253,37.8852672,Day,F,L,A,MYSE
151.909,8443,6/3/2015,5/24/2015,17:18:33,7,31.5,AH0,255,34.8011375,Day,F,L,A,MYSE
151.909,8443,6/3/2015,5/25/2015,17:18:33,7,30,AH0,248,32.45,Day,F,L,A,MYSE
151.909,8443,6/3/2015,5/29/2015,17:18:33,7,32.2,AH0,246,35.7107784,Day,F,L,A,MYSE
151.909,8443,6/3/2015,5/30/2015,17:18:33,7,34.4,AH0,254,37.8852672,Day,F,L,A,MYSE
151.909,8443,6/3/2015,5/24/2015,17:18:35,7,31.5,AH0,255,34.8011375,Day,F,L,A,MYSE
151.909,8443,6/3/2015,5/25/2015,17:18:35,7,30,AH0,250,32.45,Day,F,L,A,MYSE
151.909,8443,6/3/2015,5/30/2015,17:18:35,7,34.4,AH0,254,37.8852672,Day,F,L,A,MYSE
151.909,8443,6/3/2015,5/24/2015,17:18:37,7,31.4,AH0,255,34.6618152,Day,F,L,A,MYSE
151.909,8443,6/3/2015,5/24/2015,17:18:38,7,31.4,AH0,255,34.6618152,Day,F,L,A,MYSE
151.909,8443,6/3/2015,5/26/2015,17:18:38,7,31,AH0,254,34.0803,Day,F,L,A,MYSE
151.909,8443,6/3/2015,5/24/2015,17:18:40,7,31.4,AH0,255,34.6618152,Day,F,L,A,MYSE
151.909,8443,6/3/2015,5/26/2015,17:18:40,7,31,AH0,254,34.0803,Day,F,L,A,MYSE
151.909,8443,6/3/2015,5/26/2015,17:18:42,7,31,AH0,253,34.0803,Day,F,L,A,MYSE
151.909,8443,6/3/2015,5/26/2015,17:18:44,7,31,AH0,253,34.0803,Day,F,L,A,MYSE
151.909,8443,6/3/2015,5/28/2015,17:18:44,7,30.4,AH0,115,33.1331712,Day,F,L,A,MYSE
151.909,8443,6/3/2015,5/28/2015,17:18:46,7,30.4,AH0,113,33.1331712,Day,F,L,A,MYSE
151.909,8443,6/3/2015,5/28/2015,17:18:48,7,30.4,AH0,112,33.1331712,Day,F,L,A,MYSE
151.909,8443,6/3/2015,5/29/2015,17:18:48,7,32.2,AH0,252,35.7107784,Day,F,L,A,MYSE
151.909,8443,6/3/2015,5/25/2015,17:18:49,7,30,AH0,251,32.45,Day,F,L,A,MYSE
151.909,8443,6/3/2015,5/30/2015,17:18:49,7,34.4,AH0,252,37.8852672,Day,F,L,A,MYSE
151.909,8443,6/3/2015,5/28/2015,17:18:50,7,30.4,AH0,110,33.1331712,Day,F,L,A,MYSE
151.909,8443,6/3/2015,5/29/2015,17:18:50,7,32.2,AH0,252,35.7107784,Day,F,L,A,MYSE
151.909,8443,6/3/2015,5/30/2015,17:18:50,7,34.4,AH0,254,37.8852672,Day,F,L,A,MYSE
151.909,8443,6/3/2015,5/25/2015,17:18:51,7,30,AH0,250,32.45,Day,F,L,A,MYSE
151.909,8443,6/3/2015,5/29/2015,17:18:52,7,32.2,AH0,253,35.7107784,Day,F,L,A,MYSE
151.909,8443,6/3/2015,5/30/2015,17:18:52,7,34.4,AH0,253,37.8852672,Day,F,L,A,MYSE
151.909,8443,6/3/2015,5/25/2015,17:18:53,7,30,AH0,247,32.45,Day,F,L,A,MYSE
151.909,8443,6/3/2015,5/29/2015,17:18:53,7,32.2,AH0,245,35.7107784,Day,F,L,A,MYSE
151.909,8443,6/3/2015,5/24/2015,17:18:54,7,31.4,AH0,255,34.6618152,Day,F,L,A,MYSE
151.909,8443,6/3/2015,5/30/2015,17:18:54,7,34.4,AH0,254,37.8852672,Day,F,L,A,MYSE
151.909,8443,6/3/2015,5/25/2015,17:18:55,7,30,AH0,249,32.45,Day,F,L,A,MYSE
151.909,8443,6/3/2015,5/24/2015,17:18:56,7,31.3,AH0,255,34.5200901,Day,F,L,A,MYSE
151.909,8443,6/3/2015,5/24/2015,17:18:58,7,31.4,AH0,255,34.6618152,Day,F,L,A,MYSE
151.909,8443,6/3/2015,5/26/2015,17:18:58,7,30.9,AH0,251,33.9287657,Day,F,L,A,MYSE
151.909,8443,6/3/2015,5/24/2015,17:18:59,7,31.3,AH0,255,34.5200901,Day,F,L,A,MYSE
151.909,8443,6/3/2015,5/26/2015,17:19:00,7,30.8,AH0,251,33.7747296,Day,F,L,A,MYSE
151.909,8443,6/3/2015,5/26/2015,17:19:02,7,30.8,AH0,249,33.7747296,Day,F,L,A,MYSE
151.909,8443,6/3/2015,5/26/2015,17:19:03,7,30.8,AH0,251,33.7747296,Day,F,L,A,MYSE
151.909,8443,6/3/2015,5/28/2015,17:19:04,7,30.3,AH0,110,32.9663291,Day,F,L,A,MYSE
151.909,8443,6/3/2015,5/26/2015,17:19:05,7,30.8,AH0,253,33.7747296,Day,F,L,A,MYSE
151.909,8443,6/3/2015,5/28/2015,17:19:06,7,30.3,AH0,112,32.9663291,Day,F,L,A,MYSE
151.909,8443,6/3/2015,5/28/2015,17:19:08,7,30.3,AH0,106,32.9663291,Day,F,L,A,MYSE
151.909,8443,6/3/2015,5/29/2015,17:19:08,7,32.2,AH0,251,35.7107784,Day,F,L,A,MYSE
151.909,8443,6/3/2015,5/30/2015,17:19:08,7,34.4,AH0,254,37.8852672,Day,F,L,A,MYSE
151.909,8443,6/3/2015,5/25/2015,17:19:09,7,30,AH0,248,32.45,Day,F,L,A,MYSE
151.909,8443,6/3/2015,5/28/2015,17:19:10,7,30.3,AH0,108,32.9663291,Day,F,L,A,MYSE
151.909,8443,6/3/2015,5/29/2015,17:19:10,7,32.2,AH0,251,35.7107784,Day,F,L,A,MYSE
151.909,8443,6/3/2015,5/30/2015,17:19:10,7,34.4,AH0,253,37.8852672,Day,F,L,A,MYSE
151.909,8443,6/3/2015,5/25/2015,17:19:11,7,30,AH0,246,32.45,Day,F,L,A,MYSE
151.909,8443,6/3/2015,5/30/2015,17:19:11,7,34.4,AH0,252,37.8852672,Day,F,L,A,MYSE
151.909,8443,6/3/2015,5/29/2015,17:19:12,7,32.3,AH0,251,35.8315911,Day,F,L,A,MYSE
151.909,8443,6/3/2015,5/24/2015,17:19:13,7,31.3,AH0,255,34.5200901,Day,F,L,A,MYSE
151.909,8443,6/3/2015,5/25/2015,17:19:13,7,30,AH0,248,32.45,Day,F,L,A,MYSE
151.909,8443,6/3/2015,5/30/2015,17:19:13,7,34.4,AH0,253,37.8852672,Day,F,L,A,MYSE
151.909,8443,6/3/2015,5/29/2015,17:19:14,7,32.2,AH0,250,35.7107784,Day,F,L,A,MYSE
151.909,8443,6/3/2015,5/24/2015,17:19:15,7,31.3,AH0,255,34.5200901,Day,F,L,A,MYSE
151.909,8443,6/3/2015,5/25/2015,17:19:15,7,30,AH0,247,32.45,Day,F,L,A,MYSE
151.909,8443,6/3/2015,5/30/2015,17:19:15,7,34.4,AH0,254,37.8852672,Day,F,L,A,MYSE
151.909,8443,6/3/2015,5/24/2015,17:19:17,7,31.3,AH0,255,34.5200901,Day,F,L,A,MYSE
151.909,8443,6/3/2015,5/24/2015,17:19:19,7,31.3,AH0,255,34.5200901,Day,F,L,A,MYSE
151.909,8443,6/3/2015,5/26/2015,17:19:19,7,30.7,AH0,253,33.6181719,Day,F,L,A,MYSE
151.909,8443,6/3/2015,5/26/2015,17:19:21,7,30.7,AH0,254,33.6181719,Day,F,L,A,MYSE
151.909,8443,6/3/2015,5/26/2015,17:19:23,7,30.7,AH0,254,33.6181719,Day,F,L,A,MYSE
151.909,8443,6/3/2015,5/28/2015,17:19:24,7,30.3,AH0,102,32.9663291,Day,F,L,A,MYSE
151.909,8443,6/3/2015,5/26/2015,17:19:25,7,30.7,AH0,254,33.6181719,Day,F,L,A,MYSE
151.909,8443,6/3/2015,5/28/2015,17:19:26,7,30.2,AH0,109,32.7968664,Day,F,L,A,MYSE
151.909,8443,6/3/2015,5/29/2015,17:19:27,7,32.3,AH0,250,35.8315911,Day,F,L,A,MYSE
151.909,8443,6/3/2015,5/30/2015,17:19:27,7,34.4,AH0,253,37.8852672,Day,F,L,A,MYSE
151.909,8443,6/3/2015,5/28/2015,17:19:28,7,30.3,AH0,109,32.9663291,Day,F,L,A,MYSE
151.909,8443,6/3/2015,5/25/2015,17:19:29,7,30,AH0,247,32.45,Day,F,L,A,MYSE
151.909,8443,6/3/2015,5/29/2015,17:19:29,7,32.3,AH0,251,35.8315911,Day,F,L,A,MYSE
151.909,8443,6/3/2015,5/30/2015,17:19:29,7,34.4,AH0,253,37.8852672,Day,F,L,A,MYSE
151.909,8443,6/3/2015,5/28/2015,17:19:30,7,30.3,AH0,114,32.9663291,Day,F,L,A,MYSE
151.909,8443,6/3/2015,5/25/2015,17:19:31,7,30,AH0,247,32.45,Day,F,L,A,MYSE
151.909,8443,6/3/2015,5/29/2015,17:19:31,7,32.3,AH0,251,35.8315911,Day,F,L,A,MYSE
151.909,8443,6/3/2015,5/30/2015,17:19:31,7,34.4,AH0,253,37.8852672,Day,F,L,A,MYSE
151.909,8443,6/3/2015,5/30/2015,17:19:32,7,34.4,AH0,254,37.8852672,Day,F,L,A,MYSE
151.909,8443,6/3/2015,5/25/2015,17:19:33,7,30,AH0,246,32.45,Day,F,L,A,MYSE
151.909,8443,6/3/2015,5/29/2015,17:19:33,7,32.2,AH0,250,35.7107784,Day,F,L,A,MYSE
151.909,8443,6/3/2015,5/29/2015,17:19:34,7,32.2,AH0,249,35.7107784,Day,F,L,A,MYSE
151.909,8443,6/3/2015,5/30/2015,17:19:34,7,34.4,AH0,252,37.8852672,Day,F,L,A,MYSE
151.909,8443,6/3/2015,5/24/2015,17:19:35,7,31.2,AH0,255,34.3759424,Day,F,L,A,MYSE
151.909,8443,6/3/2015,5/25/2015,17:19:35,7,30,AH0,244,32.45,Day,F,L,A,MYSE
151.909,8443,6/3/2015,5/24/2015,17:19:37,7,31.2,AH0,255,34.3759424,Day,F,L,A,MYSE
151.909,8443,6/3/2015,5/24/2015,17:19:39,7,31.1,AH0,255,34.2293523,Day,F,L,A,MYSE
151.909,8443,6/3/2015,5/26/2015,17:19:39,7,30.7,AH0,252,33.6181719,Day,F,L,A,MYSE
151.909,8443,6/3/2015,5/24/2015,17:19:41,7,31.1,AH0,255,34.2293523,Day,F,L,A,MYSE
151.909,8443,6/3/2015,5/26/2015,17:19:41,7,30.7,AH0,254,33.6181719,Day,F,L,A,MYSE
151.909,8443,6/3/2015,5/26/2015,17:19:43,7,30.7,AH0,254,33.6181719,Day,F,L,A,MYSE
151.909,8443,6/3/2015,5/28/2015,17:19:44,7,30.3,AH0,111,32.9663291,Day,F,L,A,MYSE
151.909,8443,6/3/2015,5/26/2015,17:19:45,7,30.7,AH0,254,33.6181719,Day,F,L,A,MYSE
151.909,8443,6/3/2015,5/28/2015,17:19:46,7,30.3,AH0,109,32.9663291,Day,F,L,A,MYSE
151.909,8443,6/3/2015,5/29/2015,17:19:47,7,32.2,AH0,248,35.7107784,Day,F,L,A,MYSE
151.909,8443,6/3/2015,5/28/2015,17:19:48,7,30.3,AH0,110,32.9663291,Day,F,L,A,MYSE
151.909,8443,6/3/2015,5/30/2015,17:19:48,7,34.3,AH0,254,37.8070131,Day,F,L,A,MYSE
151.909,8443,6/3/2015,5/25/2015,17:19:49,7,30,AH0,246,32.45,Day,F,L,A,MYSE
151.909,8443,6/3/2015,5/28/2015,17:19:49,7,30.3,AH0,113,32.9663291,Day,F,L,A,MYSE
151.909,8443,6/3/2015,5/29/2015,17:19:49,7,32.1,AH0,249,35.5877213,Day,F,L,A,MYSE
151.909,8443,6/3/2015,5/30/2015,17:19:50,7,34.3,AH0,253,37.8070131,Day,F,L,A,MYSE
151.909,8443,6/3/2015,5/25/2015,17:19:51,7,30,AH0,248,32.45,Day,F,L,A,MYSE
151.909,8443,6/3/2015,5/29/2015,17:19:51,7,32.1,AH0,251,35.5877213,Day,F,L,A,MYSE
151.909,8443,6/3/2015,5/30/2015,17:19:52,7,34.3,AH0,252,37.8070131,Day,F,L,A,MYSE
151.909,8443,6/3/2015,5/25/2015,17:19:53,7,30,AH0,246,32.45,Day,F,L,A,MYSE
151.909,8443,6/3/2015,5/29/2015,17:19:53,7,32.1,AH0,250,35.5877213,Day,F,L,A,MYSE
151.909,8443,6/3/2015,5/30/2015,17:19:53,7,34.3,AH0,254,37.8070131,Day,F,L,A,MYSE
151.909,8443,6/3/2015,5/24/2015,17:19:54,7,31.1,AH0,255,34.2293523,Day,F,L,A,MYSE
151.909,8443,6/3/2015,5/25/2015,17:19:55,7,30,AH0,244,32.45,Day,F,L,A,MYSE
151.909,8443,6/3/2015,5/30/2015,17:19:55,7,34.3,AH0,254,37.8070131,Day,F,L,A,MYSE
151.909,8443,6/3/2015,5/24/2015,17:19:56,7,31,AH0,255,34.0803,Day,F,L,A,MYSE
151.909,8443,6/3/2015,5/24/2015,17:19:58,7,31,AH0,255,34.0803,Day,F,L,A,MYSE
151.909,8443,6/3/2015,5/26/2015,17:19:58,7,30.8,AH0,253,33.7747296,Day,F,L,A,MYSE
151.909,8443,6/3/2015,5/24/2015,17:20:00,7,31,AH0,255,34.0803,Day,F,L,A,MYSE
151.909,8443,6/3/2015,5/26/2015,17:20:00,7,30.9,AH0,254,33.9287657,Day,F,L,A,MYSE
151.909,8443,6/3/2015,5/26/2015,17:20:02,7,31,AH0,255,34.0803,Day,F,L,A,MYSE
151.909,8443,6/3/2015,5/28/2015,17:20:03,7,30.3,AH0,114,32.9663291,Day,F,L,A,MYSE
151.909,8443,6/3/2015,5/26/2015,17:20:04,7,31.1,AH0,255,34.2293523,Day,F,L,A,MYSE
151.909,8443,6/3/2015,5/28/2015,17:20:05,7,30.3,AH0,112,32.9663291,Day,F,L,A,MYSE
151.909,8443,6/3/2015,5/28/2015,17:20:07,7,30.3,AH0,111,32.9663291,Day,F,L,A,MYSE
151.909,8443,6/3/2015,5/30/2015,17:20:07,7,34.3,AH0,254,37.8070131,Day,F,L,A,MYSE
151.909,8443,6/3/2015,5/29/2015,17:20:08,7,32.1,AH0,251,35.5877213,Day,F,L,A,MYSE
151.909,8443,6/3/2015,5/25/2015,17:20:09,7,30,AH0,248,32.45,Day,F,L,A,MYSE
151.909,8443,6/3/2015,5/28/2015,17:20:09,7,30.3,AH0,111,32.9663291,Day,F,L,A,MYSE
151.909,8443,6/3/2015,5/30/2015,17:20:09,7,34.3,AH0,254,37.8070131,Day,F,L,A,MYSE
151.909,8443,6/3/2015,5/29/2015,17:20:10,7,32.1,AH0,250,35.5877213,Day,F,L,A,MYSE
151.909,8443,6/3/2015,5/25/2015,17:20:11,7,30,AH0,246,32.45,Day,F,L,A,MYSE
151.909,8443,6/3/2015,5/30/2015,17:20:11,7,34.3,AH0,253,37.8070131,Day,F,L,A,MYSE
151.909,8443,6/3/2015,5/29/2015,17:20:12,7,32.1,AH0,249,35.5877213,Day,F,L,A,MYSE
151.909,8443,6/3/2015,5/25/2015,17:20:13,7,30.1,AH0,246,32.6247633,Day,F,L,A,MYSE
151.909,8443,6/3/2015,5/30/2015,17:20:13,7,34.3,AH0,253,37.8070131,Day,F,L,A,MYSE
151.909,8443,6/3/2015,5/24/2015,17:20:14,7,30.9,AH0,255,33.9287657,Day,F,L,A,MYSE
151.909,8443,6/3/2015,5/29/2015,17:20:14,7,32.1,AH0,249,35.5877213,Day,F,L,A,MYSE
151.909,8443,6/3/2015,5/30/2015,17:20:14,7,34.3,AH0,253,37.8070131,Day,F,L,A,MYSE
151.909,8443,6/3/2015,5/25/2015,17:20:15,7,30,AH0,247,32.45,Day,F,L,A,MYSE
151.909,8443,6/3/2015,5/24/2015,17:20:16,7,31,AH0,255,34.0803,Day,F,L,A,MYSE
151.909,8443,6/3/2015,5/24/2015,17:20:18,7,31.1,AH0,255,34.2293523,Day,F,L,A,MYSE
151.909,8443,6/3/2015,5/24/2015,17:20:19,7,31.2,AH0,255,34.3759424,Day,F,L,A,MYSE
151.909,8443,6/3/2015,5/26/2015,17:20:19,7,31.6,AH0,254,34.9380768,Day,F,L,A,MYSE
151.909,8443,6/3/2015,5/24/2015,17:20:21,7,31.3,AH0,255,34.5200901,Day,F,L,A,MYSE
151.909,8443,6/3/2015,5/26/2015,17:20:21,7,31.7,AH0,254,35.0726529,Day,F,L,A,MYSE
151.909,8443,6/3/2015,5/26/2015,17:20:23,7,31.8,AH0,254,35.2048856,Day,F,L,A,MYSE
151.909,8443,6/3/2015,5/28/2015,17:20:23,7,30.3,AH0,112,32.9663291,Day,F,L,A,MYSE
151.909,8443,6/3/2015,5/26/2015,17:20:25,7,31.8,AH0,254,35.2048856,Day,F,L,A,MYSE
151.909,8443,6/3/2015,5/28/2015,17:20:25,7,30.3,AH0,109,32.9663291,Day,F,L,A,MYSE
151.909,8443,6/3/2015,5/28/2015,17:20:27,7,30.3,AH0,107,32.9663291,Day,F,L,A,MYSE
151.909,8443,6/3/2015,5/29/2015,17:20:27,7,32,AH0,251,35.4624,Day,F,L,A,MYSE
151.909,8443,6/3/2015,5/30/2015,17:20:28,7,34.3,AH0,254,37.8070131,Day,F,L,A,MYSE
151.909,8443,6/3/2015,5/25/2015,17:20:29,7,30.1,AH0,247,32.6247633,Day,F,L,A,MYSE
151.909,8443,6/3/2015,5/28/2015,17:20:29,7,30.3,AH0,109,32.9663291,Day,F,L,A,MYSE
151.909,8443,6/3/2015,5/29/2015,17:20:29,7,32,AH0,249,35.4624,Day,F,L,A,MYSE
151.909,8443,6/3/2015,5/29/2015,17:20:30,7,32,AH0,251,35.4624,Day,F,L,A,MYSE
151.909,8443,6/3/2015,5/30/2015,17:20:30,7,34.2,AH0,253,37.7269304,Day,F,L,A,MYSE
151.909,8443,6/3/2015,5/25/2015,17:20:31,7,30,AH0,247,32.45,Day,F,L,A,MYSE
151.909,8443,6/3/2015,5/29/2015,17:20:32,7,32,AH0,253,35.4624,Day,F,L,A,MYSE
151.909,8443,6/3/2015,5/30/2015,17:20:32,7,34.2,AH0,252,37.7269304,Day,F,L,A,MYSE
151.909,8443,6/3/2015,5/25/2015,17:20:33,7,30.1,AH0,245,32.6247633,Day,F,L,A,MYSE
151.909,8443,6/3/2015,5/29/2015,17:20:34,7,32,AH0,251,35.4624,Day,F,L,A,MYSE
151.909,8443,6/3/2015,5/30/2015,17:20:34,7,34.2,AH0,254,37.7269304,Day,F,L,A,MYSE
151.909,8443,6/3/2015,5/24/2015,17:20:35,7,31.7,AH0,255,35.0726529,Day,F,L,A,MYSE
151.909,8443,6/3/2015,5/25/2015,17:20:35,7,30,AH0,247,32.45,Day,F,L,A,MYSE
151.909,8443,6/3/2015,5/24/2015,17:20:37,7,31.7,AH0,255,35.0726529,Day,F,L,A,MYSE
151.909,8443,6/3/2015,5/24/2015,17:20:38,7,31.7,AH0,255,35.0726529,Day,F,L,A,MYSE
151.909,8443,6/3/2015,5/26/2015,17:20:38,7,32.2,AH0,254,35.7107784,Day,F,L,A,MYSE
151.909,8443,6/3/2015,5/24/2015,17:20:40,7,31.6,AH0,255,34.9380768,Day,F,L,A,MYSE
151.909,8443,6/3/2015,5/26/2015,17:20:40,7,32.2,AH0,255,35.7107784,Day,F,L,A,MYSE
151.909,8443,6/3/2015,5/26/2015,17:20:42,7,32.3,AH0,255,35.8315911,Day,F,L,A,MYSE
151.909,8443,6/3/2015,5/28/2015,17:20:43,7,30.3,AH0,108,32.9663291,Day,F,L,A,MYSE
151.909,8443,6/3/2015,5/26/2015,17:20:44,7,32.3,AH0,254,35.8315911,Day,F,L,A,MYSE
151.909,8443,6/3/2015,5/26/2015,17:20:45,7,32.4,AH0,254,35.9501792,Day,F,L,A,MYSE
151.909,8443,6/3/2015,5/28/2015,17:20:45,7,30.3,AH0,110,32.9663291,Day,F,L,A,MYSE
151.909,8443,6/3/2015,5/28/2015,17:20:47,7,30.3,AH0,113,32.9663291,Day,F,L,A,MYSE
151.909,8443,6/3/2015,5/29/2015,17:20:47,7,32,AH0,249,35.4624,Day,F,L,A,MYSE
151.909,8443,6/3/2015,5/30/2015,17:20:48,7,34.1,AH0,252,37.6449993,Day,F,L,A,MYSE
151.909,8443,6/3/2015,5/25/2015,17:20:49,7,30.1,AH0,247,32.6247633,Day,F,L,A,MYSE
151.909,8443,6/3/2015,5/28/2015,17:20:49,7,30.3,AH0,110,32.9663291,Day,F,L,A,MYSE
151.909,8443,6/3/2015,5/29/2015,17:20:49,7,31.9,AH0,248,35.3347947,Day,F,L,A,MYSE
151.909,8443,6/3/2015,5/30/2015,17:20:49,7,34.1,AH0,253,37.6449993,Day,F,L,A,MYSE
151.909,8443,6/3/2015,5/25/2015,17:20:51,7,30.1,AH0,244,32.6247633,Day,F,L,A,MYSE
151.909,8443,6/3/2015,5/29/2015,17:20:51,7,31.9,AH0,246,35.3347947,Day,F,L,A,MYSE
151.909,8443,6/3/2015,5/30/2015,17:20:51,7,34.1,AH0,253,37.6449993,Day,F,L,A,MYSE
151.909,8443,6/3/2015,5/25/2015,17:20:53,7,30,AH0,248,32.45,Day,F,L,A,MYSE
151.909,8443,6/3/2015,5/29/2015,17:20:53,7,31.9,AH0,253,35.3347947,Day,F,L,A,MYSE
151.909,8443,6/3/2015,5/30/2015,17:20:53,7,34.1,AH0,254,37.6449993,Day,F,L,A,MYSE
151.909,8443,6/3/2015,5/24/2015,17:20:54,7,31.4,AH0,255,34.6618152,Day,F,L,A,MYSE
151.909,8443,6/3/2015,5/25/2015,17:20:55,7,30.1,AH0,246,32.6247633,Day,F,L,A,MYSE
151.909,8443,6/3/2015,5/30/2015,17:20:55,7,34.1,AH0,253,37.6449993,Day,F,L,A,MYSE
151.909,8443,6/3/2015,5/24/2015,17:20:56,7,31.3,AH0,255,34.5200901,Day,F,L,A,MYSE
151.909,8443,6/3/2015,5/24/2015,17:20:58,7,31.3,AH0,255,34.5200901,Day,F,L,A,MYSE
151.909,8443,6/3/2015,5/26/2015,17:20:58,7,32.6,AH0,254,36.1807608,Day,F,L,A,MYSE
151.909,8443,6/3/2015,5/24/2015,17:20:59,7,31.3,AH0,255,34.5200901,Day,F,L,A,MYSE
151.909,8443,6/3/2015,5/26/2015,17:21:00,7,32.7,AH0,255,36.2927939,Day,F,L,A,MYSE
151.909,8443,6/3/2015,5/24/2015,17:21:01,7,31.2,AH0,255,34.3759424,Day,F,L,A,MYSE
151.909,8443,6/3/2015,5/26/2015,17:21:02,7,32.7,AH0,255,36.2927939,Day,F,L,A,MYSE
151.909,8443,6/3/2015,5/28/2015,17:21:03,7,30.4,AH0,117,33.1331712,Day,F,L,A,MYSE
151.909,8443,6/3/2015,5/26/2015,17:21:04,7,32.7,AH0,255,36.2927939,Day,F,L,A,MYSE
151.909,8443,6/3/2015,5/28/2015,17:21:05,7,30.4,AH0,112,33.1331712,Day,F,L,A,MYSE
151.909,8443,6/3/2015,5/28/2015,17:21:07,7,30.4,AH0,114,33.1331712,Day,F,L,A,MYSE
151.909,8443,6/3/2015,5/29/2015,17:21:08,7,31.9,AH0,246,35.3347947,Day,F,L,A,MYSE
151.909,8443,6/3/2015,5/25/2015,17:21:09,7,30.1,AH0,246,32.6247633,Day,F,L,A,MYSE
151.909,8443,6/3/2015,5/28/2015,17:21:09,7,30.4,AH0,107,33.1331712,Day,F,L,A,MYSE
151.909,8443,6/3/2015,5/30/2015,17:21:09,7,34.1,AH0,251,37.6449993,Day,F,L,A,MYSE
151.909,8443,6/3/2015,5/29/2015,17:21:10,7,31.9,AH0,250,35.3347947,Day,F,L,A,MYSE
151.909,8443,6/3/2015,5/30/2015,17:21:10,7,34.1,AH0,252,37.6449993,Day,F,L,A,MYSE
151.909,8443,6/3/2015,5/25/2015,17:21:11,7,30,AH0,245,32.45,Day,F,L,A,MYSE
151.909,8443,6/3/2015,5/29/2015,17:21:12,7,31.9,AH0,247,35.3347947,Day,F,L,A,MYSE
151.909,8443,6/3/2015,5/30/2015,17:21:12,7,34.1,AH0,253,37.6449993,Day,F,L,A,MYSE
151.909,8443,6/3/2015,5/25/2015,17:21:13,7,30.1,AH0,247,32.6247633,Day,F,L,A,MYSE
151.909,8443,6/3/2015,5/29/2015,17:21:14,7,31.9,AH0,249,35.3347947,Day,F,L,A,MYSE
151.909,8443,6/3/2015,5/30/2015,17:21:14,7,34.1,AH0,251,37.6449993,Day,F,L,A,MYSE
151.909,8443,6/3/2015,5/24/2015,17:21:15,7,31.1,AH0,255,34.2293523,Day,F,L,A,MYSE
151.909,8443,6/3/2015,5/25/2015,17:21:15,7,30.1,AH0,243,32.6247633,Day,F,L,A,MYSE
151.909,8443,6/3/2015,5/24/2015,17:21:17,7,31.1,AH0,255,34.2293523,Day,F,L,A,MYSE
151.909,8443,6/3/2015,5/24/2015,17:21:19,7,31,AH0,255,34.0803,Day,F,L,A,MYSE
151.909,8443,6/3/2015,5/26/2015,17:21:19,7,32.9,AH0,255,36.5104437,Day,F,L,A,MYSE
151.909,8443,6/3/2015,5/26/2015,17:21:20,7,32.9,AH0,254,36.5104437,Day,F,L,A,MYSE
151.909,8443,6/3/2015,5/24/2015,17:21:21,7,31,AH0,255,34.0803,Day,F,L,A,MYSE
151.909,8443,6/3/2015,5/26/2015,17:21:22,7,33,AH0,254,36.6161,Day,F,L,A,MYSE
151.909,8443,6/3/2015,5/28/2015,17:21:22,7,30.3,AH0,116,32.9663291,Day,F,L,A,MYSE
151.909,8443,6/3/2015,5/26/2015,17:21:24,7,33,AH0,255,36.6161,Day,F,L,A,MYSE
151.909,8443,6/3/2015,5/28/2015,17:21:24,7,30.3,AH0,110,32.9663291,Day,F,L,A,MYSE
151.909,8443,6/3/2015,5/28/2015,17:21:26,7,30.3,AH0,112,32.9663291,Day,F,L,A,MYSE
151.909,8443,6/3/2015,5/29/2015,17:21:27,7,31.9,AH0,247,35.3347947,Day,F,L,A,MYSE
151.909,8443,6/3/2015,5/28/2015,17:21:28,7,30.3,AH0,108,32.9663291,Day,F,L,A,MYSE
151.909,8443,6/3/2015,5/30/2015,17:21:28,7,34.1,AH0,252,37.6449993,Day,F,L,A,MYSE
151.909,8443,6/3/2015,5/25/2015,17:21:29,7,30.1,AH0,246,32.6247633,Day,F,L,A,MYSE
151.909,8443,6/3/2015,5/29/2015,17:21:29,7,31.9,AH0,244,35.3347947,Day,F,L,A,MYSE
151.909,8443,6/3/2015,5/30/2015,17:21:30,7,34.1,AH0,254,37.6449993,Day,F,L,A,MYSE
151.909,8443,6/3/2015,5/25/2015,17:21:31,7,30.1,AH0,246,32.6247633,Day,F,L,A,MYSE
151.909,8443,6/3/2015,5/29/2015,17:21:31,7,31.9,AH0,249,35.3347947,Day,F,L,A,MYSE
151.909,8443,6/3/2015,5/29/2015,17:21:32,7,31.9,AH0,248,35.3347947,Day,F,L,A,MYSE
151.909,8443,6/3/2015,5/30/2015,17:21:32,7,34.1,AH0,252,37.6449993,Day,F,L,A,MYSE
151.909,8443,6/3/2015,5/25/2015,17:21:33,7,30.1,AH0,245,32.6247633,Day,F,L,A,MYSE
151.909,8443,6/3/2015,5/30/2015,17:21:33,7,34.1,AH0,252,37.6449993,Day,F,L,A,MYSE
151.909,8443,6/3/2015,5/24/2015,17:21:34,7,30.9,AH0,255,33.9287657,Day,F,L,A,MYSE
151.909,8443,6/3/2015,5/29/2015,17:21:34,7,31.9,AH0,251,35.3347947,Day,F,L,A,MYSE
151.909,8443,6/3/2015,5/25/2015,17:21:35,7,30.1,AH0,245,32.6247633,Day,F,L,A,MYSE
151.909,8443,6/3/2015,5/30/2015,17:21:35,7,34.1,AH0,252,37.6449993,Day,F,L,A,MYSE
151.909,8443,6/3/2015,5/24/2015,17:21:36,7,30.9,AH0,255,33.9287657,Day,F,L,A,MYSE
151.909,8443,6/3/2015,5/24/2015,17:21:38,7,30.8,AH0,255,33.7747296,Day,F,L,A,MYSE
151.909,8443,6/3/2015,5/26/2015,17:21:38,7,33.2,AH0,254,36.8211744,Day,F,L,A,MYSE
151.909,8443,6/3/2015,5/24/2015,17:21:40,7,30.8,AH0,255,33.7747296,Day,F,L,A,MYSE
151.909,8443,6/3/2015,5/26/2015,17:21:40,7,33.2,AH0,254,36.8211744,Day,F,L,A,MYSE
151.909,8443,6/3/2015,5/26/2015,17:21:42,7,33.3,AH0,255,36.9206321,Day,F,L,A,MYSE
151.909,8443,6/3/2015,5/26/2015,17:21:44,7,33.3,AH0,254,36.9206321,Day,F,L,A,MYSE
151.909,8443,6/3/2015,5/28/2015,17:21:44,7,30.4,AH0,113,33.1331712,Day,F,L,A,MYSE
151.909,8443,6/3/2015,5/28/2015,17:21:46,7,30.4,AH0,117,33.1331712,Day,F,L,A,MYSE
151.909,8443,6/3/2015,5/30/2015,17:21:47,7,34,AH0,253,37.5612,Day,F,L,A,MYSE
151.909,8443,6/3/2015,5/28/2015,17:21:48,7,30.4,AH0,111,33.1331712,Day,F,L,A,MYSE
151.909,8443,6/3/2015,5/29/2015,17:21:48,7,31.9,AH0,251,35.3347947,Day,F,L,A,MYSE
151.909,8443,6/3/2015,5/25/2015,17:21:49,7,30.1,AH0,244,32.6247633,Day,F,L,A,MYSE
151.909,8443,6/3/2015,5/29/2015,17:21:49,7,31.9,AH0,252,35.3347947,Day,F,L,A,MYSE
151.909,8443,6/3/2015,5/30/2015,17:21:49,7,34,AH0,253,37.5612,Day,F,L,A,MYSE
151.909,8443,6/3/2015,5/28/2015,17:21:50,7,30.4,AH0,114,33.1331712,Day,F,L,A,MYSE
151.909,8443,6/3/2015,5/25/2015,17:21:51,7,30.1,AH0,247,32.6247633,Day,F,L,A,MYSE
151.909,8443,6/3/2015,5/29/2015,17:21:51,7,31.9,AH0,251,35.3347947,Day,F,L,A,MYSE
151.909,8443,6/3/2015,5/30/2015,17:21:51,7,34,AH0,251,37.5612,Day,F,L,A,MYSE
151.909,8443,6/3/2015,5/25/2015,17:21:53,7,30.1,AH0,247,32.6247633,Day,F,L,A,MYSE
151.909,8443,6/3/2015,5/29/2015,17:21:53,7,31.9,AH0,251,35.3347947,Day,F,L,A,MYSE
151.909,8443,6/3/2015,5/30/2015,17:21:53,7,34,AH0,252,37.5612,Day,F,L,A,MYSE
151.909,8443,6/3/2015,5/24/2015,17:21:54,7,30.8,AH0,255,33.7747296,Day,F,L,A,MYSE
151.909,8443,6/3/2015,5/30/2015,17:21:54,7,34,AH0,251,37.5612,Day,F,L,A,MYSE
151.909,8443,6/3/2015,5/25/2015,17:21:55,7,30.1,AH0,246,32.6247633,Day,F,L,A,MYSE
151.909,8443,6/3/2015,5/24/2015,17:21:56,7,30.8,AH0,255,33.7747296,Day,F,L,A,MYSE
151.909,8443,6/3/2015,5/24/2015,17:21:58,7,30.8,AH0,255,33.7747296,Day,F,L,A,MYSE
151.909,8443,6/3/2015,5/26/2015,17:21:59,7,33.4,AH0,255,37.0180632,Day,F,L,A,MYSE
151.909,8443,6/3/2015,5/24/2015,17:22:00,7,30.8,AH0,255,33.7747296,Day,F,L,A,MYSE
151.909,8443,6/3/2015,5/26/2015,17:22:01,7,33.4,AH0,255,37.0180632,Day,F,L,A,MYSE
151.909,8443,6/3/2015,5/26/2015,17:22:03,7,33.4,AH0,255,37.0180632,Day,F,L,A,MYSE
151.909,8443,6/3/2015,5/28/2015,17:22:04,7,30.4,AH0,106,33.1331712,Day,F,L,A,MYSE
151.909,8443,6/3/2015,5/26/2015,17:22:05,7,33.4,AH0,253,37.0180632,Day,F,L,A,MYSE
151.909,8443,6/3/2015,5/26/2015,17:22:06,7,33.4,AH0,255,37.0180632,Day,F,L,A,MYSE
151.909,8443,6/3/2015,5/28/2015,17:22:06,7,30.4,AH0,97,33.1331712,Day,F,L,A,MYSE
151.909,8443,6/3/2015,5/28/2015,17:22:08,7,30.4,AH0,108,33.1331712,Day,F,L,A,MYSE
151.909,8443,6/3/2015,5/29/2015,17:22:08,7,31.9,AH0,245,35.3347947,Day,F,L,A,MYSE
151.909,8443,6/3/2015,5/25/2015,17:22:09,7,30.1,AH0,240,32.6247633,Day,F,L,A,MYSE
151.909,8443,6/3/2015,5/30/2015,17:22:09,7,34,AH0,253,37.5612,Day,F,L,A,MYSE
151.909,8443,6/3/2015,5/28/2015,17:22:10,7,30.4,AH0,106,33.1331712,Day,F,L,A,MYSE
151.909,8443,6/3/2015,5/29/2015,17:22:10,7,31.9,AH0,250,35.3347947,Day,F,L,A,MYSE
151.909,8443,6/3/2015,5/30/2015,17:22:10,7,34,AH0,253,37.5612,Day,F,L,A,MYSE
151.909,8443,6/3/2015,5/25/2015,17:22:11,7,30.1,AH0,238,32.6247633,Day,F,L,A,MYSE
151.909,8443,6/3/2015,5/29/2015,17:22:12,7,31.9,AH0,252,35.3347947,Day,F,L,A,MYSE
151.909,8443,6/3/2015,5/30/2015,17:22:12,7,34,AH0,251,37.5612,Day,F,L,A,MYSE
151.909,8443,6/3/2015,5/25/2015,17:22:13,7,30.1,AH0,240,32.6247633,Day,F,L,A,MYSE
151.909,8443,6/3/2015,5/29/2015,17:22:14,7,31.9,AH0,250,35.3347947,Day,F,L,A,MYSE
151.909,8443,6/3/2015,5/30/2015,17:22:14,7,34,AH0,253,37.5612,Day,F,L,A,MYSE
151.909,8443,6/3/2015,5/24/2015,17:22:15,7,30.7,AH0,255,33.6181719,Day,F,L,A,MYSE
151.909,8443,6/3/2015,5/25/2015,17:22:15,7,30.1,AH0,242,32.6247633,Day,F,L,A,MYSE
151.909,8443,6/3/2015,5/24/2015,17:22:17,7,30.7,AH0,255,33.6181719,Day,F,L,A,MYSE
151.909,8443,6/3/2015,5/24/2015,17:22:19,7,30.7,AH0,255,33.6181719,Day,F,L,A,MYSE
151.909,8443,6/3/2015,5/26/2015,17:22:19,7,33.5,AH0,255,37.1134875,Day,F,L,A,MYSE
151.909,8443,6/3/2015,5/24/2015,17:22:21,7,30.7,AH0,255,33.6181719,Day,F,L,A,MYSE
151.909,8443,6/3/2015,5/26/2015,17:22:21,7,33.5,AH0,255,37.1134875,Day,F,L,A,MYSE
151.909,8443,6/3/2015,5/26/2015,17:22:23,7,33.5,AH0,254,37.1134875,Day,F,L,A,MYSE
151.909,8443,6/3/2015,5/26/2015,17:22:24,7,33.6,AH0,254,37.2069248,Day,F,L,A,MYSE
151.909,8443,6/3/2015,5/28/2015,17:22:24,7,30.3,AH0,97,32.9663291,Day,F,L,A,MYSE
151.909,8443,6/3/2015,5/26/2015,17:22:26,7,33.6,AH0,254,37.2069248,Day,F,L,A,MYSE
151.909,8443,6/3/2015,5/28/2015,17:22:26,7,30.3,AH0,104,32.9663291,Day,F,L,A,MYSE
151.909,8443,6/3/2015,5/29/2015,17:22:27,7,31.9,AH0,248,35.3347947,Day,F,L,A,MYSE
151.909,8443,6/3/2015,5/28/2015,17:22:28,7,30.3,AH0,105,32.9663291,Day,F,L,A,MYSE
151.909,8443,6/3/2015,5/30/2015,17:22:28,7,34,AH0,252,37.5612,Day,F,L,A,MYSE
151.909,8443,6/3/2015,5/25/2015,17:22:29,7,30.1,AH0,241,32.6247633,Day,F,L,A,MYSE
151.909,8443,6/3/2015,5/29/2015,17:22:29,7,31.9,AH0,250,35.3347947,Day,F,L,A,MYSE
151.909,8443,6/3/2015,5/28/2015,17:22:30,7,30.3,AH0,103,32.9663291,Day,F,L,A,MYSE
151.909,8443,6/3/2015,5/30/2015,17:22:30,7,34,AH0,252,37.5612,Day,F,L,A,MYSE
151.909,8443,6/3/2015,5/25/2015,17:22:31,7,30.1,AH0,240,32.6247633,Day,F,L,A,MYSE
151.909,8443,6/3/2015,5/29/2015,17:22:31,7,31.8,AH0,251,35.2048856,Day,F,L,A,MYSE
151.909,8443,6/3/2015,5/30/2015,17:22:32,7,34,AH0,252,37.5612,Day,F,L,A,MYSE
151.909,8443,6/3/2015,5/25/2015,17:22:33,7,30.1,AH0,240,32.6247633,Day,F,L,A,MYSE
151.909,8443,6/3/2015,5/29/2015,17:22:33,7,31.9,AH0,247,35.3347947,Day,F,L,A,MYSE
151.909,8443,6/3/2015,5/30/2015,17:22:33,7,34,AH0,251,37.5612,Day,F,L,A,MYSE
151.909,8443,6/3/2015,5/24/2015,17:22:35,7,30.6,AH0,255,33.4590728,Day,F,L,A,MYSE
151.909,8443,6/3/2015,5/25/2015,17:22:35,7,30.1,AH0,239,32.6247633,Day,F,L,A,MYSE
151.909,8443,6/3/2015,5/29/2015,17:22:35,7,31.9,AH0,247,35.3347947,Day,F,L,A,MYSE
151.909,8443,6/3/2015,5/30/2015,17:22:35,7,34,AH0,251,37.5612,Day,F,L,A,MYSE
151.909,8443,6/3/2015,5/24/2015,17:22:37,7,30.6,AH0,255,33.4590728,Day,F,L,A,MYSE
151.909,8443,6/3/2015,5/24/2015,17:22:39,7,30.6,AH0,255,33.4590728,Day,F,L,A,MYSE
151.909,8443,6/3/2015,5/26/2015,17:22:39,7,33.6,AH0,255,37.2069248,Day,F,L,A,MYSE
151.909,8443,6/3/2015,5/26/2015,17:22:40,7,33.6,AH0,254,37.2069248,Day,F,L,A,MYSE
151.909,8443,6/3/2015,5/24/2015,17:22:41,7,30.6,AH0,255,33.4590728,Day,F,L,A,MYSE
151.909,8443,6/3/2015,5/26/2015,17:22:42,7,33.6,AH0,254,37.2069248,Day,F,L,A,MYSE
151.909,8443,6/3/2015,5/26/2015,17:22:44,7,33.7,AH0,255,37.2983949,Day,F,L,A,MYSE
151.909,8443,6/3/2015,5/28/2015,17:22:44,7,30.1,AH0,104,32.6247633,Day,F,L,A,MYSE
151.909,8443,6/3/2015,5/26/2015,17:22:46,7,33.7,AH0,255,37.2983949,Day,F,L,A,MYSE
151.909,8443,6/3/2015,5/28/2015,17:22:46,7,30.1,AH0,102,32.6247633,Day,F,L,A,MYSE
151.909,8443,6/3/2015,5/30/2015,17:22:47,7,34,AH0,250,37.5612,Day,F,L,A,MYSE
151.909,8443,6/3/2015,5/28/2015,17:22:48,7,30.1,AH0,104,32.6247633,Day,F,L,A,MYSE
151.909,8443,6/3/2015,5/29/2015,17:22:48,7,31.8,AH0,253,35.2048856,Day,F,L,A,MYSE
151.909,8443,6/3/2015,5/25/2015,17:22:49,7,30.1,AH0,241,32.6247633,Day,F,L,A,MYSE
151.909,8443,6/3/2015,5/30/2015,17:22:49,7,34,AH0,253,37.5612,Day,F,L,A,MYSE
151.909,8443,6/3/2015,5/28/2015,17:22:50,7,30.1,AH0,101,32.6247633,Day,F,L,A,MYSE
151.909,8443,6/3/2015,5/29/2015,17:22:50,7,31.8,AH0,251,35.2048856,Day,F,L,A,MYSE
151.909,8443,6/3/2015,5/25/2015,17:22:51,7,30,AH0,237,32.45,Day,F,L,A,MYSE
151.909,8443,6/3/2015,5/30/2015,17:22:51,7,33.9,AH0,252,37.4755127,Day,F,L,A,MYSE
151.909,8443,6/3/2015,5/29/2015,17:22:52,7,31.8,AH0,250,35.2048856,Day,F,L,A,MYSE
151.909,8443,6/3/2015,5/25/2015,17:22:53,7,30.1,AH0,241,32.6247633,Day,F,L,A,MYSE
151.909,8443,6/3/2015,5/29/2015,17:22:53,7,31.8,AH0,251,35.2048856,Day,F,L,A,MYSE
151.909,8443,6/3/2015,5/30/2015,17:22:53,7,34,AH0,253,37.5612,Day,F,L,A,MYSE
151.909,8443,6/3/2015,5/24/2015,17:22:54,7,30.5,AH0,255,33.2974125,Day,F,L,A,MYSE
151.909,8443,6/3/2015,5/25/2015,17:22:55,7,30.1,AH0,241,32.6247633,Day,F,L,A,MYSE
151.909,8443,6/3/2015,5/30/2015,17:22:55,7,34,AH0,253,37.5612,Day,F,L,A,MYSE
151.909,8443,6/3/2015,5/24/2015,17:22:56,7,30.5,AH0,255,33.2974125,Day,F,L,A,MYSE
151.909,8443,6/3/2015,5/24/2015,17:22:58,7,30.5,AH0,255,33.2974125,Day,F,L,A,MYSE
151.909,8443,6/3/2015,5/26/2015,17:22:58,7,34,AH0,255,37.5612,Day,F,L,A,MYSE
151.909,8443,6/3/2015,5/24/2015,17:23:00,7,30.5,AH0,255,33.2974125,Day,F,L,A,MYSE
151.909,8443,6/3/2015,5/26/2015,17:23:00,7,33.7,AH0,255,37.2983949,Day,F,L,A,MYSE
151.909,8443,6/3/2015,5/26/2015,17:23:02,7,33.7,AH0,254,37.2983949,Day,F,L,A,MYSE
151.909,8443,6/3/2015,5/28/2015,17:23:03,7,30,AH0,98,32.45,Day,F,L,A,MYSE
151.909,8443,6/3/2015,5/26/2015,17:23:04,7,33.7,AH0,255,37.2983949,Day,F,L,A,MYSE
151.909,8443,6/3/2015,5/26/2015,17:23:05,7,33.7,AH0,255,37.2983949,Day,F,L,A,MYSE
151.909,8443,6/3/2015,5/28/2015,17:23:05,7,30,AH0,103,32.45,Day,F,L,A,MYSE
151.909,8443,6/3/2015,5/28/2015,17:23:07,7,30,AH0,103,32.45,Day,F,L,A,MYSE
151.909,8443,6/3/2015,5/29/2015,17:23:07,7,31.8,AH0,251,35.2048856,Day,F,L,A,MYSE
151.909,8443,6/3/2015,5/25/2015,17:23:08,7,30.1,AH0,241,32.6247633,Day,F,L,A,MYSE
151.909,8443,6/3/2015,5/28/2015,17:23:09,7,30,AH0,99,32.45,Day,F,L,A,MYSE
151.909,8443,6/3/2015,5/29/2015,17:23:09,7,31.8,AH0,252,35.2048856,Day,F,L,A,MYSE
151.909,8443,6/3/2015,5/30/2015,17:23:09,7,34,AH0,252,37.5612,Day,F,L,A,MYSE
151.909,8443,6/3/2015,5/25/2015,17:23:10,7,30,AH0,240,32.45,Day,F,L,A,MYSE
151.909,8443,6/3/2015,5/29/2015,17:23:10,7,31.8,AH0,251,35.2048856,Day,F,L,A,MYSE
151.909,8443,6/3/2015,5/30/2015,17:23:10,7,34,AH0,251,37.5612,Day,F,L,A,MYSE
151.909,8443,6/3/2015,5/25/2015,17:23:12,7,30.1,AH0,241,32.6247633,Day,F,L,A,MYSE
151.909,8443,6/3/2015,5/29/2015,17:23:12,7,31.8,AH0,252,35.2048856,Day,F,L,A,MYSE
151.909,8443,6/3/2015,5/30/2015,17:23:12,7,34,AH0,253,37.5612,Day,F,L,A,MYSE
151.909,8443,6/3/2015,5/24/2015,17:23:14,7,30.5,AH0,255,33.2974125,Day,F,L,A,MYSE
151.909,8443,6/3/2015,5/25/2015,17:23:14,7,30,AH0,242,32.45,Day,F,L,A,MYSE
151.909,8443,6/3/2015,5/29/2015,17:23:14,7,31.8,AH0,252,35.2048856,Day,F,L,A,MYSE
151.909,8443,6/3/2015,5/30/2015,17:23:14,7,34,AH0,253,37.5612,Day,F,L,A,MYSE
151.909,8443,6/3/2015,5/24/2015,17:23:16,7,30.5,AH0,255,33.2974125,Day,F,L,A,MYSE
151.909,8443,6/3/2015,5/24/2015,17:23:18,7,30.5,AH0,255,33.2974125,Day,F,L,A,MYSE
151.909,8443,6/3/2015,5/24/2015,17:23:20,7,30.5,AH0,255,33.2974125,Day,F,L,A,MYSE
151.909,8443,6/3/2015,5/26/2015,17:23:20,7,33.8,AH0,253,37.3879176,Day,F,L,A,MYSE
151.909,8443,6/3/2015,5/26/2015,17:23:21,7,33.8,AH0,255,37.3879176,Day,F,L,A,MYSE
151.909,8443,6/3/2015,5/26/2015,17:23:23,7,33.8,AH0,255,37.3879176,Day,F,L,A,MYSE
151.909,8443,6/3/2015,5/28/2015,17:23:24,7,29.9,AH0,101,32.2725567,Day,F,L,A,MYSE
151.909,8443,6/3/2015,5/26/2015,17:23:25,7,33.8,AH0,254,37.3879176,Day,F,L,A,MYSE
151.909,8443,6/3/2015,5/28/2015,17:23:26,7,29.9,AH0,100,32.2725567,Day,F,L,A,MYSE
151.909,8443,6/3/2015,5/29/2015,17:23:27,7,31.8,AH0,249,35.2048856,Day,F,L,A,MYSE
151.909,8443,6/3/2015,5/25/2015,17:23:28,7,30.1,AH0,241,32.6247633,Day,F,L,A,MYSE
151.909,8443,6/3/2015,5/28/2015,17:23:28,7,29.9,AH0,96,32.2725567,Day,F,L,A,MYSE
151.909,8443,6/3/2015,5/30/2015,17:23:28,7,34,AH0,253,37.5612,Day,F,L,A,MYSE
151.909,8443,6/3/2015,5/29/2015,17:23:29,7,31.8,AH0,249,35.2048856,Day,F,L,A,MYSE
151.909,8443,6/3/2015,5/25/2015,17:23:30,7,30,AH0,242,32.45,Day,F,L,A,MYSE
151.909,8443,6/3/2015,5/28/2015,17:23:30,7,29.9,AH0,103,32.2725567,Day,F,L,A,MYSE
151.909,8443,6/3/2015,5/30/2015,17:23:30,7,34,AH0,251,37.5612,Day,F,L,A,MYSE
151.909,8443,6/3/2015,5/29/2015,17:23:31,7,31.8,AH0,250,35.2048856,Day,F,L,A,MYSE
151.909,8443,6/3/2015,5/25/2015,17:23:32,7,30.1,AH0,240,32.6247633,Day,F,L,A,MYSE
151.909,8443,6/3/2015,5/30/2015,17:23:32,7,34,AH0,252,37.5612,Day,F,L,A,MYSE
151.909,8443,6/3/2015,5/29/2015,17:23:33,7,31.8,AH0,249,35.2048856,Day,F,L,A,MYSE
151.909,8443,6/3/2015,5/30/2015,17:23:33,7,34,AH0,252,37.5612,Day,F,L,A,MYSE
151.909,8443,6/3/2015,5/24/2015,17:23:34,7,30.4,AH0,255,33.1331712,Day,F,L,A,MYSE
151.909,8443,6/3/2015,5/25/2015,17:23:34,7,30,AH0,238,32.45,Day,F,L,A,MYSE
151.909,8443,6/3/2015,5/24/2015,17:23:36,7,30.4,AH0,255,33.1331712,Day,F,L,A,MYSE
151.909,8443,6/3/2015,5/24/2015,17:23:38,7,30.4,AH0,255,33.1331712,Day,F,L,A,MYSE
151.909,8443,6/3/2015,5/26/2015,17:23:39,7,33.8,AH0,254,37.3879176,Day,F,L,A,MYSE
151.909,8443,6/3/2015,5/24/2015,17:23:40,7,30.4,AH0,255,33.1331712,Day,F,L,A,MYSE
151.909,8443,6/3/2015,5/26/2015,17:23:41,7,33.8,AH0,255,37.3879176,Day,F,L,A,MYSE
151.909,8443,6/3/2015,5/26/2015,17:23:43,7,33.8,AH0,253,37.3879176,Day,F,L,A,MYSE
151.909,8443,6/3/2015,5/26/2015,17:23:44,7,33.8,AH0,255,37.3879176,Day,F,L,A,MYSE
151.909,8443,6/3/2015,5/28/2015,17:23:44,7,29.9,AH0,102,32.2725567,Day,F,L,A,MYSE
151.909,8443,6/3/2015,5/26/2015,17:23:46,7,33.8,AH0,255,37.3879176,Day,F,L,A,MYSE
151.909,8443,6/3/2015,5/28/2015,17:23:46,7,29.9,AH0,103,32.2725567,Day,F,L,A,MYSE
151.909,8443,6/3/2015,5/25/2015,17:23:48,7,30.1,AH0,242,32.6247633,Day,F,L,A,MYSE
151.909,8443,6/3/2015,5/28/2015,17:23:48,7,29.9,AH0,101,32.2725567,Day,F,L,A,MYSE
151.909,8443,6/3/2015,5/29/2015,17:23:48,7,31.8,AH0,251,35.2048856,Day,F,L,A,MYSE
151.909,8443,6/3/2015,5/30/2015,17:23:48,7,34,AH0,253,37.5612,Day,F,L,A,MYSE
151.909,8443,6/3/2015,5/30/2015,17:23:49,7,34,AH0,253,37.5612,Day,F,L,A,MYSE
151.909,8443,6/3/2015,5/25/2015,17:23:50,7,30.1,AH0,241,32.6247633,Day,F,L,A,MYSE
151.909,8443,6/3/2015,5/28/2015,17:23:50,7,29.9,AH0,102,32.2725567,Day,F,L,A,MYSE
151.909,8443,6/3/2015,5/29/2015,17:23:50,7,31.8,AH0,251,35.2048856,Day,F,L,A,MYSE
151.909,8443,6/3/2015,5/30/2015,17:23:51,7,34,AH0,254,37.5612,Day,F,L,A,MYSE
151.909,8443,6/3/2015,5/25/2015,17:23:52,7,30.1,AH0,238,32.6247633,Day,F,L,A,MYSE
151.909,8443,6/3/2015,5/29/2015,17:23:52,7,31.8,AH0,250,35.2048856,Day,F,L,A,MYSE
151.909,8443,6/3/2015,5/30/2015,17:23:53,7,34,AH0,253,37.5612,Day,F,L,A,MYSE
151.909,8443,6/3/2015,5/24/2015,17:23:54,7,30.4,AH0,255,33.1331712,Day,F,L,A,MYSE
151.909,8443,6/3/2015,5/25/2015,17:23:54,7,30.1,AH0,240,32.6247633,Day,F,L,A,MYSE
151.909,8443,6/3/2015,5/29/2015,17:23:54,7,31.8,AH0,248,35.2048856,Day,F,L,A,MYSE
151.909,8443,6/3/2015,5/30/2015,17:23:55,7,34,AH0,252,37.5612,Day,F,L,A,MYSE
151.909,8443,6/3/2015,5/24/2015,17:23:56,7,30.4,AH0,255,33.1331712,Day,F,L,A,MYSE
151.909,8443,6/3/2015,5/24/2015,17:23:58,7,30.4,AH0,255,33.1331712,Day,F,L,A,MYSE
151.909,8443,6/3/2015,5/24/2015,17:23:59,7,30.4,AH0,255,33.1331712,Day,F,L,A,MYSE
151.909,8443,6/3/2015,5/26/2015,17:23:59,7,33.9,AH0,255,37.4755127,Day,F,L,A,MYSE
151.909,8443,6/3/2015,5/26/2015,17:24:00,7,33.9,AH0,255,37.4755127,Day,F,L,A,MYSE
151.909,8443,6/3/2015,5/26/2015,17:24:02,7,33.8,AH0,254,37.3879176,Day,F,L,A,MYSE
151.909,8443,6/3/2015,5/26/2015,17:24:04,7,33.9,AH0,255,37.4755127,Day,F,L,A,MYSE
151.909,8443,6/3/2015,5/28/2015,17:24:04,7,29.8,AH0,99,32.0924136,Day,F,L,A,MYSE
151.909,8443,6/3/2015,5/26/2015,17:24:06,7,33.9,AH0,255,37.4755127,Day,F,L,A,MYSE
151.909,8443,6/3/2015,5/28/2015,17:24:06,7,29.8,AH0,101,32.0924136,Day,F,L,A,MYSE
151.909,8443,6/3/2015,5/29/2015,17:24:07,7,31.8,AH0,250,35.2048856,Day,F,L,A,MYSE
151.909,8443,6/3/2015,5/30/2015,17:24:07,7,33.9,AH0,253,37.4755127,Day,F,L,A,MYSE
151.909,8443,6/3/2015,5/25/2015,17:24:08,7,30.1,AH0,246,32.6247633,Day,F,L,A,MYSE
151.909,8443,6/3/2015,5/28/2015,17:24:08,7,29.8,AH0,101,32.0924136,Day,F,L,A,MYSE
151.909,8443,6/3/2015,5/29/2015,17:24:09,7,31.8,AH0,248,35.2048856,Day,F,L,A,MYSE
151.909,8443,6/3/2015,5/30/2015,17:24:09,7,33.9,AH0,249,37.4755127,Day,F,L,A,MYSE
151.909,8443,6/3/2015,5/25/2015,17:24:10,7,30.1,AH0,245,32.6247633,Day,F,L,A,MYSE
151.909,8443,6/3/2015,5/28/2015,17:24:10,7,29.8,AH0,98,32.0924136,Day,F,L,A,MYSE
151.909,8443,6/3/2015,5/29/2015,17:24:11,7,31.8,AH0,249,35.2048856,Day,F,L,A,MYSE
151.909,8443,6/3/2015,5/30/2015,17:24:11,7,33.9,AH0,253,37.4755127,Day,F,L,A,MYSE
151.909,8443,6/3/2015,5/25/2015,17:24:12,7,30.1,AH0,246,32.6247633,Day,F,L,A,MYSE
151.909,8443,6/3/2015,5/30/2015,17:24:12,7,33.9,AH0,252,37.4755127,Day,F,L,A,MYSE
151.909,8443,6/3/2015,5/29/2015,17:24:13,7,31.8,AH0,248,35.2048856,Day,F,L,A,MYSE
151.909,8443,6/3/2015,5/25/2015,17:24:14,7,30.1,AH0,245,32.6247633,Day,F,L,A,MYSE
151.909,8443,6/3/2015,5/30/2015,17:24:14,7,33.9,AH0,253,37.4755127,Day,F,L,A,MYSE
151.909,8443,6/3/2015,5/24/2015,17:24:15,7,30.4,AH0,255,33.1331712,Day,F,L,A,MYSE
151.909,8443,6/3/2015,5/29/2015,17:24:15,7,31.8,AH0,249,35.2048856,Day,F,L,A,MYSE
151.909,8443,6/3/2015,5/24/2015,17:24:17,7,30.4,AH0,255,33.1331712,Day,F,L,A,MYSE
151.909,8443,6/3/2015,5/24/2015,17:24:19,7,30.4,AH0,255,33.1331712,Day,F,L,A,MYSE
151.909,8443,6/3/2015,5/26/2015,17:24:20,7,33.9,AH0,254,37.4755127,Day,F,L,A,MYSE
151.909,8443,6/3/2015,5/24/2015,17:24:21,7,30.4,AH0,255,33.1331712,Day,F,L,A,MYSE
151.909,8443,6/3/2015,5/26/2015,17:24:22,7,33.9,AH0,255,37.4755127,Day,F,L,A,MYSE
151.909,8443,6/3/2015,5/26/2015,17:24:23,7,33.9,AH0,255,37.4755127,Day,F,L,A,MYSE
151.909,8443,6/3/2015,5/28/2015,17:24:24,7,29.8,AH0,94,32.0924136,Day,F,L,A,MYSE
151.909,8443,6/3/2015,5/26/2015,17:24:25,7,33.9,AH0,254,37.4755127,Day,F,L,A,MYSE
151.909,8443,6/3/2015,5/28/2015,17:24:26,7,29.8,AH0,101,32.0924136,Day,F,L,A,MYSE
151.909,8443,6/3/2015,5/25/2015,17:24:28,7,30.1,AH0,244,32.6247633,Day,F,L,A,MYSE
151.909,8443,6/3/2015,5/28/2015,17:24:28,7,29.8,AH0,101,32.0924136,Day,F,L,A,MYSE
151.909,8443,6/3/2015,5/29/2015,17:24:28,7,31.8,AH0,246,35.2048856,Day,F,L,A,MYSE
151.909,8443,6/3/2015,5/30/2015,17:24:28,7,33.9,AH0,254,37.4755127,Day,F,L,A,MYSE
151.909,8443,6/3/2015,5/25/2015,17:24:30,7,30.1,AH0,243,32.6247633,Day,F,L,A,MYSE
151.909,8443,6/3/2015,5/28/2015,17:24:30,7,29.8,AH0,99,32.0924136,Day,F,L,A,MYSE
151.909,8443,6/3/2015,5/29/2015,17:24:30,7,31.8,AH0,249,35.2048856,Day,F,L,A,MYSE
151.909,8443,6/3/2015,5/30/2015,17:24:30,7,33.9,AH0,253,37.4755127,Day,F,L,A,MYSE
151.909,8443,6/3/2015,5/25/2015,17:24:32,7,30.1,AH0,245,32.6247633,Day,F,L,A,MYSE
151.909,8443,6/3/2015,5/29/2015,17:24:32,7,31.8,AH0,250,35.2048856,Day,F,L,A,MYSE
151.909,8443,6/3/2015,5/30/2015,17:24:32,7,33.9,AH0,253,37.4755127,Day,F,L,A,MYSE
151.909,8443,6/3/2015,5/29/2015,17:24:33,7,31.8,AH0,249,35.2048856,Day,F,L,A,MYSE
151.909,8443,6/3/2015,5/25/2015,17:24:34,7,30.1,AH0,241,32.6247633,Day,F,L,A,MYSE
151.909,8443,6/3/2015,5/30/2015,17:24:34,7,33.9,AH0,252,37.4755127,Day,F,L,A,MYSE
151.909,8443,6/3/2015,5/24/2015,17:24:35,7,30.3,AH0,255,32.9663291,Day,F,L,A,MYSE
151.909,8443,6/3/2015,5/24/2015,17:24:37,7,30.3,AH0,254,32.9663291,Day,F,L,A,MYSE
151.909,8443,6/3/2015,5/24/2015,17:24:39,7,30.3,AH0,254,32.9663291,Day,F,L,A,MYSE
151.909,8443,6/3/2015,5/26/2015,17:24:39,7,33.8,AH0,250,37.3879176,Day,F,L,A,MYSE
151.909,8443,6/3/2015,5/24/2015,17:24:41,7,30.3,AH0,255,32.9663291,Day,F,L,A,MYSE
151.909,8443,6/3/2015,5/26/2015,17:24:41,7,33.8,AH0,243,37.3879176,Day,F,L,A,MYSE
151.909,8443,6/3/2015,5/26/2015,17:24:43,7,33.7,AH0,246,37.2983949,Day,F,L,A,MYSE
151.909,8443,6/3/2015,5/28/2015,17:24:44,7,29.8,AH0,99,32.0924136,Day,F,L,A,MYSE
151.909,8443,6/3/2015,5/26/2015,17:24:45,7,33.6,AH0,243,37.2069248,Day,F,L,A,MYSE
151.909,8443,6/3/2015,5/28/2015,17:24:46,7,29.8,AH0,99,32.0924136,Day,F,L,A,MYSE
151.909,8443,6/3/2015,5/29/2015,17:24:47,7,31.8,AH0,248,35.2048856,Day,F,L,A,MYSE
151.909,8443,6/3/2015,5/25/2015,17:24:48,7,30.1,AH0,244,32.6247633,Day,F,L,A,MYSE
151.909,8443,6/3/2015,5/28/2015,17:24:48,7,29.8,AH0,95,32.0924136,Day,F,L,A,MYSE
151.909,8443,6/3/2015,5/30/2015,17:24:48,7,33.9,AH0,254,37.4755127,Day,F,L,A,MYSE
151.909,8443,6/3/2015,5/29/2015,17:24:49,7,31.8,AH0,245,35.2048856,Day,F,L,A,MYSE
151.909,8443,6/3/2015,5/30/2015,17:24:49,7,33.9,AH0,253,37.4755127,Day,F,L,A,MYSE
151.909,8443,6/3/2015,5/25/2015,17:24:50,7,30.1,AH0,244,32.6247633,Day,F,L,A,MYSE
151.909,8443,6/3/2015,5/28/2015,17:24:50,7,29.8,AH0,98,32.0924136,Day,F,L,A,MYSE
151.909,8443,6/3/2015,5/29/2015,17:24:50,7,31.8,AH0,246,35.2048856,Day,F,L,A,MYSE
151.909,8443,6/3/2015,5/30/2015,17:24:51,7,33.9,AH0,253,37.4755127,Day,F,L,A,MYSE
151.909,8443,6/3/2015,5/25/2015,17:24:52,7,30.1,AH0,244,32.6247633,Day,F,L,A,MYSE
151.909,8443,6/3/2015,5/29/2015,17:24:52,7,31.8,AH0,248,35.2048856,Day,F,L,A,MYSE
151.909,8443,6/3/2015,5/30/2015,17:24:53,7,33.9,AH0,253,37.4755127,Day,F,L,A,MYSE
151.909,8443,6/3/2015,5/25/2015,17:24:54,7,30.1,AH0,240,32.6247633,Day,F,L,A,MYSE
151.909,8443,6/3/2015,5/29/2015,17:24:54,7,31.8,AH0,249,35.2048856,Day,F,L,A,MYSE
151.909,8443,6/3/2015,5/24/2015,17:24:55,7,30.3,AH0,254,32.9663291,Day,F,L,A,MYSE
151.909,8443,6/3/2015,5/30/2015,17:24:55,7,33.9,AH0,252,37.4755127,Day,F,L,A,MYSE
151.909,8443,6/3/2015,5/24/2015,17:24:57,7,30.3,AH0,255,32.9663291,Day,F,L,A,MYSE
151.909,8443,6/3/2015,5/24/2015,17:24:59,7,30.3,AH0,254,32.9663291,Day,F,L,A,MYSE
151.909,8443,6/3/2015,5/26/2015,17:24:59,7,33.1,AH0,249,36.7196703,Day,F,L,A,MYSE
151.909,8443,6/3/2015,5/24/2015,17:25:01,7,30.3,AH0,254,32.9663291,Day,F,L,A,MYSE
151.909,8443,6/3/2015,5/26/2015,17:25:01,7,33,AH0,249,36.6161,Day,F,L,A,MYSE
151.909,8443,6/3/2015,5/26/2015,17:25:03,7,33,AH0,249,36.6161,Day,F,L,A,MYSE
151.909,8443,6/3/2015,5/28/2015,17:25:04,7,29.8,AH0,100,32.0924136,Day,F,L,A,MYSE
151.909,8443,6/3/2015,5/26/2015,17:25:05,7,32.9,AH0,249,36.5104437,Day,F,L,A,MYSE
151.909,8443,6/3/2015,5/28/2015,17:25:06,7,29.8,AH0,96,32.0924136,Day,F,L,A,MYSE
151.909,8443,6/3/2015,5/29/2015,17:25:07,7,31.8,AH0,249,35.2048856,Day,F,L,A,MYSE
151.909,8443,6/3/2015,5/30/2015,17:25:07,7,34,AH0,251,37.5612,Day,F,L,A,MYSE
151.909,8443,6/3/2015,5/25/2015,17:25:08,7,30.1,AH0,242,32.6247633,Day,F,L,A,MYSE
151.909,8443,6/3/2015,5/28/2015,17:25:08,7,29.8,AH0,99,32.0924136,Day,F,L,A,MYSE
151.909,8443,6/3/2015,5/29/2015,17:25:09,7,31.8,AH0,248,35.2048856,Day,F,L,A,MYSE
151.909,8443,6/3/2015,5/30/2015,17:25:09,7,34,AH0,252,37.5612,Day,F,L,A,MYSE
151.909,8443,6/3/2015,5/25/2015,17:25:10,7,30.1,AH0,243,32.6247633,Day,F,L,A,MYSE
151.909,8443,6/3/2015,5/28/2015,17:25:10,7,29.8,AH0,96,32.0924136,Day,F,L,A,MYSE
151.909,8443,6/3/2015,5/29/2015,17:25:11,7,31.8,AH0,250,35.2048856,Day,F,L,A,MYSE
151.909,8443,6/3/2015,5/30/2015,17:25:11,7,34,AH0,252,37.5612,Day,F,L,A,MYSE
151.909,8443,6/3/2015,5/25/2015,17:25:12,7,30.1,AH0,241,32.6247633,Day,F,L,A,MYSE
151.909,8443,6/3/2015,5/30/2015,17:25:12,7,34,AH0,253,37.5612,Day,F,L,A,MYSE
151.909,8443,6/3/2015,5/29/2015,17:25:13,7,31.7,AH0,246,35.0726529,Day,F,L,A,MYSE
151.909,8443,6/3/2015,5/25/2015,17:25:14,7,30.1,AH0,241,32.6247633,Day,F,L,A,MYSE
151.909,8443,6/3/2015,5/30/2015,17:25:14,7,34,AH0,253,37.5612,Day,F,L,A,MYSE
151.909,8443,6/3/2015,5/24/2015,17:25:15,7,30.2,AH0,254,32.7968664,Day,F,L,A,MYSE
151.909,8443,6/3/2015,5/24/2015,17:25:17,7,30.3,AH0,255,32.9663291,Day,F,L,A,MYSE
151.909,8443,6/3/2015,5/24/2015,17:25:19,7,30.2,AH0,254,32.7968664,Day,F,L,A,MYSE
151.909,8443,6/3/2015,5/26/2015,17:25:19,7,32.5,AH0,248,36.0665625,Day,F,L,A,MYSE
151.909,8443,6/3/2015,5/24/2015,17:25:21,7,30.2,AH0,255,32.7968664,Day,F,L,A,MYSE
151.909,8443,6/3/2015,5/26/2015,17:25:21,7,32.4,AH0,245,35.9501792,Day,F,L,A,MYSE
151.909,8443,6/3/2015,5/26/2015,17:25:23,7,32.4,AH0,248,35.9501792,Day,F,L,A,MYSE
151.909,8443,6/3/2015,5/28/2015,17:25:24,7,29.8,AH0,100,32.0924136,Day,F,L,A,MYSE
151.909,8443,6/3/2015,5/26/2015,17:25:25,7,32.4,AH0,249,35.9501792,Day,F,L,A,MYSE
151.909,8443,6/3/2015,5/28/2015,17:25:26,7,29.8,AH0,103,32.0924136,Day,F,L,A,MYSE
151.909,8443,6/3/2015,5/25/2015,17:25:28,7,30.1,AH0,242,32.6247633,Day,F,L,A,MYSE
151.909,8443,6/3/2015,5/28/2015,17:25:28,7,29.8,AH0,98,32.0924136,Day,F,L,A,MYSE
151.909,8443,6/3/2015,5/29/2015,17:25:28,7,31.8,AH0,248,35.2048856,Day,F,L,A,MYSE
151.909,8443,6/3/2015,5/30/2015,17:25:28,7,34,AH0,253,37.5612,Day,F,L,A,MYSE
151.909,8443,6/3/2015,5/25/2015,17:25:30,7,30.1,AH0,242,32.6247633,Day,F,L,A,MYSE
151.909,8443,6/3/2015,5/28/2015,17:25:30,7,29.8,AH0,101,32.0924136,Day,F,L,A,MYSE
151.909,8443,6/3/2015,5/29/2015,17:25:30,7,31.7,AH0,245,35.0726529,Day,F,L,A,MYSE
151.909,8443,6/3/2015,5/30/2015,17:25:30,7,34,AH0,253,37.5612,Day,F,L,A,MYSE
151.909,8443,6/3/2015,5/25/2015,17:25:32,7,30.1,AH0,242,32.6247633,Day,F,L,A,MYSE
151.909,8443,6/3/2015,5/29/2015,17:25:32,7,31.7,AH0,247,35.0726529,Day,F,L,A,MYSE
151.909,8443,6/3/2015,5/30/2015,17:25:32,7,34,AH0,252,37.5612,Day,F,L,A,MYSE
151.909,8443,6/3/2015,5/24/2015,17:25:34,7,30.2,AH0,255,32.7968664,Day,F,L,A,MYSE
151.909,8443,6/3/2015,5/25/2015,17:25:34,7,30.1,AH0,242,32.6247633,Day,F,L,A,MYSE
151.909,8443,6/3/2015,5/29/2015,17:25:34,7,31.7,AH0,249,35.0726529,Day,F,L,A,MYSE
151.909,8443,6/3/2015,5/30/2015,17:25:34,7,34,AH0,252,37.5612,Day,F,L,A,MYSE
151.909,8443,6/3/2015,5/24/2015,17:25:36,7,30.2,AH0,255,32.7968664,Day,F,L,A,MYSE
151.909,8443,6/3/2015,5/24/2015,17:25:38,7,30.2,AH0,254,32.7968664,Day,F,L,A,MYSE
151.909,8443,6/3/2015,5/24/2015,17:25:40,7,30.2,AH0,255,32.7968664,Day,F,L,A,MYSE
151.909,8443,6/3/2015,5/26/2015,17:25:40,7,32.1,AH0,252,35.5877213,Day,F,L,A,MYSE
151.909,8443,6/3/2015,5/26/2015,17:25:42,7,32,AH0,250,35.4624,Day,F,L,A,MYSE
151.909,8443,6/3/2015,5/28/2015,17:25:42,7,29.9,AH0,97,32.2725567,Day,F,L,A,MYSE
151.909,8443,6/3/2015,5/26/2015,17:25:44,7,32,AH0,251,35.4624,Day,F,L,A,MYSE
151.909,8443,6/3/2015,5/28/2015,17:25:44,7,29.9,AH0,96,32.2725567,Day,F,L,A,MYSE
151.909,8443,6/3/2015,5/26/2015,17:25:45,7,32,AH0,253,35.4624,Day,F,L,A,MYSE
151.909,8443,6/3/2015,5/28/2015,17:25:46,7,29.9,AH0,97,32.2725567,Day,F,L,A,MYSE
151.909,8443,6/3/2015,5/29/2015,17:25:47,7,31.7,AH0,247,35.0726529,Day,F,L,A,MYSE
151.909,8443,6/3/2015,5/25/2015,17:25:48,7,30.1,AH0,246,32.6247633,Day,F,L,A,MYSE
151.909,8443,6/3/2015,5/28/2015,17:25:48,7,29.9,AH0,93,32.2725567,Day,F,L,A,MYSE
151.909,8443,6/3/2015,5/30/2015,17:25:48,7,34,AH0,252,37.5612,Day,F,L,A,MYSE
151.909,8443,6/3/2015,5/29/2015,17:25:49,7,31.7,AH0,244,35.0726529,Day,F,L,A,MYSE
151.909,8443,6/3/2015,5/25/2015,17:25:50,7,30.1,AH0,246,32.6247633,Day,F,L,A,MYSE
151.909,8443,6/3/2015,5/30/2015,17:25:50,7,34,AH0,254,37.5612,Day,F,L,A,MYSE
151.909,8443,6/3/2015,5/29/2015,17:25:51,7,31.7,AH0,249,35.0726529,Day,F,L,A,MYSE
151.909,8443,6/3/2015,5/30/2015,17:25:51,7,34,AH0,253,37.5612,Day,F,L,A,MYSE
151.909,8443,6/3/2015,5/25/2015,17:25:52,7,30.1,AH0,246,32.6247633,Day,F,L,A,MYSE
151.909,8443,6/3/2015,5/29/2015,17:25:53,7,31.7,AH0,248,35.0726529,Day,F,L,A,MYSE
151.909,8443,6/3/2015,5/30/2015,17:25:53,7,34,AH0,251,37.5612,Day,F,L,A,MYSE
151.909,8443,6/3/2015,5/24/2015,17:25:54,7,30.2,AH0,255,32.7968664,Day,F,L,A,MYSE
151.909,8443,6/3/2015,5/25/2015,17:25:54,7,30.1,AH0,245,32.6247633,Day,F,L,A,MYSE
151.909,8443,6/3/2015,5/30/2015,17:25:55,7,34,AH0,251,37.5612,Day,F,L,A,MYSE
151.909,8443,6/3/2015,5/24/2015,17:25:56,7,30.2,AH0,255,32.7968664,Day,F,L,A,MYSE
151.909,8443,6/3/2015,5/24/2015,17:25:58,7,30.2,AH0,255,32.7968664,Day,F,L,A,MYSE
151.909,8443,6/3/2015,5/26/2015,17:25:59,7,31.8,AH0,254,35.2048856,Day,F,L,A,MYSE
151.909,8443,6/3/2015,5/24/2015,17:26:00,7,30.2,AH0,255,32.7968664,Day,F,L,A,MYSE
151.909,8443,6/3/2015,5/26/2015,17:26:00,7,31.7,AH0,253,35.0726529,Day,F,L,A,MYSE
151.909,8443,6/3/2015,5/26/2015,17:26:02,7,31.7,AH0,255,35.0726529,Day,F,L,A,MYSE
151.909,8443,6/3/2015,5/28/2015,17:26:02,7,29.9,AH0,97,32.2725567,Day,F,L,A,MYSE
151.909,8443,6/3/2015,5/26/2015,17:26:04,7,31.7,AH0,255,35.0726529,Day,F,L,A,MYSE
151.909,8443,6/3/2015,5/28/2015,17:26:04,7,29.9,AH0,98,32.2725567,Day,F,L,A,MYSE
151.909,8443,6/3/2015,5/26/2015,17:26:06,7,31.6,AH0,254,34.9380768,Day,F,L,A,MYSE
151.909,8443,6/3/2015,5/28/2015,17:26:06,7,29.9,AH0,103,32.2725567,Day,F,L,A,MYSE
151.909,8443,6/3/2015,5/30/2015,17:26:07,7,34,AH0,254,37.5612,Day,F,L,A,MYSE
151.909,8443,6/3/2015,5/25/2015,17:26:08,7,30.1,AH0,245,32.6247633,Day,F,L,A,MYSE
151.909,8443,6/3/2015,5/28/2015,17:26:08,7,29.9,AH0,94,32.2725567,Day,F,L,A,MYSE
151.909,8443,6/3/2015,5/29/2015,17:26:08,7,31.7,AH0,246,35.0726529,Day,F,L,A,MYSE
151.909,8443,6/3/2015,5/30/2015,17:26:09,7,34,AH0,253,37.5612,Day,F,L,A,MYSE
151.909,8443,6/3/2015,5/25/2015,17:26:10,7,30.1,AH0,244,32.6247633,Day,F,L,A,MYSE
151.909,8443,6/3/2015,5/29/2015,17:26:10,7,31.7,AH0,248,35.0726529,Day,F,L,A,MYSE
151.909,8443,6/3/2015,5/30/2015,17:26:11,7,34,AH0,251,37.5612,Day,F,L,A,MYSE
151.909,8443,6/3/2015,5/25/2015,17:26:12,7,30.1,AH0,243,32.6247633,Day,F,L,A,MYSE
151.909,8443,6/3/2015,5/29/2015,17:26:12,7,31.7,AH0,248,35.0726529,Day,F,L,A,MYSE
151.909,8443,6/3/2015,5/30/2015,17:26:12,7,34,AH0,250,37.5612,Day,F,L,A,MYSE
151.909,8443,6/3/2015,5/24/2015,17:26:14,7,30.2,AH0,255,32.7968664,Day,F,L,A,MYSE
151.909,8443,6/3/2015,5/25/2015,17:26:14,7,30.1,AH0,244,32.6247633,Day,F,L,A,MYSE
151.909,8443,6/3/2015,5/29/2015,17:26:14,7,31.7,AH0,248,35.0726529,Day,F,L,A,MYSE
151.909,8443,6/3/2015,5/30/2015,17:26:14,7,34,AH0,252,37.5612,Day,F,L,A,MYSE
151.909,8443,6/3/2015,5/24/2015,17:26:16,7,30.2,AH0,254,32.7968664,Day,F,L,A,MYSE
151.909,8443,6/3/2015,5/24/2015,17:26:18,7,30.1,AH0,255,32.6247633,Day,F,L,A,MYSE
151.909,8443,6/3/2015,5/24/2015,17:26:20,7,30.2,AH0,255,32.7968664,Day,F,L,A,MYSE
151.909,8443,6/3/2015,5/26/2015,17:26:20,7,31.5,AH0,254,34.8011375,Day,F,L,A,MYSE
151.909,8443,6/3/2015,5/26/2015,17:26:21,7,31.5,AH0,254,34.8011375,Day,F,L,A,MYSE
151.909,8443,6/3/2015,5/26/2015,17:26:23,7,31.5,AH0,254,34.8011375,Day,F,L,A,MYSE
151.909,8443,6/3/2015,5/28/2015,17:26:23,7,29.9,AH0,96,32.2725567,Day,F,L,A,MYSE
151.909,8443,6/3/2015,5/26/2015,17:26:25,7,31.5,AH0,254,34.8011375,Day,F,L,A,MYSE
151.909,8443,6/3/2015,5/28/2015,17:26:25,7,29.9,AH0,97,32.2725567,Day,F,L,A,MYSE
151.909,8443,6/3/2015,5/28/2015,17:26:27,7,30,AH0,94,32.45,Day,F,L,A,MYSE
151.909,8443,6/3/2015,5/29/2015,17:26:27,7,31.7,AH0,252,35.0726529,Day,F,L,A,MYSE
151.909,8443,6/3/2015,5/25/2015,17:26:28,7,30.1,AH0,244,32.6247633,Day,F,L,A,MYSE
151.909,8443,6/3/2015,5/30/2015,17:26:28,7,33.9,AH0,252,37.4755127,Day,F,L,A,MYSE
151.909,8443,6/3/2015,5/28/2015,17:26:29,7,29.9,AH0,99,32.2725567,Day,F,L,A,MYSE
151.909,8443,6/3/2015,5/29/2015,17:26:29,7,31.7,AH0,249,35.0726529,Day,F,L,A,MYSE
151.909,8443,6/3/2015,5/25/2015,17:26:30,7,30.1,AH0,245,32.6247633,Day,F,L,A,MYSE
151.909,8443,6/3/2015,5/30/2015,17:26:30,7,33.9,AH0,254,37.4755127,Day,F,L,A,MYSE
151.909,8443,6/3/2015,5/29/2015,17:26:31,7,31.7,AH0,250,35.0726529,Day,F,L,A,MYSE
151.909,8443,6/3/2015,5/25/2015,17:26:32,7,30.1,AH0,245,32.6247633,Day,F,L,A,MYSE
151.909,8443,6/3/2015,5/30/2015,17:26:32,7,33.9,AH0,253,37.4755127,Day,F,L,A,MYSE
151.909,8443,6/3/2015,5/29/2015,17:26:33,7,31.7,AH0,250,35.0726529,Day,F,L,A,MYSE
151.909,8443,6/3/2015,5/24/2015,17:26:34,7,30.2,AH0,255,32.7968664,Day,F,L,A,MYSE
151.909,8443,6/3/2015,5/25/2015,17:26:34,7,30.1,AH0,245,32.6247633,Day,F,L,A,MYSE
151.909,8443,6/3/2015,5/29/2015,17:26:34,7,31.7,AH0,248,35.0726529,Day,F,L,A,MYSE
151.909,8443,6/3/2015,5/30/2015,17:26:34,7,33.9,AH0,254,37.4755127,Day,F,L,A,MYSE
151.909,8443,6/3/2015,5/24/2015,17:26:36,7,30.2,AH0,255,32.7968664,Day,F,L,A,MYSE
151.909,8443,6/3/2015,5/24/2015,17:26:38,7,30.2,AH0,255,32.7968664,Day,F,L,A,MYSE
151.909,8443,6/3/2015,5/26/2015,17:26:39,7,31.3,AH0,245,34.5200901,Day,F,L,A,MYSE
151.909,8443,6/3/2015,5/24/2015,17:26:40,7,30.2,AH0,255,32.7968664,Day,F,L,A,MYSE
151.909,8443,6/3/2015,5/26/2015,17:26:41,7,31.3,AH0,254,34.5200901,Day,F,L,A,MYSE
151.909,8443,6/3/2015,5/26/2015,17:26:42,7,31.2,AH0,254,34.3759424,Day,F,L,A,MYSE
151.909,8443,6/3/2015,5/28/2015,17:26:43,7,30,AH0,98,32.45,Day,F,L,A,MYSE
151.909,8443,6/3/2015,5/26/2015,17:26:44,7,31.2,AH0,242,34.3759424,Day,F,L,A,MYSE
151.909,8443,6/3/2015,5/28/2015,17:26:45,7,30,AH0,99,32.45,Day,F,L,A,MYSE
151.909,8443,6/3/2015,5/26/2015,17:26:46,7,31.2,AH0,245,34.3759424,Day,F,L,A,MYSE
151.909,8443,6/3/2015,5/28/2015,17:26:47,7,30,AH0,97,32.45,Day,F,L,A,MYSE
151.909,8443,6/3/2015,5/25/2015,17:26:48,7,30.1,AH0,243,32.6247633,Day,F,L,A,MYSE
151.909,8443,6/3/2015,5/29/2015,17:26:48,7,31.7,AH0,251,35.0726529,Day,F,L,A,MYSE
151.909,8443,6/3/2015,5/30/2015,17:26:48,7,33.9,AH0,253,37.4755127,Day,F,L,A,MYSE
151.909,8443,6/3/2015,5/28/2015,17:26:49,7,30,AH0,97,32.45,Day,F,L,A,MYSE
151.909,8443,6/3/2015,5/25/2015,17:26:50,7,30.1,AH0,244,32.6247633,Day,F,L,A,MYSE
151.909,8443,6/3/2015,5/29/2015,17:26:50,7,31.7,AH0,250,35.0726529,Day,F,L,A,MYSE
151.909,8443,6/3/2015,5/30/2015,17:26:50,7,33.9,AH0,254,37.4755127,Day,F,L,A,MYSE
151.909,8443,6/3/2015,5/29/2015,17:26:51,7,31.7,AH0,252,35.0726529,Day,F,L,A,MYSE
151.909,8443,6/3/2015,5/30/2015,17:26:51,7,33.9,AH0,252,37.4755127,Day,F,L,A,MYSE
151.909,8443,6/3/2015,5/25/2015,17:26:52,7,30.1,AH0,245,32.6247633,Day,F,L,A,MYSE
151.909,8443,6/3/2015,5/29/2015,17:26:53,7,31.7,AH0,250,35.0726529,Day,F,L,A,MYSE
151.909,8443,6/3/2015,5/30/2015,17:26:53,7,33.9,AH0,253,37.4755127,Day,F,L,A,MYSE
151.909,8443,6/3/2015,5/24/2015,17:26:54,7,30.1,AH0,255,32.6247633,Day,F,L,A,MYSE
151.909,8443,6/3/2015,5/25/2015,17:26:54,7,30,AH0,244,32.45,Day,F,L,A,MYSE
151.909,8443,6/3/2015,5/30/2015,17:26:55,7,33.9,AH0,254,37.4755127,Day,F,L,A,MYSE
151.909,8443,6/3/2015,5/24/2015,17:26:56,7,30.1,AH0,255,32.6247633,Day,F,L,A,MYSE
151.909,8443,6/3/2015,5/24/2015,17:26:58,7,30.1,AH0,255,32.6247633,Day,F,L,A,MYSE
151.909,8443,6/3/2015,5/24/2015,17:27:00,7,30.1,AH0,255,32.6247633,Day,F,L,A,MYSE
151.909,8443,6/3/2015,5/26/2015,17:27:00,7,31,AH0,251,34.0803,Day,F,L,A,MYSE
151.909,8443,6/3/2015,5/26/2015,17:27:02,7,31,AH0,250,34.0803,Day,F,L,A,MYSE
151.909,8443,6/3/2015,5/28/2015,17:27:03,7,30,AH0,94,32.45,Day,F,L,A,MYSE
151.909,8443,6/3/2015,5/26/2015,17:27:04,7,30.9,AH0,249,33.9287657,Day,F,L,A,MYSE
151.909,8443,6/3/2015,5/28/2015,17:27:05,7,30,AH0,97,32.45,Day,F,L,A,MYSE
151.909,8443,6/3/2015,5/26/2015,17:27:06,7,30.9,AH0,255,33.9287657,Day,F,L,A,MYSE
151.909,8443,6/3/2015,5/28/2015,17:27:07,7,30,AH0,96,32.45,Day,F,L,A,MYSE
151.909,8443,6/3/2015,5/29/2015,17:27:07,7,31.7,AH0,253,35.0726529,Day,F,L,A,MYSE
151.909,8443,6/3/2015,5/30/2015,17:27:07,7,33.9,AH0,253,37.4755127,Day,F,L,A,MYSE
151.909,8443,6/3/2015,5/25/2015,17:27:08,7,30,AH0,246,32.45,Day,F,L,A,MYSE
151.909,8443,6/3/2015,5/28/2015,17:27:09,7,30,AH0,97,32.45,Day,F,L,A,MYSE
151.909,8443,6/3/2015,5/29/2015,17:27:09,7,31.7,AH0,254,35.0726529,Day,F,L,A,MYSE
151.909,8443,6/3/2015,5/30/2015,17:27:09,7,33.9,AH0,251,37.4755127,Day,F,L,A,MYSE
151.909,8443,6/3/2015,5/25/2015,17:27:10,7,30,AH0,242,32.45,Day,F,L,A,MYSE
151.909,8443,6/3/2015,5/29/2015,17:27:10,7,31.7,AH0,253,35.0726529,Day,F,L,A,MYSE
151.909,8443,6/3/2015,5/30/2015,17:27:11,7,33.9,AH0,254,37.4755127,Day,F,L,A,MYSE
151.909,8443,6/3/2015,5/25/2015,17:27:12,7,30,AH0,244,32.45,Day,F,L,A,MYSE
151.909,8443,6/3/2015,5/29/2015,17:27:12,7,31.6,AH0,253,34.9380768,Day,F,L,A,MYSE
151.909,8443,6/3/2015,5/30/2015,17:27:13,7,34,AH0,253,37.5612,Day,F,L,A,MYSE
151.909,8443,6/3/2015,5/24/2015,17:27:14,7,30.1,AH0,255,32.6247633,Day,F,L,A,MYSE
151.909,8443,6/3/2015,5/25/2015,17:27:14,7,30,AH0,242,32.45,Day,F,L,A,MYSE
151.909,8443,6/3/2015,5/29/2015,17:27:14,7,31.6,AH0,254,34.9380768,Day,F,L,A,MYSE
151.909,8443,6/3/2015,5/30/2015,17:27:14,7,34,AH0,251,37.5612,Day,F,L,A,MYSE
151.909,8443,6/3/2015,5/24/2015,17:27:16,7,30.1,AH0,255,32.6247633,Day,F,L,A,MYSE
151.909,8443,6/3/2015,5/24/2015,17:27:18,7,30.1,AH0,255,32.6247633,Day,F,L,A,MYSE
151.909,8443,6/3/2015,5/26/2015,17:27:18,7,30.8,AH0,237,33.7747296,Day,F,L,A,MYSE
151.909,8443,6/3/2015,5/24/2015,17:27:20,7,30.1,AH0,255,32.6247633,Day,F,L,A,MYSE
151.909,8443,6/3/2015,5/26/2015,17:27:20,7,30.8,AH0,252,33.7747296,Day,F,L,A,MYSE
151.909,8443,6/3/2015,5/26/2015,17:27:22,7,30.8,AH0,253,33.7747296,Day,F,L,A,MYSE
151.909,8443,6/3/2015,5/28/2015,17:27:23,7,30,AH0,97,32.45,Day,F,L,A,MYSE
151.909,8443,6/3/2015,5/26/2015,17:27:24,7,30.8,AH0,255,33.7747296,Day,F,L,A,MYSE
151.909,8443,6/3/2015,5/28/2015,17:27:25,7,30,AH0,100,32.45,Day,F,L,A,MYSE
151.909,8443,6/3/2015,5/28/2015,17:27:27,7,30,AH0,97,32.45,Day,F,L,A,MYSE
151.909,8443,6/3/2015,5/25/2015,17:27:28,7,30,AH0,249,32.45,Day,F,L,A,MYSE
151.909,8443,6/3/2015,5/29/2015,17:27:28,7,31.6,AH0,253,34.9380768,Day,F,L,A,MYSE
151.909,8443,6/3/2015,5/28/2015,17:27:29,7,30,AH0,96,32.45,Day,F,L,A,MYSE
151.909,8443,6/3/2015,5/29/2015,17:27:29,7,31.6,AH0,253,34.9380768,Day,F,L,A,MYSE
151.909,8443,6/3/2015,5/30/2015,17:27:29,7,34,AH0,253,37.5612,Day,F,L,A,MYSE
151.909,8443,6/3/2015,5/25/2015,17:27:30,7,30,AH0,252,32.45,Day,F,L,A,MYSE
151.909,8443,6/3/2015,5/30/2015,17:27:30,7,34,AH0,253,37.5612,Day,F,L,A,MYSE
151.909,8443,6/3/2015,5/29/2015,17:27:31,7,31.6,AH0,252,34.9380768,Day,F,L,A,MYSE
151.909,8443,6/3/2015,5/25/2015,17:27:32,7,29.9,AH0,253,32.2725567,Day,F,L,A,MYSE
151.909,8443,6/3/2015,5/30/2015,17:27:32,7,34,AH0,253,37.5612,Day,F,L,A,MYSE
151.909,8443,6/3/2015,5/29/2015,17:27:33,7,31.6,AH0,254,34.9380768,Day,F,L,A,MYSE
151.909,8443,6/3/2015,5/24/2015,17:27:34,7,30.1,AH0,255,32.6247633,Day,F,L,A,MYSE
151.909,8443,6/3/2015,5/25/2015,17:27:34,7,29.9,AH0,249,32.2725567,Day,F,L,A,MYSE
151.909,8443,6/3/2015,5/30/2015,17:27:34,7,34,AH0,254,37.5612,Day,F,L,A,MYSE
151.909,8443,6/3/2015,5/24/2015,17:27:36,7,30.1,AH0,255,32.6247633,Day,F,L,A,MYSE
151.909,8443,6/3/2015,5/24/2015,17:27:38,7,30.1,AH0,255,32.6247633,Day,F,L,A,MYSE
151.909,8443,6/3/2015,5/26/2015,17:27:38,7,30.8,AH0,246,33.7747296,Day,F,L,A,MYSE
151.909,8443,6/3/2015,5/24/2015,17:27:40,7,30.2,AH0,254,32.7968664,Day,F,L,A,MYSE
151.909,8443,6/3/2015,5/26/2015,17:27:40,7,30.8,AH0,249,33.7747296,Day,F,L,A,MYSE
151.909,8443,6/3/2015,5/26/2015,17:27:42,7,30.8,AH0,241,33.7747296,Day,F,L,A,MYSE
151.909,8443,6/3/2015,5/28/2015,17:27:43,7,30,AH0,96,32.45,Day,F,L,A,MYSE
151.909,8443,6/3/2015,5/26/2015,17:27:44,7,30.8,AH0,246,33.7747296,Day,F,L,A,MYSE
151.909,8443,6/3/2015,5/28/2015,17:27:45,7,30,AH0,104,32.45,Day,F,L,A,MYSE
151.909,8443,6/3/2015,5/28/2015,17:27:47,7,30,AH0,106,32.45,Day,F,L,A,MYSE
151.909,8443,6/3/2015,5/25/2015,17:27:48,7,29.9,AH0,245,32.2725567,Day,F,L,A,MYSE
151.909,8443,6/3/2015,5/29/2015,17:27:48,7,31.6,AH0,252,34.9380768,Day,F,L,A,MYSE
151.909,8443,6/3/2015,5/30/2015,17:27:48,7,34,AH0,252,37.5612,Day,F,L,A,MYSE
151.909,8443,6/3/2015,5/28/2015,17:27:49,7,30,AH0,107,32.45,Day,F,L,A,MYSE
151.909,8443,6/3/2015,5/25/2015,17:27:50,7,29.8,AH0,246,32.0924136,Day,F,L,A,MYSE
151.909,8443,6/3/2015,5/29/2015,17:27:50,7,31.6,AH0,253,34.9380768,Day,F,L,A,MYSE
151.909,8443,6/3/2015,5/30/2015,17:27:50,7,34,AH0,253,37.5612,Day,F,L,A,MYSE
151.909,8443,6/3/2015,5/30/2015,17:27:51,7,34,AH0,253,37.5612,Day,F,L,A,MYSE
151.909,8443,6/3/2015,5/25/2015,17:27:52,7,29.8,AH0,245,32.0924136,Day,F,L,A,MYSE
151.909,8443,6/3/2015,5/29/2015,17:27:52,7,31.6,AH0,254,34.9380768,Day,F,L,A,MYSE
151.909,8443,6/3/2015,5/30/2015,17:27:53,7,34,AH0,252,37.5612,Day,F,L,A,MYSE
151.909,8443,6/3/2015,5/24/2015,17:27:54,7,30.2,AH0,255,32.7968664,Day,F,L,A,MYSE
151.909,8443,6/3/2015,5/25/2015,17:27:54,7,29.8,AH0,245,32.0924136,Day,F,L,A,MYSE
151.909,8443,6/3/2015,5/29/2015,17:27:54,7,31.6,AH0,253,34.9380768,Day,F,L,A,MYSE
151.909,8443,6/3/2015,5/30/2015,17:27:55,7,34,AH0,251,37.5612,Day,F,L,A,MYSE
151.909,8443,6/3/2015,5/24/2015,17:27:56,7,30.2,AH0,255,32.7968664,Day,F,L,A,MYSE
151.909,8443,6/3/2015,5/24/2015,17:27:58,7,30.2,AH0,255,32.7968664,Day,F,L,A,MYSE
151.909,8443,6/3/2015,5/26/2015,17:27:59,7,30.9,AH0,251,33.9287657,Day,F,L,A,MYSE
151.909,8443,6/3/2015,5/24/2015,17:28:00,7,30.2,AH0,255,32.7968664,Day,F,L,A,MYSE
151.909,8443,6/3/2015,5/26/2015,17:28:01,7,30.9,AH0,245,33.9287657,Day,F,L,A,MYSE
151.909,8443,6/3/2015,5/26/2015,17:28:03,7,30.9,AH0,253,33.9287657,Day,F,L,A,MYSE
151.909,8443,6/3/2015,5/28/2015,17:28:03,7,30,AH0,102,32.45,Day,F,L,A,MYSE
151.909,8443,6/3/2015,5/26/2015,17:28:05,7,30.9,AH0,255,33.9287657,Day,F,L,A,MYSE
151.909,8443,6/3/2015,5/28/2015,17:28:05,7,30,AH0,105,32.45,Day,F,L,A,MYSE
151.909,8443,6/3/2015,5/28/2015,17:28:07,7,30,AH0,95,32.45,Day,F,L,A,MYSE
151.909,8443,6/3/2015,5/29/2015,17:28:07,7,31.6,AH0,253,34.9380768,Day,F,L,A,MYSE
151.909,8443,6/3/2015,5/30/2015,17:28:07,7,33.9,AH0,253,37.4755127,Day,F,L,A,MYSE
151.909,8443,6/3/2015,5/25/2015,17:28:08,7,29.8,AH0,244,32.0924136,Day,F,L,A,MYSE
151.909,8443,6/3/2015,5/28/2015,17:28:09,7,30,AH0,102,32.45,Day,F,L,A,MYSE
151.909,8443,6/3/2015,5/29/2015,17:28:09,7,31.7,AH0,252,35.0726529,Day,F,L,A,MYSE
151.909,8443,6/3/2015,5/30/2015,17:28:09,7,33.9,AH0,252,37.4755127,Day,F,L,A,MYSE
151.909,8443,6/3/2015,5/25/2015,17:28:10,7,29.8,AH0,244,32.0924136,Day,F,L,A,MYSE
151.909,8443,6/3/2015,5/29/2015,17:28:11,7,31.7,AH0,253,35.0726529,Day,F,L,A,MYSE
151.909,8443,6/3/2015,5/30/2015,17:28:11,7,33.9,AH0,253,37.4755127,Day,F,L,A,MYSE
151.909,8443,6/3/2015,5/25/2015,17:28:12,7,29.8,AH0,243,32.0924136,Day,F,L,A,MYSE
151.909,8443,6/3/2015,5/29/2015,17:28:13,7,31.7,AH0,252,35.0726529,Day,F,L,A,MYSE
151.909,8443,6/3/2015,5/30/2015,17:28:13,7,33.9,AH0,254,37.4755127,Day,F,L,A,MYSE
151.909,8443,6/3/2015,5/24/2015,17:28:14,7,30.1,AH0,255,32.6247633,Day,F,L,A,MYSE
151.909,8443,6/3/2015,5/25/2015,17:28:14,7,29.8,AH0,243,32.0924136,Day,F,L,A,MYSE
151.909,8443,6/3/2015,5/30/2015,17:28:14,7,33.9,AH0,252,37.4755127,Day,F,L,A,MYSE
151.909,8443,6/3/2015,5/24/2015,17:28:16,7,30.1,AH0,255,32.6247633,Day,F,L,A,MYSE
151.909,8443,6/3/2015,5/24/2015,17:28:18,7,30.1,AH0,255,32.6247633,Day,F,L,A,MYSE
151.909,8443,6/3/2015,5/26/2015,17:28:18,7,30.7,AH0,255,33.6181719,Day,F,L,A,MYSE
151.909,8443,6/3/2015,5/24/2015,17:28:20,7,30.1,AH0,255,32.6247633,Day,F,L,A,MYSE
151.909,8443,6/3/2015,5/26/2015,17:28:20,7,30.7,AH0,255,33.6181719,Day,F,L,A,MYSE
151.909,8443,6/3/2015,5/26/2015,17:28:22,7,30.7,AH0,254,33.6181719,Day,F,L,A,MYSE
151.909,8443,6/3/2015,5/28/2015,17:28:23,7,30,AH0,99,32.45,Day,F,L,A,MYSE
151.909,8443,6/3/2015,5/26/2015,17:28:24,7,30.7,AH0,254,33.6181719,Day,F,L,A,MYSE
151.909,8443,6/3/2015,5/28/2015,17:28:25,7,30,AH0,103,32.45,Day,F,L,A,MYSE
151.909,8443,6/3/2015,5/28/2015,17:28:27,7,29.9,AH0,100,32.2725567,Day,F,L,A,MYSE
151.909,8443,6/3/2015,5/30/2015,17:28:27,7,34.1,AH0,254,37.6449993,Day,F,L,A,MYSE
151.909,8443,6/3/2015,5/25/2015,17:28:28,7,29.7,AH0,238,31.9095509,Day,F,L,A,MYSE
151.909,8443,6/3/2015,5/29/2015,17:28:28,7,31.7,AH0,253,35.0726529,Day,F,L,A,MYSE
151.909,8443,6/3/2015,5/28/2015,17:28:29,7,29.9,AH0,99,32.2725567,Day,F,L,A,MYSE
151.909,8443,6/3/2015,5/30/2015,17:28:29,7,33.9,AH0,252,37.4755127,Day,F,L,A,MYSE
151.909,8443,6/3/2015,5/25/2015,17:28:30,7,29.7,AH0,248,31.9095509,Day,F,L,A,MYSE
151.909,8443,6/3/2015,5/29/2015,17:28:30,7,31.7,AH0,253,35.0726529,Day,F,L,A,MYSE
151.909,8443,6/3/2015,5/30/2015,17:28:30,7,33.9,AH0,254,37.4755127,Day,F,L,A,MYSE
151.909,8443,6/3/2015,5/25/2015,17:28:32,7,29.7,AH0,250,31.9095509,Day,F,L,A,MYSE
151.909,8443,6/3/2015,5/29/2015,17:28:32,7,31.7,AH0,253,35.0726529,Day,F,L,A,MYSE
151.909,8443,6/3/2015,5/30/2015,17:28:32,7,33.9,AH0,254,37.4755127,Day,F,L,A,MYSE
151.909,8443,6/3/2015,5/24/2015,17:28:34,7,30.1,AH0,255,32.6247633,Day,F,L,A,MYSE
151.909,8443,6/3/2015,5/25/2015,17:28:34,7,29.7,AH0,248,31.9095509,Day,F,L,A,MYSE
151.909,8443,6/3/2015,5/29/2015,17:28:34,7,31.7,AH0,252,35.0726529,Day,F,L,A,MYSE
151.909,8443,6/3/2015,5/30/2015,17:28:34,7,33.9,AH0,253,37.4755127,Day,F,L,A,MYSE
151.909,8443,6/3/2015,5/24/2015,17:28:36,7,30.1,AH0,255,32.6247633,Day,F,L,A,MYSE
151.909,8443,6/3/2015,5/24/2015,17:28:38,7,30.1,AH0,255,32.6247633,Day,F,L,A,MYSE
151.909,8443,6/3/2015,5/26/2015,17:28:38,7,30.6,AH0,255,33.4590728,Day,F,L,A,MYSE
151.909,8443,6/3/2015,5/24/2015,17:28:40,7,30.1,AH0,255,32.6247633,Day,F,L,A,MYSE
151.909,8443,6/3/2015,5/26/2015,17:28:40,7,30.6,AH0,248,33.4590728,Day,F,L,A,MYSE
151.909,8443,6/3/2015,5/26/2015,17:28:42,7,30.6,AH0,252,33.4590728,Day,F,L,A,MYSE
151.909,8443,6/3/2015,5/28/2015,17:28:43,7,29.9,AH0,103,32.2725567,Day,F,L,A,MYSE
151.909,8443,6/3/2015,5/26/2015,17:28:44,7,30.5,AH0,246,33.2974125,Day,F,L,A,MYSE
151.909,8443,6/3/2015,5/28/2015,17:28:45,7,29.9,AH0,102,32.2725567,Day,F,L,A,MYSE
151.909,8443,6/3/2015,5/25/2015,17:28:47,7,29.9,AH0,238,32.2725567,Day,F,L,A,MYSE
151.909,8443,6/3/2015,5/28/2015,17:28:47,7,29.9,AH0,96,32.2725567,Day,F,L,A,MYSE
151.909,8443,6/3/2015,5/29/2015,17:28:47,7,31.7,AH0,252,35.0726529,Day,F,L,A,MYSE
151.909,8443,6/3/2015,5/30/2015,17:28:48,7,33.9,AH0,252,37.4755127,Day,F,L,A,MYSE
151.909,8443,6/3/2015,5/25/2015,17:28:49,7,29.9,AH0,235,32.2725567,Day,F,L,A,MYSE
151.909,8443,6/3/2015,5/28/2015,17:28:49,7,29.9,AH0,95,32.2725567,Day,F,L,A,MYSE
151.909,8443,6/3/2015,5/29/2015,17:28:49,7,31.7,AH0,252,35.0726529,Day,F,L,A,MYSE
151.909,8443,6/3/2015,5/30/2015,17:28:50,7,33.9,AH0,253,37.4755127,Day,F,L,A,MYSE
151.909,8443,6/3/2015,5/25/2015,17:28:51,7,29.9,AH0,235,32.2725567,Day,F,L,A,MYSE
151.909,8443,6/3/2015,5/29/2015,17:28:51,7,31.7,AH0,253,35.0726529,Day,F,L,A,MYSE
151.909,8443,6/3/2015,5/30/2015,17:28:52,7,33.9,AH0,251,37.4755127,Day,F,L,A,MYSE
151.909,8443,6/3/2015,5/25/2015,17:28:53,7,29.9,AH0,235,32.2725567,Day,F,L,A,MYSE
151.909,8443,6/3/2015,5/29/2015,17:28:53,7,31.7,AH0,252,35.0726529,Day,F,L,A,MYSE
151.909,8443,6/3/2015,5/30/2015,17:28:53,7,33.9,AH0,253,37.4755127,Day,F,L,A,MYSE
151.909,8443,6/3/2015,5/24/2015,17:28:54,7,30.2,AH0,255,32.7968664,Day,F,L,A,MYSE
151.909,8443,6/3/2015,5/24/2015,17:28:56,7,30.2,AH0,255,32.7968664,Day,F,L,A,MYSE
151.909,8443,6/3/2015,5/24/2015,17:28:58,7,30.2,AH0,255,32.7968664,Day,F,L,A,MYSE
151.909,8443,6/3/2015,5/26/2015,17:28:58,7,30.4,AH0,247,33.1331712,Day,F,L,A,MYSE
151.909,8443,6/3/2015,5/24/2015,17:29:00,7,30.2,AH0,255,32.7968664,Day,F,L,A,MYSE
151.909,8443,6/3/2015,5/26/2015,17:29:00,7,30.4,AH0,249,33.1331712,Day,F,L,A,MYSE
151.909,8443,6/3/2015,5/26/2015,17:29:02,7,30.4,AH0,249,33.1331712,Day,F,L,A,MYSE
151.909,8443,6/3/2015,5/28/2015,17:29:03,7,29.9,AH0,98,32.2725567,Day,F,L,A,MYSE
151.909,8443,6/3/2015,5/26/2015,17:29:04,7,30.4,AH0,248,33.1331712,Day,F,L,A,MYSE
151.909,8443,6/3/2015,5/28/2015,17:29:05,7,29.9,AH0,99,32.2725567,Day,F,L,A,MYSE
151.909,8443,6/3/2015,5/25/2015,17:29:07,7,29.9,AH0,233,32.2725567,Day,F,L,A,MYSE
151.909,8443,6/3/2015,5/28/2015,17:29:07,7,29.9,AH0,100,32.2725567,Day,F,L,A,MYSE
151.909,8443,6/3/2015,5/29/2015,17:29:08,7,31.7,AH0,252,35.0726529,Day,F,L,A,MYSE
151.909,8443,6/3/2015,5/30/2015,17:29:08,7,33.9,AH0,254,37.4755127,Day,F,L,A,MYSE
151.909,8443,6/3/2015,5/25/2015,17:29:09,7,29.9,AH0,234,32.2725567,Day,F,L,A,MYSE
151.909,8443,6/3/2015,5/28/2015,17:29:09,7,29.9,AH0,99,32.2725567,Day,F,L,A,MYSE
151.909,8443,6/3/2015,5/30/2015,17:29:09,7,33.9,AH0,252,37.4755127,Day,F,L,A,MYSE
151.909,8443,6/3/2015,5/29/2015,17:29:10,7,31.7,AH0,252,35.0726529,Day,F,L,A,MYSE
151.909,8443,6/3/2015,5/25/2015,17:29:11,7,29.9,AH0,236,32.2725567,Day,F,L,A,MYSE
151.909,8443,6/3/2015,5/30/2015,17:29:11,7,33.9,AH0,253,37.4755127,Day,F,L,A,MYSE
151.909,8443,6/3/2015,5/29/2015,17:29:12,7,31.7,AH0,252,35.0726529,Day,F,L,A,MYSE
151.909,8443,6/3/2015,5/24/2015,17:29:13,7,30.2,AH0,255,32.7968664,Day,F,L,A,MYSE
151.909,8443,6/3/2015,5/25/2015,17:29:13,7,29.9,AH0,238,32.2725567,Day,F,L,A,MYSE
151.909,8443,6/3/2015,5/30/2015,17:29:13,7,33.9,AH0,252,37.4755127,Day,F,L,A,MYSE
151.909,8443,6/3/2015,5/29/2015,17:29:14,7,31.7,AH0,253,35.0726529,Day,F,L,A,MYSE
151.909,8443,6/3/2015,5/24/2015,17:29:15,7,30.2,AH0,255,32.7968664,Day,F,L,A,MYSE
151.909,8443,6/3/2015,5/30/2015,17:29:15,7,33.9,AH0,252,37.4755127,Day,F,L,A,MYSE
151.909,8443,6/3/2015,5/24/2015,17:29:17,7,30.2,AH0,255,32.7968664,Day,F,L,A,MYSE
151.909,8443,6/3/2015,5/26/2015,17:29:17,7,30.4,AH0,240,33.1331712,Day,F,L,A,MYSE
151.909,8443,6/3/2015,5/24/2015,17:29:19,7,30.2,AH0,255,32.7968664,Day,F,L,A,MYSE
151.909,8443,6/3/2015,5/26/2015,17:29:19,7,30.4,AH0,220,33.1331712,Day,F,L,A,MYSE
151.909,8443,6/3/2015,5/26/2015,17:29:21,7,30.4,AH0,255,33.1331712,Day,F,L,A,MYSE
151.909,8443,6/3/2015,5/26/2015,17:29:23,7,30.4,AH0,255,33.1331712,Day,F,L,A,MYSE
151.909,8443,6/3/2015,5/28/2015,17:29:23,7,29.9,AH0,97,32.2725567,Day,F,L,A,MYSE
151.909,8443,6/3/2015,5/26/2015,17:29:25,7,30.4,AH0,255,33.1331712,Day,F,L,A,MYSE
151.909,8443,6/3/2015,5/28/2015,17:29:25,7,29.9,AH0,98,32.2725567,Day,F,L,A,MYSE
151.909,8443,6/3/2015,5/28/2015,17:29:27,7,29.9,AH0,97,32.2725567,Day,F,L,A,MYSE
151.909,8443,6/3/2015,5/29/2015,17:29:27,7,31.7,AH0,254,35.0726529,Day,F,L,A,MYSE
151.909,8443,6/3/2015,5/30/2015,17:29:27,7,34,AH0,253,37.5612,Day,F,L,A,MYSE
151.909,8443,6/3/2015,5/25/2015,17:29:28,7,29.9,AH0,245,32.2725567,Day,F,L,A,MYSE
151.909,8443,6/3/2015,5/28/2015,17:29:29,7,29.9,AH0,95,32.2725567,Day,F,L,A,MYSE
151.909,8443,6/3/2015,5/29/2015,17:29:29,7,31.7,AH0,253,35.0726529,Day,F,L,A,MYSE
151.909,8443,6/3/2015,5/30/2015,17:29:29,7,34,AH0,254,37.5612,Day,F,L,A,MYSE
151.909,8443,6/3/2015,5/25/2015,17:29:30,7,29.9,AH0,246,32.2725567,Day,F,L,A,MYSE
151.909,8443,6/3/2015,5/29/2015,17:29:31,7,31.7,AH0,253,35.0726529,Day,F,L,A,MYSE
151.909,8443,6/3/2015,5/30/2015,17:29:31,7,34,AH0,253,37.5612,Day,F,L,A,MYSE
151.909,8443,6/3/2015,5/25/2015,17:29:32,7,29.9,AH0,247,32.2725567,Day,F,L,A,MYSE
151.909,8443,6/3/2015,5/30/2015,17:29:32,7,34,AH0,253,37.5612,Day,F,L,A,MYSE
151.909,8443,6/3/2015,5/24/2015,17:29:33,7,30.2,AH0,255,32.7968664,Day,F,L,A,MYSE
151.909,8443,6/3/2015,5/29/2015,17:29:33,7,31.7,AH0,252,35.0726529,Day,F,L,A,MYSE
151.909,8443,6/3/2015,5/25/2015,17:29:34,7,29.9,AH0,246,32.2725567,Day,F,L,A,MYSE
151.909,8443,6/3/2015,5/29/2015,17:29:34,7,31.7,AH0,253,35.0726529,Day,F,L,A,MYSE
151.909,8443,6/3/2015,5/30/2015,17:29:34,7,34,AH0,253,37.5612,Day,F,L,A,MYSE
151.909,8443,6/3/2015,5/24/2015,17:29:35,7,30.2,AH0,255,32.7968664,Day,F,L,A,MYSE
151.909,8443,6/3/2015,5/24/2015,17:29:37,7,30.2,AH0,255,32.7968664,Day,F,L,A,MYSE
151.909,8443,6/3/2015,5/24/2015,17:29:39,7,30.3,AH0,255,32.9663291,Day,F,L,A,MYSE
151.909,8443,6/3/2015,5/26/2015,17:29:39,7,30.5,AH0,255,33.2974125,Day,F,L,A,MYSE
151.909,8443,6/3/2015,5/24/2015,17:29:41,7,30.2,AH0,255,32.7968664,Day,F,L,A,MYSE
151.909,8443,6/3/2015,5/26/2015,17:29:41,7,30.5,AH0,255,33.2974125,Day,F,L,A,MYSE
151.909,8443,6/3/2015,5/26/2015,17:29:43,7,30.4,AH0,255,33.1331712,Day,F,L,A,MYSE
151.909,8443,6/3/2015,5/28/2015,17:29:43,7,29.9,AH0,99,32.2725567,Day,F,L,A,MYSE
151.909,8443,6/3/2015,5/26/2015,17:29:45,7,30.3,AH0,255,32.9663291,Day,F,L,A,MYSE
151.909,8443,6/3/2015,5/28/2015,17:29:45,7,29.9,AH0,99,32.2725567,Day,F,L,A,MYSE
151.909,8443,6/3/2015,5/28/2015,17:29:47,7,29.9,AH0,94,32.2725567,Day,F,L,A,MYSE
151.909,8443,6/3/2015,5/25/2015,17:29:48,7,29.9,AH0,244,32.2725567,Day,F,L,A,MYSE
151.909,8443,6/3/2015,5/29/2015,17:29:48,7,31.7,AH0,253,35.0726529,Day,F,L,A,MYSE
151.909,8443,6/3/2015,5/30/2015,17:29:48,7,34,AH0,252,37.5612,Day,F,L,A,MYSE
151.909,8443,6/3/2015,5/28/2015,17:29:49,7,29.9,AH0,102,32.2725567,Day,F,L,A,MYSE
151.909,8443,6/3/2015,5/25/2015,17:29:50,7,30,AH0,243,32.45,Day,F,L,A,MYSE
151.909,8443,6/3/2015,5/29/2015,17:29:50,7,31.7,AH0,252,35.0726529,Day,F,L,A,MYSE
151.909,8443,6/3/2015,5/30/2015,17:29:50,7,34,AH0,252,37.5612,Day,F,L,A,MYSE
151.909,8443,6/3/2015,5/29/2015,17:29:51,7,31.7,AH0,253,35.0726529,Day,F,L,A,MYSE
151.909,8443,6/3/2015,5/25/2015,17:29:52,7,29.9,AH0,240,32.2725567,Day,F,L,A,MYSE
151.909,8443,6/3/2015,5/30/2015,17:29:52,7,34,AH0,253,37.5612,Day,F,L,A,MYSE
151.909,8443,6/3/2015,5/29/2015,17:29:53,7,31.7,AH0,253,35.0726529,Day,F,L,A,MYSE
151.909,8443,6/3/2015,5/30/2015,17:29:53,7,34,AH0,253,37.5612,Day,F,L,A,MYSE
151.909,8443,6/3/2015,5/25/2015,17:29:54,7,30,AH0,242,32.45,Day,F,L,A,MYSE
151.909,8443,6/3/2015,5/24/2015,17:29:55,7,30.2,AH0,255,32.7968664,Day,F,L,A,MYSE
151.909,8443,6/3/2015,5/24/2015,17:29:57,7,30.2,AH0,255,32.7968664,Day,F,L,A,MYSE
151.909,8443,6/3/2015,5/24/2015,17:29:59,7,30.2,AH0,255,32.7968664,Day,F,L,A,MYSE
151.909,8443,6/3/2015,5/26/2015,17:29:59,7,30.1,AH0,255,32.6247633,Day,F,L,A,MYSE
151.909,8443,6/3/2015,5/24/2015,17:30:01,7,30.2,AH0,255,32.7968664,Day,F,L,A,MYSE
151.909,8443,6/3/2015,5/26/2015,17:30:01,7,30.1,AH0,255,32.6247633,Day,F,L,A,MYSE
151.909,8443,6/3/2015,5/26/2015,17:30:03,7,30.2,AH0,255,32.7968664,Day,F,L,A,MYSE
151.909,8443,6/3/2015,5/28/2015,17:30:03,7,29.9,AH0,102,32.2725567,Day,F,L,A,MYSE
151.909,8443,6/3/2015,5/26/2015,17:30:05,7,30.2,AH0,255,32.7968664,Day,F,L,A,MYSE
151.909,8443,6/3/2015,5/28/2015,17:30:05,7,29.9,AH0,98,32.2725567,Day,F,L,A,MYSE
151.909,8443,6/3/2015,5/28/2015,17:30:07,7,29.9,AH0,100,32.2725567,Day,F,L,A,MYSE
151.909,8443,6/3/2015,5/29/2015,17:30:07,7,31.7,AH0,251,35.0726529,Day,F,L,A,MYSE
151.909,8443,6/3/2015,5/25/2015,17:30:08,7,30,AH0,243,32.45,Day,F,L,A,MYSE
151.909,8443,6/3/2015,5/29/2015,17:30:08,7,31.7,AH0,251,35.0726529,Day,F,L,A,MYSE
151.909,8443,6/3/2015,5/30/2015,17:30:08,7,34,AH0,253,37.5612,Day,F,L,A,MYSE
151.909,8443,6/3/2015,5/28/2015,17:30:09,7,29.9,AH0,98,32.2725567,Day,F,L,A,MYSE
151.909,8443,6/3/2015,5/30/2015,17:30:09,7,34,AH0,253,37.5612,Day,F,L,A,MYSE
151.909,8443,6/3/2015,5/25/2015,17:30:10,7,30,AH0,241,32.45,Day,F,L,A,MYSE
151.909,8443,6/3/2015,5/29/2015,17:30:10,7,31.7,AH0,252,35.0726529,Day,F,L,A,MYSE
151.909,8443,6/3/2015,5/30/2015,17:30:11,7,34,AH0,253,37.5612,Day,F,L,A,MYSE
151.909,8443,6/3/2015,5/25/2015,17:30:12,7,30,AH0,240,32.45,Day,F,L,A,MYSE
151.909,8443,6/3/2015,5/29/2015,17:30:12,7,31.7,AH0,253,35.0726529,Day,F,L,A,MYSE
151.909,8443,6/3/2015,5/30/2015,17:30:13,7,34,AH0,251,37.5612,Day,F,L,A,MYSE
151.909,8443,6/3/2015,5/25/2015,17:30:14,7,30,AH0,240,32.45,Day,F,L,A,MYSE
151.909,8443,6/3/2015,5/29/2015,17:30:14,7,31.8,AH0,253,35.2048856,Day,F,L,A,MYSE
151.909,8443,6/3/2015,5/24/2015,17:30:15,7,30.3,AH0,254,32.9663291,Day,F,L,A,MYSE
151.909,8443,6/3/2015,5/30/2015,17:30:15,7,34,AH0,254,37.5612,Day,F,L,A,MYSE
151.909,8443,6/3/2015,5/24/2015,17:30:17,7,30.3,AH0,255,32.9663291,Day,F,L,A,MYSE
151.909,8443,6/3/2015,5/26/2015,17:30:18,7,30.1,AH0,255,32.6247633,Day,F,L,A,MYSE
151.909,8443,6/3/2015,5/24/2015,17:30:19,7,30.3,AH0,255,32.9663291,Day,F,L,A,MYSE
151.909,8443,6/3/2015,5/26/2015,17:30:19,7,41,AH0,255,39.9993,Day,F,L,A,MYSE
151.909,8443,6/3/2015,5/24/2015,17:30:21,7,30.3,AH0,254,32.9663291,Day,F,L,A,MYSE
151.909,8443,6/3/2015,5/26/2015,17:30:21,7,39.5,AH0,255,39.9153375,Day,F,L,A,MYSE
151.909,8443,6/3/2015,5/26/2015,17:30:23,7,26.2,AH0,255,23.6421624,Day,F,L,A,MYSE
151.909,8443,6/3/2015,5/28/2015,17:30:23,7,29.9,AH0,100,32.2725567,Day,F,L,A,MYSE
151.909,8443,6/3/2015,5/26/2015,17:30:24,7,37.1,AH0,255,39.3792663,Day,F,L,A,MYSE
151.909,8443,6/3/2015,5/28/2015,17:30:25,7,29.9,AH0,95,32.2725567,Day,F,L,A,MYSE
151.909,8443,6/3/2015,5/28/2015,17:30:27,7,29.9,AH0,99,32.2725567,Day,F,L,A,MYSE
151.909,8443,6/3/2015,5/29/2015,17:30:27,7,31.8,AH0,250,35.2048856,Day,F,L,A,MYSE
151.909,8443,6/3/2015,5/30/2015,17:30:27,7,34.1,AH0,254,37.6449993,Day,F,L,A,MYSE
151.909,8443,6/3/2015,5/25/2015,17:30:28,7,30,AH0,239,32.45,Day,F,L,A,MYSE
151.909,8443,6/3/2015,5/28/2015,17:30:29,7,29.9,AH0,97,32.2725567,Day,F,L,A,MYSE
151.909,8443,6/3/2015,5/29/2015,17:30:29,7,31.8,AH0,253,35.2048856,Day,F,L,A,MYSE
151.909,8443,6/3/2015,5/30/2015,17:30:29,7,34.1,AH0,253,37.6449993,Day,F,L,A,MYSE
151.909,8443,6/3/2015,5/25/2015,17:30:30,7,30,AH0,242,32.45,Day,F,L,A,MYSE
151.909,8443,6/3/2015,5/29/2015,17:30:31,7,31.8,AH0,252,35.2048856,Day,F,L,A,MYSE
151.909,8443,6/3/2015,5/30/2015,17:30:31,7,34.1,AH0,251,37.6449993,Day,F,L,A,MYSE
151.909,8443,6/3/2015,5/25/2015,17:30:32,7,30,AH0,242,32.45,Day,F,L,A,MYSE
151.909,8443,6/3/2015,5/30/2015,17:30:32,7,34.1,AH0,254,37.6449993,Day,F,L,A,MYSE
151.909,8443,6/3/2015,5/29/2015,17:30:33,7,31.8,AH0,253,35.2048856,Day,F,L,A,MYSE
151.909,8443,6/3/2015,5/25/2015,17:30:34,7,30,AH0,241,32.45,Day,F,L,A,MYSE
151.909,8443,6/3/2015,5/30/2015,17:30:34,7,34.1,AH0,253,37.6449993,Day,F,L,A,MYSE
151.909,8443,6/3/2015,5/24/2015,17:30:35,7,30.3,AH0,255,32.9663291,Day,F,L,A,MYSE
151.909,8443,6/3/2015,5/24/2015,17:30:37,7,30.3,AH0,255,32.9663291,Day,F,L,A,MYSE
151.909,8443,6/3/2015,5/26/2015,17:30:37,7,65.4,AH0,255,73.2601112,Day,F,L,A,MYSE
151.909,8443,6/3/2015,5/26/2015,17:30:38,7,60.6,AH0,255,55.4179928,Day,F,L,A,MYSE
151.909,8443,6/3/2015,5/26/2015,17:30:38,7,104.5,AH0,255,784.4399625,Day,F,L,A,MYSE
151.909,8443,6/3/2015,5/24/2015,17:30:39,7,30.4,AH0,255,33.1331712,Day,F,L,A,MYSE
151.909,8443,6/3/2015,5/26/2015,17:30:40,7,118.8,AH0,255,1442.927178,Day,F,L,A,MYSE
151.909,8443,6/3/2015,5/26/2015,17:30:40,7,104.9,AH0,255,799.2337317,Day,F,L,A,MYSE
151.909,8443,6/3/2015,5/24/2015,17:30:41,7,30.3,AH0,255,32.9663291,Day,F,L,A,MYSE
151.909,8443,6/3/2015,5/28/2015,17:30:43,7,30,AH0,99,32.45,Day,F,L,A,MYSE
151.909,8443,6/3/2015,5/28/2015,17:30:45,7,30,AH0,101,32.45,Day,F,L,A,MYSE
151.909,8443,6/3/2015,5/28/2015,17:30:47,7,30,AH0,101,32.45,Day,F,L,A,MYSE
151.909,8443,6/3/2015,5/25/2015,17:30:48,7,30,AH0,242,32.45,Day,F,L,A,MYSE
151.909,8443,6/3/2015,5/29/2015,17:30:48,7,31.8,AH0,254,35.2048856,Day,F,L,A,MYSE
151.909,8443,6/3/2015,5/30/2015,17:30:48,7,34.1,AH0,253,37.6449993,Day,F,L,A,MYSE
151.909,8443,6/3/2015,5/28/2015,17:30:49,7,30,AH0,95,32.45,Day,F,L,A,MYSE
151.909,8443,6/3/2015,5/25/2015,17:30:50,7,30,AH0,242,32.45,Day,F,L,A,MYSE
151.909,8443,6/3/2015,5/29/2015,17:30:50,7,31.8,AH0,251,35.2048856,Day,F,L,A,MYSE
151.909,8443,6/3/2015,5/30/2015,17:30:50,7,34.1,AH0,253,37.6449993,Day,F,L,A,MYSE
151.909,8443,6/3/2015,5/25/2015,17:30:52,7,30,AH0,242,32.45,Day,F,L,A,MYSE
151.909,8443,6/3/2015,5/29/2015,17:30:52,7,31.8,AH0,252,35.2048856,Day,F,L,A,MYSE
151.909,8443,6/3/2015,5/30/2015,17:30:52,7,34.1,AH0,253,37.6449993,Day,F,L,A,MYSE
151.909,8443,6/3/2015,5/30/2015,17:30:53,7,34.1,AH0,254,37.6449993,Day,F,L,A,MYSE
151.909,8443,6/3/2015,5/25/2015,17:30:54,7,30,AH0,242,32.45,Day,F,L,A,MYSE
151.909,8443,6/3/2015,5/29/2015,17:30:54,7,31.8,AH0,254,35.2048856,Day,F,L,A,MYSE
151.909,8443,6/3/2015,5/24/2015,17:30:55,7,30.4,AH0,255,33.1331712,Day,F,L,A,MYSE
151.909,8443,6/3/2015,5/24/2015,17:30:57,7,30.4,AH0,255,33.1331712,Day,F,L,A,MYSE
151.909,8443,6/3/2015,5/24/2015,17:30:59,7,30.4,AH0,255,33.1331712,Day,F,L,A,MYSE
151.909,8443,6/3/2015,5/24/2015,17:31:00,7,30.4,AH0,255,33.1331712,Day,F,L,A,MYSE
151.909,8443,6/3/2015,5/26/2015,17:31:00,7,11.7,AH0,255,-64.8755671,Day,F,L,A,MYSE
151.909,8443,6/3/2015,5/26/2015,17:31:02,7,38.1,AH0,255,39.6761153,Day,F,L,A,MYSE
151.909,8443,6/3/2015,5/26/2015,17:31:03,7,89.6,AH0,255,360.0549888,Day,F,L,A,MYSE
151.909,8443,6/3/2015,5/28/2015,17:31:03,7,30,AH0,94,32.45,Day,F,L,A,MYSE
151.909,8443,6/3/2015,5/28/2015,17:31:05,7,30,AH0,97,32.45,Day,F,L,A,MYSE
151.909,8443,6/3/2015,5/28/2015,17:31:07,7,30,AH0,96,32.45,Day,F,L,A,MYSE
151.909,8443,6/3/2015,5/29/2015,17:31:07,7,31.8,AH0,254,35.2048856,Day,F,L,A,MYSE
151.909,8443,6/3/2015,5/30/2015,17:31:07,7,34.1,AH0,253,37.6449993,Day,F,L,A,MYSE
151.909,8443,6/3/2015,5/25/2015,17:31:08,7,30,AH0,242,32.45,Day,F,L,A,MYSE
151.909,8443,6/3/2015,5/28/2015,17:31:09,7,30,AH0,95,32.45,Day,F,L,A,MYSE
151.909,8443,6/3/2015,5/29/2015,17:31:09,7,31.8,AH0,252,35.2048856,Day,F,L,A,MYSE
151.909,8443,6/3/2015,5/30/2015,17:31:09,7,34.2,AH0,252,37.7269304,Day,F,L,A,MYSE
151.909,8443,6/3/2015,5/25/2015,17:31:10,7,30,AH0,240,32.45,Day,F,L,A,MYSE
151.909,8443,6/3/2015,5/29/2015,17:31:11,7,31.8,AH0,252,35.2048856,Day,F,L,A,MYSE
151.909,8443,6/3/2015,5/30/2015,17:31:11,7,34.2,AH0,254,37.7269304,Day,F,L,A,MYSE
151.909,8443,6/3/2015,5/25/2015,17:31:12,7,30,AH0,239,32.45,Day,F,L,A,MYSE
151.909,8443,6/3/2015,5/29/2015,17:31:13,7,31.8,AH0,252,35.2048856,Day,F,L,A,MYSE
151.909,8443,6/3/2015,5/30/2015,17:31:13,7,34.1,AH0,253,37.6449993,Day,F,L,A,MYSE
151.909,8443,6/3/2015,5/24/2015,17:31:14,7,30.4,AH0,255,33.1331712,Day,F,L,A,MYSE
151.909,8443,6/3/2015,5/25/2015,17:31:14,7,30,AH0,241,32.45,Day,F,L,A,MYSE
151.909,8443,6/3/2015,5/30/2015,17:31:14,7,34.2,AH0,254,37.7269304,Day,F,L,A,MYSE
151.909,8443,6/3/2015,5/24/2015,17:31:16,7,30.4,AH0,255,33.1331712,Day,F,L,A,MYSE
151.909,8443,6/3/2015,5/24/2015,17:31:18,7,30.4,AH0,255,33.1331712,Day,F,L,A,MYSE
151.909,8443,6/3/2015,5/26/2015,17:31:19,7,17,AH0,255,-20.3391,Day,F,L,A,MYSE
151.909,8443,6/3/2015,5/24/2015,17:31:20,7,30.4,AH0,255,33.1331712,Day,F,L,A,MYSE
151.909,8443,6/3/2015,5/26/2015,17:31:23,7,17,AH0,253,-20.3391,Day,F,L,A,MYSE
151.909,8443,6/3/2015,5/28/2015,17:31:23,7,30,AH0,93,32.45,Day,F,L,A,MYSE
151.909,8443,6/3/2015,5/28/2015,17:31:25,7,30,AH0,91,32.45,Day,F,L,A,MYSE
151.909,8443,6/3/2015,5/28/2015,17:31:27,7,30,AH0,92,32.45,Day,F,L,A,MYSE
151.909,8443,6/3/2015,5/25/2015,17:31:28,7,30,AH0,242,32.45,Day,F,L,A,MYSE
151.909,8443,6/3/2015,5/29/2015,17:31:28,7,31.8,AH0,252,35.2048856,Day,F,L,A,MYSE
151.909,8443,6/3/2015,5/28/2015,17:31:29,7,30,AH0,94,32.45,Day,F,L,A,MYSE
151.909,8443,6/3/2015,5/30/2015,17:31:29,7,34.1,AH0,252,37.6449993,Day,F,L,A,MYSE
151.909,8443,6/3/2015,5/25/2015,17:31:30,7,30,AH0,241,32.45,Day,F,L,A,MYSE
151.909,8443,6/3/2015,5/29/2015,17:31:30,7,31.8,AH0,253,35.2048856,Day,F,L,A,MYSE
151.909,8443,6/3/2015,5/30/2015,17:31:30,7,34.1,AH0,252,37.6449993,Day,F,L,A,MYSE
151.909,8443,6/3/2015,5/25/2015,17:31:32,7,30,AH0,241,32.45,Day,F,L,A,MYSE
151.909,8443,6/3/2015,5/29/2015,17:31:32,7,31.8,AH0,252,35.2048856,Day,F,L,A,MYSE
151.909,8443,6/3/2015,5/30/2015,17:31:32,7,34.1,AH0,252,37.6449993,Day,F,L,A,MYSE
151.909,8443,6/3/2015,5/29/2015,17:31:33,7,31.8,AH0,253,35.2048856,Day,F,L,A,MYSE
151.909,8443,6/3/2015,5/24/2015,17:31:34,7,30.5,AH0,255,33.2974125,Day,F,L,A,MYSE
151.909,8443,6/3/2015,5/25/2015,17:31:34,7,30,AH0,242,32.45,Day,F,L,A,MYSE
151.909,8443,6/3/2015,5/30/2015,17:31:34,7,34.1,AH0,253,37.6449993,Day,F,L,A,MYSE
151.909,8443,6/3/2015,5/24/2015,17:31:36,7,30.5,AH0,255,33.2974125,Day,F,L,A,MYSE
151.909,8443,6/3/2015,5/24/2015,17:31:38,7,30.5,AH0,255,33.2974125,Day,F,L,A,MYSE
151.909,8443,6/3/2015,5/24/2015,17:31:40,7,30.5,AH0,255,33.2974125,Day,F,L,A,MYSE
151.909,8443,6/3/2015,5/28/2015,17:31:43,7,30,AH0,96,32.45,Day,F,L,A,MYSE
151.909,8443,6/3/2015,5/28/2015,17:31:45,7,30,AH0,92,32.45,Day,F,L,A,MYSE
151.909,8443,6/3/2015,5/28/2015,17:31:47,7,30,AH0,95,32.45,Day,F,L,A,MYSE
151.909,8443,6/3/2015,5/29/2015,17:31:47,7,31.8,AH0,252,35.2048856,Day,F,L,A,MYSE
151.909,8443,6/3/2015,5/25/2015,17:31:48,7,30.1,AH0,243,32.6247633,Day,F,L,A,MYSE
151.909,8443,6/3/2015,5/30/2015,17:31:48,7,34.1,AH0,254,37.6449993,Day,F,L,A,MYSE
151.909,8443,6/3/2015,5/28/2015,17:31:49,7,30,AH0,96,32.45,Day,F,L,A,MYSE
151.909,8443,6/3/2015,5/29/2015,17:31:49,7,31.8,AH0,253,35.2048856,Day,F,L,A,MYSE
151.909,8443,6/3/2015,5/25/2015,17:31:50,7,30.1,AH0,242,32.6247633,Day,F,L,A,MYSE
151.909,8443,6/3/2015,5/29/2015,17:31:50,7,31.8,AH0,253,35.2048856,Day,F,L,A,MYSE
151.909,8443,6/3/2015,5/30/2015,17:31:50,7,34.1,AH0,252,37.6449993,Day,F,L,A,MYSE
151.909,8443,6/3/2015,5/30/2015,17:31:51,7,34.1,AH0,251,37.6449993,Day,F,L,A,MYSE
151.909,8443,6/3/2015,5/25/2015,17:31:52,7,30.1,AH0,241,32.6247633,Day,F,L,A,MYSE
151.909,8443,6/3/2015,5/29/2015,17:31:52,7,31.8,AH0,253,35.2048856,Day,F,L,A,MYSE
151.909,8443,6/3/2015,5/30/2015,17:31:53,7,34.1,AH0,252,37.6449993,Day,F,L,A,MYSE
151.909,8443,6/3/2015,5/24/2015,17:31:54,7,30.5,AH0,255,33.2974125,Day,F,L,A,MYSE
151.909,8443,6/3/2015,5/25/2015,17:31:54,7,30.1,AH0,240,32.6247633,Day,F,L,A,MYSE
151.909,8443,6/3/2015,5/29/2015,17:31:54,7,31.8,AH0,251,35.2048856,Day,F,L,A,MYSE
151.909,8443,6/3/2015,5/30/2015,17:31:55,7,34.1,AH0,252,37.6449993,Day,F,L,A,MYSE
151.909,8443,6/3/2015,5/24/2015,17:31:56,7,30.5,AH0,255,33.2974125,Day,F,L,A,MYSE
151.909,8443,6/3/2015,5/24/2015,17:31:58,7,30.5,AH0,255,33.2974125,Day,F,L,A,MYSE
151.909,8443,6/3/2015,5/26/2015,17:31:59,7,30.8,AH0,238,33.7747296,Day,F,L,A,MYSE
151.909,8443,6/3/2015,5/24/2015,17:32:00,7,30.5,AH0,254,33.2974125,Day,F,L,A,MYSE
151.909,8443,6/3/2015,5/26/2015,17:32:01,7,30.9,AH0,247,33.9287657,Day,F,L,A,MYSE
151.909,8443,6/3/2015,5/28/2015,17:32:02,7,30,AH0,89,32.45,Day,F,L,A,MYSE
151.909,8443,6/3/2015,5/26/2015,17:32:03,7,31,AH0,251,34.0803,Day,F,L,A,MYSE
151.909,8443,6/3/2015,5/28/2015,17:32:04,7,30,AH0,92,32.45,Day,F,L,A,MYSE
151.909,8443,6/3/2015,5/26/2015,17:32:05,7,30.9,AH0,247,33.9287657,Day,F,L,A,MYSE
151.909,8443,6/3/2015,5/28/2015,17:32:06,7,29.9,AH0,91,32.2725567,Day,F,L,A,MYSE
151.909,8443,6/3/2015,5/29/2015,17:32:07,7,31.8,AH0,252,35.2048856,Day,F,L,A,MYSE
151.909,8443,6/3/2015,5/30/2015,17:32:07,7,34,AH0,254,37.5612,Day,F,L,A,MYSE
151.909,8443,6/3/2015,5/25/2015,17:32:08,7,30.1,AH0,241,32.6247633,Day,F,L,A,MYSE
151.909,8443,6/3/2015,5/28/2015,17:32:08,7,30,AH0,92,32.45,Day,F,L,A,MYSE
151.909,8443,6/3/2015,5/29/2015,17:32:09,7,31.8,AH0,254,35.2048856,Day,F,L,A,MYSE
151.909,8443,6/3/2015,5/30/2015,17:32:09,7,34.1,AH0,254,37.6449993,Day,F,L,A,MYSE
151.909,8443,6/3/2015,5/25/2015,17:32:10,7,30.1,AH0,240,32.6247633,Day,F,L,A,MYSE
151.909,8443,6/3/2015,5/29/2015,17:32:11,7,31.9,AH0,250,35.3347947,Day,F,L,A,MYSE
151.909,8443,6/3/2015,5/30/2015,17:32:11,7,34,AH0,254,37.5612,Day,F,L,A,MYSE
151.909,8443,6/3/2015,5/25/2015,17:32:12,7,30.1,AH0,238,32.6247633,Day,F,L,A,MYSE
151.909,8443,6/3/2015,5/24/2015,17:32:13,7,30.6,AH0,255,33.4590728,Day,F,L,A,MYSE
151.909,8443,6/3/2015,5/29/2015,17:32:13,7,31.8,AH0,251,35.2048856,Day,F,L,A,MYSE
151.909,8443,6/3/2015,5/30/2015,17:32:13,7,34.1,AH0,254,37.6449993,Day,F,L,A,MYSE
151.909,8443,6/3/2015,5/25/2015,17:32:14,7,30.1,AH0,241,32.6247633,Day,F,L,A,MYSE
151.909,8443,6/3/2015,5/30/2015,17:32:14,7,34.1,AH0,254,37.6449993,Day,F,L,A,MYSE
151.909,8443,6/3/2015,5/24/2015,17:32:15,7,30.6,AH0,255,33.4590728,Day,F,L,A,MYSE
151.909,8443,6/3/2015,5/24/2015,17:32:17,7,30.6,AH0,255,33.4590728,Day,F,L,A,MYSE
151.909,8443,6/3/2015,5/26/2015,17:32:18,7,31.3,AH0,251,34.5200901,Day,F,L,A,MYSE
151.909,8443,6/3/2015,5/24/2015,17:32:19,7,30.6,AH0,255,33.4590728,Day,F,L,A,MYSE
151.909,8443,6/3/2015,5/26/2015,17:32:20,7,31.3,AH0,242,34.5200901,Day,F,L,A,MYSE
151.909,8443,6/3/2015,5/24/2015,17:32:21,7,30.6,AH0,255,33.4590728,Day,F,L,A,MYSE
151.909,8443,6/3/2015,5/26/2015,17:32:22,7,31.4,AH0,242,34.6618152,Day,F,L,A,MYSE
151.909,8443,6/3/2015,5/28/2015,17:32:22,7,29.9,AH0,96,32.2725567,Day,F,L,A,MYSE
151.909,8443,6/3/2015,5/26/2015,17:32:24,7,31.4,AH0,228,34.6618152,Day,F,L,A,MYSE
151.909,8443,6/3/2015,5/28/2015,17:32:24,7,29.9,AH0,96,32.2725567,Day,F,L,A,MYSE
151.909,8443,6/3/2015,5/28/2015,17:32:26,7,29.9,AH0,97,32.2725567,Day,F,L,A,MYSE
151.909,8443,6/3/2015,5/25/2015,17:32:27,7,30.1,AH0,237,32.6247633,Day,F,L,A,MYSE
151.909,8443,6/3/2015,5/28/2015,17:32:28,7,29.9,AH0,93,32.2725567,Day,F,L,A,MYSE
151.909,8443,6/3/2015,5/29/2015,17:32:28,7,31.9,AH0,254,35.3347947,Day,F,L,A,MYSE
151.909,8443,6/3/2015,5/30/2015,17:32:28,7,34,AH0,254,37.5612,Day,F,L,A,MYSE
151.909,8443,6/3/2015,5/25/2015,17:32:29,7,30.1,AH0,238,32.6247633,Day,F,L,A,MYSE
151.909,8443,6/3/2015,5/29/2015,17:32:30,7,31.9,AH0,253,35.3347947,Day,F,L,A,MYSE
151.909,8443,6/3/2015,5/30/2015,17:32:30,7,34,AH0,253,37.5612,Day,F,L,A,MYSE
151.909,8443,6/3/2015,5/25/2015,17:32:31,7,30.1,AH0,236,32.6247633,Day,F,L,A,MYSE
151.909,8443,6/3/2015,5/29/2015,17:32:32,7,31.9,AH0,253,35.3347947,Day,F,L,A,MYSE
151.909,8443,6/3/2015,5/30/2015,17:32:32,7,34,AH0,254,37.5612,Day,F,L,A,MYSE
151.909,8443,6/3/2015,5/25/2015,17:32:33,7,30.1,AH0,240,32.6247633,Day,F,L,A,MYSE
151.909,8443,6/3/2015,5/29/2015,17:32:34,7,31.9,AH0,253,35.3347947,Day,F,L,A,MYSE
151.909,8443,6/3/2015,5/30/2015,17:32:34,7,34,AH0,253,37.5612,Day,F,L,A,MYSE
151.909,8443,6/3/2015,5/24/2015,17:32:35,7,30.6,AH0,255,33.4590728,Day,F,L,A,MYSE
151.909,8443,6/3/2015,5/24/2015,17:32:37,7,30.6,AH0,255,33.4590728,Day,F,L,A,MYSE
151.909,8443,6/3/2015,5/26/2015,17:32:37,7,32.1,AH0,227,35.5877213,Day,F,L,A,MYSE
151.909,8443,6/3/2015,5/24/2015,17:32:39,7,30.6,AH0,255,33.4590728,Day,F,L,A,MYSE
151.909,8443,6/3/2015,5/26/2015,17:32:39,7,32.2,AH0,226,35.7107784,Day,F,L,A,MYSE
151.909,8443,6/3/2015,5/24/2015,17:32:41,7,30.6,AH0,255,33.4590728,Day,F,L,A,MYSE
151.909,8443,6/3/2015,5/26/2015,17:32:41,7,32.3,AH0,223,35.8315911,Day,F,L,A,MYSE
151.909,8443,6/3/2015,5/28/2015,17:32:42,7,29.9,AH0,93,32.2725567,Day,F,L,A,MYSE
151.909,8443,6/3/2015,5/26/2015,17:32:43,7,32.4,AH0,227,35.9501792,Day,F,L,A,MYSE
151.909,8443,6/3/2015,5/28/2015,17:32:44,7,29.9,AH0,96,32.2725567,Day,F,L,A,MYSE
151.909,8443,6/3/2015,5/26/2015,17:32:45,7,32.4,AH0,225,35.9501792,Day,F,L,A,MYSE
151.909,8443,6/3/2015,5/28/2015,17:32:46,7,29.9,AH0,95,32.2725567,Day,F,L,A,MYSE
151.909,8443,6/3/2015,5/25/2015,17:32:47,7,30.2,AH0,237,32.7968664,Day,F,L,A,MYSE
151.909,8443,6/3/2015,5/29/2015,17:32:47,7,31.9,AH0,253,35.3347947,Day,F,L,A,MYSE
151.909,8443,6/3/2015,5/28/2015,17:32:48,7,29.9,AH0,94,32.2725567,Day,F,L,A,MYSE
151.909,8443,6/3/2015,5/30/2015,17:32:48,7,34.1,AH0,253,37.6449993,Day,F,L,A,MYSE
151.909,8443,6/3/2015,5/25/2015,17:32:49,7,30.2,AH0,236,32.7968664,Day,F,L,A,MYSE
151.909,8443,6/3/2015,5/29/2015,17:32:49,7,31.9,AH0,253,35.3347947,Day,F,L,A,MYSE
151.909,8443,6/3/2015,5/30/2015,17:32:50,7,34.1,AH0,253,37.6449993,Day,F,L,A,MYSE
151.909,8443,6/3/2015,5/25/2015,17:32:51,7,30.2,AH0,236,32.7968664,Day,F,L,A,MYSE
151.909,8443,6/3/2015,5/29/2015,17:32:51,7,31.9,AH0,252,35.3347947,Day,F,L,A,MYSE
151.909,8443,6/3/2015,5/30/2015,17:32:51,7,34.1,AH0,253,37.6449993,Day,F,L,A,MYSE
151.909,8443,6/3/2015,5/25/2015,17:32:53,7,30.2,AH0,236,32.7968664,Day,F,L,A,MYSE
151.909,8443,6/3/2015,5/29/2015,17:32:53,7,31.9,AH0,251,35.3347947,Day,F,L,A,MYSE
151.909,8443,6/3/2015,5/30/2015,17:32:53,7,34.1,AH0,253,37.6449993,Day,F,L,A,MYSE
151.909,8443,6/3/2015,5/29/2015,17:32:54,7,31.9,AH0,252,35.3347947,Day,F,L,A,MYSE
151.909,8443,6/3/2015,5/24/2015,17:32:55,7,30.6,AH0,255,33.4590728,Day,F,L,A,MYSE
151.909,8443,6/3/2015,5/30/2015,17:32:55,7,34.1,AH0,253,37.6449993,Day,F,L,A,MYSE
151.909,8443,6/3/2015,5/24/2015,17:32:57,7,30.6,AH0,255,33.4590728,Day,F,L,A,MYSE
151.909,8443,6/3/2015,5/24/2015,17:32:58,7,30.6,AH0,255,33.4590728,Day,F,L,A,MYSE
151.909,8443,6/3/2015,5/26/2015,17:32:58,7,32.8,AH0,229,36.4026816,Day,F,L,A,MYSE
151.909,8443,6/3/2015,5/26/2015,17:32:59,7,32.9,AH0,228,36.5104437,Day,F,L,A,MYSE
151.909,8443,6/3/2015,5/24/2015,17:33:00,7,30.6,AH0,255,33.4590728,Day,F,L,A,MYSE
151.909,8443,6/3/2015,5/26/2015,17:33:01,7,32.9,AH0,228,36.5104437,Day,F,L,A,MYSE
151.909,8443,6/3/2015,5/28/2015,17:33:02,7,29.9,AH0,95,32.2725567,Day,F,L,A,MYSE
151.909,8443,6/3/2015,5/26/2015,17:33:03,7,32.9,AH0,227,36.5104437,Day,F,L,A,MYSE
151.909,8443,6/3/2015,5/28/2015,17:33:04,7,29.9,AH0,99,32.2725567,Day,F,L,A,MYSE
151.909,8443,6/3/2015,5/26/2015,17:33:05,7,33,AH0,229,36.6161,Day,F,L,A,MYSE
151.909,8443,6/3/2015,5/28/2015,17:33:06,7,29.9,AH0,96,32.2725567,Day,F,L,A,MYSE
151.909,8443,6/3/2015,5/25/2015,17:33:07,7,30.2,AH0,236,32.7968664,Day,F,L,A,MYSE
151.909,8443,6/3/2015,5/30/2015,17:33:07,7,34.1,AH0,254,37.6449993,Day,F,L,A,MYSE
151.909,8443,6/3/2015,5/28/2015,17:33:08,7,29.9,AH0,98,32.2725567,Day,F,L,A,MYSE
151.909,8443,6/3/2015,5/29/2015,17:33:08,7,31.9,AH0,250,35.3347947,Day,F,L,A,MYSE
151.909,8443,6/3/2015,5/25/2015,17:33:09,7,30.2,AH0,238,32.7968664,Day,F,L,A,MYSE
151.909,8443,6/3/2015,5/30/2015,17:33:09,7,34.1,AH0,253,37.6449993,Day,F,L,A,MYSE
151.909,8443,6/3/2015,5/29/2015,17:33:10,7,31.9,AH0,251,35.3347947,Day,F,L,A,MYSE
151.909,8443,6/3/2015,5/25/2015,17:33:11,7,30.2,AH0,238,32.7968664,Day,F,L,A,MYSE
151.909,8443,6/3/2015,5/29/2015,17:33:11,7,31.9,AH0,247,35.3347947,Day,F,L,A,MYSE
151.909,8443,6/3/2015,5/30/2015,17:33:11,7,34.1,AH0,254,37.6449993,Day,F,L,A,MYSE
151.909,8443,6/3/2015,5/30/2015,17:33:12,7,34.1,AH0,253,37.6449993,Day,F,L,A,MYSE
151.909,8443,6/3/2015,5/25/2015,17:33:13,7,30.2,AH0,237,32.7968664,Day,F,L,A,MYSE
151.909,8443,6/3/2015,5/29/2015,17:33:13,7,31.9,AH0,250,35.3347947,Day,F,L,A,MYSE
151.909,8443,6/3/2015,5/24/2015,17:33:14,7,30.7,AH0,255,33.6181719,Day,F,L,A,MYSE
151.909,8443,6/3/2015,5/30/2015,17:33:14,7,34.1,AH0,253,37.6449993,Day,F,L,A,MYSE
151.909,8443,6/3/2015,5/24/2015,17:33:16,7,30.7,AH0,255,33.6181719,Day,F,L,A,MYSE
151.909,8443,6/3/2015,5/24/2015,17:33:18,7,30.7,AH0,255,33.6181719,Day,F,L,A,MYSE
151.909,8443,6/3/2015,5/26/2015,17:33:18,7,33.2,AH0,231,36.8211744,Day,F,L,A,MYSE
151.909,8443,6/3/2015,5/26/2015,17:33:19,7,33.2,AH0,230,36.8211744,Day,F,L,A,MYSE
151.909,8443,6/3/2015,5/24/2015,17:33:20,7,30.7,AH0,255,33.6181719,Day,F,L,A,MYSE
151.909,8443,6/3/2015,5/26/2015,17:33:21,7,33.2,AH0,231,36.8211744,Day,F,L,A,MYSE
151.909,8443,6/3/2015,5/28/2015,17:33:22,7,29.9,AH0,99,32.2725567,Day,F,L,A,MYSE
151.909,8443,6/3/2015,5/26/2015,17:33:23,7,33.3,AH0,231,36.9206321,Day,F,L,A,MYSE
151.909,8443,6/3/2015,5/28/2015,17:33:24,7,29.9,AH0,93,32.2725567,Day,F,L,A,MYSE
151.909,8443,6/3/2015,5/26/2015,17:33:25,7,33.3,AH0,230,36.9206321,Day,F,L,A,MYSE
151.909,8443,6/3/2015,5/28/2015,17:33:26,7,29.9,AH0,98,32.2725567,Day,F,L,A,MYSE
151.909,8443,6/3/2015,5/29/2015,17:33:26,7,32.2,AH0,249,35.7107784,Day,F,L,A,MYSE
151.909,8443,6/3/2015,5/25/2015,17:33:27,7,30.2,AH0,237,32.7968664,Day,F,L,A,MYSE
151.909,8443,6/3/2015,5/28/2015,17:33:28,7,29.9,AH0,93,32.2725567,Day,F,L,A,MYSE
151.909,8443,6/3/2015,5/29/2015,17:33:28,7,32,AH0,250,35.4624,Day,F,L,A,MYSE
151.909,8443,6/3/2015,5/30/2015,17:33:28,7,34.1,AH0,252,37.6449993,Day,F,L,A,MYSE
151.909,8443,6/3/2015,5/25/2015,17:33:29,7,30.2,AH0,238,32.7968664,Day,F,L,A,MYSE
151.909,8443,6/3/2015,5/29/2015,17:33:30,7,32,AH0,250,35.4624,Day,F,L,A,MYSE
151.909,8443,6/3/2015,5/30/2015,17:33:30,7,34.1,AH0,254,37.6449993,Day,F,L,A,MYSE
151.909,8443,6/3/2015,5/25/2015,17:33:31,7,30.2,AH0,236,32.7968664,Day,F,L,A,MYSE
151.909,8443,6/3/2015,5/29/2015,17:33:32,7,32,AH0,249,35.4624,Day,F,L,A,MYSE
151.909,8443,6/3/2015,5/30/2015,17:33:32,7,34.1,AH0,252,37.6449993,Day,F,L,A,MYSE
151.909,8443,6/3/2015,5/25/2015,17:33:33,7,30.2,AH0,238,32.7968664,Day,F,L,A,MYSE
151.909,8443,6/3/2015,5/24/2015,17:33:34,7,30.7,AH0,255,33.6181719,Day,F,L,A,MYSE
151.909,8443,6/3/2015,5/29/2015,17:33:34,7,32,AH0,252,35.4624,Day,F,L,A,MYSE
151.909,8443,6/3/2015,5/30/2015,17:33:34,7,34.1,AH0,254,37.6449993,Day,F,L,A,MYSE
151.909,8443,6/3/2015,5/24/2015,17:33:36,7,30.7,AH0,255,33.6181719,Day,F,L,A,MYSE
151.909,8443,6/3/2015,5/26/2015,17:33:37,7,33.4,AH0,234,37.0180632,Day,F,L,A,MYSE
151.909,8443,6/3/2015,5/24/2015,17:33:38,7,30.7,AH0,255,33.6181719,Day,F,L,A,MYSE
151.909,8443,6/3/2015,5/26/2015,17:33:39,7,33.5,AH0,235,37.1134875,Day,F,L,A,MYSE
151.909,8443,6/3/2015,5/24/2015,17:33:40,7,30.7,AH0,254,33.6181719,Day,F,L,A,MYSE
151.909,8443,6/3/2015,5/26/2015,17:33:41,7,33.5,AH0,232,37.1134875,Day,F,L,A,MYSE
151.909,8443,6/3/2015,5/26/2015,17:33:43,7,33.5,AH0,233,37.1134875,Day,F,L,A,MYSE
151.909,8443,6/3/2015,5/28/2015,17:33:43,7,29.9,AH0,90,32.2725567,Day,F,L,A,MYSE
151.909,8443,6/3/2015,5/26/2015,17:33:45,7,33.5,AH0,231,37.1134875,Day,F,L,A,MYSE
151.909,8443,6/3/2015,5/28/2015,17:33:45,7,29.9,AH0,93,32.2725567,Day,F,L,A,MYSE
151.909,8443,6/3/2015,5/25/2015,17:33:47,7,30.2,AH0,235,32.7968664,Day,F,L,A,MYSE
151.909,8443,6/3/2015,5/28/2015,17:33:47,7,29.9,AH0,99,32.2725567,Day,F,L,A,MYSE
151.909,8443,6/3/2015,5/29/2015,17:33:47,7,32,AH0,253,35.4624,Day,F,L,A,MYSE
151.909,8443,6/3/2015,5/30/2015,17:33:48,7,34.1,AH0,253,37.6449993,Day,F,L,A,MYSE
151.909,8443,6/3/2015,5/25/2015,17:33:49,7,30.2,AH0,238,32.7968664,Day,F,L,A,MYSE
151.909,8443,6/3/2015,5/28/2015,17:33:49,7,29.9,AH0,95,32.2725567,Day,F,L,A,MYSE
151.909,8443,6/3/2015,5/29/2015,17:33:49,7,32,AH0,252,35.4624,Day,F,L,A,MYSE
151.909,8443,6/3/2015,5/30/2015,17:33:49,7,34.1,AH0,254,37.6449993,Day,F,L,A,MYSE
151.909,8443,6/3/2015,5/25/2015,17:33:51,7,30.2,AH0,237,32.7968664,Day,F,L,A,MYSE
151.909,8443,6/3/2015,5/29/2015,17:33:51,7,32,AH0,242,35.4624,Day,F,L,A,MYSE
151.909,8443,6/3/2015,5/30/2015,17:33:51,7,34.1,AH0,252,37.6449993,Day,F,L,A,MYSE
151.909,8443,6/3/2015,5/24/2015,17:33:53,7,31,AH0,255,34.0803,Day,F,L,A,MYSE
151.909,8443,6/3/2015,5/25/2015,17:33:53,7,30.2,AH0,237,32.7968664,Day,F,L,A,MYSE
151.909,8443,6/3/2015,5/29/2015,17:33:53,7,32,AH0,237,35.4624,Day,F,L,A,MYSE
151.909,8443,6/3/2015,5/30/2015,17:33:53,7,34.1,AH0,253,37.6449993,Day,F,L,A,MYSE
151.909,8443,6/3/2015,5/24/2015,17:33:55,7,30.8,AH0,255,33.7747296,Day,F,L,A,MYSE
151.909,8443,6/3/2015,5/30/2015,17:33:55,7,34.1,AH0,252,37.6449993,Day,F,L,A,MYSE
151.909,8443,6/3/2015,5/24/2015,17:33:57,7,30.8,AH0,255,33.7747296,Day,F,L,A,MYSE
151.909,8443,6/3/2015,5/26/2015,17:33:57,7,33.6,AH0,233,37.2069248,Day,F,L,A,MYSE
151.909,8443,6/3/2015,5/24/2015,17:33:59,7,30.8,AH0,255,33.7747296,Day,F,L,A,MYSE
151.909,8443,6/3/2015,5/26/2015,17:33:59,7,33.6,AH0,234,37.2069248,Day,F,L,A,MYSE
151.909,8443,6/3/2015,5/24/2015,17:34:01,7,30.8,AH0,255,33.7747296,Day,F,L,A,MYSE
151.909,8443,6/3/2015,5/26/2015,17:34:01,7,33.7,AH0,233,37.2983949,Day,F,L,A,MYSE
151.909,8443,6/3/2015,5/26/2015,17:34:02,7,33.7,AH0,231,37.2983949,Day,F,L,A,MYSE
151.909,8443,6/3/2015,5/28/2015,17:34:03,7,29.9,AH0,93,32.2725567,Day,F,L,A,MYSE
151.909,8443,6/3/2015,5/26/2015,17:34:04,7,33.7,AH0,228,37.2983949,Day,F,L,A,MYSE
151.909,8443,6/3/2015,5/28/2015,17:34:05,7,29.9,AH0,94,32.2725567,Day,F,L,A,MYSE
151.909,8443,6/3/2015,5/25/2015,17:34:07,7,30.2,AH0,238,32.7968664,Day,F,L,A,MYSE
151.909,8443,6/3/2015,5/28/2015,17:34:07,7,29.9,AH0,96,32.2725567,Day,F,L,A,MYSE
151.909,8443,6/3/2015,5/30/2015,17:34:07,7,34.1,AH0,254,37.6449993,Day,F,L,A,MYSE
151.909,8443,6/3/2015,5/29/2015,17:34:08,7,32,AH0,231,35.4624,Day,F,L,A,MYSE
151.909,8443,6/3/2015,5/25/2015,17:34:09,7,30.2,AH0,237,32.7968664,Day,F,L,A,MYSE
151.909,8443,6/3/2015,5/28/2015,17:34:09,7,29.9,AH0,89,32.2725567,Day,F,L,A,MYSE
151.909,8443,6/3/2015,5/30/2015,17:34:09,7,34.1,AH0,252,37.6449993,Day,F,L,A,MYSE
151.909,8443,6/3/2015,5/29/2015,17:34:10,7,32,AH0,237,35.4624,Day,F,L,A,MYSE
151.909,8443,6/3/2015,5/25/2015,17:34:11,7,30.2,AH0,237,32.7968664,Day,F,L,A,MYSE
151.909,8443,6/3/2015,5/29/2015,17:34:11,7,32,AH0,235,35.4624,Day,F,L,A,MYSE
151.909,8443,6/3/2015,5/30/2015,17:34:11,7,34.1,AH0,254,37.6449993,Day,F,L,A,MYSE
151.909,8443,6/3/2015,5/30/2015,17:34:12,7,34.1,AH0,253,37.6449993,Day,F,L,A,MYSE
151.909,8443,6/3/2015,5/25/2015,17:34:13,7,30.2,AH0,238,32.7968664,Day,F,L,A,MYSE
151.909,8443,6/3/2015,5/29/2015,17:34:13,7,32,AH0,237,35.4624,Day,F,L,A,MYSE
151.909,8443,6/3/2015,5/30/2015,17:34:14,7,34.1,AH0,253,37.6449993,Day,F,L,A,MYSE
151.909,8443,6/3/2015,5/24/2015,17:34:15,7,30.8,AH0,255,33.7747296,Day,F,L,A,MYSE
151.909,8443,6/3/2015,5/24/2015,17:34:17,7,30.8,AH0,255,33.7747296,Day,F,L,A,MYSE
151.909,8443,6/3/2015,5/26/2015,17:34:18,7,33.8,AH0,234,37.3879176,Day,F,L,A,MYSE
151.909,8443,6/3/2015,5/24/2015,17:34:19,7,30.8,AH0,255,33.7747296,Day,F,L,A,MYSE
151.909,8443,6/3/2015,5/26/2015,17:34:20,7,33.8,AH0,234,37.3879176,Day,F,L,A,MYSE
151.909,8443,6/3/2015,5/24/2015,17:34:21,7,30.8,AH0,255,33.7747296,Day,F,L,A,MYSE
151.909,8443,6/3/2015,5/26/2015,17:34:22,7,33.8,AH0,233,37.3879176,Day,F,L,A,MYSE
151.909,8443,6/3/2015,5/28/2015,17:34:23,7,29.9,AH0,93,32.2725567,Day,F,L,A,MYSE
151.909,8443,6/3/2015,5/26/2015,17:34:24,7,33.8,AH0,235,37.3879176,Day,F,L,A,MYSE
151.909,8443,6/3/2015,5/28/2015,17:34:25,7,29.9,AH0,96,32.2725567,Day,F,L,A,MYSE
151.909,8443,6/3/2015,5/29/2015,17:34:26,7,32,AH0,240,35.4624,Day,F,L,A,MYSE
151.909,8443,6/3/2015,5/25/2015,17:34:27,7,30.2,AH0,236,32.7968664,Day,F,L,A,MYSE
151.909,8443,6/3/2015,5/28/2015,17:34:27,7,29.9,AH0,98,32.2725567,Day,F,L,A,MYSE
151.909,8443,6/3/2015,5/29/2015,17:34:28,7,32,AH0,249,35.4624,Day,F,L,A,MYSE
151.909,8443,6/3/2015,5/30/2015,17:34:28,7,34.1,AH0,253,37.6449993,Day,F,L,A,MYSE
151.909,8443,6/3/2015,5/25/2015,17:34:29,7,30.2,AH0,237,32.7968664,Day,F,L,A,MYSE
151.909,8443,6/3/2015,5/28/2015,17:34:29,7,29.9,AH0,100,32.2725567,Day,F,L,A,MYSE
151.909,8443,6/3/2015,5/29/2015,17:34:30,7,32,AH0,252,35.4624,Day,F,L,A,MYSE
151.909,8443,6/3/2015,5/30/2015,17:34:30,7,34.1,AH0,252,37.6449993,Day,F,L,A,MYSE
151.909,8443,6/3/2015,5/25/2015,17:34:31,7,30.2,AH0,238,32.7968664,Day,F,L,A,MYSE
151.909,8443,6/3/2015,5/29/2015,17:34:32,7,32,AH0,252,35.4624,Day,F,L,A,MYSE
151.909,8443,6/3/2015,5/30/2015,17:34:32,7,34.1,AH0,254,37.6449993,Day,F,L,A,MYSE
151.909,8443,6/3/2015,5/25/2015,17:34:33,7,30.2,AH0,236,32.7968664,Day,F,L,A,MYSE
151.909,8443,6/3/2015,5/30/2015,17:34:33,7,34.1,AH0,253,37.6449993,Day,F,L,A,MYSE
151.909,8443,6/3/2015,5/24/2015,17:34:34,7,30.8,AH0,255,33.7747296,Day,F,L,A,MYSE
151.909,8443,6/3/2015,5/29/2015,17:34:34,7,32.1,AH0,250,35.5877213,Day,F,L,A,MYSE
151.909,8443,6/3/2015,5/24/2015,17:34:36,7,30.8,AH0,255,33.7747296,Day,F,L,A,MYSE
151.909,8443,6/3/2015,5/24/2015,17:34:38,7,30.8,AH0,255,33.7747296,Day,F,L,A,MYSE
151.909,8443,6/3/2015,5/26/2015,17:34:38,7,33.8,AH0,231,37.3879176,Day,F,L,A,MYSE
151.909,8443,6/3/2015,5/24/2015,17:34:40,7,30.8,AH0,255,33.7747296,Day,F,L,A,MYSE
151.909,8443,6/3/2015,5/26/2015,17:34:40,7,33.9,AH0,227,37.4755127,Day,F,L,A,MYSE
151.909,8443,6/3/2015,5/26/2015,17:34:42,7,33.9,AH0,231,37.4755127,Day,F,L,A,MYSE
151.909,8443,6/3/2015,5/26/2015,17:34:43,7,33.9,AH0,229,37.4755127,Day,F,L,A,MYSE
151.909,8443,6/3/2015,5/28/2015,17:34:43,7,29.9,AH0,96,32.2725567,Day,F,L,A,MYSE
151.909,8443,6/3/2015,5/26/2015,17:34:45,7,33.9,AH0,227,37.4755127,Day,F,L,A,MYSE
151.909,8443,6/3/2015,5/28/2015,17:34:45,7,29.9,AH0,97,32.2725567,Day,F,L,A,MYSE
151.909,8443,6/3/2015,5/25/2015,17:34:47,7,30.3,AH0,235,32.9663291,Day,F,L,A,MYSE
151.909,8443,6/3/2015,5/28/2015,17:34:47,7,29.9,AH0,97,32.2725567,Day,F,L,A,MYSE
151.909,8443,6/3/2015,5/29/2015,17:34:47,7,32.1,AH0,251,35.5877213,Day,F,L,A,MYSE
151.909,8443,6/3/2015,5/30/2015,17:34:47,7,34.1,AH0,253,37.6449993,Day,F,L,A,MYSE
151.909,8443,6/3/2015,5/25/2015,17:34:49,7,30.3,AH0,235,32.9663291,Day,F,L,A,MYSE
151.909,8443,6/3/2015,5/28/2015,17:34:49,7,29.9,AH0,94,32.2725567,Day,F,L,A,MYSE
151.909,8443,6/3/2015,5/29/2015,17:34:49,7,32.1,AH0,252,35.5877213,Day,F,L,A,MYSE
151.909,8443,6/3/2015,5/30/2015,17:34:49,7,34.1,AH0,252,37.6449993,Day,F,L,A,MYSE
151.909,8443,6/3/2015,5/25/2015,17:34:51,7,30.3,AH0,233,32.9663291,Day,F,L,A,MYSE
151.909,8443,6/3/2015,5/29/2015,17:34:51,7,32.1,AH0,245,35.5877213,Day,F,L,A,MYSE
151.909,8443,6/3/2015,5/30/2015,17:34:51,7,34.1,AH0,253,37.6449993,Day,F,L,A,MYSE
151.909,8443,6/3/2015,5/25/2015,17:34:53,7,30.3,AH0,235,32.9663291,Day,F,L,A,MYSE
151.909,8443,6/3/2015,5/29/2015,17:34:53,7,32.1,AH0,248,35.5877213,Day,F,L,A,MYSE
151.909,8443,6/3/2015,5/30/2015,17:34:53,7,34.1,AH0,253,37.6449993,Day,F,L,A,MYSE
151.909,8443,6/3/2015,5/24/2015,17:34:54,7,30.8,AH0,255,33.7747296,Day,F,L,A,MYSE
151.909,8443,6/3/2015,5/30/2015,17:34:55,7,34.1,AH0,254,37.6449993,Day,F,L,A,MYSE
151.909,8443,6/3/2015,5/24/2015,17:34:56,7,30.8,AH0,255,33.7747296,Day,F,L,A,MYSE
151.909,8443,6/3/2015,5/24/2015,17:34:58,7,30.8,AH0,255,33.7747296,Day,F,L,A,MYSE
151.909,8443,6/3/2015,5/26/2015,17:34:58,7,33.9,AH0,230,37.4755127,Day,F,L,A,MYSE
151.909,8443,6/3/2015,5/24/2015,17:34:59,7,30.8,AH0,255,33.7747296,Day,F,L,A,MYSE
151.909,8443,6/3/2015,5/26/2015,17:34:59,7,33.9,AH0,226,37.4755127,Day,F,L,A,MYSE
151.909,8443,6/3/2015,5/26/2015,17:35:01,7,33.9,AH0,229,37.4755127,Day,F,L,A,MYSE
151.909,8443,6/3/2015,5/26/2015,17:35:03,7,33.9,AH0,228,37.4755127,Day,F,L,A,MYSE
151.909,8443,6/3/2015,5/28/2015,17:35:03,7,29.9,AH0,93,32.2725567,Day,F,L,A,MYSE
151.909,8443,6/3/2015,5/26/2015,17:35:05,7,33.9,AH0,229,37.4755127,Day,F,L,A,MYSE
151.909,8443,6/3/2015,5/28/2015,17:35:05,7,29.9,AH0,93,32.2725567,Day,F,L,A,MYSE
151.909,8443,6/3/2015,5/25/2015,17:35:06,7,30.3,AH0,233,32.9663291,Day,F,L,A,MYSE
151.909,8443,6/3/2015,5/28/2015,17:35:07,7,29.9,AH0,91,32.2725567,Day,F,L,A,MYSE
151.909,8443,6/3/2015,5/30/2015,17:35:07,7,34.1,AH0,252,37.6449993,Day,F,L,A,MYSE
151.909,8443,6/3/2015,5/25/2015,17:35:08,7,30.3,AH0,236,32.9663291,Day,F,L,A,MYSE
151.909,8443,6/3/2015,5/29/2015,17:35:08,7,32.1,AH0,241,35.5877213,Day,F,L,A,MYSE
151.909,8443,6/3/2015,5/28/2015,17:35:09,7,29.9,AH0,92,32.2725567,Day,F,L,A,MYSE
151.909,8443,6/3/2015,5/29/2015,17:35:09,7,32.1,AH0,238,35.5877213,Day,F,L,A,MYSE
151.909,8443,6/3/2015,5/30/2015,17:35:09,7,34.1,AH0,253,37.6449993,Day,F,L,A,MYSE
151.909,8443,6/3/2015,5/25/2015,17:35:10,7,30.3,AH0,236,32.9663291,Day,F,L,A,MYSE
151.909,8443,6/3/2015,5/30/2015,17:35:10,7,34.1,AH0,252,37.6449993,Day,F,L,A,MYSE
151.909,8443,6/3/2015,5/29/2015,17:35:11,7,32.1,AH0,239,35.5877213,Day,F,L,A,MYSE
151.909,8443,6/3/2015,5/25/2015,17:35:12,7,30.3,AH0,235,32.9663291,Day,F,L,A,MYSE
151.909,8443,6/3/2015,5/30/2015,17:35:12,7,34.1,AH0,252,37.6449993,Day,F,L,A,MYSE
151.909,8443,6/3/2015,5/29/2015,17:35:13,7,32.1,AH0,241,35.5877213,Day,F,L,A,MYSE
151.909,8443,6/3/2015,5/30/2015,17:35:14,7,34.1,AH0,251,37.6449993,Day,F,L,A,MYSE
151.909,8443,6/3/2015,5/24/2015,17:35:15,7,30.8,AH0,255,33.7747296,Day,F,L,A,MYSE
151.909,8443,6/3/2015,5/24/2015,17:35:17,7,30.8,AH0,255,33.7747296,Day,F,L,A,MYSE
151.909,8443,6/3/2015,5/24/2015,17:35:19,7,30.8,AH0,254,33.7747296,Day,F,L,A,MYSE
151.909,8443,6/3/2015,5/26/2015,17:35:19,7,33.9,AH0,229,37.4755127,Day,F,L,A,MYSE
151.909,8443,6/3/2015,5/24/2015,17:35:21,7,30.8,AH0,254,33.7747296,Day,F,L,A,MYSE
151.909,8443,6/3/2015,5/26/2015,17:35:21,7,33.9,AH0,230,37.4755127,Day,F,L,A,MYSE
151.909,8443,6/3/2015,5/26/2015,17:35:22,7,33.9,AH0,227,37.4755127,Day,F,L,A,MYSE
151.909,8443,6/3/2015,5/28/2015,17:35:23,7,29.9,AH0,91,32.2725567,Day,F,L,A,MYSE
151.909,8443,6/3/2015,5/26/2015,17:35:24,7,33.9,AH0,226,37.4755127,Day,F,L,A,MYSE
151.909,8443,6/3/2015,5/28/2015,17:35:25,7,29.9,AH0,92,32.2725567,Day,F,L,A,MYSE
151.909,8443,6/3/2015,5/25/2015,17:35:26,7,30.4,AH0,233,33.1331712,Day,F,L,A,MYSE
151.909,8443,6/3/2015,5/28/2015,17:35:27,7,29.9,AH0,95,32.2725567,Day,F,L,A,MYSE
151.909,8443,6/3/2015,5/25/2015,17:35:28,7,30.3,AH0,236,32.9663291,Day,F,L,A,MYSE
151.909,8443,6/3/2015,5/29/2015,17:35:28,7,32.1,AH0,241,35.5877213,Day,F,L,A,MYSE
151.909,8443,6/3/2015,5/30/2015,17:35:28,7,34.1,AH0,254,37.6449993,Day,F,L,A,MYSE
151.909,8443,6/3/2015,5/28/2015,17:35:29,7,29.9,AH0,97,32.2725567,Day,F,L,A,MYSE
151.909,8443,6/3/2015,5/25/2015,17:35:30,7,30.3,AH0,234,32.9663291,Day,F,L,A,MYSE
151.909,8443,6/3/2015,5/29/2015,17:35:30,7,32.1,AH0,238,35.5877213,Day,F,L,A,MYSE
151.909,8443,6/3/2015,5/30/2015,17:35:30,7,34.1,AH0,252,37.6449993,Day,F,L,A,MYSE
151.909,8443,6/3/2015,5/30/2015,17:35:31,7,34.1,AH0,253,37.6449993,Day,F,L,A,MYSE
151.909,8443,6/3/2015,5/25/2015,17:35:32,7,30.4,AH0,232,33.1331712,Day,F,L,A,MYSE
151.909,8443,6/3/2015,5/29/2015,17:35:32,7,32.1,AH0,245,35.5877213,Day,F,L,A,MYSE
151.909,8443,6/3/2015,5/30/2015,17:35:33,7,34.1,AH0,252,37.6449993,Day,F,L,A,MYSE
151.909,8443,6/3/2015,5/25/2015,17:35:34,7,30.4,AH0,234,33.1331712,Day,F,L,A,MYSE
151.909,8443,6/3/2015,5/29/2015,17:35:34,7,32.1,AH0,245,35.5877213,Day,F,L,A,MYSE
151.909,8443,6/3/2015,5/24/2015,17:35:35,7,30.8,AH0,255,33.7747296,Day,F,L,A,MYSE
151.909,8443,6/3/2015,5/24/2015,17:35:37,7,30.7,AH0,255,33.6181719,Day,F,L,A,MYSE
151.909,8443,6/3/2015,5/24/2015,17:35:38,7,30.8,AH0,255,33.7747296,Day,F,L,A,MYSE
151.909,8443,6/3/2015,5/26/2015,17:35:38,7,33.9,AH0,230,37.4755127,Day,F,L,A,MYSE
151.909,8443,6/3/2015,5/24/2015,17:35:40,7,30.7,AH0,255,33.6181719,Day,F,L,A,MYSE
151.909,8443,6/3/2015,5/26/2015,17:35:40,7,33.9,AH0,230,37.4755127,Day,F,L,A,MYSE
151.909,8443,6/3/2015,5/26/2015,17:35:42,7,33.9,AH0,229,37.4755127,Day,F,L,A,MYSE
151.909,8443,6/3/2015,5/28/2015,17:35:43,7,29.9,AH0,92,32.2725567,Day,F,L,A,MYSE
151.909,8443,6/3/2015,5/26/2015,17:35:44,7,33.9,AH0,229,37.4755127,Day,F,L,A,MYSE
151.909,8443,6/3/2015,5/28/2015,17:35:45,7,29.9,AH0,97,32.2725567,Day,F,L,A,MYSE
151.909,8443,6/3/2015,5/28/2015,17:35:47,7,29.9,AH0,93,32.2725567,Day,F,L,A,MYSE
151.909,8443,6/3/2015,5/29/2015,17:35:47,7,32.2,AH0,235,35.7107784,Day,F,L,A,MYSE
151.909,8443,6/3/2015,5/30/2015,17:35:47,7,34.1,AH0,253,37.6449993,Day,F,L,A,MYSE
151.909,8443,6/3/2015,5/25/2015,17:35:48,7,30.4,AH0,234,33.1331712,Day,F,L,A,MYSE
151.909,8443,6/3/2015,5/28/2015,17:35:49,7,29.9,AH0,97,32.2725567,Day,F,L,A,MYSE
151.909,8443,6/3/2015,5/29/2015,17:35:49,7,32.2,AH0,239,35.7107784,Day,F,L,A,MYSE
151.909,8443,6/3/2015,5/30/2015,17:35:49,7,34.1,AH0,254,37.6449993,Day,F,L,A,MYSE
151.909,8443,6/3/2015,5/25/2015,17:35:50,7,30.4,AH0,237,33.1331712,Day,F,L,A,MYSE
151.909,8443,6/3/2015,5/29/2015,17:35:51,7,32.2,AH0,243,35.7107784,Day,F,L,A,MYSE
151.909,8443,6/3/2015,5/30/2015,17:35:51,7,34.1,AH0,254,37.6449993,Day,F,L,A,MYSE
151.909,8443,6/3/2015,5/25/2015,17:35:52,7,30.4,AH0,237,33.1331712,Day,F,L,A,MYSE
151.909,8443,6/3/2015,5/29/2015,17:35:52,7,32.2,AH0,236,35.7107784,Day,F,L,A,MYSE
151.909,8443,6/3/2015,5/30/2015,17:35:53,7,34.1,AH0,253,37.6449993,Day,F,L,A,MYSE
151.909,8443,6/3/2015,5/24/2015,17:35:54,7,30.8,AH0,255,33.7747296,Day,F,L,A,MYSE
151.909,8443,6/3/2015,5/25/2015,17:35:54,7,30.4,AH0,236,33.1331712,Day,F,L,A,MYSE
151.909,8443,6/3/2015,5/29/2015,17:35:54,7,32.2,AH0,233,35.7107784,Day,F,L,A,MYSE
151.909,8443,6/3/2015,5/30/2015,17:35:54,7,34.1,AH0,252,37.6449993,Day,F,L,A,MYSE
151.909,8443,6/3/2015,5/24/2015,17:35:56,7,30.8,AH0,255,33.7747296,Day,F,L,A,MYSE
151.909,8443,6/3/2015,5/24/2015,17:35:58,7,30.7,AH0,255,33.6181719,Day,F,L,A,MYSE
151.909,8443,6/3/2015,5/26/2015,17:35:58,7,33.9,AH0,228,37.4755127,Day,F,L,A,MYSE
151.909,8443,6/3/2015,5/26/2015,17:35:59,7,33.9,AH0,229,37.4755127,Day,F,L,A,MYSE
151.909,8443,6/3/2015,5/24/2015,17:36:00,7,30.8,AH0,255,33.7747296,Day,F,L,A,MYSE
151.909,8443,6/3/2015,5/26/2015,17:36:01,7,33.9,AH0,230,37.4755127,Day,F,L,A,MYSE
151.909,8443,6/3/2015,5/26/2015,17:36:03,7,33.9,AH0,229,37.4755127,Day,F,L,A,MYSE
151.909,8443,6/3/2015,5/28/2015,17:36:03,7,29.9,AH0,88,32.2725567,Day,F,L,A,MYSE
151.909,8443,6/3/2015,5/26/2015,17:36:05,7,33.9,AH0,227,37.4755127,Day,F,L,A,MYSE
151.909,8443,6/3/2015,5/28/2015,17:36:05,7,29.9,AH0,89,32.2725567,Day,F,L,A,MYSE
151.909,8443,6/3/2015,5/28/2015,17:36:07,7,29.9,AH0,92,32.2725567,Day,F,L,A,MYSE
151.909,8443,6/3/2015,5/29/2015,17:36:07,7,32.2,AH0,246,35.7107784,Day,F,L,A,MYSE
151.909,8443,6/3/2015,5/25/2015,17:36:08,7,30.4,AH0,236,33.1331712,Day,F,L,A,MYSE
151.909,8443,6/3/2015,5/30/2015,17:36:08,7,34.2,AH0,254,37.7269304,Day,F,L,A,MYSE
151.909,8443,6/3/2015,5/29/2015,17:36:09,7,32.2,AH0,244,35.7107784,Day,F,L,A,MYSE
151.909,8443,6/3/2015,5/25/2015,17:36:10,7,30.4,AH0,234,33.1331712,Day,F,L,A,MYSE
151.909,8443,6/3/2015,5/30/2015,17:36:10,7,34.2,AH0,252,37.7269304,Day,F,L,A,MYSE
151.909,8443,6/3/2015,5/29/2015,17:36:11,7,32.2,AH0,246,35.7107784,Day,F,L,A,MYSE
151.909,8443,6/3/2015,5/25/2015,17:36:12,7,30.4,AH0,238,33.1331712,Day,F,L,A,MYSE
151.909,8443,6/3/2015,5/30/2015,17:36:12,7,34.2,AH0,253,37.7269304,Day,F,L,A,MYSE
151.909,8443,6/3/2015,5/29/2015,17:36:13,7,32.2,AH0,240,35.7107784,Day,F,L,A,MYSE
151.909,8443,6/3/2015,5/24/2015,17:36:14,7,30.7,AH0,255,33.6181719,Day,F,L,A,MYSE
151.909,8443,6/3/2015,5/25/2015,17:36:14,7,30.4,AH0,236,33.1331712,Day,F,L,A,MYSE
151.909,8443,6/3/2015,5/30/2015,17:36:14,7,34.2,AH0,254,37.7269304,Day,F,L,A,MYSE
151.909,8443,6/3/2015,5/24/2015,17:36:16,7,30.7,AH0,255,33.6181719,Day,F,L,A,MYSE
151.909,8443,6/3/2015,5/26/2015,17:36:17,7,33.9,AH0,228,37.4755127,Day,F,L,A,MYSE
151.909,8443,6/3/2015,5/24/2015,17:36:18,7,30.7,AH0,255,33.6181719,Day,F,L,A,MYSE
151.909,8443,6/3/2015,5/24/2015,17:36:19,7,30.7,AH0,255,33.6181719,Day,F,L,A,MYSE
151.909,8443,6/3/2015,5/26/2015,17:36:19,7,34,AH0,227,37.5612,Day,F,L,A,MYSE
151.909,8443,6/3/2015,5/26/2015,17:36:21,7,33.9,AH0,226,37.4755127,Day,F,L,A,MYSE
151.909,8443,6/3/2015,5/28/2015,17:36:21,7,29.9,AH0,97,32.2725567,Day,F,L,A,MYSE
151.909,8443,6/3/2015,5/26/2015,17:36:22,7,33.9,AH0,225,37.4755127,Day,F,L,A,MYSE
151.909,8443,6/3/2015,5/28/2015,17:36:23,7,29.9,AH0,100,32.2725567,Day,F,L,A,MYSE
151.909,8443,6/3/2015,5/26/2015,17:36:24,7,33.9,AH0,227,37.4755127,Day,F,L,A,MYSE
151.909,8443,6/3/2015,5/28/2015,17:36:25,7,29.9,AH0,97,32.2725567,Day,F,L,A,MYSE
151.909,8443,6/3/2015,5/25/2015,17:36:27,7,30.5,AH0,237,33.2974125,Day,F,L,A,MYSE
151.909,8443,6/3/2015,5/28/2015,17:36:27,7,29.9,AH0,93,32.2725567,Day,F,L,A,MYSE
151.909,8443,6/3/2015,5/30/2015,17:36:28,7,34.2,AH0,254,37.7269304,Day,F,L,A,MYSE
151.909,8443,6/3/2015,5/25/2015,17:36:29,7,30.5,AH0,234,33.2974125,Day,F,L,A,MYSE
151.909,8443,6/3/2015,5/29/2015,17:36:29,7,32.2,AH0,246,35.7107784,Day,F,L,A,MYSE
151.909,8443,6/3/2015,5/30/2015,17:36:29,7,34.2,AH0,253,37.7269304,Day,F,L,A,MYSE
151.909,8443,6/3/2015,5/25/2015,17:36:31,7,30.5,AH0,235,33.2974125,Day,F,L,A,MYSE
151.909,8443,6/3/2015,5/29/2015,17:36:31,7,32.2,AH0,244,35.7107784,Day,F,L,A,MYSE
151.909,8443,6/3/2015,5/30/2015,17:36:31,7,34.2,AH0,253,37.7269304,Day,F,L,A,MYSE
151.909,8443,6/3/2015,5/25/2015,17:36:33,7,30.5,AH0,233,33.2974125,Day,F,L,A,MYSE
151.909,8443,6/3/2015,5/29/2015,17:36:33,7,32.2,AH0,244,35.7107784,Day,F,L,A,MYSE
151.909,8443,6/3/2015,5/30/2015,17:36:33,7,34.2,AH0,252,37.7269304,Day,F,L,A,MYSE
151.909,8443,6/3/2015,5/29/2015,17:36:34,7,32.2,AH0,245,35.7107784,Day,F,L,A,MYSE
151.909,8443,6/3/2015,5/24/2015,17:36:35,7,30.7,AH0,255,33.6181719,Day,F,L,A,MYSE
151.909,8443,6/3/2015,5/30/2015,17:36:35,7,34.1,AH0,253,37.6449993,Day,F,L,A,MYSE
151.909,8443,6/3/2015,5/24/2015,17:36:37,7,30.7,AH0,255,33.6181719,Day,F,L,A,MYSE
151.909,8443,6/3/2015,5/26/2015,17:36:38,7,33.9,AH0,226,37.4755127,Day,F,L,A,MYSE
151.909,8443,6/3/2015,5/24/2015,17:36:39,7,30.7,AH0,255,33.6181719,Day,F,L,A,MYSE
151.909,8443,6/3/2015,5/26/2015,17:36:40,7,33.9,AH0,225,37.4755127,Day,F,L,A,MYSE
151.909,8443,6/3/2015,5/24/2015,17:36:41,7,30.7,AH0,255,33.6181719,Day,F,L,A,MYSE
151.909,8443,6/3/2015,5/28/2015,17:36:41,7,29.9,AH0,98,32.2725567,Day,F,L,A,MYSE
151.909,8443,6/3/2015,5/26/2015,17:36:42,7,34,AH0,228,37.5612,Day,F,L,A,MYSE
151.909,8443,6/3/2015,5/28/2015,17:36:43,7,29.9,AH0,95,32.2725567,Day,F,L,A,MYSE
151.909,8443,6/3/2015,5/26/2015,17:36:44,7,33.9,AH0,224,37.4755127,Day,F,L,A,MYSE
151.909,8443,6/3/2015,5/28/2015,17:36:45,7,29.9,AH0,90,32.2725567,Day,F,L,A,MYSE
151.909,8443,6/3/2015,5/25/2015,17:36:47,7,30.5,AH0,234,33.2974125,Day,F,L,A,MYSE
151.909,8443,6/3/2015,5/28/2015,17:36:47,7,29.9,AH0,91,32.2725567,Day,F,L,A,MYSE
151.909,8443,6/3/2015,5/30/2015,17:36:47,7,34.1,AH0,254,37.6449993,Day,F,L,A,MYSE
151.909,8443,6/3/2015,5/29/2015,17:36:48,7,32.2,AH0,245,35.7107784,Day,F,L,A,MYSE
151.909,8443,6/3/2015,5/25/2015,17:36:49,7,30.5,AH0,233,33.2974125,Day,F,L,A,MYSE
151.909,8443,6/3/2015,5/29/2015,17:36:49,7,32.2,AH0,246,35.7107784,Day,F,L,A,MYSE
151.909,8443,6/3/2015,5/30/2015,17:36:49,7,34.1,AH0,254,37.6449993,Day,F,L,A,MYSE
151.909,8443,6/3/2015,5/25/2015,17:36:51,7,30.5,AH0,235,33.2974125,Day,F,L,A,MYSE
151.909,8443,6/3/2015,5/29/2015,17:36:51,7,32.2,AH0,245,35.7107784,Day,F,L,A,MYSE
151.909,8443,6/3/2015,5/30/2015,17:36:51,7,34.1,AH0,254,37.6449993,Day,F,L,A,MYSE
151.909,8443,6/3/2015,5/30/2015,17:36:52,7,34.1,AH0,254,37.6449993,Day,F,L,A,MYSE
151.909,8443,6/3/2015,5/25/2015,17:36:53,7,30.5,AH0,235,33.2974125,Day,F,L,A,MYSE
151.909,8443,6/3/2015,5/29/2015,17:36:53,7,32.2,AH0,245,35.7107784,Day,F,L,A,MYSE
151.909,8443,6/3/2015,5/30/2015,17:36:54,7,34.1,AH0,253,37.6449993,Day,F,L,A,MYSE
151.909,8443,6/3/2015,5/24/2015,17:36:55,7,30.6,AH0,255,33.4590728,Day,F,L,A,MYSE
151.909,8443,6/3/2015,5/29/2015,17:36:55,7,32.2,AH0,245,35.7107784,Day,F,L,A,MYSE
151.909,8443,6/3/2015,5/24/2015,17:36:57,7,30.6,AH0,255,33.4590728,Day,F,L,A,MYSE
151.909,8443,6/3/2015,5/26/2015,17:36:58,7,33.9,AH0,226,37.4755127,Day,F,L,A,MYSE
151.909,8443,6/3/2015,5/24/2015,17:36:59,7,30.6,AH0,255,33.4590728,Day,F,L,A,MYSE
151.909,8443,6/3/2015,5/26/2015,17:37:00,7,33.9,AH0,227,37.4755127,Day,F,L,A,MYSE
151.909,8443,6/3/2015,5/24/2015,17:37:01,7,30.6,AH0,255,33.4590728,Day,F,L,A,MYSE
151.909,8443,6/3/2015,5/26/2015,17:37:01,7,33.9,AH0,223,37.4755127,Day,F,L,A,MYSE
151.909,8443,6/3/2015,5/28/2015,17:37:01,7,29.9,AH0,94,32.2725567,Day,F,L,A,MYSE
151.909,8443,6/3/2015,5/26/2015,17:37:03,7,33.9,AH0,228,37.4755127,Day,F,L,A,MYSE
151.909,8443,6/3/2015,5/28/2015,17:37:03,7,29.9,AH0,96,32.2725567,Day,F,L,A,MYSE
151.909,8443,6/3/2015,5/26/2015,17:37:05,7,33.9,AH0,225,37.4755127,Day,F,L,A,MYSE
151.909,8443,6/3/2015,5/28/2015,17:37:05,7,29.9,AH0,91,32.2725567,Day,F,L,A,MYSE
151.909,8443,6/3/2015,5/25/2015,17:37:07,7,30.5,AH0,235,33.2974125,Day,F,L,A,MYSE
151.909,8443,6/3/2015,5/28/2015,17:37:07,7,29.9,AH0,90,32.2725567,Day,F,L,A,MYSE
151.909,8443,6/3/2015,5/29/2015,17:37:08,7,32.2,AH0,246,35.7107784,Day,F,L,A,MYSE
151.909,8443,6/3/2015,5/30/2015,17:37:08,7,34.1,AH0,254,37.6449993,Day,F,L,A,MYSE
151.909,8443,6/3/2015,5/25/2015,17:37:09,7,30.5,AH0,235,33.2974125,Day,F,L,A,MYSE
151.909,8443,6/3/2015,5/29/2015,17:37:10,7,32.2,AH0,245,35.7107784,Day,F,L,A,MYSE
151.909,8443,6/3/2015,5/30/2015,17:37:10,7,34.1,AH0,253,37.6449993,Day,F,L,A,MYSE
151.909,8443,6/3/2015,5/25/2015,17:37:11,7,30.5,AH0,235,33.2974125,Day,F,L,A,MYSE
151.909,8443,6/3/2015,5/29/2015,17:37:12,7,32.2,AH0,244,35.7107784,Day,F,L,A,MYSE
151.909,8443,6/3/2015,5/30/2015,17:37:12,7,34.1,AH0,254,37.6449993,Day,F,L,A,MYSE
151.909,8443,6/3/2015,5/25/2015,17:37:13,7,30.5,AH0,235,33.2974125,Day,F,L,A,MYSE
151.909,8443,6/3/2015,5/30/2015,17:37:13,7,34.1,AH0,253,37.6449993,Day,F,L,A,MYSE
151.909,8443,6/3/2015,5/24/2015,17:37:14,7,30.6,AH0,254,33.4590728,Day,F,L,A,MYSE
151.909,8443,6/3/2015,5/29/2015,17:37:14,7,32.2,AH0,245,35.7107784,Day,F,L,A,MYSE
151.909,8443,6/3/2015,5/29/2015,17:37:15,7,32.2,AH0,245,35.7107784,Day,F,L,A,MYSE
151.909,8443,6/3/2015,5/24/2015,17:37:16,7,30.6,AH0,252,33.4590728,Day,F,L,A,MYSE
151.909,8443,6/3/2015,5/26/2015,17:37:17,7,33.9,AH0,229,37.4755127,Day,F,L,A,MYSE
151.909,8443,6/3/2015,5/24/2015,17:37:18,7,30.6,AH0,254,33.4590728,Day,F,L,A,MYSE
151.909,8443,6/3/2015,5/26/2015,17:37:19,7,33.9,AH0,226,37.4755127,Day,F,L,A,MYSE
151.909,8443,6/3/2015,5/24/2015,17:37:20,7,30.6,AH0,254,33.4590728,Day,F,L,A,MYSE
151.909,8443,6/3/2015,5/26/2015,17:37:21,7,33.9,AH0,226,37.4755127,Day,F,L,A,MYSE
151.909,8443,6/3/2015,5/28/2015,17:37:22,7,29.9,AH0,94,32.2725567,Day,F,L,A,MYSE
151.909,8443,6/3/2015,5/26/2015,17:37:23,7,33.9,AH0,226,37.4755127,Day,F,L,A,MYSE
151.909,8443,6/3/2015,5/26/2015,17:37:24,7,33.9,AH0,228,37.4755127,Day,F,L,A,MYSE
151.909,8443,6/3/2015,5/28/2015,17:37:24,7,29.9,AH0,93,32.2725567,Day,F,L,A,MYSE
151.909,8443,6/3/2015,5/25/2015,17:37:26,7,30.5,AH0,238,33.2974125,Day,F,L,A,MYSE
151.909,8443,6/3/2015,5/28/2015,17:37:26,7,29.9,AH0,98,32.2725567,Day,F,L,A,MYSE
151.909,8443,6/3/2015,5/30/2015,17:37:27,7,34.1,AH0,252,37.6449993,Day,F,L,A,MYSE
151.909,8443,6/3/2015,5/25/2015,17:37:28,7,30.5,AH0,235,33.2974125,Day,F,L,A,MYSE
151.909,8443,6/3/2015,5/28/2015,17:37:28,7,29.9,AH0,95,32.2725567,Day,F,L,A,MYSE
151.909,8443,6/3/2015,5/29/2015,17:37:28,7,32.2,AH0,247,35.7107784,Day,F,L,A,MYSE
151.909,8443,6/3/2015,5/30/2015,17:37:29,7,34.1,AH0,253,37.6449993,Day,F,L,A,MYSE
151.909,8443,6/3/2015,5/25/2015,17:37:30,7,30.5,AH0,237,33.2974125,Day,F,L,A,MYSE
151.909,8443,6/3/2015,5/29/2015,17:37:30,7,32.2,AH0,246,35.7107784,Day,F,L,A,MYSE
151.909,8443,6/3/2015,5/30/2015,17:37:31,7,34.1,AH0,254,37.6449993,Day,F,L,A,MYSE
151.909,8443,6/3/2015,5/25/2015,17:37:32,7,30.5,AH0,236,33.2974125,Day,F,L,A,MYSE
151.909,8443,6/3/2015,5/29/2015,17:37:32,7,32.2,AH0,245,35.7107784,Day,F,L,A,MYSE
151.909,8443,6/3/2015,5/30/2015,17:37:33,7,34.1,AH0,252,37.6449993,Day,F,L,A,MYSE
151.909,8443,6/3/2015,5/24/2015,17:37:34,7,30.5,AH0,255,33.2974125,Day,F,L,A,MYSE
151.909,8443,6/3/2015,5/29/2015,17:37:34,7,32.2,AH0,246,35.7107784,Day,F,L,A,MYSE
151.909,8443,6/3/2015,5/30/2015,17:37:34,7,34.1,AH0,254,37.6449993,Day,F,L,A,MYSE
151.909,8443,6/3/2015,5/24/2015,17:37:36,7,30.5,AH0,255,33.2974125,Day,F,L,A,MYSE
151.909,8443,6/3/2015,5/24/2015,17:37:38,7,30.5,AH0,255,33.2974125,Day,F,L,A,MYSE
151.909,8443,6/3/2015,5/26/2015,17:37:38,7,33.9,AH0,227,37.4755127,Day,F,L,A,MYSE
151.909,8443,6/3/2015,5/24/2015,17:37:40,7,30.5,AH0,255,33.2974125,Day,F,L,A,MYSE
151.909,8443,6/3/2015,5/26/2015,17:37:40,7,33.9,AH0,226,37.4755127,Day,F,L,A,MYSE
151.909,8443,6/3/2015,5/26/2015,17:37:42,7,33.9,AH0,225,37.4755127,Day,F,L,A,MYSE
151.909,8443,6/3/2015,5/28/2015,17:37:42,7,29.9,AH0,88,32.2725567,Day,F,L,A,MYSE
151.909,8443,6/3/2015,5/26/2015,17:37:44,7,33.9,AH0,226,37.4755127,Day,F,L,A,MYSE
151.909,8443,6/3/2015,5/28/2015,17:37:44,7,29.9,AH0,88,32.2725567,Day,F,L,A,MYSE
151.909,8443,6/3/2015,5/28/2015,17:37:46,7,29.9,AH0,94,32.2725567,Day,F,L,A,MYSE
151.909,8443,6/3/2015,5/30/2015,17:37:47,7,34.1,AH0,253,37.6449993,Day,F,L,A,MYSE
151.909,8443,6/3/2015,5/25/2015,17:37:48,7,30.5,AH0,236,33.2974125,Day,F,L,A,MYSE
151.909,8443,6/3/2015,5/28/2015,17:37:48,7,29.9,AH0,95,32.2725567,Day,F,L,A,MYSE
151.909,8443,6/3/2015,5/29/2015,17:37:49,7,32.2,AH0,248,35.7107784,Day,F,L,A,MYSE
151.909,8443,6/3/2015,5/30/2015,17:37:49,7,34.1,AH0,253,37.6449993,Day,F,L,A,MYSE
151.909,8443,6/3/2015,5/25/2015,17:37:50,7,30.5,AH0,234,33.2974125,Day,F,L,A,MYSE
151.909,8443,6/3/2015,5/30/2015,17:37:50,7,34.1,AH0,254,37.6449993,Day,F,L,A,MYSE
151.909,8443,6/3/2015,5/29/2015,17:37:51,7,32.2,AH0,246,35.7107784,Day,F,L,A,MYSE
151.909,8443,6/3/2015,5/25/2015,17:37:52,7,30.5,AH0,236,33.2974125,Day,F,L,A,MYSE
151.909,8443,6/3/2015,5/30/2015,17:37:52,7,34.1,AH0,253,37.6449993,Day,F,L,A,MYSE
151.909,8443,6/3/2015,5/29/2015,17:37:53,7,32.2,AH0,249,35.7107784,Day,F,L,A,MYSE
151.909,8443,6/3/2015,5/24/2015,17:37:54,7,30.5,AH0,254,33.2974125,Day,F,L,A,MYSE
151.909,8443,6/3/2015,5/25/2015,17:37:54,7,30.6,AH0,235,33.4590728,Day,F,L,A,MYSE
151.909,8443,6/3/2015,5/30/2015,17:37:54,7,34.1,AH0,254,37.6449993,Day,F,L,A,MYSE
151.909,8443,6/3/2015,5/29/2015,17:37:55,7,32.2,AH0,247,35.7107784,Day,F,L,A,MYSE
151.909,8443,6/3/2015,5/24/2015,17:37:56,7,30.5,AH0,255,33.2974125,Day,F,L,A,MYSE
151.909,8443,6/3/2015,5/24/2015,17:37:58,7,30.5,AH0,255,33.2974125,Day,F,L,A,MYSE
151.909,8443,6/3/2015,5/26/2015,17:37:58,7,33.9,AH0,227,37.4755127,Day,F,L,A,MYSE
151.909,8443,6/3/2015,5/24/2015,17:38:00,7,30.5,AH0,254,33.2974125,Day,F,L,A,MYSE
151.909,8443,6/3/2015,5/26/2015,17:38:00,7,33.9,AH0,227,37.4755127,Day,F,L,A,MYSE
151.909,8443,6/3/2015,5/26/2015,17:38:01,7,33.9,AH0,225,37.4755127,Day,F,L,A,MYSE
151.909,8443,6/3/2015,5/28/2015,17:38:02,7,29.9,AH0,96,32.2725567,Day,F,L,A,MYSE
151.909,8443,6/3/2015,5/26/2015,17:38:03,7,33.9,AH0,227,37.4755127,Day,F,L,A,MYSE
151.909,8443,6/3/2015,5/28/2015,17:38:04,7,29.9,AH0,91,32.2725567,Day,F,L,A,MYSE
151.909,8443,6/3/2015,5/26/2015,17:38:05,7,33.9,AH0,226,37.4755127,Day,F,L,A,MYSE
151.909,8443,6/3/2015,5/28/2015,17:38:06,7,29.9,AH0,96,32.2725567,Day,F,L,A,MYSE
151.909,8443,6/3/2015,5/25/2015,17:38:08,7,30.6,AH0,237,33.4590728,Day,F,L,A,MYSE
151.909,8443,6/3/2015,5/28/2015,17:38:08,7,29.9,AH0,93,32.2725567,Day,F,L,A,MYSE
151.909,8443,6/3/2015,5/29/2015,17:38:08,7,32.2,AH0,245,35.7107784,Day,F,L,A,MYSE
151.909,8443,6/3/2015,5/30/2015,17:38:08,7,34.1,AH0,252,37.6449993,Day,F,L,A,MYSE
151.909,8443,6/3/2015,5/29/2015,17:38:09,7,32.2,AH0,247,35.7107784,Day,F,L,A,MYSE
151.909,8443,6/3/2015,5/25/2015,17:38:10,7,30.6,AH0,238,33.4590728,Day,F,L,A,MYSE
151.909,8443,6/3/2015,5/30/2015,17:38:10,7,34.1,AH0,254,37.6449993,Day,F,L,A,MYSE
151.909,8443,6/3/2015,5/29/2015,17:38:11,7,32.2,AH0,247,35.7107784,Day,F,L,A,MYSE
151.909,8443,6/3/2015,5/30/2015,17:38:11,7,34.1,AH0,253,37.6449993,Day,F,L,A,MYSE
151.909,8443,6/3/2015,5/25/2015,17:38:12,7,30.6,AH0,235,33.4590728,Day,F,L,A,MYSE
151.909,8443,6/3/2015,5/24/2015,17:38:13,7,30.5,AH0,255,33.2974125,Day,F,L,A,MYSE
151.909,8443,6/3/2015,5/29/2015,17:38:13,7,32.2,AH0,248,35.7107784,Day,F,L,A,MYSE
151.909,8443,6/3/2015,5/30/2015,17:38:13,7,34.1,AH0,252,37.6449993,Day,F,L,A,MYSE
151.909,8443,6/3/2015,5/25/2015,17:38:14,7,30.6,AH0,236,33.4590728,Day,F,L,A,MYSE
151.909,8443,6/3/2015,5/24/2015,17:38:15,7,30.5,AH0,255,33.2974125,Day,F,L,A,MYSE
151.909,8443,6/3/2015,5/29/2015,17:38:15,7,32.2,AH0,247,35.7107784,Day,F,L,A,MYSE
151.909,8443,6/3/2015,5/24/2015,17:38:17,7,30.5,AH0,255,33.2974125,Day,F,L,A,MYSE
151.909,8443,6/3/2015,5/26/2015,17:38:17,7,33.9,AH0,225,37.4755127,Day,F,L,A,MYSE
151.909,8443,6/3/2015,5/24/2015,17:38:19,7,30.5,AH0,255,33.2974125,Day,F,L,A,MYSE
151.909,8443,6/3/2015,5/26/2015,17:38:19,7,33.9,AH0,226,37.4755127,Day,F,L,A,MYSE
151.909,8443,6/3/2015,5/24/2015,17:38:21,7,30.5,AH0,255,33.2974125,Day,F,L,A,MYSE
151.909,8443,6/3/2015,5/26/2015,17:38:21,7,33.9,AH0,224,37.4755127,Day,F,L,A,MYSE
151.909,8443,6/3/2015,5/28/2015,17:38:22,7,29.9,AH0,93,32.2725567,Day,F,L,A,MYSE
151.909,8443,6/3/2015,5/26/2015,17:38:23,7,33.9,AH0,227,37.4755127,Day,F,L,A,MYSE
151.909,8443,6/3/2015,5/28/2015,17:38:24,7,29.9,AH0,96,32.2725567,Day,F,L,A,MYSE
151.909,8443,6/3/2015,5/26/2015,17:38:25,7,33.9,AH0,226,37.4755127,Day,F,L,A,MYSE
151.909,8443,6/3/2015,5/28/2015,17:38:26,7,29.9,AH0,96,32.2725567,Day,F,L,A,MYSE
151.909,8443,6/3/2015,5/25/2015,17:38:27,7,30.6,AH0,239,33.4590728,Day,F,L,A,MYSE
151.909,8443,6/3/2015,5/30/2015,17:38:27,7,34.1,AH0,253,37.6449993,Day,F,L,A,MYSE
151.909,8443,6/3/2015,5/28/2015,17:38:28,7,29.9,AH0,91,32.2725567,Day,F,L,A,MYSE
151.909,8443,6/3/2015,5/29/2015,17:38:28,7,32.2,AH0,244,35.7107784,Day,F,L,A,MYSE
151.909,8443,6/3/2015,5/25/2015,17:38:29,7,30.6,AH0,236,33.4590728,Day,F,L,A,MYSE
151.909,8443,6/3/2015,5/30/2015,17:38:29,7,34.1,AH0,252,37.6449993,Day,F,L,A,MYSE
151.909,8443,6/3/2015,5/29/2015,17:38:30,7,32.2,AH0,247,35.7107784,Day,F,L,A,MYSE
151.909,8443,6/3/2015,5/25/2015,17:38:31,7,30.6,AH0,233,33.4590728,Day,F,L,A,MYSE
151.909,8443,6/3/2015,5/30/2015,17:38:31,7,34.1,AH0,254,37.6449993,Day,F,L,A,MYSE
151.909,8443,6/3/2015,5/29/2015,17:38:32,7,32.2,AH0,248,35.7107784,Day,F,L,A,MYSE
151.909,8443,6/3/2015,5/25/2015,17:38:33,7,30.6,AH0,235,33.4590728,Day,F,L,A,MYSE
151.909,8443,6/3/2015,5/30/2015,17:38:33,7,34.1,AH0,253,37.6449993,Day,F,L,A,MYSE
151.909,8443,6/3/2015,5/29/2015,17:38:34,7,32.2,AH0,252,35.7107784,Day,F,L,A,MYSE
151.909,8443,6/3/2015,5/30/2015,17:38:34,7,34.1,AH0,253,37.6449993,Day,F,L,A,MYSE
151.909,8443,6/3/2015,5/24/2015,17:38:35,7,30.5,AH0,255,33.2974125,Day,F,L,A,MYSE
151.909,8443,6/3/2015,5/24/2015,17:38:37,7,30.6,AH0,255,33.4590728,Day,F,L,A,MYSE
151.909,8443,6/3/2015,5/24/2015,17:38:39,7,30.6,AH0,255,33.4590728,Day,F,L,A,MYSE
151.909,8443,6/3/2015,5/26/2015,17:38:39,7,33.9,AH0,225,37.4755127,Day,F,L,A,MYSE
151.909,8443,6/3/2015,5/26/2015,17:38:40,7,33.9,AH0,225,37.4755127,Day,F,L,A,MYSE
151.909,8443,6/3/2015,5/24/2015,17:38:41,7,30.6,AH0,255,33.4590728,Day,F,L,A,MYSE
151.909,8443,6/3/2015,5/26/2015,17:38:42,7,33.9,AH0,227,37.4755127,Day,F,L,A,MYSE
151.909,8443,6/3/2015,5/28/2015,17:38:42,7,29.9,AH0,89,32.2725567,Day,F,L,A,MYSE
151.909,8443,6/3/2015,5/26/2015,17:38:44,7,33.8,AH0,225,37.3879176,Day,F,L,A,MYSE
151.909,8443,6/3/2015,5/28/2015,17:38:44,7,29.9,AH0,94,32.2725567,Day,F,L,A,MYSE
151.909,8443,6/3/2015,5/28/2015,17:38:46,7,29.9,AH0,93,32.2725567,Day,F,L,A,MYSE
151.909,8443,6/3/2015,5/25/2015,17:38:47,7,30.6,AH0,235,33.4590728,Day,F,L,A,MYSE
151.909,8443,6/3/2015,5/28/2015,17:38:48,7,29.9,AH0,95,32.2725567,Day,F,L,A,MYSE
151.909,8443,6/3/2015,5/30/2015,17:38:48,7,34.1,AH0,253,37.6449993,Day,F,L,A,MYSE
151.909,8443,6/3/2015,5/25/2015,17:38:49,7,30.6,AH0,235,33.4590728,Day,F,L,A,MYSE
151.909,8443,6/3/2015,5/29/2015,17:38:49,7,32.2,AH0,252,35.7107784,Day,F,L,A,MYSE
151.909,8443,6/3/2015,5/30/2015,17:38:50,7,34.1,AH0,252,37.6449993,Day,F,L,A,MYSE
151.909,8443,6/3/2015,5/25/2015,17:38:51,7,30.6,AH0,234,33.4590728,Day,F,L,A,MYSE
151.909,8443,6/3/2015,5/29/2015,17:38:51,7,32.2,AH0,252,35.7107784,Day,F,L,A,MYSE
151.909,8443,6/3/2015,5/29/2015,17:38:52,7,32.2,AH0,252,35.7107784,Day,F,L,A,MYSE
151.909,8443,6/3/2015,5/30/2015,17:38:52,7,34.1,AH0,251,37.6449993,Day,F,L,A,MYSE
151.909,8443,6/3/2015,5/25/2015,17:38:53,7,30.5,AH0,234,33.2974125,Day,F,L,A,MYSE
151.909,8443,6/3/2015,5/29/2015,17:38:54,7,32.2,AH0,252,35.7107784,Day,F,L,A,MYSE
151.909,8443,6/3/2015,5/30/2015,17:38:54,7,34.1,AH0,253,37.6449993,Day,F,L,A,MYSE
151.909,8443,6/3/2015,5/24/2015,17:38:55,7,30.6,AH0,255,33.4590728,Day,F,L,A,MYSE
151.909,8443,6/3/2015,5/24/2015,17:38:56,7,30.6,AH0,255,33.4590728,Day,F,L,A,MYSE
151.909,8443,6/3/2015,5/24/2015,17:38:58,7,30.6,AH0,255,33.4590728,Day,F,L,A,MYSE
151.909,8443,6/3/2015,5/26/2015,17:38:58,7,33.8,AH0,226,37.3879176,Day,F,L,A,MYSE
151.909,8443,6/3/2015,5/24/2015,17:39:00,7,30.6,AH0,255,33.4590728,Day,F,L,A,MYSE
151.909,8443,6/3/2015,5/26/2015,17:39:00,7,33.8,AH0,226,37.3879176,Day,F,L,A,MYSE
151.909,8443,6/3/2015,5/26/2015,17:39:02,7,33.8,AH0,227,37.3879176,Day,F,L,A,MYSE
151.909,8443,6/3/2015,5/28/2015,17:39:02,7,29.9,AH0,92,32.2725567,Day,F,L,A,MYSE
151.909,8443,6/3/2015,5/26/2015,17:39:04,7,33.8,AH0,225,37.3879176,Day,F,L,A,MYSE
151.909,8443,6/3/2015,5/28/2015,17:39:04,7,29.9,AH0,94,32.2725567,Day,F,L,A,MYSE
151.909,8443,6/3/2015,5/28/2015,17:39:06,7,29.9,AH0,90,32.2725567,Day,F,L,A,MYSE
151.909,8443,6/3/2015,5/25/2015,17:39:07,7,30.5,AH0,238,33.2974125,Day,F,L,A,MYSE
151.909,8443,6/3/2015,5/28/2015,17:39:08,7,29.9,AH0,95,32.2725567,Day,F,L,A,MYSE
151.909,8443,6/3/2015,5/30/2015,17:39:08,7,34.1,AH0,254,37.6449993,Day,F,L,A,MYSE
151.909,8443,6/3/2015,5/25/2015,17:39:09,7,30.5,AH0,237,33.2974125,Day,F,L,A,MYSE
151.909,8443,6/3/2015,5/29/2015,17:39:09,7,32.2,AH0,251,35.7107784,Day,F,L,A,MYSE
151.909,8443,6/3/2015,5/30/2015,17:39:10,7,34.1,AH0,252,37.6449993,Day,F,L,A,MYSE
151.909,8443,6/3/2015,5/25/2015,17:39:11,7,30.5,AH0,235,33.2974125,Day,F,L,A,MYSE
151.909,8443,6/3/2015,5/29/2015,17:39:11,7,32.2,AH0,252,35.7107784,Day,F,L,A,MYSE
151.909,8443,6/3/2015,5/30/2015,17:39:11,7,34.1,AH0,253,37.6449993,Day,F,L,A,MYSE
151.909,8443,6/3/2015,5/25/2015,17:39:12,7,30.5,AH0,237,33.2974125,Day,F,L,A,MYSE
151.909,8443,6/3/2015,5/29/2015,17:39:13,7,32.2,AH0,251,35.7107784,Day,F,L,A,MYSE
151.909,8443,6/3/2015,5/30/2015,17:39:13,7,34.1,AH0,252,37.6449993,Day,F,L,A,MYSE
151.909,8443,6/3/2015,5/24/2015,17:39:14,7,30.6,AH0,255,33.4590728,Day,F,L,A,MYSE
151.909,8443,6/3/2015,5/29/2015,17:39:15,7,32.2,AH0,253,35.7107784,Day,F,L,A,MYSE
151.909,8443,6/3/2015,5/30/2015,17:39:15,7,34.1,AH0,253,37.6449993,Day,F,L,A,MYSE
151.909,8443,6/3/2015,5/24/2015,17:39:16,7,30.6,AH0,255,33.4590728,Day,F,L,A,MYSE
151.909,8443,6/3/2015,5/24/2015,17:39:18,7,30.6,AH0,255,33.4590728,Day,F,L,A,MYSE
151.909,8443,6/3/2015,5/26/2015,17:39:18,7,33.8,AH0,226,37.3879176,Day,F,L,A,MYSE
151.909,8443,6/3/2015,5/26/2015,17:39:19,7,33.8,AH0,226,37.3879176,Day,F,L,A,MYSE
151.909,8443,6/3/2015,5/24/2015,17:39:20,7,30.6,AH0,254,33.4590728,Day,F,L,A,MYSE
151.909,8443,6/3/2015,5/26/2015,17:39:21,7,33.8,AH0,228,37.3879176,Day,F,L,A,MYSE
151.909,8443,6/3/2015,5/28/2015,17:39:22,7,29.9,AH0,89,32.2725567,Day,F,L,A,MYSE
151.909,8443,6/3/2015,5/26/2015,17:39:23,7,33.8,AH0,227,37.3879176,Day,F,L,A,MYSE
151.909,8443,6/3/2015,5/28/2015,17:39:24,7,29.9,AH0,94,32.2725567,Day,F,L,A,MYSE
151.909,8443,6/3/2015,5/26/2015,17:39:25,7,33.8,AH0,227,37.3879176,Day,F,L,A,MYSE
151.909,8443,6/3/2015,5/25/2015,17:39:26,7,30.5,AH0,232,33.2974125,Day,F,L,A,MYSE
151.909,8443,6/3/2015,5/28/2015,17:39:26,7,29.9,AH0,90,32.2725567,Day,F,L,A,MYSE
151.909,8443,6/3/2015,5/30/2015,17:39:27,7,34,AH0,253,37.5612,Day,F,L,A,MYSE
151.909,8443,6/3/2015,5/25/2015,17:39:28,7,30.5,AH0,232,33.2974125,Day,F,L,A,MYSE
151.909,8443,6/3/2015,5/28/2015,17:39:28,7,29.9,AH0,95,32.2725567,Day,F,L,A,MYSE
151.909,8443,6/3/2015,5/29/2015,17:39:28,7,32.2,AH0,252,35.7107784,Day,F,L,A,MYSE
151.909,8443,6/3/2015,5/30/2015,17:39:29,7,34,AH0,252,37.5612,Day,F,L,A,MYSE
151.909,8443,6/3/2015,5/25/2015,17:39:30,7,30.5,AH0,231,33.2974125,Day,F,L,A,MYSE
151.909,8443,6/3/2015,5/29/2015,17:39:30,7,32.2,AH0,252,35.7107784,Day,F,L,A,MYSE
151.909,8443,6/3/2015,5/30/2015,17:39:31,7,34,AH0,253,37.5612,Day,F,L,A,MYSE
151.909,8443,6/3/2015,5/25/2015,17:39:32,7,30.5,AH0,234,33.2974125,Day,F,L,A,MYSE
151.909,8443,6/3/2015,5/29/2015,17:39:32,7,32.2,AH0,253,35.7107784,Day,F,L,A,MYSE
151.909,8443,6/3/2015,5/30/2015,17:39:32,7,34,AH0,253,37.5612,Day,F,L,A,MYSE
151.909,8443,6/3/2015,5/29/2015,17:39:33,7,32.2,AH0,250,35.7107784,Day,F,L,A,MYSE
151.909,8443,6/3/2015,5/24/2015,17:39:34,7,30.7,AH0,255,33.6181719,Day,F,L,A,MYSE
151.909,8443,6/3/2015,5/25/2015,17:39:34,7,30.5,AH0,234,33.2974125,Day,F,L,A,MYSE
151.909,8443,6/3/2015,5/30/2015,17:39:34,7,34,AH0,253,37.5612,Day,F,L,A,MYSE
151.909,8443,6/3/2015,5/29/2015,17:39:35,7,32.2,AH0,251,35.7107784,Day,F,L,A,MYSE
151.909,8443,6/3/2015,5/24/2015,17:39:36,7,30.7,AH0,255,33.6181719,Day,F,L,A,MYSE
151.909,8443,6/3/2015,5/26/2015,17:39:37,7,33.6,AH0,228,37.2069248,Day,F,L,A,MYSE
151.909,8443,6/3/2015,5/24/2015,17:39:38,7,30.7,AH0,255,33.6181719,Day,F,L,A,MYSE
151.909,8443,6/3/2015,5/26/2015,17:39:39,7,33.6,AH0,222,37.2069248,Day,F,L,A,MYSE
151.909,8443,6/3/2015,5/24/2015,17:39:40,7,30.7,AH0,255,33.6181719,Day,F,L,A,MYSE
151.909,8443,6/3/2015,5/26/2015,17:39:41,7,33.5,AH0,221,37.1134875,Day,F,L,A,MYSE
151.909,8443,6/3/2015,5/28/2015,17:39:42,7,29.9,AH0,93,32.2725567,Day,F,L,A,MYSE
151.909,8443,6/3/2015,5/26/2015,17:39:43,7,33.5,AH0,223,37.1134875,Day,F,L,A,MYSE
151.909,8443,6/3/2015,5/26/2015,17:39:44,7,33.5,AH0,222,37.1134875,Day,F,L,A,MYSE
151.909,8443,6/3/2015,5/28/2015,17:39:44,7,29.9,AH0,93,32.2725567,Day,F,L,A,MYSE
151.909,8443,6/3/2015,5/28/2015,17:39:46,7,29.9,AH0,93,32.2725567,Day,F,L,A,MYSE
151.909,8443,6/3/2015,5/25/2015,17:39:48,7,30.5,AH0,233,33.2974125,Day,F,L,A,MYSE
151.909,8443,6/3/2015,5/28/2015,17:39:48,7,29.9,AH0,91,32.2725567,Day,F,L,A,MYSE
151.909,8443,6/3/2015,5/29/2015,17:39:48,7,32.2,AH0,249,35.7107784,Day,F,L,A,MYSE
151.909,8443,6/3/2015,5/30/2015,17:39:48,7,34,AH0,252,37.5612,Day,F,L,A,MYSE
151.909,8443,6/3/2015,5/25/2015,17:39:50,7,30.4,AH0,237,33.1331712,Day,F,L,A,MYSE
151.909,8443,6/3/2015,5/29/2015,17:39:50,7,32.2,AH0,251,35.7107784,Day,F,L,A,MYSE
151.909,8443,6/3/2015,5/30/2015,17:39:50,7,34,AH0,254,37.5612,Day,F,L,A,MYSE
151.909,8443,6/3/2015,5/25/2015,17:39:52,7,30.4,AH0,236,33.1331712,Day,F,L,A,MYSE
151.909,8443,6/3/2015,5/29/2015,17:39:52,7,32.2,AH0,251,35.7107784,Day,F,L,A,MYSE
151.909,8443,6/3/2015,5/30/2015,17:39:52,7,34,AH0,251,37.5612,Day,F,L,A,MYSE
151.909,8443,6/3/2015,5/24/2015,17:39:53,7,30.6,AH0,254,33.4590728,Day,F,L,A,MYSE
151.909,8443,6/3/2015,5/25/2015,17:39:54,7,30.4,AH0,235,33.1331712,Day,F,L,A,MYSE
151.909,8443,6/3/2015,5/29/2015,17:39:54,7,32.2,AH0,248,35.7107784,Day,F,L,A,MYSE
151.909,8443,6/3/2015,5/30/2015,17:39:54,7,34,AH0,253,37.5612,Day,F,L,A,MYSE
151.909,8443,6/3/2015,5/24/2015,17:39:55,7,30.6,AH0,255,33.4590728,Day,F,L,A,MYSE
151.909,8443,6/3/2015,5/24/2015,17:39:57,7,30.6,AH0,255,33.4590728,Day,F,L,A,MYSE
151.909,8443,6/3/2015,5/26/2015,17:39:57,7,33.4,AH0,222,37.0180632,Day,F,L,A,MYSE
151.909,8443,6/3/2015,5/24/2015,17:39:59,7,30.6,AH0,254,33.4590728,Day,F,L,A,MYSE
151.909,8443,6/3/2015,5/26/2015,17:39:59,7,33.2,AH0,218,36.8211744,Day,F,L,A,MYSE
151.909,8443,6/3/2015,5/24/2015,17:40:01,7,30.6,AH0,255,33.4590728,Day,F,L,A,MYSE
151.909,8443,6/3/2015,5/26/2015,17:40:01,7,33.2,AH0,221,36.8211744,Day,F,L,A,MYSE
151.909,8443,6/3/2015,5/26/2015,17:40:02,7,33.2,AH0,223,36.8211744,Day,F,L,A,MYSE
151.909,8443,6/3/2015,5/28/2015,17:40:02,7,29.9,AH0,104,32.2725567,Day,F,L,A,MYSE
151.909,8443,6/3/2015,5/26/2015,17:40:04,7,33.1,AH0,225,36.7196703,Day,F,L,A,MYSE
151.909,8443,6/3/2015,5/28/2015,17:40:04,7,30,AH0,102,32.45,Day,F,L,A,MYSE
151.909,8443,6/3/2015,5/28/2015,17:40:06,7,30,AH0,99,32.45,Day,F,L,A,MYSE
151.909,8443,6/3/2015,5/25/2015,17:40:08,7,30.4,AH0,239,33.1331712,Day,F,L,A,MYSE
151.909,8443,6/3/2015,5/28/2015,17:40:08,7,30,AH0,102,32.45,Day,F,L,A,MYSE
151.909,8443,6/3/2015,5/30/2015,17:40:08,7,34,AH0,254,37.5612,Day,F,L,A,MYSE
151.909,8443,6/3/2015,5/29/2015,17:40:09,7,32.2,AH0,251,35.7107784,Day,F,L,A,MYSE
151.909,8443,6/3/2015,5/30/2015,17:40:09,7,34,AH0,253,37.5612,Day,F,L,A,MYSE
151.909,8443,6/3/2015,5/25/2015,17:40:10,7,30.4,AH0,236,33.1331712,Day,F,L,A,MYSE
151.909,8443,6/3/2015,5/29/2015,17:40:11,7,32.2,AH0,251,35.7107784,Day,F,L,A,MYSE
151.909,8443,6/3/2015,5/30/2015,17:40:11,7,34,AH0,253,37.5612,Day,F,L,A,MYSE
151.909,8443,6/3/2015,5/25/2015,17:40:12,7,30.4,AH0,239,33.1331712,Day,F,L,A,MYSE
151.909,8443,6/3/2015,5/29/2015,17:40:13,7,32.2,AH0,252,35.7107784,Day,F,L,A,MYSE
151.909,8443,6/3/2015,5/30/2015,17:40:13,7,34,AH0,252,37.5612,Day,F,L,A,MYSE
151.909,8443,6/3/2015,5/25/2015,17:40:14,7,30.4,AH0,240,33.1331712,Day,F,L,A,MYSE
151.909,8443,6/3/2015,5/29/2015,17:40:14,7,32.2,AH0,250,35.7107784,Day,F,L,A,MYSE
151.909,8443,6/3/2015,5/24/2015,17:40:15,7,30.7,AH0,255,33.6181719,Day,F,L,A,MYSE
151.909,8443,6/3/2015,5/30/2015,17:40:15,7,34,AH0,253,37.5612,Day,F,L,A,MYSE
151.909,8443,6/3/2015,5/24/2015,17:40:17,7,30.7,AH0,255,33.6181719,Day,F,L,A,MYSE
151.909,8443,6/3/2015,5/24/2015,17:40:19,7,30.7,AH0,255,33.6181719,Day,F,L,A,MYSE
151.909,8443,6/3/2015,5/26/2015,17:40:19,7,33,AH0,222,36.6161,Day,F,L,A,MYSE
151.909,8443,6/3/2015,5/24/2015,17:40:21,7,30.7,AH0,255,33.6181719,Day,F,L,A,MYSE
151.909,8443,6/3/2015,5/26/2015,17:40:21,7,33,AH0,223,36.6161,Day,F,L,A,MYSE
151.909,8443,6/3/2015,5/26/2015,17:40:22,7,32.9,AH0,222,36.5104437,Day,F,L,A,MYSE
151.909,8443,6/3/2015,5/28/2015,17:40:22,7,30,AH0,103,32.45,Day,F,L,A,MYSE
151.909,8443,6/3/2015,5/26/2015,17:40:24,7,32.9,AH0,219,36.5104437,Day,F,L,A,MYSE
151.909,8443,6/3/2015,5/28/2015,17:40:24,7,30,AH0,101,32.45,Day,F,L,A,MYSE
151.909,8443,6/3/2015,5/28/2015,17:40:26,7,30,AH0,103,32.45,Day,F,L,A,MYSE
151.909,8443,6/3/2015,5/25/2015,17:40:27,7,30.4,AH0,240,33.1331712,Day,F,L,A,MYSE
151.909,8443,6/3/2015,5/29/2015,17:40:27,7,32.2,AH0,252,35.7107784,Day,F,L,A,MYSE
151.909,8443,6/3/2015,5/30/2015,17:40:27,7,34,AH0,254,37.5612,Day,F,L,A,MYSE
151.909,8443,6/3/2015,5/28/2015,17:40:28,7,30,AH0,97,32.45,Day,F,L,A,MYSE
151.909,8443,6/3/2015,5/25/2015,17:40:29,7,30.4,AH0,234,33.1331712,Day,F,L,A,MYSE
151.909,8443,6/3/2015,5/29/2015,17:40:29,7,32.2,AH0,251,35.7107784,Day,F,L,A,MYSE
151.909,8443,6/3/2015,5/30/2015,17:40:29,7,34,AH0,253,37.5612,Day,F,L,A,MYSE
151.909,8443,6/3/2015,5/25/2015,17:40:31,7,30.4,AH0,237,33.1331712,Day,F,L,A,MYSE
151.909,8443,6/3/2015,5/29/2015,17:40:31,7,32.2,AH0,252,35.7107784,Day,F,L,A,MYSE
151.909,8443,6/3/2015,5/30/2015,17:40:31,7,34,AH0,253,37.5612,Day,F,L,A,MYSE
151.909,8443,6/3/2015,5/30/2015,17:40:32,7,34,AH0,252,37.5612,Day,F,L,A,MYSE
151.909,8443,6/3/2015,5/25/2015,17:40:33,7,30.4,AH0,237,33.1331712,Day,F,L,A,MYSE
151.909,8443,6/3/2015,5/29/2015,17:40:33,7,32.2,AH0,251,35.7107784,Day,F,L,A,MYSE
151.909,8443,6/3/2015,5/24/2015,17:40:34,7,30.7,AH0,255,33.6181719,Day,F,L,A,MYSE
151.909,8443,6/3/2015,5/30/2015,17:40:34,7,34,AH0,253,37.5612,Day,F,L,A,MYSE
151.909,8443,6/3/2015,5/29/2015,17:40:35,7,32.2,AH0,251,35.7107784,Day,F,L,A,MYSE
151.909,8443,6/3/2015,5/24/2015,17:40:36,7,30.7,AH0,255,33.6181719,Day,F,L,A,MYSE
151.909,8443,6/3/2015,5/26/2015,17:40:37,7,33.1,AH0,225,36.7196703,Day,F,L,A,MYSE
151.909,8443,6/3/2015,5/24/2015,17:40:38,7,30.7,AH0,255,33.6181719,Day,F,L,A,MYSE
151.909,8443,6/3/2015,5/26/2015,17:40:39,7,32.8,AH0,223,36.4026816,Day,F,L,A,MYSE
151.909,8443,6/3/2015,5/24/2015,17:40:40,7,30.7,AH0,255,33.6181719,Day,F,L,A,MYSE
151.909,8443,6/3/2015,5/26/2015,17:40:41,7,32.8,AH0,227,36.4026816,Day,F,L,A,MYSE
151.909,8443,6/3/2015,5/28/2015,17:40:42,7,30,AH0,101,32.45,Day,F,L,A,MYSE
151.909,8443,6/3/2015,5/26/2015,17:40:43,7,32.8,AH0,228,36.4026816,Day,F,L,A,MYSE
151.909,8443,6/3/2015,5/26/2015,17:40:44,7,32.7,AH0,224,36.2927939,Day,F,L,A,MYSE
151.909,8443,6/3/2015,5/28/2015,17:40:44,7,30,AH0,106,32.45,Day,F,L,A,MYSE
151.909,8443,6/3/2015,5/28/2015,17:40:46,7,29.9,AH0,107,32.2725567,Day,F,L,A,MYSE
151.909,8443,6/3/2015,5/25/2015,17:40:47,7,30.4,AH0,232,33.1331712,Day,F,L,A,MYSE
151.909,8443,6/3/2015,5/28/2015,17:40:48,7,30,AH0,108,32.45,Day,F,L,A,MYSE
151.909,8443,6/3/2015,5/29/2015,17:40:48,7,32.2,AH0,250,35.7107784,Day,F,L,A,MYSE
151.909,8443,6/3/2015,5/30/2015,17:40:48,7,34,AH0,253,37.5612,Day,F,L,A,MYSE
151.909,8443,6/3/2015,5/25/2015,17:40:49,7,30.4,AH0,232,33.1331712,Day,F,L,A,MYSE
151.909,8443,6/3/2015,5/29/2015,17:40:50,7,32.2,AH0,251,35.7107784,Day,F,L,A,MYSE
151.909,8443,6/3/2015,5/30/2015,17:40:50,7,34,AH0,252,37.5612,Day,F,L,A,MYSE
151.909,8443,6/3/2015,5/25/2015,17:40:51,7,30.4,AH0,234,33.1331712,Day,F,L,A,MYSE
151.909,8443,6/3/2015,5/29/2015,17:40:52,7,32.2,AH0,252,35.7107784,Day,F,L,A,MYSE
151.909,8443,6/3/2015,5/30/2015,17:40:52,7,34,AH0,252,37.5612,Day,F,L,A,MYSE
151.909,8443,6/3/2015,5/25/2015,17:40:53,7,30.4,AH0,233,33.1331712,Day,F,L,A,MYSE
151.909,8443,6/3/2015,5/24/2015,17:40:54,7,30.6,AH0,254,33.4590728,Day,F,L,A,MYSE
151.909,8443,6/3/2015,5/29/2015,17:40:54,7,32.2,AH0,250,35.7107784,Day,F,L,A,MYSE
151.909,8443,6/3/2015,5/30/2015,17:40:54,7,34,AH0,251,37.5612,Day,F,L,A,MYSE
151.909,8443,6/3/2015,5/29/2015,17:40:55,7,32.2,AH0,252,35.7107784,Day,F,L,A,MYSE
151.909,8443,6/3/2015,5/24/2015,17:40:56,7,30.7,AH0,255,33.6181719,Day,F,L,A,MYSE
151.909,8443,6/3/2015,5/26/2015,17:40:57,7,32.4,AH0,219,35.9501792,Day,F,L,A,MYSE
151.909,8443,6/3/2015,5/24/2015,17:40:58,7,30.7,AH0,254,33.6181719,Day,F,L,A,MYSE
151.909,8443,6/3/2015,5/26/2015,17:40:59,7,32.4,AH0,219,35.9501792,Day,F,L,A,MYSE
151.909,8443,6/3/2015,5/24/2015,17:41:00,7,30.7,AH0,254,33.6181719,Day,F,L,A,MYSE
151.909,8443,6/3/2015,5/26/2015,17:41:01,7,32.3,AH0,219,35.8315911,Day,F,L,A,MYSE
151.909,8443,6/3/2015,5/28/2015,17:41:02,7,29.9,AH0,102,32.2725567,Day,F,L,A,MYSE
151.909,8443,6/3/2015,5/26/2015,17:41:03,7,32.3,AH0,219,35.8315911,Day,F,L,A,MYSE
151.909,8443,6/3/2015,5/28/2015,17:41:04,7,29.9,AH0,99,32.2725567,Day,F,L,A,MYSE
151.909,8443,6/3/2015,5/26/2015,17:41:05,7,32.3,AH0,220,35.8315911,Day,F,L,A,MYSE
151.909,8443,6/3/2015,5/28/2015,17:41:06,7,29.9,AH0,99,32.2725567,Day,F,L,A,MYSE
151.909,8443,6/3/2015,5/25/2015,17:41:07,7,30.4,AH0,231,33.1331712,Day,F,L,A,MYSE
151.909,8443,6/3/2015,5/28/2015,17:41:08,7,29.9,AH0,98,32.2725567,Day,F,L,A,MYSE
151.909,8443,6/3/2015,5/29/2015,17:41:08,7,32.2,AH0,250,35.7107784,Day,F,L,A,MYSE
151.909,8443,6/3/2015,5/30/2015,17:41:08,7,34,AH0,253,37.5612,Day,F,L,A,MYSE
151.909,8443,6/3/2015,5/25/2015,17:41:09,7,30.4,AH0,233,33.1331712,Day,F,L,A,MYSE
151.909,8443,6/3/2015,5/30/2015,17:41:09,7,34,AH0,254,37.5612,Day,F,L,A,MYSE
151.909,8443,6/3/2015,5/29/2015,17:41:10,7,32.2,AH0,249,35.7107784,Day,F,L,A,MYSE
151.909,8443,6/3/2015,5/25/2015,17:41:11,7,30.4,AH0,233,33.1331712,Day,F,L,A,MYSE
151.909,8443,6/3/2015,5/30/2015,17:41:11,7,34,AH0,253,37.5612,Day,F,L,A,MYSE
151.909,8443,6/3/2015,5/29/2015,17:41:12,7,32.2,AH0,251,35.7107784,Day,F,L,A,MYSE
151.909,8443,6/3/2015,5/25/2015,17:41:13,7,30.4,AH0,233,33.1331712,Day,F,L,A,MYSE
151.909,8443,6/3/2015,5/30/2015,17:41:13,7,34,AH0,253,37.5612,Day,F,L,A,MYSE
151.909,8443,6/3/2015,5/24/2015,17:41:14,7,30.7,AH0,255,33.6181719,Day,F,L,A,MYSE
151.909,8443,6/3/2015,5/29/2015,17:41:14,7,32.2,AH0,249,35.7107784,Day,F,L,A,MYSE
151.909,8443,6/3/2015,5/30/2015,17:41:15,7,34,AH0,251,37.5612,Day,F,L,A,MYSE
151.909,8443,6/3/2015,5/24/2015,17:41:16,7,30.7,AH0,255,33.6181719,Day,F,L,A,MYSE
151.909,8443,6/3/2015,5/24/2015,17:41:17,7,30.7,AH0,255,33.6181719,Day,F,L,A,MYSE
151.909,8443,6/3/2015,5/26/2015,17:41:18,7,32.1,AH0,223,35.5877213,Day,F,L,A,MYSE
151.909,8443,6/3/2015,5/24/2015,17:41:19,7,30.7,AH0,255,33.6181719,Day,F,L,A,MYSE
151.909,8443,6/3/2015,5/26/2015,17:41:20,7,32.1,AH0,219,35.5877213,Day,F,L,A,MYSE
151.909,8443,6/3/2015,5/26/2015,17:41:22,7,32,AH0,222,35.4624,Day,F,L,A,MYSE
151.909,8443,6/3/2015,5/28/2015,17:41:22,7,29.9,AH0,98,32.2725567,Day,F,L,A,MYSE
151.909,8443,6/3/2015,5/26/2015,17:41:23,7,32,AH0,224,35.4624,Day,F,L,A,MYSE
151.909,8443,6/3/2015,5/28/2015,17:41:24,7,29.9,AH0,101,32.2725567,Day,F,L,A,MYSE
151.909,8443,6/3/2015,5/28/2015,17:41:26,7,29.9,AH0,100,32.2725567,Day,F,L,A,MYSE
151.909,8443,6/3/2015,5/25/2015,17:41:27,7,30.4,AH0,237,33.1331712,Day,F,L,A,MYSE
151.909,8443,6/3/2015,5/30/2015,17:41:27,7,34,AH0,253,37.5612,Day,F,L,A,MYSE
151.909,8443,6/3/2015,5/25/2015,17:41:28,7,30.4,AH0,235,33.1331712,Day,F,L,A,MYSE
151.909,8443,6/3/2015,5/28/2015,17:41:28,7,29.9,AH0,103,32.2725567,Day,F,L,A,MYSE
151.909,8443,6/3/2015,5/29/2015,17:41:29,7,32.2,AH0,250,35.7107784,Day,F,L,A,MYSE
151.909,8443,6/3/2015,5/30/2015,17:41:29,7,34,AH0,254,37.5612,Day,F,L,A,MYSE
151.909,8443,6/3/2015,5/25/2015,17:41:30,7,30.4,AH0,237,33.1331712,Day,F,L,A,MYSE
151.909,8443,6/3/2015,5/29/2015,17:41:31,7,32.2,AH0,250,35.7107784,Day,F,L,A,MYSE
151.909,8443,6/3/2015,5/30/2015,17:41:31,7,34,AH0,254,37.5612,Day,F,L,A,MYSE
151.909,8443,6/3/2015,5/25/2015,17:41:32,7,30.4,AH0,235,33.1331712,Day,F,L,A,MYSE
151.909,8443,6/3/2015,5/30/2015,17:41:32,7,34,AH0,254,37.5612,Day,F,L,A,MYSE
151.909,8443,6/3/2015,5/29/2015,17:41:33,7,32.2,AH0,251,35.7107784,Day,F,L,A,MYSE
151.909,8443,6/3/2015,5/30/2015,17:41:34,7,34,AH0,253,37.5612,Day,F,L,A,MYSE
151.909,8443,6/3/2015,5/24/2015,17:41:35,7,30.7,AH0,255,33.6181719,Day,F,L,A,MYSE
151.909,8443,6/3/2015,5/29/2015,17:41:35,7,32.2,AH0,250,35.7107784,Day,F,L,A,MYSE
151.909,8443,6/3/2015,5/24/2015,17:41:37,7,30.7,AH0,254,33.6181719,Day,F,L,A,MYSE
151.909,8443,6/3/2015,5/26/2015,17:41:38,7,31.8,AH0,220,35.2048856,Day,F,L,A,MYSE
151.909,8443,6/3/2015,5/24/2015,17:41:39,7,30.8,AH0,253,33.7747296,Day,F,L,A,MYSE
151.909,8443,6/3/2015,5/26/2015,17:41:40,7,31.8,AH0,222,35.2048856,Day,F,L,A,MYSE
151.909,8443,6/3/2015,5/24/2015,17:41:41,7,30.8,AH0,255,33.7747296,Day,F,L,A,MYSE
151.909,8443,6/3/2015,5/26/2015,17:41:42,7,31.8,AH0,222,35.2048856,Day,F,L,A,MYSE
151.909,8443,6/3/2015,5/28/2015,17:41:42,7,29.9,AH0,97,32.2725567,Day,F,L,A,MYSE
151.909,8443,6/3/2015,5/26/2015,17:41:44,7,31.8,AH0,221,35.2048856,Day,F,L,A,MYSE
151.909,8443,6/3/2015,5/28/2015,17:41:44,7,29.9,AH0,95,32.2725567,Day,F,L,A,MYSE
151.909,8443,6/3/2015,5/25/2015,17:41:46,7,30.4,AH0,237,33.1331712,Day,F,L,A,MYSE
151.909,8443,6/3/2015,5/28/2015,17:41:46,7,29.9,AH0,99,32.2725567,Day,F,L,A,MYSE
151.909,8443,6/3/2015,5/25/2015,17:41:48,7,30.4,AH0,235,33.1331712,Day,F,L,A,MYSE
151.909,8443,6/3/2015,5/28/2015,17:41:48,7,29.9,AH0,98,32.2725567,Day,F,L,A,MYSE
151.909,8443,6/3/2015,5/29/2015,17:41:48,7,32.2,AH0,248,35.7107784,Day,F,L,A,MYSE
151.909,8443,6/3/2015,5/30/2015,17:41:48,7,33.9,AH0,253,37.4755127,Day,F,L,A,MYSE
151.909,8443,6/3/2015,5/29/2015,17:41:49,7,32.2,AH0,249,35.7107784,Day,F,L,A,MYSE
151.909,8443,6/3/2015,5/25/2015,17:41:50,7,30.4,AH0,237,33.1331712,Day,F,L,A,MYSE
151.909,8443,6/3/2015,5/30/2015,17:41:50,7,33.9,AH0,253,37.4755127,Day,F,L,A,MYSE
151.909,8443,6/3/2015,5/29/2015,17:41:51,7,32.2,AH0,251,35.7107784,Day,F,L,A,MYSE
151.909,8443,6/3/2015,5/25/2015,17:41:52,7,30.4,AH0,239,33.1331712,Day,F,L,A,MYSE
151.909,8443,6/3/2015,5/30/2015,17:41:52,7,33.9,AH0,251,37.4755127,Day,F,L,A,MYSE
151.909,8443,6/3/2015,5/29/2015,17:41:53,7,32.2,AH0,252,35.7107784,Day,F,L,A,MYSE
151.909,8443,6/3/2015,5/30/2015,17:41:54,7,33.9,AH0,254,37.4755127,Day,F,L,A,MYSE
151.909,8443,6/3/2015,5/24/2015,17:41:55,7,30.8,AH0,255,33.7747296,Day,F,L,A,MYSE
151.909,8443,6/3/2015,5/29/2015,17:41:55,7,32.2,AH0,249,35.7107784,Day,F,L,A,MYSE
151.909,8443,6/3/2015,5/24/2015,17:41:56,7,30.8,AH0,255,33.7747296,Day,F,L,A,MYSE
151.909,8443,6/3/2015,5/26/2015,17:41:57,7,31.7,AH0,218,35.0726529,Day,F,L,A,MYSE
151.909,8443,6/3/2015,5/24/2015,17:41:58,7,30.8,AH0,254,33.7747296,Day,F,L,A,MYSE
151.909,8443,6/3/2015,5/26/2015,17:41:59,7,31.7,AH0,219,35.0726529,Day,F,L,A,MYSE
151.909,8443,6/3/2015,5/24/2015,17:42:00,7,30.8,AH0,255,33.7747296,Day,F,L,A,MYSE
151.909,8443,6/3/2015,5/26/2015,17:42:01,7,31.6,AH0,215,34.9380768,Day,F,L,A,MYSE
151.909,8443,6/3/2015,5/28/2015,17:42:02,7,29.9,AH0,100,32.2725567,Day,F,L,A,MYSE
151.909,8443,6/3/2015,5/26/2015,17:42:03,7,31.6,AH0,219,34.9380768,Day,F,L,A,MYSE
151.909,8443,6/3/2015,5/28/2015,17:42:04,7,29.9,AH0,100,32.2725567,Day,F,L,A,MYSE
151.909,8443,6/3/2015,5/26/2015,17:42:05,7,31.6,AH0,219,34.9380768,Day,F,L,A,MYSE
151.909,8443,6/3/2015,5/28/2015,17:42:06,7,29.9,AH0,98,32.2725567,Day,F,L,A,MYSE
151.909,8443,6/3/2015,5/25/2015,17:42:08,7,30.4,AH0,230,33.1331712,Day,F,L,A,MYSE
151.909,8443,6/3/2015,5/28/2015,17:42:08,7,29.9,AH0,100,32.2725567,Day,F,L,A,MYSE
151.909,8443,6/3/2015,5/29/2015,17:42:08,7,32.2,AH0,251,35.7107784,Day,F,L,A,MYSE
151.909,8443,6/3/2015,5/30/2015,17:42:08,7,33.9,AH0,253,37.4755127,Day,F,L,A,MYSE
151.909,8443,6/3/2015,5/25/2015,17:42:10,7,30.4,AH0,234,33.1331712,Day,F,L,A,MYSE
151.909,8443,6/3/2015,5/29/2015,17:42:10,7,32.2,AH0,247,35.7107784,Day,F,L,A,MYSE
151.909,8443,6/3/2015,5/30/2015,17:42:10,7,33.9,AH0,253,37.4755127,Day,F,L,A,MYSE
151.909,8443,6/3/2015,5/30/2015,17:42:11,7,33.9,AH0,254,37.4755127,Day,F,L,A,MYSE
151.909,8443,6/3/2015,5/25/2015,17:42:12,7,30.4,AH0,233,33.1331712,Day,F,L,A,MYSE
151.909,8443,6/3/2015,5/29/2015,17:42:12,7,32.2,AH0,249,35.7107784,Day,F,L,A,MYSE
151.909,8443,6/3/2015,5/30/2015,17:42:13,7,33.9,AH0,252,37.4755127,Day,F,L,A,MYSE
151.909,8443,6/3/2015,5/24/2015,17:42:14,7,30.8,AH0,255,33.7747296,Day,F,L,A,MYSE
151.909,8443,6/3/2015,5/25/2015,17:42:14,7,30.4,AH0,233,33.1331712,Day,F,L,A,MYSE
151.909,8443,6/3/2015,5/29/2015,17:42:14,7,32.2,AH0,250,35.7107784,Day,F,L,A,MYSE
151.909,8443,6/3/2015,5/24/2015,17:42:16,7,30.8,AH0,255,33.7747296,Day,F,L,A,MYSE
151.909,8443,6/3/2015,5/24/2015,17:42:18,7,30.8,AH0,255,33.7747296,Day,F,L,A,MYSE
151.909,8443,6/3/2015,5/26/2015,17:42:18,7,31.4,AH0,216,34.6618152,Day,F,L,A,MYSE
151.909,8443,6/3/2015,5/24/2015,17:42:20,7,30.8,AH0,254,33.7747296,Day,F,L,A,MYSE
151.909,8443,6/3/2015,5/26/2015,17:42:20,7,31.4,AH0,216,34.6618152,Day,F,L,A,MYSE
151.909,8443,6/3/2015,5/26/2015,17:42:22,7,31.4,AH0,218,34.6618152,Day,F,L,A,MYSE
151.909,8443,6/3/2015,5/28/2015,17:42:22,7,29.9,AH0,97,32.2725567,Day,F,L,A,MYSE
151.909,8443,6/3/2015,5/26/2015,17:42:24,7,31.3,AH0,215,34.5200901,Day,F,L,A,MYSE
151.909,8443,6/3/2015,5/28/2015,17:42:24,7,29.9,AH0,98,32.2725567,Day,F,L,A,MYSE
151.909,8443,6/3/2015,5/28/2015,17:42:26,7,29.9,AH0,95,32.2725567,Day,F,L,A,MYSE
151.909,8443,6/3/2015,5/30/2015,17:42:27,7,33.9,AH0,254,37.4755127,Day,F,L,A,MYSE
151.909,8443,6/3/2015,5/25/2015,17:42:28,7,30.4,AH0,231,33.1331712,Day,F,L,A,MYSE
151.909,8443,6/3/2015,5/28/2015,17:42:28,7,29.9,AH0,97,32.2725567,Day,F,L,A,MYSE
151.909,8443,6/3/2015,5/29/2015,17:42:29,7,32.2,AH0,250,35.7107784,Day,F,L,A,MYSE
151.909,8443,6/3/2015,5/30/2015,17:42:29,7,33.9,AH0,251,37.4755127,Day,F,L,A,MYSE
151.909,8443,6/3/2015,5/25/2015,17:42:30,7,30.4,AH0,234,33.1331712,Day,F,L,A,MYSE
151.909,8443,6/3/2015,5/29/2015,17:42:31,7,32.2,AH0,249,35.7107784,Day,F,L,A,MYSE
151.909,8443,6/3/2015,5/30/2015,17:42:31,7,33.9,AH0,251,37.4755127,Day,F,L,A,MYSE
151.909,8443,6/3/2015,5/25/2015,17:42:32,7,30.4,AH0,231,33.1331712,Day,F,L,A,MYSE
151.909,8443,6/3/2015,5/29/2015,17:42:32,7,32.2,AH0,250,35.7107784,Day,F,L,A,MYSE
151.909,8443,6/3/2015,5/24/2015,17:42:33,7,30.8,AH0,255,33.7747296,Day,F,L,A,MYSE
151.909,8443,6/3/2015,5/30/2015,17:42:33,7,33.9,AH0,253,37.4755127,Day,F,L,A,MYSE
151.909,8443,6/3/2015,5/25/2015,17:42:34,7,30.4,AH0,232,33.1331712,Day,F,L,A,MYSE
151.909,8443,6/3/2015,5/29/2015,17:42:34,7,32.2,AH0,250,35.7107784,Day,F,L,A,MYSE
151.909,8443,6/3/2015,5/30/2015,17:42:34,7,33.9,AH0,253,37.4755127,Day,F,L,A,MYSE
151.909,8443,6/3/2015,5/24/2015,17:42:35,7,30.8,AH0,255,33.7747296,Day,F,L,A,MYSE
151.909,8443,6/3/2015,5/24/2015,17:42:37,7,30.8,AH0,255,33.7747296,Day,F,L,A,MYSE
151.909,8443,6/3/2015,5/26/2015,17:42:37,7,31.2,AH0,217,34.3759424,Day,F,L,A,MYSE
151.909,8443,6/3/2015,5/24/2015,17:42:39,7,30.8,AH0,255,33.7747296,Day,F,L,A,MYSE
151.909,8443,6/3/2015,5/26/2015,17:42:39,7,31.2,AH0,218,34.3759424,Day,F,L,A,MYSE
151.909,8443,6/3/2015,5/26/2015,17:42:41,7,31.1,AH0,216,34.2293523,Day,F,L,A,MYSE
151.909,8443,6/3/2015,5/26/2015,17:42:43,7,31.1,AH0,218,34.2293523,Day,F,L,A,MYSE
151.909,8443,6/3/2015,5/28/2015,17:42:43,7,29.9,AH0,99,32.2725567,Day,F,L,A,MYSE
151.909,8443,6/3/2015,5/26/2015,17:42:45,7,31.1,AH0,219,34.2293523,Day,F,L,A,MYSE
151.909,8443,6/3/2015,5/28/2015,17:42:45,7,29.9,AH0,98,32.2725567,Day,F,L,A,MYSE
151.909,8443,6/3/2015,5/25/2015,17:42:47,7,30.3,AH0,232,32.9663291,Day,F,L,A,MYSE
151.909,8443,6/3/2015,5/28/2015,17:42:47,7,29.9,AH0,99,32.2725567,Day,F,L,A,MYSE
151.909,8443,6/3/2015,5/29/2015,17:42:47,7,32.2,AH0,250,35.7107784,Day,F,L,A,MYSE
151.909,8443,6/3/2015,5/30/2015,17:42:47,7,33.9,AH0,252,37.4755127,Day,F,L,A,MYSE
151.909,8443,6/3/2015,5/25/2015,17:42:49,7,30.3,AH0,233,32.9663291,Day,F,L,A,MYSE
151.909,8443,6/3/2015,5/28/2015,17:42:49,7,29.9,AH0,98,32.2725567,Day,F,L,A,MYSE
151.909,8443,6/3/2015,5/29/2015,17:42:49,7,32.2,AH0,249,35.7107784,Day,F,L,A,MYSE
151.909,8443,6/3/2015,5/30/2015,17:42:49,7,33.9,AH0,252,37.4755127,Day,F,L,A,MYSE
151.909,8443,6/3/2015,5/30/2015,17:42:50,7,33.9,AH0,253,37.4755127,Day,F,L,A,MYSE
151.909,8443,6/3/2015,5/25/2015,17:42:51,7,30.3,AH0,232,32.9663291,Day,F,L,A,MYSE
151.909,8443,6/3/2015,5/29/2015,17:42:51,7,32.2,AH0,250,35.7107784,Day,F,L,A,MYSE
151.909,8443,6/3/2015,5/30/2015,17:42:52,7,33.9,AH0,250,37.4755127,Day,F,L,A,MYSE
151.909,8443,6/3/2015,5/25/2015,17:42:53,7,30.3,AH0,232,32.9663291,Day,F,L,A,MYSE
151.909,8443,6/3/2015,5/29/2015,17:42:53,7,32.2,AH0,248,35.7107784,Day,F,L,A,MYSE
151.909,8443,6/3/2015,5/30/2015,17:42:54,7,33.9,AH0,252,37.4755127,Day,F,L,A,MYSE
151.909,8443,6/3/2015,5/24/2015,17:42:55,7,30.8,AH0,255,33.7747296,Day,F,L,A,MYSE
151.909,8443,6/3/2015,5/29/2015,17:42:55,7,32.2,AH0,248,35.7107784,Day,F,L,A,MYSE
151.909,8443,6/3/2015,5/24/2015,17:42:57,7,30.8,AH0,255,33.7747296,Day,F,L,A,MYSE
151.909,8443,6/3/2015,5/24/2015,17:42:59,7,30.8,AH0,255,33.7747296,Day,F,L,A,MYSE
151.909,8443,6/3/2015,5/26/2015,17:42:59,7,31,AH0,219,34.0803,Day,F,L,A,MYSE
151.909,8443,6/3/2015,5/24/2015,17:43:01,7,30.8,AH0,255,33.7747296,Day,F,L,A,MYSE
151.909,8443,6/3/2015,5/26/2015,17:43:01,7,31,AH0,218,34.0803,Day,F,L,A,MYSE
151.909,8443,6/3/2015,5/26/2015,17:43:03,7,31,AH0,218,34.0803,Day,F,L,A,MYSE
151.909,8443,6/3/2015,5/28/2015,17:43:03,7,29.9,AH0,93,32.2725567,Day,F,L,A,MYSE
151.909,8443,6/3/2015,5/26/2015,17:43:04,7,30.9,AH0,220,33.9287657,Day,F,L,A,MYSE
151.909,8443,6/3/2015,5/28/2015,17:43:05,7,29.9,AH0,92,32.2725567,Day,F,L,A,MYSE
151.909,8443,6/3/2015,5/25/2015,17:43:07,7,30.3,AH0,230,32.9663291,Day,F,L,A,MYSE
151.909,8443,6/3/2015,5/28/2015,17:43:07,7,29.9,AH0,97,32.2725567,Day,F,L,A,MYSE
151.909,8443,6/3/2015,5/29/2015,17:43:08,7,32.2,AH0,249,35.7107784,Day,F,L,A,MYSE
151.909,8443,6/3/2015,5/30/2015,17:43:08,7,33.9,AH0,252,37.4755127,Day,F,L,A,MYSE
151.909,8443,6/3/2015,5/25/2015,17:43:09,7,30.3,AH0,233,32.9663291,Day,F,L,A,MYSE
151.909,8443,6/3/2015,5/28/2015,17:43:09,7,29.9,AH0,101,32.2725567,Day,F,L,A,MYSE
151.909,8443,6/3/2015,5/29/2015,17:43:10,7,32.2,AH0,251,35.7107784,Day,F,L,A,MYSE
151.909,8443,6/3/2015,5/30/2015,17:43:10,7,33.9,AH0,249,37.4755127,Day,F,L,A,MYSE
151.909,8443,6/3/2015,5/25/2015,17:43:11,7,30.3,AH0,232,32.9663291,Day,F,L,A,MYSE
151.909,8443,6/3/2015,5/29/2015,17:43:12,7,32.2,AH0,247,35.7107784,Day,F,L,A,MYSE
151.909,8443,6/3/2015,5/30/2015,17:43:12,7,33.9,AH0,251,37.4755127,Day,F,L,A,MYSE
151.909,8443,6/3/2015,5/25/2015,17:43:13,7,30.3,AH0,232,32.9663291,Day,F,L,A,MYSE
151.909,8443,6/3/2015,5/29/2015,17:43:13,7,32.2,AH0,247,35.7107784,Day,F,L,A,MYSE
151.909,8443,6/3/2015,5/30/2015,17:43:13,7,33.9,AH0,253,37.4755127,Day,F,L,A,MYSE
151.909,8443,6/3/2015,5/24/2015,17:43:14,7,30.7,AH0,255,33.6181719,Day,F,L,A,MYSE
151.909,8443,6/3/2015,5/29/2015,17:43:15,7,32.2,AH0,249,35.7107784,Day,F,L,A,MYSE
151.909,8443,6/3/2015,5/24/2015,17:43:16,7,30.7,AH0,255,33.6181719,Day,F,L,A,MYSE
151.909,8443,6/3/2015,5/24/2015,17:43:18,7,30.7,AH0,255,33.6181719,Day,F,L,A,MYSE
151.909,8443,6/3/2015,5/26/2015,17:43:18,7,30.8,AH0,219,33.7747296,Day,F,L,A,MYSE
151.909,8443,6/3/2015,5/24/2015,17:43:20,7,30.7,AH0,255,33.6181719,Day,F,L,A,MYSE
151.909,8443,6/3/2015,5/26/2015,17:43:20,7,30.8,AH0,219,33.7747296,Day,F,L,A,MYSE
151.909,8443,6/3/2015,5/26/2015,17:43:22,7,30.8,AH0,220,33.7747296,Day,F,L,A,MYSE
151.909,8443,6/3/2015,5/28/2015,17:43:23,7,29.8,AH0,99,32.0924136,Day,F,L,A,MYSE
151.909,8443,6/3/2015,5/26/2015,17:43:24,7,30.8,AH0,217,33.7747296,Day,F,L,A,MYSE
151.909,8443,6/3/2015,5/28/2015,17:43:25,7,29.9,AH0,98,32.2725567,Day,F,L,A,MYSE
151.909,8443,6/3/2015,5/25/2015,17:43:27,7,30.3,AH0,233,32.9663291,Day,F,L,A,MYSE
151.909,8443,6/3/2015,5/28/2015,17:43:27,7,29.9,AH0,99,32.2725567,Day,F,L,A,MYSE
151.909,8443,6/3/2015,5/29/2015,17:43:28,7,32.2,AH0,250,35.7107784,Day,F,L,A,MYSE
151.909,8443,6/3/2015,5/30/2015,17:43:28,7,33.9,AH0,253,37.4755127,Day,F,L,A,MYSE
151.909,8443,6/3/2015,5/25/2015,17:43:29,7,30.3,AH0,233,32.9663291,Day,F,L,A,MYSE
151.909,8443,6/3/2015,5/28/2015,17:43:29,7,29.9,AH0,96,32.2725567,Day,F,L,A,MYSE
151.909,8443,6/3/2015,5/30/2015,17:43:29,7,33.9,AH0,253,37.4755127,Day,F,L,A,MYSE
151.909,8443,6/3/2015,5/29/2015,17:43:30,7,32.2,AH0,248,35.7107784,Day,F,L,A,MYSE
151.909,8443,6/3/2015,5/25/2015,17:43:31,7,30.3,AH0,233,32.9663291,Day,F,L,A,MYSE
151.909,8443,6/3/2015,5/30/2015,17:43:31,7,33.9,AH0,251,37.4755127,Day,F,L,A,MYSE
151.909,8443,6/3/2015,5/29/2015,17:43:32,7,32.2,AH0,249,35.7107784,Day,F,L,A,MYSE
151.909,8443,6/3/2015,5/25/2015,17:43:33,7,30.3,AH0,233,32.9663291,Day,F,L,A,MYSE
151.909,8443,6/3/2015,5/30/2015,17:43:33,7,33.9,AH0,252,37.4755127,Day,F,L,A,MYSE
151.909,8443,6/3/2015,5/24/2015,17:43:34,7,30.6,AH0,255,33.4590728,Day,F,L,A,MYSE
151.909,8443,6/3/2015,5/29/2015,17:43:34,7,32.2,AH0,250,35.7107784,Day,F,L,A,MYSE
151.909,8443,6/3/2015,5/30/2015,17:43:35,7,33.9,AH0,255,37.4755127,Day,F,L,A,MYSE
151.909,8443,6/3/2015,5/24/2015,17:43:36,7,30.6,AH0,255,33.4590728,Day,F,L,A,MYSE
151.909,8443,6/3/2015,5/24/2015,17:43:38,7,30.5,AH0,255,33.2974125,Day,F,L,A,MYSE
151.909,8443,6/3/2015,5/26/2015,17:43:38,7,30.8,AH0,217,33.7747296,Day,F,L,A,MYSE
151.909,8443,6/3/2015,5/24/2015,17:43:40,7,30.5,AH0,255,33.2974125,Day,F,L,A,MYSE
151.909,8443,6/3/2015,5/26/2015,17:43:40,7,30.8,AH0,218,33.7747296,Day,F,L,A,MYSE
151.909,8443,6/3/2015,5/26/2015,17:43:41,7,30.7,AH0,217,33.6181719,Day,F,L,A,MYSE
151.909,8443,6/3/2015,5/26/2015,17:43:43,7,30.7,AH0,217,33.6181719,Day,F,L,A,MYSE
151.909,8443,6/3/2015,5/28/2015,17:43:43,7,29.9,AH0,95,32.2725567,Day,F,L,A,MYSE
151.909,8443,6/3/2015,5/28/2015,17:43:45,7,29.9,AH0,97,32.2725567,Day,F,L,A,MYSE
151.909,8443,6/3/2015,5/25/2015,17:43:47,7,30.3,AH0,229,32.9663291,Day,F,L,A,MYSE
151.909,8443,6/3/2015,5/28/2015,17:43:47,7,35.9,AH0,98,38.8531107,Day,F,L,A,MYSE
151.909,8443,6/3/2015,5/30/2015,17:43:47,7,33.8,AH0,254,37.3879176,Day,F,L,A,MYSE
151.909,8443,6/3/2015,5/25/2015,17:43:49,7,30.3,AH0,234,32.9663291,Day,F,L,A,MYSE
151.909,8443,6/3/2015,5/28/2015,17:43:49,7,29.8,AH0,98,32.0924136,Day,F,L,A,MYSE
151.909,8443,6/3/2015,5/29/2015,17:43:49,7,32.2,AH0,246,35.7107784,Day,F,L,A,MYSE
151.909,8443,6/3/2015,5/30/2015,17:43:49,7,33.8,AH0,254,37.3879176,Day,F,L,A,MYSE
151.909,8443,6/3/2015,5/25/2015,17:43:51,7,30.3,AH0,232,32.9663291,Day,F,L,A,MYSE
151.909,8443,6/3/2015,5/29/2015,17:43:51,7,32.3,AH0,248,35.8315911,Day,F,L,A,MYSE
151.909,8443,6/3/2015,5/30/2015,17:43:51,7,33.8,AH0,254,37.3879176,Day,F,L,A,MYSE
151.909,8443,6/3/2015,5/30/2015,17:43:52,7,33.9,AH0,255,37.4755127,Day,F,L,A,MYSE
151.909,8443,6/3/2015,5/25/2015,17:43:53,7,30.3,AH0,234,32.9663291,Day,F,L,A,MYSE
151.909,8443,6/3/2015,5/29/2015,17:43:53,7,32.3,AH0,250,35.8315911,Day,F,L,A,MYSE
151.909,8443,6/3/2015,5/24/2015,17:43:54,7,30.5,AH0,254,33.2974125,Day,F,L,A,MYSE
151.909,8443,6/3/2015,5/29/2015,17:43:54,7,32.3,AH0,250,35.8315911,Day,F,L,A,MYSE
151.909,8443,6/3/2015,5/30/2015,17:43:54,7,33.9,AH0,255,37.4755127,Day,F,L,A,MYSE
151.909,8443,6/3/2015,5/24/2015,17:43:56,7,30.5,AH0,255,33.2974125,Day,F,L,A,MYSE
151.909,8443,6/3/2015,5/26/2015,17:43:57,7,30.7,AH0,218,33.6181719,Day,F,L,A,MYSE
151.909,8443,6/3/2015,5/24/2015,17:43:58,7,30.5,AH0,255,33.2974125,Day,F,L,A,MYSE
151.909,8443,6/3/2015,5/26/2015,17:43:59,7,30.7,AH0,218,33.6181719,Day,F,L,A,MYSE
151.909,8443,6/3/2015,5/24/2015,17:44:00,7,30.5,AH0,255,33.2974125,Day,F,L,A,MYSE
151.909,8443,6/3/2015,5/26/2015,17:44:01,7,30.7,AH0,217,33.6181719,Day,F,L,A,MYSE
151.909,8443,6/3/2015,5/26/2015,17:44:03,7,30.6,AH0,220,33.4590728,Day,F,L,A,MYSE
151.909,8443,6/3/2015,5/28/2015,17:44:03,7,29.9,AH0,94,32.2725567,Day,F,L,A,MYSE
151.909,8443,6/3/2015,5/26/2015,17:44:05,7,30.6,AH0,217,33.4590728,Day,F,L,A,MYSE
151.909,8443,6/3/2015,5/28/2015,17:44:05,7,29.9,AH0,95,32.2725567,Day,F,L,A,MYSE
151.909,8443,6/3/2015,5/25/2015,17:44:07,7,30.3,AH0,233,32.9663291,Day,F,L,A,MYSE
151.909,8443,6/3/2015,5/28/2015,17:44:07,7,29.8,AH0,93,32.0924136,Day,F,L,A,MYSE
151.909,8443,6/3/2015,5/29/2015,17:44:07,7,32.3,AH0,250,35.8315911,Day,F,L,A,MYSE
151.909,8443,6/3/2015,5/30/2015,17:44:08,7,33.8,AH0,255,37.3879176,Day,F,L,A,MYSE
151.909,8443,6/3/2015,5/25/2015,17:44:09,7,30.3,AH0,233,32.9663291,Day,F,L,A,MYSE
151.909,8443,6/3/2015,5/28/2015,17:44:09,7,29.9,AH0,89,32.2725567,Day,F,L,A,MYSE
151.909,8443,6/3/2015,5/29/2015,17:44:09,7,32.3,AH0,250,35.8315911,Day,F,L,A,MYSE
151.909,8443,6/3/2015,5/30/2015,17:44:10,7,33.8,AH0,254,37.3879176,Day,F,L,A,MYSE
151.909,8443,6/3/2015,5/25/2015,17:44:11,7,30.3,AH0,233,32.9663291,Day,F,L,A,MYSE
151.909,8443,6/3/2015,5/29/2015,17:44:11,7,32.3,AH0,252,35.8315911,Day,F,L,A,MYSE
151.909,8443,6/3/2015,5/30/2015,17:44:12,7,33.9,AH0,255,37.4755127,Day,F,L,A,MYSE
151.909,8443,6/3/2015,5/24/2015,17:44:13,7,30.5,AH0,255,33.2974125,Day,F,L,A,MYSE
151.909,8443,6/3/2015,5/25/2015,17:44:13,7,30.3,AH0,233,32.9663291,Day,F,L,A,MYSE
151.909,8443,6/3/2015,5/29/2015,17:44:13,7,32.3,AH0,250,35.8315911,Day,F,L,A,MYSE
151.909,8443,6/3/2015,5/30/2015,17:44:14,7,33.8,AH0,254,37.3879176,Day,F,L,A,MYSE
151.909,8443,6/3/2015,5/24/2015,17:44:15,7,30.5,AH0,255,33.2974125,Day,F,L,A,MYSE
151.909,8443,6/3/2015,5/29/2015,17:44:15,7,32.3,AH0,249,35.8315911,Day,F,L,A,MYSE
151.909,8443,6/3/2015,5/24/2015,17:44:17,7,30.5,AH0,254,33.2974125,Day,F,L,A,MYSE
151.909,8443,6/3/2015,5/24/2015,17:44:19,7,30.5,AH0,254,33.2974125,Day,F,L,A,MYSE
151.909,8443,6/3/2015,5/26/2015,17:44:19,7,30.6,AH0,219,33.4590728,Day,F,L,A,MYSE
151.909,8443,6/3/2015,5/26/2015,17:44:21,7,30.6,AH0,219,33.4590728,Day,F,L,A,MYSE
151.909,8443,6/3/2015,5/28/2015,17:44:21,7,29.9,AH0,95,32.2725567,Day,F,L,A,MYSE
151.909,8443,6/3/2015,5/26/2015,17:44:23,7,30.6,AH0,218,33.4590728,Day,F,L,A,MYSE
151.909,8443,6/3/2015,5/28/2015,17:44:23,7,29.8,AH0,98,32.0924136,Day,F,L,A,MYSE
151.909,8443,6/3/2015,5/26/2015,17:44:25,7,30.6,AH0,218,33.4590728,Day,F,L,A,MYSE
151.909,8443,6/3/2015,5/28/2015,17:44:25,7,29.8,AH0,100,32.0924136,Day,F,L,A,MYSE
151.909,8443,6/3/2015,5/25/2015,17:44:26,7,30.3,AH0,235,32.9663291,Day,F,L,A,MYSE
151.909,8443,6/3/2015,5/28/2015,17:44:27,7,29.8,AH0,94,32.0924136,Day,F,L,A,MYSE
151.909,8443,6/3/2015,5/25/2015,17:44:28,7,30.3,AH0,238,32.9663291,Day,F,L,A,MYSE
151.909,8443,6/3/2015,5/29/2015,17:44:28,7,32.3,AH0,248,35.8315911,Day,F,L,A,MYSE
151.909,8443,6/3/2015,5/30/2015,17:44:28,7,33.9,AH0,254,37.4755127,Day,F,L,A,MYSE
151.909,8443,6/3/2015,5/25/2015,17:44:30,7,30.3,AH0,240,32.9663291,Day,F,L,A,MYSE
151.909,8443,6/3/2015,5/29/2015,17:44:30,7,32.3,AH0,251,35.8315911,Day,F,L,A,MYSE
151.909,8443,6/3/2015,5/30/2015,17:44:30,7,33.8,AH0,254,37.3879176,Day,F,L,A,MYSE
151.909,8443,6/3/2015,5/30/2015,17:44:31,7,33.8,AH0,254,37.3879176,Day,F,L,A,MYSE
151.909,8443,6/3/2015,5/25/2015,17:44:32,7,30.3,AH0,239,32.9663291,Day,F,L,A,MYSE
151.909,8443,6/3/2015,5/29/2015,17:44:32,7,32.3,AH0,252,35.8315911,Day,F,L,A,MYSE
151.909,8443,6/3/2015,5/24/2015,17:44:33,7,30.6,AH0,255,33.4590728,Day,F,L,A,MYSE
151.909,8443,6/3/2015,5/29/2015,17:44:33,7,32.3,AH0,251,35.8315911,Day,F,L,A,MYSE
151.909,8443,6/3/2015,5/30/2015,17:44:33,7,33.8,AH0,255,37.3879176,Day,F,L,A,MYSE
151.909,8443,6/3/2015,5/24/2015,17:44:35,7,30.5,AH0,255,33.2974125,Day,F,L,A,MYSE
151.909,8443,6/3/2015,5/29/2015,17:44:35,7,32.3,AH0,250,35.8315911,Day,F,L,A,MYSE
151.909,8443,6/3/2015,5/24/2015,17:44:37,7,30.5,AH0,255,33.2974125,Day,F,L,A,MYSE
151.909,8443,6/3/2015,5/26/2015,17:44:38,7,30.6,AH0,218,33.4590728,Day,F,L,A,MYSE
151.909,8443,6/3/2015,5/24/2015,17:44:39,7,30.5,AH0,254,33.2974125,Day,F,L,A,MYSE
151.909,8443,6/3/2015,5/26/2015,17:44:40,7,30.5,AH0,217,33.2974125,Day,F,L,A,MYSE
151.909,8443,6/3/2015,5/24/2015,17:44:41,7,30.5,AH0,255,33.2974125,Day,F,L,A,MYSE
151.909,8443,6/3/2015,5/28/2015,17:44:41,7,29.8,AH0,94,32.0924136,Day,F,L,A,MYSE
151.909,8443,6/3/2015,5/26/2015,17:44:42,7,30.5,AH0,216,33.2974125,Day,F,L,A,MYSE
151.909,8443,6/3/2015,5/28/2015,17:44:43,7,29.8,AH0,102,32.0924136,Day,F,L,A,MYSE
151.909,8443,6/3/2015,5/26/2015,17:44:44,7,30.5,AH0,216,33.2974125,Day,F,L,A,MYSE
151.909,8443,6/3/2015,5/28/2015,17:44:45,7,29.8,AH0,94,32.0924136,Day,F,L,A,MYSE
151.909,8443,6/3/2015,5/25/2015,17:44:46,7,30.3,AH0,242,32.9663291,Day,F,L,A,MYSE
151.909,8443,6/3/2015,5/28/2015,17:44:47,7,29.8,AH0,96,32.0924136,Day,F,L,A,MYSE
151.909,8443,6/3/2015,5/30/2015,17:44:47,7,33.8,AH0,255,37.3879176,Day,F,L,A,MYSE
151.909,8443,6/3/2015,5/25/2015,17:44:48,7,30.3,AH0,243,32.9663291,Day,F,L,A,MYSE
151.909,8443,6/3/2015,5/29/2015,17:44:48,7,32.3,AH0,252,35.8315911,Day,F,L,A,MYSE
151.909,8443,6/3/2015,5/30/2015,17:44:49,7,33.8,AH0,254,37.3879176,Day,F,L,A,MYSE
151.909,8443,6/3/2015,5/25/2015,17:44:50,7,30.4,AH0,240,33.1331712,Day,F,L,A,MYSE
151.909,8443,6/3/2015,5/29/2015,17:44:50,7,32.3,AH0,250,35.8315911,Day,F,L,A,MYSE
151.909,8443,6/3/2015,5/30/2015,17:44:51,7,33.8,AH0,254,37.3879176,Day,F,L,A,MYSE
151.909,8443,6/3/2015,5/25/2015,17:44:52,7,30.4,AH0,240,33.1331712,Day,F,L,A,MYSE
151.909,8443,6/3/2015,5/29/2015,17:44:52,7,32.3,AH0,249,35.8315911,Day,F,L,A,MYSE
151.909,8443,6/3/2015,5/30/2015,17:44:53,7,33.8,AH0,255,37.3879176,Day,F,L,A,MYSE
151.909,8443,6/3/2015,5/29/2015,17:44:54,7,32.3,AH0,252,35.8315911,Day,F,L,A,MYSE
151.909,8443,6/3/2015,5/30/2015,17:44:54,7,33.8,AH0,255,37.3879176,Day,F,L,A,MYSE
151.909,8443,6/3/2015,5/24/2015,17:44:55,7,30.5,AH0,255,33.2974125,Day,F,L,A,MYSE
151.909,8443,6/3/2015,5/24/2015,17:44:57,7,30.5,AH0,255,33.2974125,Day,F,L,A,MYSE
151.909,8443,6/3/2015,5/26/2015,17:44:58,7,30.5,AH0,219,33.2974125,Day,F,L,A,MYSE
151.909,8443,6/3/2015,5/24/2015,17:44:59,7,30.5,AH0,255,33.2974125,Day,F,L,A,MYSE
151.909,8443,6/3/2015,5/26/2015,17:45:00,7,30.5,AH0,220,33.2974125,Day,F,L,A,MYSE
151.909,8443,6/3/2015,5/24/2015,17:45:01,7,30.5,AH0,254,33.2974125,Day,F,L,A,MYSE
151.909,8443,6/3/2015,5/28/2015,17:45:01,7,29.8,AH0,97,32.0924136,Day,F,L,A,MYSE
151.909,8443,6/3/2015,5/26/2015,17:45:02,7,30.5,AH0,217,33.2974125,Day,F,L,A,MYSE
151.909,8443,6/3/2015,5/28/2015,17:45:03,7,29.8,AH0,101,32.0924136,Day,F,L,A,MYSE
151.909,8443,6/3/2015,5/26/2015,17:45:04,7,30.5,AH0,218,33.2974125,Day,F,L,A,MYSE
151.909,8443,6/3/2015,5/28/2015,17:45:05,7,29.8,AH0,97,32.0924136,Day,F,L,A,MYSE
151.909,8443,6/3/2015,5/28/2015,17:45:07,7,29.9,AH0,94,32.2725567,Day,F,L,A,MYSE
151.909,8443,6/3/2015,5/30/2015,17:45:07,7,33.8,AH0,253,37.3879176,Day,F,L,A,MYSE
151.909,8443,6/3/2015,5/25/2015,17:45:08,7,30.4,AH0,242,33.1331712,Day,F,L,A,MYSE
151.909,8443,6/3/2015,5/29/2015,17:45:09,7,32.3,AH0,250,35.8315911,Day,F,L,A,MYSE
151.909,8443,6/3/2015,5/30/2015,17:45:09,7,33.8,AH0,255,37.3879176,Day,F,L,A,MYSE
151.909,8443,6/3/2015,5/25/2015,17:45:10,7,30.4,AH0,241,33.1331712,Day,F,L,A,MYSE
151.909,8443,6/3/2015,5/30/2015,17:45:10,7,33.8,AH0,254,37.3879176,Day,F,L,A,MYSE
151.909,8443,6/3/2015,5/29/2015,17:45:11,7,32.3,AH0,251,35.8315911,Day,F,L,A,MYSE
151.909,8443,6/3/2015,5/25/2015,17:45:12,7,30.4,AH0,242,33.1331712,Day,F,L,A,MYSE
151.909,8443,6/3/2015,5/29/2015,17:45:12,7,32.3,AH0,252,35.8315911,Day,F,L,A,MYSE
151.909,8443,6/3/2015,5/30/2015,17:45:12,7,33.8,AH0,255,37.3879176,Day,F,L,A,MYSE
151.909,8443,6/3/2015,5/24/2015,17:45:14,7,30.5,AH0,255,33.2974125,Day,F,L,A,MYSE
151.909,8443,6/3/2015,5/25/2015,17:45:14,7,30.4,AH0,242,33.1331712,Day,F,L,A,MYSE
151.909,8443,6/3/2015,5/29/2015,17:45:14,7,32.3,AH0,253,35.8315911,Day,F,L,A,MYSE
151.909,8443,6/3/2015,5/30/2015,17:45:14,7,33.8,AH0,255,37.3879176,Day,F,L,A,MYSE
151.909,8443,6/3/2015,5/24/2015,17:45:16,7,30.5,AH0,255,33.2974125,Day,F,L,A,MYSE
151.909,8443,6/3/2015,5/24/2015,17:45:18,7,30.5,AH0,255,33.2974125,Day,F,L,A,MYSE
151.909,8443,6/3/2015,5/26/2015,17:45:18,7,30.5,AH0,216,33.2974125,Day,F,L,A,MYSE
151.909,8443,6/3/2015,5/24/2015,17:45:20,7,30.5,AH0,254,33.2974125,Day,F,L,A,MYSE
151.909,8443,6/3/2015,5/26/2015,17:45:20,7,30.5,AH0,218,33.2974125,Day,F,L,A,MYSE
151.909,8443,6/3/2015,5/28/2015,17:45:21,7,29.8,AH0,91,32.0924136,Day,F,L,A,MYSE
151.909,8443,6/3/2015,5/26/2015,17:45:22,7,30.5,AH0,217,33.2974125,Day,F,L,A,MYSE
151.909,8443,6/3/2015,5/28/2015,17:45:23,7,29.8,AH0,93,32.0924136,Day,F,L,A,MYSE
151.909,8443,6/3/2015,5/26/2015,17:45:24,7,30.5,AH0,219,33.2974125,Day,F,L,A,MYSE
151.909,8443,6/3/2015,5/28/2015,17:45:25,7,29.8,AH0,99,32.0924136,Day,F,L,A,MYSE
151.909,8443,6/3/2015,5/28/2015,17:45:27,7,29.8,AH0,99,32.0924136,Day,F,L,A,MYSE
151.909,8443,6/3/2015,5/29/2015,17:45:27,7,32.3,AH0,250,35.8315911,Day,F,L,A,MYSE
151.909,8443,6/3/2015,5/25/2015,17:45:28,7,30.4,AH0,242,33.1331712,Day,F,L,A,MYSE
151.909,8443,6/3/2015,5/30/2015,17:45:28,7,33.8,AH0,254,37.3879176,Day,F,L,A,MYSE
151.909,8443,6/3/2015,5/29/2015,17:45:29,7,32.3,AH0,251,35.8315911,Day,F,L,A,MYSE
151.909,8443,6/3/2015,5/25/2015,17:45:30,7,30.4,AH0,242,33.1331712,Day,F,L,A,MYSE
151.909,8443,6/3/2015,5/30/2015,17:45:30,7,33.8,AH0,255,37.3879176,Day,F,L,A,MYSE
151.909,8443,6/3/2015,5/29/2015,17:45:31,7,32.3,AH0,251,35.8315911,Day,F,L,A,MYSE
151.909,8443,6/3/2015,5/25/2015,17:45:32,7,30.4,AH0,241,33.1331712,Day,F,L,A,MYSE
151.909,8443,6/3/2015,5/30/2015,17:45:32,7,33.8,AH0,254,37.3879176,Day,F,L,A,MYSE
151.909,8443,6/3/2015,5/29/2015,17:45:33,7,32.3,AH0,252,35.8315911,Day,F,L,A,MYSE
151.909,8443,6/3/2015,5/30/2015,17:45:33,7,33.8,AH0,254,37.3879176,Day,F,L,A,MYSE
151.909,8443,6/3/2015,5/24/2015,17:45:34,7,30.5,AH0,255,33.2974125,Day,F,L,A,MYSE
151.909,8443,6/3/2015,5/25/2015,17:45:34,7,30.4,AH0,241,33.1331712,Day,F,L,A,MYSE
151.909,8443,6/3/2015,5/29/2015,17:45:35,7,32.3,AH0,249,35.8315911,Day,F,L,A,MYSE
151.909,8443,6/3/2015,5/24/2015,17:45:36,7,30.5,AH0,255,33.2974125,Day,F,L,A,MYSE
151.909,8443,6/3/2015,5/26/2015,17:45:37,7,30.5,AH0,220,33.2974125,Day,F,L,A,MYSE
151.909,8443,6/3/2015,5/24/2015,17:45:38,7,30.6,AH0,254,33.4590728,Day,F,L,A,MYSE
151.909,8443,6/3/2015,5/26/2015,17:45:39,7,30.4,AH0,218,33.1331712,Day,F,L,A,MYSE
151.909,8443,6/3/2015,5/24/2015,17:45:40,7,30.6,AH0,255,33.4590728,Day,F,L,A,MYSE
151.909,8443,6/3/2015,5/26/2015,17:45:41,7,30.4,AH0,218,33.1331712,Day,F,L,A,MYSE
151.909,8443,6/3/2015,5/28/2015,17:45:42,7,29.8,AH0,91,32.0924136,Day,F,L,A,MYSE
151.909,8443,6/3/2015,5/26/2015,17:45:43,7,30.4,AH0,218,33.1331712,Day,F,L,A,MYSE
151.909,8443,6/3/2015,5/28/2015,17:45:44,7,29.8,AH0,91,32.0924136,Day,F,L,A,MYSE
151.909,8443,6/3/2015,5/28/2015,17:45:46,7,29.8,AH0,98,32.0924136,Day,F,L,A,MYSE
151.909,8443,6/3/2015,5/25/2015,17:45:47,7,30.4,AH0,240,33.1331712,Day,F,L,A,MYSE
151.909,8443,6/3/2015,5/28/2015,17:45:48,7,29.8,AH0,94,32.0924136,Day,F,L,A,MYSE
151.909,8443,6/3/2015,5/29/2015,17:45:48,7,32.3,AH0,250,35.8315911,Day,F,L,A,MYSE
151.909,8443,6/3/2015,5/30/2015,17:45:48,7,33.8,AH0,254,37.3879176,Day,F,L,A,MYSE
151.909,8443,6/3/2015,5/25/2015,17:45:49,7,30.4,AH0,242,33.1331712,Day,F,L,A,MYSE
151.909,8443,6/3/2015,5/30/2015,17:45:49,7,33.8,AH0,254,37.3879176,Day,F,L,A,MYSE
151.909,8443,6/3/2015,5/29/2015,17:45:50,7,32.2,AH0,252,35.7107784,Day,F,L,A,MYSE
151.909,8443,6/3/2015,5/25/2015,17:45:51,7,30.4,AH0,241,33.1331712,Day,F,L,A,MYSE
151.909,8443,6/3/2015,5/30/2015,17:45:51,7,33.8,AH0,254,37.3879176,Day,F,L,A,MYSE
151.909,8443,6/3/2015,5/29/2015,17:45:52,7,32.3,AH0,250,35.8315911,Day,F,L,A,MYSE
151.909,8443,6/3/2015,5/25/2015,17:45:53,7,30.4,AH0,240,33.1331712,Day,F,L,A,MYSE
151.909,8443,6/3/2015,5/29/2015,17:45:53,7,32.2,AH0,251,35.7107784,Day,F,L,A,MYSE
151.909,8443,6/3/2015,5/30/2015,17:45:53,7,33.8,AH0,255,37.3879176,Day,F,L,A,MYSE
151.909,8443,6/3/2015,5/24/2015,17:45:54,7,30.6,AH0,254,33.4590728,Day,F,L,A,MYSE
151.909,8443,6/3/2015,5/29/2015,17:45:55,7,32.3,AH0,251,35.8315911,Day,F,L,A,MYSE
151.909,8443,6/3/2015,5/30/2015,17:45:55,7,33.8,AH0,254,37.3879176,Day,F,L,A,MYSE
151.909,8443,6/3/2015,5/24/2015,17:45:56,7,30.6,AH0,255,33.4590728,Day,F,L,A,MYSE
151.909,8443,6/3/2015,5/24/2015,17:45:58,7,30.6,AH0,255,33.4590728,Day,F,L,A,MYSE
151.909,8443,6/3/2015,5/26/2015,17:45:59,7,30.4,AH0,220,33.1331712,Day,F,L,A,MYSE
151.909,8443,6/3/2015,5/24/2015,17:46:00,7,30.6,AH0,254,33.4590728,Day,F,L,A,MYSE
151.909,8443,6/3/2015,5/26/2015,17:46:01,7,30.4,AH0,220,33.1331712,Day,F,L,A,MYSE
151.909,8443,6/3/2015,5/28/2015,17:46:02,7,29.8,AH0,95,32.0924136,Day,F,L,A,MYSE
151.909,8443,6/3/2015,5/26/2015,17:46:03,7,30.4,AH0,220,33.1331712,Day,F,L,A,MYSE
151.909,8443,6/3/2015,5/28/2015,17:46:04,7,29.8,AH0,93,32.0924136,Day,F,L,A,MYSE
151.909,8443,6/3/2015,5/26/2015,17:46:05,7,30.4,AH0,220,33.1331712,Day,F,L,A,MYSE
151.909,8443,6/3/2015,5/28/2015,17:46:06,7,29.8,AH0,98,32.0924136,Day,F,L,A,MYSE
151.909,8443,6/3/2015,5/25/2015,17:46:07,7,30.4,AH0,238,33.1331712,Day,F,L,A,MYSE
151.909,8443,6/3/2015,5/30/2015,17:46:07,7,33.8,AH0,254,37.3879176,Day,F,L,A,MYSE
151.909,8443,6/3/2015,5/28/2015,17:46:08,7,29.8,AH0,94,32.0924136,Day,F,L,A,MYSE
151.909,8443,6/3/2015,5/29/2015,17:46:08,7,32.2,AH0,251,35.7107784,Day,F,L,A,MYSE
151.909,8443,6/3/2015,5/25/2015,17:46:09,7,30.4,AH0,240,33.1331712,Day,F,L,A,MYSE
151.909,8443,6/3/2015,5/30/2015,17:46:09,7,33.8,AH0,253,37.3879176,Day,F,L,A,MYSE
151.909,8443,6/3/2015,5/29/2015,17:46:10,7,32.2,AH0,252,35.7107784,Day,F,L,A,MYSE
151.909,8443,6/3/2015,5/25/2015,17:46:11,7,30.4,AH0,241,33.1331712,Day,F,L,A,MYSE
151.909,8443,6/3/2015,5/30/2015,17:46:11,7,33.8,AH0,254,37.3879176,Day,F,L,A,MYSE
151.909,8443,6/3/2015,5/29/2015,17:46:12,7,32.2,AH0,251,35.7107784,Day,F,L,A,MYSE
151.909,8443,6/3/2015,5/30/2015,17:46:12,7,33.8,AH0,254,37.3879176,Day,F,L,A,MYSE
151.909,8443,6/3/2015,5/24/2015,17:46:13,7,30.6,AH0,252,33.4590728,Day,F,L,A,MYSE
151.909,8443,6/3/2015,5/25/2015,17:46:13,7,30.4,AH0,243,33.1331712,Day,F,L,A,MYSE
151.909,8443,6/3/2015,5/29/2015,17:46:14,7,32.2,AH0,253,35.7107784,Day,F,L,A,MYSE
151.909,8443,6/3/2015,5/30/2015,17:46:14,7,33.8,AH0,254,37.3879176,Day,F,L,A,MYSE
151.909,8443,6/3/2015,5/24/2015,17:46:15,7,30.7,AH0,254,33.6181719,Day,F,L,A,MYSE
151.909,8443,6/3/2015,5/24/2015,17:46:17,7,30.7,AH0,255,33.6181719,Day,F,L,A,MYSE
151.909,8443,6/3/2015,5/24/2015,17:46:19,7,30.7,AH0,255,33.6181719,Day,F,L,A,MYSE
151.909,8443,6/3/2015,5/26/2015,17:46:19,7,30.4,AH0,219,33.1331712,Day,F,L,A,MYSE
151.909,8443,6/3/2015,5/26/2015,17:46:21,7,30.4,AH0,222,33.1331712,Day,F,L,A,MYSE
151.909,8443,6/3/2015,5/28/2015,17:46:22,7,29.7,AH0,90,31.9095509,Day,F,L,A,MYSE
151.909,8443,6/3/2015,5/26/2015,17:46:23,7,30.4,AH0,222,33.1331712,Day,F,L,A,MYSE
151.909,8443,6/3/2015,5/28/2015,17:46:24,7,29.7,AH0,98,31.9095509,Day,F,L,A,MYSE
151.909,8443,6/3/2015,5/26/2015,17:46:25,7,30.4,AH0,220,33.1331712,Day,F,L,A,MYSE
151.909,8443,6/3/2015,5/28/2015,17:46:26,7,29.7,AH0,96,31.9095509,Day,F,L,A,MYSE
151.909,8443,6/3/2015,5/25/2015,17:46:27,7,30.4,AH0,240,33.1331712,Day,F,L,A,MYSE
151.909,8443,6/3/2015,5/30/2015,17:46:27,7,33.8,AH0,253,37.3879176,Day,F,L,A,MYSE
151.909,8443,6/3/2015,5/28/2015,17:46:28,7,29.7,AH0,90,31.9095509,Day,F,L,A,MYSE
151.909,8443,6/3/2015,5/30/2015,17:46:28,7,33.8,AH0,254,37.3879176,Day,F,L,A,MYSE
151.909,8443,6/3/2015,5/25/2015,17:46:29,7,30.3,AH0,240,32.9663291,Day,F,L,A,MYSE
151.909,8443,6/3/2015,5/29/2015,17:46:29,7,32.2,AH0,251,35.7107784,Day,F,L,A,MYSE
151.909,8443,6/3/2015,5/30/2015,17:46:30,7,33.8,AH0,254,37.3879176,Day,F,L,A,MYSE
151.909,8443,6/3/2015,5/25/2015,17:46:31,7,30.3,AH0,240,32.9663291,Day,F,L,A,MYSE
151.909,8443,6/3/2015,5/29/2015,17:46:31,7,32.2,AH0,252,35.7107784,Day,F,L,A,MYSE
151.909,8443,6/3/2015,5/29/2015,17:46:32,7,32.2,AH0,252,35.7107784,Day,F,L,A,MYSE
151.909,8443,6/3/2015,5/30/2015,17:46:32,7,33.8,AH0,255,37.3879176,Day,F,L,A,MYSE
151.909,8443,6/3/2015,5/25/2015,17:46:33,7,30.3,AH0,240,32.9663291,Day,F,L,A,MYSE
151.909,8443,6/3/2015,5/29/2015,17:46:34,7,32.2,AH0,251,35.7107784,Day,F,L,A,MYSE
151.909,8443,6/3/2015,5/30/2015,17:46:34,7,33.8,AH0,253,37.3879176,Day,F,L,A,MYSE
151.909,8443,6/3/2015,5/24/2015,17:46:35,7,30.7,AH0,255,33.6181719,Day,F,L,A,MYSE
151.909,8443,6/3/2015,5/24/2015,17:46:37,7,30.7,AH0,255,33.6181719,Day,F,L,A,MYSE
151.909,8443,6/3/2015,5/24/2015,17:46:39,7,30.7,AH0,255,33.6181719,Day,F,L,A,MYSE
151.909,8443,6/3/2015,5/26/2015,17:46:39,7,30.4,AH0,218,33.1331712,Day,F,L,A,MYSE
151.909,8443,6/3/2015,5/26/2015,17:46:40,7,30.4,AH0,220,33.1331712,Day,F,L,A,MYSE
151.909,8443,6/3/2015,5/24/2015,17:46:41,7,30.7,AH0,255,33.6181719,Day,F,L,A,MYSE
151.909,8443,6/3/2015,5/26/2015,17:46:42,7,30.4,AH0,220,33.1331712,Day,F,L,A,MYSE
151.909,8443,6/3/2015,5/28/2015,17:46:42,7,29.7,AH0,89,31.9095509,Day,F,L,A,MYSE
151.909,8443,6/3/2015,5/26/2015,17:46:44,7,30.4,AH0,217,33.1331712,Day,F,L,A,MYSE
151.909,8443,6/3/2015,5/28/2015,17:46:44,7,29.7,AH0,91,31.9095509,Day,F,L,A,MYSE
151.909,8443,6/3/2015,5/28/2015,17:46:46,7,29.7,AH0,95,31.9095509,Day,F,L,A,MYSE
151.909,8443,6/3/2015,5/25/2015,17:46:47,7,30.3,AH0,243,32.9663291,Day,F,L,A,MYSE
151.909,8443,6/3/2015,5/29/2015,17:46:47,7,32.2,AH0,252,35.7107784,Day,F,L,A,MYSE
151.909,8443,6/3/2015,5/28/2015,17:46:48,7,29.7,AH0,96,31.9095509,Day,F,L,A,MYSE
151.909,8443,6/3/2015,5/30/2015,17:46:48,7,33.8,AH0,255,37.3879176,Day,F,L,A,MYSE
151.909,8443,6/3/2015,5/25/2015,17:46:49,7,30.3,AH0,239,32.9663291,Day,F,L,A,MYSE
151.909,8443,6/3/2015,5/29/2015,17:46:49,7,32.2,AH0,252,35.7107784,Day,F,L,A,MYSE
151.909,8443,6/3/2015,5/30/2015,17:46:50,7,33.8,AH0,254,37.3879176,Day,F,L,A,MYSE
151.909,8443,6/3/2015,5/25/2015,17:46:51,7,30.3,AH0,240,32.9663291,Day,F,L,A,MYSE
151.909,8443,6/3/2015,5/29/2015,17:46:51,7,32.2,AH0,251,35.7107784,Day,F,L,A,MYSE
151.909,8443,6/3/2015,5/30/2015,17:46:52,7,33.7,AH0,254,37.2983949,Day,F,L,A,MYSE
151.909,8443,6/3/2015,5/25/2015,17:46:53,7,30.3,AH0,243,32.9663291,Day,F,L,A,MYSE
151.909,8443,6/3/2015,5/29/2015,17:46:53,7,32.2,AH0,252,35.7107784,Day,F,L,A,MYSE
151.909,8443,6/3/2015,5/30/2015,17:46:53,7,33.8,AH0,253,37.3879176,Day,F,L,A,MYSE
151.909,8443,6/3/2015,5/24/2015,17:46:54,7,30.7,AH0,255,33.6181719,Day,F,L,A,MYSE
151.909,8443,6/3/2015,5/29/2015,17:46:55,7,32.2,AH0,250,35.7107784,Day,F,L,A,MYSE
151.909,8443,6/3/2015,5/24/2015,17:46:56,7,30.7,AH0,255,33.6181719,Day,F,L,A,MYSE
151.909,8443,6/3/2015,5/24/2015,17:46:58,7,30.7,AH0,255,33.6181719,Day,F,L,A,MYSE
151.909,8443,6/3/2015,5/26/2015,17:46:58,7,30.4,AH0,219,33.1331712,Day,F,L,A,MYSE
151.909,8443,6/3/2015,5/24/2015,17:47:00,7,30.7,AH0,255,33.6181719,Day,F,L,A,MYSE
151.909,8443,6/3/2015,5/26/2015,17:47:00,7,30.4,AH0,219,33.1331712,Day,F,L,A,MYSE
151.909,8443,6/3/2015,5/26/2015,17:47:02,7,30.4,AH0,217,33.1331712,Day,F,L,A,MYSE
151.909,8443,6/3/2015,5/28/2015,17:47:02,7,29.7,AH0,91,31.9095509,Day,F,L,A,MYSE
151.909,8443,6/3/2015,5/26/2015,17:47:04,7,30.4,AH0,217,33.1331712,Day,F,L,A,MYSE
151.909,8443,6/3/2015,5/28/2015,17:47:04,7,29.7,AH0,97,31.9095509,Day,F,L,A,MYSE
151.909,8443,6/3/2015,5/28/2015,17:47:05,7,111.1,AH0,45,1054.179672,Day,F,L,A,MYSE
151.909,8443,6/3/2015,5/25/2015,17:47:06,7,30.3,AH0,243,32.9663291,Day,F,L,A,MYSE
151.909,8443,6/3/2015,5/28/2015,17:47:06,7,40.6,AH0,100,39.9907128,Day,F,L,A,MYSE
151.909,8443,6/3/2015,5/25/2015,17:47:08,7,30.3,AH0,239,32.9663291,Day,F,L,A,MYSE
151.909,8443,6/3/2015,5/28/2015,17:47:08,7,29.7,AH0,93,31.9095509,Day,F,L,A,MYSE
151.909,8443,6/3/2015,5/29/2015,17:47:08,7,32.2,AH0,251,35.7107784,Day,F,L,A,MYSE
151.909,8443,6/3/2015,5/30/2015,17:47:08,7,33.7,AH0,255,37.2983949,Day,F,L,A,MYSE
151.909,8443,6/3/2015,5/30/2015,17:47:09,7,33.7,AH0,254,37.2983949,Day,F,L,A,MYSE
151.909,8443,6/3/2015,5/25/2015,17:47:10,7,30.3,AH0,243,32.9663291,Day,F,L,A,MYSE
151.909,8443,6/3/2015,5/29/2015,17:47:10,7,32.2,AH0,252,35.7107784,Day,F,L,A,MYSE
151.909,8443,6/3/2015,5/30/2015,17:47:11,7,33.7,AH0,254,37.2983949,Day,F,L,A,MYSE
151.909,8443,6/3/2015,5/25/2015,17:47:12,7,30.3,AH0,238,32.9663291,Day,F,L,A,MYSE
151.909,8443,6/3/2015,5/29/2015,17:47:12,7,32.2,AH0,251,35.7107784,Day,F,L,A,MYSE
151.909,8443,6/3/2015,5/29/2015,17:47:13,7,32.2,AH0,248,35.7107784,Day,F,L,A,MYSE
151.909,8443,6/3/2015,5/30/2015,17:47:13,7,33.7,AH0,255,37.2983949,Day,F,L,A,MYSE
151.909,8443,6/3/2015,5/24/2015,17:47:14,7,30.7,AH0,255,33.6181719,Day,F,L,A,MYSE
151.909,8443,6/3/2015,5/30/2015,17:47:15,7,33.7,AH0,254,37.2983949,Day,F,L,A,MYSE
151.909,8443,6/3/2015,5/24/2015,17:47:16,7,30.8,AH0,255,33.7747296,Day,F,L,A,MYSE
151.909,8443,6/3/2015,5/24/2015,17:47:18,7,30.8,AH0,254,33.7747296,Day,F,L,A,MYSE
151.909,8443,6/3/2015,5/26/2015,17:47:18,7,30.4,AH0,220,33.1331712,Day,F,L,A,MYSE
151.909,8443,6/3/2015,5/24/2015,17:47:20,7,30.8,AH0,255,33.7747296,Day,F,L,A,MYSE
151.909,8443,6/3/2015,5/26/2015,17:47:20,7,30.4,AH0,218,33.1331712,Day,F,L,A,MYSE
151.909,8443,6/3/2015,5/26/2015,17:47:22,7,30.4,AH0,220,33.1331712,Day,F,L,A,MYSE
151.909,8443,6/3/2015,5/28/2015,17:47:22,7,29.7,AH0,91,31.9095509,Day,F,L,A,MYSE
151.909,8443,6/3/2015,5/26/2015,17:47:24,7,30.4,AH0,221,33.1331712,Day,F,L,A,MYSE
151.909,8443,6/3/2015,5/28/2015,17:47:24,7,29.7,AH0,96,31.9095509,Day,F,L,A,MYSE
151.909,8443,6/3/2015,5/25/2015,17:47:26,7,30.2,AH0,239,32.7968664,Day,F,L,A,MYSE
151.909,8443,6/3/2015,5/28/2015,17:47:26,7,29.7,AH0,92,31.9095509,Day,F,L,A,MYSE
151.909,8443,6/3/2015,5/30/2015,17:47:27,7,33.7,AH0,254,37.2983949,Day,F,L,A,MYSE
151.909,8443,6/3/2015,5/25/2015,17:47:28,7,30.2,AH0,238,32.7968664,Day,F,L,A,MYSE
151.909,8443,6/3/2015,5/28/2015,17:47:28,7,29.7,AH0,89,31.9095509,Day,F,L,A,MYSE
151.909,8443,6/3/2015,5/29/2015,17:47:28,7,32.2,AH0,251,35.7107784,Day,F,L,A,MYSE
151.909,8443,6/3/2015,5/30/2015,17:47:29,7,33.7,AH0,255,37.2983949,Day,F,L,A,MYSE
151.909,8443,6/3/2015,5/25/2015,17:47:30,7,30.2,AH0,238,32.7968664,Day,F,L,A,MYSE
151.909,8443,6/3/2015,5/29/2015,17:47:30,7,32.2,AH0,250,35.7107784,Day,F,L,A,MYSE
151.909,8443,6/3/2015,5/30/2015,17:47:31,7,33.7,AH0,254,37.2983949,Day,F,L,A,MYSE
151.909,8443,6/3/2015,5/25/2015,17:47:32,7,30.2,AH0,235,32.7968664,Day,F,L,A,MYSE
151.909,8443,6/3/2015,5/29/2015,17:47:32,7,32.2,AH0,251,35.7107784,Day,F,L,A,MYSE
151.909,8443,6/3/2015,5/30/2015,17:47:32,7,33.7,AH0,254,37.2983949,Day,F,L,A,MYSE
151.909,8443,6/3/2015,5/24/2015,17:47:33,7,30.8,AH0,255,33.7747296,Day,F,L,A,MYSE
151.909,8443,6/3/2015,5/29/2015,17:47:34,7,32.2,AH0,251,35.7107784,Day,F,L,A,MYSE
151.909,8443,6/3/2015,5/30/2015,17:47:34,7,33.7,AH0,255,37.2983949,Day,F,L,A,MYSE
151.909,8443,6/3/2015,5/24/2015,17:47:35,7,30.8,AH0,255,33.7747296,Day,F,L,A,MYSE
151.909,8443,6/3/2015,5/24/2015,17:47:37,7,30.8,AH0,255,33.7747296,Day,F,L,A,MYSE
151.909,8443,6/3/2015,5/26/2015,17:47:38,7,30.4,AH0,219,33.1331712,Day,F,L,A,MYSE
151.909,8443,6/3/2015,5/24/2015,17:47:39,7,30.8,AH0,255,33.7747296,Day,F,L,A,MYSE
151.909,8443,6/3/2015,5/26/2015,17:47:40,7,30.4,AH0,219,33.1331712,Day,F,L,A,MYSE
151.909,8443,6/3/2015,5/26/2015,17:47:42,7,30.4,AH0,224,33.1331712,Day,F,L,A,MYSE
151.909,8443,6/3/2015,5/28/2015,17:47:43,7,29.7,AH0,94,31.9095509,Day,F,L,A,MYSE
151.909,8443,6/3/2015,5/26/2015,17:47:44,7,30.4,AH0,221,33.1331712,Day,F,L,A,MYSE
151.909,8443,6/3/2015,5/28/2015,17:47:45,7,29.7,AH0,96,31.9095509,Day,F,L,A,MYSE
151.909,8443,6/3/2015,5/25/2015,17:47:46,7,30.1,AH0,227,32.6247633,Day,F,L,A,MYSE
151.909,8443,6/3/2015,5/28/2015,17:47:47,7,29.7,AH0,90,31.9095509,Day,F,L,A,MYSE
151.909,8443,6/3/2015,5/30/2015,17:47:47,7,33.7,AH0,254,37.2983949,Day,F,L,A,MYSE
151.909,8443,6/3/2015,5/25/2015,17:47:48,7,30,AH0,230,32.45,Day,F,L,A,MYSE
151.909,8443,6/3/2015,5/30/2015,17:47:48,7,33.7,AH0,253,37.2983949,Day,F,L,A,MYSE
151.909,8443,6/3/2015,5/28/2015,17:47:49,7,29.7,AH0,96,31.9095509,Day,F,L,A,MYSE
151.909,8443,6/3/2015,5/29/2015,17:47:49,7,32.2,AH0,252,35.7107784,Day,F,L,A,MYSE
151.909,8443,6/3/2015,5/25/2015,17:47:50,7,30,AH0,232,32.45,Day,F,L,A,MYSE
151.909,8443,6/3/2015,5/30/2015,17:47:50,7,33.7,AH0,254,37.2983949,Day,F,L,A,MYSE
151.909,8443,6/3/2015,5/29/2015,17:47:51,7,32.2,AH0,251,35.7107784,Day,F,L,A,MYSE
151.909,8443,6/3/2015,5/25/2015,17:47:52,7,30,AH0,242,32.45,Day,F,L,A,MYSE
151.909,8443,6/3/2015,5/30/2015,17:47:52,7,33.7,AH0,255,37.2983949,Day,F,L,A,MYSE
151.909,8443,6/3/2015,5/29/2015,17:47:53,7,32.2,AH0,250,35.7107784,Day,F,L,A,MYSE
151.909,8443,6/3/2015,5/29/2015,17:47:54,7,32.2,AH0,251,35.7107784,Day,F,L,A,MYSE
151.909,8443,6/3/2015,5/30/2015,17:47:54,7,33.7,AH0,252,37.2983949,Day,F,L,A,MYSE
151.909,8443,6/3/2015,5/24/2015,17:47:55,7,30.8,AH0,255,33.7747296,Day,F,L,A,MYSE
151.909,8443,6/3/2015,5/24/2015,17:47:57,7,30.8,AH0,255,33.7747296,Day,F,L,A,MYSE
151.909,8443,6/3/2015,5/26/2015,17:47:57,7,30.4,AH0,222,33.1331712,Day,F,L,A,MYSE
151.909,8443,6/3/2015,5/24/2015,17:47:59,7,30.9,AH0,255,33.9287657,Day,F,L,A,MYSE
151.909,8443,6/3/2015,5/26/2015,17:47:59,7,30.4,AH0,220,33.1331712,Day,F,L,A,MYSE
151.909,8443,6/3/2015,5/24/2015,17:48:01,7,30.8,AH0,252,33.7747296,Day,F,L,A,MYSE
151.909,8443,6/3/2015,5/26/2015,17:48:01,7,30.4,AH0,217,33.1331712,Day,F,L,A,MYSE
151.909,8443,6/3/2015,5/26/2015,17:48:03,7,30.4,AH0,221,33.1331712,Day,F,L,A,MYSE
151.909,8443,6/3/2015,5/28/2015,17:48:03,7,29.7,AH0,95,31.9095509,Day,F,L,A,MYSE
151.909,8443,6/3/2015,5/28/2015,17:48:05,7,29.7,AH0,94,31.9095509,Day,F,L,A,MYSE
151.909,8443,6/3/2015,5/25/2015,17:48:06,7,30,AH0,234,32.45,Day,F,L,A,MYSE
151.909,8443,6/3/2015,5/28/2015,17:48:07,7,29.7,AH0,92,31.9095509,Day,F,L,A,MYSE
151.909,8443,6/3/2015,5/29/2015,17:48:07,7,32.2,AH0,252,35.7107784,Day,F,L,A,MYSE
151.909,8443,6/3/2015,5/25/2015,17:48:08,7,30,AH0,237,32.45,Day,F,L,A,MYSE
151.909,8443,6/3/2015,5/30/2015,17:48:08,7,33.7,AH0,254,37.2983949,Day,F,L,A,MYSE
151.909,8443,6/3/2015,5/28/2015,17:48:09,7,29.7,AH0,91,31.9095509,Day,F,L,A,MYSE
151.909,8443,6/3/2015,5/29/2015,17:48:09,7,32.2,AH0,251,35.7107784,Day,F,L,A,MYSE
151.909,8443,6/3/2015,5/25/2015,17:48:10,7,30,AH0,236,32.45,Day,F,L,A,MYSE
151.909,8443,6/3/2015,5/30/2015,17:48:10,7,33.7,AH0,254,37.2983949,Day,F,L,A,MYSE
151.909,8443,6/3/2015,5/29/2015,17:48:11,7,32.2,AH0,252,35.7107784,Day,F,L,A,MYSE
151.909,8443,6/3/2015,5/25/2015,17:48:12,7,30,AH0,237,32.45,Day,F,L,A,MYSE
151.909,8443,6/3/2015,5/30/2015,17:48:12,7,33.7,AH0,254,37.2983949,Day,F,L,A,MYSE
151.909,8443,6/3/2015,5/29/2015,17:48:13,7,32.2,AH0,253,35.7107784,Day,F,L,A,MYSE
151.909,8443,6/3/2015,5/30/2015,17:48:13,7,33.7,AH0,255,37.2983949,Day,F,L,A,MYSE
151.909,8443,6/3/2015,5/24/2015,17:48:14,7,30.8,AH0,255,33.7747296,Day,F,L,A,MYSE
151.909,8443,6/3/2015,5/29/2015,17:48:15,7,32.2,AH0,252,35.7107784,Day,F,L,A,MYSE
151.909,8443,6/3/2015,5/24/2015,17:48:16,7,30.8,AH0,255,33.7747296,Day,F,L,A,MYSE
151.909,8443,6/3/2015,5/26/2015,17:48:17,7,30.4,AH0,224,33.1331712,Day,F,L,A,MYSE
151.909,8443,6/3/2015,5/24/2015,17:48:18,7,30.8,AH0,255,33.7747296,Day,F,L,A,MYSE
151.909,8443,6/3/2015,5/26/2015,17:48:19,7,30.4,AH0,222,33.1331712,Day,F,L,A,MYSE
151.909,8443,6/3/2015,5/24/2015,17:48:20,7,30.8,AH0,255,33.7747296,Day,F,L,A,MYSE
151.909,8443,6/3/2015,5/26/2015,17:48:21,7,30.3,AH0,224,32.9663291,Day,F,L,A,MYSE
151.909,8443,6/3/2015,5/28/2015,17:48:21,7,29.7,AH0,91,31.9095509,Day,F,L,A,MYSE
151.909,8443,6/3/2015,5/26/2015,17:48:23,7,30.4,AH0,223,33.1331712,Day,F,L,A,MYSE
151.909,8443,6/3/2015,5/28/2015,17:48:23,7,29.7,AH0,94,31.9095509,Day,F,L,A,MYSE
151.909,8443,6/3/2015,5/28/2015,17:48:25,7,29.7,AH0,94,31.9095509,Day,F,L,A,MYSE
151.909,8443,6/3/2015,5/25/2015,17:48:26,7,30.1,AH0,252,32.6247633,Day,F,L,A,MYSE
151.909,8443,6/3/2015,5/28/2015,17:48:27,7,29.7,AH0,98,31.9095509,Day,F,L,A,MYSE
151.909,8443,6/3/2015,5/25/2015,17:48:28,7,30.1,AH0,254,32.6247633,Day,F,L,A,MYSE
151.909,8443,6/3/2015,5/29/2015,17:48:28,7,32.2,AH0,251,35.7107784,Day,F,L,A,MYSE
151.909,8443,6/3/2015,5/30/2015,17:48:28,7,33.7,AH0,254,37.2983949,Day,F,L,A,MYSE
151.909,8443,6/3/2015,5/30/2015,17:48:29,7,33.7,AH0,255,37.2983949,Day,F,L,A,MYSE
151.909,8443,6/3/2015,5/25/2015,17:48:30,7,30.1,AH0,255,32.6247633,Day,F,L,A,MYSE
151.909,8443,6/3/2015,5/29/2015,17:48:30,7,32.2,AH0,250,35.7107784,Day,F,L,A,MYSE
151.909,8443,6/3/2015,5/30/2015,17:48:31,7,33.7,AH0,254,37.2983949,Day,F,L,A,MYSE
151.909,8443,6/3/2015,5/25/2015,17:48:32,7,30.1,AH0,255,32.6247633,Day,F,L,A,MYSE
151.909,8443,6/3/2015,5/29/2015,17:48:32,7,32.2,AH0,250,35.7107784,Day,F,L,A,MYSE
151.909,8443,6/3/2015,5/30/2015,17:48:33,7,33.7,AH0,255,37.2983949,Day,F,L,A,MYSE
151.909,8443,6/3/2015,5/24/2015,17:48:34,7,30.8,AH0,255,33.7747296,Day,F,L,A,MYSE
151.909,8443,6/3/2015,5/29/2015,17:48:34,7,32.2,AH0,252,35.7107784,Day,F,L,A,MYSE
151.909,8443,6/3/2015,5/24/2015,17:48:36,7,30.8,AH0,255,33.7747296,Day,F,L,A,MYSE
151.909,8443,6/3/2015,5/24/2015,17:48:38,7,30.8,AH0,255,33.7747296,Day,F,L,A,MYSE
151.909,8443,6/3/2015,5/26/2015,17:48:39,7,30.3,AH0,220,32.9663291,Day,F,L,A,MYSE
151.909,8443,6/3/2015,5/24/2015,17:48:40,7,30.8,AH0,253,33.7747296,Day,F,L,A,MYSE
151.909,8443,6/3/2015,5/26/2015,17:48:41,7,30.3,AH0,223,32.9663291,Day,F,L,A,MYSE
151.909,8443,6/3/2015,5/28/2015,17:48:41,7,29.7,AH0,89,31.9095509,Day,F,L,A,MYSE
151.909,8443,6/3/2015,5/26/2015,17:48:43,7,30.3,AH0,217,32.9663291,Day,F,L,A,MYSE
151.909,8443,6/3/2015,5/28/2015,17:48:43,7,29.7,AH0,95,31.9095509,Day,F,L,A,MYSE
151.909,8443,6/3/2015,5/26/2015,17:48:45,7,30.4,AH0,220,33.1331712,Day,F,L,A,MYSE
151.909,8443,6/3/2015,5/28/2015,17:48:45,7,29.7,AH0,94,31.9095509,Day,F,L,A,MYSE
151.909,8443,6/3/2015,5/25/2015,17:48:46,7,30.5,AH0,254,33.2974125,Day,F,L,A,MYSE
151.909,8443,6/3/2015,5/28/2015,17:48:47,7,29.7,AH0,95,31.9095509,Day,F,L,A,MYSE
151.909,8443,6/3/2015,5/30/2015,17:48:47,7,33.7,AH0,255,37.2983949,Day,F,L,A,MYSE
151.909,8443,6/3/2015,5/25/2015,17:48:48,7,30.5,AH0,155,33.2974125,Day,F,L,A,MYSE
151.909,8443,6/3/2015,5/29/2015,17:48:48,7,32.2,AH0,253,35.7107784,Day,F,L,A,MYSE
151.909,8443,6/3/2015,5/30/2015,17:48:49,7,33.7,AH0,255,37.2983949,Day,F,L,A,MYSE
151.909,8443,6/3/2015,5/25/2015,17:48:50,7,30.5,AH0,201,33.2974125,Day,F,L,A,MYSE
151.909,8443,6/3/2015,5/29/2015,17:48:50,7,32.2,AH0,252,35.7107784,Day,F,L,A,MYSE
151.909,8443,6/3/2015,5/30/2015,17:48:51,7,33.7,AH0,253,37.2983949,Day,F,L,A,MYSE
151.909,8443,6/3/2015,5/25/2015,17:48:52,7,30.6,AH0,231,33.4590728,Day,F,L,A,MYSE
151.909,8443,6/3/2015,5/29/2015,17:48:52,7,32.2,AH0,252,35.7107784,Day,F,L,A,MYSE
151.909,8443,6/3/2015,5/24/2015,17:48:53,7,30.8,AH0,255,33.7747296,Day,F,L,A,MYSE
151.909,8443,6/3/2015,5/30/2015,17:48:53,7,33.7,AH0,254,37.2983949,Day,F,L,A,MYSE
151.909,8443,6/3/2015,5/25/2015,17:48:54,7,30.6,AH0,249,33.4590728,Day,F,L,A,MYSE
151.909,8443,6/3/2015,5/29/2015,17:48:54,7,32.2,AH0,250,35.7107784,Day,F,L,A,MYSE
151.909,8443,6/3/2015,5/30/2015,17:48:54,7,33.7,AH0,255,37.2983949,Day,F,L,A,MYSE
151.909,8443,6/3/2015,5/24/2015,17:48:55,7,30.8,AH0,255,33.7747296,Day,F,L,A,MYSE
151.909,8443,6/3/2015,5/24/2015,17:48:57,7,30.8,AH0,255,33.7747296,Day,F,L,A,MYSE
151.909,8443,6/3/2015,5/24/2015,17:48:59,7,30.8,AH0,255,33.7747296,Day,F,L,A,MYSE
151.909,8443,6/3/2015,5/26/2015,17:48:59,7,30.4,AH0,222,33.1331712,Day,F,L,A,MYSE
151.909,8443,6/3/2015,5/26/2015,17:49:01,7,30.3,AH0,222,32.9663291,Day,F,L,A,MYSE
151.909,8443,6/3/2015,5/28/2015,17:49:01,7,29.7,AH0,93,31.9095509,Day,F,L,A,MYSE
151.909,8443,6/3/2015,5/26/2015,17:49:03,7,30.3,AH0,221,32.9663291,Day,F,L,A,MYSE
151.909,8443,6/3/2015,5/28/2015,17:49:03,7,29.7,AH0,95,31.9095509,Day,F,L,A,MYSE
151.909,8443,6/3/2015,5/26/2015,17:49:05,7,30.3,AH0,222,32.9663291,Day,F,L,A,MYSE
151.909,8443,6/3/2015,5/28/2015,17:49:06,7,29.7,AH0,101,31.9095509,Day,F,L,A,MYSE
151.909,8443,6/3/2015,5/30/2015,17:49:07,7,33.6,AH0,254,37.2069248,Day,F,L,A,MYSE
151.909,8443,6/3/2015,5/25/2015,17:49:08,7,30.8,AH0,245,33.7747296,Day,F,L,A,MYSE
151.909,8443,6/3/2015,5/28/2015,17:49:08,7,29.7,AH0,97,31.9095509,Day,F,L,A,MYSE
151.909,8443,6/3/2015,5/29/2015,17:49:09,7,32.3,AH0,250,35.8315911,Day,F,L,A,MYSE
151.909,8443,6/3/2015,5/30/2015,17:49:09,7,33.7,AH0,255,37.2983949,Day,F,L,A,MYSE
151.909,8443,6/3/2015,5/25/2015,17:49:10,7,30.8,AH0,245,33.7747296,Day,F,L,A,MYSE
151.909,8443,6/3/2015,5/30/2015,17:49:10,7,33.6,AH0,254,37.2069248,Day,F,L,A,MYSE
151.909,8443,6/3/2015,5/29/2015,17:49:11,7,32.3,AH0,249,35.8315911,Day,F,L,A,MYSE
151.909,8443,6/3/2015,5/25/2015,17:49:12,7,30.8,AH0,246,33.7747296,Day,F,L,A,MYSE
151.909,8443,6/3/2015,5/30/2015,17:49:12,7,33.6,AH0,254,37.2069248,Day,F,L,A,MYSE
151.909,8443,6/3/2015,5/25/2015,17:49:13,7,30.8,AH0,243,33.7747296,Day,F,L,A,MYSE
151.909,8443,6/3/2015,5/29/2015,17:49:13,7,32.3,AH0,250,35.8315911,Day,F,L,A,MYSE
151.909,8443,6/3/2015,5/29/2015,17:49:14,7,32.3,AH0,249,35.8315911,Day,F,L,A,MYSE
151.909,8443,6/3/2015,5/30/2015,17:49:14,7,33.7,AH0,254,37.2983949,Day,F,L,A,MYSE
151.909,8443,6/3/2015,5/24/2015,17:49:15,7,30.8,AH0,254,33.7747296,Day,F,L,A,MYSE
151.909,8443,6/3/2015,5/24/2015,17:49:17,7,30.8,AH0,254,33.7747296,Day,F,L,A,MYSE
151.909,8443,6/3/2015,5/24/2015,17:49:19,7,30.8,AH0,255,33.7747296,Day,F,L,A,MYSE
151.909,8443,6/3/2015,5/26/2015,17:49:19,7,30.4,AH0,221,33.1331712,Day,F,L,A,MYSE
151.909,8443,6/3/2015,5/24/2015,17:49:20,7,30.8,AH0,255,33.7747296,Day,F,L,A,MYSE
151.909,8443,6/3/2015,5/26/2015,17:49:20,7,30.3,AH0,223,32.9663291,Day,F,L,A,MYSE
151.909,8443,6/3/2015,5/26/2015,17:49:22,7,30.3,AH0,221,32.9663291,Day,F,L,A,MYSE
151.909,8443,6/3/2015,5/28/2015,17:49:22,7,29.7,AH0,99,31.9095509,Day,F,L,A,MYSE
151.909,8443,6/3/2015,5/26/2015,17:49:24,7,30.4,AH0,222,33.1331712,Day,F,L,A,MYSE
151.909,8443,6/3/2015,5/28/2015,17:49:24,7,29.7,AH0,97,31.9095509,Day,F,L,A,MYSE
151.909,8443,6/3/2015,5/28/2015,17:49:26,7,29.7,AH0,95,31.9095509,Day,F,L,A,MYSE
151.909,8443,6/3/2015,5/25/2015,17:49:27,7,30.9,AH0,243,33.9287657,Day,F,L,A,MYSE
151.909,8443,6/3/2015,5/29/2015,17:49:27,7,32.2,AH0,250,35.7107784,Day,F,L,A,MYSE
151.909,8443,6/3/2015,5/28/2015,17:49:28,7,29.7,AH0,95,31.9095509,Day,F,L,A,MYSE
151.909,8443,6/3/2015,5/30/2015,17:49:28,7,33.6,AH0,254,37.2069248,Day,F,L,A,MYSE
151.909,8443,6/3/2015,5/25/2015,17:49:29,7,31,AH0,244,34.0803,Day,F,L,A,MYSE
151.909,8443,6/3/2015,5/29/2015,17:49:29,7,32.2,AH0,250,35.7107784,Day,F,L,A,MYSE
151.909,8443,6/3/2015,5/30/2015,17:49:30,7,33.6,AH0,254,37.2069248,Day,F,L,A,MYSE
151.909,8443,6/3/2015,5/25/2015,17:49:31,7,31,AH0,244,34.0803,Day,F,L,A,MYSE
151.909,8443,6/3/2015,5/29/2015,17:49:31,7,32.3,AH0,251,35.8315911,Day,F,L,A,MYSE
151.909,8443,6/3/2015,5/30/2015,17:49:32,7,33.6,AH0,255,37.2069248,Day,F,L,A,MYSE
151.909,8443,6/3/2015,5/25/2015,17:49:33,7,31,AH0,242,34.0803,Day,F,L,A,MYSE
151.909,8443,6/3/2015,5/29/2015,17:49:33,7,32.3,AH0,253,35.8315911,Day,F,L,A,MYSE
151.909,8443,6/3/2015,5/24/2015,17:49:34,7,30.8,AH0,255,33.7747296,Day,F,L,A,MYSE
151.909,8443,6/3/2015,5/30/2015,17:49:34,7,33.6,AH0,254,37.2069248,Day,F,L,A,MYSE
151.909,8443,6/3/2015,5/29/2015,17:49:35,7,32.2,AH0,250,35.7107784,Day,F,L,A,MYSE
151.909,8443,6/3/2015,5/24/2015,17:49:36,7,30.8,AH0,255,33.7747296,Day,F,L,A,MYSE
151.909,8443,6/3/2015,5/24/2015,17:49:38,7,30.8,AH0,255,33.7747296,Day,F,L,A,MYSE
151.909,8443,6/3/2015,5/26/2015,17:49:38,7,30.3,AH0,221,32.9663291,Day,F,L,A,MYSE
151.909,8443,6/3/2015,5/24/2015,17:49:40,7,30.8,AH0,255,33.7747296,Day,F,L,A,MYSE
151.909,8443,6/3/2015,5/26/2015,17:49:40,7,30.3,AH0,222,32.9663291,Day,F,L,A,MYSE
151.909,8443,6/3/2015,5/26/2015,17:49:42,7,30.4,AH0,224,33.1331712,Day,F,L,A,MYSE
151.909,8443,6/3/2015,5/28/2015,17:49:42,7,29.7,AH0,94,31.9095509,Day,F,L,A,MYSE
151.909,8443,6/3/2015,5/26/2015,17:49:44,7,30.3,AH0,222,32.9663291,Day,F,L,A,MYSE
151.909,8443,6/3/2015,5/28/2015,17:49:44,7,29.7,AH0,99,31.9095509,Day,F,L,A,MYSE
151.909,8443,6/3/2015,5/25/2015,17:49:46,7,31.1,AH0,244,34.2293523,Day,F,L,A,MYSE
151.909,8443,6/3/2015,5/28/2015,17:49:46,7,29.7,AH0,97,31.9095509,Day,F,L,A,MYSE
151.909,8443,6/3/2015,5/25/2015,17:49:48,7,31.1,AH0,245,34.2293523,Day,F,L,A,MYSE
151.909,8443,6/3/2015,5/28/2015,17:49:48,7,29.7,AH0,91,31.9095509,Day,F,L,A,MYSE
151.909,8443,6/3/2015,5/29/2015,17:49:48,7,32.2,AH0,250,35.7107784,Day,F,L,A,MYSE
151.909,8443,6/3/2015,5/30/2015,17:49:48,7,33.6,AH0,254,37.2069248,Day,F,L,A,MYSE
151.909,8443,6/3/2015,5/25/2015,17:49:50,7,31.1,AH0,244,34.2293523,Day,F,L,A,MYSE
151.909,8443,6/3/2015,5/29/2015,17:49:50,7,32.3,AH0,251,35.8315911,Day,F,L,A,MYSE
151.909,8443,6/3/2015,5/30/2015,17:49:50,7,33.6,AH0,253,37.2069248,Day,F,L,A,MYSE
151.909,8443,6/3/2015,5/30/2015,17:49:51,7,33.6,AH0,253,37.2069248,Day,F,L,A,MYSE
151.909,8443,6/3/2015,5/25/2015,17:49:52,7,31.1,AH0,242,34.2293523,Day,F,L,A,MYSE
151.909,8443,6/3/2015,5/29/2015,17:49:52,7,32.2,AH0,251,35.7107784,Day,F,L,A,MYSE
151.909,8443,6/3/2015,5/30/2015,17:49:53,7,33.6,AH0,254,37.2069248,Day,F,L,A,MYSE
151.909,8443,6/3/2015,5/24/2015,17:49:54,7,30.8,AH0,255,33.7747296,Day,F,L,A,MYSE
151.909,8443,6/3/2015,5/29/2015,17:49:54,7,32.3,AH0,252,35.8315911,Day,F,L,A,MYSE
151.909,8443,6/3/2015,5/24/2015,17:49:56,7,30.8,AH0,254,33.7747296,Day,F,L,A,MYSE
151.909,8443,6/3/2015,5/24/2015,17:49:58,7,30.8,AH0,254,33.7747296,Day,F,L,A,MYSE
151.909,8443,6/3/2015,5/26/2015,17:49:58,7,30.3,AH0,219,32.9663291,Day,F,L,A,MYSE
151.909,8443,6/3/2015,5/24/2015,17:49:59,7,30.8,AH0,255,33.7747296,Day,F,L,A,MYSE
151.909,8443,6/3/2015,5/26/2015,17:50:00,7,30.4,AH0,222,33.1331712,Day,F,L,A,MYSE
151.909,8443,6/3/2015,5/26/2015,17:50:02,7,30.3,AH0,223,32.9663291,Day,F,L,A,MYSE
151.909,8443,6/3/2015,5/28/2015,17:50:02,7,29.7,AH0,98,31.9095509,Day,F,L,A,MYSE
151.909,8443,6/3/2015,5/26/2015,17:50:04,7,30.4,AH0,220,33.1331712,Day,F,L,A,MYSE
151.909,8443,6/3/2015,5/28/2015,17:50:04,7,29.7,AH0,96,31.9095509,Day,F,L,A,MYSE
151.909,8443,6/3/2015,5/28/2015,17:50:06,7,29.7,AH0,99,31.9095509,Day,F,L,A,MYSE
151.909,8443,6/3/2015,5/25/2015,17:50:08,7,31.2,AH0,241,34.3759424,Day,F,L,A,MYSE
151.909,8443,6/3/2015,5/28/2015,17:50:08,7,29.7,AH0,100,31.9095509,Day,F,L,A,MYSE
151.909,8443,6/3/2015,5/29/2015,17:50:08,7,32.2,AH0,252,35.7107784,Day,F,L,A,MYSE
151.909,8443,6/3/2015,5/30/2015,17:50:08,7,33.6,AH0,254,37.2069248,Day,F,L,A,MYSE
151.909,8443,6/3/2015,5/25/2015,17:50:09,7,31.3,AH0,242,34.5200901,Day,F,L,A,MYSE
151.909,8443,6/3/2015,5/30/2015,17:50:09,7,33.6,AH0,254,37.2069248,Day,F,L,A,MYSE
151.909,8443,6/3/2015,5/29/2015,17:50:10,7,32.2,AH0,251,35.7107784,Day,F,L,A,MYSE
151.909,8443,6/3/2015,5/25/2015,17:50:11,7,31.3,AH0,243,34.5200901,Day,F,L,A,MYSE
151.909,8443,6/3/2015,5/30/2015,17:50:11,7,33.6,AH0,254,37.2069248,Day,F,L,A,MYSE
151.909,8443,6/3/2015,5/24/2015,17:50:12,7,30.7,AH0,254,33.6181719,Day,F,L,A,MYSE
151.909,8443,6/3/2015,5/29/2015,17:50:12,7,32.2,AH0,252,35.7107784,Day,F,L,A,MYSE
151.909,8443,6/3/2015,5/25/2015,17:50:13,7,31.3,AH0,240,34.5200901,Day,F,L,A,MYSE
151.909,8443,6/3/2015,5/30/2015,17:50:13,7,33.6,AH0,254,37.2069248,Day,F,L,A,MYSE
151.909,8443,6/3/2015,5/24/2015,17:50:14,7,30.7,AH0,254,33.6181719,Day,F,L,A,MYSE
151.909,8443,6/3/2015,5/29/2015,17:50:14,7,32.2,AH0,252,35.7107784,Day,F,L,A,MYSE
151.909,8443,6/3/2015,5/30/2015,17:50:15,7,33.6,AH0,253,37.2069248,Day,F,L,A,MYSE
151.909,8443,6/3/2015,5/24/2015,17:50:16,7,30.7,AH0,252,33.6181719,Day,F,L,A,MYSE
151.909,8443,6/3/2015,5/24/2015,17:50:18,7,30.7,AH0,253,33.6181719,Day,F,L,A,MYSE
151.909,8443,6/3/2015,5/26/2015,17:50:18,7,30.4,AH0,221,33.1331712,Day,F,L,A,MYSE
151.909,8443,6/3/2015,5/24/2015,17:50:20,7,30.7,AH0,255,33.6181719,Day,F,L,A,MYSE
151.909,8443,6/3/2015,5/26/2015,17:50:20,7,30.4,AH0,219,33.1331712,Day,F,L,A,MYSE
151.909,8443,6/3/2015,5/26/2015,17:50:22,7,30.4,AH0,222,33.1331712,Day,F,L,A,MYSE
151.909,8443,6/3/2015,5/28/2015,17:50:22,7,29.7,AH0,96,31.9095509,Day,F,L,A,MYSE
151.909,8443,6/3/2015,5/26/2015,17:50:24,7,30.4,AH0,220,33.1331712,Day,F,L,A,MYSE
151.909,8443,6/3/2015,5/28/2015,17:50:24,7,29.7,AH0,98,31.9095509,Day,F,L,A,MYSE
151.909,8443,6/3/2015,5/28/2015,17:50:26,7,29.7,AH0,95,31.9095509,Day,F,L,A,MYSE
151.909,8443,6/3/2015,5/25/2015,17:50:27,7,31.4,AH0,244,34.6618152,Day,F,L,A,MYSE
151.909,8443,6/3/2015,5/30/2015,17:50:27,7,33.6,AH0,254,37.2069248,Day,F,L,A,MYSE
151.909,8443,6/3/2015,5/28/2015,17:50:28,7,29.7,AH0,100,31.9095509,Day,F,L,A,MYSE
151.909,8443,6/3/2015,5/25/2015,17:50:29,7,31.4,AH0,242,34.6618152,Day,F,L,A,MYSE
151.909,8443,6/3/2015,5/29/2015,17:50:29,7,32.2,AH0,251,35.7107784,Day,F,L,A,MYSE
151.909,8443,6/3/2015,5/30/2015,17:50:29,7,33.6,AH0,254,37.2069248,Day,F,L,A,MYSE
151.909,8443,6/3/2015,5/25/2015,17:50:31,7,31.4,AH0,242,34.6618152,Day,F,L,A,MYSE
151.909,8443,6/3/2015,5/29/2015,17:50:31,7,32.2,AH0,250,35.7107784,Day,F,L,A,MYSE
151.909,8443,6/3/2015,5/30/2015,17:50:31,7,33.6,AH0,254,37.2069248,Day,F,L,A,MYSE
151.909,8443,6/3/2015,5/25/2015,17:50:32,7,31.4,AH0,245,34.6618152,Day,F,L,A,MYSE
151.909,8443,6/3/2015,5/29/2015,17:50:33,7,32.2,AH0,250,35.7107784,Day,F,L,A,MYSE
151.909,8443,6/3/2015,5/30/2015,17:50:33,7,33.6,AH0,254,37.2069248,Day,F,L,A,MYSE
151.909,8443,6/3/2015,5/24/2015,17:50:34,7,30.7,AH0,255,33.6181719,Day,F,L,A,MYSE
151.909,8443,6/3/2015,5/30/2015,17:50:34,7,33.6,AH0,254,37.2069248,Day,F,L,A,MYSE
151.909,8443,6/3/2015,5/29/2015,17:50:35,7,32.2,AH0,251,35.7107784,Day,F,L,A,MYSE
151.909,8443,6/3/2015,5/24/2015,17:50:36,7,30.7,AH0,255,33.6181719,Day,F,L,A,MYSE
151.909,8443,6/3/2015,5/24/2015,17:50:37,7,30.7,AH0,255,33.6181719,Day,F,L,A,MYSE
151.909,8443,6/3/2015,5/26/2015,17:50:38,7,30.4,AH0,222,33.1331712,Day,F,L,A,MYSE
151.909,8443,6/3/2015,5/24/2015,17:50:39,7,30.7,AH0,255,33.6181719,Day,F,L,A,MYSE
151.909,8443,6/3/2015,5/26/2015,17:50:40,7,30.4,AH0,219,33.1331712,Day,F,L,A,MYSE
151.909,8443,6/3/2015,5/26/2015,17:50:42,7,30.4,AH0,221,33.1331712,Day,F,L,A,MYSE
151.909,8443,6/3/2015,5/28/2015,17:50:42,7,29.7,AH0,91,31.9095509,Day,F,L,A,MYSE
151.909,8443,6/3/2015,5/26/2015,17:50:44,7,30.4,AH0,219,33.1331712,Day,F,L,A,MYSE
151.909,8443,6/3/2015,5/28/2015,17:50:45,7,29.7,AH0,94,31.9095509,Day,F,L,A,MYSE
151.909,8443,6/3/2015,5/28/2015,17:50:47,7,29.7,AH0,94,31.9095509,Day,F,L,A,MYSE
151.909,8443,6/3/2015,5/30/2015,17:50:47,7,33.6,AH0,254,37.2069248,Day,F,L,A,MYSE
151.909,8443,6/3/2015,5/25/2015,17:50:48,7,31.4,AH0,253,34.6618152,Day,F,L,A,MYSE
151.909,8443,6/3/2015,5/29/2015,17:50:48,7,32.2,AH0,250,35.7107784,Day,F,L,A,MYSE
151.909,8443,6/3/2015,5/28/2015,17:50:49,7,29.7,AH0,96,31.9095509,Day,F,L,A,MYSE
151.909,8443,6/3/2015,5/29/2015,17:50:49,7,32.2,AH0,249,35.7107784,Day,F,L,A,MYSE
151.909,8443,6/3/2015,5/30/2015,17:50:49,7,33.6,AH0,254,37.2069248,Day,F,L,A,MYSE
151.909,8443,6/3/2015,5/25/2015,17:50:50,7,31.4,AH0,254,34.6618152,Day,F,L,A,MYSE
151.909,8443,6/3/2015,5/30/2015,17:50:50,7,33.6,AH0,254,37.2069248,Day,F,L,A,MYSE
151.909,8443,6/3/2015,5/29/2015,17:50:51,7,32.2,AH0,252,35.7107784,Day,F,L,A,MYSE
151.909,8443,6/3/2015,5/25/2015,17:50:52,7,31.4,AH0,254,34.6618152,Day,F,L,A,MYSE
151.909,8443,6/3/2015,5/30/2015,17:50:52,7,33.6,AH0,254,37.2069248,Day,F,L,A,MYSE
151.909,8443,6/3/2015,5/24/2015,17:50:53,7,30.7,AH0,255,33.6181719,Day,F,L,A,MYSE
151.909,8443,6/3/2015,5/25/2015,17:50:53,7,31.4,AH0,254,34.6618152,Day,F,L,A,MYSE
151.909,8443,6/3/2015,5/29/2015,17:50:53,7,32.2,AH0,251,35.7107784,Day,F,L,A,MYSE
151.909,8443,6/3/2015,5/30/2015,17:50:54,7,33.6,AH0,254,37.2069248,Day,F,L,A,MYSE
151.909,8443,6/3/2015,5/24/2015,17:50:55,7,30.7,AH0,255,33.6181719,Day,F,L,A,MYSE
151.909,8443,6/3/2015,5/29/2015,17:50:55,7,32.2,AH0,251,35.7107784,Day,F,L,A,MYSE
151.909,8443,6/3/2015,5/24/2015,17:50:57,7,30.7,AH0,255,33.6181719,Day,F,L,A,MYSE
151.909,8443,6/3/2015,5/26/2015,17:50:57,7,30.4,AH0,221,33.1331712,Day,F,L,A,MYSE
151.909,8443,6/3/2015,5/24/2015,17:50:59,7,30.7,AH0,255,33.6181719,Day,F,L,A,MYSE
151.909,8443,6/3/2015,5/26/2015,17:50:59,7,30.4,AH0,218,33.1331712,Day,F,L,A,MYSE
151.909,8443,6/3/2015,5/26/2015,17:51:01,7,30.4,AH0,220,33.1331712,Day,F,L,A,MYSE
151.909,8443,6/3/2015,5/26/2015,17:51:03,7,30.4,AH0,220,33.1331712,Day,F,L,A,MYSE
151.909,8443,6/3/2015,5/28/2015,17:51:03,7,29.7,AH0,96,31.9095509,Day,F,L,A,MYSE
151.909,8443,6/3/2015,5/28/2015,17:51:05,7,29.7,AH0,95,31.9095509,Day,F,L,A,MYSE
151.909,8443,6/3/2015,5/25/2015,17:51:07,7,31.4,AH0,254,34.6618152,Day,F,L,A,MYSE
151.909,8443,6/3/2015,5/28/2015,17:51:07,7,29.7,AH0,97,31.9095509,Day,F,L,A,MYSE
151.909,8443,6/3/2015,5/30/2015,17:51:07,7,33.5,AH0,254,37.1134875,Day,F,L,A,MYSE
151.909,8443,6/3/2015,5/29/2015,17:51:08,7,32.2,AH0,252,35.7107784,Day,F,L,A,MYSE
151.909,8443,6/3/2015,5/30/2015,17:51:08,7,33.5,AH0,255,37.1134875,Day,F,L,A,MYSE
151.909,8443,6/3/2015,5/25/2015,17:51:09,7,31.4,AH0,253,34.6618152,Day,F,L,A,MYSE
151.909,8443,6/3/2015,5/28/2015,17:51:09,7,29.7,AH0,96,31.9095509,Day,F,L,A,MYSE
151.909,8443,6/3/2015,5/29/2015,17:51:10,7,32.2,AH0,248,35.7107784,Day,F,L,A,MYSE
151.909,8443,6/3/2015,5/30/2015,17:51:10,7,33.5,AH0,254,37.1134875,Day,F,L,A,MYSE
151.909,8443,6/3/2015,5/25/2015,17:51:11,7,31.4,AH0,254,34.6618152,Day,F,L,A,MYSE
151.909,8443,6/3/2015,5/29/2015,17:51:12,7,32.2,AH0,252,35.7107784,Day,F,L,A,MYSE
151.909,8443,6/3/2015,5/30/2015,17:51:12,7,33.5,AH0,255,37.1134875,Day,F,L,A,MYSE
151.909,8443,6/3/2015,5/24/2015,17:51:13,7,30.7,AH0,254,33.6181719,Day,F,L,A,MYSE
151.909,8443,6/3/2015,5/25/2015,17:51:13,7,31.4,AH0,253,34.6618152,Day,F,L,A,MYSE
151.909,8443,6/3/2015,5/29/2015,17:51:14,7,32.2,AH0,252,35.7107784,Day,F,L,A,MYSE
151.909,8443,6/3/2015,5/30/2015,17:51:14,7,33.5,AH0,253,37.1134875,Day,F,L,A,MYSE
151.909,8443,6/3/2015,5/24/2015,17:51:15,7,30.7,AH0,254,33.6181719,Day,F,L,A,MYSE
151.909,8443,6/3/2015,5/24/2015,17:51:17,7,30.7,AH0,254,33.6181719,Day,F,L,A,MYSE
151.909,8443,6/3/2015,5/26/2015,17:51:17,7,30.4,AH0,220,33.1331712,Day,F,L,A,MYSE
151.909,8443,6/3/2015,5/24/2015,17:51:19,7,30.7,AH0,254,33.6181719,Day,F,L,A,MYSE
151.909,8443,6/3/2015,5/26/2015,17:51:19,7,30.4,AH0,218,33.1331712,Day,F,L,A,MYSE
151.909,8443,6/3/2015,5/26/2015,17:51:21,7,30.4,AH0,221,33.1331712,Day,F,L,A,MYSE
151.909,8443,6/3/2015,5/26/2015,17:51:23,7,30.4,AH0,220,33.1331712,Day,F,L,A,MYSE
151.909,8443,6/3/2015,5/28/2015,17:51:23,7,29.7,AH0,92,31.9095509,Day,F,L,A,MYSE
151.909,8443,6/3/2015,5/26/2015,17:51:25,7,30.4,AH0,218,33.1331712,Day,F,L,A,MYSE
151.909,8443,6/3/2015,5/28/2015,17:51:25,7,29.7,AH0,95,31.9095509,Day,F,L,A,MYSE
151.909,8443,6/3/2015,5/25/2015,17:51:26,7,31.4,AH0,253,34.6618152,Day,F,L,A,MYSE
151.909,8443,6/3/2015,5/28/2015,17:51:27,7,29.7,AH0,92,31.9095509,Day,F,L,A,MYSE
151.909,8443,6/3/2015,5/25/2015,17:51:28,7,31.4,AH0,254,34.6618152,Day,F,L,A,MYSE
151.909,8443,6/3/2015,5/30/2015,17:51:28,7,33.5,AH0,254,37.1134875,Day,F,L,A,MYSE
151.909,8443,6/3/2015,5/29/2015,17:51:29,7,32.2,AH0,251,35.7107784,Day,F,L,A,MYSE
151.909,8443,6/3/2015,5/25/2015,17:51:30,7,31.4,AH0,254,34.6618152,Day,F,L,A,MYSE
151.909,8443,6/3/2015,5/29/2015,17:51:30,7,32.2,AH0,252,35.7107784,Day,F,L,A,MYSE
151.909,8443,6/3/2015,5/30/2015,17:51:30,7,33.5,AH0,254,37.1134875,Day,F,L,A,MYSE
151.909,8443,6/3/2015,5/24/2015,17:51:32,7,30.7,AH0,255,33.6181719,Day,F,L,A,MYSE
151.909,8443,6/3/2015,5/25/2015,17:51:32,7,31.4,AH0,254,34.6618152,Day,F,L,A,MYSE
151.909,8443,6/3/2015,5/29/2015,17:51:32,7,32.2,AH0,252,35.7107784,Day,F,L,A,MYSE
151.909,8443,6/3/2015,5/30/2015,17:51:32,7,33.5,AH0,254,37.1134875,Day,F,L,A,MYSE
151.909,8443,6/3/2015,5/30/2015,17:51:33,7,33.5,AH0,254,37.1134875,Day,F,L,A,MYSE
151.909,8443,6/3/2015,5/24/2015,17:51:34,7,30.7,AH0,255,33.6181719,Day,F,L,A,MYSE
151.909,8443,6/3/2015,5/25/2015,17:51:34,7,31.4,AH0,253,34.6618152,Day,F,L,A,MYSE
151.909,8443,6/3/2015,5/29/2015,17:51:34,7,32.2,AH0,250,35.7107784,Day,F,L,A,MYSE
151.909,8443,6/3/2015,5/24/2015,17:51:36,7,30.7,AH0,255,33.6181719,Day,F,L,A,MYSE
151.909,8443,6/3/2015,5/24/2015,17:51:38,7,30.7,AH0,255,33.6181719,Day,F,L,A,MYSE
151.909,8443,6/3/2015,5/26/2015,17:51:39,7,30.4,AH0,222,33.1331712,Day,F,L,A,MYSE
151.909,8443,6/3/2015,5/26/2015,17:51:41,7,30.5,AH0,221,33.2974125,Day,F,L,A,MYSE
151.909,8443,6/3/2015,5/28/2015,17:51:41,7,29.7,AH0,99,31.9095509,Day,F,L,A,MYSE
151.909,8443,6/3/2015,5/26/2015,17:51:43,7,30.5,AH0,219,33.2974125,Day,F,L,A,MYSE
151.909,8443,6/3/2015,5/28/2015,17:51:43,7,29.7,AH0,101,31.9095509,Day,F,L,A,MYSE
151.909,8443,6/3/2015,5/26/2015,17:51:45,7,30.5,AH0,221,33.2974125,Day,F,L,A,MYSE
151.909,8443,6/3/2015,5/28/2015,17:51:45,7,29.7,AH0,99,31.9095509,Day,F,L,A,MYSE
151.909,8443,6/3/2015,5/25/2015,17:51:47,7,31.4,AH0,254,34.6618152,Day,F,L,A,MYSE
151.909,8443,6/3/2015,5/28/2015,17:51:47,7,29.7,AH0,96,31.9095509,Day,F,L,A,MYSE
151.909,8443,6/3/2015,5/29/2015,17:51:47,7,32.2,AH0,251,35.7107784,Day,F,L,A,MYSE
151.909,8443,6/3/2015,5/30/2015,17:51:48,7,33.6,AH0,255,37.2069248,Day,F,L,A,MYSE
151.909,8443,6/3/2015,5/25/2015,17:51:49,7,31.4,AH0,254,34.6618152,Day,F,L,A,MYSE
151.909,8443,6/3/2015,5/29/2015,17:51:49,7,32.2,AH0,253,35.7107784,Day,F,L,A,MYSE
151.909,8443,6/3/2015,5/30/2015,17:51:50,7,33.5,AH0,254,37.1134875,Day,F,L,A,MYSE
151.909,8443,6/3/2015,5/25/2015,17:51:51,7,31.4,AH0,254,34.6618152,Day,F,L,A,MYSE
151.909,8443,6/3/2015,5/29/2015,17:51:51,7,32.2,AH0,252,35.7107784,Day,F,L,A,MYSE
151.909,8443,6/3/2015,5/30/2015,17:51:51,7,33.6,AH0,254,37.2069248,Day,F,L,A,MYSE
151.909,8443,6/3/2015,5/25/2015,17:51:53,7,31.4,AH0,254,34.6618152,Day,F,L,A,MYSE
151.909,8443,6/3/2015,5/29/2015,17:51:53,7,32.2,AH0,251,35.7107784,Day,F,L,A,MYSE
151.909,8443,6/3/2015,5/30/2015,17:51:53,7,33.5,AH0,254,37.1134875,Day,F,L,A,MYSE
151.909,8443,6/3/2015,5/24/2015,17:51:54,7,30.7,AH0,255,33.6181719,Day,F,L,A,MYSE
151.909,8443,6/3/2015,5/29/2015,17:51:55,7,32.2,AH0,252,35.7107784,Day,F,L,A,MYSE
151.909,8443,6/3/2015,5/24/2015,17:51:56,7,30.7,AH0,255,33.6181719,Day,F,L,A,MYSE
151.909,8443,6/3/2015,5/24/2015,17:51:58,7,30.7,AH0,255,33.6181719,Day,F,L,A,MYSE
151.909,8443,6/3/2015,5/26/2015,17:51:58,7,30.5,AH0,220,33.2974125,Day,F,L,A,MYSE
151.909,8443,6/3/2015,5/24/2015,17:52:00,7,30.7,AH0,255,33.6181719,Day,F,L,A,MYSE
151.909,8443,6/3/2015,5/26/2015,17:52:00,7,30.5,AH0,220,33.2974125,Day,F,L,A,MYSE
151.909,8443,6/3/2015,5/28/2015,17:52:01,7,29.7,AH0,99,31.9095509,Day,F,L,A,MYSE
151.909,8443,6/3/2015,5/26/2015,17:52:02,7,30.5,AH0,219,33.2974125,Day,F,L,A,MYSE
151.909,8443,6/3/2015,5/28/2015,17:52:03,7,29.7,AH0,99,31.9095509,Day,F,L,A,MYSE
151.909,8443,6/3/2015,5/26/2015,17:52:04,7,30.5,AH0,217,33.2974125,Day,F,L,A,MYSE
151.909,8443,6/3/2015,5/28/2015,17:52:05,7,29.7,AH0,99,31.9095509,Day,F,L,A,MYSE
151.909,8443,6/3/2015,5/25/2015,17:52:06,7,31.4,AH0,254,34.6618152,Day,F,L,A,MYSE
151.909,8443,6/3/2015,5/28/2015,17:52:07,7,35.1,AH0,96,38.3835083,Day,F,L,A,MYSE
151.909,8443,6/3/2015,5/30/2015,17:52:07,7,33.6,AH0,254,37.2069248,Day,F,L,A,MYSE
151.909,8443,6/3/2015,5/25/2015,17:52:08,7,31.4,AH0,254,34.6618152,Day,F,L,A,MYSE
151.909,8443,6/3/2015,5/29/2015,17:52:08,7,32.1,AH0,250,35.5877213,Day,F,L,A,MYSE
151.909,8443,6/3/2015,5/30/2015,17:52:09,7,33.5,AH0,255,37.1134875,Day,F,L,A,MYSE
151.909,8443,6/3/2015,5/25/2015,17:52:10,7,31.4,AH0,253,34.6618152,Day,F,L,A,MYSE
151.909,8443,6/3/2015,5/29/2015,17:52:10,7,32.1,AH0,250,35.5877213,Day,F,L,A,MYSE
151.909,8443,6/3/2015,5/29/2015,17:52:11,7,32.1,AH0,252,35.5877213,Day,F,L,A,MYSE
151.909,8443,6/3/2015,5/30/2015,17:52:11,7,33.6,AH0,254,37.2069248,Day,F,L,A,MYSE
151.909,8443,6/3/2015,5/25/2015,17:52:12,7,31.4,AH0,254,34.6618152,Day,F,L,A,MYSE
151.909,8443,6/3/2015,5/24/2015,17:52:13,7,30.7,AH0,255,33.6181719,Day,F,L,A,MYSE
151.909,8443,6/3/2015,5/29/2015,17:52:13,7,32.1,AH0,248,35.5877213,Day,F,L,A,MYSE
151.909,8443,6/3/2015,5/30/2015,17:52:13,7,33.5,AH0,254,37.1134875,Day,F,L,A,MYSE
151.909,8443,6/3/2015,5/25/2015,17:52:14,7,31.5,AH0,254,34.8011375,Day,F,L,A,MYSE
151.909,8443,6/3/2015,5/24/2015,17:52:15,7,30.6,AH0,255,33.4590728,Day,F,L,A,MYSE
151.909,8443,6/3/2015,5/29/2015,17:52:15,7,32.1,AH0,250,35.5877213,Day,F,L,A,MYSE
151.909,8443,6/3/2015,5/30/2015,17:52:15,7,33.6,AH0,254,37.2069248,Day,F,L,A,MYSE
151.909,8443,6/3/2015,5/24/2015,17:52:17,7,30.7,AH0,254,33.6181719,Day,F,L,A,MYSE
151.909,8443,6/3/2015,5/26/2015,17:52:18,7,30.5,AH0,220,33.2974125,Day,F,L,A,MYSE
151.909,8443,6/3/2015,5/24/2015,17:52:19,7,30.6,AH0,255,33.4590728,Day,F,L,A,MYSE
151.909,8443,6/3/2015,5/26/2015,17:52:20,7,30.5,AH0,218,33.2974125,Day,F,L,A,MYSE
151.909,8443,6/3/2015,5/26/2015,17:52:22,7,30.5,AH0,221,33.2974125,Day,F,L,A,MYSE
151.909,8443,6/3/2015,5/28/2015,17:52:22,7,29.7,AH0,91,31.9095509,Day,F,L,A,MYSE
151.909,8443,6/3/2015,5/26/2015,17:52:24,7,30.5,AH0,220,33.2974125,Day,F,L,A,MYSE
151.909,8443,6/3/2015,5/28/2015,17:52:24,7,29.7,AH0,94,31.9095509,Day,F,L,A,MYSE
151.909,8443,6/3/2015,5/28/2015,17:52:26,7,29.7,AH0,96,31.9095509,Day,F,L,A,MYSE
151.909,8443,6/3/2015,5/25/2015,17:52:27,7,31.5,AH0,252,34.8011375,Day,F,L,A,MYSE
151.909,8443,6/3/2015,5/30/2015,17:52:27,7,33.5,AH0,254,37.1134875,Day,F,L,A,MYSE
151.909,8443,6/3/2015,5/28/2015,17:52:28,7,29.7,AH0,93,31.9095509,Day,F,L,A,MYSE
151.909,8443,6/3/2015,5/29/2015,17:52:28,7,32.1,AH0,249,35.5877213,Day,F,L,A,MYSE
151.909,8443,6/3/2015,5/25/2015,17:52:29,7,31.5,AH0,253,34.8011375,Day,F,L,A,MYSE
151.909,8443,6/3/2015,5/30/2015,17:52:29,7,33.5,AH0,254,37.1134875,Day,F,L,A,MYSE
151.909,8443,6/3/2015,5/29/2015,17:52:30,7,32.1,AH0,252,35.5877213,Day,F,L,A,MYSE
151.909,8443,6/3/2015,5/25/2015,17:52:31,7,31.5,AH0,254,34.8011375,Day,F,L,A,MYSE
151.909,8443,6/3/2015,5/30/2015,17:52:31,7,33.5,AH0,254,37.1134875,Day,F,L,A,MYSE
151.909,8443,6/3/2015,5/29/2015,17:52:32,7,32.1,AH0,251,35.5877213,Day,F,L,A,MYSE
151.909,8443,6/3/2015,5/30/2015,17:52:32,7,33.5,AH0,254,37.1134875,Day,F,L,A,MYSE
151.909,8443,6/3/2015,5/24/2015,17:52:33,7,30.7,AH0,254,33.6181719,Day,F,L,A,MYSE
151.909,8443,6/3/2015,5/25/2015,17:52:33,7,31.5,AH0,253,34.8011375,Day,F,L,A,MYSE
151.909,8443,6/3/2015,5/29/2015,17:52:34,7,32.1,AH0,250,35.5877213,Day,F,L,A,MYSE
151.909,8443,6/3/2015,5/30/2015,17:52:34,7,33.5,AH0,254,37.1134875,Day,F,L,A,MYSE
151.909,8443,6/3/2015,5/24/2015,17:52:35,7,30.7,AH0,255,33.6181719,Day,F,L,A,MYSE
151.909,8443,6/3/2015,5/24/2015,17:52:37,7,30.7,AH0,254,33.6181719,Day,F,L,A,MYSE
151.909,8443,6/3/2015,5/26/2015,17:52:38,7,30.5,AH0,221,33.2974125,Day,F,L,A,MYSE
151.909,8443,6/3/2015,5/24/2015,17:52:39,7,30.7,AH0,255,33.6181719,Day,F,L,A,MYSE
151.909,8443,6/3/2015,5/26/2015,17:52:40,7,30.5,AH0,222,33.2974125,Day,F,L,A,MYSE
151.909,8443,6/3/2015,5/26/2015,17:52:42,7,30.5,AH0,222,33.2974125,Day,F,L,A,MYSE
151.909,8443,6/3/2015,5/28/2015,17:52:42,7,29.7,AH0,106,31.9095509,Day,F,L,A,MYSE
151.909,8443,6/3/2015,5/26/2015,17:52:44,7,30.5,AH0,220,33.2974125,Day,F,L,A,MYSE
151.909,8443,6/3/2015,5/28/2015,17:52:44,7,29.6,AH0,106,31.7239488,Day,F,L,A,MYSE
151.909,8443,6/3/2015,5/25/2015,17:52:46,7,31.6,AH0,254,34.9380768,Day,F,L,A,MYSE
151.909,8443,6/3/2015,5/28/2015,17:52:46,7,29.7,AH0,101,31.9095509,Day,F,L,A,MYSE
151.909,8443,6/3/2015,5/30/2015,17:52:47,7,33.5,AH0,254,37.1134875,Day,F,L,A,MYSE
151.909,8443,6/3/2015,5/25/2015,17:52:48,7,31.6,AH0,254,34.9380768,Day,F,L,A,MYSE
151.909,8443,6/3/2015,5/28/2015,17:52:48,7,29.7,AH0,105,31.9095509,Day,F,L,A,MYSE
151.909,8443,6/3/2015,5/29/2015,17:52:49,7,32.1,AH0,251,35.5877213,Day,F,L,A,MYSE
151.909,8443,6/3/2015,5/30/2015,17:52:49,7,33.5,AH0,254,37.1134875,Day,F,L,A,MYSE
151.909,8443,6/3/2015,5/25/2015,17:52:50,7,31.6,AH0,254,34.9380768,Day,F,L,A,MYSE
151.909,8443,6/3/2015,5/30/2015,17:52:50,7,33.5,AH0,254,37.1134875,Day,F,L,A,MYSE
151.909,8443,6/3/2015,5/29/2015,17:52:51,7,32.1,AH0,251,35.5877213,Day,F,L,A,MYSE
151.909,8443,6/3/2015,5/24/2015,17:52:52,7,30.8,AH0,255,33.7747296,Day,F,L,A,MYSE
151.909,8443,6/3/2015,5/25/2015,17:52:52,7,31.6,AH0,253,34.9380768,Day,F,L,A,MYSE
151.909,8443,6/3/2015,5/30/2015,17:52:52,7,33.5,AH0,254,37.1134875,Day,F,L,A,MYSE
151.909,8443,6/3/2015,5/29/2015,17:52:53,7,32.1,AH0,252,35.5877213,Day,F,L,A,MYSE
151.909,8443,6/3/2015,5/24/2015,17:52:54,7,30.8,AH0,255,33.7747296,Day,F,L,A,MYSE
151.909,8443,6/3/2015,5/25/2015,17:52:54,7,31.6,AH0,254,34.9380768,Day,F,L,A,MYSE
151.909,8443,6/3/2015,5/29/2015,17:52:54,7,32.1,AH0,251,35.5877213,Day,F,L,A,MYSE
151.909,8443,6/3/2015,5/30/2015,17:52:54,7,33.5,AH0,254,37.1134875,Day,F,L,A,MYSE
151.909,8443,6/3/2015,5/24/2015,17:52:56,7,30.8,AH0,255,33.7747296,Day,F,L,A,MYSE
151.909,8443,6/3/2015,5/26/2015,17:52:57,7,30.5,AH0,219,33.2974125,Day,F,L,A,MYSE
151.909,8443,6/3/2015,5/24/2015,17:52:58,7,30.8,AH0,255,33.7747296,Day,F,L,A,MYSE
151.909,8443,6/3/2015,5/26/2015,17:52:59,7,30.5,AH0,219,33.2974125,Day,F,L,A,MYSE
151.909,8443,6/3/2015,5/26/2015,17:53:01,7,30.5,AH0,218,33.2974125,Day,F,L,A,MYSE
151.909,8443,6/3/2015,5/28/2015,17:53:02,7,29.6,AH0,99,31.7239488,Day,F,L,A,MYSE
151.909,8443,6/3/2015,5/26/2015,17:53:03,7,30.5,AH0,221,33.2974125,Day,F,L,A,MYSE
151.909,8443,6/3/2015,5/28/2015,17:53:04,7,29.7,AH0,101,31.9095509,Day,F,L,A,MYSE
151.909,8443,6/3/2015,5/28/2015,17:53:06,7,29.7,AH0,98,31.9095509,Day,F,L,A,MYSE
151.909,8443,6/3/2015,5/25/2015,17:53:07,7,31.6,AH0,254,34.9380768,Day,F,L,A,MYSE
151.909,8443,6/3/2015,5/30/2015,17:53:07,7,33.5,AH0,254,37.1134875,Day,F,L,A,MYSE
151.909,8443,6/3/2015,5/28/2015,17:53:08,7,29.7,AH0,100,31.9095509,Day,F,L,A,MYSE
151.909,8443,6/3/2015,5/29/2015,17:53:08,7,32.1,AH0,253,35.5877213,Day,F,L,A,MYSE
151.909,8443,6/3/2015,5/30/2015,17:53:08,7,33.5,AH0,254,37.1134875,Day,F,L,A,MYSE
151.909,8443,6/3/2015,5/25/2015,17:53:09,7,31.6,AH0,252,34.9380768,Day,F,L,A,MYSE
151.909,8443,6/3/2015,5/29/2015,17:53:09,7,32.1,AH0,251,35.5877213,Day,F,L,A,MYSE
151.909,8443,6/3/2015,5/30/2015,17:53:10,7,33.5,AH0,253,37.1134875,Day,F,L,A,MYSE
151.909,8443,6/3/2015,5/25/2015,17:53:11,7,31.6,AH0,254,34.9380768,Day,F,L,A,MYSE
151.909,8443,6/3/2015,5/29/2015,17:53:11,7,32.1,AH0,251,35.5877213,Day,F,L,A,MYSE
151.909,8443,6/3/2015,5/24/2015,17:53:12,7,30.8,AH0,255,33.7747296,Day,F,L,A,MYSE
151.909,8443,6/3/2015,5/30/2015,17:53:12,7,33.5,AH0,254,37.1134875,Day,F,L,A,MYSE
151.909,8443,6/3/2015,5/25/2015,17:53:13,7,31.6,AH0,253,34.9380768,Day,F,L,A,MYSE
151.909,8443,6/3/2015,5/29/2015,17:53:13,7,32.1,AH0,251,35.5877213,Day,F,L,A,MYSE
151.909,8443,6/3/2015,5/24/2015,17:53:14,7,30.8,AH0,255,33.7747296,Day,F,L,A,MYSE
151.909,8443,6/3/2015,5/30/2015,17:53:14,7,33.5,AH0,254,37.1134875,Day,F,L,A,MYSE
151.909,8443,6/3/2015,5/29/2015,17:53:15,7,32.1,AH0,252,35.5877213,Day,F,L,A,MYSE
151.909,8443,6/3/2015,5/24/2015,17:53:16,7,30.8,AH0,255,33.7747296,Day,F,L,A,MYSE
151.909,8443,6/3/2015,5/26/2015,17:53:17,7,30.5,AH0,217,33.2974125,Day,F,L,A,MYSE
151.909,8443,6/3/2015,5/24/2015,17:53:18,7,30.8,AH0,255,33.7747296,Day,F,L,A,MYSE
151.909,8443,6/3/2015,5/26/2015,17:53:19,7,30.5,AH0,220,33.2974125,Day,F,L,A,MYSE
151.909,8443,6/3/2015,5/24/2015,17:53:20,7,30.8,AH0,255,33.7747296,Day,F,L,A,MYSE
151.909,8443,6/3/2015,5/26/2015,17:53:21,7,30.5,AH0,220,33.2974125,Day,F,L,A,MYSE
151.909,8443,6/3/2015,5/28/2015,17:53:22,7,29.7,AH0,108,31.9095509,Day,F,L,A,MYSE
151.909,8443,6/3/2015,5/26/2015,17:53:23,7,30.5,AH0,222,33.2974125,Day,F,L,A,MYSE
151.909,8443,6/3/2015,5/28/2015,17:53:24,7,29.7,AH0,104,31.9095509,Day,F,L,A,MYSE
151.909,8443,6/3/2015,5/25/2015,17:53:26,7,31.7,AH0,254,35.0726529,Day,F,L,A,MYSE
151.909,8443,6/3/2015,5/28/2015,17:53:26,7,29.7,AH0,106,31.9095509,Day,F,L,A,MYSE
151.909,8443,6/3/2015,5/25/2015,17:53:28,7,31.7,AH0,254,35.0726529,Day,F,L,A,MYSE
151.909,8443,6/3/2015,5/28/2015,17:53:28,7,29.7,AH0,102,31.9095509,Day,F,L,A,MYSE
151.909,8443,6/3/2015,5/29/2015,17:53:28,7,32.1,AH0,248,35.5877213,Day,F,L,A,MYSE
151.909,8443,6/3/2015,5/30/2015,17:53:28,7,33.5,AH0,254,37.1134875,Day,F,L,A,MYSE
151.909,8443,6/3/2015,5/25/2015,17:53:30,7,31.7,AH0,253,35.0726529,Day,F,L,A,MYSE
151.909,8443,6/3/2015,5/29/2015,17:53:30,7,32.1,AH0,251,35.5877213,Day,F,L,A,MYSE
151.909,8443,6/3/2015,5/30/2015,17:53:30,7,33.5,AH0,255,37.1134875,Day,F,L,A,MYSE
151.909,8443,6/3/2015,5/25/2015,17:53:32,7,31.7,AH0,253,35.0726529,Day,F,L,A,MYSE
151.909,8443,6/3/2015,5/29/2015,17:53:32,7,32.1,AH0,249,35.5877213,Day,F,L,A,MYSE
151.909,8443,6/3/2015,5/30/2015,17:53:32,7,33.5,AH0,254,37.1134875,Day,F,L,A,MYSE
151.909,8443,6/3/2015,5/24/2015,17:53:33,7,30.9,AH0,255,33.9287657,Day,F,L,A,MYSE
151.909,8443,6/3/2015,5/30/2015,17:53:33,7,33.5,AH0,254,37.1134875,Day,F,L,A,MYSE
151.909,8443,6/3/2015,5/25/2015,17:53:34,7,31.7,AH0,254,35.0726529,Day,F,L,A,MYSE
151.909,8443,6/3/2015,5/29/2015,17:53:34,7,32.1,AH0,250,35.5877213,Day,F,L,A,MYSE
151.909,8443,6/3/2015,5/24/2015,17:53:35,7,30.9,AH0,255,33.9287657,Day,F,L,A,MYSE
151.909,8443,6/3/2015,5/24/2015,17:53:37,7,30.9,AH0,255,33.9287657,Day,F,L,A,MYSE
151.909,8443,6/3/2015,5/24/2015,17:53:39,7,30.9,AH0,255,33.9287657,Day,F,L,A,MYSE
151.909,8443,6/3/2015,5/26/2015,17:53:39,7,30.4,AH0,216,33.1331712,Day,F,L,A,MYSE
151.909,8443,6/3/2015,5/26/2015,17:53:41,7,30.4,AH0,221,33.1331712,Day,F,L,A,MYSE
151.909,8443,6/3/2015,5/26/2015,17:53:43,7,30.5,AH0,218,33.2974125,Day,F,L,A,MYSE
151.909,8443,6/3/2015,5/28/2015,17:53:43,7,29.6,AH0,105,31.7239488,Day,F,L,A,MYSE
151.909,8443,6/3/2015,5/26/2015,17:53:45,7,30.4,AH0,219,33.1331712,Day,F,L,A,MYSE
151.909,8443,6/3/2015,5/28/2015,17:53:45,7,29.6,AH0,101,31.7239488,Day,F,L,A,MYSE
151.909,8443,6/3/2015,5/25/2015,17:53:47,7,31.7,AH0,252,35.0726529,Day,F,L,A,MYSE
151.909,8443,6/3/2015,5/28/2015,17:53:47,7,29.6,AH0,102,31.7239488,Day,F,L,A,MYSE
151.909,8443,6/3/2015,5/30/2015,17:53:48,7,33.5,AH0,254,37.1134875,Day,F,L,A,MYSE
151.909,8443,6/3/2015,5/25/2015,17:53:49,7,31.7,AH0,253,35.0726529,Day,F,L,A,MYSE
151.909,8443,6/3/2015,5/28/2015,17:53:49,7,29.6,AH0,99,31.7239488,Day,F,L,A,MYSE
151.909,8443,6/3/2015,5/29/2015,17:53:49,7,32.1,AH0,250,35.5877213,Day,F,L,A,MYSE
151.909,8443,6/3/2015,5/30/2015,17:53:50,7,33.5,AH0,254,37.1134875,Day,F,L,A,MYSE
151.909,8443,6/3/2015,5/25/2015,17:53:51,7,31.7,AH0,254,35.0726529,Day,F,L,A,MYSE
151.909,8443,6/3/2015,5/29/2015,17:53:51,7,32.1,AH0,249,35.5877213,Day,F,L,A,MYSE
151.909,8443,6/3/2015,5/30/2015,17:53:51,7,33.5,AH0,254,37.1134875,Day,F,L,A,MYSE
151.909,8443,6/3/2015,5/29/2015,17:53:52,7,32.1,AH0,250,35.5877213,Day,F,L,A,MYSE
151.909,8443,6/3/2015,5/24/2015,17:53:53,7,30.9,AH0,255,33.9287657,Day,F,L,A,MYSE
151.909,8443,6/3/2015,5/25/2015,17:53:53,7,31.7,AH0,254,35.0726529,Day,F,L,A,MYSE
151.909,8443,6/3/2015,5/30/2015,17:53:53,7,33.5,AH0,254,37.1134875,Day,F,L,A,MYSE
151.909,8443,6/3/2015,5/29/2015,17:53:54,7,32.1,AH0,250,35.5877213,Day,F,L,A,MYSE
151.909,8443,6/3/2015,5/24/2015,17:53:55,7,31,AH0,255,34.0803,Day,F,L,A,MYSE
151.909,8443,6/3/2015,5/24/2015,17:53:57,7,31,AH0,254,34.0803,Day,F,L,A,MYSE
151.909,8443,6/3/2015,5/24/2015,17:53:59,7,31,AH0,254,34.0803,Day,F,L,A,MYSE
151.909,8443,6/3/2015,5/26/2015,17:53:59,7,30.4,AH0,219,33.1331712,Day,F,L,A,MYSE
151.909,8443,6/3/2015,5/26/2015,17:54:01,7,30.4,AH0,218,33.1331712,Day,F,L,A,MYSE
151.909,8443,6/3/2015,5/26/2015,17:54:03,7,30.4,AH0,219,33.1331712,Day,F,L,A,MYSE
151.909,8443,6/3/2015,5/28/2015,17:54:03,7,29.7,AH0,104,31.9095509,Day,F,L,A,MYSE
151.909,8443,6/3/2015,5/26/2015,17:54:04,7,30.4,AH0,220,33.1331712,Day,F,L,A,MYSE
151.909,8443,6/3/2015,5/28/2015,17:54:05,7,29.6,AH0,99,31.7239488,Day,F,L,A,MYSE
151.909,8443,6/3/2015,5/28/2015,17:54:07,7,29.6,AH0,101,31.7239488,Day,F,L,A,MYSE
151.909,8443,6/3/2015,5/29/2015,17:54:07,7,32.2,AH0,249,35.7107784,Day,F,L,A,MYSE
151.909,8443,6/3/2015,5/30/2015,17:54:07,7,33.5,AH0,254,37.1134875,Day,F,L,A,MYSE
151.909,8443,6/3/2015,5/25/2015,17:54:08,7,31.8,AH0,253,35.2048856,Day,F,L,A,MYSE
151.909,8443,6/3/2015,5/29/2015,17:54:09,7,32.2,AH0,250,35.7107784,Day,F,L,A,MYSE
151.909,8443,6/3/2015,5/30/2015,17:54:09,7,33.5,AH0,252,37.1134875,Day,F,L,A,MYSE
151.909,8443,6/3/2015,5/25/2015,17:54:10,7,31.8,AH0,253,35.2048856,Day,F,L,A,MYSE
151.909,8443,6/3/2015,5/25/2015,17:54:11,7,31.8,AH0,255,35.2048856,Day,F,L,A,MYSE
151.909,8443,6/3/2015,5/29/2015,17:54:11,7,32.2,AH0,252,35.7107784,Day,F,L,A,MYSE
151.909,8443,6/3/2015,5/30/2015,17:54:11,7,33.5,AH0,254,37.1134875,Day,F,L,A,MYSE
151.909,8443,6/3/2015,5/24/2015,17:54:12,7,31,AH0,255,34.0803,Day,F,L,A,MYSE
151.909,8443,6/3/2015,5/25/2015,17:54:13,7,31.8,AH0,254,35.2048856,Day,F,L,A,MYSE
151.909,8443,6/3/2015,5/29/2015,17:54:13,7,32.2,AH0,250,35.7107784,Day,F,L,A,MYSE
151.909,8443,6/3/2015,5/30/2015,17:54:13,7,33.5,AH0,254,37.1134875,Day,F,L,A,MYSE
151.909,8443,6/3/2015,5/24/2015,17:54:14,7,31,AH0,255,34.0803,Day,F,L,A,MYSE
151.909,8443,6/3/2015,5/29/2015,17:54:15,7,32.2,AH0,249,35.7107784,Day,F,L,A,MYSE
151.909,8443,6/3/2015,5/30/2015,17:54:15,7,33.5,AH0,254,37.1134875,Day,F,L,A,MYSE
151.909,8443,6/3/2015,5/24/2015,17:54:16,7,31,AH0,255,34.0803,Day,F,L,A,MYSE
151.909,8443,6/3/2015,5/24/2015,17:54:18,7,31,AH0,254,34.0803,Day,F,L,A,MYSE
151.909,8443,6/3/2015,5/26/2015,17:54:18,7,30.4,AH0,220,33.1331712,Day,F,L,A,MYSE
151.909,8443,6/3/2015,5/24/2015,17:54:20,7,31,AH0,255,34.0803,Day,F,L,A,MYSE
151.909,8443,6/3/2015,5/26/2015,17:54:20,7,30.4,AH0,220,33.1331712,Day,F,L,A,MYSE
151.909,8443,6/3/2015,5/28/2015,17:54:21,7,29.6,AH0,99,31.7239488,Day,F,L,A,MYSE
151.909,8443,6/3/2015,5/26/2015,17:54:22,7,30.4,AH0,220,33.1331712,Day,F,L,A,MYSE
151.909,8443,6/3/2015,5/28/2015,17:54:23,7,29.6,AH0,103,31.7239488,Day,F,L,A,MYSE
151.909,8443,6/3/2015,5/26/2015,17:54:24,7,30.4,AH0,218,33.1331712,Day,F,L,A,MYSE
151.909,8443,6/3/2015,5/28/2015,17:54:25,7,29.6,AH0,102,31.7239488,Day,F,L,A,MYSE
151.909,8443,6/3/2015,5/25/2015,17:54:27,7,31.8,AH0,254,35.2048856,Day,F,L,A,MYSE
151.909,8443,6/3/2015,5/28/2015,17:54:27,7,29.6,AH0,104,31.7239488,Day,F,L,A,MYSE
151.909,8443,6/3/2015,5/30/2015,17:54:27,7,33.5,AH0,255,37.1134875,Day,F,L,A,MYSE
151.909,8443,6/3/2015,5/25/2015,17:54:28,7,31.8,AH0,253,35.2048856,Day,F,L,A,MYSE
151.909,8443,6/3/2015,5/29/2015,17:54:28,7,32.2,AH0,248,35.7107784,Day,F,L,A,MYSE
151.909,8443,6/3/2015,5/30/2015,17:54:29,7,33.5,AH0,255,37.1134875,Day,F,L,A,MYSE
151.909,8443,6/3/2015,5/25/2015,17:54:30,7,31.8,AH0,254,35.2048856,Day,F,L,A,MYSE
151.909,8443,6/3/2015,5/29/2015,17:54:30,7,32.2,AH0,252,35.7107784,Day,F,L,A,MYSE
151.909,8443,6/3/2015,5/30/2015,17:54:31,7,33.5,AH0,255,37.1134875,Day,F,L,A,MYSE
151.909,8443,6/3/2015,5/25/2015,17:54:32,7,31.8,AH0,254,35.2048856,Day,F,L,A,MYSE
151.909,8443,6/3/2015,5/29/2015,17:54:32,7,32.2,AH0,253,35.7107784,Day,F,L,A,MYSE
151.909,8443,6/3/2015,5/24/2015,17:54:33,7,31.1,AH0,255,34.2293523,Day,F,L,A,MYSE
151.909,8443,6/3/2015,5/29/2015,17:54:33,7,32.2,AH0,250,35.7107784,Day,F,L,A,MYSE
151.909,8443,6/3/2015,5/30/2015,17:54:33,7,33.5,AH0,254,37.1134875,Day,F,L,A,MYSE
151.909,8443,6/3/2015,5/30/2015,17:54:34,7,33.5,AH0,255,37.1134875,Day,F,L,A,MYSE
151.909,8443,6/3/2015,5/24/2015,17:54:35,7,31.1,AH0,255,34.2293523,Day,F,L,A,MYSE
151.909,8443,6/3/2015,5/24/2015,17:54:37,7,31.1,AH0,255,34.2293523,Day,F,L,A,MYSE
151.909,8443,6/3/2015,5/26/2015,17:54:38,7,30.4,AH0,219,33.1331712,Day,F,L,A,MYSE
151.909,8443,6/3/2015,5/24/2015,17:54:39,7,31.1,AH0,255,34.2293523,Day,F,L,A,MYSE
151.909,8443,6/3/2015,5/26/2015,17:54:40,7,30.4,AH0,216,33.1331712,Day,F,L,A,MYSE
151.909,8443,6/3/2015,5/28/2015,17:54:40,7,116.3,AH0,26,1307.461475,Day,F,L,A,MYSE
151.909,8443,6/3/2015,5/28/2015,17:54:41,7,39.8,AH0,103,39.9443736,Day,F,L,A,MYSE
151.909,8443,6/3/2015,5/26/2015,17:54:42,7,30.4,AH0,219,33.1331712,Day,F,L,A,MYSE
151.909,8443,6/3/2015,5/28/2015,17:54:43,7,29.6,AH0,100,31.7239488,Day,F,L,A,MYSE
151.909,8443,6/3/2015,5/26/2015,17:54:44,7,30.4,AH0,220,33.1331712,Day,F,L,A,MYSE
151.909,8443,6/3/2015,5/28/2015,17:54:45,7,29.6,AH0,104,31.7239488,Day,F,L,A,MYSE
151.909,8443,6/3/2015,5/25/2015,17:54:47,7,31.9,AH0,254,35.3347947,Day,F,L,A,MYSE
151.909,8443,6/3/2015,5/28/2015,17:54:47,7,29.6,AH0,102,31.7239488,Day,F,L,A,MYSE
151.909,8443,6/3/2015,5/30/2015,17:54:47,7,33.5,AH0,254,37.1134875,Day,F,L,A,MYSE
151.909,8443,6/3/2015,5/29/2015,17:54:48,7,32.2,AH0,250,35.7107784,Day,F,L,A,MYSE
151.909,8443,6/3/2015,5/25/2015,17:54:49,7,31.9,AH0,252,35.3347947,Day,F,L,A,MYSE
151.909,8443,6/3/2015,5/30/2015,17:54:49,7,33.4,AH0,254,37.0180632,Day,F,L,A,MYSE
151.909,8443,6/3/2015,5/29/2015,17:54:50,7,32.2,AH0,252,35.7107784,Day,F,L,A,MYSE
151.909,8443,6/3/2015,5/30/2015,17:54:50,7,33.5,AH0,255,37.1134875,Day,F,L,A,MYSE
151.909,8443,6/3/2015,5/25/2015,17:54:51,7,31.9,AH0,254,35.3347947,Day,F,L,A,MYSE
151.909,8443,6/3/2015,5/29/2015,17:54:52,7,32.2,AH0,248,35.7107784,Day,F,L,A,MYSE
151.909,8443,6/3/2015,5/30/2015,17:54:52,7,33.5,AH0,254,37.1134875,Day,F,L,A,MYSE
151.909,8443,6/3/2015,5/24/2015,17:54:53,7,31.1,AH0,255,34.2293523,Day,F,L,A,MYSE
151.909,8443,6/3/2015,5/25/2015,17:54:53,7,31.9,AH0,254,35.3347947,Day,F,L,A,MYSE
151.909,8443,6/3/2015,5/29/2015,17:54:54,7,32.2,AH0,251,35.7107784,Day,F,L,A,MYSE
151.909,8443,6/3/2015,5/30/2015,17:54:54,7,33.5,AH0,255,37.1134875,Day,F,L,A,MYSE
151.909,8443,6/3/2015,5/24/2015,17:54:55,7,31.1,AH0,255,34.2293523,Day,F,L,A,MYSE
151.909,8443,6/3/2015,5/24/2015,17:54:57,7,31.1,AH0,255,34.2293523,Day,F,L,A,MYSE
151.909,8443,6/3/2015,5/24/2015,17:54:58,7,31.1,AH0,255,34.2293523,Day,F,L,A,MYSE
151.909,8443,6/3/2015,5/26/2015,17:54:58,7,30.4,AH0,219,33.1331712,Day,F,L,A,MYSE
151.909,8443,6/3/2015,5/26/2015,17:55:00,7,30.4,AH0,218,33.1331712,Day,F,L,A,MYSE
151.909,8443,6/3/2015,5/28/2015,17:55:01,7,29.6,AH0,100,31.7239488,Day,F,L,A,MYSE
151.909,8443,6/3/2015,5/26/2015,17:55:02,7,30.4,AH0,219,33.1331712,Day,F,L,A,MYSE
151.909,8443,6/3/2015,5/28/2015,17:55:03,7,29.6,AH0,102,31.7239488,Day,F,L,A,MYSE
151.909,8443,6/3/2015,5/26/2015,17:55:04,7,30.4,AH0,217,33.1331712,Day,F,L,A,MYSE
151.909,8443,6/3/2015,5/25/2015,17:55:06,7,31.9,AH0,254,35.3347947,Day,F,L,A,MYSE
151.909,8443,6/3/2015,5/28/2015,17:55:06,7,29.6,AH0,106,31.7239488,Day,F,L,A,MYSE
151.909,8443,6/3/2015,5/30/2015,17:55:07,7,33.5,AH0,253,37.1134875,Day,F,L,A,MYSE
151.909,8443,6/3/2015,5/25/2015,17:55:08,7,31.9,AH0,254,35.3347947,Day,F,L,A,MYSE
151.909,8443,6/3/2015,5/28/2015,17:55:08,7,29.6,AH0,99,31.7239488,Day,F,L,A,MYSE
151.909,8443,6/3/2015,5/30/2015,17:55:08,7,33.4,AH0,254,37.0180632,Day,F,L,A,MYSE
151.909,8443,6/3/2015,5/29/2015,17:55:09,7,32.3,AH0,253,35.8315911,Day,F,L,A,MYSE
151.909,8443,6/3/2015,5/25/2015,17:55:10,7,31.9,AH0,254,35.3347947,Day,F,L,A,MYSE
151.909,8443,6/3/2015,5/30/2015,17:55:10,7,33.5,AH0,254,37.1134875,Day,F,L,A,MYSE
151.909,8443,6/3/2015,5/29/2015,17:55:11,7,32.3,AH0,253,35.8315911,Day,F,L,A,MYSE
151.909,8443,6/3/2015,5/24/2015,17:55:12,7,31.2,AH0,255,34.3759424,Day,F,L,A,MYSE
151.909,8443,6/3/2015,5/25/2015,17:55:12,7,31.9,AH0,254,35.3347947,Day,F,L,A,MYSE
151.909,8443,6/3/2015,5/30/2015,17:55:12,7,33.5,AH0,254,37.1134875,Day,F,L,A,MYSE
151.909,8443,6/3/2015,5/29/2015,17:55:13,7,32.3,AH0,251,35.8315911,Day,F,L,A,MYSE
151.909,8443,6/3/2015,5/24/2015,17:55:14,7,31.2,AH0,255,34.3759424,Day,F,L,A,MYSE
151.909,8443,6/3/2015,5/25/2015,17:55:14,7,31.9,AH0,254,35.3347947,Day,F,L,A,MYSE
151.909,8443,6/3/2015,5/29/2015,17:55:14,7,32.3,AH0,252,35.8315911,Day,F,L,A,MYSE
151.909,8443,6/3/2015,5/30/2015,17:55:14,7,33.5,AH0,253,37.1134875,Day,F,L,A,MYSE
151.909,8443,6/3/2015,5/24/2015,17:55:16,7,31.2,AH0,255,34.3759424,Day,F,L,A,MYSE
151.909,8443,6/3/2015,5/24/2015,17:55:18,7,31.2,AH0,254,34.3759424,Day,F,L,A,MYSE
151.909,8443,6/3/2015,5/26/2015,17:55:18,7,30.4,AH0,217,33.1331712,Day,F,L,A,MYSE
151.909,8443,6/3/2015,5/26/2015,17:55:19,7,30.4,AH0,220,33.1331712,Day,F,L,A,MYSE
151.909,8443,6/3/2015,5/24/2015,17:55:20,7,31.2,AH0,254,34.3759424,Day,F,L,A,MYSE
151.909,8443,6/3/2015,5/26/2015,17:55:21,7,30.4,AH0,217,33.1331712,Day,F,L,A,MYSE
151.909,8443,6/3/2015,5/28/2015,17:55:22,7,29.6,AH0,98,31.7239488,Day,F,L,A,MYSE
151.909,8443,6/3/2015,5/26/2015,17:55:23,7,30.4,AH0,219,33.1331712,Day,F,L,A,MYSE
151.909,8443,6/3/2015,5/28/2015,17:55:24,7,29.6,AH0,100,31.7239488,Day,F,L,A,MYSE
151.909,8443,6/3/2015,5/28/2015,17:55:26,7,29.6,AH0,97,31.7239488,Day,F,L,A,MYSE
151.909,8443,6/3/2015,5/25/2015,17:55:27,7,31.9,AH0,254,35.3347947,Day,F,L,A,MYSE
151.909,8443,6/3/2015,5/29/2015,17:55:27,7,32.3,AH0,253,35.8315911,Day,F,L,A,MYSE
151.909,8443,6/3/2015,5/28/2015,17:55:28,7,29.6,AH0,98,31.7239488,Day,F,L,A,MYSE
151.909,8443,6/3/2015,5/30/2015,17:55:28,7,33.5,AH0,254,37.1134875,Day,F,L,A,MYSE
151.909,8443,6/3/2015,5/25/2015,17:55:29,7,31.9,AH0,253,35.3347947,Day,F,L,A,MYSE
151.909,8443,6/3/2015,5/29/2015,17:55:29,7,32.3,AH0,251,35.8315911,Day,F,L,A,MYSE
151.909,8443,6/3/2015,5/30/2015,17:55:30,7,33.5,AH0,253,37.1134875,Day,F,L,A,MYSE
151.909,8443,6/3/2015,5/25/2015,17:55:31,7,31.9,AH0,253,35.3347947,Day,F,L,A,MYSE
151.909,8443,6/3/2015,5/29/2015,17:55:31,7,32.3,AH0,251,35.8315911,Day,F,L,A,MYSE
151.909,8443,6/3/2015,5/25/2015,17:55:32,7,31.9,AH0,254,35.3347947,Day,F,L,A,MYSE
151.909,8443,6/3/2015,5/30/2015,17:55:32,7,33.4,AH0,254,37.0180632,Day,F,L,A,MYSE
151.909,8443,6/3/2015,5/24/2015,17:55:33,7,31.2,AH0,255,34.3759424,Day,F,L,A,MYSE
151.909,8443,6/3/2015,5/29/2015,17:55:33,7,32.3,AH0,251,35.8315911,Day,F,L,A,MYSE
151.909,8443,6/3/2015,5/30/2015,17:55:33,7,33.5,AH0,254,37.1134875,Day,F,L,A,MYSE
151.909,8443,6/3/2015,5/24/2015,17:55:35,7,31.2,AH0,255,34.3759424,Day,F,L,A,MYSE
151.909,8443,6/3/2015,5/29/2015,17:55:35,7,32.3,AH0,251,35.8315911,Day,F,L,A,MYSE
151.909,8443,6/3/2015,5/24/2015,17:55:37,7,31.2,AH0,254,34.3759424,Day,F,L,A,MYSE
151.909,8443,6/3/2015,5/26/2015,17:55:37,7,30.4,AH0,222,33.1331712,Day,F,L,A,MYSE
151.909,8443,6/3/2015,5/24/2015,17:55:39,7,31.2,AH0,255,34.3759424,Day,F,L,A,MYSE
151.909,8443,6/3/2015,5/26/2015,17:55:39,7,30.4,AH0,219,33.1331712,Day,F,L,A,MYSE
151.909,8443,6/3/2015,5/26/2015,17:55:41,7,30.4,AH0,220,33.1331712,Day,F,L,A,MYSE
151.909,8443,6/3/2015,5/28/2015,17:55:42,7,29.6,AH0,106,31.7239488,Day,F,L,A,MYSE
151.909,8443,6/3/2015,5/26/2015,17:55:43,7,30.4,AH0,220,33.1331712,Day,F,L,A,MYSE
151.909,8443,6/3/2015,5/28/2015,17:55:44,7,29.6,AH0,107,31.7239488,Day,F,L,A,MYSE
151.909,8443,6/3/2015,5/28/2015,17:55:46,7,29.6,AH0,105,31.7239488,Day,F,L,A,MYSE
151.909,8443,6/3/2015,5/25/2015,17:55:47,7,31.9,AH0,253,35.3347947,Day,F,L,A,MYSE
151.909,8443,6/3/2015,5/28/2015,17:55:48,7,29.6,AH0,111,31.7239488,Day,F,L,A,MYSE
151.909,8443,6/3/2015,5/29/2015,17:55:48,7,32.3,AH0,247,35.8315911,Day,F,L,A,MYSE
151.909,8443,6/3/2015,5/30/2015,17:55:48,7,33.5,AH0,254,37.1134875,Day,F,L,A,MYSE
151.909,8443,6/3/2015,5/25/2015,17:55:49,7,31.9,AH0,254,35.3347947,Day,F,L,A,MYSE
151.909,8443,6/3/2015,5/29/2015,17:55:50,7,32.3,AH0,250,35.8315911,Day,F,L,A,MYSE
151.909,8443,6/3/2015,5/30/2015,17:55:50,7,33.5,AH0,254,37.1134875,Day,F,L,A,MYSE
151.909,8443,6/3/2015,5/25/2015,17:55:51,7,31.9,AH0,255,35.3347947,Day,F,L,A,MYSE
151.909,8443,6/3/2015,5/30/2015,17:55:51,7,33.5,AH0,254,37.1134875,Day,F,L,A,MYSE
151.909,8443,6/3/2015,5/24/2015,17:55:52,7,31.2,AH0,255,34.3759424,Day,F,L,A,MYSE
151.909,8443,6/3/2015,5/29/2015,17:55:52,7,32.3,AH0,249,35.8315911,Day,F,L,A,MYSE
151.909,8443,6/3/2015,5/25/2015,17:55:53,7,31.9,AH0,253,35.3347947,Day,F,L,A,MYSE
151.909,8443,6/3/2015,5/29/2015,17:55:53,7,32.3,AH0,249,35.8315911,Day,F,L,A,MYSE
151.909,8443,6/3/2015,5/30/2015,17:55:53,7,33.5,AH0,254,37.1134875,Day,F,L,A,MYSE
151.909,8443,6/3/2015,5/24/2015,17:55:54,7,31.2,AH0,255,34.3759424,Day,F,L,A,MYSE
151.909,8443,6/3/2015,5/24/2015,17:55:56,7,31.2,AH0,255,34.3759424,Day,F,L,A,MYSE
151.909,8443,6/3/2015,5/26/2015,17:55:57,7,30.4,AH0,219,33.1331712,Day,F,L,A,MYSE
151.909,8443,6/3/2015,5/24/2015,17:55:58,7,31.2,AH0,255,34.3759424,Day,F,L,A,MYSE
151.909,8443,6/3/2015,5/26/2015,17:55:59,7,30.4,AH0,218,33.1331712,Day,F,L,A,MYSE
151.909,8443,6/3/2015,5/26/2015,17:56:01,7,30.4,AH0,220,33.1331712,Day,F,L,A,MYSE
151.909,8443,6/3/2015,5/28/2015,17:56:02,7,29.6,AH0,118,31.7239488,Day,F,L,A,MYSE
151.909,8443,6/3/2015,5/26/2015,17:56:03,7,30.4,AH0,219,33.1331712,Day,F,L,A,MYSE
151.909,8443,6/3/2015,5/28/2015,17:56:04,7,29.7,AH0,122,31.9095509,Day,F,L,A,MYSE
151.909,8443,6/3/2015,5/26/2015,17:56:05,7,30.4,AH0,219,33.1331712,Day,F,L,A,MYSE
151.909,8443,6/3/2015,5/25/2015,17:56:06,7,32,AH0,253,35.4624,Day,F,L,A,MYSE
151.909,8443,6/3/2015,5/28/2015,17:56:06,7,29.7,AH0,119,31.9095509,Day,F,L,A,MYSE
151.909,8443,6/3/2015,5/25/2015,17:56:08,7,32,AH0,254,35.4624,Day,F,L,A,MYSE
151.909,8443,6/3/2015,5/28/2015,17:56:08,7,29.7,AH0,115,31.9095509,Day,F,L,A,MYSE
151.909,8443,6/3/2015,5/29/2015,17:56:08,7,32.4,AH0,251,35.9501792,Day,F,L,A,MYSE
151.909,8443,6/3/2015,5/30/2015,17:56:08,7,33.4,AH0,255,37.0180632,Day,F,L,A,MYSE
151.909,8443,6/3/2015,5/30/2015,17:56:09,7,33.4,AH0,254,37.0180632,Day,F,L,A,MYSE
151.909,8443,6/3/2015,5/25/2015,17:56:10,7,32,AH0,254,35.4624,Day,F,L,A,MYSE
151.909,8443,6/3/2015,5/29/2015,17:56:10,7,32.4,AH0,251,35.9501792,Day,F,L,A,MYSE
151.909,8443,6/3/2015,5/30/2015,17:56:11,7,33.4,AH0,254,37.0180632,Day,F,L,A,MYSE
151.909,8443,6/3/2015,5/25/2015,17:56:12,7,32,AH0,254,35.4624,Day,F,L,A,MYSE
151.909,8443,6/3/2015,5/29/2015,17:56:12,7,32.4,AH0,252,35.9501792,Day,F,L,A,MYSE
151.909,8443,6/3/2015,5/24/2015,17:56:13,7,31.3,AH0,255,34.5200901,Day,F,L,A,MYSE
151.909,8443,6/3/2015,5/30/2015,17:56:13,7,33.4,AH0,254,37.0180632,Day,F,L,A,MYSE
151.909,8443,6/3/2015,5/25/2015,17:56:14,7,32,AH0,255,35.4624,Day,F,L,A,MYSE
151.909,8443,6/3/2015,5/29/2015,17:56:14,7,32.4,AH0,249,35.9501792,Day,F,L,A,MYSE
151.909,8443,6/3/2015,5/24/2015,17:56:15,7,31.2,AH0,255,34.3759424,Day,F,L,A,MYSE
151.909,8443,6/3/2015,5/24/2015,17:56:17,7,31.3,AH0,255,34.5200901,Day,F,L,A,MYSE
151.909,8443,6/3/2015,5/24/2015,17:56:19,7,31.3,AH0,255,34.5200901,Day,F,L,A,MYSE
151.909,8443,6/3/2015,5/26/2015,17:56:19,7,30.4,AH0,219,33.1331712,Day,F,L,A,MYSE
151.909,8443,6/3/2015,5/26/2015,17:56:21,7,30.4,AH0,218,33.1331712,Day,F,L,A,MYSE
151.909,8443,6/3/2015,5/28/2015,17:56:22,7,29.8,AH0,116,32.0924136,Day,F,L,A,MYSE
151.909,8443,6/3/2015,5/26/2015,17:56:23,7,30.3,AH0,219,32.9663291,Day,F,L,A,MYSE
151.909,8443,6/3/2015,5/28/2015,17:56:24,7,29.8,AH0,120,32.0924136,Day,F,L,A,MYSE
151.909,8443,6/3/2015,5/26/2015,17:56:25,7,30.3,AH0,221,32.9663291,Day,F,L,A,MYSE
151.909,8443,6/3/2015,5/28/2015,17:56:26,7,29.8,AH0,113,32.0924136,Day,F,L,A,MYSE
151.909,8443,6/3/2015,5/25/2015,17:56:27,7,32,AH0,254,35.4624,Day,F,L,A,MYSE
151.909,8443,6/3/2015,5/30/2015,17:56:27,7,33.4,AH0,254,37.0180632,Day,F,L,A,MYSE
151.909,8443,6/3/2015,5/28/2015,17:56:28,7,29.8,AH0,112,32.0924136,Day,F,L,A,MYSE
151.909,8443,6/3/2015,5/25/2015,17:56:29,7,32,AH0,255,35.4624,Day,F,L,A,MYSE
151.909,8443,6/3/2015,5/29/2015,17:56:29,7,32.4,AH0,249,35.9501792,Day,F,L,A,MYSE
151.909,8443,6/3/2015,5/30/2015,17:56:29,7,33.4,AH0,254,37.0180632,Day,F,L,A,MYSE
151.909,8443,6/3/2015,5/29/2015,17:56:30,7,32.4,AH0,250,35.9501792,Day,F,L,A,MYSE
151.909,8443,6/3/2015,5/25/2015,17:56:31,7,32,AH0,254,35.4624,Day,F,L,A,MYSE
151.909,8443,6/3/2015,5/30/2015,17:56:31,7,33.4,AH0,255,37.0180632,Day,F,L,A,MYSE
151.909,8443,6/3/2015,5/25/2015,17:56:32,7,32,AH0,255,35.4624,Day,F,L,A,MYSE
151.909,8443,6/3/2015,5/29/2015,17:56:32,7,32.4,AH0,252,35.9501792,Day,F,L,A,MYSE
151.909,8443,6/3/2015,5/24/2015,17:56:33,7,31.3,AH0,255,34.5200901,Day,F,L,A,MYSE
151.909,8443,6/3/2015,5/30/2015,17:56:33,7,33.4,AH0,254,37.0180632,Day,F,L,A,MYSE
151.909,8443,6/3/2015,5/29/2015,17:56:34,7,32.4,AH0,249,35.9501792,Day,F,L,A,MYSE
151.909,8443,6/3/2015,5/30/2015,17:56:34,7,33.4,AH0,254,37.0180632,Day,F,L,A,MYSE
151.909,8443,6/3/2015,5/24/2015,17:56:35,7,31.3,AH0,255,34.5200901,Day,F,L,A,MYSE
151.909,8443,6/3/2015,5/24/2015,17:56:37,7,31.3,AH0,255,34.5200901,Day,F,L,A,MYSE
151.909,8443,6/3/2015,5/24/2015,17:56:38,7,31.3,AH0,255,34.5200901,Day,F,L,A,MYSE
151.909,8443,6/3/2015,5/26/2015,17:56:39,7,30.3,AH0,220,32.9663291,Day,F,L,A,MYSE
151.909,8443,6/3/2015,5/26/2015,17:56:41,7,30.3,AH0,219,32.9663291,Day,F,L,A,MYSE
151.909,8443,6/3/2015,5/26/2015,17:56:43,7,30.3,AH0,222,32.9663291,Day,F,L,A,MYSE
151.909,8443,6/3/2015,5/28/2015,17:56:43,7,29.7,AH0,117,31.9095509,Day,F,L,A,MYSE
151.909,8443,6/3/2015,5/26/2015,17:56:44,7,30.3,AH0,219,32.9663291,Day,F,L,A,MYSE
151.909,8443,6/3/2015,5/28/2015,17:56:45,7,29.7,AH0,118,31.9095509,Day,F,L,A,MYSE
151.909,8443,6/3/2015,5/25/2015,17:56:47,7,32,AH0,253,35.4624,Day,F,L,A,MYSE
151.909,8443,6/3/2015,5/28/2015,17:56:47,7,29.7,AH0,126,31.9095509,Day,F,L,A,MYSE
151.909,8443,6/3/2015,5/29/2015,17:56:47,7,32.4,AH0,252,35.9501792,Day,F,L,A,MYSE
151.909,8443,6/3/2015,5/30/2015,17:56:47,7,33.4,AH0,254,37.0180632,Day,F,L,A,MYSE
151.909,8443,6/3/2015,5/25/2015,17:56:49,7,32,AH0,255,35.4624,Day,F,L,A,MYSE
151.909,8443,6/3/2015,5/28/2015,17:56:49,7,29.7,AH0,118,31.9095509,Day,F,L,A,MYSE
151.909,8443,6/3/2015,5/29/2015,17:56:49,7,32.4,AH0,251,35.9501792,Day,F,L,A,MYSE
151.909,8443,6/3/2015,5/30/2015,17:56:49,7,33.4,AH0,254,37.0180632,Day,F,L,A,MYSE
151.909,8443,6/3/2015,5/25/2015,17:56:51,7,32,AH0,254,35.4624,Day,F,L,A,MYSE
151.909,8443,6/3/2015,5/29/2015,17:56:51,7,32.4,AH0,251,35.9501792,Day,F,L,A,MYSE
151.909,8443,6/3/2015,5/30/2015,17:56:51,7,33.4,AH0,255,37.0180632,Day,F,L,A,MYSE
151.909,8443,6/3/2015,5/24/2015,17:56:52,7,31.3,AH0,255,34.5200901,Day,F,L,A,MYSE
151.909,8443,6/3/2015,5/30/2015,17:56:52,7,33.4,AH0,254,37.0180632,Day,F,L,A,MYSE
151.909,8443,6/3/2015,5/25/2015,17:56:53,7,32,AH0,254,35.4624,Day,F,L,A,MYSE
151.909,8443,6/3/2015,5/29/2015,17:56:53,7,32.4,AH0,251,35.9501792,Day,F,L,A,MYSE
151.909,8443,6/3/2015,5/24/2015,17:56:54,7,31.3,AH0,255,34.5200901,Day,F,L,A,MYSE
151.909,8443,6/3/2015,5/30/2015,17:56:54,7,33.4,AH0,255,37.0180632,Day,F,L,A,MYSE
151.909,8443,6/3/2015,5/29/2015,17:56:55,7,32.4,AH0,250,35.9501792,Day,F,L,A,MYSE
151.909,8443,6/3/2015,5/24/2015,17:56:56,7,31.3,AH0,255,34.5200901,Day,F,L,A,MYSE
151.909,8443,6/3/2015,5/24/2015,17:56:58,7,31.3,AH0,255,34.5200901,Day,F,L,A,MYSE
151.909,8443,6/3/2015,5/26/2015,17:56:58,7,30.3,AH0,219,32.9663291,Day,F,L,A,MYSE
151.909,8443,6/3/2015,5/24/2015,17:57:00,7,31.3,AH0,255,34.5200901,Day,F,L,A,MYSE
151.909,8443,6/3/2015,5/26/2015,17:57:00,7,30.3,AH0,220,32.9663291,Day,F,L,A,MYSE
151.909,8443,6/3/2015,5/26/2015,17:57:02,7,30.3,AH0,220,32.9663291,Day,F,L,A,MYSE
151.909,8443,6/3/2015,5/28/2015,17:57:03,7,29.8,AH0,122,32.0924136,Day,F,L,A,MYSE
151.909,8443,6/3/2015,5/26/2015,17:57:04,7,30.3,AH0,220,32.9663291,Day,F,L,A,MYSE
151.909,8443,6/3/2015,5/28/2015,17:57:05,7,29.8,AH0,124,32.0924136,Day,F,L,A,MYSE
151.909,8443,6/3/2015,5/25/2015,17:57:06,7,32,AH0,255,35.4624,Day,F,L,A,MYSE
151.909,8443,6/3/2015,5/28/2015,17:57:07,7,29.8,AH0,123,32.0924136,Day,F,L,A,MYSE
151.909,8443,6/3/2015,5/30/2015,17:57:07,7,33.4,AH0,254,37.0180632,Day,F,L,A,MYSE
151.909,8443,6/3/2015,5/25/2015,17:57:08,7,32,AH0,255,35.4624,Day,F,L,A,MYSE
151.909,8443,6/3/2015,5/29/2015,17:57:08,7,32.4,AH0,253,35.9501792,Day,F,L,A,MYSE
151.909,8443,6/3/2015,5/29/2015,17:57:09,7,32.4,AH0,250,35.9501792,Day,F,L,A,MYSE
151.909,8443,6/3/2015,5/30/2015,17:57:09,7,33.4,AH0,255,37.0180632,Day,F,L,A,MYSE
151.909,8443,6/3/2015,5/25/2015,17:57:10,7,32,AH0,255,35.4624,Day,F,L,A,MYSE
151.909,8443,6/3/2015,5/30/2015,17:57:10,7,33.4,AH0,255,37.0180632,Day,F,L,A,MYSE
151.909,8443,6/3/2015,5/29/2015,17:57:11,7,32.4,AH0,252,35.9501792,Day,F,L,A,MYSE
151.909,8443,6/3/2015,5/25/2015,17:57:12,7,32,AH0,255,35.4624,Day,F,L,A,MYSE
151.909,8443,6/3/2015,5/30/2015,17:57:12,7,33.4,AH0,255,37.0180632,Day,F,L,A,MYSE
151.909,8443,6/3/2015,5/24/2015,17:57:13,7,31.3,AH0,255,34.5200901,Day,F,L,A,MYSE
151.909,8443,6/3/2015,5/29/2015,17:57:13,7,32.4,AH0,252,35.9501792,Day,F,L,A,MYSE
151.909,8443,6/3/2015,5/25/2015,17:57:14,7,32,AH0,254,35.4624,Day,F,L,A,MYSE
151.909,8443,6/3/2015,5/30/2015,17:57:14,7,33.4,AH0,255,37.0180632,Day,F,L,A,MYSE
151.909,8443,6/3/2015,5/24/2015,17:57:15,7,31.3,AH0,255,34.5200901,Day,F,L,A,MYSE
151.909,8443,6/3/2015,5/29/2015,17:57:15,7,32.4,AH0,250,35.9501792,Day,F,L,A,MYSE
151.909,8443,6/3/2015,5/24/2015,17:57:17,7,31.3,AH0,255,34.5200901,Day,F,L,A,MYSE
151.909,8443,6/3/2015,5/26/2015,17:57:18,7,30.4,AH0,219,33.1331712,Day,F,L,A,MYSE
151.909,8443,6/3/2015,5/24/2015,17:57:19,7,31.3,AH0,255,34.5200901,Day,F,L,A,MYSE
151.909,8443,6/3/2015,5/26/2015,17:57:20,7,30.4,AH0,220,33.1331712,Day,F,L,A,MYSE
151.909,8443,6/3/2015,5/28/2015,17:57:21,7,29.8,AH0,118,32.0924136,Day,F,L,A,MYSE
151.909,8443,6/3/2015,5/26/2015,17:57:22,7,30.4,AH0,222,33.1331712,Day,F,L,A,MYSE
151.909,8443,6/3/2015,5/28/2015,17:57:23,7,29.8,AH0,121,32.0924136,Day,F,L,A,MYSE
151.909,8443,6/3/2015,5/26/2015,17:57:24,7,30.4,AH0,220,33.1331712,Day,F,L,A,MYSE
151.909,8443,6/3/2015,5/28/2015,17:57:25,7,29.9,AH0,124,32.2725567,Day,F,L,A,MYSE
151.909,8443,6/3/2015,5/25/2015,17:57:27,7,32,AH0,254,35.4624,Day,F,L,A,MYSE
151.909,8443,6/3/2015,5/28/2015,17:57:27,7,29.8,AH0,122,32.0924136,Day,F,L,A,MYSE
151.909,8443,6/3/2015,5/30/2015,17:57:27,7,33.3,AH0,254,36.9206321,Day,F,L,A,MYSE
151.909,8443,6/3/2015,5/29/2015,17:57:28,7,32.4,AH0,250,35.9501792,Day,F,L,A,MYSE
151.909,8443,6/3/2015,5/30/2015,17:57:28,7,33.3,AH0,254,36.9206321,Day,F,L,A,MYSE
151.909,8443,6/3/2015,5/25/2015,17:57:29,7,32,AH0,255,35.4624,Day,F,L,A,MYSE
151.909,8443,6/3/2015,5/29/2015,17:57:30,7,32.4,AH0,251,35.9501792,Day,F,L,A,MYSE
151.909,8443,6/3/2015,5/30/2015,17:57:30,7,33.3,AH0,255,36.9206321,Day,F,L,A,MYSE
151.909,8443,6/3/2015,5/25/2015,17:57:31,7,32,AH0,255,35.4624,Day,F,L,A,MYSE
151.909,8443,6/3/2015,5/24/2015,17:57:32,7,31.3,AH0,255,34.5200901,Day,F,L,A,MYSE
151.909,8443,6/3/2015,5/25/2015,17:57:32,7,32,AH0,255,35.4624,Day,F,L,A,MYSE
151.909,8443,6/3/2015,5/29/2015,17:57:32,7,32.4,AH0,252,35.9501792,Day,F,L,A,MYSE
151.909,8443,6/3/2015,5/30/2015,17:57:32,7,33.3,AH0,254,36.9206321,Day,F,L,A,MYSE
151.909,8443,6/3/2015,5/29/2015,17:57:33,7,32.4,AH0,251,35.9501792,Day,F,L,A,MYSE
151.909,8443,6/3/2015,5/24/2015,17:57:34,7,31.3,AH0,255,34.5200901,Day,F,L,A,MYSE
151.909,8443,6/3/2015,5/30/2015,17:57:34,7,33.3,AH0,254,36.9206321,Day,F,L,A,MYSE
151.909,8443,6/3/2015,5/24/2015,17:57:36,7,31.3,AH0,255,34.5200901,Day,F,L,A,MYSE
151.909,8443,6/3/2015,5/24/2015,17:57:38,7,31.4,AH0,255,34.6618152,Day,F,L,A,MYSE
151.909,8443,6/3/2015,5/26/2015,17:57:38,7,30.4,AH0,221,33.1331712,Day,F,L,A,MYSE
151.909,8443,6/3/2015,5/24/2015,17:57:40,7,31.3,AH0,255,34.5200901,Day,F,L,A,MYSE
151.909,8443,6/3/2015,5/26/2015,17:57:40,7,30.4,AH0,221,33.1331712,Day,F,L,A,MYSE
151.909,8443,6/3/2015,5/28/2015,17:57:41,7,29.9,AH0,135,32.2725567,Day,F,L,A,MYSE
151.909,8443,6/3/2015,5/26/2015,17:57:42,7,30.4,AH0,221,33.1331712,Day,F,L,A,MYSE
151.909,8443,6/3/2015,5/28/2015,17:57:43,7,29.9,AH0,138,32.2725567,Day,F,L,A,MYSE
151.909,8443,6/3/2015,5/26/2015,17:57:44,7,30.4,AH0,221,33.1331712,Day,F,L,A,MYSE
151.909,8443,6/3/2015,5/28/2015,17:57:45,7,29.9,AH0,137,32.2725567,Day,F,L,A,MYSE
151.909,8443,6/3/2015,5/30/2015,17:57:46,7,33.6,AH0,254,37.2069248,Day,F,L,A,MYSE
151.909,8443,6/3/2015,5/25/2015,17:57:47,7,32,AH0,254,35.4624,Day,F,L,A,MYSE
151.909,8443,6/3/2015,5/28/2015,17:57:47,7,30,AH0,136,32.45,Day,F,L,A,MYSE
151.909,8443,6/3/2015,5/29/2015,17:57:48,7,32.4,AH0,251,35.9501792,Day,F,L,A,MYSE
151.909,8443,6/3/2015,5/30/2015,17:57:48,7,33.3,AH0,254,36.9206321,Day,F,L,A,MYSE
151.909,8443,6/3/2015,5/25/2015,17:57:49,7,32,AH0,254,35.4624,Day,F,L,A,MYSE
151.909,8443,6/3/2015,5/29/2015,17:57:50,7,32.4,AH0,253,35.9501792,Day,F,L,A,MYSE
151.909,8443,6/3/2015,5/30/2015,17:57:50,7,33.3,AH0,255,36.9206321,Day,F,L,A,MYSE
151.909,8443,6/3/2015,5/25/2015,17:57:51,7,32,AH0,255,35.4624,Day,F,L,A,MYSE
151.909,8443,6/3/2015,5/29/2015,17:57:52,7,32.4,AH0,251,35.9501792,Day,F,L,A,MYSE
151.909,8443,6/3/2015,5/30/2015,17:57:52,7,33.3,AH0,254,36.9206321,Day,F,L,A,MYSE
151.909,8443,6/3/2015,5/24/2015,17:57:53,7,31.4,AH0,255,34.6618152,Day,F,L,A,MYSE
151.909,8443,6/3/2015,5/25/2015,17:57:53,7,32,AH0,255,35.4624,Day,F,L,A,MYSE
151.909,8443,6/3/2015,5/29/2015,17:57:54,7,32.4,AH0,253,35.9501792,Day,F,L,A,MYSE
151.909,8443,6/3/2015,5/30/2015,17:57:54,7,33.3,AH0,254,36.9206321,Day,F,L,A,MYSE
151.909,8443,6/3/2015,5/24/2015,17:57:55,7,31.4,AH0,255,34.6618152,Day,F,L,A,MYSE
151.909,8443,6/3/2015,5/24/2015,17:57:57,7,31.4,AH0,255,34.6618152,Day,F,L,A,MYSE
151.909,8443,6/3/2015,5/26/2015,17:57:58,7,30.4,AH0,217,33.1331712,Day,F,L,A,MYSE
151.909,8443,6/3/2015,5/24/2015,17:57:59,7,31.5,AH0,255,34.8011375,Day,F,L,A,MYSE
151.909,8443,6/3/2015,5/26/2015,17:58:00,7,30.5,AH0,220,33.2974125,Day,F,L,A,MYSE
151.909,8443,6/3/2015,5/28/2015,17:58:01,7,30.1,AH0,149,32.6247633,Day,F,L,A,MYSE
151.909,8443,6/3/2015,5/26/2015,17:58:02,7,30.5,AH0,221,33.2974125,Day,F,L,A,MYSE
151.909,8443,6/3/2015,5/26/2015,17:58:03,7,30.5,AH0,218,33.2974125,Day,F,L,A,MYSE
151.909,8443,6/3/2015,5/28/2015,17:58:03,7,30.1,AH0,144,32.6247633,Day,F,L,A,MYSE
151.909,8443,6/3/2015,5/28/2015,17:58:05,7,30.1,AH0,135,32.6247633,Day,F,L,A,MYSE
151.909,8443,6/3/2015,5/25/2015,17:58:06,7,32,AH0,254,35.4624,Day,F,L,A,MYSE
151.909,8443,6/3/2015,5/28/2015,17:58:07,7,30.1,AH0,137,32.6247633,Day,F,L,A,MYSE
151.909,8443,6/3/2015,5/25/2015,17:58:08,7,32,AH0,254,35.4624,Day,F,L,A,MYSE
151.909,8443,6/3/2015,5/30/2015,17:58:08,7,33.2,AH0,253,36.8211744,Day,F,L,A,MYSE
151.909,8443,6/3/2015,5/29/2015,17:58:09,7,32.4,AH0,251,35.9501792,Day,F,L,A,MYSE
151.909,8443,6/3/2015,5/25/2015,17:58:10,7,32,AH0,254,35.4624,Day,F,L,A,MYSE
151.909,8443,6/3/2015,5/29/2015,17:58:10,7,32.5,AH0,252,36.0665625,Day,F,L,A,MYSE
151.909,8443,6/3/2015,5/30/2015,17:58:10,7,33.2,AH0,255,36.8211744,Day,F,L,A,MYSE
151.909,8443,6/3/2015,5/24/2015,17:58:12,7,31.5,AH0,255,34.8011375,Day,F,L,A,MYSE
151.909,8443,6/3/2015,5/25/2015,17:58:12,7,32,AH0,254,35.4624,Day,F,L,A,MYSE
151.909,8443,6/3/2015,5/29/2015,17:58:12,7,32.4,AH0,250,35.9501792,Day,F,L,A,MYSE
151.909,8443,6/3/2015,5/30/2015,17:58:12,7,33.2,AH0,254,36.8211744,Day,F,L,A,MYSE
151.909,8443,6/3/2015,5/30/2015,17:58:13,7,33.2,AH0,254,36.8211744,Day,F,L,A,MYSE
151.909,8443,6/3/2015,5/24/2015,17:58:14,7,31.5,AH0,255,34.8011375,Day,F,L,A,MYSE
151.909,8443,6/3/2015,5/25/2015,17:58:14,7,32,AH0,254,35.4624,Day,F,L,A,MYSE
151.909,8443,6/3/2015,5/29/2015,17:58:14,7,32.4,AH0,251,35.9501792,Day,F,L,A,MYSE
151.909,8443,6/3/2015,5/24/2015,17:58:16,7,31.5,AH0,255,34.8011375,Day,F,L,A,MYSE
151.909,8443,6/3/2015,5/26/2015,17:58:17,7,30.5,AH0,220,33.2974125,Day,F,L,A,MYSE
151.909,8443,6/3/2015,5/24/2015,17:58:18,7,31.5,AH0,255,34.8011375,Day,F,L,A,MYSE
151.909,8443,6/3/2015,5/26/2015,17:58:19,7,30.5,AH0,221,33.2974125,Day,F,L,A,MYSE
151.909,8443,6/3/2015,5/24/2015,17:58:20,7,31.5,AH0,255,34.8011375,Day,F,L,A,MYSE
151.909,8443,6/3/2015,5/26/2015,17:58:21,7,30.5,AH0,218,33.2974125,Day,F,L,A,MYSE
151.909,8443,6/3/2015,5/28/2015,17:58:21,7,30.1,AH0,140,32.6247633,Day,F,L,A,MYSE
151.909,8443,6/3/2015,5/26/2015,17:58:23,7,30.5,AH0,217,33.2974125,Day,F,L,A,MYSE
151.909,8443,6/3/2015,5/28/2015,17:58:23,7,30.1,AH0,140,32.6247633,Day,F,L,A,MYSE
151.909,8443,6/3/2015,5/28/2015,17:58:25,7,30,AH0,143,32.45,Day,F,L,A,MYSE
151.909,8443,6/3/2015,5/25/2015,17:58:27,7,32,AH0,254,35.4624,Day,F,L,A,MYSE
151.909,8443,6/3/2015,5/28/2015,17:58:27,7,30,AH0,137,32.45,Day,F,L,A,MYSE
151.909,8443,6/3/2015,5/29/2015,17:58:27,7,32.4,AH0,253,35.9501792,Day,F,L,A,MYSE
151.909,8443,6/3/2015,5/30/2015,17:58:28,7,33.3,AH0,255,36.9206321,Day,F,L,A,MYSE
151.909,8443,6/3/2015,5/25/2015,17:58:29,7,32,AH0,255,35.4624,Day,F,L,A,MYSE
151.909,8443,6/3/2015,5/29/2015,17:58:29,7,32.4,AH0,252,35.9501792,Day,F,L,A,MYSE
151.909,8443,6/3/2015,5/30/2015,17:58:30,7,33.3,AH0,255,36.9206321,Day,F,L,A,MYSE
151.909,8443,6/3/2015,5/25/2015,17:58:31,7,32,AH0,255,35.4624,Day,F,L,A,MYSE
151.909,8443,6/3/2015,5/29/2015,17:58:31,7,32.4,AH0,251,35.9501792,Day,F,L,A,MYSE
151.909,8443,6/3/2015,5/25/2015,17:58:32,7,32,AH0,255,35.4624,Day,F,L,A,MYSE
151.909,8443,6/3/2015,5/30/2015,17:58:32,7,33.3,AH0,254,36.9206321,Day,F,L,A,MYSE
151.909,8443,6/3/2015,5/24/2015,17:58:33,7,31.5,AH0,255,34.8011375,Day,F,L,A,MYSE
151.909,8443,6/3/2015,5/29/2015,17:58:33,7,32.4,AH0,251,35.9501792,Day,F,L,A,MYSE
151.909,8443,6/3/2015,5/30/2015,17:58:33,7,33.3,AH0,255,36.9206321,Day,F,L,A,MYSE
151.909,8443,6/3/2015,5/29/2015,17:58:34,7,32.4,AH0,252,35.9501792,Day,F,L,A,MYSE
151.909,8443,6/3/2015,5/24/2015,17:58:35,7,31.5,AH0,255,34.8011375,Day,F,L,A,MYSE
151.909,8443,6/3/2015,5/24/2015,17:58:37,7,31.5,AH0,255,34.8011375,Day,F,L,A,MYSE
151.909,8443,6/3/2015,5/26/2015,17:58:37,7,30.5,AH0,221,33.2974125,Day,F,L,A,MYSE
151.909,8443,6/3/2015,5/24/2015,17:58:39,7,31.5,AH0,255,34.8011375,Day,F,L,A,MYSE
151.909,8443,6/3/2015,5/26/2015,17:58:39,7,30.5,AH0,220,33.2974125,Day,F,L,A,MYSE
151.909,8443,6/3/2015,5/26/2015,17:58:41,7,30.6,AH0,219,33.4590728,Day,F,L,A,MYSE
151.909,8443,6/3/2015,5/28/2015,17:58:41,7,29.9,AH0,140,32.2725567,Day,F,L,A,MYSE
151.909,8443,6/3/2015,5/26/2015,17:58:43,7,30.6,AH0,220,33.4590728,Day,F,L,A,MYSE
151.909,8443,6/3/2015,5/28/2015,17:58:43,7,29.9,AH0,135,32.2725567,Day,F,L,A,MYSE
151.909,8443,6/3/2015,5/26/2015,17:58:45,7,30.6,AH0,215,33.4590728,Day,F,L,A,MYSE
151.909,8443,6/3/2015,5/28/2015,17:58:45,7,29.9,AH0,137,32.2725567,Day,F,L,A,MYSE
151.909,8443,6/3/2015,5/25/2015,17:58:47,7,32,AH0,253,35.4624,Day,F,L,A,MYSE
151.909,8443,6/3/2015,5/28/2015,17:58:47,7,29.9,AH0,136,32.2725567,Day,F,L,A,MYSE
151.909,8443,6/3/2015,5/29/2015,17:58:47,7,32.4,AH0,251,35.9501792,Day,F,L,A,MYSE
151.909,8443,6/3/2015,5/30/2015,17:58:48,7,33.4,AH0,254,37.0180632,Day,F,L,A,MYSE
151.909,8443,6/3/2015,5/25/2015,17:58:49,7,32,AH0,255,35.4624,Day,F,L,A,MYSE
151.909,8443,6/3/2015,5/29/2015,17:58:49,7,32.5,AH0,252,36.0665625,Day,F,L,A,MYSE
151.909,8443,6/3/2015,5/30/2015,17:58:50,7,33.4,AH0,254,37.0180632,Day,F,L,A,MYSE
151.909,8443,6/3/2015,5/25/2015,17:58:51,7,32,AH0,254,35.4624,Day,F,L,A,MYSE
151.909,8443,6/3/2015,5/29/2015,17:58:51,7,32.4,AH0,251,35.9501792,Day,F,L,A,MYSE
151.909,8443,6/3/2015,5/30/2015,17:58:51,7,33.4,AH0,254,37.0180632,Day,F,L,A,MYSE
151.909,8443,6/3/2015,5/24/2015,17:58:52,7,31.5,AH0,255,34.8011375,Day,F,L,A,MYSE
151.909,8443,6/3/2015,5/25/2015,17:58:53,7,32,AH0,255,35.4624,Day,F,L,A,MYSE
151.909,8443,6/3/2015,5/29/2015,17:58:53,7,32.4,AH0,252,35.9501792,Day,F,L,A,MYSE
151.909,8443,6/3/2015,5/30/2015,17:58:53,7,33.4,AH0,254,37.0180632,Day,F,L,A,MYSE
151.909,8443,6/3/2015,5/24/2015,17:58:54,7,31.5,AH0,255,34.8011375,Day,F,L,A,MYSE
151.909,8443,6/3/2015,5/29/2015,17:58:55,7,32.4,AH0,251,35.9501792,Day,F,L,A,MYSE
151.909,8443,6/3/2015,5/24/2015,17:58:56,7,31.5,AH0,255,34.8011375,Day,F,L,A,MYSE
151.909,8443,6/3/2015,5/24/2015,17:58:58,7,31.5,AH0,255,34.8011375,Day,F,L,A,MYSE
151.909,8443,6/3/2015,5/26/2015,17:58:59,7,30.6,AH0,218,33.4590728,Day,F,L,A,MYSE
151.909,8443,6/3/2015,5/24/2015,17:59:00,7,31.5,AH0,254,34.8011375,Day,F,L,A,MYSE
151.909,8443,6/3/2015,5/26/2015,17:59:00,7,30.6,AH0,220,33.4590728,Day,F,L,A,MYSE
151.909,8443,6/3/2015,5/28/2015,17:59:01,7,29.9,AH0,130,32.2725567,Day,F,L,A,MYSE
151.909,8443,6/3/2015,5/26/2015,17:59:02,7,30.6,AH0,219,33.4590728,Day,F,L,A,MYSE
151.909,8443,6/3/2015,5/28/2015,17:59:03,7,29.9,AH0,134,32.2725567,Day,F,L,A,MYSE
151.909,8443,6/3/2015,5/26/2015,17:59:04,7,30.6,AH0,220,33.4590728,Day,F,L,A,MYSE
151.909,8443,6/3/2015,5/28/2015,17:59:05,7,29.9,AH0,139,32.2725567,Day,F,L,A,MYSE
151.909,8443,6/3/2015,5/25/2015,17:59:06,7,32.1,AH0,255,35.5877213,Day,F,L,A,MYSE
151.909,8443,6/3/2015,5/28/2015,17:59:07,7,29.9,AH0,139,32.2725567,Day,F,L,A,MYSE
151.909,8443,6/3/2015,5/30/2015,17:59:07,7,33.4,AH0,254,37.0180632,Day,F,L,A,MYSE
151.909,8443,6/3/2015,5/25/2015,17:59:08,7,32.1,AH0,255,35.5877213,Day,F,L,A,MYSE
151.909,8443,6/3/2015,5/29/2015,17:59:08,7,32.4,AH0,251,35.9501792,Day,F,L,A,MYSE
151.909,8443,6/3/2015,5/30/2015,17:59:09,7,33.4,AH0,255,37.0180632,Day,F,L,A,MYSE
151.909,8443,6/3/2015,5/25/2015,17:59:10,7,32.1,AH0,254,35.5877213,Day,F,L,A,MYSE
151.909,8443,6/3/2015,5/29/2015,17:59:10,7,32.5,AH0,249,36.0665625,Day,F,L,A,MYSE
151.909,8443,6/3/2015,5/29/2015,17:59:11,7,32.4,AH0,250,35.9501792,Day,F,L,A,MYSE
151.909,8443,6/3/2015,5/30/2015,17:59:11,7,33.4,AH0,255,37.0180632,Day,F,L,A,MYSE
151.909,8443,6/3/2015,5/25/2015,17:59:12,7,32.1,AH0,255,35.5877213,Day,F,L,A,MYSE
151.909,8443,6/3/2015,5/24/2015,17:59:13,7,31.6,AH0,255,34.9380768,Day,F,L,A,MYSE
151.909,8443,6/3/2015,5/29/2015,17:59:13,7,32.4,AH0,253,35.9501792,Day,F,L,A,MYSE
151.909,8443,6/3/2015,5/30/2015,17:59:13,7,33.5,AH0,254,37.1134875,Day,F,L,A,MYSE
151.909,8443,6/3/2015,5/25/2015,17:59:14,7,32.1,AH0,254,35.5877213,Day,F,L,A,MYSE
151.909,8443,6/3/2015,5/24/2015,17:59:15,7,31.5,AH0,255,34.8011375,Day,F,L,A,MYSE
151.909,8443,6/3/2015,5/24/2015,17:59:17,7,31.5,AH0,255,34.8011375,Day,F,L,A,MYSE
151.909,8443,6/3/2015,5/26/2015,17:59:18,7,30.7,AH0,220,33.6181719,Day,F,L,A,MYSE
151.909,8443,6/3/2015,5/24/2015,17:59:19,7,31.5,AH0,255,34.8011375,Day,F,L,A,MYSE
151.909,8443,6/3/2015,5/26/2015,17:59:20,7,30.7,AH0,219,33.6181719,Day,F,L,A,MYSE
151.909,8443,6/3/2015,5/28/2015,17:59:21,7,29.9,AH0,138,32.2725567,Day,F,L,A,MYSE
151.909,8443,6/3/2015,5/26/2015,17:59:22,7,30.7,AH0,220,33.6181719,Day,F,L,A,MYSE
151.909,8443,6/3/2015,5/28/2015,17:59:23,7,32.4,AH0,139,35.9501792,Day,F,L,A,MYSE
151.909,8443,6/3/2015,5/26/2015,17:59:24,7,30.7,AH0,218,33.6181719,Day,F,L,A,MYSE
151.909,8443,6/3/2015,5/28/2015,17:59:25,7,29.9,AH0,134,32.2725567,Day,F,L,A,MYSE
151.909,8443,6/3/2015,5/25/2015,17:59:27,7,32.1,AH0,254,35.5877213,Day,F,L,A,MYSE
151.909,8443,6/3/2015,5/28/2015,17:59:27,7,29.9,AH0,132,32.2725567,Day,F,L,A,MYSE
151.909,8443,6/3/2015,5/30/2015,17:59:27,7,33.5,AH0,254,37.1134875,Day,F,L,A,MYSE
151.909,8443,6/3/2015,5/29/2015,17:59:28,7,32.5,AH0,253,36.0665625,Day,F,L,A,MYSE
151.909,8443,6/3/2015,5/25/2015,17:59:29,7,32.1,AH0,254,35.5877213,Day,F,L,A,MYSE
151.909,8443,6/3/2015,5/30/2015,17:59:29,7,33.5,AH0,254,37.1134875,Day,F,L,A,MYSE
151.909,8443,6/3/2015,5/29/2015,17:59:30,7,32.5,AH0,251,36.0665625,Day,F,L,A,MYSE
151.909,8443,6/3/2015,5/25/2015,17:59:31,7,32.1,AH0,254,35.5877213,Day,F,L,A,MYSE
151.909,8443,6/3/2015,5/30/2015,17:59:31,7,33.5,AH0,254,37.1134875,Day,F,L,A,MYSE
151.909,8443,6/3/2015,5/24/2015,17:59:32,7,31.5,AH0,254,34.8011375,Day,F,L,A,MYSE
151.909,8443,6/3/2015,5/25/2015,17:59:32,7,32.1,AH0,254,35.5877213,Day,F,L,A,MYSE
151.909,8443,6/3/2015,5/29/2015,17:59:32,7,32.5,AH0,252,36.0665625,Day,F,L,A,MYSE
151.909,8443,6/3/2015,5/30/2015,17:59:33,7,33.5,AH0,255,37.1134875,Day,F,L,A,MYSE
151.909,8443,6/3/2015,5/24/2015,17:59:34,7,31.5,AH0,253,34.8011375,Day,F,L,A,MYSE
151.909,8443,6/3/2015,5/29/2015,17:59:34,7,32.5,AH0,252,36.0665625,Day,F,L,A,MYSE
151.909,8443,6/3/2015,5/30/2015,17:59:34,7,33.5,AH0,254,37.1134875,Day,F,L,A,MYSE
151.909,8443,6/3/2015,5/24/2015,17:59:36,7,31.6,AH0,254,34.9380768,Day,F,L,A,MYSE
151.909,8443,6/3/2015,5/24/2015,17:59:38,7,31.6,AH0,254,34.9380768,Day,F,L,A,MYSE
151.909,8443,6/3/2015,5/26/2015,17:59:38,7,30.7,AH0,222,33.6181719,Day,F,L,A,MYSE
151.909,8443,6/3/2015,5/24/2015,17:59:40,7,31.6,AH0,255,34.9380768,Day,F,L,A,MYSE
151.909,8443,6/3/2015,5/26/2015,17:59:40,7,30.7,AH0,218,33.6181719,Day,F,L,A,MYSE
151.909,8443,6/3/2015,5/28/2015,17:59:41,7,29.9,AH0,135,32.2725567,Day,F,L,A,MYSE
151.909,8443,6/3/2015,5/26/2015,17:59:42,7,30.7,AH0,220,33.6181719,Day,F,L,A,MYSE
151.909,8443,6/3/2015,5/26/2015,17:59:43,7,30.7,AH0,221,33.6181719,Day,F,L,A,MYSE
151.909,8443,6/3/2015,5/28/2015,17:59:43,7,29.9,AH0,133,32.2725567,Day,F,L,A,MYSE
151.909,8443,6/3/2015,5/28/2015,17:59:45,7,29.9,AH0,129,32.2725567,Day,F,L,A,MYSE
151.909,8443,6/3/2015,5/25/2015,17:59:47,7,32.1,AH0,255,35.5877213,Day,F,L,A,MYSE
151.909,8443,6/3/2015,5/28/2015,17:59:47,7,29.9,AH0,125,32.2725567,Day,F,L,A,MYSE
151.909,8443,6/3/2015,5/30/2015,17:59:47,7,33.5,AH0,255,37.1134875,Day,F,L,A,MYSE
151.909,8443,6/3/2015,5/29/2015,17:59:48,7,32.5,AH0,250,36.0665625,Day,F,L,A,MYSE
151.909,8443,6/3/2015,5/25/2015,17:59:49,7,32.1,AH0,254,35.5877213,Day,F,L,A,MYSE
151.909,8443,6/3/2015,5/30/2015,17:59:49,7,33.5,AH0,254,37.1134875,Day,F,L,A,MYSE
151.909,8443,6/3/2015,5/29/2015,17:59:50,7,32.5,AH0,251,36.0665625,Day,F,L,A,MYSE
151.909,8443,6/3/2015,5/30/2015,17:59:50,7,33.5,AH0,255,37.1134875,Day,F,L,A,MYSE
151.909,8443,6/3/2015,5/25/2015,17:59:51,7,32.1,AH0,254,35.5877213,Day,F,L,A,MYSE
151.909,8443,6/3/2015,5/29/2015,17:59:52,7,32.5,AH0,250,36.0665625,Day,F,L,A,MYSE
151.909,8443,6/3/2015,5/30/2015,17:59:52,7,33.5,AH0,254,37.1134875,Day,F,L,A,MYSE
151.909,8443,6/3/2015,5/24/2015,17:59:53,7,31.6,AH0,255,34.9380768,Day,F,L,A,MYSE
151.909,8443,6/3/2015,5/25/2015,17:59:53,7,32.1,AH0,255,35.5877213,Day,F,L,A,MYSE
151.909,8443,6/3/2015,5/29/2015,17:59:54,7,32.5,AH0,251,36.0665625,Day,F,L,A,MYSE
151.909,8443,6/3/2015,5/30/2015,17:59:54,7,33.5,AH0,255,37.1134875,Day,F,L,A,MYSE
151.909,8443,6/3/2015,5/24/2015,17:59:55,7,31.6,AH0,255,34.9380768,Day,F,L,A,MYSE
151.909,8443,6/3/2015,5/24/2015,17:59:57,7,31.6,AH0,255,34.9380768,Day,F,L,A,MYSE
151.909,8443,6/3/2015,5/26/2015,17:59:57,7,30.8,AH0,220,33.7747296,Day,F,L,A,MYSE
151.909,8443,6/3/2015,5/24/2015,17:59:59,7,31.6,AH0,255,34.9380768,Day,F,L,A,MYSE
151.909,8443,6/3/2015,5/26/2015,17:59:59,7,30.8,AH0,222,33.7747296,Day,F,L,A,MYSE
151.909,8443,6/3/2015,5/26/2015,18:00:01,7,30.8,AH0,223,33.7747296,Day,F,L,A,MYSE
151.909,8443,6/3/2015,5/28/2015,18:00:01,7,29.9,AH0,138,32.2725567,Day,F,L,A,MYSE
151.909,8443,6/3/2015,5/26/2015,18:00:03,7,30.8,AH0,223,33.7747296,Day,F,L,A,MYSE
151.909,8443,6/3/2015,5/28/2015,18:00:03,7,29.9,AH0,142,32.2725567,Day,F,L,A,MYSE
151.909,8443,6/3/2015,5/28/2015,18:00:05,7,29.9,AH0,149,32.2725567,Day,F,L,A,MYSE
151.909,8443,6/3/2015,5/25/2015,18:00:06,7,32.1,AH0,255,35.5877213,Day,F,L,A,MYSE
151.909,8443,6/3/2015,5/28/2015,18:00:07,7,29.9,AH0,143,32.2725567,Day,F,L,A,MYSE
151.909,8443,6/3/2015,5/30/2015,18:00:07,7,33.5,AH0,254,37.1134875,Day,F,L,A,MYSE
151.909,8443,6/3/2015,5/25/2015,18:00:08,7,32.1,AH0,253,35.5877213,Day,F,L,A,MYSE
151.909,8443,6/3/2015,5/30/2015,18:00:08,7,33.5,AH0,254,37.1134875,Day,F,L,A,MYSE
151.909,8443,6/3/2015,5/29/2015,18:00:09,7,32.5,AH0,250,36.0665625,Day,F,L,A,MYSE
151.909,8443,6/3/2015,5/25/2015,18:00:10,7,32.1,AH0,255,35.5877213,Day,F,L,A,MYSE
151.909,8443,6/3/2015,5/30/2015,18:00:10,7,33.5,AH0,254,37.1134875,Day,F,L,A,MYSE
151.909,8443,6/3/2015,5/29/2015,18:00:11,7,32.5,AH0,249,36.0665625,Day,F,L,A,MYSE
151.909,8443,6/3/2015,5/24/2015,18:00:12,7,31.6,AH0,255,34.9380768,Day,F,L,A,MYSE
151.909,8443,6/3/2015,5/25/2015,18:00:12,7,32.1,AH0,254,35.5877213,Day,F,L,A,MYSE
151.909,8443,6/3/2015,5/29/2015,18:00:12,7,32.5,AH0,250,36.0665625,Day,F,L,A,MYSE
151.909,8443,6/3/2015,5/30/2015,18:00:12,7,33.5,AH0,254,37.1134875,Day,F,L,A,MYSE
151.909,8443,6/3/2015,5/25/2015,18:00:13,7,32.1,AH0,255,35.5877213,Day,F,L,A,MYSE
151.909,8443,6/3/2015,5/24/2015,18:00:14,7,31.6,AH0,255,34.9380768,Day,F,L,A,MYSE
151.909,8443,6/3/2015,5/29/2015,18:00:14,7,32.5,AH0,250,36.0665625,Day,F,L,A,MYSE
151.909,8443,6/3/2015,5/30/2015,18:00:14,7,33.5,AH0,254,37.1134875,Day,F,L,A,MYSE
151.909,8443,6/3/2015,5/24/2015,18:00:16,7,31.6,AH0,255,34.9380768,Day,F,L,A,MYSE
151.909,8443,6/3/2015,5/24/2015,18:00:18,7,31.6,AH0,255,34.9380768,Day,F,L,A,MYSE
151.909,8443,6/3/2015,5/26/2015,18:00:19,7,30.9,AH0,211,33.9287657,Day,F,L,A,MYSE
151.909,8443,6/3/2015,5/24/2015,18:00:20,7,31.6,AH0,255,34.9380768,Day,F,L,A,MYSE
151.909,8443,6/3/2015,5/26/2015,18:00:21,7,30.9,AH0,213,33.9287657,Day,F,L,A,MYSE
151.909,8443,6/3/2015,5/28/2015,18:00:21,7,30,AH0,205,32.45,Day,F,L,A,MYSE
151.909,8443,6/3/2015,5/26/2015,18:00:22,7,30.9,AH0,211,33.9287657,Day,F,L,A,MYSE
151.909,8443,6/3/2015,5/28/2015,18:00:23,7,30,AH0,215,32.45,Day,F,L,A,MYSE
151.909,8443,6/3/2015,5/26/2015,18:00:24,7,30.9,AH0,212,33.9287657,Day,F,L,A,MYSE
151.909,8443,6/3/2015,5/28/2015,18:00:25,7,30,AH0,178,32.45,Day,F,L,A,MYSE
151.909,8443,6/3/2015,5/25/2015,18:00:27,7,32.1,AH0,255,35.5877213,Day,F,L,A,MYSE
151.909,8443,6/3/2015,5/28/2015,18:00:27,7,30,AH0,166,32.45,Day,F,L,A,MYSE
151.909,8443,6/3/2015,5/29/2015,18:00:27,7,32.5,AH0,252,36.0665625,Day,F,L,A,MYSE
151.909,8443,6/3/2015,5/25/2015,18:00:28,7,32.1,AH0,254,35.5877213,Day,F,L,A,MYSE
151.909,8443,6/3/2015,5/30/2015,18:00:28,7,33.6,AH0,255,37.2069248,Day,F,L,A,MYSE
151.909,8443,6/3/2015,5/29/2015,18:00:29,7,32.5,AH0,252,36.0665625,Day,F,L,A,MYSE
151.909,8443,6/3/2015,5/25/2015,18:00:30,7,32.1,AH0,255,35.5877213,Day,F,L,A,MYSE
151.909,8443,6/3/2015,5/30/2015,18:00:30,7,33.6,AH0,254,37.2069248,Day,F,L,A,MYSE
151.909,8443,6/3/2015,5/29/2015,18:00:31,7,32.5,AH0,251,36.0665625,Day,F,L,A,MYSE
151.909,8443,6/3/2015,5/25/2015,18:00:32,7,32.2,AH0,254,35.7107784,Day,F,L,A,MYSE
151.909,8443,6/3/2015,5/30/2015,18:00:32,7,33.6,AH0,254,37.2069248,Day,F,L,A,MYSE
151.909,8443,6/3/2015,5/24/2015,18:00:33,7,31.6,AH0,254,34.9380768,Day,F,L,A,MYSE
151.909,8443,6/3/2015,5/29/2015,18:00:33,7,32.5,AH0,251,36.0665625,Day,F,L,A,MYSE
151.909,8443,6/3/2015,5/30/2015,18:00:33,7,33.6,AH0,255,37.2069248,Day,F,L,A,MYSE
151.909,8443,6/3/2015,5/24/2015,18:00:35,7,31.6,AH0,252,34.9380768,Day,F,L,A,MYSE
151.909,8443,6/3/2015,5/29/2015,18:00:35,7,32.5,AH0,252,36.0665625,Day,F,L,A,MYSE
151.909,8443,6/3/2015,5/24/2015,18:00:37,7,31.7,AH0,255,35.0726529,Day,F,L,A,MYSE
151.909,8443,6/3/2015,5/26/2015,18:00:38,7,30.9,AH0,208,33.9287657,Day,F,L,A,MYSE
151.909,8443,6/3/2015,5/24/2015,18:00:39,7,31.7,AH0,255,35.0726529,Day,F,L,A,MYSE
151.909,8443,6/3/2015,5/26/2015,18:00:40,7,30.9,AH0,213,33.9287657,Day,F,L,A,MYSE
151.909,8443,6/3/2015,5/28/2015,18:00:41,7,30,AH0,155,32.45,Day,F,L,A,MYSE
151.909,8443,6/3/2015,5/26/2015,18:00:42,7,30.9,AH0,212,33.9287657,Day,F,L,A,MYSE
151.909,8443,6/3/2015,5/28/2015,18:00:43,7,30,AH0,206,32.45,Day,F,L,A,MYSE
151.909,8443,6/3/2015,5/26/2015,18:00:44,7,30.9,AH0,214,33.9287657,Day,F,L,A,MYSE
151.909,8443,6/3/2015,5/28/2015,18:00:45,7,30,AH0,196,32.45,Day,F,L,A,MYSE
151.909,8443,6/3/2015,5/25/2015,18:00:47,7,32.1,AH0,254,35.5877213,Day,F,L,A,MYSE
151.909,8443,6/3/2015,5/28/2015,18:00:47,7,30,AH0,233,32.45,Day,F,L,A,MYSE
151.909,8443,6/3/2015,5/29/2015,18:00:48,7,32.5,AH0,251,36.0665625,Day,F,L,A,MYSE
151.909,8443,6/3/2015,5/30/2015,18:00:48,7,33.6,AH0,254,37.2069248,Day,F,L,A,MYSE
151.909,8443,6/3/2015,5/25/2015,18:00:49,7,32.1,AH0,255,35.5877213,Day,F,L,A,MYSE
151.909,8443,6/3/2015,5/29/2015,18:00:49,7,32.5,AH0,249,36.0665625,Day,F,L,A,MYSE
151.909,8443,6/3/2015,5/30/2015,18:00:50,7,33.6,AH0,254,37.2069248,Day,F,L,A,MYSE
151.909,8443,6/3/2015,5/25/2015,18:00:51,7,32.1,AH0,255,35.5877213,Day,F,L,A,MYSE
151.909,8443,6/3/2015,5/29/2015,18:00:51,7,32.5,AH0,252,36.0665625,Day,F,L,A,MYSE
151.909,8443,6/3/2015,5/30/2015,18:00:51,7,33.6,AH0,254,37.2069248,Day,F,L,A,MYSE
151.909,8443,6/3/2015,5/24/2015,18:00:52,7,31.6,AH0,255,34.9380768,Day,F,L,A,MYSE
151.909,8443,6/3/2015,5/25/2015,18:00:53,7,32.1,AH0,255,35.5877213,Day,F,L,A,MYSE
151.909,8443,6/3/2015,5/29/2015,18:00:53,7,32.5,AH0,250,36.0665625,Day,F,L,A,MYSE
151.909,8443,6/3/2015,5/30/2015,18:00:53,7,33.6,AH0,254,37.2069248,Day,F,L,A,MYSE
151.909,8443,6/3/2015,5/24/2015,18:00:54,7,31.7,AH0,255,35.0726529,Day,F,L,A,MYSE
151.909,8443,6/3/2015,5/29/2015,18:00:55,7,32.5,AH0,251,36.0665625,Day,F,L,A,MYSE
151.909,8443,6/3/2015,5/24/2015,18:00:56,7,31.7,AH0,255,35.0726529,Day,F,L,A,MYSE
151.909,8443,6/3/2015,5/26/2015,18:00:57,7,31,AH0,216,34.0803,Day,F,L,A,MYSE
151.909,8443,6/3/2015,5/24/2015,18:00:58,7,31.7,AH0,255,35.0726529,Day,F,L,A,MYSE
151.909,8443,6/3/2015,5/24/2015,18:00:59,7,31.7,AH0,255,35.0726529,Day,F,L,A,MYSE
151.909,8443,6/3/2015,5/26/2015,18:00:59,7,31,AH0,215,34.0803,Day,F,L,A,MYSE
151.909,8443,6/3/2015,5/26/2015,18:01:01,7,31,AH0,219,34.0803,Day,F,L,A,MYSE
151.909,8443,6/3/2015,5/28/2015,18:01:01,7,37,AH0,69,39.3429,Day,F,L,A,MYSE
151.909,8443,6/3/2015,5/26/2015,18:01:03,7,31,AH0,225,34.0803,Day,F,L,A,MYSE
151.909,8443,6/3/2015,5/25/2015,18:01:06,7,32,AH0,255,35.4624,Day,F,L,A,MYSE
151.909,8443,6/3/2015,5/28/2015,18:01:07,7,10,AH0,47,-82.77,Day,F,L,A,MYSE
151.909,8443,6/3/2015,5/30/2015,18:01:07,7,33.6,AH0,254,37.2069248,Day,F,L,A,MYSE
151.909,8443,6/3/2015,5/25/2015,18:01:08,7,32,AH0,255,35.4624,Day,F,L,A,MYSE
151.909,8443,6/3/2015,5/29/2015,18:01:08,7,32.5,AH0,249,36.0665625,Day,F,L,A,MYSE
151.909,8443,6/3/2015,5/30/2015,18:01:09,7,33.6,AH0,254,37.2069248,Day,F,L,A,MYSE
151.909,8443,6/3/2015,5/25/2015,18:01:10,7,32,AH0,254,35.4624,Day,F,L,A,MYSE
151.909,8443,6/3/2015,5/29/2015,18:01:10,7,32.5,AH0,250,36.0665625,Day,F,L,A,MYSE
151.909,8443,6/3/2015,5/25/2015,18:01:11,7,32,AH0,255,35.4624,Day,F,L,A,MYSE
151.909,8443,6/3/2015,5/30/2015,18:01:11,7,33.6,AH0,254,37.2069248,Day,F,L,A,MYSE
151.909,8443,6/3/2015,5/29/2015,18:01:12,7,32.5,AH0,251,36.0665625,Day,F,L,A,MYSE
151.909,8443,6/3/2015,5/24/2015,18:01:13,7,31.7,AH0,254,35.0726529,Day,F,L,A,MYSE
151.909,8443,6/3/2015,5/25/2015,18:01:13,7,32,AH0,255,35.4624,Day,F,L,A,MYSE
151.909,8443,6/3/2015,5/29/2015,18:01:13,7,32.5,AH0,249,36.0665625,Day,F,L,A,MYSE
151.909,8443,6/3/2015,5/30/2015,18:01:13,7,33.6,AH0,255,37.2069248,Day,F,L,A,MYSE
151.909,8443,6/3/2015,5/24/2015,18:01:15,7,31.6,AH0,255,34.9380768,Day,F,L,A,MYSE
151.909,8443,6/3/2015,5/30/2015,18:01:15,7,33.6,AH0,254,37.2069248,Day,F,L,A,MYSE
151.909,8443,6/3/2015,5/24/2015,18:01:17,7,31.6,AH0,255,34.9380768,Day,F,L,A,MYSE
151.909,8443,6/3/2015,5/24/2015,18:01:18,7,31.7,AH0,255,35.0726529,Day,F,L,A,MYSE
151.909,8443,6/3/2015,5/26/2015,18:01:19,7,31,AH0,220,34.0803,Day,F,L,A,MYSE
151.909,8443,6/3/2015,5/26/2015,18:01:21,7,31,AH0,219,34.0803,Day,F,L,A,MYSE
151.909,8443,6/3/2015,5/28/2015,18:01:21,7,30.1,AH0,202,32.6247633,Day,F,L,A,MYSE
151.909,8443,6/3/2015,5/26/2015,18:01:23,7,31,AH0,220,34.0803,Day,F,L,A,MYSE
151.909,8443,6/3/2015,5/28/2015,18:01:23,7,30.1,AH0,160,32.6247633,Day,F,L,A,MYSE
151.909,8443,6/3/2015,5/26/2015,18:01:25,7,31,AH0,219,34.0803,Day,F,L,A,MYSE
151.909,8443,6/3/2015,5/28/2015,18:01:25,7,30.1,AH0,143,32.6247633,Day,F,L,A,MYSE
151.909,8443,6/3/2015,5/25/2015,18:01:26,7,31.9,AH0,255,35.3347947,Day,F,L,A,MYSE
151.909,8443,6/3/2015,5/28/2015,18:01:27,7,30.1,AH0,148,32.6247633,Day,F,L,A,MYSE
151.909,8443,6/3/2015,5/30/2015,18:01:27,7,33.6,AH0,254,37.2069248,Day,F,L,A,MYSE
151.909,8443,6/3/2015,5/25/2015,18:01:28,7,31.9,AH0,254,35.3347947,Day,F,L,A,MYSE
151.909,8443,6/3/2015,5/29/2015,18:01:28,7,32.5,AH0,251,36.0665625,Day,F,L,A,MYSE
151.909,8443,6/3/2015,5/30/2015,18:01:29,7,33.6,AH0,255,37.2069248,Day,F,L,A,MYSE
151.909,8443,6/3/2015,5/25/2015,18:01:30,7,31.9,AH0,255,35.3347947,Day,F,L,A,MYSE
151.909,8443,6/3/2015,5/29/2015,18:01:30,7,32.5,AH0,253,36.0665625,Day,F,L,A,MYSE
151.909,8443,6/3/2015,5/30/2015,18:01:31,7,33.6,AH0,255,37.2069248,Day,F,L,A,MYSE
151.909,8443,6/3/2015,5/25/2015,18:01:32,7,31.9,AH0,255,35.3347947,Day,F,L,A,MYSE
151.909,8443,6/3/2015,5/29/2015,18:01:32,7,32.5,AH0,253,36.0665625,Day,F,L,A,MYSE
151.909,8443,6/3/2015,5/30/2015,18:01:32,7,33.6,AH0,255,37.2069248,Day,F,L,A,MYSE
151.909,8443,6/3/2015,5/24/2015,18:01:34,7,31.6,AH0,254,34.9380768,Day,F,L,A,MYSE
151.909,8443,6/3/2015,5/29/2015,18:01:34,7,32.5,AH0,253,36.0665625,Day,F,L,A,MYSE
151.909,8443,6/3/2015,5/30/2015,18:01:34,7,33.6,AH0,255,37.2069248,Day,F,L,A,MYSE
151.909,8443,6/3/2015,5/24/2015,18:01:35,7,31.6,AH0,255,34.9380768,Day,F,L,A,MYSE
151.909,8443,6/3/2015,5/24/2015,18:01:37,7,31.6,AH0,255,34.9380768,Day,F,L,A,MYSE
151.909,8443,6/3/2015,5/26/2015,18:01:38,7,31,AH0,220,34.0803,Day,F,L,A,MYSE
151.909,8443,6/3/2015,5/24/2015,18:01:39,7,31.6,AH0,255,34.9380768,Day,F,L,A,MYSE
151.909,8443,6/3/2015,5/26/2015,18:01:40,7,31,AH0,218,34.0803,Day,F,L,A,MYSE
151.909,8443,6/3/2015,5/28/2015,18:01:41,7,30.1,AH0,153,32.6247633,Day,F,L,A,MYSE
151.909,8443,6/3/2015,5/26/2015,18:01:42,7,31,AH0,218,34.0803,Day,F,L,A,MYSE
151.909,8443,6/3/2015,5/28/2015,18:01:43,7,30.1,AH0,177,32.6247633,Day,F,L,A,MYSE
151.909,8443,6/3/2015,5/26/2015,18:01:44,7,31,AH0,219,34.0803,Day,F,L,A,MYSE
151.909,8443,6/3/2015,5/28/2015,18:01:45,7,30.1,AH0,88,32.6247633,Day,F,L,A,MYSE
151.909,8443,6/3/2015,5/25/2015,18:01:47,7,31.8,AH0,254,35.2048856,Day,F,L,A,MYSE
151.909,8443,6/3/2015,5/28/2015,18:01:47,7,30.1,AH0,78,32.6247633,Day,F,L,A,MYSE
151.909,8443,6/3/2015,5/30/2015,18:01:47,7,33.6,AH0,254,37.2069248,Day,F,L,A,MYSE
151.909,8443,6/3/2015,5/29/2015,18:01:48,7,32.5,AH0,251,36.0665625,Day,F,L,A,MYSE
151.909,8443,6/3/2015,5/30/2015,18:01:48,7,33.6,AH0,255,37.2069248,Day,F,L,A,MYSE
151.909,8443,6/3/2015,5/25/2015,18:01:49,7,31.8,AH0,254,35.2048856,Day,F,L,A,MYSE
151.909,8443,6/3/2015,5/29/2015,18:01:50,7,32.5,AH0,251,36.0665625,Day,F,L,A,MYSE
151.909,8443,6/3/2015,5/30/2015,18:01:50,7,33.6,AH0,254,37.2069248,Day,F,L,A,MYSE
151.909,8443,6/3/2015,5/25/2015,18:01:51,7,31.8,AH0,255,35.2048856,Day,F,L,A,MYSE
151.909,8443,6/3/2015,5/29/2015,18:01:52,7,32.5,AH0,251,36.0665625,Day,F,L,A,MYSE
151.909,8443,6/3/2015,5/30/2015,18:01:52,7,33.6,AH0,255,37.2069248,Day,F,L,A,MYSE
151.909,8443,6/3/2015,5/24/2015,18:01:53,7,31.5,AH0,254,34.8011375,Day,F,L,A,MYSE
151.909,8443,6/3/2015,5/25/2015,18:01:53,7,31.8,AH0,255,35.2048856,Day,F,L,A,MYSE
151.909,8443,6/3/2015,5/24/2015,18:01:54,7,31.5,AH0,254,34.8011375,Day,F,L,A,MYSE
151.909,8443,6/3/2015,5/29/2015,18:01:54,7,32.5,AH0,251,36.0665625,Day,F,L,A,MYSE
151.909,8443,6/3/2015,5/30/2015,18:01:54,7,33.6,AH0,255,37.2069248,Day,F,L,A,MYSE
151.909,8443,6/3/2015,5/24/2015,18:01:56,7,31.5,AH0,254,34.8011375,Day,F,L,A,MYSE
151.909,8443,6/3/2015,5/26/2015,18:01:57,7,31,AH0,217,34.0803,Day,F,L,A,MYSE
151.909,8443,6/3/2015,5/24/2015,18:01:58,7,31.5,AH0,255,34.8011375,Day,F,L,A,MYSE
151.909,8443,6/3/2015,5/26/2015,18:01:59,7,31,AH0,218,34.0803,Day,F,L,A,MYSE
151.909,8443,6/3/2015,5/26/2015,18:02:01,7,31,AH0,216,34.0803,Day,F,L,A,MYSE
151.909,8443,6/3/2015,5/28/2015,18:02:01,7,30.2,AH0,157,32.7968664,Day,F,L,A,MYSE
151.909,8443,6/3/2015,5/26/2015,18:02:03,7,31,AH0,217,34.0803,Day,F,L,A,MYSE
151.909,8443,6/3/2015,5/28/2015,18:02:03,7,30.2,AH0,157,32.7968664,Day,F,L,A,MYSE
151.909,8443,6/3/2015,5/28/2015,18:02:05,7,30.2,AH0,129,32.7968664,Day,F,L,A,MYSE
151.909,8443,6/3/2015,5/25/2015,18:02:06,7,31.8,AH0,255,35.2048856,Day,F,L,A,MYSE
151.909,8443,6/3/2015,5/30/2015,18:02:06,7,33.6,AH0,253,37.2069248,Day,F,L,A,MYSE
151.909,8443,6/3/2015,5/28/2015,18:02:07,7,30.2,AH0,140,32.7968664,Day,F,L,A,MYSE
151.909,8443,6/3/2015,5/25/2015,18:02:08,7,31.8,AH0,255,35.2048856,Day,F,L,A,MYSE
151.909,8443,6/3/2015,5/30/2015,18:02:08,7,33.6,AH0,254,37.2069248,Day,F,L,A,MYSE
151.909,8443,6/3/2015,5/29/2015,18:02:09,7,32.5,AH0,251,36.0665625,Day,F,L,A,MYSE
151.909,8443,6/3/2015,5/25/2015,18:02:10,7,31.8,AH0,255,35.2048856,Day,F,L,A,MYSE
151.909,8443,6/3/2015,5/30/2015,18:02:10,7,33.6,AH0,254,37.2069248,Day,F,L,A,MYSE
151.909,8443,6/3/2015,5/29/2015,18:02:11,7,32.5,AH0,253,36.0665625,Day,F,L,A,MYSE
151.909,8443,6/3/2015,5/25/2015,18:02:12,7,31.8,AH0,255,35.2048856,Day,F,L,A,MYSE
151.909,8443,6/3/2015,5/29/2015,18:02:12,7,32.5,AH0,251,36.0665625,Day,F,L,A,MYSE
151.909,8443,6/3/2015,5/30/2015,18:02:12,7,33.6,AH0,253,37.2069248,Day,F,L,A,MYSE
151.909,8443,6/3/2015,5/24/2015,18:02:14,7,31.6,AH0,255,34.9380768,Day,F,L,A,MYSE
151.909,8443,6/3/2015,5/25/2015,18:02:14,7,31.8,AH0,254,35.2048856,Day,F,L,A,MYSE
151.909,8443,6/3/2015,5/29/2015,18:02:14,7,32.5,AH0,252,36.0665625,Day,F,L,A,MYSE
151.909,8443,6/3/2015,5/30/2015,18:02:14,7,33.6,AH0,254,37.2069248,Day,F,L,A,MYSE
151.909,8443,6/3/2015,5/24/2015,18:02:15,7,31.6,AH0,255,34.9380768,Day,F,L,A,MYSE
151.909,8443,6/3/2015,5/24/2015,18:02:17,7,31.6,AH0,254,34.9380768,Day,F,L,A,MYSE
151.909,8443,6/3/2015,5/24/2015,18:02:19,7,31.6,AH0,255,34.9380768,Day,F,L,A,MYSE
151.909,8443,6/3/2015,5/26/2015,18:02:19,7,31,AH0,215,34.0803,Day,F,L,A,MYSE
151.909,8443,6/3/2015,5/26/2015,18:02:21,7,31.1,AH0,214,34.2293523,Day,F,L,A,MYSE
151.909,8443,6/3/2015,5/28/2015,18:02:21,7,30.2,AH0,152,32.7968664,Day,F,L,A,MYSE
151.909,8443,6/3/2015,5/26/2015,18:02:23,7,31,AH0,218,34.0803,Day,F,L,A,MYSE
151.909,8443,6/3/2015,5/28/2015,18:02:23,7,30.2,AH0,156,32.7968664,Day,F,L,A,MYSE
151.909,8443,6/3/2015,5/26/2015,18:02:25,7,31.1,AH0,215,34.2293523,Day,F,L,A,MYSE
151.909,8443,6/3/2015,5/28/2015,18:02:25,7,30.2,AH0,138,32.7968664,Day,F,L,A,MYSE
151.909,8443,6/3/2015,5/25/2015,18:02:27,7,31.8,AH0,254,35.2048856,Day,F,L,A,MYSE
151.909,8443,6/3/2015,5/28/2015,18:02:27,7,30.2,AH0,139,32.7968664,Day,F,L,A,MYSE
151.909,8443,6/3/2015,5/29/2015,18:02:27,7,32.5,AH0,251,36.0665625,Day,F,L,A,MYSE
151.909,8443,6/3/2015,5/30/2015,18:02:28,7,33.6,AH0,254,37.2069248,Day,F,L,A,MYSE
151.909,8443,6/3/2015,5/25/2015,18:02:29,7,31.8,AH0,254,35.2048856,Day,F,L,A,MYSE
151.909,8443,6/3/2015,5/29/2015,18:02:29,7,32.5,AH0,251,36.0665625,Day,F,L,A,MYSE
151.909,8443,6/3/2015,5/30/2015,18:02:30,7,33.6,AH0,255,37.2069248,Day,F,L,A,MYSE
151.909,8443,6/3/2015,5/25/2015,18:02:31,7,31.8,AH0,255,35.2048856,Day,F,L,A,MYSE
151.909,8443,6/3/2015,5/29/2015,18:02:31,7,32.5,AH0,252,36.0665625,Day,F,L,A,MYSE
151.909,8443,6/3/2015,5/30/2015,18:02:31,7,33.6,AH0,255,37.2069248,Day,F,L,A,MYSE
151.909,8443,6/3/2015,5/25/2015,18:02:32,7,31.8,AH0,255,35.2048856,Day,F,L,A,MYSE
151.909,8443,6/3/2015,5/24/2015,18:02:33,7,31.6,AH0,255,34.9380768,Day,F,L,A,MYSE
151.909,8443,6/3/2015,5/29/2015,18:02:33,7,32.5,AH0,253,36.0665625,Day,F,L,A,MYSE
151.909,8443,6/3/2015,5/30/2015,18:02:33,7,33.6,AH0,254,37.2069248,Day,F,L,A,MYSE
151.909,8443,6/3/2015,5/24/2015,18:02:34,7,31.6,AH0,254,34.9380768,Day,F,L,A,MYSE
151.909,8443,6/3/2015,5/29/2015,18:02:35,7,32.5,AH0,252,36.0665625,Day,F,L,A,MYSE
151.909,8443,6/3/2015,5/24/2015,18:02:36,7,31.6,AH0,255,34.9380768,Day,F,L,A,MYSE
151.909,8443,6/3/2015,5/24/2015,18:02:38,7,31.6,AH0,255,34.9380768,Day,F,L,A,MYSE
151.909,8443,6/3/2015,5/26/2015,18:02:38,7,31.1,AH0,220,34.2293523,Day,F,L,A,MYSE
151.909,8443,6/3/2015,5/26/2015,18:02:40,7,31.1,AH0,214,34.2293523,Day,F,L,A,MYSE
151.909,8443,6/3/2015,5/28/2015,18:02:41,7,30.3,AH0,77,32.9663291,Day,F,L,A,MYSE
151.909,8443,6/3/2015,5/26/2015,18:02:42,7,31.1,AH0,214,34.2293523,Day,F,L,A,MYSE
151.909,8443,6/3/2015,5/28/2015,18:02:43,7,30.3,AH0,82,32.9663291,Day,F,L,A,MYSE
151.909,8443,6/3/2015,5/26/2015,18:02:44,7,31.1,AH0,216,34.2293523,Day,F,L,A,MYSE
151.909,8443,6/3/2015,5/28/2015,18:02:45,7,30.3,AH0,64,32.9663291,Day,F,L,A,MYSE
151.909,8443,6/3/2015,5/25/2015,18:02:46,7,31.8,AH0,255,35.2048856,Day,F,L,A,MYSE
151.909,8443,6/3/2015,5/28/2015,18:02:47,7,30.3,AH0,48,32.9663291,Day,F,L,A,MYSE
151.909,8443,6/3/2015,5/29/2015,18:02:47,7,32.5,AH0,253,36.0665625,Day,F,L,A,MYSE
151.909,8443,6/3/2015,5/30/2015,18:02:47,7,33.6,AH0,254,37.2069248,Day,F,L,A,MYSE
151.909,8443,6/3/2015,5/25/2015,18:02:48,7,31.8,AH0,255,35.2048856,Day,F,L,A,MYSE
151.909,8443,6/3/2015,5/25/2015,18:02:49,7,31.7,AH0,255,35.0726529,Day,F,L,A,MYSE
151.909,8443,6/3/2015,5/29/2015,18:02:49,7,32.5,AH0,251,36.0665625,Day,F,L,A,MYSE
151.909,8443,6/3/2015,5/30/2015,18:02:49,7,33.5,AH0,254,37.1134875,Day,F,L,A,MYSE
151.909,8443,6/3/2015,5/25/2015,18:02:51,7,31.7,AH0,255,35.0726529,Day,F,L,A,MYSE
151.909,8443,6/3/2015,5/29/2015,18:02:51,7,32.5,AH0,252,36.0665625,Day,F,L,A,MYSE
151.909,8443,6/3/2015,5/30/2015,18:02:51,7,33.5,AH0,255,37.1134875,Day,F,L,A,MYSE
151.909,8443,6/3/2015,5/24/2015,18:02:53,7,31.6,AH0,255,34.9380768,Day,F,L,A,MYSE
151.909,8443,6/3/2015,5/25/2015,18:02:53,7,31.7,AH0,255,35.0726529,Day,F,L,A,MYSE
151.909,8443,6/3/2015,5/29/2015,18:02:53,7,32.5,AH0,252,36.0665625,Day,F,L,A,MYSE
151.909,8443,6/3/2015,5/30/2015,18:02:53,7,33.6,AH0,255,37.2069248,Day,F,L,A,MYSE
151.909,8443,6/3/2015,5/24/2015,18:02:55,7,31.5,AH0,254,34.8011375,Day,F,L,A,MYSE
151.909,8443,6/3/2015,5/29/2015,18:02:55,7,32.5,AH0,253,36.0665625,Day,F,L,A,MYSE
151.909,8443,6/3/2015,5/24/2015,18:02:57,7,31.6,AH0,253,34.9380768,Day,F,L,A,MYSE
151.909,8443,6/3/2015,5/26/2015,18:02:57,7,31.1,AH0,218,34.2293523,Day,F,L,A,MYSE
151.909,8443,6/3/2015,5/24/2015,18:02:59,7,31.6,AH0,255,34.9380768,Day,F,L,A,MYSE
151.909,8443,6/3/2015,5/26/2015,18:02:59,7,31.1,AH0,216,34.2293523,Day,F,L,A,MYSE
151.909,8443,6/3/2015,5/26/2015,18:03:01,7,31.1,AH0,216,34.2293523,Day,F,L,A,MYSE
151.909,8443,6/3/2015,5/26/2015,18:03:03,7,31.1,AH0,218,34.2293523,Day,F,L,A,MYSE
151.909,8443,6/3/2015,5/25/2015,18:03:06,7,31.7,AH0,255,35.0726529,Day,F,L,A,MYSE
151.909,8443,6/3/2015,5/30/2015,18:03:07,7,33.5,AH0,254,37.1134875,Day,F,L,A,MYSE
151.909,8443,6/3/2015,5/25/2015,18:03:08,7,31.7,AH0,255,35.0726529,Day,F,L,A,MYSE
151.909,8443,6/3/2015,5/29/2015,18:03:08,7,32.5,AH0,252,36.0665625,Day,F,L,A,MYSE
151.909,8443,6/3/2015,5/30/2015,18:03:09,7,33.5,AH0,255,37.1134875,Day,F,L,A,MYSE
151.909,8443,6/3/2015,5/25/2015,18:03:10,7,31.7,AH0,255,35.0726529,Day,F,L,A,MYSE
151.909,8443,6/3/2015,5/29/2015,18:03:10,7,32.5,AH0,253,36.0665625,Day,F,L,A,MYSE
151.909,8443,6/3/2015,5/29/2015,18:03:11,7,32.5,AH0,251,36.0665625,Day,F,L,A,MYSE
151.909,8443,6/3/2015,5/30/2015,18:03:11,7,33.5,AH0,254,37.1134875,Day,F,L,A,MYSE
151.909,8443,6/3/2015,5/24/2015,18:03:12,7,31.6,AH0,255,34.9380768,Day,F,L,A,MYSE
151.909,8443,6/3/2015,5/25/2015,18:03:12,7,31.7,AH0,255,35.0726529,Day,F,L,A,MYSE
151.909,8443,6/3/2015,5/29/2015,18:03:13,7,32.5,AH0,253,36.0665625,Day,F,L,A,MYSE
151.909,8443,6/3/2015,5/30/2015,18:03:13,7,33.5,AH0,254,37.1134875,Day,F,L,A,MYSE
151.909,8443,6/3/2015,5/24/2015,18:03:14,7,31.6,AH0,255,34.9380768,Day,F,L,A,MYSE
151.909,8443,6/3/2015,5/30/2015,18:03:14,7,33.5,AH0,254,37.1134875,Day,F,L,A,MYSE
151.909,8443,6/3/2015,5/24/2015,18:03:16,7,31.6,AH0,255,34.9380768,Day,F,L,A,MYSE
151.909,8443,6/3/2015,5/24/2015,18:03:18,7,31.6,AH0,254,34.9380768,Day,F,L,A,MYSE
151.909,8443,6/3/2015,5/26/2015,18:03:19,7,31.2,AH0,217,34.3759424,Day,F,L,A,MYSE
151.909,8443,6/3/2015,5/26/2015,18:03:20,7,31.2,AH0,217,34.3759424,Day,F,L,A,MYSE
151.909,8443,6/3/2015,5/26/2015,18:03:22,7,31.2,AH0,218,34.3759424,Day,F,L,A,MYSE
151.909,8443,6/3/2015,5/26/2015,18:03:24,7,31.2,AH0,218,34.3759424,Day,F,L,A,MYSE
151.909,8443,6/3/2015,5/25/2015,18:03:27,7,31.7,AH0,254,35.0726529,Day,F,L,A,MYSE
151.909,8443,6/3/2015,5/30/2015,18:03:27,7,33.5,AH0,254,37.1134875,Day,F,L,A,MYSE
151.909,8443,6/3/2015,5/29/2015,18:03:28,7,32.5,AH0,254,36.0665625,Day,F,L,A,MYSE
151.909,8443,6/3/2015,5/25/2015,18:03:29,7,31.7,AH0,255,35.0726529,Day,F,L,A,MYSE
151.909,8443,6/3/2015,5/30/2015,18:03:29,7,33.5,AH0,255,37.1134875,Day,F,L,A,MYSE
151.909,8443,6/3/2015,5/29/2015,18:03:30,7,32.5,AH0,252,36.0665625,Day,F,L,A,MYSE
151.909,8443,6/3/2015,5/30/2015,18:03:30,7,33.5,AH0,254,37.1134875,Day,F,L,A,MYSE
151.909,8443,6/3/2015,5/25/2015,18:03:31,7,31.7,AH0,255,35.0726529,Day,F,L,A,MYSE
151.909,8443,6/3/2015,5/29/2015,18:03:32,7,32.5,AH0,252,36.0665625,Day,F,L,A,MYSE
151.909,8443,6/3/2015,5/30/2015,18:03:32,7,33.5,AH0,254,37.1134875,Day,F,L,A,MYSE
151.909,8443,6/3/2015,5/24/2015,18:03:33,7,31.6,AH0,255,34.9380768,Day,F,L,A,MYSE
151.909,8443,6/3/2015,5/25/2015,18:03:33,7,31.7,AH0,254,35.0726529,Day,F,L,A,MYSE
151.909,8443,6/3/2015,5/29/2015,18:03:34,7,32.5,AH0,251,36.0665625,Day,F,L,A,MYSE
151.909,8443,6/3/2015,5/30/2015,18:03:34,7,33.5,AH0,254,37.1134875,Day,F,L,A,MYSE
151.909,8443,6/3/2015,5/24/2015,18:03:35,7,31.6,AH0,255,34.9380768,Day,F,L,A,MYSE
151.909,8443,6/3/2015,5/24/2015,18:03:37,7,31.6,AH0,254,34.9380768,Day,F,L,A,MYSE
151.909,8443,6/3/2015,5/26/2015,18:03:38,7,31.2,AH0,216,34.3759424,Day,F,L,A,MYSE
151.909,8443,6/3/2015,5/24/2015,18:03:39,7,31.6,AH0,254,34.9380768,Day,F,L,A,MYSE
151.909,8443,6/3/2015,5/26/2015,18:03:40,7,31.2,AH0,216,34.3759424,Day,F,L,A,MYSE
151.909,8443,6/3/2015,5/26/2015,18:03:42,7,31.2,AH0,217,34.3759424,Day,F,L,A,MYSE
151.909,8443,6/3/2015,5/26/2015,18:03:44,7,31.2,AH0,216,34.3759424,Day,F,L,A,MYSE
151.909,8443,6/3/2015,5/25/2015,18:03:46,7,31.7,AH0,255,35.0726529,Day,F,L,A,MYSE
151.909,8443,6/3/2015,5/30/2015,18:03:47,7,33.5,AH0,254,37.1134875,Day,F,L,A,MYSE
151.909,8443,6/3/2015,5/25/2015,18:03:48,7,31.7,AH0,254,35.0726529,Day,F,L,A,MYSE
151.909,8443,6/3/2015,5/29/2015,18:03:48,7,32.5,AH0,253,36.0665625,Day,F,L,A,MYSE
151.909,8443,6/3/2015,5/30/2015,18:03:48,7,33.5,AH0,254,37.1134875,Day,F,L,A,MYSE
151.909,8443,6/3/2015,5/25/2015,18:03:50,7,31.7,AH0,255,35.0726529,Day,F,L,A,MYSE
151.909,8443,6/3/2015,5/29/2015,18:03:50,7,32.5,AH0,251,36.0665625,Day,F,L,A,MYSE
151.909,8443,6/3/2015,5/30/2015,18:03:50,7,33.5,AH0,254,37.1134875,Day,F,L,A,MYSE
151.909,8443,6/3/2015,5/24/2015,18:03:52,7,31.6,AH0,255,34.9380768,Day,F,L,A,MYSE
151.909,8443,6/3/2015,5/25/2015,18:03:52,7,31.7,AH0,255,35.0726529,Day,F,L,A,MYSE
151.909,8443,6/3/2015,5/29/2015,18:03:52,7,32.5,AH0,251,36.0665625,Day,F,L,A,MYSE
151.909,8443,6/3/2015,5/30/2015,18:03:52,7,33.5,AH0,254,37.1134875,Day,F,L,A,MYSE
151.909,8443,6/3/2015,5/24/2015,18:03:54,7,31.6,AH0,255,34.9380768,Day,F,L,A,MYSE
151.909,8443,6/3/2015,5/29/2015,18:03:54,7,32.5,AH0,251,36.0665625,Day,F,L,A,MYSE
151.909,8443,6/3/2015,5/30/2015,18:03:54,7,33.5,AH0,253,37.1134875,Day,F,L,A,MYSE
151.909,8443,6/3/2015,5/24/2015,18:03:56,7,31.6,AH0,255,34.9380768,Day,F,L,A,MYSE
151.909,8443,6/3/2015,5/26/2015,18:03:57,7,31.3,AH0,214,34.5200901,Day,F,L,A,MYSE
151.909,8443,6/3/2015,5/24/2015,18:03:58,7,31.6,AH0,254,34.9380768,Day,F,L,A,MYSE
151.909,8443,6/3/2015,5/26/2015,18:03:59,7,31.3,AH0,215,34.5200901,Day,F,L,A,MYSE
151.909,8443,6/3/2015,5/26/2015,18:04:01,7,31.3,AH0,214,34.5200901,Day,F,L,A,MYSE
151.909,8443,6/3/2015,5/26/2015,18:04:03,7,31.3,AH0,215,34.5200901,Day,F,L,A,MYSE
151.909,8443,6/3/2015,5/26/2015,18:04:05,7,31.3,AH0,212,34.5200901,Day,F,L,A,MYSE
151.909,8443,6/3/2015,5/25/2015,18:04:07,7,31.7,AH0,255,35.0726529,Day,F,L,A,MYSE
151.909,8443,6/3/2015,5/30/2015,18:04:08,7,33.5,AH0,254,37.1134875,Day,F,L,A,MYSE
151.909,8443,6/3/2015,5/25/2015,18:04:09,7,31.7,AH0,255,35.0726529,Day,F,L,A,MYSE
151.909,8443,6/3/2015,5/29/2015,18:04:09,7,32.4,AH0,249,35.9501792,Day,F,L,A,MYSE
151.909,8443,6/3/2015,5/30/2015,18:04:10,7,33.6,AH0,254,37.2069248,Day,F,L,A,MYSE
151.909,8443,6/3/2015,5/25/2015,18:04:11,7,31.7,AH0,255,35.0726529,Day,F,L,A,MYSE
151.909,8443,6/3/2015,5/29/2015,18:04:11,7,32.4,AH0,249,35.9501792,Day,F,L,A,MYSE
151.909,8443,6/3/2015,5/29/2015,18:04:12,7,32.4,AH0,251,35.9501792,Day,F,L,A,MYSE
151.909,8443,6/3/2015,5/30/2015,18:04:12,7,33.5,AH0,254,37.1134875,Day,F,L,A,MYSE
151.909,8443,6/3/2015,5/24/2015,18:04:13,7,31.6,AH0,255,34.9380768,Day,F,L,A,MYSE
151.909,8443,6/3/2015,5/25/2015,18:04:13,7,31.7,AH0,254,35.0726529,Day,F,L,A,MYSE
151.909,8443,6/3/2015,5/30/2015,18:04:13,7,33.5,AH0,255,37.1134875,Day,F,L,A,MYSE
151.909,8443,6/3/2015,5/29/2015,18:04:14,7,32.4,AH0,251,35.9501792,Day,F,L,A,MYSE
151.909,8443,6/3/2015,5/24/2015,18:04:15,7,31.6,AH0,255,34.9380768,Day,F,L,A,MYSE
151.909,8443,6/3/2015,5/24/2015,18:04:17,7,31.6,AH0,255,34.9380768,Day,F,L,A,MYSE
151.909,8443,6/3/2015,5/26/2015,18:04:18,7,31.3,AH0,214,34.5200901,Day,F,L,A,MYSE
151.909,8443,6/3/2015,5/24/2015,18:04:19,7,31.6,AH0,255,34.9380768,Day,F,L,A,MYSE
151.909,8443,6/3/2015,5/26/2015,18:04:20,7,31.3,AH0,216,34.5200901,Day,F,L,A,MYSE
151.909,8443,6/3/2015,5/26/2015,18:04:22,7,31.3,AH0,215,34.5200901,Day,F,L,A,MYSE
151.909,8443,6/3/2015,5/26/2015,18:04:24,7,31.3,AH0,215,34.5200901,Day,F,L,A,MYSE
151.909,8443,6/3/2015,5/25/2015,18:04:26,7,31.6,AH0,255,34.9380768,Day,F,L,A,MYSE
151.909,8443,6/3/2015,5/29/2015,18:04:27,7,32.4,AH0,251,35.9501792,Day,F,L,A,MYSE
151.909,8443,6/3/2015,5/25/2015,18:04:28,7,31.7,AH0,255,35.0726529,Day,F,L,A,MYSE
151.909,8443,6/3/2015,5/30/2015,18:04:28,7,33.5,AH0,254,37.1134875,Day,F,L,A,MYSE
151.909,8443,6/3/2015,5/29/2015,18:04:29,7,32.4,AH0,250,35.9501792,Day,F,L,A,MYSE
151.909,8443,6/3/2015,5/30/2015,18:04:29,7,33.5,AH0,254,37.1134875,Day,F,L,A,MYSE
151.909,8443,6/3/2015,5/25/2015,18:04:30,7,31.6,AH0,254,34.9380768,Day,F,L,A,MYSE
151.909,8443,6/3/2015,5/29/2015,18:04:31,7,32.4,AH0,252,35.9501792,Day,F,L,A,MYSE
151.909,8443,6/3/2015,5/30/2015,18:04:31,7,33.5,AH0,255,37.1134875,Day,F,L,A,MYSE
151.909,8443,6/3/2015,5/24/2015,18:04:32,7,31.6,AH0,255,34.9380768,Day,F,L,A,MYSE
151.909,8443,6/3/2015,5/25/2015,18:04:32,7,31.7,AH0,255,35.0726529,Day,F,L,A,MYSE
151.909,8443,6/3/2015,5/29/2015,18:04:33,7,32.4,AH0,251,35.9501792,Day,F,L,A,MYSE
151.909,8443,6/3/2015,5/30/2015,18:04:33,7,33.5,AH0,254,37.1134875,Day,F,L,A,MYSE
151.909,8443,6/3/2015,5/24/2015,18:04:34,7,31.6,AH0,254,34.9380768,Day,F,L,A,MYSE
151.909,8443,6/3/2015,5/25/2015,18:04:34,7,31.7,AH0,254,35.0726529,Day,F,L,A,MYSE
151.909,8443,6/3/2015,5/29/2015,18:04:35,7,32.4,AH0,250,35.9501792,Day,F,L,A,MYSE
151.909,8443,6/3/2015,5/24/2015,18:04:36,7,31.6,AH0,255,34.9380768,Day,F,L,A,MYSE
151.909,8443,6/3/2015,5/26/2015,18:04:37,7,31.4,AH0,217,34.6618152,Day,F,L,A,MYSE
151.909,8443,6/3/2015,5/24/2015,18:04:38,7,31.6,AH0,255,34.9380768,Day,F,L,A,MYSE
151.909,8443,6/3/2015,5/26/2015,18:04:39,7,31.4,AH0,218,34.6618152,Day,F,L,A,MYSE
151.909,8443,6/3/2015,5/26/2015,18:04:41,7,31.4,AH0,213,34.6618152,Day,F,L,A,MYSE
151.909,8443,6/3/2015,5/26/2015,18:04:43,7,31.4,AH0,216,34.6618152,Day,F,L,A,MYSE
151.909,8443,6/3/2015,5/25/2015,18:04:47,7,31.6,AH0,255,34.9380768,Day,F,L,A,MYSE
151.909,8443,6/3/2015,5/30/2015,18:04:47,7,33.5,AH0,255,37.1134875,Day,F,L,A,MYSE
151.909,8443,6/3/2015,5/29/2015,18:04:48,7,32.4,AH0,253,35.9501792,Day,F,L,A,MYSE
151.909,8443,6/3/2015,5/25/2015,18:04:49,7,31.6,AH0,253,34.9380768,Day,F,L,A,MYSE
151.909,8443,6/3/2015,5/29/2015,18:04:49,7,32.4,AH0,251,35.9501792,Day,F,L,A,MYSE
151.909,8443,6/3/2015,5/30/2015,18:04:49,7,33.5,AH0,253,37.1134875,Day,F,L,A,MYSE
151.909,8443,6/3/2015,5/25/2015,18:04:51,7,31.6,AH0,255,34.9380768,Day,F,L,A,MYSE
151.909,8443,6/3/2015,5/29/2015,18:04:51,7,32.4,AH0,253,35.9501792,Day,F,L,A,MYSE
151.909,8443,6/3/2015,5/30/2015,18:04:51,7,33.5,AH0,254,37.1134875,Day,F,L,A,MYSE
151.909,8443,6/3/2015,5/24/2015,18:04:53,7,31.6,AH0,255,34.9380768,Day,F,L,A,MYSE
151.909,8443,6/3/2015,5/25/2015,18:04:53,7,31.6,AH0,255,34.9380768,Day,F,L,A,MYSE
151.909,8443,6/3/2015,5/29/2015,18:04:53,7,32.4,AH0,252,35.9501792,Day,F,L,A,MYSE
151.909,8443,6/3/2015,5/30/2015,18:04:53,7,33.5,AH0,255,37.1134875,Day,F,L,A,MYSE
151.909,8443,6/3/2015,5/24/2015,18:04:55,7,31.6,AH0,255,34.9380768,Day,F,L,A,MYSE
151.909,8443,6/3/2015,5/24/2015,18:04:57,7,31.6,AH0,255,34.9380768,Day,F,L,A,MYSE
151.909,8443,6/3/2015,5/26/2015,18:04:58,7,31.4,AH0,215,34.6618152,Day,F,L,A,MYSE
151.909,8443,6/3/2015,5/24/2015,18:04:59,7,31.6,AH0,255,34.9380768,Day,F,L,A,MYSE
151.909,8443,6/3/2015,5/26/2015,18:05:00,7,31.4,AH0,217,34.6618152,Day,F,L,A,MYSE
151.909,8443,6/3/2015,5/26/2015,18:05:02,7,31.4,AH0,216,34.6618152,Day,F,L,A,MYSE
151.909,8443,6/3/2015,5/26/2015,18:05:04,7,31.4,AH0,218,34.6618152,Day,F,L,A,MYSE
151.909,8443,6/3/2015,5/25/2015,18:05:06,7,31.6,AH0,255,34.9380768,Day,F,L,A,MYSE
151.909,8443,6/3/2015,5/30/2015,18:05:07,7,33.5,AH0,254,37.1134875,Day,F,L,A,MYSE
151.909,8443,6/3/2015,5/25/2015,18:05:08,7,31.6,AH0,255,34.9380768,Day,F,L,A,MYSE
151.909,8443,6/3/2015,5/29/2015,18:05:08,7,32.4,AH0,252,35.9501792,Day,F,L,A,MYSE
151.909,8443,6/3/2015,5/30/2015,18:05:09,7,33.5,AH0,254,37.1134875,Day,F,L,A,MYSE
151.909,8443,6/3/2015,5/25/2015,18:05:10,7,31.6,AH0,255,34.9380768,Day,F,L,A,MYSE
151.909,8443,6/3/2015,5/29/2015,18:05:10,7,32.4,AH0,250,35.9501792,Day,F,L,A,MYSE
151.909,8443,6/3/2015,5/30/2015,18:05:11,7,33.5,AH0,254,37.1134875,Day,F,L,A,MYSE
151.909,8443,6/3/2015,5/24/2015,18:05:12,7,31.6,AH0,255,34.9380768,Day,F,L,A,MYSE
151.909,8443,6/3/2015,5/25/2015,18:05:12,7,31.6,AH0,255,34.9380768,Day,F,L,A,MYSE
151.909,8443,6/3/2015,5/29/2015,18:05:12,7,32.4,AH0,252,35.9501792,Day,F,L,A,MYSE
151.909,8443,6/3/2015,5/30/2015,18:05:12,7,33.5,AH0,254,37.1134875,Day,F,L,A,MYSE
151.909,8443,6/3/2015,5/25/2015,18:05:13,7,31.6,AH0,255,34.9380768,Day,F,L,A,MYSE
151.909,8443,6/3/2015,5/24/2015,18:05:14,7,31.6,AH0,255,34.9380768,Day,F,L,A,MYSE
151.909,8443,6/3/2015,5/29/2015,18:05:14,7,32.4,AH0,250,35.9501792,Day,F,L,A,MYSE
151.909,8443,6/3/2015,5/30/2015,18:05:14,7,33.5,AH0,254,37.1134875,Day,F,L,A,MYSE
151.909,8443,6/3/2015,5/24/2015,18:05:16,7,31.6,AH0,255,34.9380768,Day,F,L,A,MYSE
151.909,8443,6/3/2015,5/26/2015,18:05:17,7,31.4,AH0,217,34.6618152,Day,F,L,A,MYSE
151.909,8443,6/3/2015,5/24/2015,18:05:18,7,31.6,AH0,255,34.9380768,Day,F,L,A,MYSE
151.909,8443,6/3/2015,5/26/2015,18:05:19,7,31.4,AH0,217,34.6618152,Day,F,L,A,MYSE
151.909,8443,6/3/2015,5/24/2015,18:05:20,7,31.6,AH0,255,34.9380768,Day,F,L,A,MYSE
151.909,8443,6/3/2015,5/26/2015,18:05:21,7,31.5,AH0,217,34.8011375,Day,F,L,A,MYSE
151.909,8443,6/3/2015,5/26/2015,18:05:23,7,31.4,AH0,214,34.6618152,Day,F,L,A,MYSE
151.909,8443,6/3/2015,5/25/2015,18:05:27,7,31.6,AH0,255,34.9380768,Day,F,L,A,MYSE
151.909,8443,6/3/2015,5/30/2015,18:05:27,7,33.5,AH0,252,37.1134875,Day,F,L,A,MYSE
151.909,8443,6/3/2015,5/29/2015,18:05:28,7,32.3,AH0,252,35.8315911,Day,F,L,A,MYSE
151.909,8443,6/3/2015,5/25/2015,18:05:29,7,31.6,AH0,255,34.9380768,Day,F,L,A,MYSE
151.909,8443,6/3/2015,5/30/2015,18:05:29,7,33.5,AH0,254,37.1134875,Day,F,L,A,MYSE
151.909,8443,6/3/2015,5/29/2015,18:05:30,7,32.3,AH0,251,35.8315911,Day,F,L,A,MYSE
151.909,8443,6/3/2015,5/30/2015,18:05:30,7,33.5,AH0,254,37.1134875,Day,F,L,A,MYSE
151.909,8443,6/3/2015,5/25/2015,18:05:31,7,31.5,AH0,255,34.8011375,Day,F,L,A,MYSE
151.909,8443,6/3/2015,5/25/2015,18:05:32,7,31.6,AH0,255,34.9380768,Day,F,L,A,MYSE
151.909,8443,6/3/2015,5/29/2015,18:05:32,7,32.3,AH0,252,35.8315911,Day,F,L,A,MYSE
151.909,8443,6/3/2015,5/30/2015,18:05:32,7,33.4,AH0,254,37.0180632,Day,F,L,A,MYSE
151.909,8443,6/3/2015,5/24/2015,18:05:33,7,31.6,AH0,255,34.9380768,Day,F,L,A,MYSE
151.909,8443,6/3/2015,5/29/2015,18:05:34,7,32.3,AH0,249,35.8315911,Day,F,L,A,MYSE
151.909,8443,6/3/2015,5/30/2015,18:05:34,7,33.5,AH0,254,37.1134875,Day,F,L,A,MYSE
151.909,8443,6/3/2015,5/24/2015,18:05:35,7,31.6,AH0,255,34.9380768,Day,F,L,A,MYSE
151.909,8443,6/3/2015,5/24/2015,18:05:37,7,31.6,AH0,255,34.9380768,Day,F,L,A,MYSE
151.909,8443,6/3/2015,5/26/2015,18:05:38,7,31.5,AH0,215,34.8011375,Day,F,L,A,MYSE
151.909,8443,6/3/2015,5/28/2015,18:05:38,7,30,AH0,108,32.45,Day,F,L,A,MYSE
151.909,8443,6/3/2015,5/24/2015,18:05:39,7,31.6,AH0,255,34.9380768,Day,F,L,A,MYSE
151.909,8443,6/3/2015,5/26/2015,18:05:40,7,31.5,AH0,213,34.8011375,Day,F,L,A,MYSE
151.909,8443,6/3/2015,5/28/2015,18:05:40,7,30,AH0,91,32.45,Day,F,L,A,MYSE
151.909,8443,6/3/2015,5/26/2015,18:05:42,7,31.5,AH0,220,34.8011375,Day,F,L,A,MYSE
151.909,8443,6/3/2015,5/28/2015,18:05:42,7,30,AH0,82,32.45,Day,F,L,A,MYSE
151.909,8443,6/3/2015,5/26/2015,18:05:44,7,31.5,AH0,220,34.8011375,Day,F,L,A,MYSE
151.909,8443,6/3/2015,5/28/2015,18:05:44,7,30,AH0,100,32.45,Day,F,L,A,MYSE
151.909,8443,6/3/2015,5/25/2015,18:05:46,7,31.5,AH0,254,34.8011375,Day,F,L,A,MYSE
151.909,8443,6/3/2015,5/29/2015,18:05:47,7,32.3,AH0,250,35.8315911,Day,F,L,A,MYSE
151.909,8443,6/3/2015,5/30/2015,18:05:47,7,33.5,AH0,253,37.1134875,Day,F,L,A,MYSE
151.909,8443,6/3/2015,5/25/2015,18:05:48,7,31.5,AH0,255,34.8011375,Day,F,L,A,MYSE
151.909,8443,6/3/2015,5/30/2015,18:05:48,7,33.4,AH0,254,37.0180632,Day,F,L,A,MYSE
151.909,8443,6/3/2015,5/29/2015,18:05:49,7,32.4,AH0,251,35.9501792,Day,F,L,A,MYSE
151.909,8443,6/3/2015,5/25/2015,18:05:50,7,31.5,AH0,254,34.8011375,Day,F,L,A,MYSE
151.909,8443,6/3/2015,5/30/2015,18:05:50,7,33.5,AH0,253,37.1134875,Day,F,L,A,MYSE
151.909,8443,6/3/2015,5/25/2015,18:05:51,7,31.5,AH0,255,34.8011375,Day,F,L,A,MYSE
151.909,8443,6/3/2015,5/29/2015,18:05:51,7,32.4,AH0,251,35.9501792,Day,F,L,A,MYSE
151.909,8443,6/3/2015,5/24/2015,18:05:52,7,31.6,AH0,255,34.9380768,Day,F,L,A,MYSE
151.909,8443,6/3/2015,5/30/2015,18:05:52,7,33.4,AH0,254,37.0180632,Day,F,L,A,MYSE
151.909,8443,6/3/2015,5/25/2015,18:05:53,7,31.5,AH0,255,34.8011375,Day,F,L,A,MYSE
151.909,8443,6/3/2015,5/29/2015,18:05:53,7,32.4,AH0,252,35.9501792,Day,F,L,A,MYSE
151.909,8443,6/3/2015,5/24/2015,18:05:54,7,31.6,AH0,255,34.9380768,Day,F,L,A,MYSE
151.909,8443,6/3/2015,5/29/2015,18:05:54,7,32.4,AH0,251,35.9501792,Day,F,L,A,MYSE
151.909,8443,6/3/2015,5/30/2015,18:05:54,7,33.4,AH0,253,37.0180632,Day,F,L,A,MYSE
151.909,8443,6/3/2015,5/24/2015,18:05:56,7,31.6,AH0,253,34.9380768,Day,F,L,A,MYSE
151.909,8443,6/3/2015,5/26/2015,18:05:57,7,31.5,AH0,221,34.8011375,Day,F,L,A,MYSE
151.909,8443,6/3/2015,5/24/2015,18:05:58,7,31.6,AH0,255,34.9380768,Day,F,L,A,MYSE
151.909,8443,6/3/2015,5/28/2015,18:05:58,7,30,AH0,73,32.45,Day,F,L,A,MYSE
151.909,8443,6/3/2015,5/26/2015,18:05:59,7,31.5,AH0,218,34.8011375,Day,F,L,A,MYSE
151.909,8443,6/3/2015,5/24/2015,18:06:00,7,31.6,AH0,255,34.9380768,Day,F,L,A,MYSE
151.909,8443,6/3/2015,5/28/2015,18:06:00,7,30,AH0,76,32.45,Day,F,L,A,MYSE
151.909,8443,6/3/2015,5/26/2015,18:06:01,7,31.5,AH0,219,34.8011375,Day,F,L,A,MYSE
151.909,8443,6/3/2015,5/28/2015,18:06:02,7,30,AH0,112,32.45,Day,F,L,A,MYSE
151.909,8443,6/3/2015,5/26/2015,18:06:03,7,31.5,AH0,220,34.8011375,Day,F,L,A,MYSE
151.909,8443,6/3/2015,5/28/2015,18:06:04,7,30,AH0,81,32.45,Day,F,L,A,MYSE
151.909,8443,6/3/2015,5/30/2015,18:06:06,7,33.6,AH0,254,37.2069248,Day,F,L,A,MYSE
151.909,8443,6/3/2015,5/25/2015,18:06:07,7,31.5,AH0,255,34.8011375,Day,F,L,A,MYSE
151.909,8443,6/3/2015,5/29/2015,18:06:07,7,32.4,AH0,251,35.9501792,Day,F,L,A,MYSE
151.909,8443,6/3/2015,5/30/2015,18:06:08,7,33.5,AH0,253,37.1134875,Day,F,L,A,MYSE
151.909,8443,6/3/2015,5/25/2015,18:06:09,7,31.5,AH0,254,34.8011375,Day,F,L,A,MYSE
151.909,8443,6/3/2015,5/29/2015,18:06:09,7,32.4,AH0,253,35.9501792,Day,F,L,A,MYSE
151.909,8443,6/3/2015,5/25/2015,18:06:10,7,31.5,AH0,254,34.8011375,Day,F,L,A,MYSE
151.909,8443,6/3/2015,5/30/2015,18:06:10,7,33.4,AH0,254,37.0180632,Day,F,L,A,MYSE
151.909,8443,6/3/2015,5/29/2015,18:06:11,7,32.4,AH0,250,35.9501792,Day,F,L,A,MYSE
151.909,8443,6/3/2015,5/25/2015,18:06:12,7,31.5,AH0,255,34.8011375,Day,F,L,A,MYSE
151.909,8443,6/3/2015,5/30/2015,18:06:12,7,33.5,AH0,254,37.1134875,Day,F,L,A,MYSE
151.909,8443,6/3/2015,5/24/2015,18:06:13,7,31.6,AH0,255,34.9380768,Day,F,L,A,MYSE
151.909,8443,6/3/2015,5/29/2015,18:06:13,7,32.4,AH0,251,35.9501792,Day,F,L,A,MYSE
151.909,8443,6/3/2015,5/30/2015,18:06:13,7,33.5,AH0,254,37.1134875,Day,F,L,A,MYSE
151.909,8443,6/3/2015,5/24/2015,18:06:15,7,31.6,AH0,255,34.9380768,Day,F,L,A,MYSE
151.909,8443,6/3/2015,5/29/2015,18:06:15,7,32.4,AH0,251,35.9501792,Day,F,L,A,MYSE
151.909,8443,6/3/2015,5/24/2015,18:06:17,7,31.6,AH0,254,34.9380768,Day,F,L,A,MYSE
151.909,8443,6/3/2015,5/26/2015,18:06:18,7,31.5,AH0,212,34.8011375,Day,F,L,A,MYSE
151.909,8443,6/3/2015,5/28/2015,18:06:18,7,30,AH0,120,32.45,Day,F,L,A,MYSE
151.909,8443,6/3/2015,5/24/2015,18:06:19,7,31.6,AH0,255,34.9380768,Day,F,L,A,MYSE
151.909,8443,6/3/2015,5/26/2015,18:06:20,7,31.5,AH0,210,34.8011375,Day,F,L,A,MYSE
151.909,8443,6/3/2015,5/28/2015,18:06:20,7,29.9,AH0,110,32.2725567,Day,F,L,A,MYSE
151.909,8443,6/3/2015,5/26/2015,18:06:22,7,31.5,AH0,211,34.8011375,Day,F,L,A,MYSE
151.909,8443,6/3/2015,5/28/2015,18:06:22,7,29.9,AH0,98,32.2725567,Day,F,L,A,MYSE
151.909,8443,6/3/2015,5/26/2015,18:06:24,7,31.6,AH0,211,34.9380768,Day,F,L,A,MYSE
151.909,8443,6/3/2015,5/28/2015,18:06:24,7,29.9,AH0,104,32.2725567,Day,F,L,A,MYSE
151.909,8443,6/3/2015,5/25/2015,18:06:26,7,31.5,AH0,255,34.8011375,Day,F,L,A,MYSE
151.909,8443,6/3/2015,5/29/2015,18:06:27,7,32.4,AH0,253,35.9501792,Day,F,L,A,MYSE
151.909,8443,6/3/2015,5/25/2015,18:06:28,7,31.5,AH0,254,34.8011375,Day,F,L,A,MYSE
151.909,8443,6/3/2015,5/29/2015,18:06:29,7,32.4,AH0,252,35.9501792,Day,F,L,A,MYSE
151.909,8443,6/3/2015,5/30/2015,18:06:29,7,33.5,AH0,253,37.1134875,Day,F,L,A,MYSE
151.909,8443,6/3/2015,5/25/2015,18:06:30,7,31.5,AH0,255,34.8011375,Day,F,L,A,MYSE
151.909,8443,6/3/2015,5/29/2015,18:06:30,7,32.4,AH0,252,35.9501792,Day,F,L,A,MYSE
151.909,8443,6/3/2015,5/25/2015,18:06:31,7,31.5,AH0,254,34.8011375,Day,F,L,A,MYSE
151.909,8443,6/3/2015,5/30/2015,18:06:31,7,33.5,AH0,253,37.1134875,Day,F,L,A,MYSE
151.909,8443,6/3/2015,5/24/2015,18:06:32,7,31.6,AH0,255,34.9380768,Day,F,L,A,MYSE
151.909,8443,6/3/2015,5/29/2015,18:06:32,7,32.4,AH0,252,35.9501792,Day,F,L,A,MYSE
151.909,8443,6/3/2015,5/30/2015,18:06:32,7,33.5,AH0,254,37.1134875,Day,F,L,A,MYSE
151.909,8443,6/3/2015,5/25/2015,18:06:33,7,31.5,AH0,255,34.8011375,Day,F,L,A,MYSE
151.909,8443,6/3/2015,5/24/2015,18:06:34,7,31.6,AH0,255,34.9380768,Day,F,L,A,MYSE
151.909,8443,6/3/2015,5/30/2015,18:06:34,7,33.5,AH0,252,37.1134875,Day,F,L,A,MYSE
151.909,8443,6/3/2015,5/24/2015,18:06:36,7,31.6,AH0,254,34.9380768,Day,F,L,A,MYSE
151.909,8443,6/3/2015,5/26/2015,18:06:37,7,31.6,AH0,208,34.9380768,Day,F,L,A,MYSE
151.909,8443,6/3/2015,5/24/2015,18:06:38,7,31.5,AH0,255,34.8011375,Day,F,L,A,MYSE
151.909,8443,6/3/2015,5/24/2015,18:06:39,7,31.5,AH0,255,34.8011375,Day,F,L,A,MYSE
151.909,8443,6/3/2015,5/26/2015,18:06:39,7,31.6,AH0,210,34.9380768,Day,F,L,A,MYSE
151.909,8443,6/3/2015,5/26/2015,18:06:41,7,31.6,AH0,212,34.9380768,Day,F,L,A,MYSE
151.909,8443,6/3/2015,5/26/2015,18:06:43,7,31.6,AH0,213,34.9380768,Day,F,L,A,MYSE
151.909,8443,6/3/2015,5/25/2015,18:06:47,7,31.5,AH0,255,34.8011375,Day,F,L,A,MYSE
151.909,8443,6/3/2015,5/29/2015,18:06:47,7,32.4,AH0,252,35.9501792,Day,F,L,A,MYSE
151.909,8443,6/3/2015,5/25/2015,18:06:49,7,31.6,AH0,254,34.9380768,Day,F,L,A,MYSE
151.909,8443,6/3/2015,5/29/2015,18:06:49,7,32.4,AH0,253,35.9501792,Day,F,L,A,MYSE
151.909,8443,6/3/2015,5/30/2015,18:06:49,7,33.5,AH0,254,37.1134875,Day,F,L,A,MYSE
151.909,8443,6/3/2015,5/25/2015,18:06:50,7,31.5,AH0,255,34.8011375,Day,F,L,A,MYSE
151.909,8443,6/3/2015,5/30/2015,18:06:50,7,33.5,AH0,254,37.1134875,Day,F,L,A,MYSE
151.909,8443,6/3/2015,5/29/2015,18:06:51,7,32.4,AH0,251,35.9501792,Day,F,L,A,MYSE
151.909,8443,6/3/2015,5/25/2015,18:06:52,7,31.5,AH0,254,34.8011375,Day,F,L,A,MYSE
151.909,8443,6/3/2015,5/30/2015,18:06:52,7,33.5,AH0,254,37.1134875,Day,F,L,A,MYSE
151.909,8443,6/3/2015,5/24/2015,18:06:53,7,31.4,AH0,255,34.6618152,Day,F,L,A,MYSE
151.909,8443,6/3/2015,5/29/2015,18:06:53,7,32.4,AH0,249,35.9501792,Day,F,L,A,MYSE
151.909,8443,6/3/2015,5/30/2015,18:06:54,7,33.5,AH0,252,37.1134875,Day,F,L,A,MYSE
151.909,8443,6/3/2015,5/24/2015,18:06:55,7,31.3,AH0,254,34.5200901,Day,F,L,A,MYSE
151.909,8443,6/3/2015,5/24/2015,18:06:57,7,31.3,AH0,255,34.5200901,Day,F,L,A,MYSE
151.909,8443,6/3/2015,5/26/2015,18:06:58,7,31.6,AH0,212,34.9380768,Day,F,L,A,MYSE
151.909,8443,6/3/2015,5/24/2015,18:06:59,7,31.3,AH0,255,34.5200901,Day,F,L,A,MYSE
151.909,8443,6/3/2015,5/26/2015,18:07:00,7,31.6,AH0,214,34.9380768,Day,F,L,A,MYSE
151.909,8443,6/3/2015,5/26/2015,18:07:02,7,31.6,AH0,212,34.9380768,Day,F,L,A,MYSE
151.909,8443,6/3/2015,5/26/2015,18:07:04,7,31.6,AH0,213,34.9380768,Day,F,L,A,MYSE
151.909,8443,6/3/2015,5/25/2015,18:07:06,7,31.6,AH0,255,34.9380768,Day,F,L,A,MYSE
151.909,8443,6/3/2015,5/25/2015,18:07:08,7,31.6,AH0,255,34.9380768,Day,F,L,A,MYSE
151.909,8443,6/3/2015,5/29/2015,18:07:08,7,32.4,AH0,251,35.9501792,Day,F,L,A,MYSE
151.909,8443,6/3/2015,5/30/2015,18:07:08,7,33.5,AH0,254,37.1134875,Day,F,L,A,MYSE
151.909,8443,6/3/2015,5/25/2015,18:07:09,7,31.6,AH0,254,34.9380768,Day,F,L,A,MYSE
151.909,8443,6/3/2015,5/29/2015,18:07:09,7,32.4,AH0,248,35.9501792,Day,F,L,A,MYSE
151.909,8443,6/3/2015,5/30/2015,18:07:10,7,33.5,AH0,253,37.1134875,Day,F,L,A,MYSE
151.909,8443,6/3/2015,5/25/2015,18:07:11,7,31.6,AH0,254,34.9380768,Day,F,L,A,MYSE
151.909,8443,6/3/2015,5/29/2015,18:07:11,7,32.4,AH0,246,35.9501792,Day,F,L,A,MYSE
151.909,8443,6/3/2015,5/24/2015,18:07:12,7,31.2,AH0,255,34.3759424,Day,F,L,A,MYSE
151.909,8443,6/3/2015,5/30/2015,18:07:12,7,33.5,AH0,255,37.1134875,Day,F,L,A,MYSE
151.909,8443,6/3/2015,5/25/2015,18:07:13,7,31.6,AH0,255,34.9380768,Day,F,L,A,MYSE
151.909,8443,6/3/2015,5/29/2015,18:07:13,7,32.4,AH0,246,35.9501792,Day,F,L,A,MYSE
151.909,8443,6/3/2015,5/24/2015,18:07:14,7,31.1,AH0,255,34.2293523,Day,F,L,A,MYSE
151.909,8443,6/3/2015,5/30/2015,18:07:14,7,33.5,AH0,252,37.1134875,Day,F,L,A,MYSE
151.909,8443,6/3/2015,5/30/2015,18:07:15,7,33.5,AH0,253,37.1134875,Day,F,L,A,MYSE
151.909,8443,6/3/2015,5/24/2015,18:07:16,7,31.1,AH0,255,34.2293523,Day,F,L,A,MYSE
151.909,8443,6/3/2015,5/26/2015,18:07:17,7,31.7,AH0,212,35.0726529,Day,F,L,A,MYSE
151.909,8443,6/3/2015,5/24/2015,18:07:18,7,31.1,AH0,255,34.2293523,Day,F,L,A,MYSE
151.909,8443,6/3/2015,5/26/2015,18:07:19,7,31.7,AH0,209,35.0726529,Day,F,L,A,MYSE
151.909,8443,6/3/2015,5/26/2015,18:07:21,7,31.7,AH0,212,35.0726529,Day,F,L,A,MYSE
151.909,8443,6/3/2015,5/26/2015,18:07:23,7,31.7,AH0,212,35.0726529,Day,F,L,A,MYSE
151.909,8443,6/3/2015,5/29/2015,18:07:26,7,32.4,AH0,252,35.9501792,Day,F,L,A,MYSE
151.909,8443,6/3/2015,5/25/2015,18:07:27,7,31.6,AH0,255,34.9380768,Day,F,L,A,MYSE
151.909,8443,6/3/2015,5/25/2015,18:07:28,7,31.6,AH0,255,34.9380768,Day,F,L,A,MYSE
151.909,8443,6/3/2015,5/29/2015,18:07:28,7,32.4,AH0,252,35.9501792,Day,F,L,A,MYSE
151.909,8443,6/3/2015,5/30/2015,18:07:28,7,33.5,AH0,254,37.1134875,Day,F,L,A,MYSE
151.909,8443,6/3/2015,5/25/2015,18:07:30,7,31.6,AH0,255,34.9380768,Day,F,L,A,MYSE
151.909,8443,6/3/2015,5/29/2015,18:07:30,7,32.4,AH0,252,35.9501792,Day,F,L,A,MYSE
151.909,8443,6/3/2015,5/30/2015,18:07:30,7,33.5,AH0,253,37.1134875,Day,F,L,A,MYSE
151.909,8443,6/3/2015,5/25/2015,18:07:32,7,31.6,AH0,255,34.9380768,Day,F,L,A,MYSE
151.909,8443,6/3/2015,5/29/2015,18:07:32,7,32.4,AH0,251,35.9501792,Day,F,L,A,MYSE
151.909,8443,6/3/2015,5/30/2015,18:07:32,7,33.5,AH0,254,37.1134875,Day,F,L,A,MYSE
151.909,8443,6/3/2015,5/24/2015,18:07:33,7,31,AH0,255,34.0803,Day,F,L,A,MYSE
151.909,8443,6/3/2015,5/29/2015,18:07:33,7,32.4,AH0,250,35.9501792,Day,F,L,A,MYSE
151.909,8443,6/3/2015,5/30/2015,18:07:33,7,33.5,AH0,255,37.1134875,Day,F,L,A,MYSE
151.909,8443,6/3/2015,5/24/2015,18:07:35,7,31,AH0,255,34.0803,Day,F,L,A,MYSE
151.909,8443,6/3/2015,5/30/2015,18:07:35,7,33.5,AH0,254,37.1134875,Day,F,L,A,MYSE
151.909,8443,6/3/2015,5/24/2015,18:07:37,7,31.1,AH0,255,34.2293523,Day,F,L,A,MYSE
151.909,8443,6/3/2015,5/26/2015,18:07:38,7,31.7,AH0,212,35.0726529,Day,F,L,A,MYSE
151.909,8443,6/3/2015,5/24/2015,18:07:39,7,31.1,AH0,255,34.2293523,Day,F,L,A,MYSE
151.909,8443,6/3/2015,5/26/2015,18:07:40,7,31.7,AH0,211,35.0726529,Day,F,L,A,MYSE
151.909,8443,6/3/2015,5/26/2015,18:07:42,7,31.7,AH0,214,35.0726529,Day,F,L,A,MYSE
151.909,8443,6/3/2015,5/26/2015,18:07:44,7,31.7,AH0,212,35.0726529,Day,F,L,A,MYSE
151.909,8443,6/3/2015,5/29/2015,18:07:46,7,32.4,AH0,251,35.9501792,Day,F,L,A,MYSE
151.909,8443,6/3/2015,5/25/2015,18:07:47,7,31.6,AH0,255,34.9380768,Day,F,L,A,MYSE
151.909,8443,6/3/2015,5/29/2015,18:07:48,7,32.4,AH0,253,35.9501792,Day,F,L,A,MYSE
151.909,8443,6/3/2015,5/30/2015,18:07:48,7,33.5,AH0,255,37.1134875,Day,F,L,A,MYSE
151.909,8443,6/3/2015,5/25/2015,18:07:49,7,31.6,AH0,254,34.9380768,Day,F,L,A,MYSE
151.909,8443,6/3/2015,5/29/2015,18:07:50,7,32.4,AH0,251,35.9501792,Day,F,L,A,MYSE
151.909,8443,6/3/2015,5/30/2015,18:07:50,7,33.5,AH0,254,37.1134875,Day,F,L,A,MYSE
151.909,8443,6/3/2015,5/25/2015,18:07:51,7,31.6,AH0,255,34.9380768,Day,F,L,A,MYSE
151.909,8443,6/3/2015,5/30/2015,18:07:51,7,33.5,AH0,254,37.1134875,Day,F,L,A,MYSE
151.909,8443,6/3/2015,5/29/2015,18:07:52,7,32.4,AH0,249,35.9501792,Day,F,L,A,MYSE
151.909,8443,6/3/2015,5/24/2015,18:07:53,7,31,AH0,254,34.0803,Day,F,L,A,MYSE
151.909,8443,6/3/2015,5/25/2015,18:07:53,7,31.6,AH0,255,34.9380768,Day,F,L,A,MYSE
151.909,8443,6/3/2015,5/30/2015,18:07:53,7,33.5,AH0,253,37.1134875,Day,F,L,A,MYSE
151.909,8443,6/3/2015,5/29/2015,18:07:54,7,32.4,AH0,253,35.9501792,Day,F,L,A,MYSE
151.909,8443,6/3/2015,5/24/2015,18:07:55,7,31,AH0,254,34.0803,Day,F,L,A,MYSE
151.909,8443,6/3/2015,5/30/2015,18:07:55,7,33.5,AH0,255,37.1134875,Day,F,L,A,MYSE
151.909,8443,6/3/2015,5/24/2015,18:07:56,7,31,AH0,255,34.0803,Day,F,L,A,MYSE
151.909,8443,6/3/2015,5/26/2015,18:07:57,7,31.7,AH0,214,35.0726529,Day,F,L,A,MYSE
151.909,8443,6/3/2015,5/24/2015,18:07:58,7,31,AH0,255,34.0803,Day,F,L,A,MYSE
151.909,8443,6/3/2015,5/26/2015,18:07:59,7,31.7,AH0,210,35.0726529,Day,F,L,A,MYSE
151.909,8443,6/3/2015,5/26/2015,18:08:01,7,31.7,AH0,210,35.0726529,Day,F,L,A,MYSE
151.909,8443,6/3/2015,5/26/2015,18:08:03,7,31.7,AH0,209,35.0726529,Day,F,L,A,MYSE
151.909,8443,6/3/2015,5/26/2015,18:08:05,7,31.7,AH0,209,35.0726529,Day,F,L,A,MYSE
151.909,8443,6/3/2015,5/25/2015,18:08:06,7,31.6,AH0,254,34.9380768,Day,F,L,A,MYSE
151.909,8443,6/3/2015,5/29/2015,18:08:07,7,32.4,AH0,251,35.9501792,Day,F,L,A,MYSE
151.909,8443,6/3/2015,5/30/2015,18:08:07,7,33.5,AH0,253,37.1134875,Day,F,L,A,MYSE
151.909,8443,6/3/2015,5/25/2015,18:08:08,7,31.6,AH0,255,34.9380768,Day,F,L,A,MYSE
151.909,8443,6/3/2015,5/29/2015,18:08:09,7,32.4,AH0,252,35.9501792,Day,F,L,A,MYSE
151.909,8443,6/3/2015,5/30/2015,18:08:09,7,33.5,AH0,252,37.1134875,Day,F,L,A,MYSE
151.909,8443,6/3/2015,5/25/2015,18:08:10,7,31.6,AH0,255,34.9380768,Day,F,L,A,MYSE
151.909,8443,6/3/2015,5/29/2015,18:08:10,7,32.4,AH0,251,35.9501792,Day,F,L,A,MYSE
151.909,8443,6/3/2015,5/30/2015,18:08:11,7,33.5,AH0,254,37.1134875,Day,F,L,A,MYSE
151.909,8443,6/3/2015,5/24/2015,18:08:12,7,31,AH0,255,34.0803,Day,F,L,A,MYSE
151.909,8443,6/3/2015,5/25/2015,18:08:12,7,31.6,AH0,255,34.9380768,Day,F,L,A,MYSE
151.909,8443,6/3/2015,5/29/2015,18:08:12,7,32.4,AH0,252,35.9501792,Day,F,L,A,MYSE
151.909,8443,6/3/2015,5/30/2015,18:08:13,7,33.5,AH0,254,37.1134875,Day,F,L,A,MYSE
151.909,8443,6/3/2015,5/24/2015,18:08:14,7,31,AH0,254,34.0803,Day,F,L,A,MYSE
151.909,8443,6/3/2015,5/30/2015,18:08:15,7,33.5,AH0,254,37.1134875,Day,F,L,A,MYSE
151.909,8443,6/3/2015,5/24/2015,18:08:16,7,31,AH0,255,34.0803,Day,F,L,A,MYSE
151.909,8443,6/3/2015,5/24/2015,18:08:18,7,31,AH0,255,34.0803,Day,F,L,A,MYSE
151.909,8443,6/3/2015,5/26/2015,18:08:18,7,31.7,AH0,214,35.0726529,Day,F,L,A,MYSE
151.909,8443,6/3/2015,5/24/2015,18:08:20,7,31,AH0,255,34.0803,Day,F,L,A,MYSE
151.909,8443,6/3/2015,5/26/2015,18:08:20,7,31.7,AH0,213,35.0726529,Day,F,L,A,MYSE
151.909,8443,6/3/2015,5/26/2015,18:08:22,7,31.7,AH0,212,35.0726529,Day,F,L,A,MYSE
151.909,8443,6/3/2015,5/26/2015,18:08:23,7,31.7,AH0,215,35.0726529,Day,F,L,A,MYSE
151.909,8443,6/3/2015,5/25/2015,18:08:27,7,31.6,AH0,255,34.9380768,Day,F,L,A,MYSE
151.909,8443,6/3/2015,5/29/2015,18:08:27,7,32.4,AH0,253,35.9501792,Day,F,L,A,MYSE
151.909,8443,6/3/2015,5/25/2015,18:08:29,7,31.6,AH0,253,34.9380768,Day,F,L,A,MYSE
151.909,8443,6/3/2015,5/29/2015,18:08:29,7,32.4,AH0,250,35.9501792,Day,F,L,A,MYSE
151.909,8443,6/3/2015,5/30/2015,18:08:29,7,33.5,AH0,254,37.1134875,Day,F,L,A,MYSE
151.909,8443,6/3/2015,5/25/2015,18:08:31,7,31.6,AH0,255,34.9380768,Day,F,L,A,MYSE
151.909,8443,6/3/2015,5/29/2015,18:08:31,7,32.4,AH0,251,35.9501792,Day,F,L,A,MYSE
151.909,8443,6/3/2015,5/30/2015,18:08:31,7,33.5,AH0,253,37.1134875,Day,F,L,A,MYSE
151.909,8443,6/3/2015,5/30/2015,18:08:32,7,33.5,AH0,253,37.1134875,Day,F,L,A,MYSE
151.909,8443,6/3/2015,5/24/2015,18:08:33,7,31,AH0,254,34.0803,Day,F,L,A,MYSE
151.909,8443,6/3/2015,5/25/2015,18:08:33,7,31.6,AH0,255,34.9380768,Day,F,L,A,MYSE
151.909,8443,6/3/2015,5/29/2015,18:08:33,7,32.4,AH0,252,35.9501792,Day,F,L,A,MYSE
151.909,8443,6/3/2015,5/30/2015,18:08:34,7,33.5,AH0,254,37.1134875,Day,F,L,A,MYSE
151.909,8443,6/3/2015,5/24/2015,18:08:35,7,31,AH0,255,34.0803,Day,F,L,A,MYSE
151.909,8443,6/3/2015,5/24/2015,18:08:37,7,31,AH0,255,34.0803,Day,F,L,A,MYSE
151.909,8443,6/3/2015,5/26/2015,18:08:37,7,31.7,AH0,210,35.0726529,Day,F,L,A,MYSE
151.909,8443,6/3/2015,5/24/2015,18:08:39,7,31,AH0,255,34.0803,Day,F,L,A,MYSE
151.909,8443,6/3/2015,5/26/2015,18:08:39,7,31.7,AH0,214,35.0726529,Day,F,L,A,MYSE
151.909,8443,6/3/2015,5/26/2015,18:08:41,7,31.7,AH0,213,35.0726529,Day,F,L,A,MYSE
151.909,8443,6/3/2015,5/26/2015,18:08:42,7,31.7,AH0,212,35.0726529,Day,F,L,A,MYSE
151.909,8443,6/3/2015,5/26/2015,18:08:44,7,31.7,AH0,210,35.0726529,Day,F,L,A,MYSE
151.909,8443,6/3/2015,5/25/2015,18:08:46,7,31.6,AH0,255,34.9380768,Day,F,L,A,MYSE
151.909,8443,6/3/2015,5/29/2015,18:08:47,7,32.4,AH0,250,35.9501792,Day,F,L,A,MYSE
151.909,8443,6/3/2015,5/25/2015,18:08:48,7,31.6,AH0,255,34.9380768,Day,F,L,A,MYSE
151.909,8443,6/3/2015,5/29/2015,18:08:49,7,32.4,AH0,253,35.9501792,Day,F,L,A,MYSE
151.909,8443,6/3/2015,5/30/2015,18:08:49,7,33.6,AH0,253,37.2069248,Day,F,L,A,MYSE
151.909,8443,6/3/2015,5/25/2015,18:08:50,7,31.6,AH0,255,34.9380768,Day,F,L,A,MYSE
151.909,8443,6/3/2015,5/30/2015,18:08:50,7,33.6,AH0,253,37.2069248,Day,F,L,A,MYSE
151.909,8443,6/3/2015,5/29/2015,18:08:51,7,32.4,AH0,253,35.9501792,Day,F,L,A,MYSE
151.909,8443,6/3/2015,5/25/2015,18:08:52,7,31.6,AH0,255,34.9380768,Day,F,L,A,MYSE
151.909,8443,6/3/2015,5/30/2015,18:08:52,7,33.6,AH0,254,37.2069248,Day,F,L,A,MYSE
151.909,8443,6/3/2015,5/24/2015,18:08:53,7,31,AH0,255,34.0803,Day,F,L,A,MYSE
151.909,8443,6/3/2015,5/29/2015,18:08:53,7,32.4,AH0,250,35.9501792,Day,F,L,A,MYSE
151.909,8443,6/3/2015,5/30/2015,18:08:54,7,33.6,AH0,255,37.2069248,Day,F,L,A,MYSE
151.909,8443,6/3/2015,5/24/2015,18:08:55,7,31,AH0,255,34.0803,Day,F,L,A,MYSE
151.909,8443,6/3/2015,5/24/2015,18:08:56,7,31.1,AH0,255,34.2293523,Day,F,L,A,MYSE
151.909,8443,6/3/2015,5/24/2015,18:08:58,7,31,AH0,253,34.0803,Day,F,L,A,MYSE
151.909,8443,6/3/2015,5/26/2015,18:08:58,7,31.7,AH0,211,35.0726529,Day,F,L,A,MYSE
151.909,8443,6/3/2015,5/26/2015,18:08:59,7,31.7,AH0,209,35.0726529,Day,F,L,A,MYSE
151.909,8443,6/3/2015,5/26/2015,18:09:01,7,31.7,AH0,214,35.0726529,Day,F,L,A,MYSE
151.909,8443,6/3/2015,5/26/2015,18:09:03,7,31.7,AH0,214,35.0726529,Day,F,L,A,MYSE
151.909,8443,6/3/2015,5/29/2015,18:09:06,7,32.4,AH0,251,35.9501792,Day,F,L,A,MYSE
151.909,8443,6/3/2015,5/25/2015,18:09:07,7,31.6,AH0,255,34.9380768,Day,F,L,A,MYSE
151.909,8443,6/3/2015,5/29/2015,18:09:08,7,32.4,AH0,249,35.9501792,Day,F,L,A,MYSE
151.909,8443,6/3/2015,5/30/2015,18:09:08,7,33.6,AH0,254,37.2069248,Day,F,L,A,MYSE
151.909,8443,6/3/2015,5/25/2015,18:09:09,7,31.6,AH0,255,34.9380768,Day,F,L,A,MYSE
151.909,8443,6/3/2015,5/29/2015,18:09:10,7,32.4,AH0,249,35.9501792,Day,F,L,A,MYSE
151.909,8443,6/3/2015,5/30/2015,18:09:10,7,33.6,AH0,255,37.2069248,Day,F,L,A,MYSE
151.909,8443,6/3/2015,5/25/2015,18:09:11,7,31.6,AH0,254,34.9380768,Day,F,L,A,MYSE
151.909,8443,6/3/2015,5/24/2015,18:09:12,7,31.1,AH0,255,34.2293523,Day,F,L,A,MYSE
151.909,8443,6/3/2015,5/29/2015,18:09:12,7,32.4,AH0,251,35.9501792,Day,F,L,A,MYSE
151.909,8443,6/3/2015,5/30/2015,18:09:12,7,33.6,AH0,254,37.2069248,Day,F,L,A,MYSE
151.909,8443,6/3/2015,5/25/2015,18:09:13,7,31.6,AH0,254,34.9380768,Day,F,L,A,MYSE
151.909,8443,6/3/2015,5/29/2015,18:09:13,7,32.4,AH0,251,35.9501792,Day,F,L,A,MYSE
151.909,8443,6/3/2015,5/24/2015,18:09:14,7,31.1,AH0,255,34.2293523,Day,F,L,A,MYSE
151.909,8443,6/3/2015,5/30/2015,18:09:14,7,33.6,AH0,254,37.2069248,Day,F,L,A,MYSE
151.909,8443,6/3/2015,5/30/2015,18:09:15,7,33.6,AH0,253,37.2069248,Day,F,L,A,MYSE
151.909,8443,6/3/2015,5/24/2015,18:09:16,7,31.1,AH0,255,34.2293523,Day,F,L,A,MYSE
151.909,8443,6/3/2015,5/24/2015,18:09:18,7,31.1,AH0,254,34.2293523,Day,F,L,A,MYSE
151.909,8443,6/3/2015,5/26/2015,18:09:18,7,31.7,AH0,214,35.0726529,Day,F,L,A,MYSE
151.909,8443,6/3/2015,5/24/2015,18:09:20,7,31.1,AH0,255,34.2293523,Day,F,L,A,MYSE
151.909,8443,6/3/2015,5/26/2015,18:09:20,7,31.7,AH0,212,35.0726529,Day,F,L,A,MYSE
151.909,8443,6/3/2015,5/26/2015,18:09:22,7,31.7,AH0,214,35.0726529,Day,F,L,A,MYSE
151.909,8443,6/3/2015,5/26/2015,18:09:24,7,31.7,AH0,212,35.0726529,Day,F,L,A,MYSE
151.909,8443,6/3/2015,5/25/2015,18:09:26,7,31.6,AH0,254,34.9380768,Day,F,L,A,MYSE
151.909,8443,6/3/2015,5/29/2015,18:09:26,7,32.4,AH0,252,35.9501792,Day,F,L,A,MYSE
151.909,8443,6/3/2015,5/25/2015,18:09:28,7,31.6,AH0,255,34.9380768,Day,F,L,A,MYSE
151.909,8443,6/3/2015,5/29/2015,18:09:28,7,32.4,AH0,252,35.9501792,Day,F,L,A,MYSE
151.909,8443,6/3/2015,5/30/2015,18:09:28,7,33.6,AH0,254,37.2069248,Day,F,L,A,MYSE
151.909,8443,6/3/2015,5/25/2015,18:09:30,7,31.6,AH0,255,34.9380768,Day,F,L,A,MYSE
151.909,8443,6/3/2015,5/29/2015,18:09:30,7,32.4,AH0,250,35.9501792,Day,F,L,A,MYSE
151.909,8443,6/3/2015,5/30/2015,18:09:30,7,33.6,AH0,253,37.2069248,Day,F,L,A,MYSE
151.909,8443,6/3/2015,5/25/2015,18:09:32,7,31.6,AH0,255,34.9380768,Day,F,L,A,MYSE
151.909,8443,6/3/2015,5/29/2015,18:09:32,7,32.4,AH0,250,35.9501792,Day,F,L,A,MYSE
151.909,8443,6/3/2015,5/30/2015,18:09:32,7,33.6,AH0,254,37.2069248,Day,F,L,A,MYSE
151.909,8443,6/3/2015,5/24/2015,18:09:33,7,31.1,AH0,255,34.2293523,Day,F,L,A,MYSE
151.909,8443,6/3/2015,5/30/2015,18:09:33,7,33.6,AH0,252,37.2069248,Day,F,L,A,MYSE
151.909,8443,6/3/2015,5/29/2015,18:09:34,7,32.4,AH0,250,35.9501792,Day,F,L,A,MYSE
151.909,8443,6/3/2015,5/24/2015,18:09:35,7,31.1,AH0,255,34.2293523,Day,F,L,A,MYSE
151.909,8443,6/3/2015,5/30/2015,18:09:35,7,33.6,AH0,254,37.2069248,Day,F,L,A,MYSE
151.909,8443,6/3/2015,5/24/2015,18:09:37,7,31.1,AH0,255,34.2293523,Day,F,L,A,MYSE
151.909,8443,6/3/2015,5/26/2015,18:09:37,7,31.7,AH0,214,35.0726529,Day,F,L,A,MYSE
151.909,8443,6/3/2015,5/24/2015,18:09:39,7,31.1,AH0,255,34.2293523,Day,F,L,A,MYSE
151.909,8443,6/3/2015,5/26/2015,18:09:39,7,31.7,AH0,212,35.0726529,Day,F,L,A,MYSE
151.909,8443,6/3/2015,5/26/2015,18:09:41,7,31.7,AH0,214,35.0726529,Day,F,L,A,MYSE
151.909,8443,6/3/2015,5/26/2015,18:09:43,7,31.7,AH0,214,35.0726529,Day,F,L,A,MYSE
151.909,8443,6/3/2015,5/25/2015,18:09:47,7,31.6,AH0,254,34.9380768,Day,F,L,A,MYSE
151.909,8443,6/3/2015,5/29/2015,18:09:47,7,32.4,AH0,252,35.9501792,Day,F,L,A,MYSE
151.909,8443,6/3/2015,5/30/2015,18:09:48,7,33.6,AH0,254,37.2069248,Day,F,L,A,MYSE
151.909,8443,6/3/2015,5/25/2015,18:09:49,7,31.6,AH0,254,34.9380768,Day,F,L,A,MYSE
151.909,8443,6/3/2015,5/29/2015,18:09:49,7,32.4,AH0,254,35.9501792,Day,F,L,A,MYSE
151.909,8443,6/3/2015,5/30/2015,18:09:49,7,33.6,AH0,254,37.2069248,Day,F,L,A,MYSE
151.909,8443,6/3/2015,5/29/2015,18:09:50,7,32.4,AH0,252,35.9501792,Day,F,L,A,MYSE
151.909,8443,6/3/2015,5/25/2015,18:09:51,7,31.6,AH0,255,34.9380768,Day,F,L,A,MYSE
151.909,8443,6/3/2015,5/30/2015,18:09:51,7,33.6,AH0,254,37.2069248,Day,F,L,A,MYSE
151.909,8443,6/3/2015,5/24/2015,18:09:52,7,31.1,AH0,255,34.2293523,Day,F,L,A,MYSE
151.909,8443,6/3/2015,5/29/2015,18:09:52,7,32.4,AH0,252,35.9501792,Day,F,L,A,MYSE
151.909,8443,6/3/2015,5/25/2015,18:09:53,7,31.6,AH0,255,34.9380768,Day,F,L,A,MYSE
151.909,8443,6/3/2015,5/30/2015,18:09:53,7,33.6,AH0,254,37.2069248,Day,F,L,A,MYSE
151.909,8443,6/3/2015,5/24/2015,18:09:54,7,31.1,AH0,253,34.2293523,Day,F,L,A,MYSE
151.909,8443,6/3/2015,5/30/2015,18:09:55,7,33.6,AH0,253,37.2069248,Day,F,L,A,MYSE
151.909,8443,6/3/2015,5/24/2015,18:09:56,7,31.1,AH0,254,34.2293523,Day,F,L,A,MYSE
151.909,8443,6/3/2015,5/24/2015,18:09:58,7,31.1,AH0,255,34.2293523,Day,F,L,A,MYSE
151.909,8443,6/3/2015,5/26/2015,18:09:58,7,31.7,AH0,211,35.0726529,Day,F,L,A,MYSE
151.909,8443,6/3/2015,5/26/2015,18:10:00,7,31.7,AH0,212,35.0726529,Day,F,L,A,MYSE
151.909,8443,6/3/2015,5/26/2015,18:10:02,7,31.7,AH0,210,35.0726529,Day,F,L,A,MYSE
151.909,8443,6/3/2015,5/26/2015,18:10:04,7,31.7,AH0,212,35.0726529,Day,F,L,A,MYSE
151.909,8443,6/3/2015,5/25/2015,18:10:06,7,31.6,AH0,254,34.9380768,Day,F,L,A,MYSE
151.909,8443,6/3/2015,5/29/2015,18:10:07,7,32.4,AH0,252,35.9501792,Day,F,L,A,MYSE
151.909,8443,6/3/2015,5/30/2015,18:10:07,7,33.6,AH0,254,37.2069248,Day,F,L,A,MYSE
151.909,8443,6/3/2015,5/25/2015,18:10:08,7,31.6,AH0,255,34.9380768,Day,F,L,A,MYSE
151.909,8443,6/3/2015,5/29/2015,18:10:09,7,32.4,AH0,252,35.9501792,Day,F,L,A,MYSE
151.909,8443,6/3/2015,5/30/2015,18:10:09,7,33.6,AH0,253,37.2069248,Day,F,L,A,MYSE
151.909,8443,6/3/2015,5/25/2015,18:10:10,7,31.6,AH0,254,34.9380768,Day,F,L,A,MYSE
151.909,8443,6/3/2015,5/29/2015,18:10:11,7,32.4,AH0,251,35.9501792,Day,F,L,A,MYSE
151.909,8443,6/3/2015,5/30/2015,18:10:11,7,33.6,AH0,253,37.2069248,Day,F,L,A,MYSE
151.909,8443,6/3/2015,5/24/2015,18:10:12,7,31.1,AH0,255,34.2293523,Day,F,L,A,MYSE
151.909,8443,6/3/2015,5/25/2015,18:10:12,7,31.6,AH0,255,34.9380768,Day,F,L,A,MYSE
151.909,8443,6/3/2015,5/29/2015,18:10:13,7,32.4,AH0,250,35.9501792,Day,F,L,A,MYSE
151.909,8443,6/3/2015,5/30/2015,18:10:13,7,33.6,AH0,254,37.2069248,Day,F,L,A,MYSE
151.909,8443,6/3/2015,5/24/2015,18:10:14,7,31.1,AH0,255,34.2293523,Day,F,L,A,MYSE
151.909,8443,6/3/2015,5/30/2015,18:10:14,7,33.6,AH0,254,37.2069248,Day,F,L,A,MYSE
151.909,8443,6/3/2015,5/24/2015,18:10:16,7,31.1,AH0,255,34.2293523,Day,F,L,A,MYSE
151.909,8443,6/3/2015,5/26/2015,18:10:17,7,31.7,AH0,212,35.0726529,Day,F,L,A,MYSE
151.909,8443,6/3/2015,5/24/2015,18:10:18,7,31.1,AH0,253,34.2293523,Day,F,L,A,MYSE
151.909,8443,6/3/2015,5/24/2015,18:10:19,7,31.1,AH0,255,34.2293523,Day,F,L,A,MYSE
151.909,8443,6/3/2015,5/26/2015,18:10:19,7,31.7,AH0,215,35.0726529,Day,F,L,A,MYSE
151.909,8443,6/3/2015,5/26/2015,18:10:21,7,31.7,AH0,214,35.0726529,Day,F,L,A,MYSE
151.909,8443,6/3/2015,5/26/2015,18:10:23,7,31.7,AH0,212,35.0726529,Day,F,L,A,MYSE
151.909,8443,6/3/2015,5/26/2015,18:10:25,7,31.7,AH0,211,35.0726529,Day,F,L,A,MYSE
151.909,8443,6/3/2015,5/25/2015,18:10:27,7,31.6,AH0,255,34.9380768,Day,F,L,A,MYSE
151.909,8443,6/3/2015,5/29/2015,18:10:27,7,32.4,AH0,254,35.9501792,Day,F,L,A,MYSE
151.909,8443,6/3/2015,5/25/2015,18:10:29,7,31.6,AH0,255,34.9380768,Day,F,L,A,MYSE
151.909,8443,6/3/2015,5/29/2015,18:10:29,7,32.4,AH0,253,35.9501792,Day,F,L,A,MYSE
151.909,8443,6/3/2015,5/30/2015,18:10:29,7,33.6,AH0,254,37.2069248,Day,F,L,A,MYSE
151.909,8443,6/3/2015,5/30/2015,18:10:30,7,33.6,AH0,254,37.2069248,Day,F,L,A,MYSE
151.909,8443,6/3/2015,5/25/2015,18:10:31,7,31.6,AH0,255,34.9380768,Day,F,L,A,MYSE
151.909,8443,6/3/2015,5/29/2015,18:10:31,7,32.4,AH0,254,35.9501792,Day,F,L,A,MYSE
151.909,8443,6/3/2015,5/30/2015,18:10:32,7,33.6,AH0,254,37.2069248,Day,F,L,A,MYSE
151.909,8443,6/3/2015,5/24/2015,18:10:33,7,31.2,AH0,255,34.3759424,Day,F,L,A,MYSE
151.909,8443,6/3/2015,5/25/2015,18:10:33,7,31.6,AH0,255,34.9380768,Day,F,L,A,MYSE
151.909,8443,6/3/2015,5/29/2015,18:10:33,7,32.4,AH0,253,35.9501792,Day,F,L,A,MYSE
151.909,8443,6/3/2015,5/30/2015,18:10:34,7,33.7,AH0,253,37.2983949,Day,F,L,A,MYSE
151.909,8443,6/3/2015,5/24/2015,18:10:35,7,31.1,AH0,255,34.2293523,Day,F,L,A,MYSE
151.909,8443,6/3/2015,5/24/2015,18:10:37,7,31.2,AH0,255,34.3759424,Day,F,L,A,MYSE
151.909,8443,6/3/2015,5/26/2015,18:10:38,7,31.7,AH0,213,35.0726529,Day,F,L,A,MYSE
151.909,8443,6/3/2015,5/24/2015,18:10:39,7,31.2,AH0,255,34.3759424,Day,F,L,A,MYSE
151.909,8443,6/3/2015,5/26/2015,18:10:40,7,31.7,AH0,214,35.0726529,Day,F,L,A,MYSE
151.909,8443,6/3/2015,5/26/2015,18:10:42,7,31.7,AH0,215,35.0726529,Day,F,L,A,MYSE
151.909,8443,6/3/2015,5/26/2015,18:10:43,7,31.7,AH0,214,35.0726529,Day,F,L,A,MYSE
151.909,8443,6/3/2015,5/25/2015,18:10:46,7,31.6,AH0,255,34.9380768,Day,F,L,A,MYSE
151.909,8443,6/3/2015,5/29/2015,18:10:46,7,32.4,AH0,253,35.9501792,Day,F,L,A,MYSE
151.909,8443,6/3/2015,5/25/2015,18:10:48,7,31.6,AH0,254,34.9380768,Day,F,L,A,MYSE
151.909,8443,6/3/2015,5/29/2015,18:10:48,7,32.4,AH0,253,35.9501792,Day,F,L,A,MYSE
151.909,8443,6/3/2015,5/30/2015,18:10:48,7,33.6,AH0,254,37.2069248,Day,F,L,A,MYSE
151.909,8443,6/3/2015,5/25/2015,18:10:50,7,31.6,AH0,255,34.9380768,Day,F,L,A,MYSE
151.909,8443,6/3/2015,5/29/2015,18:10:50,7,32.4,AH0,253,35.9501792,Day,F,L,A,MYSE
151.909,8443,6/3/2015,5/30/2015,18:10:50,7,33.6,AH0,255,37.2069248,Day,F,L,A,MYSE
151.909,8443,6/3/2015,5/29/2015,18:10:51,7,32.4,AH0,252,35.9501792,Day,F,L,A,MYSE
151.909,8443,6/3/2015,5/24/2015,18:10:52,7,31.2,AH0,255,34.3759424,Day,F,L,A,MYSE
151.909,8443,6/3/2015,5/25/2015,18:10:52,7,31.6,AH0,254,34.9380768,Day,F,L,A,MYSE
151.909,8443,6/3/2015,5/30/2015,18:10:52,7,33.6,AH0,254,37.2069248,Day,F,L,A,MYSE
151.909,8443,6/3/2015,5/29/2015,18:10:53,7,32.4,AH0,253,35.9501792,Day,F,L,A,MYSE
151.909,8443,6/3/2015,5/24/2015,18:10:54,7,31.2,AH0,255,34.3759424,Day,F,L,A,MYSE
151.909,8443,6/3/2015,5/30/2015,18:10:54,7,33.6,AH0,255,37.2069248,Day,F,L,A,MYSE
151.909,8443,6/3/2015,5/24/2015,18:10:56,7,31.2,AH0,255,34.3759424,Day,F,L,A,MYSE
151.909,8443,6/3/2015,5/26/2015,18:10:57,7,31.7,AH0,213,35.0726529,Day,F,L,A,MYSE
151.909,8443,6/3/2015,5/24/2015,18:10:58,7,31.2,AH0,255,34.3759424,Day,F,L,A,MYSE
151.909,8443,6/3/2015,5/26/2015,18:10:59,7,31.7,AH0,211,35.0726529,Day,F,L,A,MYSE
151.909,8443,6/3/2015,5/26/2015,18:11:01,7,31.7,AH0,216,35.0726529,Day,F,L,A,MYSE
151.909,8443,6/3/2015,5/26/2015,18:11:02,7,31.7,AH0,212,35.0726529,Day,F,L,A,MYSE
151.909,8443,6/3/2015,5/26/2015,18:11:04,7,31.7,AH0,215,35.0726529,Day,F,L,A,MYSE
151.909,8443,6/3/2015,5/29/2015,18:11:06,7,32.4,AH0,251,35.9501792,Day,F,L,A,MYSE
151.909,8443,6/3/2015,5/25/2015,18:11:07,7,31.5,AH0,255,34.8011375,Day,F,L,A,MYSE
151.909,8443,6/3/2015,5/29/2015,18:11:08,7,32.4,AH0,252,35.9501792,Day,F,L,A,MYSE
151.909,8443,6/3/2015,5/30/2015,18:11:08,7,33.6,AH0,254,37.2069248,Day,F,L,A,MYSE
151.909,8443,6/3/2015,5/25/2015,18:11:09,7,31.5,AH0,254,34.8011375,Day,F,L,A,MYSE
151.909,8443,6/3/2015,5/29/2015,18:11:10,7,32.4,AH0,253,35.9501792,Day,F,L,A,MYSE
151.909,8443,6/3/2015,5/30/2015,18:11:10,7,33.6,AH0,252,37.2069248,Day,F,L,A,MYSE
151.909,8443,6/3/2015,5/25/2015,18:11:11,7,31.6,AH0,255,34.9380768,Day,F,L,A,MYSE
151.909,8443,6/3/2015,5/30/2015,18:11:11,7,33.6,AH0,254,37.2069248,Day,F,L,A,MYSE
151.909,8443,6/3/2015,5/29/2015,18:11:12,7,32.4,AH0,254,35.9501792,Day,F,L,A,MYSE
151.909,8443,6/3/2015,5/24/2015,18:11:13,7,31.3,AH0,253,34.5200901,Day,F,L,A,MYSE
151.909,8443,6/3/2015,5/25/2015,18:11:13,7,31.5,AH0,255,34.8011375,Day,F,L,A,MYSE
151.909,8443,6/3/2015,5/30/2015,18:11:13,7,33.6,AH0,254,37.2069248,Day,F,L,A,MYSE
151.909,8443,6/3/2015,5/29/2015,18:11:14,7,32.4,AH0,254,35.9501792,Day,F,L,A,MYSE
151.909,8443,6/3/2015,5/24/2015,18:11:15,7,31.3,AH0,254,34.5200901,Day,F,L,A,MYSE
151.909,8443,6/3/2015,5/30/2015,18:11:15,7,33.6,AH0,254,37.2069248,Day,F,L,A,MYSE
151.909,8443,6/3/2015,5/24/2015,18:11:17,7,31.3,AH0,255,34.5200901,Day,F,L,A,MYSE
151.909,8443,6/3/2015,5/26/2015,18:11:18,7,31.7,AH0,211,35.0726529,Day,F,L,A,MYSE
151.909,8443,6/3/2015,5/24/2015,18:11:19,7,31.3,AH0,255,34.5200901,Day,F,L,A,MYSE
151.909,8443,6/3/2015,5/26/2015,18:11:19,7,31.7,AH0,213,35.0726529,Day,F,L,A,MYSE
151.909,8443,6/3/2015,5/26/2015,18:11:21,7,31.7,AH0,214,35.0726529,Day,F,L,A,MYSE
151.909,8443,6/3/2015,5/26/2015,18:11:23,7,31.7,AH0,214,35.0726529,Day,F,L,A,MYSE
151.909,8443,6/3/2015,5/25/2015,18:11:26,7,31.5,AH0,254,34.8011375,Day,F,L,A,MYSE
151.909,8443,6/3/2015,5/29/2015,18:11:27,7,32.4,AH0,252,35.9501792,Day,F,L,A,MYSE
151.909,8443,6/3/2015,5/25/2015,18:11:28,7,31.5,AH0,255,34.8011375,Day,F,L,A,MYSE
151.909,8443,6/3/2015,5/29/2015,18:11:28,7,32.4,AH0,253,35.9501792,Day,F,L,A,MYSE
151.909,8443,6/3/2015,5/30/2015,18:11:28,7,33.6,AH0,254,37.2069248,Day,F,L,A,MYSE
151.909,8443,6/3/2015,5/30/2015,18:11:29,7,33.6,AH0,254,37.2069248,Day,F,L,A,MYSE
151.909,8443,6/3/2015,5/25/2015,18:11:30,7,31.5,AH0,255,34.8011375,Day,F,L,A,MYSE
151.909,8443,6/3/2015,5/29/2015,18:11:30,7,32.4,AH0,253,35.9501792,Day,F,L,A,MYSE
151.909,8443,6/3/2015,5/30/2015,18:11:31,7,33.7,AH0,253,37.2983949,Day,F,L,A,MYSE
151.909,8443,6/3/2015,5/25/2015,18:11:32,7,31.5,AH0,255,34.8011375,Day,F,L,A,MYSE
151.909,8443,6/3/2015,5/29/2015,18:11:32,7,32.4,AH0,251,35.9501792,Day,F,L,A,MYSE
151.909,8443,6/3/2015,5/24/2015,18:11:33,7,31.3,AH0,255,34.5200901,Day,F,L,A,MYSE
151.909,8443,6/3/2015,5/30/2015,18:11:33,7,33.6,AH0,254,37.2069248,Day,F,L,A,MYSE
151.909,8443,6/3/2015,5/24/2015,18:11:34,7,31.3,AH0,254,34.5200901,Day,F,L,A,MYSE
151.909,8443,6/3/2015,5/25/2015,18:11:34,7,31.5,AH0,255,34.8011375,Day,F,L,A,MYSE
151.909,8443,6/3/2015,5/30/2015,18:11:35,7,33.6,AH0,254,37.2069248,Day,F,L,A,MYSE
151.909,8443,6/3/2015,5/24/2015,18:11:36,7,31.3,AH0,255,34.5200901,Day,F,L,A,MYSE
151.909,8443,6/3/2015,5/24/2015,18:11:38,7,31.3,AH0,255,34.5200901,Day,F,L,A,MYSE
151.909,8443,6/3/2015,5/26/2015,18:11:38,7,31.7,AH0,211,35.0726529,Day,F,L,A,MYSE
151.909,8443,6/3/2015,5/26/2015,18:11:40,7,31.7,AH0,209,35.0726529,Day,F,L,A,MYSE
151.909,8443,6/3/2015,5/26/2015,18:11:42,7,31.7,AH0,214,35.0726529,Day,F,L,A,MYSE
151.909,8443,6/3/2015,5/26/2015,18:11:44,7,31.7,AH0,213,35.0726529,Day,F,L,A,MYSE
151.909,8443,6/3/2015,5/25/2015,18:11:47,7,31.5,AH0,254,34.8011375,Day,F,L,A,MYSE
151.909,8443,6/3/2015,5/29/2015,18:11:47,7,32.4,AH0,252,35.9501792,Day,F,L,A,MYSE
151.909,8443,6/3/2015,5/30/2015,18:11:47,7,33.9,AH0,254,37.4755127,Day,F,L,A,MYSE
151.909,8443,6/3/2015,5/28/2015,18:11:48,7,30.8,AH0,95,33.7747296,Day,F,L,A,MYSE
151.909,8443,6/3/2015,5/25/2015,18:11:49,7,31.5,AH0,255,34.8011375,Day,F,L,A,MYSE
151.909,8443,6/3/2015,5/29/2015,18:11:49,7,32.4,AH0,249,35.9501792,Day,F,L,A,MYSE
151.909,8443,6/3/2015,5/30/2015,18:11:49,7,33.6,AH0,254,37.2069248,Day,F,L,A,MYSE
151.909,8443,6/3/2015,5/28/2015,18:11:50,7,30.8,AH0,99,33.7747296,Day,F,L,A,MYSE
151.909,8443,6/3/2015,5/25/2015,18:11:51,7,31.5,AH0,255,34.8011375,Day,F,L,A,MYSE
151.909,8443,6/3/2015,5/29/2015,18:11:51,7,32.4,AH0,250,35.9501792,Day,F,L,A,MYSE
151.909,8443,6/3/2015,5/30/2015,18:11:51,7,33.6,AH0,254,37.2069248,Day,F,L,A,MYSE
151.909,8443,6/3/2015,5/24/2015,18:11:52,7,31.3,AH0,255,34.5200901,Day,F,L,A,MYSE
151.909,8443,6/3/2015,5/28/2015,18:11:52,7,30.8,AH0,101,33.7747296,Day,F,L,A,MYSE
151.909,8443,6/3/2015,5/25/2015,18:11:53,7,31.5,AH0,255,34.8011375,Day,F,L,A,MYSE
151.909,8443,6/3/2015,5/29/2015,18:11:53,7,32.3,AH0,249,35.8315911,Day,F,L,A,MYSE
151.909,8443,6/3/2015,5/30/2015,18:11:53,7,33.6,AH0,254,37.2069248,Day,F,L,A,MYSE
151.909,8443,6/3/2015,5/24/2015,18:11:54,7,31.4,AH0,255,34.6618152,Day,F,L,A,MYSE
151.909,8443,6/3/2015,5/28/2015,18:11:54,7,30.8,AH0,96,33.7747296,Day,F,L,A,MYSE
151.909,8443,6/3/2015,5/30/2015,18:11:54,7,33.6,AH0,255,37.2069248,Day,F,L,A,MYSE
151.909,8443,6/3/2015,5/24/2015,18:11:56,7,31.3,AH0,255,34.5200901,Day,F,L,A,MYSE
151.909,8443,6/3/2015,5/24/2015,18:11:57,7,31.4,AH0,255,34.6618152,Day,F,L,A,MYSE
151.909,8443,6/3/2015,5/26/2015,18:11:57,7,31.6,AH0,211,34.9380768,Day,F,L,A,MYSE
151.909,8443,6/3/2015,5/24/2015,18:11:59,7,31.3,AH0,255,34.5200901,Day,F,L,A,MYSE
151.909,8443,6/3/2015,5/26/2015,18:11:59,7,31.6,AH0,209,34.9380768,Day,F,L,A,MYSE
151.909,8443,6/3/2015,5/26/2015,18:12:01,7,31.6,AH0,210,34.9380768,Day,F,L,A,MYSE
151.909,8443,6/3/2015,5/26/2015,18:12:03,7,31.6,AH0,211,34.9380768,Day,F,L,A,MYSE
151.909,8443,6/3/2015,5/25/2015,18:12:06,7,31.5,AH0,254,34.8011375,Day,F,L,A,MYSE
151.909,8443,6/3/2015,5/28/2015,18:12:07,7,30.9,AH0,99,33.9287657,Day,F,L,A,MYSE
151.909,8443,6/3/2015,5/29/2015,18:12:07,7,32.2,AH0,250,35.7107784,Day,F,L,A,MYSE
151.909,8443,6/3/2015,5/25/2015,18:12:08,7,31.5,AH0,255,34.8011375,Day,F,L,A,MYSE
151.909,8443,6/3/2015,5/28/2015,18:12:09,7,30.9,AH0,97,33.9287657,Day,F,L,A,MYSE
151.909,8443,6/3/2015,5/29/2015,18:12:09,7,32.2,AH0,252,35.7107784,Day,F,L,A,MYSE
151.909,8443,6/3/2015,5/30/2015,18:12:09,7,33.6,AH0,254,37.2069248,Day,F,L,A,MYSE
151.909,8443,6/3/2015,5/25/2015,18:12:10,7,31.5,AH0,255,34.8011375,Day,F,L,A,MYSE
151.909,8443,6/3/2015,5/30/2015,18:12:10,7,33.6,AH0,254,37.2069248,Day,F,L,A,MYSE
151.909,8443,6/3/2015,5/28/2015,18:12:11,7,30.9,AH0,81,33.9287657,Day,F,L,A,MYSE
151.909,8443,6/3/2015,5/29/2015,18:12:11,7,32.2,AH0,252,35.7107784,Day,F,L,A,MYSE
151.909,8443,6/3/2015,5/25/2015,18:12:12,7,31.5,AH0,255,34.8011375,Day,F,L,A,MYSE
151.909,8443,6/3/2015,5/30/2015,18:12:12,7,33.6,AH0,254,37.2069248,Day,F,L,A,MYSE
151.909,8443,6/3/2015,5/24/2015,18:12:13,7,31.4,AH0,254,34.6618152,Day,F,L,A,MYSE
151.909,8443,6/3/2015,5/28/2015,18:12:13,7,30.9,AH0,98,33.9287657,Day,F,L,A,MYSE
151.909,8443,6/3/2015,5/29/2015,18:12:13,7,32.2,AH0,253,35.7107784,Day,F,L,A,MYSE
151.909,8443,6/3/2015,5/25/2015,18:12:14,7,31.5,AH0,255,34.8011375,Day,F,L,A,MYSE
151.909,8443,6/3/2015,5/30/2015,18:12:14,7,33.6,AH0,254,37.2069248,Day,F,L,A,MYSE
151.909,8443,6/3/2015,5/24/2015,18:12:15,7,31.4,AH0,254,34.6618152,Day,F,L,A,MYSE
151.909,8443,6/3/2015,5/24/2015,18:12:17,7,31.4,AH0,255,34.6618152,Day,F,L,A,MYSE
151.909,8443,6/3/2015,5/26/2015,18:12:18,7,31.6,AH0,207,34.9380768,Day,F,L,A,MYSE
151.909,8443,6/3/2015,5/24/2015,18:12:19,7,31.4,AH0,255,34.6618152,Day,F,L,A,MYSE
151.909,8443,6/3/2015,5/26/2015,18:12:20,7,31.6,AH0,207,34.9380768,Day,F,L,A,MYSE
151.909,8443,6/3/2015,5/26/2015,18:12:22,7,31.6,AH0,212,34.9380768,Day,F,L,A,MYSE
151.909,8443,6/3/2015,5/26/2015,18:12:24,7,31.6,AH0,213,34.9380768,Day,F,L,A,MYSE
151.909,8443,6/3/2015,5/29/2015,18:12:26,7,32.2,AH0,250,35.7107784,Day,F,L,A,MYSE
151.909,8443,6/3/2015,5/25/2015,18:12:27,7,31.5,AH0,255,34.8011375,Day,F,L,A,MYSE
151.909,8443,6/3/2015,5/28/2015,18:12:27,7,30.9,AH0,93,33.9287657,Day,F,L,A,MYSE
151.909,8443,6/3/2015,5/28/2015,18:12:28,7,30.9,AH0,95,33.9287657,Day,F,L,A,MYSE
151.909,8443,6/3/2015,5/29/2015,18:12:28,7,32.2,AH0,252,35.7107784,Day,F,L,A,MYSE
151.909,8443,6/3/2015,5/30/2015,18:12:28,7,33.6,AH0,253,37.2069248,Day,F,L,A,MYSE
151.909,8443,6/3/2015,5/25/2015,18:12:29,7,31.5,AH0,255,34.8011375,Day,F,L,A,MYSE
151.909,8443,6/3/2015,5/28/2015,18:12:30,7,30.9,AH0,97,33.9287657,Day,F,L,A,MYSE
151.909,8443,6/3/2015,5/29/2015,18:12:30,7,32.2,AH0,251,35.7107784,Day,F,L,A,MYSE
151.909,8443,6/3/2015,5/30/2015,18:12:30,7,33.6,AH0,254,37.2069248,Day,F,L,A,MYSE
151.909,8443,6/3/2015,5/25/2015,18:12:31,7,31.5,AH0,255,34.8011375,Day,F,L,A,MYSE
151.909,8443,6/3/2015,5/24/2015,18:12:32,7,31.4,AH0,255,34.6618152,Day,F,L,A,MYSE
151.909,8443,6/3/2015,5/28/2015,18:12:32,7,30.9,AH0,99,33.9287657,Day,F,L,A,MYSE
151.909,8443,6/3/2015,5/29/2015,18:12:32,7,32.2,AH0,249,35.7107784,Day,F,L,A,MYSE
151.909,8443,6/3/2015,5/30/2015,18:12:32,7,33.6,AH0,253,37.2069248,Day,F,L,A,MYSE
151.909,8443,6/3/2015,5/25/2015,18:12:33,7,31.5,AH0,255,34.8011375,Day,F,L,A,MYSE
151.909,8443,6/3/2015,5/24/2015,18:12:34,7,31.4,AH0,255,34.6618152,Day,F,L,A,MYSE
151.909,8443,6/3/2015,5/29/2015,18:12:34,7,32.2,AH0,252,35.7107784,Day,F,L,A,MYSE
151.909,8443,6/3/2015,5/30/2015,18:12:34,7,33.6,AH0,254,37.2069248,Day,F,L,A,MYSE
151.909,8443,6/3/2015,5/24/2015,18:12:36,7,31.4,AH0,255,34.6618152,Day,F,L,A,MYSE
151.909,8443,6/3/2015,5/26/2015,18:12:37,7,31.6,AH0,207,34.9380768,Day,F,L,A,MYSE
151.909,8443,6/3/2015,5/24/2015,18:12:38,7,31.4,AH0,255,34.6618152,Day,F,L,A,MYSE
151.909,8443,6/3/2015,5/26/2015,18:12:39,7,31.6,AH0,208,34.9380768,Day,F,L,A,MYSE
151.909,8443,6/3/2015,5/24/2015,18:12:40,7,31.4,AH0,255,34.6618152,Day,F,L,A,MYSE
151.909,8443,6/3/2015,5/26/2015,18:12:41,7,31.6,AH0,206,34.9380768,Day,F,L,A,MYSE
151.909,8443,6/3/2015,5/26/2015,18:12:43,7,31.6,AH0,209,34.9380768,Day,F,L,A,MYSE
151.909,8443,6/3/2015,5/25/2015,18:12:46,7,31.5,AH0,255,34.8011375,Day,F,L,A,MYSE
151.909,8443,6/3/2015,5/29/2015,18:12:47,7,32.2,AH0,253,35.7107784,Day,F,L,A,MYSE
151.909,8443,6/3/2015,5/25/2015,18:12:48,7,31.5,AH0,255,34.8011375,Day,F,L,A,MYSE
151.909,8443,6/3/2015,5/29/2015,18:12:48,7,32.2,AH0,253,35.7107784,Day,F,L,A,MYSE
151.909,8443,6/3/2015,5/30/2015,18:12:48,7,33.5,AH0,253,37.1134875,Day,F,L,A,MYSE
151.909,8443,6/3/2015,5/25/2015,18:12:50,7,31.5,AH0,255,34.8011375,Day,F,L,A,MYSE
151.909,8443,6/3/2015,5/29/2015,18:12:50,7,32.2,AH0,247,35.7107784,Day,F,L,A,MYSE
151.909,8443,6/3/2015,5/30/2015,18:12:50,7,33.5,AH0,254,37.1134875,Day,F,L,A,MYSE
151.909,8443,6/3/2015,5/30/2015,18:12:51,7,33.5,AH0,254,37.1134875,Day,F,L,A,MYSE
151.909,8443,6/3/2015,5/25/2015,18:12:52,7,31.5,AH0,255,34.8011375,Day,F,L,A,MYSE
151.909,8443,6/3/2015,5/29/2015,18:12:52,7,32.2,AH0,252,35.7107784,Day,F,L,A,MYSE
151.909,8443,6/3/2015,5/24/2015,18:12:53,7,31.4,AH0,255,34.6618152,Day,F,L,A,MYSE
151.909,8443,6/3/2015,5/30/2015,18:12:53,7,33.5,AH0,254,37.1134875,Day,F,L,A,MYSE
151.909,8443,6/3/2015,5/24/2015,18:12:55,7,31.4,AH0,255,34.6618152,Day,F,L,A,MYSE
151.909,8443,6/3/2015,5/30/2015,18:12:55,7,33.5,AH0,254,37.1134875,Day,F,L,A,MYSE
151.909,8443,6/3/2015,5/24/2015,18:12:57,7,31.4,AH0,255,34.6618152,Day,F,L,A,MYSE
151.909,8443,6/3/2015,5/26/2015,18:12:58,7,31.5,AH0,209,34.8011375,Day,F,L,A,MYSE
151.909,8443,6/3/2015,5/24/2015,18:12:59,7,31.4,AH0,255,34.6618152,Day,F,L,A,MYSE
151.909,8443,6/3/2015,5/26/2015,18:13:00,7,31.5,AH0,210,34.8011375,Day,F,L,A,MYSE
151.909,8443,6/3/2015,5/26/2015,18:13:02,7,31.5,AH0,210,34.8011375,Day,F,L,A,MYSE
151.909,8443,6/3/2015,5/26/2015,18:13:04,7,31.5,AH0,210,34.8011375,Day,F,L,A,MYSE
151.909,8443,6/3/2015,5/25/2015,18:13:07,7,31.5,AH0,255,34.8011375,Day,F,L,A,MYSE
151.909,8443,6/3/2015,5/29/2015,18:13:07,7,32.2,AH0,253,35.7107784,Day,F,L,A,MYSE
151.909,8443,6/3/2015,5/30/2015,18:13:08,7,33.5,AH0,254,37.1134875,Day,F,L,A,MYSE
151.909,8443,6/3/2015,5/25/2015,18:13:09,7,31.4,AH0,255,34.6618152,Day,F,L,A,MYSE
151.909,8443,6/3/2015,5/29/2015,18:13:09,7,32.2,AH0,252,35.7107784,Day,F,L,A,MYSE
151.909,8443,6/3/2015,5/30/2015,18:13:09,7,33.5,AH0,254,37.1134875,Day,F,L,A,MYSE
151.909,8443,6/3/2015,5/25/2015,18:13:11,7,31.4,AH0,255,34.6618152,Day,F,L,A,MYSE
151.909,8443,6/3/2015,5/29/2015,18:13:11,7,32.2,AH0,252,35.7107784,Day,F,L,A,MYSE
151.909,8443,6/3/2015,5/30/2015,18:13:11,7,33.5,AH0,254,37.1134875,Day,F,L,A,MYSE
151.909,8443,6/3/2015,5/24/2015,18:13:12,7,31.5,AH0,255,34.8011375,Day,F,L,A,MYSE
151.909,8443,6/3/2015,5/25/2015,18:13:13,7,31.4,AH0,254,34.6618152,Day,F,L,A,MYSE
151.909,8443,6/3/2015,5/29/2015,18:13:13,7,32.2,AH0,252,35.7107784,Day,F,L,A,MYSE
151.909,8443,6/3/2015,5/30/2015,18:13:13,7,33.5,AH0,255,37.1134875,Day,F,L,A,MYSE
151.909,8443,6/3/2015,5/24/2015,18:13:14,7,31.5,AH0,254,34.8011375,Day,F,L,A,MYSE
151.909,8443,6/3/2015,5/30/2015,18:13:15,7,33.5,AH0,252,37.1134875,Day,F,L,A,MYSE
151.909,8443,6/3/2015,5/24/2015,18:13:16,7,31.5,AH0,255,34.8011375,Day,F,L,A,MYSE
151.909,8443,6/3/2015,5/26/2015,18:13:17,7,31.5,AH0,208,34.8011375,Day,F,L,A,MYSE
151.909,8443,6/3/2015,5/24/2015,18:13:18,7,31.5,AH0,255,34.8011375,Day,F,L,A,MYSE
151.909,8443,6/3/2015,5/26/2015,18:13:19,7,31.5,AH0,212,34.8011375,Day,F,L,A,MYSE
151.909,8443,6/3/2015,5/24/2015,18:13:20,7,31.5,AH0,255,34.8011375,Day,F,L,A,MYSE
151.909,8443,6/3/2015,5/26/2015,18:13:21,7,31.5,AH0,209,34.8011375,Day,F,L,A,MYSE
151.909,8443,6/3/2015,5/26/2015,18:13:23,7,31.5,AH0,211,34.8011375,Day,F,L,A,MYSE
151.909,8443,6/3/2015,5/25/2015,18:13:26,7,31.4,AH0,255,34.6618152,Day,F,L,A,MYSE
151.909,8443,6/3/2015,5/30/2015,18:13:27,7,33.6,AH0,254,37.2069248,Day,F,L,A,MYSE
151.909,8443,6/3/2015,5/25/2015,18:13:28,7,31.4,AH0,255,34.6618152,Day,F,L,A,MYSE
151.909,8443,6/3/2015,5/29/2015,18:13:28,7,32.2,AH0,252,35.7107784,Day,F,L,A,MYSE
151.909,8443,6/3/2015,5/29/2015,18:13:29,7,32.2,AH0,252,35.7107784,Day,F,L,A,MYSE
151.909,8443,6/3/2015,5/30/2015,18:13:29,7,33.6,AH0,254,37.2069248,Day,F,L,A,MYSE
151.909,8443,6/3/2015,5/25/2015,18:13:30,7,31.4,AH0,255,34.6618152,Day,F,L,A,MYSE
151.909,8443,6/3/2015,5/29/2015,18:13:31,7,32.2,AH0,252,35.7107784,Day,F,L,A,MYSE
151.909,8443,6/3/2015,5/30/2015,18:13:31,7,33.6,AH0,254,37.2069248,Day,F,L,A,MYSE
151.909,8443,6/3/2015,5/25/2015,18:13:32,7,31.4,AH0,255,34.6618152,Day,F,L,A,MYSE
151.909,8443,6/3/2015,5/24/2015,18:13:33,7,31.5,AH0,255,34.8011375,Day,F,L,A,MYSE
151.909,8443,6/3/2015,5/29/2015,18:13:33,7,32.2,AH0,252,35.7107784,Day,F,L,A,MYSE
151.909,8443,6/3/2015,5/30/2015,18:13:33,7,33.6,AH0,253,37.2069248,Day,F,L,A,MYSE
151.909,8443,6/3/2015,5/30/2015,18:13:34,7,33.6,AH0,254,37.2069248,Day,F,L,A,MYSE
151.909,8443,6/3/2015,5/24/2015,18:13:35,7,31.6,AH0,255,34.9380768,Day,F,L,A,MYSE
151.909,8443,6/3/2015,5/24/2015,18:13:37,7,31.5,AH0,255,34.8011375,Day,F,L,A,MYSE
151.909,8443,6/3/2015,5/26/2015,18:13:38,7,31.5,AH0,208,34.8011375,Day,F,L,A,MYSE
151.909,8443,6/3/2015,5/24/2015,18:13:39,7,31.6,AH0,255,34.9380768,Day,F,L,A,MYSE
151.909,8443,6/3/2015,5/26/2015,18:13:40,7,31.5,AH0,212,34.8011375,Day,F,L,A,MYSE
151.909,8443,6/3/2015,5/26/2015,18:13:42,7,31.5,AH0,209,34.8011375,Day,F,L,A,MYSE
151.909,8443,6/3/2015,5/26/2015,18:13:44,7,31.5,AH0,208,34.8011375,Day,F,L,A,MYSE
151.909,8443,6/3/2015,5/29/2015,18:13:46,7,32.2,AH0,251,35.7107784,Day,F,L,A,MYSE
151.909,8443,6/3/2015,5/25/2015,18:13:47,7,31.4,AH0,255,34.6618152,Day,F,L,A,MYSE
151.909,8443,6/3/2015,5/29/2015,18:13:48,7,32.2,AH0,252,35.7107784,Day,F,L,A,MYSE
151.909,8443,6/3/2015,5/25/2015,18:13:49,7,31.4,AH0,255,34.6618152,Day,F,L,A,MYSE
151.909,8443,6/3/2015,5/30/2015,18:13:49,7,33.6,AH0,254,37.2069248,Day,F,L,A,MYSE
151.909,8443,6/3/2015,5/29/2015,18:13:50,7,32.2,AH0,251,35.7107784,Day,F,L,A,MYSE
151.909,8443,6/3/2015,5/25/2015,18:13:51,7,31.3,AH0,254,34.5200901,Day,F,L,A,MYSE
151.909,8443,6/3/2015,5/30/2015,18:13:51,7,33.6,AH0,254,37.2069248,Day,F,L,A,MYSE
151.909,8443,6/3/2015,5/24/2015,18:13:52,7,31.5,AH0,255,34.8011375,Day,F,L,A,MYSE
151.909,8443,6/3/2015,5/29/2015,18:13:52,7,32.2,AH0,253,35.7107784,Day,F,L,A,MYSE
151.909,8443,6/3/2015,5/30/2015,18:13:52,7,33.6,AH0,253,37.2069248,Day,F,L,A,MYSE
151.909,8443,6/3/2015,5/25/2015,18:13:53,7,31.4,AH0,255,34.6618152,Day,F,L,A,MYSE
151.909,8443,6/3/2015,5/24/2015,18:13:54,7,31.5,AH0,255,34.8011375,Day,F,L,A,MYSE
151.909,8443,6/3/2015,5/29/2015,18:13:54,7,32.2,AH0,253,35.7107784,Day,F,L,A,MYSE
151.909,8443,6/3/2015,5/30/2015,18:13:54,7,33.6,AH0,253,37.2069248,Day,F,L,A,MYSE
151.909,8443,6/3/2015,5/24/2015,18:13:56,7,31.5,AH0,255,34.8011375,Day,F,L,A,MYSE
151.909,8443,6/3/2015,5/26/2015,18:13:57,7,31.4,AH0,207,34.6618152,Day,F,L,A,MYSE
151.909,8443,6/3/2015,5/24/2015,18:13:58,7,31.5,AH0,255,34.8011375,Day,F,L,A,MYSE
151.909,8443,6/3/2015,5/26/2015,18:13:59,7,31.5,AH0,209,34.8011375,Day,F,L,A,MYSE
151.909,8443,6/3/2015,5/24/2015,18:14:00,7,31.5,AH0,255,34.8011375,Day,F,L,A,MYSE
151.909,8443,6/3/2015,5/26/2015,18:14:01,7,31.5,AH0,212,34.8011375,Day,F,L,A,MYSE
151.909,8443,6/3/2015,5/26/2015,18:14:03,7,31.4,AH0,209,34.6618152,Day,F,L,A,MYSE
151.909,8443,6/3/2015,5/25/2015,18:14:06,7,31.3,AH0,255,34.5200901,Day,F,L,A,MYSE
151.909,8443,6/3/2015,5/29/2015,18:14:07,7,32.2,AH0,251,35.7107784,Day,F,L,A,MYSE
151.909,8443,6/3/2015,5/25/2015,18:14:08,7,31.3,AH0,255,34.5200901,Day,F,L,A,MYSE
151.909,8443,6/3/2015,5/30/2015,18:14:08,7,33.6,AH0,254,37.2069248,Day,F,L,A,MYSE
151.909,8443,6/3/2015,5/29/2015,18:14:09,7,32.2,AH0,251,35.7107784,Day,F,L,A,MYSE
151.909,8443,6/3/2015,5/25/2015,18:14:10,7,31.3,AH0,255,34.5200901,Day,F,L,A,MYSE
151.909,8443,6/3/2015,5/29/2015,18:14:10,7,32.2,AH0,251,35.7107784,Day,F,L,A,MYSE
151.909,8443,6/3/2015,5/30/2015,18:14:10,7,33.6,AH0,254,37.2069248,Day,F,L,A,MYSE
151.909,8443,6/3/2015,5/25/2015,18:14:12,7,31.3,AH0,255,34.5200901,Day,F,L,A,MYSE
151.909,8443,6/3/2015,5/29/2015,18:14:12,7,32.2,AH0,251,35.7107784,Day,F,L,A,MYSE
151.909,8443,6/3/2015,5/30/2015,18:14:12,7,33.6,AH0,254,37.2069248,Day,F,L,A,MYSE
151.909,8443,6/3/2015,5/24/2015,18:14:13,7,31.5,AH0,255,34.8011375,Day,F,L,A,MYSE
151.909,8443,6/3/2015,5/30/2015,18:14:14,7,33.6,AH0,252,37.2069248,Day,F,L,A,MYSE
151.909,8443,6/3/2015,5/24/2015,18:14:15,7,31.5,AH0,255,34.8011375,Day,F,L,A,MYSE
151.909,8443,6/3/2015,5/24/2015,18:14:17,7,31.5,AH0,254,34.8011375,Day,F,L,A,MYSE
151.909,8443,6/3/2015,5/26/2015,18:14:18,7,31.4,AH0,209,34.6618152,Day,F,L,A,MYSE
151.909,8443,6/3/2015,5/24/2015,18:14:19,7,31.5,AH0,254,34.8011375,Day,F,L,A,MYSE
151.909,8443,6/3/2015,5/26/2015,18:14:20,7,31.4,AH0,208,34.6618152,Day,F,L,A,MYSE
151.909,8443,6/3/2015,5/26/2015,18:14:22,7,31.4,AH0,209,34.6618152,Day,F,L,A,MYSE
151.909,8443,6/3/2015,5/26/2015,18:14:24,7,31.4,AH0,210,34.6618152,Day,F,L,A,MYSE
151.909,8443,6/3/2015,5/25/2015,18:14:27,7,31.3,AH0,255,34.5200901,Day,F,L,A,MYSE
151.909,8443,6/3/2015,5/29/2015,18:14:27,7,32.2,AH0,253,35.7107784,Day,F,L,A,MYSE
151.909,8443,6/3/2015,5/30/2015,18:14:28,7,33.6,AH0,254,37.2069248,Day,F,L,A,MYSE
151.909,8443,6/3/2015,5/25/2015,18:14:29,7,31.3,AH0,255,34.5200901,Day,F,L,A,MYSE
151.909,8443,6/3/2015,5/29/2015,18:14:29,7,32.2,AH0,253,35.7107784,Day,F,L,A,MYSE
151.909,8443,6/3/2015,5/30/2015,18:14:30,7,33.6,AH0,254,37.2069248,Day,F,L,A,MYSE
151.909,8443,6/3/2015,5/25/2015,18:14:31,7,31.3,AH0,255,34.5200901,Day,F,L,A,MYSE
151.909,8443,6/3/2015,5/29/2015,18:14:31,7,32.2,AH0,252,35.7107784,Day,F,L,A,MYSE
151.909,8443,6/3/2015,5/24/2015,18:14:32,7,31.5,AH0,254,34.8011375,Day,F,L,A,MYSE
151.909,8443,6/3/2015,5/30/2015,18:14:32,7,33.6,AH0,253,37.2069248,Day,F,L,A,MYSE
151.909,8443,6/3/2015,5/25/2015,18:14:33,7,31.3,AH0,254,34.5200901,Day,F,L,A,MYSE
151.909,8443,6/3/2015,5/29/2015,18:14:33,7,32.2,AH0,252,35.7107784,Day,F,L,A,MYSE
151.909,8443,6/3/2015,5/30/2015,18:14:33,7,33.6,AH0,254,37.2069248,Day,F,L,A,MYSE
151.909,8443,6/3/2015,5/24/2015,18:14:34,7,31.5,AH0,254,34.8011375,Day,F,L,A,MYSE
151.909,8443,6/3/2015,5/30/2015,18:14:35,7,33.6,AH0,252,37.2069248,Day,F,L,A,MYSE
151.909,8443,6/3/2015,5/24/2015,18:14:36,7,31.4,AH0,255,34.6618152,Day,F,L,A,MYSE
151.909,8443,6/3/2015,5/26/2015,18:14:37,7,31.4,AH0,209,34.6618152,Day,F,L,A,MYSE
151.909,8443,6/3/2015,5/24/2015,18:14:38,7,31.4,AH0,255,34.6618152,Day,F,L,A,MYSE
151.909,8443,6/3/2015,5/26/2015,18:14:39,7,31.4,AH0,211,34.6618152,Day,F,L,A,MYSE
151.909,8443,6/3/2015,5/24/2015,18:14:40,7,31.4,AH0,255,34.6618152,Day,F,L,A,MYSE
151.909,8443,6/3/2015,5/26/2015,18:14:41,7,31.4,AH0,210,34.6618152,Day,F,L,A,MYSE
151.909,8443,6/3/2015,5/26/2015,18:14:43,7,31.4,AH0,208,34.6618152,Day,F,L,A,MYSE
151.909,8443,6/3/2015,5/29/2015,18:14:46,7,32.2,AH0,254,35.7107784,Day,F,L,A,MYSE
151.909,8443,6/3/2015,5/25/2015,18:14:47,7,31.3,AH0,255,34.5200901,Day,F,L,A,MYSE
151.909,8443,6/3/2015,5/25/2015,18:14:48,7,31.3,AH0,255,34.5200901,Day,F,L,A,MYSE
151.909,8443,6/3/2015,5/29/2015,18:14:48,7,32.2,AH0,253,35.7107784,Day,F,L,A,MYSE
151.909,8443,6/3/2015,5/30/2015,18:14:48,7,33.6,AH0,252,37.2069248,Day,F,L,A,MYSE
151.909,8443,6/3/2015,5/30/2015,18:14:49,7,33.6,AH0,254,37.2069248,Day,F,L,A,MYSE
151.909,8443,6/3/2015,5/25/2015,18:14:50,7,31.2,AH0,255,34.3759424,Day,F,L,A,MYSE
151.909,8443,6/3/2015,5/29/2015,18:14:50,7,32.2,AH0,254,35.7107784,Day,F,L,A,MYSE
151.909,8443,6/3/2015,5/29/2015,18:14:51,7,32.2,AH0,254,35.7107784,Day,F,L,A,MYSE
151.909,8443,6/3/2015,5/30/2015,18:14:51,7,33.7,AH0,253,37.2983949,Day,F,L,A,MYSE
151.909,8443,6/3/2015,5/25/2015,18:14:52,7,31.2,AH0,255,34.3759424,Day,F,L,A,MYSE
151.909,8443,6/3/2015,5/24/2015,18:14:53,7,31.4,AH0,255,34.6618152,Day,F,L,A,MYSE
151.909,8443,6/3/2015,5/29/2015,18:14:53,7,32.2,AH0,253,35.7107784,Day,F,L,A,MYSE
151.909,8443,6/3/2015,5/30/2015,18:14:53,7,33.6,AH0,254,37.2069248,Day,F,L,A,MYSE
151.909,8443,6/3/2015,5/24/2015,18:14:55,7,31.4,AH0,255,34.6618152,Day,F,L,A,MYSE
151.909,8443,6/3/2015,5/30/2015,18:14:55,7,33.6,AH0,254,37.2069248,Day,F,L,A,MYSE
151.909,8443,6/3/2015,5/24/2015,18:14:57,7,31.4,AH0,253,34.6618152,Day,F,L,A,MYSE
151.909,8443,6/3/2015,5/26/2015,18:14:58,7,31.3,AH0,206,34.5200901,Day,F,L,A,MYSE
151.909,8443,6/3/2015,5/24/2015,18:14:59,7,31.3,AH0,253,34.5200901,Day,F,L,A,MYSE
151.909,8443,6/3/2015,5/26/2015,18:15:00,7,31.3,AH0,211,34.5200901,Day,F,L,A,MYSE
151.909,8443,6/3/2015,5/26/2015,18:15:02,7,31.3,AH0,211,34.5200901,Day,F,L,A,MYSE
151.909,8443,6/3/2015,5/26/2015,18:15:04,7,31.3,AH0,210,34.5200901,Day,F,L,A,MYSE
151.909,8443,6/3/2015,5/25/2015,18:15:06,7,31.2,AH0,255,34.3759424,Day,F,L,A,MYSE
151.909,8443,6/3/2015,5/29/2015,18:15:06,7,32.2,AH0,253,35.7107784,Day,F,L,A,MYSE
151.909,8443,6/3/2015,5/30/2015,18:15:07,7,33.7,AH0,254,37.2983949,Day,F,L,A,MYSE
151.909,8443,6/3/2015,5/25/2015,18:15:08,7,31.2,AH0,255,34.3759424,Day,F,L,A,MYSE
151.909,8443,6/3/2015,5/29/2015,18:15:08,7,32.2,AH0,252,35.7107784,Day,F,L,A,MYSE
151.909,8443,6/3/2015,5/30/2015,18:15:09,7,33.6,AH0,253,37.2069248,Day,F,L,A,MYSE
151.909,8443,6/3/2015,5/25/2015,18:15:10,7,31.2,AH0,255,34.3759424,Day,F,L,A,MYSE
151.909,8443,6/3/2015,5/29/2015,18:15:10,7,32.2,AH0,250,35.7107784,Day,F,L,A,MYSE
151.909,8443,6/3/2015,5/30/2015,18:15:11,7,33.6,AH0,252,37.2069248,Day,F,L,A,MYSE
151.909,8443,6/3/2015,5/24/2015,18:15:12,7,31.3,AH0,254,34.5200901,Day,F,L,A,MYSE
151.909,8443,6/3/2015,5/25/2015,18:15:12,7,31.2,AH0,255,34.3759424,Day,F,L,A,MYSE
151.909,8443,6/3/2015,5/29/2015,18:15:12,7,32.2,AH0,253,35.7107784,Day,F,L,A,MYSE
151.909,8443,6/3/2015,5/25/2015,18:15:13,7,31.2,AH0,255,34.3759424,Day,F,L,A,MYSE
151.909,8443,6/3/2015,5/30/2015,18:15:13,7,33.7,AH0,254,37.2983949,Day,F,L,A,MYSE
151.909,8443,6/3/2015,5/24/2015,18:15:14,7,31.3,AH0,254,34.5200901,Day,F,L,A,MYSE
151.909,8443,6/3/2015,5/29/2015,18:15:14,7,32.2,AH0,252,35.7107784,Day,F,L,A,MYSE
151.909,8443,6/3/2015,5/30/2015,18:15:14,7,33.6,AH0,253,37.2069248,Day,F,L,A,MYSE
151.909,8443,6/3/2015,5/24/2015,18:15:16,7,31.3,AH0,255,34.5200901,Day,F,L,A,MYSE
151.909,8443,6/3/2015,5/24/2015,18:15:18,7,31.3,AH0,255,34.5200901,Day,F,L,A,MYSE
151.909,8443,6/3/2015,5/26/2015,18:15:18,7,31.3,AH0,208,34.5200901,Day,F,L,A,MYSE
151.909,8443,6/3/2015,5/26/2015,18:15:19,7,31.3,AH0,207,34.5200901,Day,F,L,A,MYSE
151.909,8443,6/3/2015,5/26/2015,18:15:21,7,31.3,AH0,210,34.5200901,Day,F,L,A,MYSE
151.909,8443,6/3/2015,5/26/2015,18:15:23,7,31.3,AH0,211,34.5200901,Day,F,L,A,MYSE
151.909,8443,6/3/2015,5/25/2015,18:15:27,7,31.2,AH0,255,34.3759424,Day,F,L,A,MYSE
151.909,8443,6/3/2015,5/29/2015,18:15:27,7,32.2,AH0,251,35.7107784,Day,F,L,A,MYSE
151.909,8443,6/3/2015,5/25/2015,18:15:29,7,31.2,AH0,255,34.3759424,Day,F,L,A,MYSE
151.909,8443,6/3/2015,5/29/2015,18:15:29,7,32.2,AH0,252,35.7107784,Day,F,L,A,MYSE
151.909,8443,6/3/2015,5/30/2015,18:15:29,7,33.7,AH0,254,37.2983949,Day,F,L,A,MYSE
151.909,8443,6/3/2015,5/30/2015,18:15:30,7,33.7,AH0,254,37.2983949,Day,F,L,A,MYSE
151.909,8443,6/3/2015,5/25/2015,18:15:31,7,31.2,AH0,255,34.3759424,Day,F,L,A,MYSE
151.909,8443,6/3/2015,5/29/2015,18:15:31,7,32.2,AH0,252,35.7107784,Day,F,L,A,MYSE
151.909,8443,6/3/2015,5/29/2015,18:15:32,7,32.2,AH0,251,35.7107784,Day,F,L,A,MYSE
151.909,8443,6/3/2015,5/30/2015,18:15:32,7,33.7,AH0,254,37.2983949,Day,F,L,A,MYSE
151.909,8443,6/3/2015,5/24/2015,18:15:33,7,31.3,AH0,255,34.5200901,Day,F,L,A,MYSE
151.909,8443,6/3/2015,5/25/2015,18:15:33,7,31.2,AH0,255,34.3759424,Day,F,L,A,MYSE
151.909,8443,6/3/2015,5/30/2015,18:15:34,7,33.7,AH0,252,37.2983949,Day,F,L,A,MYSE
151.909,8443,6/3/2015,5/24/2015,18:15:35,7,31.3,AH0,255,34.5200901,Day,F,L,A,MYSE
151.909,8443,6/3/2015,5/24/2015,18:15:37,7,31.3,AH0,255,34.5200901,Day,F,L,A,MYSE
151.909,8443,6/3/2015,5/26/2015,18:15:37,7,31.3,AH0,209,34.5200901,Day,F,L,A,MYSE
151.909,8443,6/3/2015,5/24/2015,18:15:39,7,31.3,AH0,254,34.5200901,Day,F,L,A,MYSE
151.909,8443,6/3/2015,5/26/2015,18:15:39,7,31.3,AH0,205,34.5200901,Day,F,L,A,MYSE
151.909,8443,6/3/2015,5/26/2015,18:15:41,7,31.3,AH0,209,34.5200901,Day,F,L,A,MYSE
151.909,8443,6/3/2015,5/26/2015,18:15:42,7,31.3,AH0,208,34.5200901,Day,F,L,A,MYSE
151.909,8443,6/3/2015,5/26/2015,18:15:44,7,31.3,AH0,208,34.5200901,Day,F,L,A,MYSE
151.909,8443,6/3/2015,5/25/2015,18:15:46,7,31.2,AH0,255,34.3759424,Day,F,L,A,MYSE
151.909,8443,6/3/2015,5/29/2015,18:15:47,7,32.2,AH0,249,35.7107784,Day,F,L,A,MYSE
151.909,8443,6/3/2015,5/25/2015,18:15:48,7,31.2,AH0,253,34.3759424,Day,F,L,A,MYSE
151.909,8443,6/3/2015,5/30/2015,18:15:48,7,33.7,AH0,253,37.2983949,Day,F,L,A,MYSE
151.909,8443,6/3/2015,5/29/2015,18:15:49,7,32.2,AH0,253,35.7107784,Day,F,L,A,MYSE
151.909,8443,6/3/2015,5/25/2015,18:15:50,7,31.2,AH0,254,34.3759424,Day,F,L,A,MYSE
151.909,8443,6/3/2015,5/30/2015,18:15:50,7,33.7,AH0,254,37.2983949,Day,F,L,A,MYSE
151.909,8443,6/3/2015,5/29/2015,18:15:51,7,32.2,AH0,253,35.7107784,Day,F,L,A,MYSE
151.909,8443,6/3/2015,5/24/2015,18:15:52,7,31.3,AH0,255,34.5200901,Day,F,L,A,MYSE
151.909,8443,6/3/2015,5/25/2015,18:15:52,7,31.2,AH0,255,34.3759424,Day,F,L,A,MYSE
151.909,8443,6/3/2015,5/30/2015,18:15:52,7,33.7,AH0,254,37.2983949,Day,F,L,A,MYSE
151.909,8443,6/3/2015,5/29/2015,18:15:53,7,32.2,AH0,253,35.7107784,Day,F,L,A,MYSE
151.909,8443,6/3/2015,5/24/2015,18:15:54,7,31.3,AH0,255,34.5200901,Day,F,L,A,MYSE
151.909,8443,6/3/2015,5/30/2015,18:15:54,7,33.7,AH0,253,37.2983949,Day,F,L,A,MYSE
151.909,8443,6/3/2015,5/24/2015,18:15:56,7,31.3,AH0,255,34.5200901,Day,F,L,A,MYSE
151.909,8443,6/3/2015,5/24/2015,18:15:58,7,31.3,AH0,255,34.5200901,Day,F,L,A,MYSE
151.909,8443,6/3/2015,5/26/2015,18:15:58,7,31.2,AH0,210,34.3759424,Day,F,L,A,MYSE
151.909,8443,6/3/2015,5/26/2015,18:16:00,7,31.2,AH0,207,34.3759424,Day,F,L,A,MYSE
151.909,8443,6/3/2015,5/26/2015,18:16:02,7,31.2,AH0,207,34.3759424,Day,F,L,A,MYSE
151.909,8443,6/3/2015,5/26/2015,18:16:04,7,31.2,AH0,208,34.3759424,Day,F,L,A,MYSE
151.909,8443,6/3/2015,5/29/2015,18:16:06,7,32.2,AH0,252,35.7107784,Day,F,L,A,MYSE
151.909,8443,6/3/2015,5/25/2015,18:16:07,7,31.1,AH0,255,34.2293523,Day,F,L,A,MYSE
151.909,8443,6/3/2015,5/29/2015,18:16:08,7,32.1,AH0,252,35.5877213,Day,F,L,A,MYSE
151.909,8443,6/3/2015,5/30/2015,18:16:08,7,33.7,AH0,254,37.2983949,Day,F,L,A,MYSE
151.909,8443,6/3/2015,5/25/2015,18:16:09,7,31.1,AH0,255,34.2293523,Day,F,L,A,MYSE
151.909,8443,6/3/2015,5/29/2015,18:16:10,7,32.2,AH0,251,35.7107784,Day,F,L,A,MYSE
151.909,8443,6/3/2015,5/30/2015,18:16:10,7,33.7,AH0,254,37.2983949,Day,F,L,A,MYSE
151.909,8443,6/3/2015,5/25/2015,18:16:11,7,31.1,AH0,255,34.2293523,Day,F,L,A,MYSE
151.909,8443,6/3/2015,5/30/2015,18:16:11,7,33.7,AH0,253,37.2983949,Day,F,L,A,MYSE
151.909,8443,6/3/2015,5/24/2015,18:16:12,7,31.3,AH0,255,34.5200901,Day,F,L,A,MYSE
151.909,8443,6/3/2015,5/29/2015,18:16:12,7,32.1,AH0,250,35.5877213,Day,F,L,A,MYSE
151.909,8443,6/3/2015,5/24/2015,18:16:13,7,31.3,AH0,255,34.5200901,Day,F,L,A,MYSE
151.909,8443,6/3/2015,5/25/2015,18:16:13,7,31.1,AH0,254,34.2293523,Day,F,L,A,MYSE
151.909,8443,6/3/2015,5/29/2015,18:16:13,7,32.1,AH0,253,35.5877213,Day,F,L,A,MYSE
151.909,8443,6/3/2015,5/30/2015,18:16:13,7,33.7,AH0,254,37.2983949,Day,F,L,A,MYSE
151.909,8443,6/3/2015,5/24/2015,18:16:15,7,31.3,AH0,255,34.5200901,Day,F,L,A,MYSE
151.909,8443,6/3/2015,5/30/2015,18:16:15,7,33.7,AH0,254,37.2983949,Day,F,L,A,MYSE
151.909,8443,6/3/2015,5/24/2015,18:16:17,7,31.3,AH0,255,34.5200901,Day,F,L,A,MYSE
151.909,8443,6/3/2015,5/26/2015,18:16:17,7,31.2,AH0,207,34.3759424,Day,F,L,A,MYSE
151.909,8443,6/3/2015,5/24/2015,18:16:19,7,31.3,AH0,255,34.5200901,Day,F,L,A,MYSE
151.909,8443,6/3/2015,5/26/2015,18:16:19,7,31.2,AH0,206,34.3759424,Day,F,L,A,MYSE
151.909,8443,6/3/2015,5/26/2015,18:16:21,7,31.2,AH0,207,34.3759424,Day,F,L,A,MYSE
151.909,8443,6/3/2015,5/26/2015,18:16:23,7,31.2,AH0,208,34.3759424,Day,F,L,A,MYSE
151.909,8443,6/3/2015,5/25/2015,18:16:27,7,31.1,AH0,255,34.2293523,Day,F,L,A,MYSE
151.909,8443,6/3/2015,5/29/2015,18:16:27,7,32.1,AH0,251,35.5877213,Day,F,L,A,MYSE
151.909,8443,6/3/2015,5/29/2015,18:16:28,7,32.1,AH0,252,35.5877213,Day,F,L,A,MYSE
151.909,8443,6/3/2015,5/30/2015,18:16:28,7,33.7,AH0,253,37.2983949,Day,F,L,A,MYSE
151.909,8443,6/3/2015,5/25/2015,18:16:29,7,31.1,AH0,255,34.2293523,Day,F,L,A,MYSE
151.909,8443,6/3/2015,5/30/2015,18:16:29,7,33.7,AH0,254,37.2983949,Day,F,L,A,MYSE
151.909,8443,6/3/2015,5/29/2015,18:16:30,7,32.1,AH0,249,35.5877213,Day,F,L,A,MYSE
151.909,8443,6/3/2015,5/25/2015,18:16:31,7,31.1,AH0,255,34.2293523,Day,F,L,A,MYSE
151.909,8443,6/3/2015,5/30/2015,18:16:31,7,33.7,AH0,254,37.2983949,Day,F,L,A,MYSE
151.909,8443,6/3/2015,5/25/2015,18:16:32,7,31.1,AH0,255,34.2293523,Day,F,L,A,MYSE
151.909,8443,6/3/2015,5/29/2015,18:16:32,7,32.1,AH0,251,35.5877213,Day,F,L,A,MYSE
151.909,8443,6/3/2015,5/24/2015,18:16:33,7,31.3,AH0,254,34.5200901,Day,F,L,A,MYSE
151.909,8443,6/3/2015,5/30/2015,18:16:33,7,33.7,AH0,254,37.2983949,Day,F,L,A,MYSE
151.909,8443,6/3/2015,5/24/2015,18:16:35,7,31.3,AH0,255,34.5200901,Day,F,L,A,MYSE
151.909,8443,6/3/2015,5/30/2015,18:16:35,7,33.7,AH0,253,37.2983949,Day,F,L,A,MYSE
151.909,8443,6/3/2015,5/24/2015,18:16:36,7,31.3,AH0,255,34.5200901,Day,F,L,A,MYSE
151.909,8443,6/3/2015,5/24/2015,18:16:38,7,31.3,AH0,254,34.5200901,Day,F,L,A,MYSE
151.909,8443,6/3/2015,5/26/2015,18:16:38,7,31.2,AH0,208,34.3759424,Day,F,L,A,MYSE
151.909,8443,6/3/2015,5/26/2015,18:16:40,7,31.2,AH0,208,34.3759424,Day,F,L,A,MYSE
151.909,8443,6/3/2015,5/26/2015,18:16:42,7,31.2,AH0,209,34.3759424,Day,F,L,A,MYSE
151.909,8443,6/3/2015,5/26/2015,18:16:44,7,31.2,AH0,208,34.3759424,Day,F,L,A,MYSE
151.909,8443,6/3/2015,5/25/2015,18:16:46,7,31.1,AH0,255,34.2293523,Day,F,L,A,MYSE
151.909,8443,6/3/2015,5/29/2015,18:16:47,7,32.1,AH0,243,35.5877213,Day,F,L,A,MYSE
151.909,8443,6/3/2015,5/30/2015,18:16:47,7,34.1,AH0,254,37.6449993,Day,F,L,A,MYSE
151.909,8443,6/3/2015,5/25/2015,18:16:48,7,31.1,AH0,255,34.2293523,Day,F,L,A,MYSE
151.909,8443,6/3/2015,5/29/2015,18:16:49,7,32.1,AH0,245,35.5877213,Day,F,L,A,MYSE
151.909,8443,6/3/2015,5/30/2015,18:16:49,7,33.7,AH0,254,37.2983949,Day,F,L,A,MYSE
151.909,8443,6/3/2015,5/25/2015,18:16:50,7,31.1,AH0,255,34.2293523,Day,F,L,A,MYSE
151.909,8443,6/3/2015,5/29/2015,18:16:51,7,32.1,AH0,246,35.5877213,Day,F,L,A,MYSE
151.909,8443,6/3/2015,5/30/2015,18:16:51,7,33.7,AH0,254,37.2983949,Day,F,L,A,MYSE
151.909,8443,6/3/2015,5/24/2015,18:16:52,7,31.4,AH0,255,34.6618152,Day,F,L,A,MYSE
151.909,8443,6/3/2015,5/25/2015,18:16:52,7,31.1,AH0,255,34.2293523,Day,F,L,A,MYSE
151.909,8443,6/3/2015,5/30/2015,18:16:52,7,33.7,AH0,253,37.2983949,Day,F,L,A,MYSE
151.909,8443,6/3/2015,5/29/2015,18:16:53,7,32.1,AH0,246,35.5877213,Day,F,L,A,MYSE
151.909,8443,6/3/2015,5/24/2015,18:16:54,7,31.4,AH0,255,34.6618152,Day,F,L,A,MYSE
151.909,8443,6/3/2015,5/30/2015,18:16:54,7,33.7,AH0,252,37.2983949,Day,F,L,A,MYSE
151.909,8443,6/3/2015,5/24/2015,18:16:56,7,31.4,AH0,255,34.6618152,Day,F,L,A,MYSE
151.909,8443,6/3/2015,5/26/2015,18:16:57,7,31.2,AH0,204,34.3759424,Day,F,L,A,MYSE
151.909,8443,6/3/2015,5/24/2015,18:16:58,7,31.4,AH0,255,34.6618152,Day,F,L,A,MYSE
151.909,8443,6/3/2015,5/24/2015,18:16:59,7,31.4,AH0,255,34.6618152,Day,F,L,A,MYSE
151.909,8443,6/3/2015,5/26/2015,18:16:59,7,31.2,AH0,208,34.3759424,Day,F,L,A,MYSE
151.909,8443,6/3/2015,5/26/2015,18:17:01,7,31.2,AH0,208,34.3759424,Day,F,L,A,MYSE
151.909,8443,6/3/2015,5/26/2015,18:17:03,7,31.2,AH0,204,34.3759424,Day,F,L,A,MYSE
151.909,8443,6/3/2015,5/29/2015,18:17:06,7,32.1,AH0,250,35.5877213,Day,F,L,A,MYSE
151.909,8443,6/3/2015,5/25/2015,18:17:07,7,31.1,AH0,254,34.2293523,Day,F,L,A,MYSE
151.909,8443,6/3/2015,5/29/2015,18:17:08,7,32.1,AH0,249,35.5877213,Day,F,L,A,MYSE
151.909,8443,6/3/2015,5/30/2015,18:17:08,7,33.7,AH0,253,37.2983949,Day,F,L,A,MYSE
151.909,8443,6/3/2015,5/25/2015,18:17:09,7,31.1,AH0,255,34.2293523,Day,F,L,A,MYSE
151.909,8443,6/3/2015,5/29/2015,18:17:10,7,32.1,AH0,250,35.5877213,Day,F,L,A,MYSE
151.909,8443,6/3/2015,5/30/2015,18:17:10,7,33.7,AH0,253,37.2983949,Day,F,L,A,MYSE
151.909,8443,6/3/2015,5/25/2015,18:17:11,7,31.2,AH0,255,34.3759424,Day,F,L,A,MYSE
151.909,8443,6/3/2015,5/29/2015,18:17:11,7,32.1,AH0,253,35.5877213,Day,F,L,A,MYSE
151.909,8443,6/3/2015,5/30/2015,18:17:12,7,33.7,AH0,254,37.2983949,Day,F,L,A,MYSE
151.909,8443,6/3/2015,5/24/2015,18:17:13,7,31.4,AH0,255,34.6618152,Day,F,L,A,MYSE
151.909,8443,6/3/2015,5/25/2015,18:17:13,7,31.1,AH0,255,34.2293523,Day,F,L,A,MYSE
151.909,8443,6/3/2015,5/29/2015,18:17:13,7,32.1,AH0,249,35.5877213,Day,F,L,A,MYSE
151.909,8443,6/3/2015,5/30/2015,18:17:14,7,33.7,AH0,253,37.2983949,Day,F,L,A,MYSE
151.909,8443,6/3/2015,5/24/2015,18:17:15,7,31.4,AH0,255,34.6618152,Day,F,L,A,MYSE
151.909,8443,6/3/2015,5/24/2015,18:17:17,7,31.4,AH0,254,34.6618152,Day,F,L,A,MYSE
151.909,8443,6/3/2015,5/26/2015,18:17:17,7,31.1,AH0,218,34.2293523,Day,F,L,A,MYSE
151.909,8443,6/3/2015,5/24/2015,18:17:19,7,31.4,AH0,255,34.6618152,Day,F,L,A,MYSE
151.909,8443,6/3/2015,5/26/2015,18:17:19,7,31.1,AH0,210,34.2293523,Day,F,L,A,MYSE
151.909,8443,6/3/2015,5/26/2015,18:17:21,7,31.1,AH0,210,34.2293523,Day,F,L,A,MYSE
151.909,8443,6/3/2015,5/26/2015,18:17:22,7,31.1,AH0,206,34.2293523,Day,F,L,A,MYSE
151.909,8443,6/3/2015,5/26/2015,18:17:24,7,31.1,AH0,207,34.2293523,Day,F,L,A,MYSE
151.909,8443,6/3/2015,5/25/2015,18:17:26,7,31.2,AH0,255,34.3759424,Day,F,L,A,MYSE
151.909,8443,6/3/2015,5/29/2015,18:17:26,7,32.1,AH0,253,35.5877213,Day,F,L,A,MYSE
151.909,8443,6/3/2015,5/25/2015,18:17:28,7,31.2,AH0,254,34.3759424,Day,F,L,A,MYSE
151.909,8443,6/3/2015,5/29/2015,18:17:28,7,32,AH0,253,35.4624,Day,F,L,A,MYSE
151.909,8443,6/3/2015,5/30/2015,18:17:28,7,33.7,AH0,254,37.2983949,Day,F,L,A,MYSE
151.909,8443,6/3/2015,5/25/2015,18:17:30,7,31.2,AH0,255,34.3759424,Day,F,L,A,MYSE
151.909,8443,6/3/2015,5/29/2015,18:17:30,7,32,AH0,252,35.4624,Day,F,L,A,MYSE
151.909,8443,6/3/2015,5/30/2015,18:17:30,7,33.7,AH0,254,37.2983949,Day,F,L,A,MYSE
151.909,8443,6/3/2015,5/24/2015,18:17:32,7,31.4,AH0,255,34.6618152,Day,F,L,A,MYSE
151.909,8443,6/3/2015,5/25/2015,18:17:32,7,31.2,AH0,255,34.3759424,Day,F,L,A,MYSE
151.909,8443,6/3/2015,5/29/2015,18:17:32,7,32,AH0,253,35.4624,Day,F,L,A,MYSE
151.909,8443,6/3/2015,5/30/2015,18:17:32,7,33.7,AH0,254,37.2983949,Day,F,L,A,MYSE
151.909,8443,6/3/2015,5/30/2015,18:17:33,7,33.7,AH0,254,37.2983949,Day,F,L,A,MYSE
151.909,8443,6/3/2015,5/24/2015,18:17:34,7,31.4,AH0,255,34.6618152,Day,F,L,A,MYSE
151.909,8443,6/3/2015,5/30/2015,18:17:35,7,33.7,AH0,254,37.2983949,Day,F,L,A,MYSE
151.909,8443,6/3/2015,5/24/2015,18:17:36,7,31.4,AH0,255,34.6618152,Day,F,L,A,MYSE
151.909,8443,6/3/2015,5/24/2015,18:17:38,7,31.4,AH0,255,34.6618152,Day,F,L,A,MYSE
151.909,8443,6/3/2015,5/26/2015,18:17:38,7,31,AH0,197,34.0803,Day,F,L,A,MYSE
151.909,8443,6/3/2015,5/26/2015,18:17:40,7,31,AH0,201,34.0803,Day,F,L,A,MYSE
151.909,8443,6/3/2015,5/26/2015,18:17:42,7,31,AH0,202,34.0803,Day,F,L,A,MYSE
151.909,8443,6/3/2015,5/26/2015,18:17:44,7,31,AH0,202,34.0803,Day,F,L,A,MYSE
151.909,8443,6/3/2015,5/25/2015,18:17:46,7,31.2,AH0,255,34.3759424,Day,F,L,A,MYSE
151.909,8443,6/3/2015,5/29/2015,18:17:47,7,32,AH0,250,35.4624,Day,F,L,A,MYSE
151.909,8443,6/3/2015,5/25/2015,18:17:48,7,31.2,AH0,254,34.3759424,Day,F,L,A,MYSE
151.909,8443,6/3/2015,5/30/2015,18:17:48,7,33.7,AH0,253,37.2983949,Day,F,L,A,MYSE
151.909,8443,6/3/2015,5/29/2015,18:17:49,7,32,AH0,251,35.4624,Day,F,L,A,MYSE
151.909,8443,6/3/2015,5/30/2015,18:17:49,7,33.7,AH0,252,37.2983949,Day,F,L,A,MYSE
151.909,8443,6/3/2015,5/25/2015,18:17:50,7,31.2,AH0,255,34.3759424,Day,F,L,A,MYSE
151.909,8443,6/3/2015,5/25/2015,18:17:51,7,31.2,AH0,255,34.3759424,Day,F,L,A,MYSE
151.909,8443,6/3/2015,5/29/2015,18:17:51,7,32,AH0,252,35.4624,Day,F,L,A,MYSE
151.909,8443,6/3/2015,5/30/2015,18:17:51,7,33.7,AH0,255,37.2983949,Day,F,L,A,MYSE
151.909,8443,6/3/2015,5/24/2015,18:17:53,7,31.4,AH0,254,34.6618152,Day,F,L,A,MYSE
151.909,8443,6/3/2015,5/25/2015,18:17:53,7,31.2,AH0,253,34.3759424,Day,F,L,A,MYSE
151.909,8443,6/3/2015,5/29/2015,18:17:53,7,32,AH0,252,35.4624,Day,F,L,A,MYSE
151.909,8443,6/3/2015,5/30/2015,18:17:53,7,33.7,AH0,254,37.2983949,Day,F,L,A,MYSE
151.909,8443,6/3/2015,5/24/2015,18:17:55,7,31.4,AH0,255,34.6618152,Day,F,L,A,MYSE
151.909,8443,6/3/2015,5/30/2015,18:17:55,7,33.7,AH0,254,37.2983949,Day,F,L,A,MYSE
151.909,8443,6/3/2015,5/24/2015,18:17:57,7,31.4,AH0,255,34.6618152,Day,F,L,A,MYSE
151.909,8443,6/3/2015,5/26/2015,18:17:57,7,31,AH0,209,34.0803,Day,F,L,A,MYSE
151.909,8443,6/3/2015,5/24/2015,18:17:59,7,31.4,AH0,255,34.6618152,Day,F,L,A,MYSE
151.909,8443,6/3/2015,5/26/2015,18:17:59,7,31,AH0,207,34.0803,Day,F,L,A,MYSE
151.909,8443,6/3/2015,5/26/2015,18:18:01,7,31,AH0,208,34.0803,Day,F,L,A,MYSE
151.909,8443,6/3/2015,5/26/2015,18:18:03,7,31,AH0,208,34.0803,Day,F,L,A,MYSE
151.909,8443,6/3/2015,5/29/2015,18:18:06,7,32,AH0,251,35.4624,Day,F,L,A,MYSE
151.909,8443,6/3/2015,5/25/2015,18:18:07,7,31.2,AH0,255,34.3759424,Day,F,L,A,MYSE
151.909,8443,6/3/2015,5/30/2015,18:18:07,7,33.7,AH0,254,37.2983949,Day,F,L,A,MYSE
151.909,8443,6/3/2015,5/29/2015,18:18:08,7,32,AH0,253,35.4624,Day,F,L,A,MYSE
151.909,8443,6/3/2015,5/25/2015,18:18:09,7,31.2,AH0,254,34.3759424,Day,F,L,A,MYSE
151.909,8443,6/3/2015,5/30/2015,18:18:09,7,33.7,AH0,253,37.2983949,Day,F,L,A,MYSE
151.909,8443,6/3/2015,5/29/2015,18:18:10,7,32,AH0,252,35.4624,Day,F,L,A,MYSE
151.909,8443,6/3/2015,5/25/2015,18:18:11,7,31.2,AH0,255,34.3759424,Day,F,L,A,MYSE
151.909,8443,6/3/2015,5/29/2015,18:18:11,7,32,AH0,253,35.4624,Day,F,L,A,MYSE
151.909,8443,6/3/2015,5/30/2015,18:18:11,7,33.7,AH0,254,37.2983949,Day,F,L,A,MYSE
151.909,8443,6/3/2015,5/24/2015,18:18:12,7,31.4,AH0,254,34.6618152,Day,F,L,A,MYSE
151.909,8443,6/3/2015,5/25/2015,18:18:13,7,31.2,AH0,254,34.3759424,Day,F,L,A,MYSE
151.909,8443,6/3/2015,5/29/2015,18:18:13,7,31.9,AH0,253,35.3347947,Day,F,L,A,MYSE
151.909,8443,6/3/2015,5/30/2015,18:18:13,7,33.7,AH0,254,37.2983949,Day,F,L,A,MYSE
151.909,8443,6/3/2015,5/24/2015,18:18:14,7,31.4,AH0,255,34.6618152,Day,F,L,A,MYSE
151.909,8443,6/3/2015,5/30/2015,18:18:14,7,33.7,AH0,254,37.2983949,Day,F,L,A,MYSE
151.909,8443,6/3/2015,5/24/2015,18:18:16,7,31.4,AH0,255,34.6618152,Day,F,L,A,MYSE
151.909,8443,6/3/2015,5/26/2015,18:18:17,7,31,AH0,208,34.0803,Day,F,L,A,MYSE
151.909,8443,6/3/2015,5/24/2015,18:18:18,7,31.4,AH0,254,34.6618152,Day,F,L,A,MYSE
151.909,8443,6/3/2015,5/26/2015,18:18:19,7,31,AH0,205,34.0803,Day,F,L,A,MYSE
151.909,8443,6/3/2015,5/26/2015,18:18:21,7,31,AH0,208,34.0803,Day,F,L,A,MYSE
151.909,8443,6/3/2015,5/26/2015,18:18:22,7,31,AH0,210,34.0803,Day,F,L,A,MYSE
151.909,8443,6/3/2015,5/26/2015,18:18:24,7,31,AH0,205,34.0803,Day,F,L,A,MYSE
151.909,8443,6/3/2015,5/25/2015,18:18:26,7,31.2,AH0,255,34.3759424,Day,F,L,A,MYSE
151.909,8443,6/3/2015,5/29/2015,18:18:26,7,31.9,AH0,254,35.3347947,Day,F,L,A,MYSE
151.909,8443,6/3/2015,5/25/2015,18:18:28,7,31.3,AH0,255,34.5200901,Day,F,L,A,MYSE
151.909,8443,6/3/2015,5/29/2015,18:18:28,7,31.9,AH0,254,35.3347947,Day,F,L,A,MYSE
151.909,8443,6/3/2015,5/30/2015,18:18:29,7,33.7,AH0,253,37.2983949,Day,F,L,A,MYSE
151.909,8443,6/3/2015,5/25/2015,18:18:30,7,31.2,AH0,255,34.3759424,Day,F,L,A,MYSE
151.909,8443,6/3/2015,5/29/2015,18:18:30,7,31.9,AH0,255,35.3347947,Day,F,L,A,MYSE
151.909,8443,6/3/2015,5/30/2015,18:18:30,7,33.7,AH0,254,37.2983949,Day,F,L,A,MYSE
151.909,8443,6/3/2015,5/25/2015,18:18:32,7,31.2,AH0,255,34.3759424,Day,F,L,A,MYSE
151.909,8443,6/3/2015,5/29/2015,18:18:32,7,31.9,AH0,253,35.3347947,Day,F,L,A,MYSE
151.909,8443,6/3/2015,5/30/2015,18:18:32,7,33.7,AH0,254,37.2983949,Day,F,L,A,MYSE
151.909,8443,6/3/2015,5/24/2015,18:18:33,7,31.4,AH0,255,34.6618152,Day,F,L,A,MYSE
151.909,8443,6/3/2015,5/30/2015,18:18:34,7,33.7,AH0,253,37.2983949,Day,F,L,A,MYSE
151.909,8443,6/3/2015,5/24/2015,18:18:35,7,31.4,AH0,255,34.6618152,Day,F,L,A,MYSE
151.909,8443,6/3/2015,5/24/2015,18:18:37,7,31.3,AH0,255,34.5200901,Day,F,L,A,MYSE
151.909,8443,6/3/2015,5/26/2015,18:18:38,7,31,AH0,210,34.0803,Day,F,L,A,MYSE
151.909,8443,6/3/2015,5/24/2015,18:18:39,7,31.4,AH0,255,34.6618152,Day,F,L,A,MYSE
151.909,8443,6/3/2015,5/26/2015,18:18:40,7,31,AH0,207,34.0803,Day,F,L,A,MYSE
151.909,8443,6/3/2015,5/26/2015,18:18:42,7,31,AH0,208,34.0803,Day,F,L,A,MYSE
151.909,8443,6/3/2015,5/26/2015,18:18:44,7,31,AH0,206,34.0803,Day,F,L,A,MYSE
151.909,8443,6/3/2015,5/25/2015,18:18:47,7,31.3,AH0,255,34.5200901,Day,F,L,A,MYSE
151.909,8443,6/3/2015,5/29/2015,18:18:47,7,32,AH0,254,35.4624,Day,F,L,A,MYSE
151.909,8443,6/3/2015,5/30/2015,18:18:48,7,33.7,AH0,254,37.2983949,Day,F,L,A,MYSE
151.909,8443,6/3/2015,5/25/2015,18:18:49,7,31.3,AH0,254,34.5200901,Day,F,L,A,MYSE
151.909,8443,6/3/2015,5/29/2015,18:18:49,7,32,AH0,253,35.4624,Day,F,L,A,MYSE
151.909,8443,6/3/2015,5/30/2015,18:18:50,7,33.7,AH0,254,37.2983949,Day,F,L,A,MYSE
151.909,8443,6/3/2015,5/25/2015,18:18:51,7,31.3,AH0,255,34.5200901,Day,F,L,A,MYSE
151.909,8443,6/3/2015,5/29/2015,18:18:51,7,32,AH0,253,35.4624,Day,F,L,A,MYSE
151.909,8443,6/3/2015,5/24/2015,18:18:52,7,31.3,AH0,254,34.5200901,Day,F,L,A,MYSE
151.909,8443,6/3/2015,5/30/2015,18:18:52,7,33.7,AH0,254,37.2983949,Day,F,L,A,MYSE
151.909,8443,6/3/2015,5/25/2015,18:18:53,7,31.3,AH0,255,34.5200901,Day,F,L,A,MYSE
151.909,8443,6/3/2015,5/29/2015,18:18:53,7,32,AH0,254,35.4624,Day,F,L,A,MYSE
151.909,8443,6/3/2015,5/30/2015,18:18:53,7,33.7,AH0,254,37.2983949,Day,F,L,A,MYSE
151.909,8443,6/3/2015,5/24/2015,18:18:54,7,31.3,AH0,254,34.5200901,Day,F,L,A,MYSE
151.909,8443,6/3/2015,5/30/2015,18:18:55,7,33.7,AH0,254,37.2983949,Day,F,L,A,MYSE
151.909,8443,6/3/2015,5/24/2015,18:18:56,7,31.3,AH0,254,34.5200901,Day,F,L,A,MYSE
151.909,8443,6/3/2015,5/26/2015,18:18:57,7,31,AH0,209,34.0803,Day,F,L,A,MYSE
151.909,8443,6/3/2015,5/24/2015,18:18:58,7,31.3,AH0,255,34.5200901,Day,F,L,A,MYSE
151.909,8443,6/3/2015,5/26/2015,18:18:59,7,31,AH0,208,34.0803,Day,F,L,A,MYSE
151.909,8443,6/3/2015,5/26/2015,18:19:01,7,31,AH0,209,34.0803,Day,F,L,A,MYSE
151.909,8443,6/3/2015,5/26/2015,18:19:03,7,31,AH0,205,34.0803,Day,F,L,A,MYSE
151.909,8443,6/3/2015,5/25/2015,18:19:06,7,31.3,AH0,255,34.5200901,Day,F,L,A,MYSE
151.909,8443,6/3/2015,5/29/2015,18:19:06,7,32,AH0,253,35.4624,Day,F,L,A,MYSE
151.909,8443,6/3/2015,5/25/2015,18:19:08,7,31.3,AH0,255,34.5200901,Day,F,L,A,MYSE
151.909,8443,6/3/2015,5/29/2015,18:19:08,7,32,AH0,254,35.4624,Day,F,L,A,MYSE
151.909,8443,6/3/2015,5/30/2015,18:19:08,7,33.7,AH0,254,37.2983949,Day,F,L,A,MYSE
151.909,8443,6/3/2015,5/30/2015,18:19:09,7,33.7,AH0,254,37.2983949,Day,F,L,A,MYSE
151.909,8443,6/3/2015,5/25/2015,18:19:10,7,31.3,AH0,255,34.5200901,Day,F,L,A,MYSE
151.909,8443,6/3/2015,5/29/2015,18:19:10,7,32,AH0,253,35.4624,Day,F,L,A,MYSE
151.909,8443,6/3/2015,5/24/2015,18:19:11,7,31.4,AH0,255,34.6618152,Day,F,L,A,MYSE
151.909,8443,6/3/2015,5/29/2015,18:19:11,7,32.1,AH0,252,35.5877213,Day,F,L,A,MYSE
151.909,8443,6/3/2015,5/30/2015,18:19:11,7,33.7,AH0,254,37.2983949,Day,F,L,A,MYSE
151.909,8443,6/3/2015,5/25/2015,18:19:12,7,31.3,AH0,255,34.5200901,Day,F,L,A,MYSE
151.909,8443,6/3/2015,5/24/2015,18:19:13,7,31.3,AH0,255,34.5200901,Day,F,L,A,MYSE
151.909,8443,6/3/2015,5/29/2015,18:19:13,7,32,AH0,253,35.4624,Day,F,L,A,MYSE
151.909,8443,6/3/2015,5/30/2015,18:19:13,7,33.7,AH0,253,37.2983949,Day,F,L,A,MYSE
151.909,8443,6/3/2015,5/24/2015,18:19:15,7,31.3,AH0,255,34.5200901,Day,F,L,A,MYSE
151.909,8443,6/3/2015,5/30/2015,18:19:15,7,33.7,AH0,254,37.2983949,Day,F,L,A,MYSE
151.909,8443,6/3/2015,5/24/2015,18:19:17,7,31.3,AH0,255,34.5200901,Day,F,L,A,MYSE
151.909,8443,6/3/2015,5/26/2015,18:19:17,7,31,AH0,206,34.0803,Day,F,L,A,MYSE
151.909,8443,6/3/2015,5/24/2015,18:19:19,7,31.3,AH0,255,34.5200901,Day,F,L,A,MYSE
151.909,8443,6/3/2015,5/26/2015,18:19:19,7,31,AH0,205,34.0803,Day,F,L,A,MYSE
151.909,8443,6/3/2015,5/26/2015,18:19:21,7,31,AH0,209,34.0803,Day,F,L,A,MYSE
151.909,8443,6/3/2015,5/26/2015,18:19:22,7,31,AH0,206,34.0803,Day,F,L,A,MYSE
151.909,8443,6/3/2015,5/26/2015,18:19:24,7,31,AH0,208,34.0803,Day,F,L,A,MYSE
151.909,8443,6/3/2015,5/25/2015,18:19:26,7,31.3,AH0,255,34.5200901,Day,F,L,A,MYSE
151.909,8443,6/3/2015,5/29/2015,18:19:26,7,32,AH0,253,35.4624,Day,F,L,A,MYSE
151.909,8443,6/3/2015,5/25/2015,18:19:27,7,31.3,AH0,255,34.5200901,Day,F,L,A,MYSE
151.909,8443,6/3/2015,5/30/2015,18:19:27,7,33.7,AH0,254,37.2983949,Day,F,L,A,MYSE
151.909,8443,6/3/2015,5/29/2015,18:19:28,7,32,AH0,254,35.4624,Day,F,L,A,MYSE
151.909,8443,6/3/2015,5/25/2015,18:19:29,7,31.3,AH0,254,34.5200901,Day,F,L,A,MYSE
151.909,8443,6/3/2015,5/30/2015,18:19:29,7,33.7,AH0,252,37.2983949,Day,F,L,A,MYSE
151.909,8443,6/3/2015,5/29/2015,18:19:30,7,32,AH0,255,35.4624,Day,F,L,A,MYSE
151.909,8443,6/3/2015,5/25/2015,18:19:31,7,31.3,AH0,255,34.5200901,Day,F,L,A,MYSE
151.909,8443,6/3/2015,5/30/2015,18:19:31,7,33.7,AH0,254,37.2983949,Day,F,L,A,MYSE
151.909,8443,6/3/2015,5/29/2015,18:19:32,7,32,AH0,254,35.4624,Day,F,L,A,MYSE
151.909,8443,6/3/2015,5/24/2015,18:19:33,7,31.3,AH0,255,34.5200901,Day,F,L,A,MYSE
151.909,8443,6/3/2015,5/25/2015,18:19:33,7,31.3,AH0,255,34.5200901,Day,F,L,A,MYSE
151.909,8443,6/3/2015,5/30/2015,18:19:33,7,33.7,AH0,254,37.2983949,Day,F,L,A,MYSE
151.909,8443,6/3/2015,5/24/2015,18:19:34,7,31.3,AH0,254,34.5200901,Day,F,L,A,MYSE
151.909,8443,6/3/2015,5/30/2015,18:19:34,7,33.7,AH0,253,37.2983949,Day,F,L,A,MYSE
151.909,8443,6/3/2015,5/24/2015,18:19:36,7,31.3,AH0,254,34.5200901,Day,F,L,A,MYSE
151.909,8443,6/3/2015,5/24/2015,18:19:38,7,31.3,AH0,255,34.5200901,Day,F,L,A,MYSE
151.909,8443,6/3/2015,5/26/2015,18:19:38,7,31,AH0,207,34.0803,Day,F,L,A,MYSE
151.909,8443,6/3/2015,5/26/2015,18:19:40,7,31.1,AH0,207,34.2293523,Day,F,L,A,MYSE
151.909,8443,6/3/2015,5/26/2015,18:19:42,7,31.1,AH0,209,34.2293523,Day,F,L,A,MYSE
151.909,8443,6/3/2015,5/26/2015,18:19:44,7,31.1,AH0,209,34.2293523,Day,F,L,A,MYSE
151.909,8443,6/3/2015,5/25/2015,18:19:47,7,31.3,AH0,254,34.5200901,Day,F,L,A,MYSE
151.909,8443,6/3/2015,5/29/2015,18:19:47,7,32,AH0,254,35.4624,Day,F,L,A,MYSE
151.909,8443,6/3/2015,5/25/2015,18:19:49,7,31.3,AH0,253,34.5200901,Day,F,L,A,MYSE
151.909,8443,6/3/2015,5/29/2015,18:19:49,7,32,AH0,254,35.4624,Day,F,L,A,MYSE
151.909,8443,6/3/2015,5/30/2015,18:19:49,7,33.7,AH0,254,37.2983949,Day,F,L,A,MYSE
151.909,8443,6/3/2015,5/25/2015,18:19:50,7,31.3,AH0,254,34.5200901,Day,F,L,A,MYSE
151.909,8443,6/3/2015,5/30/2015,18:19:50,7,33.7,AH0,253,37.2983949,Day,F,L,A,MYSE
151.909,8443,6/3/2015,5/29/2015,18:19:51,7,32,AH0,253,35.4624,Day,F,L,A,MYSE
151.909,8443,6/3/2015,5/24/2015,18:19:52,7,31.2,AH0,255,34.3759424,Day,F,L,A,MYSE
151.909,8443,6/3/2015,5/25/2015,18:19:52,7,31.3,AH0,254,34.5200901,Day,F,L,A,MYSE
151.909,8443,6/3/2015,5/30/2015,18:19:52,7,33.7,AH0,255,37.2983949,Day,F,L,A,MYSE
151.909,8443,6/3/2015,5/29/2015,18:19:53,7,32,AH0,254,35.4624,Day,F,L,A,MYSE
151.909,8443,6/3/2015,5/24/2015,18:19:54,7,31.2,AH0,255,34.3759424,Day,F,L,A,MYSE
151.909,8443,6/3/2015,5/30/2015,18:19:54,7,33.7,AH0,254,37.2983949,Day,F,L,A,MYSE
151.909,8443,6/3/2015,5/24/2015,18:19:56,7,31.2,AH0,255,34.3759424,Day,F,L,A,MYSE
151.909,8443,6/3/2015,5/26/2015,18:19:57,7,31.1,AH0,208,34.2293523,Day,F,L,A,MYSE
151.909,8443,6/3/2015,5/24/2015,18:19:58,7,31.2,AH0,254,34.3759424,Day,F,L,A,MYSE
151.909,8443,6/3/2015,5/24/2015,18:19:59,7,31.2,AH0,255,34.3759424,Day,F,L,A,MYSE
151.909,8443,6/3/2015,5/26/2015,18:19:59,7,31.1,AH0,207,34.2293523,Day,F,L,A,MYSE
151.909,8443,6/3/2015,5/26/2015,18:20:01,7,31.1,AH0,208,34.2293523,Day,F,L,A,MYSE
151.909,8443,6/3/2015,5/26/2015,18:20:03,7,31.1,AH0,208,34.2293523,Day,F,L,A,MYSE
151.909,8443,6/3/2015,5/25/2015,18:20:06,7,31.3,AH0,255,34.5200901,Day,F,L,A,MYSE
151.909,8443,6/3/2015,5/29/2015,18:20:06,7,32,AH0,254,35.4624,Day,F,L,A,MYSE
151.909,8443,6/3/2015,5/25/2015,18:20:08,7,31.3,AH0,255,34.5200901,Day,F,L,A,MYSE
151.909,8443,6/3/2015,5/29/2015,18:20:08,7,32,AH0,254,35.4624,Day,F,L,A,MYSE
151.909,8443,6/3/2015,5/30/2015,18:20:08,7,33.7,AH0,254,37.2983949,Day,F,L,A,MYSE
151.909,8443,6/3/2015,5/25/2015,18:20:10,7,31.3,AH0,255,34.5200901,Day,F,L,A,MYSE
151.909,8443,6/3/2015,5/29/2015,18:20:10,7,32,AH0,254,35.4624,Day,F,L,A,MYSE
151.909,8443,6/3/2015,5/30/2015,18:20:10,7,33.7,AH0,254,37.2983949,Day,F,L,A,MYSE
151.909,8443,6/3/2015,5/29/2015,18:20:11,7,32,AH0,254,35.4624,Day,F,L,A,MYSE
151.909,8443,6/3/2015,5/25/2015,18:20:12,7,31.3,AH0,255,34.5200901,Day,F,L,A,MYSE
151.909,8443,6/3/2015,5/30/2015,18:20:12,7,33.7,AH0,253,37.2983949,Day,F,L,A,MYSE
151.909,8443,6/3/2015,5/24/2015,18:20:13,7,31.2,AH0,255,34.3759424,Day,F,L,A,MYSE
151.909,8443,6/3/2015,5/25/2015,18:20:13,7,31.3,AH0,254,34.5200901,Day,F,L,A,MYSE
151.909,8443,6/3/2015,5/29/2015,18:20:13,7,32,AH0,251,35.4624,Day,F,L,A,MYSE
151.909,8443,6/3/2015,5/30/2015,18:20:14,7,33.7,AH0,253,37.2983949,Day,F,L,A,MYSE
151.909,8443,6/3/2015,5/24/2015,18:20:15,7,31.2,AH0,254,34.3759424,Day,F,L,A,MYSE
151.909,8443,6/3/2015,5/24/2015,18:20:17,7,31.3,AH0,255,34.5200901,Day,F,L,A,MYSE
151.909,8443,6/3/2015,5/26/2015,18:20:17,7,31.1,AH0,205,34.2293523,Day,F,L,A,MYSE
151.909,8443,6/3/2015,5/26/2015,18:20:18,7,31.1,AH0,209,34.2293523,Day,F,L,A,MYSE
151.909,8443,6/3/2015,5/24/2015,18:20:19,7,31.3,AH0,255,34.5200901,Day,F,L,A,MYSE
151.909,8443,6/3/2015,5/26/2015,18:20:20,7,31.1,AH0,209,34.2293523,Day,F,L,A,MYSE
151.909,8443,6/3/2015,5/26/2015,18:20:22,7,31.1,AH0,207,34.2293523,Day,F,L,A,MYSE
151.909,8443,6/3/2015,5/26/2015,18:20:24,7,31.1,AH0,208,34.2293523,Day,F,L,A,MYSE
151.909,8443,6/3/2015,5/29/2015,18:20:26,7,32.1,AH0,254,35.5877213,Day,F,L,A,MYSE
151.909,8443,6/3/2015,5/25/2015,18:20:27,7,31.3,AH0,255,34.5200901,Day,F,L,A,MYSE
151.909,8443,6/3/2015,5/29/2015,18:20:28,7,32.1,AH0,254,35.5877213,Day,F,L,A,MYSE
151.909,8443,6/3/2015,5/30/2015,18:20:28,7,33.7,AH0,254,37.2983949,Day,F,L,A,MYSE
151.909,8443,6/3/2015,5/25/2015,18:20:29,7,31.3,AH0,254,34.5200901,Day,F,L,A,MYSE
151.909,8443,6/3/2015,5/29/2015,18:20:30,7,32.1,AH0,255,35.5877213,Day,F,L,A,MYSE
151.909,8443,6/3/2015,5/30/2015,18:20:30,7,33.7,AH0,253,37.2983949,Day,F,L,A,MYSE
151.909,8443,6/3/2015,5/25/2015,18:20:31,7,31.3,AH0,254,34.5200901,Day,F,L,A,MYSE
151.909,8443,6/3/2015,5/30/2015,18:20:31,7,33.7,AH0,254,37.2983949,Day,F,L,A,MYSE
151.909,8443,6/3/2015,5/24/2015,18:20:32,7,31.3,AH0,255,34.5200901,Day,F,L,A,MYSE
151.909,8443,6/3/2015,5/29/2015,18:20:32,7,32.1,AH0,254,35.5877213,Day,F,L,A,MYSE
151.909,8443,6/3/2015,5/25/2015,18:20:33,7,31.3,AH0,255,34.5200901,Day,F,L,A,MYSE
151.909,8443,6/3/2015,5/30/2015,18:20:33,7,33.7,AH0,254,37.2983949,Day,F,L,A,MYSE
151.909,8443,6/3/2015,5/24/2015,18:20:34,7,31.3,AH0,255,34.5200901,Day,F,L,A,MYSE
151.909,8443,6/3/2015,5/30/2015,18:20:35,7,33.7,AH0,254,37.2983949,Day,F,L,A,MYSE
151.909,8443,6/3/2015,5/24/2015,18:20:36,7,31.3,AH0,255,34.5200901,Day,F,L,A,MYSE
151.909,8443,6/3/2015,5/24/2015,18:20:38,7,31.3,AH0,255,34.5200901,Day,F,L,A,MYSE
151.909,8443,6/3/2015,5/26/2015,18:20:38,7,31.1,AH0,208,34.2293523,Day,F,L,A,MYSE
151.909,8443,6/3/2015,5/26/2015,18:20:40,7,31.1,AH0,205,34.2293523,Day,F,L,A,MYSE
151.909,8443,6/3/2015,5/26/2015,18:20:42,7,31.1,AH0,207,34.2293523,Day,F,L,A,MYSE
151.909,8443,6/3/2015,5/26/2015,18:20:44,7,31.1,AH0,200,34.2293523,Day,F,L,A,MYSE
151.909,8443,6/3/2015,5/25/2015,18:20:46,7,31.3,AH0,255,34.5200901,Day,F,L,A,MYSE
151.909,8443,6/3/2015,5/29/2015,18:20:47,7,32.2,AH0,254,35.7107784,Day,F,L,A,MYSE
151.909,8443,6/3/2015,5/30/2015,18:20:47,7,33.7,AH0,254,37.2983949,Day,F,L,A,MYSE
151.909,8443,6/3/2015,5/25/2015,18:20:48,7,31.3,AH0,255,34.5200901,Day,F,L,A,MYSE
151.909,8443,6/3/2015,5/29/2015,18:20:49,7,32.2,AH0,254,35.7107784,Day,F,L,A,MYSE
151.909,8443,6/3/2015,5/30/2015,18:20:49,7,33.7,AH0,253,37.2983949,Day,F,L,A,MYSE
151.909,8443,6/3/2015,5/25/2015,18:20:50,7,31.3,AH0,255,34.5200901,Day,F,L,A,MYSE
151.909,8443,6/3/2015,5/29/2015,18:20:51,7,32.2,AH0,254,35.7107784,Day,F,L,A,MYSE
151.909,8443,6/3/2015,5/30/2015,18:20:51,7,33.7,AH0,252,37.2983949,Day,F,L,A,MYSE
151.909,8443,6/3/2015,5/25/2015,18:20:52,7,31.3,AH0,255,34.5200901,Day,F,L,A,MYSE
151.909,8443,6/3/2015,5/24/2015,18:20:53,7,31.3,AH0,255,34.5200901,Day,F,L,A,MYSE
151.909,8443,6/3/2015,5/29/2015,18:20:53,7,32.2,AH0,253,35.7107784,Day,F,L,A,MYSE
151.909,8443,6/3/2015,5/30/2015,18:20:53,7,33.7,AH0,254,37.2983949,Day,F,L,A,MYSE
151.909,8443,6/3/2015,5/30/2015,18:20:54,7,33.7,AH0,254,37.2983949,Day,F,L,A,MYSE
151.909,8443,6/3/2015,5/24/2015,18:20:55,7,31.3,AH0,255,34.5200901,Day,F,L,A,MYSE
151.909,8443,6/3/2015,5/24/2015,18:20:57,7,31.3,AH0,255,34.5200901,Day,F,L,A,MYSE
151.909,8443,6/3/2015,5/26/2015,18:20:57,7,31.1,AH0,200,34.2293523,Day,F,L,A,MYSE
151.909,8443,6/3/2015,5/24/2015,18:20:59,7,31.3,AH0,254,34.5200901,Day,F,L,A,MYSE
151.909,8443,6/3/2015,5/26/2015,18:20:59,7,31.1,AH0,200,34.2293523,Day,F,L,A,MYSE
151.909,8443,6/3/2015,5/26/2015,18:21:01,7,31.1,AH0,204,34.2293523,Day,F,L,A,MYSE
151.909,8443,6/3/2015,5/26/2015,18:21:03,7,31.1,AH0,201,34.2293523,Day,F,L,A,MYSE
151.909,8443,6/3/2015,5/25/2015,18:21:07,7,31.3,AH0,255,34.5200901,Day,F,L,A,MYSE
151.909,8443,6/3/2015,5/29/2015,18:21:07,7,32.3,AH0,254,35.8315911,Day,F,L,A,MYSE
151.909,8443,6/3/2015,5/25/2015,18:21:09,7,31.3,AH0,255,34.5200901,Day,F,L,A,MYSE
151.909,8443,6/3/2015,5/29/2015,18:21:09,7,32.3,AH0,254,35.8315911,Day,F,L,A,MYSE
151.909,8443,6/3/2015,5/30/2015,18:21:09,7,33.7,AH0,253,37.2983949,Day,F,L,A,MYSE
151.909,8443,6/3/2015,5/25/2015,18:21:11,7,31.3,AH0,255,34.5200901,Day,F,L,A,MYSE
151.909,8443,6/3/2015,5/29/2015,18:21:11,7,32.3,AH0,254,35.8315911,Day,F,L,A,MYSE
151.909,8443,6/3/2015,5/30/2015,18:21:11,7,33.7,AH0,253,37.2983949,Day,F,L,A,MYSE
151.909,8443,6/3/2015,5/24/2015,18:21:12,7,31.3,AH0,255,34.5200901,Day,F,L,A,MYSE
151.909,8443,6/3/2015,5/30/2015,18:21:12,7,33.7,AH0,254,37.2983949,Day,F,L,A,MYSE
151.909,8443,6/3/2015,5/25/2015,18:21:13,7,31.3,AH0,254,34.5200901,Day,F,L,A,MYSE
151.909,8443,6/3/2015,5/29/2015,18:21:13,7,32.3,AH0,255,35.8315911,Day,F,L,A,MYSE
151.909,8443,6/3/2015,5/24/2015,18:21:14,7,31.3,AH0,253,34.5200901,Day,F,L,A,MYSE
151.909,8443,6/3/2015,5/30/2015,18:21:14,7,33.7,AH0,254,37.2983949,Day,F,L,A,MYSE
151.909,8443,6/3/2015,5/24/2015,18:21:16,7,31.3,AH0,255,34.5200901,Day,F,L,A,MYSE
151.909,8443,6/3/2015,5/24/2015,18:21:18,7,31.3,AH0,255,34.5200901,Day,F,L,A,MYSE
151.909,8443,6/3/2015,5/26/2015,18:21:18,7,31.2,AH0,200,34.3759424,Day,F,L,A,MYSE
151.909,8443,6/3/2015,5/26/2015,18:21:20,7,31.2,AH0,203,34.3759424,Day,F,L,A,MYSE
151.909,8443,6/3/2015,5/26/2015,18:21:22,7,31.2,AH0,204,34.3759424,Day,F,L,A,MYSE
151.909,8443,6/3/2015,5/26/2015,18:21:24,7,31.2,AH0,206,34.3759424,Day,F,L,A,MYSE
151.909,8443,6/3/2015,5/29/2015,18:21:26,7,32.3,AH0,254,35.8315911,Day,F,L,A,MYSE
151.909,8443,6/3/2015,5/25/2015,18:21:27,7,31.3,AH0,255,34.5200901,Day,F,L,A,MYSE
151.909,8443,6/3/2015,5/29/2015,18:21:28,7,32.3,AH0,255,35.8315911,Day,F,L,A,MYSE
151.909,8443,6/3/2015,5/30/2015,18:21:28,7,33.7,AH0,254,37.2983949,Day,F,L,A,MYSE
151.909,8443,6/3/2015,5/25/2015,18:21:29,7,31.3,AH0,254,34.5200901,Day,F,L,A,MYSE
151.909,8443,6/3/2015,5/29/2015,18:21:30,7,32.3,AH0,255,35.8315911,Day,F,L,A,MYSE
151.909,8443,6/3/2015,5/30/2015,18:21:30,7,33.7,AH0,254,37.2983949,Day,F,L,A,MYSE
151.909,8443,6/3/2015,5/25/2015,18:21:31,7,31.3,AH0,254,34.5200901,Day,F,L,A,MYSE
151.909,8443,6/3/2015,5/24/2015,18:21:32,7,31.3,AH0,255,34.5200901,Day,F,L,A,MYSE
151.909,8443,6/3/2015,5/29/2015,18:21:32,7,32.3,AH0,254,35.8315911,Day,F,L,A,MYSE
151.909,8443,6/3/2015,5/30/2015,18:21:32,7,33.7,AH0,253,37.2983949,Day,F,L,A,MYSE
151.909,8443,6/3/2015,5/25/2015,18:21:33,7,31.3,AH0,255,34.5200901,Day,F,L,A,MYSE
151.909,8443,6/3/2015,5/24/2015,18:21:34,7,31.3,AH0,254,34.5200901,Day,F,L,A,MYSE
151.909,8443,6/3/2015,5/29/2015,18:21:34,7,32.3,AH0,254,35.8315911,Day,F,L,A,MYSE
151.909,8443,6/3/2015,5/30/2015,18:21:34,7,33.7,AH0,254,37.2983949,Day,F,L,A,MYSE
151.909,8443,6/3/2015,5/24/2015,18:21:35,7,31.3,AH0,255,34.5200901,Day,F,L,A,MYSE
151.909,8443,6/3/2015,5/24/2015,18:21:37,7,31.3,AH0,255,34.5200901,Day,F,L,A,MYSE
151.909,8443,6/3/2015,5/26/2015,18:21:38,7,31.2,AH0,205,34.3759424,Day,F,L,A,MYSE
151.909,8443,6/3/2015,5/24/2015,18:21:39,7,31.3,AH0,255,34.5200901,Day,F,L,A,MYSE
151.909,8443,6/3/2015,5/26/2015,18:21:39,7,31.2,AH0,202,34.3759424,Day,F,L,A,MYSE
151.909,8443,6/3/2015,5/26/2015,18:21:41,7,31.2,AH0,203,34.3759424,Day,F,L,A,MYSE
151.909,8443,6/3/2015,5/26/2015,18:21:43,7,31.2,AH0,206,34.3759424,Day,F,L,A,MYSE
151.909,8443,6/3/2015,5/25/2015,18:21:46,7,31.4,AH0,254,34.6618152,Day,F,L,A,MYSE
151.909,8443,6/3/2015,5/29/2015,18:21:47,7,32.3,AH0,254,35.8315911,Day,F,L,A,MYSE
151.909,8443,6/3/2015,5/25/2015,18:21:48,7,31.3,AH0,255,34.5200901,Day,F,L,A,MYSE
151.909,8443,6/3/2015,5/29/2015,18:21:48,7,32.3,AH0,255,35.8315911,Day,F,L,A,MYSE
151.909,8443,6/3/2015,5/30/2015,18:21:48,7,33.7,AH0,254,37.2983949,Day,F,L,A,MYSE
151.909,8443,6/3/2015,5/25/2015,18:21:50,7,31.3,AH0,255,34.5200901,Day,F,L,A,MYSE
151.909,8443,6/3/2015,5/29/2015,18:21:50,7,32.3,AH0,253,35.8315911,Day,F,L,A,MYSE
151.909,8443,6/3/2015,5/30/2015,18:21:50,7,33.7,AH0,254,37.2983949,Day,F,L,A,MYSE
151.909,8443,6/3/2015,5/30/2015,18:21:51,7,33.7,AH0,254,37.2983949,Day,F,L,A,MYSE
151.909,8443,6/3/2015,5/25/2015,18:21:52,7,31.3,AH0,255,34.5200901,Day,F,L,A,MYSE
151.909,8443,6/3/2015,5/29/2015,18:21:52,7,32.3,AH0,253,35.8315911,Day,F,L,A,MYSE
151.909,8443,6/3/2015,5/24/2015,18:21:53,7,31.3,AH0,255,34.5200901,Day,F,L,A,MYSE
151.909,8443,6/3/2015,5/30/2015,18:21:53,7,33.7,AH0,254,37.2983949,Day,F,L,A,MYSE
151.909,8443,6/3/2015,5/25/2015,18:21:54,7,31.3,AH0,255,34.5200901,Day,F,L,A,MYSE
151.909,8443,6/3/2015,5/24/2015,18:21:55,7,31.3,AH0,255,34.5200901,Day,F,L,A,MYSE
151.909,8443,6/3/2015,5/30/2015,18:21:55,7,33.7,AH0,255,37.2983949,Day,F,L,A,MYSE
151.909,8443,6/3/2015,5/24/2015,18:21:57,7,31.3,AH0,255,34.5200901,Day,F,L,A,MYSE
151.909,8443,6/3/2015,5/26/2015,18:21:57,7,31.2,AH0,201,34.3759424,Day,F,L,A,MYSE
151.909,8443,6/3/2015,5/24/2015,18:21:58,7,31.3,AH0,255,34.5200901,Day,F,L,A,MYSE
151.909,8443,6/3/2015,5/26/2015,18:21:59,7,31.2,AH0,201,34.3759424,Day,F,L,A,MYSE
151.909,8443,6/3/2015,5/26/2015,18:22:01,7,31.2,AH0,198,34.3759424,Day,F,L,A,MYSE
151.909,8443,6/3/2015,5/26/2015,18:22:03,7,31.2,AH0,201,34.3759424,Day,F,L,A,MYSE
151.909,8443,6/3/2015,5/26/2015,18:22:04,7,31.2,AH0,197,34.3759424,Day,F,L,A,MYSE
151.909,8443,6/3/2015,5/25/2015,18:22:07,7,31.3,AH0,255,34.5200901,Day,F,L,A,MYSE
151.909,8443,6/3/2015,5/29/2015,18:22:07,7,32.3,AH0,254,35.8315911,Day,F,L,A,MYSE
151.909,8443,6/3/2015,5/30/2015,18:22:08,7,33.7,AH0,254,37.2983949,Day,F,L,A,MYSE
151.909,8443,6/3/2015,5/25/2015,18:22:09,7,31.3,AH0,254,34.5200901,Day,F,L,A,MYSE
151.909,8443,6/3/2015,5/29/2015,18:22:09,7,32.3,AH0,254,35.8315911,Day,F,L,A,MYSE
151.909,8443,6/3/2015,5/30/2015,18:22:09,7,33.7,AH0,253,37.2983949,Day,F,L,A,MYSE
151.909,8443,6/3/2015,5/25/2015,18:22:11,7,31.3,AH0,254,34.5200901,Day,F,L,A,MYSE
151.909,8443,6/3/2015,5/29/2015,18:22:11,7,32.3,AH0,253,35.8315911,Day,F,L,A,MYSE
151.909,8443,6/3/2015,5/30/2015,18:22:11,7,33.7,AH0,253,37.2983949,Day,F,L,A,MYSE
151.909,8443,6/3/2015,5/24/2015,18:22:12,7,31.3,AH0,255,34.5200901,Day,F,L,A,MYSE
151.909,8443,6/3/2015,5/25/2015,18:22:13,7,31.3,AH0,254,34.5200901,Day,F,L,A,MYSE
151.909,8443,6/3/2015,5/29/2015,18:22:13,7,32.3,AH0,254,35.8315911,Day,F,L,A,MYSE
151.909,8443,6/3/2015,5/30/2015,18:22:13,7,33.7,AH0,254,37.2983949,Day,F,L,A,MYSE
151.909,8443,6/3/2015,5/24/2015,18:22:14,7,31.3,AH0,255,34.5200901,Day,F,L,A,MYSE
151.909,8443,6/3/2015,5/30/2015,18:22:15,7,33.7,AH0,254,37.2983949,Day,F,L,A,MYSE
151.909,8443,6/3/2015,5/24/2015,18:22:16,7,31.3,AH0,255,34.5200901,Day,F,L,A,MYSE
151.909,8443,6/3/2015,5/24/2015,18:22:18,7,31.3,AH0,255,34.5200901,Day,F,L,A,MYSE
151.909,8443,6/3/2015,5/26/2015,18:22:18,7,31.2,AH0,196,34.3759424,Day,F,L,A,MYSE
151.909,8443,6/3/2015,5/26/2015,18:22:20,7,31.2,AH0,194,34.3759424,Day,F,L,A,MYSE
151.909,8443,6/3/2015,5/26/2015,18:22:22,7,31.2,AH0,196,34.3759424,Day,F,L,A,MYSE
151.909,8443,6/3/2015,5/26/2015,18:22:24,7,31.2,AH0,195,34.3759424,Day,F,L,A,MYSE
151.909,8443,6/3/2015,5/25/2015,18:22:27,7,31.3,AH0,255,34.5200901,Day,F,L,A,MYSE
151.909,8443,6/3/2015,5/29/2015,18:22:27,7,32.4,AH0,252,35.9501792,Day,F,L,A,MYSE
151.909,8443,6/3/2015,5/30/2015,18:22:27,7,33.7,AH0,254,37.2983949,Day,F,L,A,MYSE
151.909,8443,6/3/2015,5/25/2015,18:22:29,7,31.3,AH0,255,34.5200901,Day,F,L,A,MYSE
151.909,8443,6/3/2015,5/29/2015,18:22:29,7,32.4,AH0,254,35.9501792,Day,F,L,A,MYSE
151.909,8443,6/3/2015,5/30/2015,18:22:29,7,33.7,AH0,255,37.2983949,Day,F,L,A,MYSE
151.909,8443,6/3/2015,5/25/2015,18:22:31,7,31.3,AH0,254,34.5200901,Day,F,L,A,MYSE
151.909,8443,6/3/2015,5/29/2015,18:22:31,7,32.4,AH0,253,35.9501792,Day,F,L,A,MYSE
151.909,8443,6/3/2015,5/30/2015,18:22:31,7,33.7,AH0,254,37.2983949,Day,F,L,A,MYSE
151.909,8443,6/3/2015,5/25/2015,18:22:32,7,31.3,AH0,254,34.5200901,Day,F,L,A,MYSE
151.909,8443,6/3/2015,5/30/2015,18:22:32,7,33.7,AH0,253,37.2983949,Day,F,L,A,MYSE
151.909,8443,6/3/2015,5/24/2015,18:22:33,7,31.3,AH0,255,34.5200901,Day,F,L,A,MYSE
151.909,8443,6/3/2015,5/29/2015,18:22:33,7,32.4,AH0,253,35.9501792,Day,F,L,A,MYSE
151.909,8443,6/3/2015,5/25/2015,18:22:34,7,31.3,AH0,254,34.5200901,Day,F,L,A,MYSE
151.909,8443,6/3/2015,5/30/2015,18:22:34,7,33.7,AH0,253,37.2983949,Day,F,L,A,MYSE
151.909,8443,6/3/2015,5/24/2015,18:22:35,7,31.4,AH0,255,34.6618152,Day,F,L,A,MYSE
151.909,8443,6/3/2015,5/24/2015,18:22:37,7,31.3,AH0,255,34.5200901,Day,F,L,A,MYSE
151.909,8443,6/3/2015,5/26/2015,18:22:37,7,31.2,AH0,199,34.3759424,Day,F,L,A,MYSE
151.909,8443,6/3/2015,5/24/2015,18:22:39,7,31.3,AH0,255,34.5200901,Day,F,L,A,MYSE
151.909,8443,6/3/2015,5/26/2015,18:22:39,7,31.2,AH0,199,34.3759424,Day,F,L,A,MYSE
151.909,8443,6/3/2015,5/26/2015,18:22:41,7,31.2,AH0,199,34.3759424,Day,F,L,A,MYSE
151.909,8443,6/3/2015,5/26/2015,18:22:43,7,31.3,AH0,197,34.5200901,Day,F,L,A,MYSE
151.909,8443,6/3/2015,5/29/2015,18:22:46,7,32.4,AH0,254,35.9501792,Day,F,L,A,MYSE
151.909,8443,6/3/2015,5/25/2015,18:22:48,7,31.3,AH0,255,34.5200901,Day,F,L,A,MYSE
151.909,8443,6/3/2015,5/29/2015,18:22:48,7,32.4,AH0,254,35.9501792,Day,F,L,A,MYSE
151.909,8443,6/3/2015,5/30/2015,18:22:48,7,33.7,AH0,253,37.2983949,Day,F,L,A,MYSE
151.909,8443,6/3/2015,5/25/2015,18:22:50,7,31.3,AH0,254,34.5200901,Day,F,L,A,MYSE
151.909,8443,6/3/2015,5/29/2015,18:22:50,7,32.4,AH0,254,35.9501792,Day,F,L,A,MYSE
151.909,8443,6/3/2015,5/30/2015,18:22:50,7,33.7,AH0,253,37.2983949,Day,F,L,A,MYSE
151.909,8443,6/3/2015,5/29/2015,18:22:51,7,32.4,AH0,254,35.9501792,Day,F,L,A,MYSE
151.909,8443,6/3/2015,5/24/2015,18:22:52,7,31.3,AH0,254,34.5200901,Day,F,L,A,MYSE
151.909,8443,6/3/2015,5/25/2015,18:22:52,7,31.3,AH0,254,34.5200901,Day,F,L,A,MYSE
151.909,8443,6/3/2015,5/30/2015,18:22:52,7,33.7,AH0,253,37.2983949,Day,F,L,A,MYSE
151.909,8443,6/3/2015,5/29/2015,18:22:53,7,32.4,AH0,253,35.9501792,Day,F,L,A,MYSE
151.909,8443,6/3/2015,5/24/2015,18:22:54,7,31.3,AH0,254,34.5200901,Day,F,L,A,MYSE
151.909,8443,6/3/2015,5/25/2015,18:22:54,7,31.3,AH0,255,34.5200901,Day,F,L,A,MYSE
151.909,8443,6/3/2015,5/30/2015,18:22:54,7,33.7,AH0,254,37.2983949,Day,F,L,A,MYSE
151.909,8443,6/3/2015,5/24/2015,18:22:56,7,31.3,AH0,254,34.5200901,Day,F,L,A,MYSE
151.909,8443,6/3/2015,5/24/2015,18:22:58,7,31.4,AH0,255,34.6618152,Day,F,L,A,MYSE
151.909,8443,6/3/2015,5/26/2015,18:22:58,7,31.3,AH0,197,34.5200901,Day,F,L,A,MYSE
151.909,8443,6/3/2015,5/26/2015,18:23:00,7,31.3,AH0,195,34.5200901,Day,F,L,A,MYSE
151.909,8443,6/3/2015,5/26/2015,18:23:02,7,31.3,AH0,196,34.5200901,Day,F,L,A,MYSE
151.909,8443,6/3/2015,5/26/2015,18:23:04,7,31.3,AH0,198,34.5200901,Day,F,L,A,MYSE
151.909,8443,6/3/2015,5/29/2015,18:23:06,7,32.4,AH0,253,35.9501792,Day,F,L,A,MYSE
151.909,8443,6/3/2015,5/25/2015,18:23:07,7,31.3,AH0,255,34.5200901,Day,F,L,A,MYSE
151.909,8443,6/3/2015,5/29/2015,18:23:08,7,32.4,AH0,253,35.9501792,Day,F,L,A,MYSE
151.909,8443,6/3/2015,5/30/2015,18:23:08,7,33.7,AH0,253,37.2983949,Day,F,L,A,MYSE
151.909,8443,6/3/2015,5/25/2015,18:23:09,7,31.3,AH0,255,34.5200901,Day,F,L,A,MYSE
151.909,8443,6/3/2015,5/29/2015,18:23:10,7,32.4,AH0,252,35.9501792,Day,F,L,A,MYSE
151.909,8443,6/3/2015,5/30/2015,18:23:10,7,33.7,AH0,254,37.2983949,Day,F,L,A,MYSE
151.909,8443,6/3/2015,5/25/2015,18:23:11,7,31.3,AH0,255,34.5200901,Day,F,L,A,MYSE
151.909,8443,6/3/2015,5/29/2015,18:23:12,7,32.4,AH0,253,35.9501792,Day,F,L,A,MYSE
151.909,8443,6/3/2015,5/30/2015,18:23:12,7,33.7,AH0,254,37.2983949,Day,F,L,A,MYSE
151.909,8443,6/3/2015,5/25/2015,18:23:13,7,31.3,AH0,255,34.5200901,Day,F,L,A,MYSE
151.909,8443,6/3/2015,5/30/2015,18:23:13,7,33.7,AH0,254,37.2983949,Day,F,L,A,MYSE
151.909,8443,6/3/2015,5/24/2015,18:23:14,7,31.4,AH0,255,34.6618152,Day,F,L,A,MYSE
151.909,8443,6/3/2015,5/29/2015,18:23:14,7,32.4,AH0,254,35.9501792,Day,F,L,A,MYSE
151.909,8443,6/3/2015,5/30/2015,18:23:15,7,33.7,AH0,253,37.2983949,Day,F,L,A,MYSE
151.909,8443,6/3/2015,5/24/2015,18:23:16,7,31.4,AH0,255,34.6618152,Day,F,L,A,MYSE
151.909,8443,6/3/2015,5/26/2015,18:23:17,7,31.3,AH0,195,34.5200901,Day,F,L,A,MYSE
151.909,8443,6/3/2015,5/24/2015,18:23:18,7,31.4,AH0,254,34.6618152,Day,F,L,A,MYSE
151.909,8443,6/3/2015,5/26/2015,18:23:19,7,31.3,AH0,198,34.5200901,Day,F,L,A,MYSE
151.909,8443,6/3/2015,5/24/2015,18:23:20,7,31.4,AH0,254,34.6618152,Day,F,L,A,MYSE
151.909,8443,6/3/2015,5/26/2015,18:23:21,7,31.3,AH0,198,34.5200901,Day,F,L,A,MYSE
151.909,8443,6/3/2015,5/26/2015,18:23:23,7,31.3,AH0,199,34.5200901,Day,F,L,A,MYSE
151.909,8443,6/3/2015,5/29/2015,18:23:27,7,32.4,AH0,254,35.9501792,Day,F,L,A,MYSE
151.909,8443,6/3/2015,5/25/2015,18:23:28,7,31.3,AH0,255,34.5200901,Day,F,L,A,MYSE
151.909,8443,6/3/2015,5/30/2015,18:23:28,7,33.7,AH0,253,37.2983949,Day,F,L,A,MYSE
151.909,8443,6/3/2015,5/29/2015,18:23:29,7,32.4,AH0,254,35.9501792,Day,F,L,A,MYSE
151.909,8443,6/3/2015,5/30/2015,18:23:29,7,33.7,AH0,253,37.2983949,Day,F,L,A,MYSE
151.909,8443,6/3/2015,5/25/2015,18:23:30,7,31.3,AH0,254,34.5200901,Day,F,L,A,MYSE
151.909,8443,6/3/2015,5/29/2015,18:23:30,7,32.4,AH0,252,35.9501792,Day,F,L,A,MYSE
151.909,8443,6/3/2015,5/30/2015,18:23:31,7,33.7,AH0,253,37.2983949,Day,F,L,A,MYSE
151.909,8443,6/3/2015,5/25/2015,18:23:32,7,31.3,AH0,255,34.5200901,Day,F,L,A,MYSE
151.909,8443,6/3/2015,5/29/2015,18:23:32,7,32.4,AH0,248,35.9501792,Day,F,L,A,MYSE
151.909,8443,6/3/2015,5/24/2015,18:23:33,7,31.4,AH0,254,34.6618152,Day,F,L,A,MYSE
151.909,8443,6/3/2015,5/30/2015,18:23:33,7,33.7,AH0,254,37.2983949,Day,F,L,A,MYSE
151.909,8443,6/3/2015,5/25/2015,18:23:34,7,31.3,AH0,254,34.5200901,Day,F,L,A,MYSE
151.909,8443,6/3/2015,5/24/2015,18:23:35,7,31.4,AH0,254,34.6618152,Day,F,L,A,MYSE
151.909,8443,6/3/2015,5/30/2015,18:23:35,7,33.7,AH0,254,37.2983949,Day,F,L,A,MYSE
151.909,8443,6/3/2015,5/24/2015,18:23:37,7,31.4,AH0,255,34.6618152,Day,F,L,A,MYSE
151.909,8443,6/3/2015,5/26/2015,18:23:37,7,31.3,AH0,200,34.5200901,Day,F,L,A,MYSE
151.909,8443,6/3/2015,5/24/2015,18:23:39,7,31.4,AH0,255,34.6618152,Day,F,L,A,MYSE
151.909,8443,6/3/2015,5/26/2015,18:23:39,7,31.3,AH0,196,34.5200901,Day,F,L,A,MYSE
151.909,8443,6/3/2015,5/26/2015,18:23:40,7,31.3,AH0,196,34.5200901,Day,F,L,A,MYSE
151.909,8443,6/3/2015,5/26/2015,18:23:42,7,31.3,AH0,197,34.5200901,Day,F,L,A,MYSE
151.909,8443,6/3/2015,5/26/2015,18:23:44,7,31.3,AH0,195,34.5200901,Day,F,L,A,MYSE
151.909,8443,6/3/2015,5/25/2015,18:23:47,7,31.3,AH0,255,34.5200901,Day,F,L,A,MYSE
151.909,8443,6/3/2015,5/29/2015,18:23:47,7,32.6,AH0,249,36.1807608,Day,F,L,A,MYSE
151.909,8443,6/3/2015,5/30/2015,18:23:47,7,33.7,AH0,255,37.2983949,Day,F,L,A,MYSE
151.909,8443,6/3/2015,5/25/2015,18:23:49,7,31.3,AH0,255,34.5200901,Day,F,L,A,MYSE
151.909,8443,6/3/2015,5/29/2015,18:23:49,7,32.6,AH0,249,36.1807608,Day,F,L,A,MYSE
151.909,8443,6/3/2015,5/30/2015,18:23:49,7,33.7,AH0,254,37.2983949,Day,F,L,A,MYSE
151.909,8443,6/3/2015,5/25/2015,18:23:51,7,31.3,AH0,255,34.5200901,Day,F,L,A,MYSE
151.909,8443,6/3/2015,5/29/2015,18:23:51,7,32.6,AH0,248,36.1807608,Day,F,L,A,MYSE
151.909,8443,6/3/2015,5/30/2015,18:23:51,7,33.7,AH0,253,37.2983949,Day,F,L,A,MYSE
151.909,8443,6/3/2015,5/24/2015,18:23:52,7,31.6,AH0,255,34.9380768,Day,F,L,A,MYSE
151.909,8443,6/3/2015,5/25/2015,18:23:53,7,31.3,AH0,255,34.5200901,Day,F,L,A,MYSE
151.909,8443,6/3/2015,5/29/2015,18:23:53,7,32.6,AH0,250,36.1807608,Day,F,L,A,MYSE
151.909,8443,6/3/2015,5/30/2015,18:23:53,7,33.7,AH0,253,37.2983949,Day,F,L,A,MYSE
151.909,8443,6/3/2015,5/24/2015,18:23:54,7,31.4,AH0,255,34.6618152,Day,F,L,A,MYSE
151.909,8443,6/3/2015,5/30/2015,18:23:54,7,33.7,AH0,254,37.2983949,Day,F,L,A,MYSE
151.909,8443,6/3/2015,5/24/2015,18:23:56,7,31.4,AH0,255,34.6618152,Day,F,L,A,MYSE
151.909,8443,6/3/2015,5/24/2015,18:23:58,7,31.4,AH0,255,34.6618152,Day,F,L,A,MYSE
151.909,8443,6/3/2015,5/26/2015,18:23:58,7,31.3,AH0,196,34.5200901,Day,F,L,A,MYSE
151.909,8443,6/3/2015,5/24/2015,18:24:00,7,31.4,AH0,255,34.6618152,Day,F,L,A,MYSE
151.909,8443,6/3/2015,5/26/2015,18:24:00,7,31.3,AH0,194,34.5200901,Day,F,L,A,MYSE
151.909,8443,6/3/2015,5/26/2015,18:24:02,7,31.3,AH0,191,34.5200901,Day,F,L,A,MYSE
151.909,8443,6/3/2015,5/26/2015,18:24:03,7,31.3,AH0,193,34.5200901,Day,F,L,A,MYSE
151.909,8443,6/3/2015,5/25/2015,18:24:06,7,31.4,AH0,255,34.6618152,Day,F,L,A,MYSE
151.909,8443,6/3/2015,5/29/2015,18:24:07,7,32.6,AH0,249,36.1807608,Day,F,L,A,MYSE
151.909,8443,6/3/2015,5/25/2015,18:24:08,7,31.3,AH0,255,34.5200901,Day,F,L,A,MYSE
151.909,8443,6/3/2015,5/29/2015,18:24:09,7,32.6,AH0,249,36.1807608,Day,F,L,A,MYSE
151.909,8443,6/3/2015,5/30/2015,18:24:09,7,33.7,AH0,254,37.2983949,Day,F,L,A,MYSE
151.909,8443,6/3/2015,5/25/2015,18:24:10,7,31.3,AH0,255,34.5200901,Day,F,L,A,MYSE
151.909,8443,6/3/2015,5/30/2015,18:24:10,7,33.7,AH0,254,37.2983949,Day,F,L,A,MYSE
151.909,8443,6/3/2015,5/29/2015,18:24:11,7,32.6,AH0,252,36.1807608,Day,F,L,A,MYSE
151.909,8443,6/3/2015,5/25/2015,18:24:12,7,31.3,AH0,254,34.5200901,Day,F,L,A,MYSE
151.909,8443,6/3/2015,5/30/2015,18:24:12,7,33.7,AH0,253,37.2983949,Day,F,L,A,MYSE
151.909,8443,6/3/2015,5/24/2015,18:24:13,7,31.3,AH0,255,34.5200901,Day,F,L,A,MYSE
151.909,8443,6/3/2015,5/29/2015,18:24:13,7,32.6,AH0,250,36.1807608,Day,F,L,A,MYSE
151.909,8443,6/3/2015,5/25/2015,18:24:14,7,31.3,AH0,255,34.5200901,Day,F,L,A,MYSE
151.909,8443,6/3/2015,5/30/2015,18:24:14,7,33.7,AH0,254,37.2983949,Day,F,L,A,MYSE
151.909,8443,6/3/2015,5/24/2015,18:24:15,7,31.3,AH0,255,34.5200901,Day,F,L,A,MYSE
151.909,8443,6/3/2015,5/24/2015,18:24:17,7,31.3,AH0,255,34.5200901,Day,F,L,A,MYSE
151.909,8443,6/3/2015,5/26/2015,18:24:17,7,31.3,AH0,195,34.5200901,Day,F,L,A,MYSE
151.909,8443,6/3/2015,5/24/2015,18:24:19,7,31.3,AH0,254,34.5200901,Day,F,L,A,MYSE
151.909,8443,6/3/2015,5/26/2015,18:24:19,7,31.3,AH0,196,34.5200901,Day,F,L,A,MYSE
151.909,8443,6/3/2015,5/26/2015,18:24:21,7,31.3,AH0,196,34.5200901,Day,F,L,A,MYSE
151.909,8443,6/3/2015,5/26/2015,18:24:23,7,31.3,AH0,205,34.5200901,Day,F,L,A,MYSE
151.909,8443,6/3/2015,5/29/2015,18:24:26,7,32.6,AH0,250,36.1807608,Day,F,L,A,MYSE
151.909,8443,6/3/2015,5/25/2015,18:24:27,7,31.3,AH0,255,34.5200901,Day,F,L,A,MYSE
151.909,8443,6/3/2015,5/29/2015,18:24:28,7,32.6,AH0,251,36.1807608,Day,F,L,A,MYSE
151.909,8443,6/3/2015,5/30/2015,18:24:28,7,33.7,AH0,253,37.2983949,Day,F,L,A,MYSE
151.909,8443,6/3/2015,5/25/2015,18:24:29,7,31.3,AH0,254,34.5200901,Day,F,L,A,MYSE
151.909,8443,6/3/2015,5/29/2015,18:24:29,7,32.6,AH0,248,36.1807608,Day,F,L,A,MYSE
151.909,8443,6/3/2015,5/30/2015,18:24:30,7,33.7,AH0,253,37.2983949,Day,F,L,A,MYSE
151.909,8443,6/3/2015,5/25/2015,18:24:31,7,31.3,AH0,255,34.5200901,Day,F,L,A,MYSE
151.909,8443,6/3/2015,5/29/2015,18:24:31,7,32.6,AH0,249,36.1807608,Day,F,L,A,MYSE
151.909,8443,6/3/2015,5/30/2015,18:24:32,7,33.7,AH0,254,37.2983949,Day,F,L,A,MYSE
151.909,8443,6/3/2015,5/24/2015,18:24:33,7,31.2,AH0,255,34.3759424,Day,F,L,A,MYSE
151.909,8443,6/3/2015,5/25/2015,18:24:33,7,31.3,AH0,254,34.5200901,Day,F,L,A,MYSE
151.909,8443,6/3/2015,5/29/2015,18:24:33,7,32.6,AH0,248,36.1807608,Day,F,L,A,MYSE
151.909,8443,6/3/2015,5/30/2015,18:24:34,7,33.7,AH0,254,37.2983949,Day,F,L,A,MYSE
151.909,8443,6/3/2015,5/24/2015,18:24:35,7,31.2,AH0,255,34.3759424,Day,F,L,A,MYSE
151.909,8443,6/3/2015,5/24/2015,18:24:36,7,31.2,AH0,253,34.3759424,Day,F,L,A,MYSE
151.909,8443,6/3/2015,5/24/2015,18:24:38,7,31.2,AH0,254,34.3759424,Day,F,L,A,MYSE
151.909,8443,6/3/2015,5/26/2015,18:24:38,7,31.4,AH0,206,34.6618152,Day,F,L,A,MYSE
151.909,8443,6/3/2015,5/24/2015,18:24:40,7,31.2,AH0,254,34.3759424,Day,F,L,A,MYSE
151.909,8443,6/3/2015,5/26/2015,18:24:40,7,31.4,AH0,208,34.6618152,Day,F,L,A,MYSE
151.909,8443,6/3/2015,5/26/2015,18:24:42,7,31.4,AH0,206,34.6618152,Day,F,L,A,MYSE
151.909,8443,6/3/2015,5/26/2015,18:24:44,7,31.4,AH0,208,34.6618152,Day,F,L,A,MYSE
151.909,8443,6/3/2015,5/29/2015,18:24:46,7,32.6,AH0,250,36.1807608,Day,F,L,A,MYSE
151.909,8443,6/3/2015,5/25/2015,18:24:47,7,31.3,AH0,254,34.5200901,Day,F,L,A,MYSE
151.909,8443,6/3/2015,5/29/2015,18:24:48,7,32.6,AH0,251,36.1807608,Day,F,L,A,MYSE
151.909,8443,6/3/2015,5/30/2015,18:24:48,7,33.7,AH0,254,37.2983949,Day,F,L,A,MYSE
151.909,8443,6/3/2015,5/25/2015,18:24:49,7,31.3,AH0,254,34.5200901,Day,F,L,A,MYSE
151.909,8443,6/3/2015,5/25/2015,18:24:50,7,31.3,AH0,255,34.5200901,Day,F,L,A,MYSE
151.909,8443,6/3/2015,5/29/2015,18:24:50,7,32.6,AH0,247,36.1807608,Day,F,L,A,MYSE
151.909,8443,6/3/2015,5/30/2015,18:24:50,7,33.7,AH0,254,37.2983949,Day,F,L,A,MYSE
151.909,8443,6/3/2015,5/29/2015,18:24:51,7,32.6,AH0,249,36.1807608,Day,F,L,A,MYSE
151.909,8443,6/3/2015,5/30/2015,18:24:51,7,33.7,AH0,254,37.2983949,Day,F,L,A,MYSE
151.909,8443,6/3/2015,5/25/2015,18:24:52,7,31.3,AH0,254,34.5200901,Day,F,L,A,MYSE
151.909,8443,6/3/2015,5/29/2015,18:24:53,7,32.6,AH0,246,36.1807608,Day,F,L,A,MYSE
151.909,8443,6/3/2015,5/30/2015,18:24:53,7,33.7,AH0,253,37.2983949,Day,F,L,A,MYSE
151.909,8443,6/3/2015,5/24/2015,18:24:54,7,31.1,AH0,255,34.2293523,Day,F,L,A,MYSE
151.909,8443,6/3/2015,5/25/2015,18:24:54,7,31.3,AH0,254,34.5200901,Day,F,L,A,MYSE
151.909,8443,6/3/2015,5/30/2015,18:24:55,7,33.7,AH0,254,37.2983949,Day,F,L,A,MYSE
151.909,8443,6/3/2015,5/24/2015,18:24:56,7,31,AH0,254,34.0803,Day,F,L,A,MYSE
151.909,8443,6/3/2015,5/26/2015,18:24:57,7,31.4,AH0,203,34.6618152,Day,F,L,A,MYSE
151.909,8443,6/3/2015,5/24/2015,18:24:58,7,31,AH0,255,34.0803,Day,F,L,A,MYSE
151.909,8443,6/3/2015,5/26/2015,18:24:59,7,31.4,AH0,204,34.6618152,Day,F,L,A,MYSE
151.909,8443,6/3/2015,5/24/2015,18:25:00,7,31,AH0,255,34.0803,Day,F,L,A,MYSE
151.909,8443,6/3/2015,5/26/2015,18:25:01,7,31.4,AH0,209,34.6618152,Day,F,L,A,MYSE
151.909,8443,6/3/2015,5/26/2015,18:25:03,7,31.4,AH0,205,34.6618152,Day,F,L,A,MYSE
151.909,8443,6/3/2015,5/29/2015,18:25:06,7,32.6,AH0,247,36.1807608,Day,F,L,A,MYSE
151.909,8443,6/3/2015,5/30/2015,18:25:07,7,33.7,AH0,253,37.2983949,Day,F,L,A,MYSE
151.909,8443,6/3/2015,5/25/2015,18:25:08,7,31.3,AH0,255,34.5200901,Day,F,L,A,MYSE
151.909,8443,6/3/2015,5/29/2015,18:25:08,7,32.6,AH0,249,36.1807608,Day,F,L,A,MYSE
151.909,8443,6/3/2015,5/30/2015,18:25:09,7,33.7,AH0,254,37.2983949,Day,F,L,A,MYSE
151.909,8443,6/3/2015,5/25/2015,18:25:10,7,31.3,AH0,254,34.5200901,Day,F,L,A,MYSE
151.909,8443,6/3/2015,5/29/2015,18:25:10,7,32.6,AH0,248,36.1807608,Day,F,L,A,MYSE
151.909,8443,6/3/2015,5/30/2015,18:25:11,7,33.7,AH0,254,37.2983949,Day,F,L,A,MYSE
151.909,8443,6/3/2015,5/25/2015,18:25:12,7,31.3,AH0,254,34.5200901,Day,F,L,A,MYSE
151.909,8443,6/3/2015,5/29/2015,18:25:12,7,32.6,AH0,250,36.1807608,Day,F,L,A,MYSE
151.909,8443,6/3/2015,5/24/2015,18:25:13,7,31,AH0,255,34.0803,Day,F,L,A,MYSE
151.909,8443,6/3/2015,5/25/2015,18:25:13,7,31.3,AH0,255,34.5200901,Day,F,L,A,MYSE
151.909,8443,6/3/2015,5/30/2015,18:25:13,7,33.7,AH0,254,37.2983949,Day,F,L,A,MYSE
151.909,8443,6/3/2015,5/29/2015,18:25:14,7,32.5,AH0,249,36.0665625,Day,F,L,A,MYSE
151.909,8443,6/3/2015,5/24/2015,18:25:15,7,31,AH0,255,34.0803,Day,F,L,A,MYSE
151.909,8443,6/3/2015,5/30/2015,18:25:15,7,33.7,AH0,254,37.2983949,Day,F,L,A,MYSE
151.909,8443,6/3/2015,5/24/2015,18:25:17,7,31,AH0,255,34.0803,Day,F,L,A,MYSE
151.909,8443,6/3/2015,5/26/2015,18:25:18,7,31.4,AH0,207,34.6618152,Day,F,L,A,MYSE
151.909,8443,6/3/2015,5/24/2015,18:25:19,7,31,AH0,255,34.0803,Day,F,L,A,MYSE
151.909,8443,6/3/2015,5/26/2015,18:25:20,7,31.4,AH0,208,34.6618152,Day,F,L,A,MYSE
151.909,8443,6/3/2015,5/26/2015,18:25:22,7,31.4,AH0,208,34.6618152,Day,F,L,A,MYSE
151.909,8443,6/3/2015,5/26/2015,18:25:24,7,31.4,AH0,207,34.6618152,Day,F,L,A,MYSE
151.909,8443,6/3/2015,5/29/2015,18:25:26,7,32.5,AH0,251,36.0665625,Day,F,L,A,MYSE
151.909,8443,6/3/2015,5/25/2015,18:25:27,7,31.3,AH0,254,34.5200901,Day,F,L,A,MYSE
151.909,8443,6/3/2015,5/30/2015,18:25:27,7,33.7,AH0,254,37.2983949,Day,F,L,A,MYSE
151.909,8443,6/3/2015,5/29/2015,18:25:28,7,32.5,AH0,250,36.0665625,Day,F,L,A,MYSE
151.909,8443,6/3/2015,5/25/2015,18:25:29,7,31.3,AH0,255,34.5200901,Day,F,L,A,MYSE
151.909,8443,6/3/2015,5/30/2015,18:25:29,7,33.7,AH0,254,37.2983949,Day,F,L,A,MYSE
151.909,8443,6/3/2015,5/29/2015,18:25:30,7,32.5,AH0,249,36.0665625,Day,F,L,A,MYSE
151.909,8443,6/3/2015,5/25/2015,18:25:31,7,31.3,AH0,255,34.5200901,Day,F,L,A,MYSE
151.909,8443,6/3/2015,5/30/2015,18:25:31,7,33.7,AH0,254,37.2983949,Day,F,L,A,MYSE
151.909,8443,6/3/2015,5/29/2015,18:25:32,7,32.5,AH0,250,36.0665625,Day,F,L,A,MYSE
151.909,8443,6/3/2015,5/30/2015,18:25:32,7,33.7,AH0,253,37.2983949,Day,F,L,A,MYSE
151.909,8443,6/3/2015,5/24/2015,18:25:33,7,31,AH0,255,34.0803,Day,F,L,A,MYSE
151.909,8443,6/3/2015,5/25/2015,18:25:33,7,31.3,AH0,255,34.5200901,Day,F,L,A,MYSE
151.909,8443,6/3/2015,5/24/2015,18:25:34,7,31,AH0,255,34.0803,Day,F,L,A,MYSE
151.909,8443,6/3/2015,5/30/2015,18:25:34,7,33.7,AH0,252,37.2983949,Day,F,L,A,MYSE
151.909,8443,6/3/2015,5/24/2015,18:25:36,7,31,AH0,255,34.0803,Day,F,L,A,MYSE
151.909,8443,6/3/2015,5/24/2015,18:25:38,7,31,AH0,255,34.0803,Day,F,L,A,MYSE
151.909,8443,6/3/2015,5/26/2015,18:25:38,7,31.4,AH0,208,34.6618152,Day,F,L,A,MYSE
151.909,8443,6/3/2015,5/24/2015,18:25:40,7,31,AH0,255,34.0803,Day,F,L,A,MYSE
151.909,8443,6/3/2015,5/26/2015,18:25:40,7,31.4,AH0,206,34.6618152,Day,F,L,A,MYSE
151.909,8443,6/3/2015,5/26/2015,18:25:42,7,31.4,AH0,206,34.6618152,Day,F,L,A,MYSE
151.909,8443,6/3/2015,5/26/2015,18:25:44,7,31.4,AH0,209,34.6618152,Day,F,L,A,MYSE
151.909,8443,6/3/2015,5/29/2015,18:25:47,7,32.5,AH0,248,36.0665625,Day,F,L,A,MYSE
151.909,8443,6/3/2015,5/30/2015,18:25:47,7,33.7,AH0,254,37.2983949,Day,F,L,A,MYSE
151.909,8443,6/3/2015,5/25/2015,18:25:48,7,31.3,AH0,255,34.5200901,Day,F,L,A,MYSE
151.909,8443,6/3/2015,5/29/2015,18:25:49,7,32.5,AH0,249,36.0665625,Day,F,L,A,MYSE
151.909,8443,6/3/2015,5/30/2015,18:25:49,7,33.7,AH0,254,37.2983949,Day,F,L,A,MYSE
151.909,8443,6/3/2015,5/25/2015,18:25:50,7,31.3,AH0,255,34.5200901,Day,F,L,A,MYSE
151.909,8443,6/3/2015,5/29/2015,18:25:50,7,32.5,AH0,247,36.0665625,Day,F,L,A,MYSE
151.909,8443,6/3/2015,5/30/2015,18:25:51,7,33.7,AH0,253,37.2983949,Day,F,L,A,MYSE
151.909,8443,6/3/2015,5/25/2015,18:25:52,7,31.3,AH0,255,34.5200901,Day,F,L,A,MYSE
151.909,8443,6/3/2015,5/29/2015,18:25:52,7,32.5,AH0,247,36.0665625,Day,F,L,A,MYSE
151.909,8443,6/3/2015,5/30/2015,18:25:53,7,33.7,AH0,254,37.2983949,Day,F,L,A,MYSE
151.909,8443,6/3/2015,5/24/2015,18:25:54,7,30.9,AH0,253,33.9287657,Day,F,L,A,MYSE
151.909,8443,6/3/2015,5/25/2015,18:25:54,7,31.3,AH0,255,34.5200901,Day,F,L,A,MYSE
151.909,8443,6/3/2015,5/24/2015,18:25:56,7,31,AH0,255,34.0803,Day,F,L,A,MYSE
151.909,8443,6/3/2015,5/24/2015,18:25:58,7,30.9,AH0,255,33.9287657,Day,F,L,A,MYSE
151.909,8443,6/3/2015,5/26/2015,18:25:59,7,31.4,AH0,208,34.6618152,Day,F,L,A,MYSE
151.909,8443,6/3/2015,5/24/2015,18:26:00,7,30.9,AH0,255,33.9287657,Day,F,L,A,MYSE
151.909,8443,6/3/2015,5/26/2015,18:26:01,7,31.4,AH0,208,34.6618152,Day,F,L,A,MYSE
151.909,8443,6/3/2015,5/26/2015,18:26:03,7,31.4,AH0,207,34.6618152,Day,F,L,A,MYSE
151.909,8443,6/3/2015,5/26/2015,18:26:05,7,31.4,AH0,207,34.6618152,Day,F,L,A,MYSE
151.909,8443,6/3/2015,5/25/2015,18:26:07,7,31.3,AH0,255,34.5200901,Day,F,L,A,MYSE
151.909,8443,6/3/2015,5/29/2015,18:26:07,7,32.5,AH0,248,36.0665625,Day,F,L,A,MYSE
151.909,8443,6/3/2015,5/30/2015,18:26:07,7,33.7,AH0,253,37.2983949,Day,F,L,A,MYSE
151.909,8443,6/3/2015,5/25/2015,18:26:09,7,31.3,AH0,255,34.5200901,Day,F,L,A,MYSE
151.909,8443,6/3/2015,5/29/2015,18:26:09,7,32.5,AH0,249,36.0665625,Day,F,L,A,MYSE
151.909,8443,6/3/2015,5/30/2015,18:26:09,7,33.7,AH0,254,37.2983949,Day,F,L,A,MYSE
151.909,8443,6/3/2015,5/25/2015,18:26:11,7,31.3,AH0,254,34.5200901,Day,F,L,A,MYSE
151.909,8443,6/3/2015,5/29/2015,18:26:11,7,32.5,AH0,250,36.0665625,Day,F,L,A,MYSE
151.909,8443,6/3/2015,5/30/2015,18:26:11,7,33.7,AH0,254,37.2983949,Day,F,L,A,MYSE
151.909,8443,6/3/2015,5/30/2015,18:26:12,7,33.7,AH0,254,37.2983949,Day,F,L,A,MYSE
151.909,8443,6/3/2015,5/24/2015,18:26:13,7,30.9,AH0,254,33.9287657,Day,F,L,A,MYSE
151.909,8443,6/3/2015,5/25/2015,18:26:13,7,31.3,AH0,254,34.5200901,Day,F,L,A,MYSE
151.909,8443,6/3/2015,5/29/2015,18:26:13,7,32.5,AH0,250,36.0665625,Day,F,L,A,MYSE
151.909,8443,6/3/2015,5/30/2015,18:26:14,7,33.7,AH0,254,37.2983949,Day,F,L,A,MYSE
151.909,8443,6/3/2015,5/24/2015,18:26:15,7,30.9,AH0,255,33.9287657,Day,F,L,A,MYSE
151.909,8443,6/3/2015,5/24/2015,18:26:17,7,30.9,AH0,255,33.9287657,Day,F,L,A,MYSE
151.909,8443,6/3/2015,5/26/2015,18:26:18,7,31.4,AH0,206,34.6618152,Day,F,L,A,MYSE
151.909,8443,6/3/2015,5/24/2015,18:26:19,7,30.9,AH0,255,33.9287657,Day,F,L,A,MYSE
151.909,8443,6/3/2015,5/26/2015,18:26:20,7,31.4,AH0,204,34.6618152,Day,F,L,A,MYSE
151.909,8443,6/3/2015,5/26/2015,18:26:22,7,31.4,AH0,206,34.6618152,Day,F,L,A,MYSE
151.909,8443,6/3/2015,5/26/2015,18:26:24,7,31.4,AH0,208,34.6618152,Day,F,L,A,MYSE
151.909,8443,6/3/2015,5/29/2015,18:26:26,7,32.5,AH0,251,36.0665625,Day,F,L,A,MYSE
151.909,8443,6/3/2015,5/29/2015,18:26:27,7,32.5,AH0,249,36.0665625,Day,F,L,A,MYSE
151.909,8443,6/3/2015,5/30/2015,18:26:27,7,33.7,AH0,253,37.2983949,Day,F,L,A,MYSE
151.909,8443,6/3/2015,5/25/2015,18:26:28,7,31.3,AH0,253,34.5200901,Day,F,L,A,MYSE
151.909,8443,6/3/2015,5/30/2015,18:26:28,7,33.7,AH0,253,37.2983949,Day,F,L,A,MYSE
151.909,8443,6/3/2015,5/29/2015,18:26:29,7,32.5,AH0,249,36.0665625,Day,F,L,A,MYSE
151.909,8443,6/3/2015,5/25/2015,18:26:30,7,31.3,AH0,255,34.5200901,Day,F,L,A,MYSE
151.909,8443,6/3/2015,5/30/2015,18:26:30,7,33.7,AH0,254,37.2983949,Day,F,L,A,MYSE
151.909,8443,6/3/2015,5/29/2015,18:26:31,7,32.5,AH0,249,36.0665625,Day,F,L,A,MYSE
151.909,8443,6/3/2015,5/25/2015,18:26:32,7,31.3,AH0,255,34.5200901,Day,F,L,A,MYSE
151.909,8443,6/3/2015,5/30/2015,18:26:32,7,33.7,AH0,254,37.2983949,Day,F,L,A,MYSE
151.909,8443,6/3/2015,5/24/2015,18:26:33,7,31,AH0,254,34.0803,Day,F,L,A,MYSE
151.909,8443,6/3/2015,5/29/2015,18:26:33,7,32.5,AH0,248,36.0665625,Day,F,L,A,MYSE
151.909,8443,6/3/2015,5/25/2015,18:26:34,7,31.3,AH0,255,34.5200901,Day,F,L,A,MYSE
151.909,8443,6/3/2015,5/30/2015,18:26:34,7,33.7,AH0,254,37.2983949,Day,F,L,A,MYSE
151.909,8443,6/3/2015,5/24/2015,18:26:35,7,31,AH0,254,34.0803,Day,F,L,A,MYSE
151.909,8443,6/3/2015,5/24/2015,18:26:37,7,31,AH0,254,34.0803,Day,F,L,A,MYSE
151.909,8443,6/3/2015,5/26/2015,18:26:37,7,31.4,AH0,206,34.6618152,Day,F,L,A,MYSE
151.909,8443,6/3/2015,5/24/2015,18:26:38,7,31,AH0,254,34.0803,Day,F,L,A,MYSE
151.909,8443,6/3/2015,5/26/2015,18:26:39,7,31.4,AH0,206,34.6618152,Day,F,L,A,MYSE
151.909,8443,6/3/2015,5/24/2015,18:26:40,7,31,AH0,253,34.0803,Day,F,L,A,MYSE
151.909,8443,6/3/2015,5/26/2015,18:26:41,7,31.4,AH0,208,34.6618152,Day,F,L,A,MYSE
151.909,8443,6/3/2015,5/26/2015,18:26:43,7,31.4,AH0,207,34.6618152,Day,F,L,A,MYSE
151.909,8443,6/3/2015,5/26/2015,18:26:45,7,31.4,AH0,206,34.6618152,Day,F,L,A,MYSE
151.909,8443,6/3/2015,5/29/2015,18:26:46,7,32.4,AH0,248,35.9501792,Day,F,L,A,MYSE
151.909,8443,6/3/2015,5/30/2015,18:26:46,7,33.7,AH0,253,37.2983949,Day,F,L,A,MYSE
151.909,8443,6/3/2015,5/25/2015,18:26:47,7,31.3,AH0,254,34.5200901,Day,F,L,A,MYSE
151.909,8443,6/3/2015,5/29/2015,18:26:48,7,32.4,AH0,251,35.9501792,Day,F,L,A,MYSE
151.909,8443,6/3/2015,5/30/2015,18:26:48,7,33.7,AH0,254,37.2983949,Day,F,L,A,MYSE
151.909,8443,6/3/2015,5/25/2015,18:26:49,7,31.3,AH0,255,34.5200901,Day,F,L,A,MYSE
151.909,8443,6/3/2015,5/29/2015,18:26:50,7,32.4,AH0,251,35.9501792,Day,F,L,A,MYSE
151.909,8443,6/3/2015,5/30/2015,18:26:50,7,33.7,AH0,254,37.2983949,Day,F,L,A,MYSE
151.909,8443,6/3/2015,5/25/2015,18:26:51,7,31.3,AH0,254,34.5200901,Day,F,L,A,MYSE
151.909,8443,6/3/2015,5/29/2015,18:26:51,7,32.4,AH0,249,35.9501792,Day,F,L,A,MYSE
151.909,8443,6/3/2015,5/30/2015,18:26:51,7,33.7,AH0,254,37.2983949,Day,F,L,A,MYSE
151.909,8443,6/3/2015,5/25/2015,18:26:53,7,31.3,AH0,254,34.5200901,Day,F,L,A,MYSE
151.909,8443,6/3/2015,5/29/2015,18:26:53,7,32.4,AH0,250,35.9501792,Day,F,L,A,MYSE
151.909,8443,6/3/2015,5/30/2015,18:26:53,7,33.7,AH0,253,37.2983949,Day,F,L,A,MYSE
151.909,8443,6/3/2015,5/24/2015,18:26:54,7,31,AH0,255,34.0803,Day,F,L,A,MYSE
151.909,8443,6/3/2015,5/24/2015,18:26:56,7,31,AH0,255,34.0803,Day,F,L,A,MYSE
151.909,8443,6/3/2015,5/24/2015,18:26:58,7,31,AH0,255,34.0803,Day,F,L,A,MYSE
151.909,8443,6/3/2015,5/26/2015,18:26:59,7,31.4,AH0,205,34.6618152,Day,F,L,A,MYSE
151.909,8443,6/3/2015,5/24/2015,18:27:00,7,31,AH0,255,34.0803,Day,F,L,A,MYSE
151.909,8443,6/3/2015,5/26/2015,18:27:00,7,31.4,AH0,204,34.6618152,Day,F,L,A,MYSE
151.909,8443,6/3/2015,5/26/2015,18:27:02,7,31.4,AH0,201,34.6618152,Day,F,L,A,MYSE
151.909,8443,6/3/2015,5/26/2015,18:27:04,7,31.4,AH0,201,34.6618152,Day,F,L,A,MYSE
151.909,8443,6/3/2015,5/29/2015,18:27:06,7,32.4,AH0,249,35.9501792,Day,F,L,A,MYSE
151.909,8443,6/3/2015,5/25/2015,18:27:07,7,31.3,AH0,254,34.5200901,Day,F,L,A,MYSE
151.909,8443,6/3/2015,5/25/2015,18:27:08,7,31.3,AH0,255,34.5200901,Day,F,L,A,MYSE
151.909,8443,6/3/2015,5/29/2015,18:27:08,7,32.4,AH0,247,35.9501792,Day,F,L,A,MYSE
151.909,8443,6/3/2015,5/30/2015,18:27:08,7,33.7,AH0,254,37.2983949,Day,F,L,A,MYSE
151.909,8443,6/3/2015,5/30/2015,18:27:09,7,33.7,AH0,253,37.2983949,Day,F,L,A,MYSE
151.909,8443,6/3/2015,5/25/2015,18:27:10,7,31.3,AH0,254,34.5200901,Day,F,L,A,MYSE
151.909,8443,6/3/2015,5/29/2015,18:27:10,7,32.4,AH0,247,35.9501792,Day,F,L,A,MYSE
151.909,8443,6/3/2015,5/30/2015,18:27:11,7,33.7,AH0,255,37.2983949,Day,F,L,A,MYSE
151.909,8443,6/3/2015,5/25/2015,18:27:12,7,31.3,AH0,255,34.5200901,Day,F,L,A,MYSE
151.909,8443,6/3/2015,5/29/2015,18:27:12,7,32.4,AH0,246,35.9501792,Day,F,L,A,MYSE
151.909,8443,6/3/2015,5/24/2015,18:27:13,7,31,AH0,255,34.0803,Day,F,L,A,MYSE
151.909,8443,6/3/2015,5/30/2015,18:27:13,7,33.7,AH0,253,37.2983949,Day,F,L,A,MYSE
151.909,8443,6/3/2015,5/25/2015,18:27:14,7,31.3,AH0,254,34.5200901,Day,F,L,A,MYSE
151.909,8443,6/3/2015,5/29/2015,18:27:14,7,32.4,AH0,249,35.9501792,Day,F,L,A,MYSE
151.909,8443,6/3/2015,5/24/2015,18:27:15,7,31,AH0,255,34.0803,Day,F,L,A,MYSE
151.909,8443,6/3/2015,5/24/2015,18:27:17,7,31,AH0,255,34.0803,Day,F,L,A,MYSE
151.909,8443,6/3/2015,5/26/2015,18:27:18,7,31.4,AH0,202,34.6618152,Day,F,L,A,MYSE
151.909,8443,6/3/2015,5/24/2015,18:27:19,7,31,AH0,255,34.0803,Day,F,L,A,MYSE
151.909,8443,6/3/2015,5/26/2015,18:27:20,7,31.4,AH0,199,34.6618152,Day,F,L,A,MYSE
151.909,8443,6/3/2015,5/26/2015,18:27:21,7,31.4,AH0,203,34.6618152,Day,F,L,A,MYSE
151.909,8443,6/3/2015,5/26/2015,18:27:23,7,31.4,AH0,201,34.6618152,Day,F,L,A,MYSE
151.909,8443,6/3/2015,5/26/2015,18:27:25,7,31.4,AH0,202,34.6618152,Day,F,L,A,MYSE
151.909,8443,6/3/2015,5/29/2015,18:27:27,7,32.4,AH0,248,35.9501792,Day,F,L,A,MYSE
151.909,8443,6/3/2015,5/30/2015,18:27:27,7,33.7,AH0,253,37.2983949,Day,F,L,A,MYSE
151.909,8443,6/3/2015,5/25/2015,18:27:28,7,31.3,AH0,255,34.5200901,Day,F,L,A,MYSE
151.909,8443,6/3/2015,5/29/2015,18:27:28,7,32.4,AH0,249,35.9501792,Day,F,L,A,MYSE
151.909,8443,6/3/2015,5/30/2015,18:27:29,7,33.7,AH0,254,37.2983949,Day,F,L,A,MYSE
151.909,8443,6/3/2015,5/25/2015,18:27:30,7,31.3,AH0,255,34.5200901,Day,F,L,A,MYSE
151.909,8443,6/3/2015,5/29/2015,18:27:30,7,32.4,AH0,251,35.9501792,Day,F,L,A,MYSE
151.909,8443,6/3/2015,5/30/2015,18:27:31,7,33.7,AH0,254,37.2983949,Day,F,L,A,MYSE
151.909,8443,6/3/2015,5/25/2015,18:27:32,7,31.3,AH0,254,34.5200901,Day,F,L,A,MYSE
151.909,8443,6/3/2015,5/29/2015,18:27:32,7,32.4,AH0,248,35.9501792,Day,F,L,A,MYSE
151.909,8443,6/3/2015,5/30/2015,18:27:32,7,33.7,AH0,253,37.2983949,Day,F,L,A,MYSE
151.909,8443,6/3/2015,5/24/2015,18:27:33,7,31,AH0,255,34.0803,Day,F,L,A,MYSE
151.909,8443,6/3/2015,5/25/2015,18:27:33,7,31.3,AH0,255,34.5200901,Day,F,L,A,MYSE
151.909,8443,6/3/2015,5/24/2015,18:27:35,7,31,AH0,255,34.0803,Day,F,L,A,MYSE
151.909,8443,6/3/2015,5/24/2015,18:27:37,7,31,AH0,255,34.0803,Day,F,L,A,MYSE
151.909,8443,6/3/2015,5/24/2015,18:27:38,7,31,AH0,254,34.0803,Day,F,L,A,MYSE
151.909,8443,6/3/2015,5/26/2015,18:27:39,7,31.4,AH0,197,34.6618152,Day,F,L,A,MYSE
151.909,8443,6/3/2015,5/26/2015,18:27:41,7,31.4,AH0,198,34.6618152,Day,F,L,A,MYSE
151.909,8443,6/3/2015,5/26/2015,18:27:42,7,31.4,AH0,200,34.6618152,Day,F,L,A,MYSE
151.909,8443,6/3/2015,5/26/2015,18:27:44,7,31.4,AH0,197,34.6618152,Day,F,L,A,MYSE
151.909,8443,6/3/2015,5/25/2015,18:27:47,7,31.3,AH0,254,34.5200901,Day,F,L,A,MYSE
151.909,8443,6/3/2015,5/29/2015,18:27:47,7,32.4,AH0,249,35.9501792,Day,F,L,A,MYSE
151.909,8443,6/3/2015,5/30/2015,18:27:47,7,33.7,AH0,255,37.2983949,Day,F,L,A,MYSE
151.909,8443,6/3/2015,5/30/2015,18:27:48,7,33.7,AH0,254,37.2983949,Day,F,L,A,MYSE
151.909,8443,6/3/2015,5/25/2015,18:27:49,7,31.3,AH0,255,34.5200901,Day,F,L,A,MYSE
151.909,8443,6/3/2015,5/29/2015,18:27:49,7,32.4,AH0,248,35.9501792,Day,F,L,A,MYSE
151.909,8443,6/3/2015,5/30/2015,18:27:50,7,33.7,AH0,253,37.2983949,Day,F,L,A,MYSE
151.909,8443,6/3/2015,5/25/2015,18:27:51,7,31.3,AH0,254,34.5200901,Day,F,L,A,MYSE
151.909,8443,6/3/2015,5/29/2015,18:27:51,7,32.4,AH0,246,35.9501792,Day,F,L,A,MYSE
151.909,8443,6/3/2015,5/30/2015,18:27:52,7,33.7,AH0,254,37.2983949,Day,F,L,A,MYSE
151.909,8443,6/3/2015,5/25/2015,18:27:53,7,31.3,AH0,254,34.5200901,Day,F,L,A,MYSE
151.909,8443,6/3/2015,5/29/2015,18:27:53,7,32.4,AH0,249,35.9501792,Day,F,L,A,MYSE
151.909,8443,6/3/2015,5/24/2015,18:27:54,7,31,AH0,255,34.0803,Day,F,L,A,MYSE
151.909,8443,6/3/2015,5/30/2015,18:27:54,7,33.8,AH0,254,37.3879176,Day,F,L,A,MYSE
151.909,8443,6/3/2015,5/24/2015,18:27:56,7,31.1,AH0,255,34.2293523,Day,F,L,A,MYSE
151.909,8443,6/3/2015,5/24/2015,18:27:58,7,31.1,AH0,255,34.2293523,Day,F,L,A,MYSE
151.909,8443,6/3/2015,5/26/2015,18:27:58,7,31.4,AH0,193,34.6618152,Day,F,L,A,MYSE
151.909,8443,6/3/2015,5/24/2015,18:28:00,7,31.1,AH0,254,34.2293523,Day,F,L,A,MYSE
151.909,8443,6/3/2015,5/26/2015,18:28:00,7,31.4,AH0,196,34.6618152,Day,F,L,A,MYSE
151.909,8443,6/3/2015,5/26/2015,18:28:02,7,31.4,AH0,190,34.6618152,Day,F,L,A,MYSE
151.909,8443,6/3/2015,5/26/2015,18:28:03,7,31.4,AH0,189,34.6618152,Day,F,L,A,MYSE
151.909,8443,6/3/2015,5/26/2015,18:28:05,7,31.4,AH0,190,34.6618152,Day,F,L,A,MYSE
151.909,8443,6/3/2015,5/29/2015,18:28:06,7,32.4,AH0,248,35.9501792,Day,F,L,A,MYSE
151.909,8443,6/3/2015,5/30/2015,18:28:06,7,33.8,AH0,254,37.3879176,Day,F,L,A,MYSE
151.909,8443,6/3/2015,5/29/2015,18:28:07,7,32.3,AH0,251,35.8315911,Day,F,L,A,MYSE
151.909,8443,6/3/2015,5/25/2015,18:28:08,7,31.3,AH0,254,34.5200901,Day,F,L,A,MYSE
151.909,8443,6/3/2015,5/30/2015,18:28:08,7,33.8,AH0,254,37.3879176,Day,F,L,A,MYSE
151.909,8443,6/3/2015,5/29/2015,18:28:09,7,32.3,AH0,249,35.8315911,Day,F,L,A,MYSE
151.909,8443,6/3/2015,5/25/2015,18:28:10,7,31.3,AH0,254,34.5200901,Day,F,L,A,MYSE
151.909,8443,6/3/2015,5/30/2015,18:28:10,7,33.8,AH0,254,37.3879176,Day,F,L,A,MYSE
151.909,8443,6/3/2015,5/29/2015,18:28:11,7,32.3,AH0,250,35.8315911,Day,F,L,A,MYSE
151.909,8443,6/3/2015,5/25/2015,18:28:12,7,31.3,AH0,254,34.5200901,Day,F,L,A,MYSE
151.909,8443,6/3/2015,5/30/2015,18:28:12,7,33.8,AH0,254,37.3879176,Day,F,L,A,MYSE
151.909,8443,6/3/2015,5/24/2015,18:28:13,7,31.1,AH0,255,34.2293523,Day,F,L,A,MYSE
151.909,8443,6/3/2015,5/29/2015,18:28:13,7,32.3,AH0,250,35.8315911,Day,F,L,A,MYSE
151.909,8443,6/3/2015,5/30/2015,18:28:13,7,33.8,AH0,254,37.3879176,Day,F,L,A,MYSE
151.909,8443,6/3/2015,5/25/2015,18:28:14,7,31.3,AH0,255,34.5200901,Day,F,L,A,MYSE
151.909,8443,6/3/2015,5/24/2015,18:28:15,7,31.1,AH0,255,34.2293523,Day,F,L,A,MYSE
151.909,8443,6/3/2015,5/24/2015,18:28:17,7,31.1,AH0,255,34.2293523,Day,F,L,A,MYSE
151.909,8443,6/3/2015,5/24/2015,18:28:19,7,31.1,AH0,255,34.2293523,Day,F,L,A,MYSE
151.909,8443,6/3/2015,5/26/2015,18:28:19,7,31.4,AH0,191,34.6618152,Day,F,L,A,MYSE
151.909,8443,6/3/2015,5/26/2015,18:28:21,7,31.4,AH0,192,34.6618152,Day,F,L,A,MYSE
151.909,8443,6/3/2015,5/26/2015,18:28:23,7,31.4,AH0,192,34.6618152,Day,F,L,A,MYSE
151.909,8443,6/3/2015,5/26/2015,18:28:25,7,31.4,AH0,189,34.6618152,Day,F,L,A,MYSE
151.909,8443,6/3/2015,5/29/2015,18:28:26,7,32.3,AH0,247,35.8315911,Day,F,L,A,MYSE
151.909,8443,6/3/2015,5/25/2015,18:28:27,7,31.3,AH0,255,34.5200901,Day,F,L,A,MYSE
151.909,8443,6/3/2015,5/29/2015,18:28:28,7,32.3,AH0,248,35.8315911,Day,F,L,A,MYSE
151.909,8443,6/3/2015,5/30/2015,18:28:28,7,33.8,AH0,254,37.3879176,Day,F,L,A,MYSE
151.909,8443,6/3/2015,5/25/2015,18:28:29,7,31.3,AH0,255,34.5200901,Day,F,L,A,MYSE
151.909,8443,6/3/2015,5/30/2015,18:28:29,7,33.8,AH0,254,37.3879176,Day,F,L,A,MYSE
151.909,8443,6/3/2015,5/29/2015,18:28:30,7,32.3,AH0,245,35.8315911,Day,F,L,A,MYSE
151.909,8443,6/3/2015,5/25/2015,18:28:31,7,31.3,AH0,255,34.5200901,Day,F,L,A,MYSE
151.909,8443,6/3/2015,5/30/2015,18:28:31,7,33.8,AH0,254,37.3879176,Day,F,L,A,MYSE
151.909,8443,6/3/2015,5/29/2015,18:28:32,7,32.3,AH0,247,35.8315911,Day,F,L,A,MYSE
151.909,8443,6/3/2015,5/24/2015,18:28:33,7,31.1,AH0,255,34.2293523,Day,F,L,A,MYSE
151.909,8443,6/3/2015,5/25/2015,18:28:33,7,31.3,AH0,255,34.5200901,Day,F,L,A,MYSE
151.909,8443,6/3/2015,5/29/2015,18:28:33,7,32.3,AH0,246,35.8315911,Day,F,L,A,MYSE
151.909,8443,6/3/2015,5/30/2015,18:28:33,7,33.8,AH0,255,37.3879176,Day,F,L,A,MYSE
151.909,8443,6/3/2015,5/24/2015,18:28:35,7,31.1,AH0,254,34.2293523,Day,F,L,A,MYSE
151.909,8443,6/3/2015,5/24/2015,18:28:36,7,31.1,AH0,254,34.2293523,Day,F,L,A,MYSE
151.909,8443,6/3/2015,5/24/2015,18:28:38,7,31.1,AH0,255,34.2293523,Day,F,L,A,MYSE
151.909,8443,6/3/2015,5/26/2015,18:28:38,7,31.4,AH0,192,34.6618152,Day,F,L,A,MYSE
151.909,8443,6/3/2015,5/24/2015,18:28:40,7,31.1,AH0,254,34.2293523,Day,F,L,A,MYSE
151.909,8443,6/3/2015,5/26/2015,18:28:40,7,31.4,AH0,192,34.6618152,Day,F,L,A,MYSE
151.909,8443,6/3/2015,5/26/2015,18:28:42,7,31.4,AH0,189,34.6618152,Day,F,L,A,MYSE
151.909,8443,6/3/2015,5/26/2015,18:28:44,7,31.4,AH0,190,34.6618152,Day,F,L,A,MYSE
151.909,8443,6/3/2015,5/29/2015,18:28:46,7,32.3,AH0,249,35.8315911,Day,F,L,A,MYSE
151.909,8443,6/3/2015,5/30/2015,18:28:47,7,33.8,AH0,254,37.3879176,Day,F,L,A,MYSE
151.909,8443,6/3/2015,5/25/2015,18:28:48,7,31.3,AH0,255,34.5200901,Day,F,L,A,MYSE
151.909,8443,6/3/2015,5/29/2015,18:28:48,7,32.3,AH0,248,35.8315911,Day,F,L,A,MYSE
151.909,8443,6/3/2015,5/30/2015,18:28:49,7,33.8,AH0,254,37.3879176,Day,F,L,A,MYSE
151.909,8443,6/3/2015,5/25/2015,18:28:50,7,31.3,AH0,255,34.5200901,Day,F,L,A,MYSE
151.909,8443,6/3/2015,5/29/2015,18:28:50,7,32.3,AH0,247,35.8315911,Day,F,L,A,MYSE
151.909,8443,6/3/2015,5/30/2015,18:28:51,7,33.8,AH0,255,37.3879176,Day,F,L,A,MYSE
151.909,8443,6/3/2015,5/25/2015,18:28:52,7,31.3,AH0,255,34.5200901,Day,F,L,A,MYSE
151.909,8443,6/3/2015,5/29/2015,18:28:52,7,32.3,AH0,248,35.8315911,Day,F,L,A,MYSE
151.909,8443,6/3/2015,5/30/2015,18:28:52,7,33.8,AH0,253,37.3879176,Day,F,L,A,MYSE
151.909,8443,6/3/2015,5/24/2015,18:28:54,7,31.1,AH0,255,34.2293523,Day,F,L,A,MYSE
151.909,8443,6/3/2015,5/25/2015,18:28:54,7,31.3,AH0,254,34.5200901,Day,F,L,A,MYSE
151.909,8443,6/3/2015,5/24/2015,18:28:56,7,31.1,AH0,255,34.2293523,Day,F,L,A,MYSE
151.909,8443,6/3/2015,5/24/2015,18:28:58,7,31,AH0,251,34.0803,Day,F,L,A,MYSE
151.909,8443,6/3/2015,5/26/2015,18:28:59,7,31.4,AH0,191,34.6618152,Day,F,L,A,MYSE
151.909,8443,6/3/2015,5/24/2015,18:29:00,7,31.1,AH0,254,34.2293523,Day,F,L,A,MYSE
151.909,8443,6/3/2015,5/26/2015,18:29:01,7,31.4,AH0,189,34.6618152,Day,F,L,A,MYSE
151.909,8443,6/3/2015,5/26/2015,18:29:03,7,31.4,AH0,190,34.6618152,Day,F,L,A,MYSE
151.909,8443,6/3/2015,5/26/2015,18:29:05,7,31.4,AH0,191,34.6618152,Day,F,L,A,MYSE
151.909,8443,6/3/2015,5/25/2015,18:29:07,7,31.3,AH0,254,34.5200901,Day,F,L,A,MYSE
151.909,8443,6/3/2015,5/29/2015,18:29:07,7,32.3,AH0,251,35.8315911,Day,F,L,A,MYSE
151.909,8443,6/3/2015,5/30/2015,18:29:07,7,33.8,AH0,254,37.3879176,Day,F,L,A,MYSE
151.909,8443,6/3/2015,5/30/2015,18:29:08,7,33.8,AH0,254,37.3879176,Day,F,L,A,MYSE
151.909,8443,6/3/2015,5/25/2015,18:29:09,7,31.3,AH0,254,34.5200901,Day,F,L,A,MYSE
151.909,8443,6/3/2015,5/29/2015,18:29:09,7,32.3,AH0,249,35.8315911,Day,F,L,A,MYSE
151.909,8443,6/3/2015,5/30/2015,18:29:10,7,33.8,AH0,254,37.3879176,Day,F,L,A,MYSE
151.909,8443,6/3/2015,5/25/2015,18:29:11,7,31.3,AH0,255,34.5200901,Day,F,L,A,MYSE
151.909,8443,6/3/2015,5/29/2015,18:29:11,7,32.3,AH0,249,35.8315911,Day,F,L,A,MYSE
151.909,8443,6/3/2015,5/29/2015,18:29:12,7,32.3,AH0,251,35.8315911,Day,F,L,A,MYSE
151.909,8443,6/3/2015,5/30/2015,18:29:12,7,33.8,AH0,254,37.3879176,Day,F,L,A,MYSE
151.909,8443,6/3/2015,5/24/2015,18:29:13,7,31.1,AH0,254,34.2293523,Day,F,L,A,MYSE
151.909,8443,6/3/2015,5/25/2015,18:29:13,7,31.3,AH0,254,34.5200901,Day,F,L,A,MYSE
151.909,8443,6/3/2015,5/30/2015,18:29:14,7,33.8,AH0,255,37.3879176,Day,F,L,A,MYSE
151.909,8443,6/3/2015,5/24/2015,18:29:15,7,31.1,AH0,255,34.2293523,Day,F,L,A,MYSE
151.909,8443,6/3/2015,5/24/2015,18:29:17,7,31.1,AH0,254,34.2293523,Day,F,L,A,MYSE
151.909,8443,6/3/2015,5/26/2015,18:29:18,7,31.4,AH0,190,34.6618152,Day,F,L,A,MYSE
151.909,8443,6/3/2015,5/24/2015,18:29:19,7,31,AH0,255,34.0803,Day,F,L,A,MYSE
151.909,8443,6/3/2015,5/26/2015,18:29:20,7,31.4,AH0,188,34.6618152,Day,F,L,A,MYSE
151.909,8443,6/3/2015,5/26/2015,18:29:22,7,31.4,AH0,191,34.6618152,Day,F,L,A,MYSE
151.909,8443,6/3/2015,5/26/2015,18:29:24,7,31.4,AH0,192,34.6618152,Day,F,L,A,MYSE
151.909,8443,6/3/2015,5/30/2015,18:29:26,7,33.8,AH0,253,37.3879176,Day,F,L,A,MYSE
151.909,8443,6/3/2015,5/25/2015,18:29:27,7,31.3,AH0,254,34.5200901,Day,F,L,A,MYSE
151.909,8443,6/3/2015,5/29/2015,18:29:27,7,32.3,AH0,248,35.8315911,Day,F,L,A,MYSE
151.909,8443,6/3/2015,5/25/2015,18:29:28,7,31.3,AH0,255,34.5200901,Day,F,L,A,MYSE
151.909,8443,6/3/2015,5/30/2015,18:29:28,7,33.8,AH0,253,37.3879176,Day,F,L,A,MYSE
151.909,8443,6/3/2015,5/29/2015,18:29:29,7,32.3,AH0,250,35.8315911,Day,F,L,A,MYSE
151.909,8443,6/3/2015,5/25/2015,18:29:30,7,31.3,AH0,255,34.5200901,Day,F,L,A,MYSE
151.909,8443,6/3/2015,5/30/2015,18:29:30,7,33.8,AH0,254,37.3879176,Day,F,L,A,MYSE
151.909,8443,6/3/2015,5/29/2015,18:29:31,7,32.3,AH0,251,35.8315911,Day,F,L,A,MYSE
151.909,8443,6/3/2015,5/30/2015,18:29:31,7,33.8,AH0,254,37.3879176,Day,F,L,A,MYSE
151.909,8443,6/3/2015,5/24/2015,18:29:32,7,31,AH0,254,34.0803,Day,F,L,A,MYSE
151.909,8443,6/3/2015,5/25/2015,18:29:32,7,31.3,AH0,255,34.5200901,Day,F,L,A,MYSE
151.909,8443,6/3/2015,5/29/2015,18:29:33,7,32.3,AH0,250,35.8315911,Day,F,L,A,MYSE
151.909,8443,6/3/2015,5/30/2015,18:29:33,7,33.8,AH0,254,37.3879176,Day,F,L,A,MYSE
151.909,8443,6/3/2015,5/24/2015,18:29:34,7,31,AH0,254,34.0803,Day,F,L,A,MYSE
151.909,8443,6/3/2015,5/25/2015,18:29:34,7,31.3,AH0,255,34.5200901,Day,F,L,A,MYSE
151.909,8443,6/3/2015,5/24/2015,18:29:36,7,31,AH0,255,34.0803,Day,F,L,A,MYSE
151.909,8443,6/3/2015,5/24/2015,18:29:38,7,31,AH0,254,34.0803,Day,F,L,A,MYSE
151.909,8443,6/3/2015,5/26/2015,18:29:39,7,31.3,AH0,191,34.5200901,Day,F,L,A,MYSE
151.909,8443,6/3/2015,5/24/2015,18:29:40,7,31,AH0,255,34.0803,Day,F,L,A,MYSE
151.909,8443,6/3/2015,5/26/2015,18:29:41,7,31.3,AH0,188,34.5200901,Day,F,L,A,MYSE
151.909,8443,6/3/2015,5/26/2015,18:29:43,7,31.4,AH0,189,34.6618152,Day,F,L,A,MYSE
151.909,8443,6/3/2015,5/26/2015,18:29:45,7,31.4,AH0,191,34.6618152,Day,F,L,A,MYSE
151.909,8443,6/3/2015,5/29/2015,18:29:46,7,32.4,AH0,250,35.9501792,Day,F,L,A,MYSE
151.909,8443,6/3/2015,5/30/2015,18:29:47,7,33.8,AH0,253,37.3879176,Day,F,L,A,MYSE
151.909,8443,6/3/2015,5/25/2015,18:29:48,7,31.3,AH0,254,34.5200901,Day,F,L,A,MYSE
151.909,8443,6/3/2015,5/29/2015,18:29:48,7,32.4,AH0,251,35.9501792,Day,F,L,A,MYSE
151.909,8443,6/3/2015,5/30/2015,18:29:49,7,33.9,AH0,254,37.4755127,Day,F,L,A,MYSE
151.909,8443,6/3/2015,5/25/2015,18:29:50,7,31.3,AH0,255,34.5200901,Day,F,L,A,MYSE
151.909,8443,6/3/2015,5/29/2015,18:29:50,7,32.4,AH0,251,35.9501792,Day,F,L,A,MYSE
151.909,8443,6/3/2015,5/25/2015,18:29:51,7,31.3,AH0,255,34.5200901,Day,F,L,A,MYSE
151.909,8443,6/3/2015,5/29/2015,18:29:51,7,32.4,AH0,250,35.9501792,Day,F,L,A,MYSE
151.909,8443,6/3/2015,5/30/2015,18:29:51,7,33.9,AH0,254,37.4755127,Day,F,L,A,MYSE
151.909,8443,6/3/2015,5/25/2015,18:29:53,7,31.3,AH0,254,34.5200901,Day,F,L,A,MYSE
151.909,8443,6/3/2015,5/29/2015,18:29:53,7,32.4,AH0,249,35.9501792,Day,F,L,A,MYSE
151.909,8443,6/3/2015,5/30/2015,18:29:53,7,33.9,AH0,254,37.4755127,Day,F,L,A,MYSE
151.909,8443,6/3/2015,5/24/2015,18:29:54,7,30.8,AH0,255,33.7747296,Day,F,L,A,MYSE
151.909,8443,6/3/2015,5/24/2015,18:29:56,7,30.8,AH0,255,33.7747296,Day,F,L,A,MYSE
151.909,8443,6/3/2015,5/24/2015,18:29:58,7,30.8,AH0,255,33.7747296,Day,F,L,A,MYSE
151.909,8443,6/3/2015,5/26/2015,18:29:58,7,31.3,AH0,191,34.5200901,Day,F,L,A,MYSE
151.909,8443,6/3/2015,5/24/2015,18:30:00,7,30.8,AH0,255,33.7747296,Day,F,L,A,MYSE
151.909,8443,6/3/2015,5/26/2015,18:30:00,7,31.4,AH0,189,34.6618152,Day,F,L,A,MYSE
151.909,8443,6/3/2015,5/26/2015,18:30:02,7,31.3,AH0,189,34.5200901,Day,F,L,A,MYSE
151.909,8443,6/3/2015,5/26/2015,18:30:04,7,31.4,AH0,192,34.6618152,Day,F,L,A,MYSE
151.909,8443,6/3/2015,5/29/2015,18:30:06,7,32.4,AH0,248,35.9501792,Day,F,L,A,MYSE
151.909,8443,6/3/2015,5/25/2015,18:30:07,7,31.3,AH0,254,34.5200901,Day,F,L,A,MYSE
151.909,8443,6/3/2015,5/30/2015,18:30:07,7,33.9,AH0,254,37.4755127,Day,F,L,A,MYSE
151.909,8443,6/3/2015,5/29/2015,18:30:08,7,32.4,AH0,250,35.9501792,Day,F,L,A,MYSE
151.909,8443,6/3/2015,5/25/2015,18:30:09,7,31.3,AH0,255,34.5200901,Day,F,L,A,MYSE
151.909,8443,6/3/2015,5/30/2015,18:30:09,7,33.9,AH0,254,37.4755127,Day,F,L,A,MYSE
151.909,8443,6/3/2015,5/29/2015,18:30:10,7,32.4,AH0,247,35.9501792,Day,F,L,A,MYSE
151.909,8443,6/3/2015,5/30/2015,18:30:10,7,33.9,AH0,254,37.4755127,Day,F,L,A,MYSE
151.909,8443,6/3/2015,5/25/2015,18:30:11,7,31.3,AH0,254,34.5200901,Day,F,L,A,MYSE
151.909,8443,6/3/2015,5/29/2015,18:30:12,7,32.4,AH0,247,35.9501792,Day,F,L,A,MYSE
151.909,8443,6/3/2015,5/30/2015,18:30:12,7,33.9,AH0,254,37.4755127,Day,F,L,A,MYSE
151.909,8443,6/3/2015,5/24/2015,18:30:13,7,30.7,AH0,255,33.6181719,Day,F,L,A,MYSE
151.909,8443,6/3/2015,5/25/2015,18:30:13,7,31.3,AH0,254,34.5200901,Day,F,L,A,MYSE
151.909,8443,6/3/2015,5/29/2015,18:30:14,7,32.4,AH0,248,35.9501792,Day,F,L,A,MYSE
151.909,8443,6/3/2015,5/30/2015,18:30:14,7,33.9,AH0,255,37.4755127,Day,F,L,A,MYSE
151.909,8443,6/3/2015,5/24/2015,18:30:15,7,30.7,AH0,255,33.6181719,Day,F,L,A,MYSE
151.909,8443,6/3/2015,5/24/2015,18:30:17,7,30.7,AH0,255,33.6181719,Day,F,L,A,MYSE
151.909,8443,6/3/2015,5/26/2015,18:30:17,7,31.3,AH0,193,34.5200901,Day,F,L,A,MYSE
151.909,8443,6/3/2015,5/24/2015,18:30:19,7,30.7,AH0,255,33.6181719,Day,F,L,A,MYSE
151.909,8443,6/3/2015,5/26/2015,18:30:19,7,31.3,AH0,194,34.5200901,Day,F,L,A,MYSE
151.909,8443,6/3/2015,5/26/2015,18:30:21,7,31.3,AH0,191,34.5200901,Day,F,L,A,MYSE
151.909,8443,6/3/2015,5/26/2015,18:30:23,7,31.3,AH0,193,34.5200901,Day,F,L,A,MYSE
151.909,8443,6/3/2015,5/26/2015,18:30:25,7,31.3,AH0,193,34.5200901,Day,F,L,A,MYSE
151.909,8443,6/3/2015,5/30/2015,18:30:26,7,33.9,AH0,254,37.4755127,Day,F,L,A,MYSE
151.909,8443,6/3/2015,5/29/2015,18:30:27,7,32.4,AH0,249,35.9501792,Day,F,L,A,MYSE
151.909,8443,6/3/2015,5/25/2015,18:30:28,7,31.2,AH0,254,34.3759424,Day,F,L,A,MYSE
151.909,8443,6/3/2015,5/29/2015,18:30:28,7,32.4,AH0,247,35.9501792,Day,F,L,A,MYSE
151.909,8443,6/3/2015,5/30/2015,18:30:28,7,33.9,AH0,252,37.4755127,Day,F,L,A,MYSE
151.909,8443,6/3/2015,5/25/2015,18:30:30,7,31.3,AH0,254,34.5200901,Day,F,L,A,MYSE
151.909,8443,6/3/2015,5/29/2015,18:30:30,7,32.4,AH0,247,35.9501792,Day,F,L,A,MYSE
151.909,8443,6/3/2015,5/30/2015,18:30:30,7,33.9,AH0,254,37.4755127,Day,F,L,A,MYSE
151.909,8443,6/3/2015,5/25/2015,18:30:32,7,31.2,AH0,255,34.3759424,Day,F,L,A,MYSE
151.909,8443,6/3/2015,5/29/2015,18:30:32,7,32.4,AH0,246,35.9501792,Day,F,L,A,MYSE
151.909,8443,6/3/2015,5/30/2015,18:30:32,7,33.9,AH0,252,37.4755127,Day,F,L,A,MYSE
151.909,8443,6/3/2015,5/24/2015,18:30:33,7,30.6,AH0,255,33.4590728,Day,F,L,A,MYSE
151.909,8443,6/3/2015,5/30/2015,18:30:33,7,33.9,AH0,254,37.4755127,Day,F,L,A,MYSE
151.909,8443,6/3/2015,5/25/2015,18:30:34,7,31.2,AH0,254,34.3759424,Day,F,L,A,MYSE
151.909,8443,6/3/2015,5/24/2015,18:30:35,7,30.6,AH0,255,33.4590728,Day,F,L,A,MYSE
151.909,8443,6/3/2015,5/24/2015,18:30:37,7,30.6,AH0,255,33.4590728,Day,F,L,A,MYSE
151.909,8443,6/3/2015,5/26/2015,18:30:38,7,31.3,AH0,189,34.5200901,Day,F,L,A,MYSE
151.909,8443,6/3/2015,5/24/2015,18:30:39,7,30.6,AH0,255,33.4590728,Day,F,L,A,MYSE
151.909,8443,6/3/2015,5/26/2015,18:30:40,7,31.3,AH0,190,34.5200901,Day,F,L,A,MYSE
151.909,8443,6/3/2015,5/26/2015,18:30:42,7,31.3,AH0,188,34.5200901,Day,F,L,A,MYSE
151.909,8443,6/3/2015,5/26/2015,18:30:44,7,31.3,AH0,190,34.5200901,Day,F,L,A,MYSE
151.909,8443,6/3/2015,5/25/2015,18:30:47,7,31.2,AH0,254,34.3759424,Day,F,L,A,MYSE
151.909,8443,6/3/2015,5/29/2015,18:30:47,7,32.5,AH0,249,36.0665625,Day,F,L,A,MYSE
151.909,8443,6/3/2015,5/30/2015,18:30:48,7,33.9,AH0,253,37.4755127,Day,F,L,A,MYSE
151.909,8443,6/3/2015,5/25/2015,18:30:49,7,31.2,AH0,255,34.3759424,Day,F,L,A,MYSE
151.909,8443,6/3/2015,5/29/2015,18:30:49,7,32.5,AH0,246,36.0665625,Day,F,L,A,MYSE
151.909,8443,6/3/2015,5/30/2015,18:30:49,7,34,AH0,255,37.5612,Day,F,L,A,MYSE
151.909,8443,6/3/2015,5/25/2015,18:30:51,7,31.2,AH0,255,34.3759424,Day,F,L,A,MYSE
151.909,8443,6/3/2015,5/29/2015,18:30:51,7,32.5,AH0,248,36.0665625,Day,F,L,A,MYSE
151.909,8443,6/3/2015,5/30/2015,18:30:51,7,33.9,AH0,254,37.4755127,Day,F,L,A,MYSE
151.909,8443,6/3/2015,5/29/2015,18:30:52,7,32.5,AH0,249,36.0665625,Day,F,L,A,MYSE
151.909,8443,6/3/2015,5/24/2015,18:30:53,7,30.5,AH0,255,33.2974125,Day,F,L,A,MYSE
151.909,8443,6/3/2015,5/25/2015,18:30:53,7,31.2,AH0,255,34.3759424,Day,F,L,A,MYSE
151.909,8443,6/3/2015,5/30/2015,18:30:53,7,34,AH0,254,37.5612,Day,F,L,A,MYSE
151.909,8443,6/3/2015,5/24/2015,18:30:54,7,30.5,AH0,255,33.2974125,Day,F,L,A,MYSE
151.909,8443,6/3/2015,5/24/2015,18:30:56,7,30.5,AH0,255,33.2974125,Day,F,L,A,MYSE
151.909,8443,6/3/2015,5/24/2015,18:30:58,7,30.5,AH0,255,33.2974125,Day,F,L,A,MYSE
151.909,8443,6/3/2015,5/26/2015,18:30:58,7,31.3,AH0,194,34.5200901,Day,F,L,A,MYSE
151.909,8443,6/3/2015,5/26/2015,18:31:00,7,31.3,AH0,194,34.5200901,Day,F,L,A,MYSE
151.909,8443,6/3/2015,5/26/2015,18:31:01,7,31.3,AH0,195,34.5200901,Day,F,L,A,MYSE
151.909,8443,6/3/2015,5/26/2015,18:31:03,7,31.3,AH0,194,34.5200901,Day,F,L,A,MYSE
151.909,8443,6/3/2015,5/26/2015,18:31:05,7,31.3,AH0,194,34.5200901,Day,F,L,A,MYSE
151.909,8443,6/3/2015,5/25/2015,18:31:06,7,31.2,AH0,254,34.3759424,Day,F,L,A,MYSE
151.909,8443,6/3/2015,5/29/2015,18:31:07,7,32.6,AH0,248,36.1807608,Day,F,L,A,MYSE
151.909,8443,6/3/2015,5/30/2015,18:31:07,7,34,AH0,253,37.5612,Day,F,L,A,MYSE
151.909,8443,6/3/2015,5/25/2015,18:31:08,7,31.2,AH0,254,34.3759424,Day,F,L,A,MYSE
151.909,8443,6/3/2015,5/29/2015,18:31:09,7,32.6,AH0,248,36.1807608,Day,F,L,A,MYSE
151.909,8443,6/3/2015,5/30/2015,18:31:09,7,34,AH0,254,37.5612,Day,F,L,A,MYSE
151.909,8443,6/3/2015,5/25/2015,18:31:10,7,31.2,AH0,254,34.3759424,Day,F,L,A,MYSE
151.909,8443,6/3/2015,5/29/2015,18:31:11,7,32.6,AH0,248,36.1807608,Day,F,L,A,MYSE
151.909,8443,6/3/2015,5/30/2015,18:31:11,7,34,AH0,254,37.5612,Day,F,L,A,MYSE
151.909,8443,6/3/2015,5/25/2015,18:31:12,7,31.2,AH0,255,34.3759424,Day,F,L,A,MYSE
151.909,8443,6/3/2015,5/30/2015,18:31:12,7,34,AH0,254,37.5612,Day,F,L,A,MYSE
151.909,8443,6/3/2015,5/29/2015,18:31:13,7,32.6,AH0,250,36.1807608,Day,F,L,A,MYSE
151.909,8443,6/3/2015,5/24/2015,18:31:14,7,30.5,AH0,255,33.2974125,Day,F,L,A,MYSE
151.909,8443,6/3/2015,5/25/2015,18:31:14,7,31.2,AH0,255,34.3759424,Day,F,L,A,MYSE
151.909,8443,6/3/2015,5/24/2015,18:31:16,7,30.5,AH0,255,33.2974125,Day,F,L,A,MYSE
151.909,8443,6/3/2015,5/24/2015,18:31:18,7,30.5,AH0,255,33.2974125,Day,F,L,A,MYSE
151.909,8443,6/3/2015,5/26/2015,18:31:19,7,31.3,AH0,213,34.5200901,Day,F,L,A,MYSE
151.909,8443,6/3/2015,5/24/2015,18:31:20,7,30.5,AH0,255,33.2974125,Day,F,L,A,MYSE
151.909,8443,6/3/2015,5/26/2015,18:31:21,7,31.3,AH0,215,34.5200901,Day,F,L,A,MYSE
151.909,8443,6/3/2015,5/26/2015,18:31:23,7,31.3,AH0,214,34.5200901,Day,F,L,A,MYSE
151.909,8443,6/3/2015,5/26/2015,18:31:24,7,31.3,AH0,215,34.5200901,Day,F,L,A,MYSE
151.909,8443,6/3/2015,5/29/2015,18:31:26,7,32.6,AH0,249,36.1807608,Day,F,L,A,MYSE
151.909,8443,6/3/2015,5/30/2015,18:31:26,7,34,AH0,254,37.5612,Day,F,L,A,MYSE
151.909,8443,6/3/2015,5/29/2015,18:31:27,7,32.6,AH0,249,36.1807608,Day,F,L,A,MYSE
151.909,8443,6/3/2015,5/25/2015,18:31:28,7,31.2,AH0,254,34.3759424,Day,F,L,A,MYSE
151.909,8443,6/3/2015,5/30/2015,18:31:28,7,34,AH0,254,37.5612,Day,F,L,A,MYSE
151.909,8443,6/3/2015,5/25/2015,18:31:29,7,31.2,AH0,255,34.3759424,Day,F,L,A,MYSE
151.909,8443,6/3/2015,5/29/2015,18:31:29,7,32.6,AH0,247,36.1807608,Day,F,L,A,MYSE
151.909,8443,6/3/2015,5/30/2015,18:31:30,7,34,AH0,254,37.5612,Day,F,L,A,MYSE
151.909,8443,6/3/2015,5/25/2015,18:31:31,7,31.2,AH0,255,34.3759424,Day,F,L,A,MYSE
151.909,8443,6/3/2015,5/29/2015,18:31:31,7,32.6,AH0,249,36.1807608,Day,F,L,A,MYSE
151.909,8443,6/3/2015,5/30/2015,18:31:32,7,34,AH0,253,37.5612,Day,F,L,A,MYSE
151.909,8443,6/3/2015,5/25/2015,18:31:33,7,31.2,AH0,255,34.3759424,Day,F,L,A,MYSE
151.909,8443,6/3/2015,5/29/2015,18:31:33,7,32.6,AH0,248,36.1807608,Day,F,L,A,MYSE
151.909,8443,6/3/2015,5/24/2015,18:31:34,7,30.4,AH0,255,33.1331712,Day,F,L,A,MYSE
151.909,8443,6/3/2015,5/30/2015,18:31:34,7,34,AH0,254,37.5612,Day,F,L,A,MYSE
151.909,8443,6/3/2015,5/24/2015,18:31:36,7,30.4,AH0,255,33.1331712,Day,F,L,A,MYSE
151.909,8443,6/3/2015,5/24/2015,18:31:38,7,30.4,AH0,255,33.1331712,Day,F,L,A,MYSE
151.909,8443,6/3/2015,5/26/2015,18:31:38,7,31.3,AH0,217,34.5200901,Day,F,L,A,MYSE
151.909,8443,6/3/2015,5/24/2015,18:31:40,7,30.4,AH0,255,33.1331712,Day,F,L,A,MYSE
151.909,8443,6/3/2015,5/26/2015,18:31:40,7,31.4,AH0,217,34.6618152,Day,F,L,A,MYSE
151.909,8443,6/3/2015,5/26/2015,18:31:42,7,31.4,AH0,219,34.6618152,Day,F,L,A,MYSE
151.909,8443,6/3/2015,5/26/2015,18:31:44,7,31.4,AH0,214,34.6618152,Day,F,L,A,MYSE
151.909,8443,6/3/2015,5/29/2015,18:31:46,7,32.6,AH0,249,36.1807608,Day,F,L,A,MYSE
151.909,8443,6/3/2015,5/30/2015,18:31:46,7,34.3,AH0,254,37.8070131,Day,F,L,A,MYSE
151.909,8443,6/3/2015,5/25/2015,18:31:47,7,31.2,AH0,255,34.3759424,Day,F,L,A,MYSE
151.909,8443,6/3/2015,5/29/2015,18:31:48,7,32.6,AH0,246,36.1807608,Day,F,L,A,MYSE
151.909,8443,6/3/2015,5/30/2015,18:31:48,7,34.1,AH0,254,37.6449993,Day,F,L,A,MYSE
151.909,8443,6/3/2015,5/25/2015,18:31:49,7,31.2,AH0,255,34.3759424,Day,F,L,A,MYSE
151.909,8443,6/3/2015,5/30/2015,18:31:49,7,34.1,AH0,253,37.6449993,Day,F,L,A,MYSE
151.909,8443,6/3/2015,5/29/2015,18:31:50,7,32.6,AH0,248,36.1807608,Day,F,L,A,MYSE
151.909,8443,6/3/2015,5/25/2015,18:31:51,7,31.2,AH0,254,34.3759424,Day,F,L,A,MYSE
151.909,8443,6/3/2015,5/29/2015,18:31:51,7,32.6,AH0,247,36.1807608,Day,F,L,A,MYSE
151.909,8443,6/3/2015,5/30/2015,18:31:51,7,34.1,AH0,254,37.6449993,Day,F,L,A,MYSE
151.909,8443,6/3/2015,5/25/2015,18:31:53,7,31.2,AH0,255,34.3759424,Day,F,L,A,MYSE
151.909,8443,6/3/2015,5/29/2015,18:31:53,7,32.6,AH0,247,36.1807608,Day,F,L,A,MYSE
151.909,8443,6/3/2015,5/30/2015,18:31:53,7,34.1,AH0,254,37.6449993,Day,F,L,A,MYSE
151.909,8443,6/3/2015,5/24/2015,18:31:54,7,30.4,AH0,255,33.1331712,Day,F,L,A,MYSE
151.909,8443,6/3/2015,5/24/2015,18:31:56,7,30.4,AH0,255,33.1331712,Day,F,L,A,MYSE
151.909,8443,6/3/2015,5/24/2015,18:31:58,7,30.4,AH0,254,33.1331712,Day,F,L,A,MYSE
151.909,8443,6/3/2015,5/24/2015,18:31:59,7,30.4,AH0,255,33.1331712,Day,F,L,A,MYSE
151.909,8443,6/3/2015,5/26/2015,18:31:59,7,31.4,AH0,223,34.6618152,Day,F,L,A,MYSE
151.909,8443,6/3/2015,5/26/2015,18:32:01,7,31.4,AH0,224,34.6618152,Day,F,L,A,MYSE
151.909,8443,6/3/2015,5/26/2015,18:32:03,7,31.4,AH0,223,34.6618152,Day,F,L,A,MYSE
151.909,8443,6/3/2015,5/26/2015,18:32:05,7,31.4,AH0,223,34.6618152,Day,F,L,A,MYSE
151.909,8443,6/3/2015,5/29/2015,18:32:06,7,32.7,AH0,250,36.2927939,Day,F,L,A,MYSE
151.909,8443,6/3/2015,5/30/2015,18:32:07,7,34.1,AH0,254,37.6449993,Day,F,L,A,MYSE
151.909,8443,6/3/2015,5/25/2015,18:32:08,7,31.3,AH0,255,34.5200901,Day,F,L,A,MYSE
151.909,8443,6/3/2015,5/29/2015,18:32:08,7,32.7,AH0,247,36.2927939,Day,F,L,A,MYSE
151.909,8443,6/3/2015,5/30/2015,18:32:09,7,34.1,AH0,255,37.6449993,Day,F,L,A,MYSE
151.909,8443,6/3/2015,5/25/2015,18:32:10,7,31.3,AH0,254,34.5200901,Day,F,L,A,MYSE
151.909,8443,6/3/2015,5/29/2015,18:32:10,7,32.7,AH0,250,36.2927939,Day,F,L,A,MYSE
151.909,8443,6/3/2015,5/30/2015,18:32:11,7,34.1,AH0,254,37.6449993,Day,F,L,A,MYSE
151.909,8443,6/3/2015,5/25/2015,18:32:12,7,31.3,AH0,255,34.5200901,Day,F,L,A,MYSE
151.909,8443,6/3/2015,5/29/2015,18:32:12,7,32.7,AH0,247,36.2927939,Day,F,L,A,MYSE
151.909,8443,6/3/2015,5/30/2015,18:32:12,7,34.1,AH0,254,37.6449993,Day,F,L,A,MYSE
151.909,8443,6/3/2015,5/24/2015,18:32:13,7,30.3,AH0,254,32.9663291,Day,F,L,A,MYSE
151.909,8443,6/3/2015,5/29/2015,18:32:13,7,32.7,AH0,248,36.2927939,Day,F,L,A,MYSE
151.909,8443,6/3/2015,5/25/2015,18:32:14,7,31.3,AH0,255,34.5200901,Day,F,L,A,MYSE
151.909,8443,6/3/2015,5/30/2015,18:32:14,7,34.1,AH0,255,37.6449993,Day,F,L,A,MYSE
151.909,8443,6/3/2015,5/24/2015,18:32:15,7,30.2,AH0,255,32.7968664,Day,F,L,A,MYSE
151.909,8443,6/3/2015,5/24/2015,18:32:17,7,30.2,AH0,255,32.7968664,Day,F,L,A,MYSE
151.909,8443,6/3/2015,5/26/2015,18:32:18,7,31.5,AH0,224,34.8011375,Day,F,L,A,MYSE
151.909,8443,6/3/2015,5/24/2015,18:32:19,7,30.2,AH0,254,32.7968664,Day,F,L,A,MYSE
151.909,8443,6/3/2015,5/26/2015,18:32:20,7,31.5,AH0,225,34.8011375,Day,F,L,A,MYSE
151.909,8443,6/3/2015,5/26/2015,18:32:22,7,31.5,AH0,222,34.8011375,Day,F,L,A,MYSE
151.909,8443,6/3/2015,5/26/2015,18:32:24,7,31.5,AH0,226,34.8011375,Day,F,L,A,MYSE
151.909,8443,6/3/2015,5/29/2015,18:32:26,7,32.7,AH0,248,36.2927939,Day,F,L,A,MYSE
151.909,8443,6/3/2015,5/30/2015,18:32:26,7,34.1,AH0,255,37.6449993,Day,F,L,A,MYSE
151.909,8443,6/3/2015,5/25/2015,18:32:27,7,31.3,AH0,254,34.5200901,Day,F,L,A,MYSE
151.909,8443,6/3/2015,5/29/2015,18:32:28,7,32.7,AH0,250,36.2927939,Day,F,L,A,MYSE
151.909,8443,6/3/2015,5/30/2015,18:32:28,7,34.1,AH0,254,37.6449993,Day,F,L,A,MYSE
151.909,8443,6/3/2015,5/25/2015,18:32:29,7,31.3,AH0,254,34.5200901,Day,F,L,A,MYSE
151.909,8443,6/3/2015,5/29/2015,18:32:30,7,32.7,AH0,249,36.2927939,Day,F,L,A,MYSE
151.909,8443,6/3/2015,5/30/2015,18:32:30,7,34.1,AH0,254,37.6449993,Day,F,L,A,MYSE
151.909,8443,6/3/2015,5/25/2015,18:32:31,7,31.3,AH0,255,34.5200901,Day,F,L,A,MYSE
151.909,8443,6/3/2015,5/29/2015,18:32:32,7,32.7,AH0,247,36.2927939,Day,F,L,A,MYSE
151.909,8443,6/3/2015,5/30/2015,18:32:32,7,34.1,AH0,253,37.6449993,Day,F,L,A,MYSE
151.909,8443,6/3/2015,5/24/2015,18:32:33,7,30.1,AH0,255,32.6247633,Day,F,L,A,MYSE
151.909,8443,6/3/2015,5/25/2015,18:32:33,7,31.3,AH0,255,34.5200901,Day,F,L,A,MYSE
151.909,8443,6/3/2015,5/30/2015,18:32:33,7,34.1,AH0,253,37.6449993,Day,F,L,A,MYSE
151.909,8443,6/3/2015,5/24/2015,18:32:35,7,30.1,AH0,255,32.6247633,Day,F,L,A,MYSE
151.909,8443,6/3/2015,5/24/2015,18:32:37,7,30,AH0,255,32.45,Day,F,L,A,MYSE
151.909,8443,6/3/2015,5/24/2015,18:32:39,7,30.1,AH0,255,32.6247633,Day,F,L,A,MYSE
151.909,8443,6/3/2015,5/26/2015,18:32:39,7,31.5,AH0,222,34.8011375,Day,F,L,A,MYSE
151.909,8443,6/3/2015,5/26/2015,18:32:41,7,31.5,AH0,223,34.8011375,Day,F,L,A,MYSE
151.909,8443,6/3/2015,5/26/2015,18:32:43,7,31.5,AH0,224,34.8011375,Day,F,L,A,MYSE
151.909,8443,6/3/2015,5/26/2015,18:32:45,7,31.5,AH0,221,34.8011375,Day,F,L,A,MYSE
151.909,8443,6/3/2015,5/25/2015,18:32:46,7,31.4,AH0,255,34.6618152,Day,F,L,A,MYSE
151.909,8443,6/3/2015,5/29/2015,18:32:46,7,32.8,AH0,250,36.4026816,Day,F,L,A,MYSE
151.909,8443,6/3/2015,5/30/2015,18:32:47,7,34.2,AH0,254,37.7269304,Day,F,L,A,MYSE
151.909,8443,6/3/2015,5/25/2015,18:32:48,7,31.3,AH0,255,34.5200901,Day,F,L,A,MYSE
151.909,8443,6/3/2015,5/29/2015,18:32:48,7,32.8,AH0,248,36.4026816,Day,F,L,A,MYSE
151.909,8443,6/3/2015,5/30/2015,18:32:49,7,34.2,AH0,254,37.7269304,Day,F,L,A,MYSE
151.909,8443,6/3/2015,5/25/2015,18:32:50,7,31.3,AH0,254,34.5200901,Day,F,L,A,MYSE
151.909,8443,6/3/2015,5/29/2015,18:32:50,7,32.8,AH0,250,36.4026816,Day,F,L,A,MYSE
151.909,8443,6/3/2015,5/30/2015,18:32:51,7,34.2,AH0,254,37.7269304,Day,F,L,A,MYSE
151.909,8443,6/3/2015,5/25/2015,18:32:52,7,31.3,AH0,255,34.5200901,Day,F,L,A,MYSE
151.909,8443,6/3/2015,5/29/2015,18:32:52,7,32.8,AH0,248,36.4026816,Day,F,L,A,MYSE
151.909,8443,6/3/2015,5/24/2015,18:32:53,7,30.2,AH0,255,32.7968664,Day,F,L,A,MYSE
151.909,8443,6/3/2015,5/30/2015,18:32:53,7,34.2,AH0,254,37.7269304,Day,F,L,A,MYSE
151.909,8443,6/3/2015,5/25/2015,18:32:54,7,31.4,AH0,255,34.6618152,Day,F,L,A,MYSE
151.909,8443,6/3/2015,5/24/2015,18:32:55,7,30.2,AH0,255,32.7968664,Day,F,L,A,MYSE
151.909,8443,6/3/2015,5/24/2015,18:32:57,7,30.2,AH0,255,32.7968664,Day,F,L,A,MYSE
151.909,8443,6/3/2015,5/26/2015,18:32:58,7,31.5,AH0,225,34.8011375,Day,F,L,A,MYSE
151.909,8443,6/3/2015,5/24/2015,18:32:59,7,30.2,AH0,255,32.7968664,Day,F,L,A,MYSE
151.909,8443,6/3/2015,5/26/2015,18:33:00,7,31.5,AH0,223,34.8011375,Day,F,L,A,MYSE
151.909,8443,6/3/2015,5/26/2015,18:33:02,7,31.5,AH0,222,34.8011375,Day,F,L,A,MYSE
151.909,8443,6/3/2015,5/26/2015,18:33:04,7,31.5,AH0,225,34.8011375,Day,F,L,A,MYSE
151.909,8443,6/3/2015,5/25/2015,18:33:07,7,31.5,AH0,255,34.8011375,Day,F,L,A,MYSE
151.909,8443,6/3/2015,5/29/2015,18:33:07,7,32.8,AH0,248,36.4026816,Day,F,L,A,MYSE
151.909,8443,6/3/2015,5/30/2015,18:33:07,7,34.2,AH0,254,37.7269304,Day,F,L,A,MYSE
151.909,8443,6/3/2015,5/29/2015,18:33:08,7,32.8,AH0,247,36.4026816,Day,F,L,A,MYSE
151.909,8443,6/3/2015,5/30/2015,18:33:08,7,34.2,AH0,254,37.7269304,Day,F,L,A,MYSE
151.909,8443,6/3/2015,5/25/2015,18:33:09,7,31.5,AH0,255,34.8011375,Day,F,L,A,MYSE
151.909,8443,6/3/2015,5/29/2015,18:33:10,7,32.8,AH0,246,36.4026816,Day,F,L,A,MYSE
151.909,8443,6/3/2015,5/30/2015,18:33:10,7,34.2,AH0,255,37.7269304,Day,F,L,A,MYSE
151.909,8443,6/3/2015,5/25/2015,18:33:11,7,31.5,AH0,255,34.8011375,Day,F,L,A,MYSE
151.909,8443,6/3/2015,5/29/2015,18:33:12,7,32.8,AH0,248,36.4026816,Day,F,L,A,MYSE
151.909,8443,6/3/2015,5/30/2015,18:33:12,7,34.2,AH0,254,37.7269304,Day,F,L,A,MYSE
151.909,8443,6/3/2015,5/24/2015,18:33:13,7,30.3,AH0,255,32.9663291,Day,F,L,A,MYSE
151.909,8443,6/3/2015,5/25/2015,18:33:13,7,31.6,AH0,255,34.9380768,Day,F,L,A,MYSE
151.909,8443,6/3/2015,5/30/2015,18:33:14,7,34.2,AH0,254,37.7269304,Day,F,L,A,MYSE
151.909,8443,6/3/2015,5/24/2015,18:33:15,7,30.3,AH0,255,32.9663291,Day,F,L,A,MYSE
151.909,8443,6/3/2015,5/24/2015,18:33:17,7,30.4,AH0,255,33.1331712,Day,F,L,A,MYSE
151.909,8443,6/3/2015,5/24/2015,18:33:19,7,30.3,AH0,255,32.9663291,Day,F,L,A,MYSE
151.909,8443,6/3/2015,5/26/2015,18:33:19,7,31.5,AH0,222,34.8011375,Day,F,L,A,MYSE
151.909,8443,6/3/2015,5/26/2015,18:33:21,7,31.5,AH0,225,34.8011375,Day,F,L,A,MYSE
151.909,8443,6/3/2015,5/26/2015,18:33:23,7,31.5,AH0,221,34.8011375,Day,F,L,A,MYSE
151.909,8443,6/3/2015,5/26/2015,18:33:25,7,31.5,AH0,225,34.8011375,Day,F,L,A,MYSE
151.909,8443,6/3/2015,5/30/2015,18:33:26,7,34.2,AH0,254,37.7269304,Day,F,L,A,MYSE
151.909,8443,6/3/2015,5/25/2015,18:33:27,7,31.7,AH0,255,35.0726529,Day,F,L,A,MYSE
151.909,8443,6/3/2015,5/29/2015,18:33:27,7,32.9,AH0,248,36.5104437,Day,F,L,A,MYSE
151.909,8443,6/3/2015,5/30/2015,18:33:28,7,34.2,AH0,254,37.7269304,Day,F,L,A,MYSE
151.909,8443,6/3/2015,5/25/2015,18:33:29,7,31.7,AH0,255,35.0726529,Day,F,L,A,MYSE
151.909,8443,6/3/2015,5/29/2015,18:33:29,7,32.8,AH0,248,36.4026816,Day,F,L,A,MYSE
151.909,8443,6/3/2015,5/29/2015,18:33:30,7,32.9,AH0,249,36.5104437,Day,F,L,A,MYSE
151.909,8443,6/3/2015,5/30/2015,18:33:30,7,34.2,AH0,255,37.7269304,Day,F,L,A,MYSE
151.909,8443,6/3/2015,5/25/2015,18:33:31,7,31.7,AH0,255,35.0726529,Day,F,L,A,MYSE
151.909,8443,6/3/2015,5/30/2015,18:33:31,7,34.2,AH0,252,37.7269304,Day,F,L,A,MYSE
151.909,8443,6/3/2015,5/25/2015,18:33:32,7,31.7,AH0,255,35.0726529,Day,F,L,A,MYSE
151.909,8443,6/3/2015,5/29/2015,18:33:32,7,32.9,AH0,246,36.5104437,Day,F,L,A,MYSE
151.909,8443,6/3/2015,5/24/2015,18:33:33,7,30.2,AH0,255,32.7968664,Day,F,L,A,MYSE
151.909,8443,6/3/2015,5/30/2015,18:33:33,7,34.2,AH0,253,37.7269304,Day,F,L,A,MYSE
151.909,8443,6/3/2015,5/24/2015,18:33:35,7,30.2,AH0,255,32.7968664,Day,F,L,A,MYSE
151.909,8443,6/3/2015,5/24/2015,18:33:37,7,30.2,AH0,255,32.7968664,Day,F,L,A,MYSE
151.909,8443,6/3/2015,5/26/2015,18:33:38,7,31.5,AH0,221,34.8011375,Day,F,L,A,MYSE
151.909,8443,6/3/2015,5/24/2015,18:33:39,7,30.1,AH0,255,32.6247633,Day,F,L,A,MYSE
151.909,8443,6/3/2015,5/26/2015,18:33:40,7,31.5,AH0,222,34.8011375,Day,F,L,A,MYSE
151.909,8443,6/3/2015,5/26/2015,18:33:42,7,31.5,AH0,223,34.8011375,Day,F,L,A,MYSE
151.909,8443,6/3/2015,5/26/2015,18:33:44,7,31.5,AH0,224,34.8011375,Day,F,L,A,MYSE
151.909,8443,6/3/2015,5/29/2015,18:33:47,7,32.9,AH0,250,36.5104437,Day,F,L,A,MYSE
151.909,8443,6/3/2015,5/30/2015,18:33:47,7,34.3,AH0,254,37.8070131,Day,F,L,A,MYSE
151.909,8443,6/3/2015,5/25/2015,18:33:48,7,31.7,AH0,253,35.0726529,Day,F,L,A,MYSE
151.909,8443,6/3/2015,5/25/2015,18:33:49,7,31.7,AH0,254,35.0726529,Day,F,L,A,MYSE
151.909,8443,6/3/2015,5/29/2015,18:33:49,7,32.9,AH0,251,36.5104437,Day,F,L,A,MYSE
151.909,8443,6/3/2015,5/30/2015,18:33:49,7,34.3,AH0,254,37.8070131,Day,F,L,A,MYSE
151.909,8443,6/3/2015,5/29/2015,18:33:50,7,32.9,AH0,248,36.5104437,Day,F,L,A,MYSE
151.909,8443,6/3/2015,5/25/2015,18:33:51,7,31.7,AH0,255,35.0726529,Day,F,L,A,MYSE
151.909,8443,6/3/2015,5/30/2015,18:33:51,7,34.3,AH0,254,37.8070131,Day,F,L,A,MYSE
151.909,8443,6/3/2015,5/29/2015,18:33:52,7,32.9,AH0,248,36.5104437,Day,F,L,A,MYSE
151.909,8443,6/3/2015,5/30/2015,18:33:52,7,34.3,AH0,254,37.8070131,Day,F,L,A,MYSE
151.909,8443,6/3/2015,5/24/2015,18:33:53,7,30,AH0,255,32.45,Day,F,L,A,MYSE
151.909,8443,6/3/2015,5/25/2015,18:33:54,7,23.8,AH0,255,15.5943576,Day,F,L,A,MYSE
151.909,8443,6/3/2015,5/24/2015,18:33:55,7,30,AH0,255,32.45,Day,F,L,A,MYSE
151.909,8443,6/3/2015,5/24/2015,18:33:57,7,30,AH0,255,32.45,Day,F,L,A,MYSE
151.909,8443,6/3/2015,5/24/2015,18:33:59,7,30,AH0,255,32.45,Day,F,L,A,MYSE
151.909,8443,6/3/2015,5/26/2015,18:33:59,7,31.5,AH0,219,34.8011375,Day,F,L,A,MYSE
151.909,8443,6/3/2015,5/26/2015,18:34:01,7,31.5,AH0,223,34.8011375,Day,F,L,A,MYSE
151.909,8443,6/3/2015,5/26/2015,18:34:03,7,31.5,AH0,224,34.8011375,Day,F,L,A,MYSE
151.909,8443,6/3/2015,5/26/2015,18:34:05,7,31.5,AH0,222,34.8011375,Day,F,L,A,MYSE
151.909,8443,6/3/2015,5/30/2015,18:34:06,7,34.3,AH0,255,37.8070131,Day,F,L,A,MYSE
151.909,8443,6/3/2015,5/25/2015,18:34:07,7,25.8,AH0,243,22.4455496,Day,F,L,A,MYSE
151.909,8443,6/3/2015,5/29/2015,18:34:07,7,32.9,AH0,248,36.5104437,Day,F,L,A,MYSE
151.909,8443,6/3/2015,5/30/2015,18:34:08,7,34.3,AH0,254,37.8070131,Day,F,L,A,MYSE
151.909,8443,6/3/2015,5/25/2015,18:34:09,7,31.7,AH0,246,35.0726529,Day,F,L,A,MYSE
151.909,8443,6/3/2015,5/29/2015,18:34:09,7,32.9,AH0,247,36.5104437,Day,F,L,A,MYSE
151.909,8443,6/3/2015,5/30/2015,18:34:10,7,34.3,AH0,254,37.8070131,Day,F,L,A,MYSE
151.909,8443,6/3/2015,5/25/2015,18:34:11,7,31.7,AH0,244,35.0726529,Day,F,L,A,MYSE
151.909,8443,6/3/2015,5/29/2015,18:34:11,7,32.9,AH0,249,36.5104437,Day,F,L,A,MYSE
151.909,8443,6/3/2015,5/29/2015,18:34:12,7,32.9,AH0,247,36.5104437,Day,F,L,A,MYSE
151.909,8443,6/3/2015,5/30/2015,18:34:12,7,34.3,AH0,254,37.8070131,Day,F,L,A,MYSE
151.909,8443,6/3/2015,5/24/2015,18:34:13,7,30.1,AH0,255,32.6247633,Day,F,L,A,MYSE
151.909,8443,6/3/2015,5/25/2015,18:34:13,7,31.7,AH0,243,35.0726529,Day,F,L,A,MYSE
151.909,8443,6/3/2015,5/30/2015,18:34:13,7,34.3,AH0,255,37.8070131,Day,F,L,A,MYSE
151.909,8443,6/3/2015,5/24/2015,18:34:15,7,30.1,AH0,255,32.6247633,Day,F,L,A,MYSE
151.909,8443,6/3/2015,5/24/2015,18:34:17,7,30.1,AH0,255,32.6247633,Day,F,L,A,MYSE
151.909,8443,6/3/2015,5/26/2015,18:34:18,7,31.4,AH0,221,34.6618152,Day,F,L,A,MYSE
151.909,8443,6/3/2015,5/24/2015,18:34:19,7,30.1,AH0,255,32.6247633,Day,F,L,A,MYSE
151.909,8443,6/3/2015,5/26/2015,18:34:20,7,31.4,AH0,221,34.6618152,Day,F,L,A,MYSE
151.909,8443,6/3/2015,5/26/2015,18:34:22,7,31.4,AH0,222,34.6618152,Day,F,L,A,MYSE
151.909,8443,6/3/2015,5/26/2015,18:34:24,7,31.4,AH0,223,34.6618152,Day,F,L,A,MYSE
151.909,8443,6/3/2015,5/29/2015,18:34:27,7,32.9,AH0,252,36.5104437,Day,F,L,A,MYSE
151.909,8443,6/3/2015,5/30/2015,18:34:27,7,34.4,AH0,254,37.8852672,Day,F,L,A,MYSE
151.909,8443,6/3/2015,5/25/2015,18:34:28,7,31.7,AH0,248,35.0726529,Day,F,L,A,MYSE
151.909,8443,6/3/2015,5/29/2015,18:34:29,7,32.9,AH0,250,36.5104437,Day,F,L,A,MYSE
151.909,8443,6/3/2015,5/30/2015,18:34:29,7,34.4,AH0,254,37.8852672,Day,F,L,A,MYSE
151.909,8443,6/3/2015,5/25/2015,18:34:30,7,31.6,AH0,245,34.9380768,Day,F,L,A,MYSE
151.909,8443,6/3/2015,5/29/2015,18:34:31,7,32.9,AH0,251,36.5104437,Day,F,L,A,MYSE
151.909,8443,6/3/2015,5/30/2015,18:34:31,7,34.4,AH0,253,37.8852672,Day,F,L,A,MYSE
151.909,8443,6/3/2015,5/25/2015,18:34:32,7,31.6,AH0,247,34.9380768,Day,F,L,A,MYSE
151.909,8443,6/3/2015,5/29/2015,18:34:32,7,32.9,AH0,250,36.5104437,Day,F,L,A,MYSE
151.909,8443,6/3/2015,5/30/2015,18:34:32,7,34.4,AH0,255,37.8852672,Day,F,L,A,MYSE
151.909,8443,6/3/2015,5/24/2015,18:34:33,7,30,AH0,255,32.45,Day,F,L,A,MYSE
151.909,8443,6/3/2015,5/25/2015,18:34:33,7,31.6,AH0,250,34.9380768,Day,F,L,A,MYSE
151.909,8443,6/3/2015,5/24/2015,18:34:35,7,30,AH0,255,32.45,Day,F,L,A,MYSE
151.909,8443,6/3/2015,5/24/2015,18:34:37,7,30,AH0,255,32.45,Day,F,L,A,MYSE
151.909,8443,6/3/2015,5/24/2015,18:34:39,7,29.9,AH0,255,32.2725567,Day,F,L,A,MYSE
151.909,8443,6/3/2015,5/26/2015,18:34:39,7,31.4,AH0,224,34.6618152,Day,F,L,A,MYSE
151.909,8443,6/3/2015,5/26/2015,18:34:41,7,31.4,AH0,223,34.6618152,Day,F,L,A,MYSE
151.909,8443,6/3/2015,5/26/2015,18:34:43,7,31.4,AH0,222,34.6618152,Day,F,L,A,MYSE
151.909,8443,6/3/2015,5/26/2015,18:34:45,7,31.4,AH0,224,34.6618152,Day,F,L,A,MYSE
151.909,8443,6/3/2015,5/30/2015,18:34:46,7,34.5,AH0,253,37.9617125,Day,F,L,A,MYSE
151.909,8443,6/3/2015,5/25/2015,18:34:47,7,31.6,AH0,255,34.9380768,Day,F,L,A,MYSE
151.909,8443,6/3/2015,5/29/2015,18:34:47,7,32.9,AH0,252,36.5104437,Day,F,L,A,MYSE
151.909,8443,6/3/2015,5/30/2015,18:34:48,7,34.5,AH0,254,37.9617125,Day,F,L,A,MYSE
151.909,8443,6/3/2015,5/25/2015,18:34:49,7,31.6,AH0,255,34.9380768,Day,F,L,A,MYSE
151.909,8443,6/3/2015,5/29/2015,18:34:49,7,32.9,AH0,248,36.5104437,Day,F,L,A,MYSE
151.909,8443,6/3/2015,5/25/2015,18:34:50,7,31.6,AH0,255,34.9380768,Day,F,L,A,MYSE
151.909,8443,6/3/2015,5/30/2015,18:34:50,7,34.5,AH0,255,37.9617125,Day,F,L,A,MYSE
151.909,8443,6/3/2015,5/29/2015,18:34:51,7,32.9,AH0,252,36.5104437,Day,F,L,A,MYSE
151.909,8443,6/3/2015,5/25/2015,18:34:52,7,31.6,AH0,255,34.9380768,Day,F,L,A,MYSE
151.909,8443,6/3/2015,5/29/2015,18:34:52,7,32.9,AH0,248,36.5104437,Day,F,L,A,MYSE
151.909,8443,6/3/2015,5/30/2015,18:34:52,7,34.5,AH0,254,37.9617125,Day,F,L,A,MYSE
151.909,8443,6/3/2015,5/24/2015,18:34:53,7,29.9,AH0,255,32.2725567,Day,F,L,A,MYSE
151.909,8443,6/3/2015,5/30/2015,18:34:53,7,34.5,AH0,254,37.9617125,Day,F,L,A,MYSE
151.909,8443,6/3/2015,5/24/2015,18:34:55,7,29.9,AH0,255,32.2725567,Day,F,L,A,MYSE
151.909,8443,6/3/2015,5/24/2015,18:34:57,7,29.9,AH0,255,32.2725567,Day,F,L,A,MYSE
151.909,8443,6/3/2015,5/26/2015,18:34:58,7,31.4,AH0,223,34.6618152,Day,F,L,A,MYSE
151.909,8443,6/3/2015,5/24/2015,18:34:59,7,29.9,AH0,255,32.2725567,Day,F,L,A,MYSE
151.909,8443,6/3/2015,5/26/2015,18:35:00,7,31.4,AH0,221,34.6618152,Day,F,L,A,MYSE
151.909,8443,6/3/2015,5/26/2015,18:35:02,7,31.4,AH0,222,34.6618152,Day,F,L,A,MYSE
151.909,8443,6/3/2015,5/26/2015,18:35:04,7,31.4,AH0,221,34.6618152,Day,F,L,A,MYSE
151.909,8443,6/3/2015,5/29/2015,18:35:07,7,33,AH0,250,36.6161,Day,F,L,A,MYSE
151.909,8443,6/3/2015,5/30/2015,18:35:07,7,34.5,AH0,255,37.9617125,Day,F,L,A,MYSE
151.909,8443,6/3/2015,5/25/2015,18:35:08,7,31.7,AH0,255,35.0726529,Day,F,L,A,MYSE
151.909,8443,6/3/2015,5/25/2015,18:35:09,7,31.7,AH0,255,35.0726529,Day,F,L,A,MYSE
151.909,8443,6/3/2015,5/29/2015,18:35:09,7,33,AH0,250,36.6161,Day,F,L,A,MYSE
151.909,8443,6/3/2015,5/30/2015,18:35:09,7,34.5,AH0,255,37.9617125,Day,F,L,A,MYSE
151.909,8443,6/3/2015,5/25/2015,18:35:11,7,31.7,AH0,255,35.0726529,Day,F,L,A,MYSE
151.909,8443,6/3/2015,5/29/2015,18:35:11,7,33,AH0,251,36.6161,Day,F,L,A,MYSE
151.909,8443,6/3/2015,5/30/2015,18:35:11,7,34.5,AH0,255,37.9617125,Day,F,L,A,MYSE
151.909,8443,6/3/2015,5/29/2015,18:35:12,7,33,AH0,248,36.6161,Day,F,L,A,MYSE
151.909,8443,6/3/2015,5/24/2015,18:35:13,7,29.8,AH0,255,32.0924136,Day,F,L,A,MYSE
151.909,8443,6/3/2015,5/25/2015,18:35:13,7,31.7,AH0,255,35.0726529,Day,F,L,A,MYSE
151.909,8443,6/3/2015,5/30/2015,18:35:13,7,34.5,AH0,254,37.9617125,Day,F,L,A,MYSE
151.909,8443,6/3/2015,5/24/2015,18:35:15,7,29.8,AH0,255,32.0924136,Day,F,L,A,MYSE
151.909,8443,6/3/2015,5/24/2015,18:35:17,7,29.8,AH0,255,32.0924136,Day,F,L,A,MYSE
151.909,8443,6/3/2015,5/26/2015,18:35:17,7,31.4,AH0,224,34.6618152,Day,F,L,A,MYSE
151.909,8443,6/3/2015,5/24/2015,18:35:19,7,29.8,AH0,255,32.0924136,Day,F,L,A,MYSE
151.909,8443,6/3/2015,5/26/2015,18:35:19,7,31.4,AH0,222,34.6618152,Day,F,L,A,MYSE
151.909,8443,6/3/2015,5/26/2015,18:35:21,7,31.4,AH0,221,34.6618152,Day,F,L,A,MYSE
151.909,8443,6/3/2015,5/26/2015,18:35:23,7,31.4,AH0,222,34.6618152,Day,F,L,A,MYSE
151.909,8443,6/3/2015,5/26/2015,18:35:25,7,31.4,AH0,223,34.6618152,Day,F,L,A,MYSE
151.909,8443,6/3/2015,5/25/2015,18:35:26,7,31.7,AH0,255,35.0726529,Day,F,L,A,MYSE
151.909,8443,6/3/2015,5/30/2015,18:35:26,7,34.6,AH0,252,38.0363688,Day,F,L,A,MYSE
151.909,8443,6/3/2015,5/29/2015,18:35:27,7,33,AH0,250,36.6161,Day,F,L,A,MYSE
151.909,8443,6/3/2015,5/25/2015,18:35:28,7,31.7,AH0,255,35.0726529,Day,F,L,A,MYSE
151.909,8443,6/3/2015,5/30/2015,18:35:28,7,34.6,AH0,254,38.0363688,Day,F,L,A,MYSE
151.909,8443,6/3/2015,5/29/2015,18:35:29,7,33,AH0,250,36.6161,Day,F,L,A,MYSE
151.909,8443,6/3/2015,5/25/2015,18:35:30,7,31.7,AH0,255,35.0726529,Day,F,L,A,MYSE
151.909,8443,6/3/2015,5/30/2015,18:35:30,7,34.6,AH0,254,38.0363688,Day,F,L,A,MYSE
151.909,8443,6/3/2015,5/29/2015,18:35:31,7,33,AH0,250,36.6161,Day,F,L,A,MYSE
151.909,8443,6/3/2015,5/25/2015,18:35:32,7,31.7,AH0,255,35.0726529,Day,F,L,A,MYSE
151.909,8443,6/3/2015,5/29/2015,18:35:32,7,33,AH0,246,36.6161,Day,F,L,A,MYSE
151.909,8443,6/3/2015,5/30/2015,18:35:32,7,34.6,AH0,254,38.0363688,Day,F,L,A,MYSE
151.909,8443,6/3/2015,5/24/2015,18:35:33,7,29.8,AH0,255,32.0924136,Day,F,L,A,MYSE
151.909,8443,6/3/2015,5/30/2015,18:35:33,7,34.6,AH0,254,38.0363688,Day,F,L,A,MYSE
151.909,8443,6/3/2015,5/25/2015,18:35:34,7,31.7,AH0,255,35.0726529,Day,F,L,A,MYSE
151.909,8443,6/3/2015,5/24/2015,18:35:35,7,29.8,AH0,255,32.0924136,Day,F,L,A,MYSE
151.909,8443,6/3/2015,5/24/2015,18:35:37,7,29.8,AH0,255,32.0924136,Day,F,L,A,MYSE
151.909,8443,6/3/2015,5/26/2015,18:35:37,7,31.4,AH0,223,34.6618152,Day,F,L,A,MYSE
151.909,8443,6/3/2015,5/24/2015,18:35:39,7,29.8,AH0,255,32.0924136,Day,F,L,A,MYSE
151.909,8443,6/3/2015,5/26/2015,18:35:39,7,31.4,AH0,222,34.6618152,Day,F,L,A,MYSE
151.909,8443,6/3/2015,5/26/2015,18:35:41,7,31.4,AH0,223,34.6618152,Day,F,L,A,MYSE
151.909,8443,6/3/2015,5/26/2015,18:35:43,7,31.4,AH0,225,34.6618152,Day,F,L,A,MYSE
151.909,8443,6/3/2015,5/25/2015,18:35:47,7,31.7,AH0,255,35.0726529,Day,F,L,A,MYSE
151.909,8443,6/3/2015,5/29/2015,18:35:47,7,33.1,AH0,248,36.7196703,Day,F,L,A,MYSE
151.909,8443,6/3/2015,5/30/2015,18:35:47,7,34.6,AH0,255,38.0363688,Day,F,L,A,MYSE
151.909,8443,6/3/2015,5/25/2015,18:35:49,7,31.7,AH0,255,35.0726529,Day,F,L,A,MYSE
151.909,8443,6/3/2015,5/29/2015,18:35:49,7,33.1,AH0,249,36.7196703,Day,F,L,A,MYSE
151.909,8443,6/3/2015,5/30/2015,18:35:49,7,34.6,AH0,254,38.0363688,Day,F,L,A,MYSE
151.909,8443,6/3/2015,5/25/2015,18:35:51,7,31.7,AH0,255,35.0726529,Day,F,L,A,MYSE
151.909,8443,6/3/2015,5/29/2015,18:35:51,7,33.1,AH0,247,36.7196703,Day,F,L,A,MYSE
151.909,8443,6/3/2015,5/30/2015,18:35:51,7,34.6,AH0,254,38.0363688,Day,F,L,A,MYSE
151.909,8443,6/3/2015,5/29/2015,18:35:52,7,33.1,AH0,250,36.7196703,Day,F,L,A,MYSE
151.909,8443,6/3/2015,5/30/2015,18:35:52,7,34.6,AH0,254,38.0363688,Day,F,L,A,MYSE
151.909,8443,6/3/2015,5/24/2015,18:35:53,7,29.8,AH0,255,32.0924136,Day,F,L,A,MYSE
151.909,8443,6/3/2015,5/25/2015,18:35:53,7,31.7,AH0,255,35.0726529,Day,F,L,A,MYSE
151.909,8443,6/3/2015,5/24/2015,18:35:55,7,29.8,AH0,255,32.0924136,Day,F,L,A,MYSE
151.909,8443,6/3/2015,5/26/2015,18:35:56,7,31.4,AH0,223,34.6618152,Day,F,L,A,MYSE
151.909,8443,6/3/2015,5/24/2015,18:35:57,7,29.8,AH0,255,32.0924136,Day,F,L,A,MYSE
151.909,8443,6/3/2015,5/26/2015,18:35:58,7,31.4,AH0,222,34.6618152,Day,F,L,A,MYSE
151.909,8443,6/3/2015,5/24/2015,18:35:59,7,29.8,AH0,255,32.0924136,Day,F,L,A,MYSE
151.909,8443,6/3/2015,5/26/2015,18:36:00,7,31.4,AH0,223,34.6618152,Day,F,L,A,MYSE
151.909,8443,6/3/2015,5/26/2015,18:36:02,7,31.4,AH0,222,34.6618152,Day,F,L,A,MYSE
151.909,8443,6/3/2015,5/26/2015,18:36:04,7,31.4,AH0,223,34.6618152,Day,F,L,A,MYSE
151.909,8443,6/3/2015,5/25/2015,18:36:06,7,31.7,AH0,255,35.0726529,Day,F,L,A,MYSE
151.909,8443,6/3/2015,5/30/2015,18:36:06,7,34.6,AH0,254,38.0363688,Day,F,L,A,MYSE
151.909,8443,6/3/2015,5/29/2015,18:36:07,7,33.1,AH0,250,36.7196703,Day,F,L,A,MYSE
151.909,8443,6/3/2015,5/25/2015,18:36:08,7,31.7,AH0,255,35.0726529,Day,F,L,A,MYSE
151.909,8443,6/3/2015,5/30/2015,18:36:08,7,34.6,AH0,254,38.0363688,Day,F,L,A,MYSE
151.909,8443,6/3/2015,5/29/2015,18:36:09,7,33.1,AH0,249,36.7196703,Day,F,L,A,MYSE
151.909,8443,6/3/2015,5/25/2015,18:36:10,7,31.7,AH0,255,35.0726529,Day,F,L,A,MYSE
151.909,8443,6/3/2015,5/30/2015,18:36:10,7,34.6,AH0,254,38.0363688,Day,F,L,A,MYSE
151.909,8443,6/3/2015,5/29/2015,18:36:11,7,33.1,AH0,249,36.7196703,Day,F,L,A,MYSE
151.909,8443,6/3/2015,5/25/2015,18:36:12,7,31.7,AH0,252,35.0726529,Day,F,L,A,MYSE
151.909,8443,6/3/2015,5/29/2015,18:36:12,7,33.1,AH0,250,36.7196703,Day,F,L,A,MYSE
151.909,8443,6/3/2015,5/30/2015,18:36:12,7,34.6,AH0,255,38.0363688,Day,F,L,A,MYSE
151.909,8443,6/3/2015,5/24/2015,18:36:13,7,29.8,AH0,255,32.0924136,Day,F,L,A,MYSE
151.909,8443,6/3/2015,5/30/2015,18:36:13,7,34.6,AH0,254,38.0363688,Day,F,L,A,MYSE
151.909,8443,6/3/2015,5/25/2015,18:36:14,7,31.7,AH0,250,35.0726529,Day,F,L,A,MYSE
151.909,8443,6/3/2015,5/24/2015,18:36:15,7,29.8,AH0,255,32.0924136,Day,F,L,A,MYSE
151.909,8443,6/3/2015,5/24/2015,18:36:17,7,29.8,AH0,255,32.0924136,Day,F,L,A,MYSE
151.909,8443,6/3/2015,5/26/2015,18:36:18,7,31.4,AH0,221,34.6618152,Day,F,L,A,MYSE
151.909,8443,6/3/2015,5/24/2015,18:36:19,7,29.8,AH0,255,32.0924136,Day,F,L,A,MYSE
151.909,8443,6/3/2015,5/26/2015,18:36:19,7,31.3,AH0,223,34.5200901,Day,F,L,A,MYSE
151.909,8443,6/3/2015,5/26/2015,18:36:21,7,31.3,AH0,224,34.5200901,Day,F,L,A,MYSE
151.909,8443,6/3/2015,5/26/2015,18:36:23,7,31.3,AH0,224,34.5200901,Day,F,L,A,MYSE
151.909,8443,6/3/2015,5/25/2015,18:36:27,7,31.8,AH0,253,35.2048856,Day,F,L,A,MYSE
151.909,8443,6/3/2015,5/29/2015,18:36:27,7,33.1,AH0,251,36.7196703,Day,F,L,A,MYSE
151.909,8443,6/3/2015,5/30/2015,18:36:27,7,34.5,AH0,255,37.9617125,Day,F,L,A,MYSE
151.909,8443,6/3/2015,5/25/2015,18:36:29,7,31.8,AH0,251,35.2048856,Day,F,L,A,MYSE
151.909,8443,6/3/2015,5/29/2015,18:36:29,7,33.1,AH0,251,36.7196703,Day,F,L,A,MYSE
151.909,8443,6/3/2015,5/30/2015,18:36:29,7,34.6,AH0,254,38.0363688,Day,F,L,A,MYSE
151.909,8443,6/3/2015,5/25/2015,18:36:31,7,31.8,AH0,254,35.2048856,Day,F,L,A,MYSE
151.909,8443,6/3/2015,5/29/2015,18:36:31,7,33.1,AH0,252,36.7196703,Day,F,L,A,MYSE
151.909,8443,6/3/2015,5/30/2015,18:36:31,7,34.6,AH0,254,38.0363688,Day,F,L,A,MYSE
151.909,8443,6/3/2015,5/29/2015,18:36:32,7,33.1,AH0,251,36.7196703,Day,F,L,A,MYSE
151.909,8443,6/3/2015,5/30/2015,18:36:32,7,34.5,AH0,253,37.9617125,Day,F,L,A,MYSE
151.909,8443,6/3/2015,5/24/2015,18:36:33,7,29.8,AH0,255,32.0924136,Day,F,L,A,MYSE
151.909,8443,6/3/2015,5/25/2015,18:36:33,7,31.8,AH0,254,35.2048856,Day,F,L,A,MYSE
151.909,8443,6/3/2015,5/24/2015,18:36:35,7,29.8,AH0,255,32.0924136,Day,F,L,A,MYSE
151.909,8443,6/3/2015,5/24/2015,18:36:37,7,29.8,AH0,255,32.0924136,Day,F,L,A,MYSE
151.909,8443,6/3/2015,5/26/2015,18:36:37,7,31.3,AH0,225,34.5200901,Day,F,L,A,MYSE
151.909,8443,6/3/2015,5/24/2015,18:36:39,7,29.8,AH0,255,32.0924136,Day,F,L,A,MYSE
151.909,8443,6/3/2015,5/26/2015,18:36:39,7,31.3,AH0,224,34.5200901,Day,F,L,A,MYSE
151.909,8443,6/3/2015,5/26/2015,18:36:41,7,31.3,AH0,223,34.5200901,Day,F,L,A,MYSE
151.909,8443,6/3/2015,5/26/2015,18:36:42,7,31.3,AH0,223,34.5200901,Day,F,L,A,MYSE
151.909,8443,6/3/2015,5/30/2015,18:36:46,7,34.6,AH0,254,38.0363688,Day,F,L,A,MYSE
151.909,8443,6/3/2015,5/25/2015,18:36:47,7,31.8,AH0,255,35.2048856,Day,F,L,A,MYSE
151.909,8443,6/3/2015,5/29/2015,18:36:47,7,33.1,AH0,250,36.7196703,Day,F,L,A,MYSE
151.909,8443,6/3/2015,5/30/2015,18:36:48,7,34.6,AH0,253,38.0363688,Day,F,L,A,MYSE
151.909,8443,6/3/2015,5/25/2015,18:36:49,7,31.7,AH0,255,35.0726529,Day,F,L,A,MYSE
151.909,8443,6/3/2015,5/29/2015,18:36:49,7,33.1,AH0,251,36.7196703,Day,F,L,A,MYSE
151.909,8443,6/3/2015,5/29/2015,18:36:50,7,33.1,AH0,251,36.7196703,Day,F,L,A,MYSE
151.909,8443,6/3/2015,5/30/2015,18:36:50,7,34.6,AH0,254,38.0363688,Day,F,L,A,MYSE
151.909,8443,6/3/2015,5/25/2015,18:36:51,7,31.7,AH0,255,35.0726529,Day,F,L,A,MYSE
151.909,8443,6/3/2015,5/25/2015,18:36:52,7,31.7,AH0,255,35.0726529,Day,F,L,A,MYSE
151.909,8443,6/3/2015,5/29/2015,18:36:52,7,33.1,AH0,251,36.7196703,Day,F,L,A,MYSE
151.909,8443,6/3/2015,5/30/2015,18:36:52,7,34.6,AH0,254,38.0363688,Day,F,L,A,MYSE
151.909,8443,6/3/2015,5/30/2015,18:36:53,7,34.6,AH0,254,38.0363688,Day,F,L,A,MYSE
151.909,8443,6/3/2015,5/24/2015,18:36:54,7,29.7,AH0,255,31.9095509,Day,F,L,A,MYSE
151.909,8443,6/3/2015,5/24/2015,18:36:56,7,29.7,AH0,255,31.9095509,Day,F,L,A,MYSE
151.909,8443,6/3/2015,5/24/2015,18:36:58,7,29.7,AH0,255,31.9095509,Day,F,L,A,MYSE
151.909,8443,6/3/2015,5/26/2015,18:36:58,7,31.3,AH0,221,34.5200901,Day,F,L,A,MYSE
151.909,8443,6/3/2015,5/24/2015,18:37:00,7,29.7,AH0,255,31.9095509,Day,F,L,A,MYSE
151.909,8443,6/3/2015,5/26/2015,18:37:00,7,31.3,AH0,223,34.5200901,Day,F,L,A,MYSE
151.909,8443,6/3/2015,5/26/2015,18:37:02,7,31.3,AH0,224,34.5200901,Day,F,L,A,MYSE
151.909,8443,6/3/2015,5/26/2015,18:37:04,7,31.3,AH0,224,34.5200901,Day,F,L,A,MYSE
151.909,8443,6/3/2015,5/25/2015,18:37:06,7,31.7,AH0,255,35.0726529,Day,F,L,A,MYSE
151.909,8443,6/3/2015,5/29/2015,18:37:07,7,33.2,AH0,251,36.8211744,Day,F,L,A,MYSE
151.909,8443,6/3/2015,5/30/2015,18:37:07,7,34.6,AH0,253,38.0363688,Day,F,L,A,MYSE
151.909,8443,6/3/2015,5/25/2015,18:37:08,7,31.8,AH0,255,35.2048856,Day,F,L,A,MYSE
151.909,8443,6/3/2015,5/29/2015,18:37:09,7,33.2,AH0,252,36.8211744,Day,F,L,A,MYSE
151.909,8443,6/3/2015,5/30/2015,18:37:09,7,34.6,AH0,254,38.0363688,Day,F,L,A,MYSE
151.909,8443,6/3/2015,5/25/2015,18:37:10,7,31.8,AH0,253,35.2048856,Day,F,L,A,MYSE
151.909,8443,6/3/2015,5/29/2015,18:37:10,7,33.2,AH0,253,36.8211744,Day,F,L,A,MYSE
151.909,8443,6/3/2015,5/25/2015,18:37:11,7,31.8,AH0,254,35.2048856,Day,F,L,A,MYSE
151.909,8443,6/3/2015,5/30/2015,18:37:11,7,34.6,AH0,254,38.0363688,Day,F,L,A,MYSE
151.909,8443,6/3/2015,5/29/2015,18:37:12,7,33.2,AH0,252,36.8211744,Day,F,L,A,MYSE
151.909,8443,6/3/2015,5/30/2015,18:37:12,7,34.6,AH0,254,38.0363688,Day,F,L,A,MYSE
151.909,8443,6/3/2015,5/24/2015,18:37:14,7,29.7,AH0,255,31.9095509,Day,F,L,A,MYSE
151.909,8443,6/3/2015,5/24/2015,18:37:16,7,29.8,AH0,255,32.0924136,Day,F,L,A,MYSE
151.909,8443,6/3/2015,5/26/2015,18:37:17,7,31.3,AH0,224,34.5200901,Day,F,L,A,MYSE
151.909,8443,6/3/2015,5/24/2015,18:37:18,7,29.8,AH0,255,32.0924136,Day,F,L,A,MYSE
151.909,8443,6/3/2015,5/26/2015,18:37:19,7,31.3,AH0,226,34.5200901,Day,F,L,A,MYSE
151.909,8443,6/3/2015,5/24/2015,18:37:20,7,29.8,AH0,255,32.0924136,Day,F,L,A,MYSE
151.909,8443,6/3/2015,5/26/2015,18:37:21,7,31.3,AH0,224,34.5200901,Day,F,L,A,MYSE
151.909,8443,6/3/2015,5/26/2015,18:37:23,7,31.3,AH0,223,34.5200901,Day,F,L,A,MYSE
151.909,8443,6/3/2015,5/25/2015,18:37:26,7,32,AH0,254,35.4624,Day,F,L,A,MYSE
151.909,8443,6/3/2015,5/30/2015,18:37:26,7,34.7,AH0,254,38.1092559,Day,F,L,A,MYSE
151.909,8443,6/3/2015,5/29/2015,18:37:27,7,33.2,AH0,252,36.8211744,Day,F,L,A,MYSE
151.909,8443,6/3/2015,5/25/2015,18:37:28,7,32,AH0,254,35.4624,Day,F,L,A,MYSE
151.909,8443,6/3/2015,5/29/2015,18:37:28,7,33.2,AH0,250,36.8211744,Day,F,L,A,MYSE
151.909,8443,6/3/2015,5/30/2015,18:37:28,7,34.7,AH0,254,38.1092559,Day,F,L,A,MYSE
151.909,8443,6/3/2015,5/25/2015,18:37:30,7,32,AH0,254,35.4624,Day,F,L,A,MYSE
151.909,8443,6/3/2015,5/29/2015,18:37:30,7,33.2,AH0,247,36.8211744,Day,F,L,A,MYSE
151.909,8443,6/3/2015,5/30/2015,18:37:30,7,34.7,AH0,252,38.1092559,Day,F,L,A,MYSE
151.909,8443,6/3/2015,5/30/2015,18:37:31,7,34.7,AH0,254,38.1092559,Day,F,L,A,MYSE
151.909,8443,6/3/2015,5/25/2015,18:37:32,7,32,AH0,254,35.4624,Day,F,L,A,MYSE
151.909,8443,6/3/2015,5/29/2015,18:37:32,7,33.2,AH0,250,36.8211744,Day,F,L,A,MYSE
151.909,8443,6/3/2015,5/30/2015,18:37:33,7,34.7,AH0,253,38.1092559,Day,F,L,A,MYSE
151.909,8443,6/3/2015,5/24/2015,18:37:34,7,29.8,AH0,255,32.0924136,Day,F,L,A,MYSE
151.909,8443,6/3/2015,5/24/2015,18:37:36,7,29.8,AH0,255,32.0924136,Day,F,L,A,MYSE
151.909,8443,6/3/2015,5/24/2015,18:37:38,7,29.8,AH0,255,32.0924136,Day,F,L,A,MYSE
151.909,8443,6/3/2015,5/26/2015,18:37:38,7,31.2,AH0,221,34.3759424,Day,F,L,A,MYSE
151.909,8443,6/3/2015,5/24/2015,18:37:40,7,29.8,AH0,255,32.0924136,Day,F,L,A,MYSE
151.909,8443,6/3/2015,5/26/2015,18:37:40,7,31.2,AH0,223,34.3759424,Day,F,L,A,MYSE
151.909,8443,6/3/2015,5/26/2015,18:37:42,7,31.2,AH0,223,34.3759424,Day,F,L,A,MYSE
151.909,8443,6/3/2015,5/26/2015,18:37:44,7,31.2,AH0,225,34.3759424,Day,F,L,A,MYSE
151.909,8443,6/3/2015,5/25/2015,18:37:45,7,32,AH0,255,35.4624,Day,F,L,A,MYSE
151.909,8443,6/3/2015,5/25/2015,18:37:47,7,32,AH0,255,35.4624,Day,F,L,A,MYSE
151.909,8443,6/3/2015,5/29/2015,18:37:47,7,33.2,AH0,250,36.8211744,Day,F,L,A,MYSE
151.909,8443,6/3/2015,5/30/2015,18:37:47,7,34.7,AH0,253,38.1092559,Day,F,L,A,MYSE
151.909,8443,6/3/2015,5/29/2015,18:37:48,7,33.2,AH0,249,36.8211744,Day,F,L,A,MYSE
151.909,8443,6/3/2015,5/25/2015,18:37:49,7,32,AH0,255,35.4624,Day,F,L,A,MYSE
151.909,8443,6/3/2015,5/30/2015,18:37:49,7,34.7,AH0,254,38.1092559,Day,F,L,A,MYSE
151.909,8443,6/3/2015,5/29/2015,18:37:50,7,33.2,AH0,250,36.8211744,Day,F,L,A,MYSE
151.909,8443,6/3/2015,5/30/2015,18:37:50,7,34.7,AH0,254,38.1092559,Day,F,L,A,MYSE
151.909,8443,6/3/2015,5/25/2015,18:37:51,7,31.9,AH0,255,35.3347947,Day,F,L,A,MYSE
151.909,8443,6/3/2015,5/29/2015,18:37:52,7,33.2,AH0,250,36.8211744,Day,F,L,A,MYSE
151.909,8443,6/3/2015,5/30/2015,18:37:52,7,34.6,AH0,253,38.0363688,Day,F,L,A,MYSE
151.909,8443,6/3/2015,5/25/2015,18:37:53,7,31.9,AH0,255,35.3347947,Day,F,L,A,MYSE
151.909,8443,6/3/2015,5/24/2015,18:37:54,7,29.9,AH0,255,32.2725567,Day,F,L,A,MYSE
151.909,8443,6/3/2015,5/30/2015,18:37:54,7,34.7,AH0,255,38.1092559,Day,F,L,A,MYSE
151.909,8443,6/3/2015,5/24/2015,18:37:56,7,29.9,AH0,255,32.2725567,Day,F,L,A,MYSE
151.909,8443,6/3/2015,5/26/2015,18:37:57,7,31.2,AH0,220,34.3759424,Day,F,L,A,MYSE
151.909,8443,6/3/2015,5/24/2015,18:37:58,7,29.9,AH0,255,32.2725567,Day,F,L,A,MYSE
151.909,8443,6/3/2015,5/26/2015,18:37:59,7,31.2,AH0,222,34.3759424,Day,F,L,A,MYSE
151.909,8443,6/3/2015,5/24/2015,18:38:00,7,29.9,AH0,255,32.2725567,Day,F,L,A,MYSE
151.909,8443,6/3/2015,5/26/2015,18:38:01,7,31.2,AH0,222,34.3759424,Day,F,L,A,MYSE
151.909,8443,6/3/2015,5/26/2015,18:38:03,7,31.2,AH0,225,34.3759424,Day,F,L,A,MYSE
151.909,8443,6/3/2015,5/25/2015,18:38:06,7,32,AH0,255,35.4624,Day,F,L,A,MYSE
151.909,8443,6/3/2015,5/29/2015,18:38:06,7,33.2,AH0,247,36.8211744,Day,F,L,A,MYSE
151.909,8443,6/3/2015,5/30/2015,18:38:06,7,34.6,AH0,253,38.0363688,Day,F,L,A,MYSE
151.909,8443,6/3/2015,5/25/2015,18:38:08,7,32,AH0,255,35.4624,Day,F,L,A,MYSE
151.909,8443,6/3/2015,5/29/2015,18:38:08,7,33.2,AH0,247,36.8211744,Day,F,L,A,MYSE
151.909,8443,6/3/2015,5/30/2015,18:38:08,7,34.6,AH0,253,38.0363688,Day,F,L,A,MYSE
151.909,8443,6/3/2015,5/30/2015,18:38:09,7,34.6,AH0,254,38.0363688,Day,F,L,A,MYSE
151.909,8443,6/3/2015,5/25/2015,18:38:10,7,32,AH0,255,35.4624,Day,F,L,A,MYSE
151.909,8443,6/3/2015,5/29/2015,18:38:10,7,33.2,AH0,246,36.8211744,Day,F,L,A,MYSE
151.909,8443,6/3/2015,5/25/2015,18:38:11,7,32,AH0,255,35.4624,Day,F,L,A,MYSE
151.909,8443,6/3/2015,5/30/2015,18:38:11,7,34.6,AH0,254,38.0363688,Day,F,L,A,MYSE
151.909,8443,6/3/2015,5/29/2015,18:38:12,7,33.2,AH0,250,36.8211744,Day,F,L,A,MYSE
151.909,8443,6/3/2015,5/30/2015,18:38:13,7,34.6,AH0,254,38.0363688,Day,F,L,A,MYSE
151.909,8443,6/3/2015,5/24/2015,18:38:14,7,29.9,AH0,255,32.2725567,Day,F,L,A,MYSE
151.909,8443,6/3/2015,5/24/2015,18:38:16,7,29.9,AH0,255,32.2725567,Day,F,L,A,MYSE
151.909,8443,6/3/2015,5/26/2015,18:38:17,7,31.2,AH0,221,34.3759424,Day,F,L,A,MYSE
151.909,8443,6/3/2015,5/24/2015,18:38:18,7,29.9,AH0,255,32.2725567,Day,F,L,A,MYSE
151.909,8443,6/3/2015,5/26/2015,18:38:19,7,31.2,AH0,224,34.3759424,Day,F,L,A,MYSE
151.909,8443,6/3/2015,5/24/2015,18:38:20,7,29.8,AH0,255,32.0924136,Day,F,L,A,MYSE
151.909,8443,6/3/2015,5/26/2015,18:38:20,7,31.1,AH0,218,34.2293523,Day,F,L,A,MYSE
151.909,8443,6/3/2015,5/26/2015,18:38:22,7,31.1,AH0,219,34.2293523,Day,F,L,A,MYSE
151.909,8443,6/3/2015,5/25/2015,18:38:26,7,32.1,AH0,255,35.5877213,Day,F,L,A,MYSE
151.909,8443,6/3/2015,5/29/2015,18:38:26,7,33.2,AH0,249,36.8211744,Day,F,L,A,MYSE
151.909,8443,6/3/2015,5/30/2015,18:38:27,7,34.6,AH0,254,38.0363688,Day,F,L,A,MYSE
151.909,8443,6/3/2015,5/25/2015,18:38:28,7,32.1,AH0,255,35.5877213,Day,F,L,A,MYSE
151.909,8443,6/3/2015,5/29/2015,18:38:28,7,33.2,AH0,249,36.8211744,Day,F,L,A,MYSE
151.909,8443,6/3/2015,5/30/2015,18:38:29,7,34.6,AH0,254,38.0363688,Day,F,L,A,MYSE
151.909,8443,6/3/2015,5/25/2015,18:38:30,7,32.1,AH0,255,35.5877213,Day,F,L,A,MYSE
151.909,8443,6/3/2015,5/29/2015,18:38:30,7,33.2,AH0,251,36.8211744,Day,F,L,A,MYSE
151.909,8443,6/3/2015,5/30/2015,18:38:30,7,34.6,AH0,254,38.0363688,Day,F,L,A,MYSE
151.909,8443,6/3/2015,5/25/2015,18:38:32,7,32.1,AH0,255,35.5877213,Day,F,L,A,MYSE
151.909,8443,6/3/2015,5/29/2015,18:38:32,7,33.2,AH0,250,36.8211744,Day,F,L,A,MYSE
151.909,8443,6/3/2015,5/30/2015,18:38:32,7,34.7,AH0,254,38.1092559,Day,F,L,A,MYSE
151.909,8443,6/3/2015,5/24/2015,18:38:34,7,29.9,AH0,255,32.2725567,Day,F,L,A,MYSE
151.909,8443,6/3/2015,5/30/2015,18:38:34,7,34.7,AH0,254,38.1092559,Day,F,L,A,MYSE
151.909,8443,6/3/2015,5/24/2015,18:38:36,7,29.9,AH0,255,32.2725567,Day,F,L,A,MYSE
151.909,8443,6/3/2015,5/24/2015,18:38:38,7,29.9,AH0,254,32.2725567,Day,F,L,A,MYSE
151.909,8443,6/3/2015,5/26/2015,18:38:38,7,31.1,AH0,221,34.2293523,Day,F,L,A,MYSE
151.909,8443,6/3/2015,5/24/2015,18:38:40,7,30,AH0,255,32.45,Day,F,L,A,MYSE
151.909,8443,6/3/2015,5/26/2015,18:38:40,7,31.1,AH0,219,34.2293523,Day,F,L,A,MYSE
151.909,8443,6/3/2015,5/26/2015,18:38:42,7,31.1,AH0,219,34.2293523,Day,F,L,A,MYSE
151.909,8443,6/3/2015,5/26/2015,18:38:44,7,31.1,AH0,219,34.2293523,Day,F,L,A,MYSE
151.909,8443,6/3/2015,5/25/2015,18:38:45,7,32.1,AH0,255,35.5877213,Day,F,L,A,MYSE
151.909,8443,6/3/2015,5/29/2015,18:38:46,7,33.2,AH0,245,36.8211744,Day,F,L,A,MYSE
151.909,8443,6/3/2015,5/30/2015,18:38:46,7,34.7,AH0,253,38.1092559,Day,F,L,A,MYSE
151.909,8443,6/3/2015,5/25/2015,18:38:47,7,32.1,AH0,255,35.5877213,Day,F,L,A,MYSE
151.909,8443,6/3/2015,5/29/2015,18:38:48,7,33.2,AH0,250,36.8211744,Day,F,L,A,MYSE
151.909,8443,6/3/2015,5/30/2015,18:38:48,7,34.7,AH0,254,38.1092559,Day,F,L,A,MYSE
151.909,8443,6/3/2015,5/25/2015,18:38:49,7,32.1,AH0,255,35.5877213,Day,F,L,A,MYSE
151.909,8443,6/3/2015,5/30/2015,18:38:49,7,34.7,AH0,255,38.1092559,Day,F,L,A,MYSE
151.909,8443,6/3/2015,5/29/2015,18:38:50,7,33.2,AH0,249,36.8211744,Day,F,L,A,MYSE
151.909,8443,6/3/2015,5/25/2015,18:38:51,7,32.1,AH0,255,35.5877213,Day,F,L,A,MYSE
151.909,8443,6/3/2015,5/30/2015,18:38:51,7,34.7,AH0,254,38.1092559,Day,F,L,A,MYSE
151.909,8443,6/3/2015,5/29/2015,18:38:52,7,33.2,AH0,248,36.8211744,Day,F,L,A,MYSE
151.909,8443,6/3/2015,5/25/2015,18:38:53,7,32.1,AH0,255,35.5877213,Day,F,L,A,MYSE
151.909,8443,6/3/2015,5/29/2015,18:38:53,7,33.2,AH0,250,36.8211744,Day,F,L,A,MYSE
151.909,8443,6/3/2015,5/30/2015,18:38:53,7,34.7,AH0,254,38.1092559,Day,F,L,A,MYSE
151.909,8443,6/3/2015,5/24/2015,18:38:54,7,30.5,AH0,255,33.2974125,Day,F,L,A,MYSE
151.909,8443,6/3/2015,5/24/2015,18:38:56,7,30.5,AH0,255,33.2974125,Day,F,L,A,MYSE
151.909,8443,6/3/2015,5/26/2015,18:38:57,7,31.1,AH0,219,34.2293523,Day,F,L,A,MYSE
151.909,8443,6/3/2015,5/24/2015,18:38:58,7,30.6,AH0,255,33.4590728,Day,F,L,A,MYSE
151.909,8443,6/3/2015,5/26/2015,18:38:59,7,31.1,AH0,220,34.2293523,Day,F,L,A,MYSE
151.909,8443,6/3/2015,5/24/2015,18:39:00,7,30.7,AH0,255,33.6181719,Day,F,L,A,MYSE
151.909,8443,6/3/2015,5/26/2015,18:39:01,7,31.1,AH0,222,34.2293523,Day,F,L,A,MYSE
151.909,8443,6/3/2015,5/26/2015,18:39:03,7,31.1,AH0,220,34.2293523,Day,F,L,A,MYSE
151.909,8443,6/3/2015,5/25/2015,18:39:06,7,32.1,AH0,255,35.5877213,Day,F,L,A,MYSE
151.909,8443,6/3/2015,5/29/2015,18:39:06,7,33.2,AH0,251,36.8211744,Day,F,L,A,MYSE
151.909,8443,6/3/2015,5/30/2015,18:39:07,7,34.7,AH0,254,38.1092559,Day,F,L,A,MYSE
151.909,8443,6/3/2015,5/25/2015,18:39:08,7,32.1,AH0,255,35.5877213,Day,F,L,A,MYSE
151.909,8443,6/3/2015,5/29/2015,18:39:08,7,33.2,AH0,251,36.8211744,Day,F,L,A,MYSE
151.909,8443,6/3/2015,5/30/2015,18:39:08,7,34.7,AH0,254,38.1092559,Day,F,L,A,MYSE
151.909,8443,6/3/2015,5/25/2015,18:39:09,7,32.1,AH0,255,35.5877213,Day,F,L,A,MYSE
151.909,8443,6/3/2015,5/29/2015,18:39:10,7,33.2,AH0,248,36.8211744,Day,F,L,A,MYSE
151.909,8443,6/3/2015,5/30/2015,18:39:10,7,34.7,AH0,254,38.1092559,Day,F,L,A,MYSE
151.909,8443,6/3/2015,5/25/2015,18:39:11,7,32.1,AH0,255,35.5877213,Day,F,L,A,MYSE
151.909,8443,6/3/2015,5/29/2015,18:39:12,7,33.2,AH0,250,36.8211744,Day,F,L,A,MYSE
151.909,8443,6/3/2015,5/30/2015,18:39:12,7,34.7,AH0,254,38.1092559,Day,F,L,A,MYSE
151.909,8443,6/3/2015,5/25/2015,18:39:13,7,32.1,AH0,254,35.5877213,Day,F,L,A,MYSE
151.909,8443,6/3/2015,5/29/2015,18:39:13,7,33.2,AH0,250,36.8211744,Day,F,L,A,MYSE
151.909,8443,6/3/2015,5/24/2015,18:39:14,7,31,AH0,255,34.0803,Day,F,L,A,MYSE
151.909,8443,6/3/2015,5/30/2015,18:39:14,7,34.7,AH0,254,38.1092559,Day,F,L,A,MYSE
151.909,8443,6/3/2015,5/24/2015,18:39:16,7,31.1,AH0,255,34.2293523,Day,F,L,A,MYSE
151.909,8443,6/3/2015,5/26/2015,18:39:16,7,31.1,AH0,220,34.2293523,Day,F,L,A,MYSE
151.909,8443,6/3/2015,5/24/2015,18:39:17,7,31.2,AH0,255,34.3759424,Day,F,L,A,MYSE
151.909,8443,6/3/2015,5/26/2015,18:39:18,7,31.1,AH0,223,34.2293523,Day,F,L,A,MYSE
151.909,8443,6/3/2015,5/24/2015,18:39:19,7,31.3,AH0,255,34.5200901,Day,F,L,A,MYSE
151.909,8443,6/3/2015,5/26/2015,18:39:20,7,31.1,AH0,223,34.2293523,Day,F,L,A,MYSE
151.909,8443,6/3/2015,5/26/2015,18:39:22,7,31.1,AH0,222,34.2293523,Day,F,L,A,MYSE
151.909,8443,6/3/2015,5/26/2015,18:39:24,7,31.1,AH0,222,34.2293523,Day,F,L,A,MYSE
151.909,8443,6/3/2015,5/25/2015,18:39:26,7,32.2,AH0,255,35.7107784,Day,F,L,A,MYSE
151.909,8443,6/3/2015,5/29/2015,18:39:26,7,33.3,AH0,251,36.9206321,Day,F,L,A,MYSE
151.909,8443,6/3/2015,5/30/2015,18:39:27,7,34.8,AH0,254,38.1803936,Day,F,L,A,MYSE
151.909,8443,6/3/2015,5/25/2015,18:39:28,7,32.2,AH0,255,35.7107784,Day,F,L,A,MYSE
151.909,8443,6/3/2015,5/29/2015,18:39:28,7,33.3,AH0,250,36.9206321,Day,F,L,A,MYSE
151.909,8443,6/3/2015,5/30/2015,18:39:29,7,34.8,AH0,255,38.1803936,Day,F,L,A,MYSE
151.909,8443,6/3/2015,5/25/2015,18:39:30,7,32.2,AH0,255,35.7107784,Day,F,L,A,MYSE
151.909,8443,6/3/2015,5/29/2015,18:39:30,7,33.3,AH0,251,36.9206321,Day,F,L,A,MYSE
151.909,8443,6/3/2015,5/29/2015,18:39:31,7,33.3,AH0,250,36.9206321,Day,F,L,A,MYSE
151.909,8443,6/3/2015,5/30/2015,18:39:31,7,34.8,AH0,254,38.1803936,Day,F,L,A,MYSE
151.909,8443,6/3/2015,5/25/2015,18:39:32,7,32.1,AH0,255,35.5877213,Day,F,L,A,MYSE
151.909,8443,6/3/2015,5/24/2015,18:39:33,7,32.2,AH0,255,35.7107784,Day,F,L,A,MYSE
151.909,8443,6/3/2015,5/29/2015,18:39:33,7,33.3,AH0,252,36.9206321,Day,F,L,A,MYSE
151.909,8443,6/3/2015,5/30/2015,18:39:33,7,34.8,AH0,254,38.1803936,Day,F,L,A,MYSE
151.909,8443,6/3/2015,5/24/2015,18:39:34,7,32.3,AH0,255,35.8315911,Day,F,L,A,MYSE
151.909,8443,6/3/2015,5/24/2015,18:39:36,7,32.4,AH0,255,35.9501792,Day,F,L,A,MYSE
151.909,8443,6/3/2015,5/24/2015,18:39:38,7,32.4,AH0,255,35.9501792,Day,F,L,A,MYSE
151.909,8443,6/3/2015,5/26/2015,18:39:38,7,31.1,AH0,220,34.2293523,Day,F,L,A,MYSE
151.909,8443,6/3/2015,5/24/2015,18:39:40,7,32.5,AH0,255,36.0665625,Day,F,L,A,MYSE
151.909,8443,6/3/2015,5/26/2015,18:39:40,7,31.1,AH0,220,34.2293523,Day,F,L,A,MYSE
151.909,8443,6/3/2015,5/26/2015,18:39:41,7,31.1,AH0,219,34.2293523,Day,F,L,A,MYSE
151.909,8443,6/3/2015,5/26/2015,18:39:43,7,31.1,AH0,218,34.2293523,Day,F,L,A,MYSE
151.909,8443,6/3/2015,5/29/2015,18:39:46,7,33.3,AH0,248,36.9206321,Day,F,L,A,MYSE
151.909,8443,6/3/2015,5/30/2015,18:39:46,7,34.8,AH0,255,38.1803936,Day,F,L,A,MYSE
151.909,8443,6/3/2015,5/25/2015,18:39:47,7,31.9,AH0,255,35.3347947,Day,F,L,A,MYSE
151.909,8443,6/3/2015,5/29/2015,18:39:48,7,33.3,AH0,250,36.9206321,Day,F,L,A,MYSE
151.909,8443,6/3/2015,5/30/2015,18:39:48,7,34.8,AH0,253,38.1803936,Day,F,L,A,MYSE
151.909,8443,6/3/2015,5/25/2015,18:39:49,7,31.8,AH0,255,35.2048856,Day,F,L,A,MYSE
151.909,8443,6/3/2015,5/29/2015,18:39:49,7,33.3,AH0,251,36.9206321,Day,F,L,A,MYSE
151.909,8443,6/3/2015,5/30/2015,18:39:50,7,34.8,AH0,254,38.1803936,Day,F,L,A,MYSE
151.909,8443,6/3/2015,5/25/2015,18:39:51,7,31.8,AH0,255,35.2048856,Day,F,L,A,MYSE
151.909,8443,6/3/2015,5/29/2015,18:39:51,7,33.3,AH0,249,36.9206321,Day,F,L,A,MYSE
151.909,8443,6/3/2015,5/30/2015,18:39:51,7,34.8,AH0,254,38.1803936,Day,F,L,A,MYSE
151.909,8443,6/3/2015,5/24/2015,18:39:53,7,33,AH0,255,36.6161,Day,F,L,A,MYSE
151.909,8443,6/3/2015,5/25/2015,18:39:53,7,31.8,AH0,255,35.2048856,Day,F,L,A,MYSE
151.909,8443,6/3/2015,5/29/2015,18:39:53,7,33.3,AH0,249,36.9206321,Day,F,L,A,MYSE
151.909,8443,6/3/2015,5/30/2015,18:39:53,7,34.8,AH0,254,38.1803936,Day,F,L,A,MYSE
151.909,8443,6/3/2015,5/24/2015,18:39:55,7,33,AH0,255,36.6161,Day,F,L,A,MYSE
151.909,8443,6/3/2015,5/24/2015,18:39:56,7,32.9,AH0,255,36.5104437,Day,F,L,A,MYSE
151.909,8443,6/3/2015,5/26/2015,18:39:57,7,31,AH0,219,34.0803,Day,F,L,A,MYSE
151.909,8443,6/3/2015,5/24/2015,18:39:58,7,32.9,AH0,255,36.5104437,Day,F,L,A,MYSE
151.909,8443,6/3/2015,5/26/2015,18:39:59,7,31,AH0,222,34.0803,Day,F,L,A,MYSE
151.909,8443,6/3/2015,5/24/2015,18:40:00,7,32.8,AH0,255,36.4026816,Day,F,L,A,MYSE
151.909,8443,6/3/2015,5/26/2015,18:40:01,7,31,AH0,220,34.0803,Day,F,L,A,MYSE
151.909,8443,6/3/2015,5/26/2015,18:40:03,7,31,AH0,220,34.0803,Day,F,L,A,MYSE
151.909,8443,6/3/2015,5/25/2015,18:40:06,7,31.7,AH0,255,35.0726529,Day,F,L,A,MYSE
151.909,8443,6/3/2015,5/29/2015,18:40:07,7,33.2,AH0,249,36.8211744,Day,F,L,A,MYSE
151.909,8443,6/3/2015,5/30/2015,18:40:07,7,34.8,AH0,254,38.1803936,Day,F,L,A,MYSE
151.909,8443,6/3/2015,5/25/2015,18:40:08,7,31.7,AH0,255,35.0726529,Day,F,L,A,MYSE
151.909,8443,6/3/2015,5/29/2015,18:40:08,7,33.3,AH0,251,36.9206321,Day,F,L,A,MYSE
151.909,8443,6/3/2015,5/30/2015,18:40:09,7,34.8,AH0,254,38.1803936,Day,F,L,A,MYSE
151.909,8443,6/3/2015,5/25/2015,18:40:10,7,31.7,AH0,255,35.0726529,Day,F,L,A,MYSE
151.909,8443,6/3/2015,5/29/2015,18:40:10,7,33.2,AH0,253,36.8211744,Day,F,L,A,MYSE
151.909,8443,6/3/2015,5/30/2015,18:40:10,7,34.8,AH0,254,38.1803936,Day,F,L,A,MYSE
151.909,8443,6/3/2015,5/25/2015,18:40:11,7,31.7,AH0,255,35.0726529,Day,F,L,A,MYSE
151.909,8443,6/3/2015,5/29/2015,18:40:12,7,33.2,AH0,250,36.8211744,Day,F,L,A,MYSE
151.909,8443,6/3/2015,5/30/2015,18:40:12,7,34.8,AH0,255,38.1803936,Day,F,L,A,MYSE
151.909,8443,6/3/2015,5/24/2015,18:40:13,7,32.3,AH0,255,35.8315911,Day,F,L,A,MYSE
151.909,8443,6/3/2015,5/29/2015,18:40:14,7,33.2,AH0,250,36.8211744,Day,F,L,A,MYSE
151.909,8443,6/3/2015,5/30/2015,18:40:14,7,34.8,AH0,254,38.1803936,Day,F,L,A,MYSE
151.909,8443,6/3/2015,5/24/2015,18:40:15,7,32.2,AH0,255,35.7107784,Day,F,L,A,MYSE
151.909,8443,6/3/2015,5/26/2015,18:40:16,7,31,AH0,223,34.0803,Day,F,L,A,MYSE
151.909,8443,6/3/2015,5/24/2015,18:40:17,7,32.2,AH0,255,35.7107784,Day,F,L,A,MYSE
151.909,8443,6/3/2015,5/26/2015,18:40:18,7,31,AH0,220,34.0803,Day,F,L,A,MYSE
151.909,8443,6/3/2015,5/24/2015,18:40:19,7,32.1,AH0,255,35.5877213,Day,F,L,A,MYSE
151.909,8443,6/3/2015,5/26/2015,18:40:20,7,31,AH0,221,34.0803,Day,F,L,A,MYSE
151.909,8443,6/3/2015,5/26/2015,18:40:22,7,31,AH0,218,34.0803,Day,F,L,A,MYSE
151.909,8443,6/3/2015,5/26/2015,18:40:24,7,31,AH0,221,34.0803,Day,F,L,A,MYSE
151.909,8443,6/3/2015,5/30/2015,18:40:26,7,34.8,AH0,254,38.1803936,Day,F,L,A,MYSE
151.909,8443,6/3/2015,5/25/2015,18:40:27,7,31.6,AH0,255,34.9380768,Day,F,L,A,MYSE
151.909,8443,6/3/2015,5/29/2015,18:40:27,7,33.2,AH0,251,36.8211744,Day,F,L,A,MYSE
151.909,8443,6/3/2015,5/25/2015,18:40:28,7,31.6,AH0,255,34.9380768,Day,F,L,A,MYSE
151.909,8443,6/3/2015,5/29/2015,18:40:28,7,33.2,AH0,250,36.8211744,Day,F,L,A,MYSE
151.909,8443,6/3/2015,5/30/2015,18:40:28,7,34.8,AH0,254,38.1803936,Day,F,L,A,MYSE
151.909,8443,6/3/2015,5/30/2015,18:40:29,7,34.8,AH0,255,38.1803936,Day,F,L,A,MYSE
151.909,8443,6/3/2015,5/25/2015,18:40:30,7,31.6,AH0,255,34.9380768,Day,F,L,A,MYSE
151.909,8443,6/3/2015,5/29/2015,18:40:30,7,33.2,AH0,249,36.8211744,Day,F,L,A,MYSE
151.909,8443,6/3/2015,5/30/2015,18:40:31,7,34.8,AH0,253,38.1803936,Day,F,L,A,MYSE
151.909,8443,6/3/2015,5/25/2015,18:40:32,7,31.6,AH0,255,34.9380768,Day,F,L,A,MYSE
151.909,8443,6/3/2015,5/29/2015,18:40:32,7,33.2,AH0,249,36.8211744,Day,F,L,A,MYSE
151.909,8443,6/3/2015,5/30/2015,18:40:33,7,34.8,AH0,254,38.1803936,Day,F,L,A,MYSE
151.909,8443,6/3/2015,5/24/2015,18:40:34,7,31.7,AH0,255,35.0726529,Day,F,L,A,MYSE
151.909,8443,6/3/2015,5/29/2015,18:40:34,7,33.2,AH0,250,36.8211744,Day,F,L,A,MYSE
151.909,8443,6/3/2015,5/24/2015,18:40:36,7,31.7,AH0,255,35.0726529,Day,F,L,A,MYSE
151.909,8443,6/3/2015,5/24/2015,18:40:37,7,31.7,AH0,255,35.0726529,Day,F,L,A,MYSE
151.909,8443,6/3/2015,5/26/2015,18:40:38,7,31,AH0,222,34.0803,Day,F,L,A,MYSE
151.909,8443,6/3/2015,5/24/2015,18:40:39,7,31.6,AH0,255,34.9380768,Day,F,L,A,MYSE
151.909,8443,6/3/2015,5/26/2015,18:40:40,7,31,AH0,222,34.0803,Day,F,L,A,MYSE
151.909,8443,6/3/2015,5/26/2015,18:40:41,7,31,AH0,221,34.0803,Day,F,L,A,MYSE
151.909,8443,6/3/2015,5/26/2015,18:40:43,7,31,AH0,219,34.0803,Day,F,L,A,MYSE
151.909,8443,6/3/2015,5/25/2015,18:40:46,7,31.5,AH0,255,34.8011375,Day,F,L,A,MYSE
151.909,8443,6/3/2015,5/29/2015,18:40:46,7,33.3,AH0,252,36.9206321,Day,F,L,A,MYSE
151.909,8443,6/3/2015,5/30/2015,18:40:47,7,34.8,AH0,254,38.1803936,Day,F,L,A,MYSE
151.909,8443,6/3/2015,5/25/2015,18:40:48,7,31.5,AH0,255,34.8011375,Day,F,L,A,MYSE
151.909,8443,6/3/2015,5/29/2015,18:40:48,7,33.2,AH0,250,36.8211744,Day,F,L,A,MYSE
151.909,8443,6/3/2015,5/30/2015,18:40:48,7,34.8,AH0,255,38.1803936,Day,F,L,A,MYSE
151.909,8443,6/3/2015,5/25/2015,18:40:49,7,31.5,AH0,255,34.8011375,Day,F,L,A,MYSE
151.909,8443,6/3/2015,5/29/2015,18:40:50,7,33.3,AH0,250,36.9206321,Day,F,L,A,MYSE
151.909,8443,6/3/2015,5/30/2015,18:40:50,7,34.8,AH0,253,38.1803936,Day,F,L,A,MYSE
151.909,8443,6/3/2015,5/25/2015,18:40:51,7,31.5,AH0,255,34.8011375,Day,F,L,A,MYSE
151.909,8443,6/3/2015,5/29/2015,18:40:52,7,33.3,AH0,252,36.9206321,Day,F,L,A,MYSE
151.909,8443,6/3/2015,5/30/2015,18:40:52,7,34.8,AH0,254,38.1803936,Day,F,L,A,MYSE
151.909,8443,6/3/2015,5/24/2015,18:40:53,7,31.5,AH0,255,34.8011375,Day,F,L,A,MYSE
151.909,8443,6/3/2015,5/29/2015,18:40:54,7,33.3,AH0,249,36.9206321,Day,F,L,A,MYSE
151.909,8443,6/3/2015,5/30/2015,18:40:54,7,34.8,AH0,254,38.1803936,Day,F,L,A,MYSE
151.909,8443,6/3/2015,5/24/2015,18:40:55,7,31.4,AH0,255,34.6618152,Day,F,L,A,MYSE
151.909,8443,6/3/2015,5/24/2015,18:40:56,7,31.4,AH0,255,34.6618152,Day,F,L,A,MYSE
151.909,8443,6/3/2015,5/26/2015,18:40:57,7,31,AH0,220,34.0803,Day,F,L,A,MYSE
151.909,8443,6/3/2015,5/24/2015,18:40:58,7,31.4,AH0,255,34.6618152,Day,F,L,A,MYSE
151.909,8443,6/3/2015,5/26/2015,18:40:59,7,31,AH0,221,34.0803,Day,F,L,A,MYSE
151.909,8443,6/3/2015,5/26/2015,18:41:01,7,31,AH0,221,34.0803,Day,F,L,A,MYSE
151.909,8443,6/3/2015,5/26/2015,18:41:03,7,31,AH0,217,34.0803,Day,F,L,A,MYSE
151.909,8443,6/3/2015,5/25/2015,18:41:07,7,31.5,AH0,255,34.8011375,Day,F,L,A,MYSE
151.909,8443,6/3/2015,5/30/2015,18:41:07,7,34.8,AH0,254,38.1803936,Day,F,L,A,MYSE
151.909,8443,6/3/2015,5/25/2015,18:41:08,7,31.5,AH0,255,34.8011375,Day,F,L,A,MYSE
151.909,8443,6/3/2015,5/29/2015,18:41:08,7,33.3,AH0,252,36.9206321,Day,F,L,A,MYSE
151.909,8443,6/3/2015,5/30/2015,18:41:09,7,34.8,AH0,254,38.1803936,Day,F,L,A,MYSE
151.909,8443,6/3/2015,5/25/2015,18:41:10,7,31.5,AH0,255,34.8011375,Day,F,L,A,MYSE
151.909,8443,6/3/2015,5/29/2015,18:41:10,7,33.3,AH0,249,36.9206321,Day,F,L,A,MYSE
151.909,8443,6/3/2015,5/30/2015,18:41:11,7,34.8,AH0,254,38.1803936,Day,F,L,A,MYSE
151.909,8443,6/3/2015,5/25/2015,18:41:12,7,31.5,AH0,255,34.8011375,Day,F,L,A,MYSE
151.909,8443,6/3/2015,5/29/2015,18:41:12,7,33.3,AH0,250,36.9206321,Day,F,L,A,MYSE
151.909,8443,6/3/2015,5/29/2015,18:41:13,7,33.3,AH0,248,36.9206321,Day,F,L,A,MYSE
151.909,8443,6/3/2015,5/30/2015,18:41:13,7,34.8,AH0,253,38.1803936,Day,F,L,A,MYSE
151.909,8443,6/3/2015,5/24/2015,18:41:14,7,31.3,AH0,255,34.5200901,Day,F,L,A,MYSE
151.909,8443,6/3/2015,5/24/2015,18:41:16,7,31.3,AH0,255,34.5200901,Day,F,L,A,MYSE
151.909,8443,6/3/2015,5/26/2015,18:41:16,7,30.9,AH0,220,33.9287657,Day,F,L,A,MYSE
151.909,8443,6/3/2015,5/24/2015,18:41:18,7,31.3,AH0,255,34.5200901,Day,F,L,A,MYSE
151.909,8443,6/3/2015,5/26/2015,18:41:18,7,30.9,AH0,222,33.9287657,Day,F,L,A,MYSE
151.909,8443,6/3/2015,5/24/2015,18:41:19,7,31.2,AH0,255,34.3759424,Day,F,L,A,MYSE
151.909,8443,6/3/2015,5/26/2015,18:41:20,7,30.9,AH0,221,33.9287657,Day,F,L,A,MYSE
151.909,8443,6/3/2015,5/26/2015,18:41:22,7,30.9,AH0,222,33.9287657,Day,F,L,A,MYSE
151.909,8443,6/3/2015,5/26/2015,18:41:24,7,30.9,AH0,221,33.9287657,Day,F,L,A,MYSE
151.909,8443,6/3/2015,5/25/2015,18:41:26,7,31.6,AH0,255,34.9380768,Day,F,L,A,MYSE
151.909,8443,6/3/2015,5/30/2015,18:41:26,7,34.9,AH0,254,38.2498017,Day,F,L,A,MYSE
151.909,8443,6/3/2015,5/25/2015,18:41:27,7,31.6,AH0,255,34.9380768,Day,F,L,A,MYSE
151.909,8443,6/3/2015,5/29/2015,18:41:28,7,33.3,AH0,251,36.9206321,Day,F,L,A,MYSE
151.909,8443,6/3/2015,5/30/2015,18:41:28,7,34.9,AH0,253,38.2498017,Day,F,L,A,MYSE
151.909,8443,6/3/2015,5/25/2015,18:41:29,7,31.6,AH0,255,34.9380768,Day,F,L,A,MYSE
151.909,8443,6/3/2015,5/29/2015,18:41:30,7,33.3,AH0,253,36.9206321,Day,F,L,A,MYSE
151.909,8443,6/3/2015,5/30/2015,18:41:30,7,34.9,AH0,254,38.2498017,Day,F,L,A,MYSE
151.909,8443,6/3/2015,5/25/2015,18:41:31,7,31.6,AH0,255,34.9380768,Day,F,L,A,MYSE
151.909,8443,6/3/2015,5/29/2015,18:41:31,7,33.3,AH0,252,36.9206321,Day,F,L,A,MYSE
151.909,8443,6/3/2015,5/30/2015,18:41:31,7,34.9,AH0,255,38.2498017,Day,F,L,A,MYSE
151.909,8443,6/3/2015,5/24/2015,18:41:33,7,31.2,AH0,255,34.3759424,Day,F,L,A,MYSE
151.909,8443,6/3/2015,5/29/2015,18:41:33,7,33.4,AH0,252,37.0180632,Day,F,L,A,MYSE
151.909,8443,6/3/2015,5/30/2015,18:41:33,7,34.9,AH0,252,38.2498017,Day,F,L,A,MYSE
151.909,8443,6/3/2015,5/24/2015,18:41:35,7,31.2,AH0,255,34.3759424,Day,F,L,A,MYSE
151.909,8443,6/3/2015,5/24/2015,18:41:37,7,31.2,AH0,255,34.3759424,Day,F,L,A,MYSE
151.909,8443,6/3/2015,5/26/2015,18:41:38,7,30.9,AH0,217,33.9287657,Day,F,L,A,MYSE
151.909,8443,6/3/2015,5/24/2015,18:41:39,7,31.2,AH0,255,34.3759424,Day,F,L,A,MYSE
151.909,8443,6/3/2015,5/26/2015,18:41:40,7,30.9,AH0,222,33.9287657,Day,F,L,A,MYSE
151.909,8443,6/3/2015,5/26/2015,18:41:42,7,30.9,AH0,221,33.9287657,Day,F,L,A,MYSE
151.909,8443,6/3/2015,5/26/2015,18:41:44,7,30.9,AH0,221,33.9287657,Day,F,L,A,MYSE
151.909,8443,6/3/2015,5/25/2015,18:41:46,7,31.6,AH0,255,34.9380768,Day,F,L,A,MYSE
151.909,8443,6/3/2015,5/30/2015,18:41:47,7,34.9,AH0,254,38.2498017,Day,F,L,A,MYSE
151.909,8443,6/3/2015,5/25/2015,18:41:48,7,31.6,AH0,255,34.9380768,Day,F,L,A,MYSE
151.909,8443,6/3/2015,5/29/2015,18:41:48,7,33.4,AH0,250,37.0180632,Day,F,L,A,MYSE
151.909,8443,6/3/2015,5/29/2015,18:41:49,7,33.4,AH0,249,37.0180632,Day,F,L,A,MYSE
151.909,8443,6/3/2015,5/30/2015,18:41:49,7,34.9,AH0,255,38.2498017,Day,F,L,A,MYSE
151.909,8443,6/3/2015,5/25/2015,18:41:50,7,31.6,AH0,255,34.9380768,Day,F,L,A,MYSE
151.909,8443,6/3/2015,5/30/2015,18:41:50,7,34.9,AH0,254,38.2498017,Day,F,L,A,MYSE
151.909,8443,6/3/2015,5/29/2015,18:41:51,7,33.4,AH0,247,37.0180632,Day,F,L,A,MYSE
151.909,8443,6/3/2015,5/24/2015,18:41:52,7,31.2,AH0,255,34.3759424,Day,F,L,A,MYSE
151.909,8443,6/3/2015,5/25/2015,18:41:52,7,31.6,AH0,255,34.9380768,Day,F,L,A,MYSE
151.909,8443,6/3/2015,5/30/2015,18:41:52,7,34.9,AH0,253,38.2498017,Day,F,L,A,MYSE
151.909,8443,6/3/2015,5/29/2015,18:41:53,7,33.4,AH0,250,37.0180632,Day,F,L,A,MYSE
151.909,8443,6/3/2015,5/24/2015,18:41:54,7,31.2,AH0,255,34.3759424,Day,F,L,A,MYSE
151.909,8443,6/3/2015,5/30/2015,18:41:54,7,34.9,AH0,254,38.2498017,Day,F,L,A,MYSE
151.909,8443,6/3/2015,5/24/2015,18:41:56,7,31.2,AH0,255,34.3759424,Day,F,L,A,MYSE
151.909,8443,6/3/2015,5/26/2015,18:41:57,7,30.9,AH0,219,33.9287657,Day,F,L,A,MYSE
151.909,8443,6/3/2015,5/24/2015,18:41:58,7,31.2,AH0,255,34.3759424,Day,F,L,A,MYSE
151.909,8443,6/3/2015,5/26/2015,18:41:59,7,30.9,AH0,219,33.9287657,Day,F,L,A,MYSE
151.909,8443,6/3/2015,5/24/2015,18:42:00,7,31.2,AH0,255,34.3759424,Day,F,L,A,MYSE
151.909,8443,6/3/2015,5/26/2015,18:42:01,7,30.9,AH0,221,33.9287657,Day,F,L,A,MYSE
151.909,8443,6/3/2015,5/26/2015,18:42:03,7,30.9,AH0,224,33.9287657,Day,F,L,A,MYSE
151.909,8443,6/3/2015,5/25/2015,18:42:06,7,31.5,AH0,255,34.8011375,Day,F,L,A,MYSE
151.909,8443,6/3/2015,5/30/2015,18:42:06,7,34.9,AH0,254,38.2498017,Day,F,L,A,MYSE
151.909,8443,6/3/2015,5/25/2015,18:42:07,7,31.5,AH0,255,34.8011375,Day,F,L,A,MYSE
151.909,8443,6/3/2015,5/29/2015,18:42:07,7,33.4,AH0,251,37.0180632,Day,F,L,A,MYSE
151.909,8443,6/3/2015,5/30/2015,18:42:08,7,34.9,AH0,254,38.2498017,Day,F,L,A,MYSE
151.909,8443,6/3/2015,5/25/2015,18:42:09,7,31.5,AH0,255,34.8011375,Day,F,L,A,MYSE
151.909,8443,6/3/2015,5/29/2015,18:42:09,7,33.4,AH0,250,37.0180632,Day,F,L,A,MYSE
151.909,8443,6/3/2015,5/30/2015,18:42:09,7,34.9,AH0,255,38.2498017,Day,F,L,A,MYSE
151.909,8443,6/3/2015,5/25/2015,18:42:11,7,31.5,AH0,255,34.8011375,Day,F,L,A,MYSE
151.909,8443,6/3/2015,5/29/2015,18:42:11,7,33.4,AH0,249,37.0180632,Day,F,L,A,MYSE
151.909,8443,6/3/2015,5/30/2015,18:42:11,7,34.9,AH0,254,38.2498017,Day,F,L,A,MYSE
151.909,8443,6/3/2015,5/24/2015,18:42:13,7,31.2,AH0,255,34.3759424,Day,F,L,A,MYSE
151.909,8443,6/3/2015,5/25/2015,18:42:13,7,31.5,AH0,255,34.8011375,Day,F,L,A,MYSE
151.909,8443,6/3/2015,5/29/2015,18:42:13,7,33.4,AH0,248,37.0180632,Day,F,L,A,MYSE
151.909,8443,6/3/2015,5/30/2015,18:42:13,7,34.9,AH0,255,38.2498017,Day,F,L,A,MYSE
151.909,8443,6/3/2015,5/24/2015,18:42:15,7,31.2,AH0,255,34.3759424,Day,F,L,A,MYSE
151.909,8443,6/3/2015,5/24/2015,18:42:17,7,31.2,AH0,255,34.3759424,Day,F,L,A,MYSE
151.909,8443,6/3/2015,5/26/2015,18:42:17,7,30.8,AH0,222,33.7747296,Day,F,L,A,MYSE
151.909,8443,6/3/2015,5/26/2015,18:42:18,7,30.8,AH0,223,33.7747296,Day,F,L,A,MYSE
151.909,8443,6/3/2015,5/24/2015,18:42:19,7,31.2,AH0,255,34.3759424,Day,F,L,A,MYSE
151.909,8443,6/3/2015,5/26/2015,18:42:20,7,30.8,AH0,223,33.7747296,Day,F,L,A,MYSE
151.909,8443,6/3/2015,5/26/2015,18:42:22,7,30.8,AH0,223,33.7747296,Day,F,L,A,MYSE
151.909,8443,6/3/2015,5/25/2015,18:42:26,7,31.5,AH0,255,34.8011375,Day,F,L,A,MYSE
151.909,8443,6/3/2015,5/30/2015,18:42:26,7,34.9,AH0,254,38.2498017,Day,F,L,A,MYSE
151.909,8443,6/3/2015,5/29/2015,18:42:27,7,33.4,AH0,252,37.0180632,Day,F,L,A,MYSE
151.909,8443,6/3/2015,5/25/2015,18:42:28,7,31.5,AH0,255,34.8011375,Day,F,L,A,MYSE
151.909,8443,6/3/2015,5/30/2015,18:42:28,7,34.9,AH0,255,38.2498017,Day,F,L,A,MYSE
151.909,8443,6/3/2015,5/29/2015,18:42:29,7,33.4,AH0,252,37.0180632,Day,F,L,A,MYSE
151.909,8443,6/3/2015,5/25/2015,18:42:30,7,31.5,AH0,255,34.8011375,Day,F,L,A,MYSE
151.909,8443,6/3/2015,5/30/2015,18:42:30,7,34.9,AH0,254,38.2498017,Day,F,L,A,MYSE
151.909,8443,6/3/2015,5/29/2015,18:42:31,7,33.4,AH0,251,37.0180632,Day,F,L,A,MYSE
151.909,8443,6/3/2015,5/25/2015,18:42:32,7,31.5,AH0,255,34.8011375,Day,F,L,A,MYSE
151.909,8443,6/3/2015,5/30/2015,18:42:32,7,34.9,AH0,254,38.2498017,Day,F,L,A,MYSE
151.909,8443,6/3/2015,5/24/2015,18:42:33,7,31.1,AH0,255,34.2293523,Day,F,L,A,MYSE
151.909,8443,6/3/2015,5/29/2015,18:42:33,7,33.4,AH0,251,37.0180632,Day,F,L,A,MYSE
151.909,8443,6/3/2015,5/30/2015,18:42:33,7,34.9,AH0,254,38.2498017,Day,F,L,A,MYSE
151.909,8443,6/3/2015,5/29/2015,18:42:34,7,33.4,AH0,250,37.0180632,Day,F,L,A,MYSE
151.909,8443,6/3/2015,5/24/2015,18:42:35,7,31.1,AH0,255,34.2293523,Day,F,L,A,MYSE
151.909,8443,6/3/2015,5/24/2015,18:42:36,7,31.1,AH0,255,34.2293523,Day,F,L,A,MYSE
151.909,8443,6/3/2015,5/24/2015,18:42:38,7,31.1,AH0,255,34.2293523,Day,F,L,A,MYSE
151.909,8443,6/3/2015,5/26/2015,18:42:38,7,30.8,AH0,224,33.7747296,Day,F,L,A,MYSE
151.909,8443,6/3/2015,5/26/2015,18:42:40,7,30.8,AH0,222,33.7747296,Day,F,L,A,MYSE
151.909,8443,6/3/2015,5/26/2015,18:42:42,7,30.8,AH0,223,33.7747296,Day,F,L,A,MYSE
151.909,8443,6/3/2015,5/26/2015,18:42:44,7,30.8,AH0,220,33.7747296,Day,F,L,A,MYSE
151.909,8443,6/3/2015,5/25/2015,18:42:46,7,31.4,AH0,255,34.6618152,Day,F,L,A,MYSE
151.909,8443,6/3/2015,5/25/2015,18:42:47,7,31.4,AH0,255,34.6618152,Day,F,L,A,MYSE
151.909,8443,6/3/2015,5/29/2015,18:42:47,7,33.5,AH0,250,37.1134875,Day,F,L,A,MYSE
151.909,8443,6/3/2015,5/30/2015,18:42:47,7,34.9,AH0,254,38.2498017,Day,F,L,A,MYSE
151.909,8443,6/3/2015,5/25/2015,18:42:49,7,31.4,AH0,255,34.6618152,Day,F,L,A,MYSE
151.909,8443,6/3/2015,5/29/2015,18:42:49,7,33.5,AH0,249,37.1134875,Day,F,L,A,MYSE
151.909,8443,6/3/2015,5/30/2015,18:42:49,7,34.9,AH0,254,38.2498017,Day,F,L,A,MYSE
151.909,8443,6/3/2015,5/29/2015,18:42:50,7,33.5,AH0,247,37.1134875,Day,F,L,A,MYSE
151.909,8443,6/3/2015,5/25/2015,18:42:51,7,31.4,AH0,255,34.6618152,Day,F,L,A,MYSE
151.909,8443,6/3/2015,5/30/2015,18:42:51,7,34.9,AH0,254,38.2498017,Day,F,L,A,MYSE
151.909,8443,6/3/2015,5/29/2015,18:42:52,7,33.5,AH0,251,37.1134875,Day,F,L,A,MYSE
151.909,8443,6/3/2015,5/30/2015,18:42:52,7,34.9,AH0,254,38.2498017,Day,F,L,A,MYSE
151.909,8443,6/3/2015,5/24/2015,18:42:54,7,31.2,AH0,255,34.3759424,Day,F,L,A,MYSE
151.909,8443,6/3/2015,5/29/2015,18:42:54,7,33.5,AH0,250,37.1134875,Day,F,L,A,MYSE
151.909,8443,6/3/2015,5/24/2015,18:42:56,7,31.2,AH0,255,34.3759424,Day,F,L,A,MYSE
151.909,8443,6/3/2015,5/26/2015,18:42:57,7,30.8,AH0,221,33.7747296,Day,F,L,A,MYSE
151.909,8443,6/3/2015,5/24/2015,18:42:58,7,31.2,AH0,255,34.3759424,Day,F,L,A,MYSE
151.909,8443,6/3/2015,5/26/2015,18:42:59,7,30.8,AH0,223,33.7747296,Day,F,L,A,MYSE
151.909,8443,6/3/2015,5/24/2015,18:43:00,7,31.2,AH0,255,34.3759424,Day,F,L,A,MYSE
151.909,8443,6/3/2015,5/26/2015,18:43:01,7,30.8,AH0,220,33.7747296,Day,F,L,A,MYSE
151.909,8443,6/3/2015,5/26/2015,18:43:03,7,30.8,AH0,223,33.7747296,Day,F,L,A,MYSE
151.909,8443,6/3/2015,5/30/2015,18:43:06,7,34.9,AH0,253,38.2498017,Day,F,L,A,MYSE
151.909,8443,6/3/2015,5/25/2015,18:43:07,7,31.3,AH0,255,34.5200901,Day,F,L,A,MYSE
151.909,8443,6/3/2015,5/29/2015,18:43:07,7,33.5,AH0,251,37.1134875,Day,F,L,A,MYSE
151.909,8443,6/3/2015,5/29/2015,18:43:08,7,33.5,AH0,250,37.1134875,Day,F,L,A,MYSE
151.909,8443,6/3/2015,5/30/2015,18:43:08,7,34.9,AH0,255,38.2498017,Day,F,L,A,MYSE
151.909,8443,6/3/2015,5/25/2015,18:43:09,7,31.3,AH0,255,34.5200901,Day,F,L,A,MYSE
151.909,8443,6/3/2015,5/30/2015,18:43:09,7,34.9,AH0,253,38.2498017,Day,F,L,A,MYSE
151.909,8443,6/3/2015,5/25/2015,18:43:10,7,31.3,AH0,255,34.5200901,Day,F,L,A,MYSE
151.909,8443,6/3/2015,5/29/2015,18:43:10,7,33.5,AH0,251,37.1134875,Day,F,L,A,MYSE
151.909,8443,6/3/2015,5/30/2015,18:43:11,7,34.9,AH0,254,38.2498017,Day,F,L,A,MYSE
151.909,8443,6/3/2015,5/25/2015,18:43:12,7,31.3,AH0,255,34.5200901,Day,F,L,A,MYSE
151.909,8443,6/3/2015,5/29/2015,18:43:12,7,33.4,AH0,252,37.0180632,Day,F,L,A,MYSE
151.909,8443,6/3/2015,5/24/2015,18:43:13,7,31.2,AH0,255,34.3759424,Day,F,L,A,MYSE
151.909,8443,6/3/2015,5/30/2015,18:43:13,7,34.9,AH0,255,38.2498017,Day,F,L,A,MYSE
151.909,8443,6/3/2015,5/29/2015,18:43:14,7,33.4,AH0,252,37.0180632,Day,F,L,A,MYSE
151.909,8443,6/3/2015,5/24/2015,18:43:15,7,31.2,AH0,255,34.3759424,Day,F,L,A,MYSE
151.909,8443,6/3/2015,5/24/2015,18:43:17,7,31.2,AH0,255,34.3759424,Day,F,L,A,MYSE
151.909,8443,6/3/2015,5/26/2015,18:43:17,7,30.7,AH0,224,33.6181719,Day,F,L,A,MYSE
151.909,8443,6/3/2015,5/24/2015,18:43:19,7,31.2,AH0,255,34.3759424,Day,F,L,A,MYSE
151.909,8443,6/3/2015,5/26/2015,18:43:19,7,30.7,AH0,223,33.6181719,Day,F,L,A,MYSE
151.909,8443,6/3/2015,5/26/2015,18:43:21,7,30.7,AH0,221,33.6181719,Day,F,L,A,MYSE
151.909,8443,6/3/2015,5/26/2015,18:43:23,7,30.7,AH0,222,33.6181719,Day,F,L,A,MYSE
151.909,8443,6/3/2015,5/25/2015,18:43:26,7,31.3,AH0,255,34.5200901,Day,F,L,A,MYSE
151.909,8443,6/3/2015,5/29/2015,18:43:26,7,33.4,AH0,250,37.0180632,Day,F,L,A,MYSE
151.909,8443,6/3/2015,5/30/2015,18:43:27,7,34.9,AH0,253,38.2498017,Day,F,L,A,MYSE
151.909,8443,6/3/2015,5/25/2015,18:43:28,7,31.3,AH0,255,34.5200901,Day,F,L,A,MYSE
151.909,8443,6/3/2015,5/29/2015,18:43:28,7,33.4,AH0,251,37.0180632,Day,F,L,A,MYSE
151.909,8443,6/3/2015,5/30/2015,18:43:28,7,34.9,AH0,253,38.2498017,Day,F,L,A,MYSE
151.909,8443,6/3/2015,5/25/2015,18:43:30,7,31.3,AH0,255,34.5200901,Day,F,L,A,MYSE
151.909,8443,6/3/2015,5/29/2015,18:43:30,7,33.4,AH0,252,37.0180632,Day,F,L,A,MYSE
151.909,8443,6/3/2015,5/30/2015,18:43:30,7,34.9,AH0,253,38.2498017,Day,F,L,A,MYSE
151.909,8443,6/3/2015,5/24/2015,18:43:32,7,31.1,AH0,255,34.2293523,Day,F,L,A,MYSE
151.909,8443,6/3/2015,5/25/2015,18:43:32,7,31.3,AH0,255,34.5200901,Day,F,L,A,MYSE
151.909,8443,6/3/2015,5/29/2015,18:43:32,7,33.4,AH0,251,37.0180632,Day,F,L,A,MYSE
151.909,8443,6/3/2015,5/30/2015,18:43:32,7,34.9,AH0,253,38.2498017,Day,F,L,A,MYSE
151.909,8443,6/3/2015,5/24/2015,18:43:34,7,31.1,AH0,255,34.2293523,Day,F,L,A,MYSE
151.909,8443,6/3/2015,5/29/2015,18:43:34,7,33.4,AH0,251,37.0180632,Day,F,L,A,MYSE
151.909,8443,6/3/2015,5/30/2015,18:43:34,7,34.9,AH0,254,38.2498017,Day,F,L,A,MYSE
151.909,8443,6/3/2015,5/24/2015,18:43:36,7,31.1,AH0,255,34.2293523,Day,F,L,A,MYSE
151.909,8443,6/3/2015,5/26/2015,18:43:37,7,30.7,AH0,220,33.6181719,Day,F,L,A,MYSE
151.909,8443,6/3/2015,5/24/2015,18:43:38,7,31.2,AH0,255,34.3759424,Day,F,L,A,MYSE
151.909,8443,6/3/2015,5/26/2015,18:43:38,7,30.7,AH0,218,33.6181719,Day,F,L,A,MYSE
151.909,8443,6/3/2015,5/24/2015,18:43:40,7,31.2,AH0,255,34.3759424,Day,F,L,A,MYSE
151.909,8443,6/3/2015,5/26/2015,18:43:40,7,30.7,AH0,222,33.6181719,Day,F,L,A,MYSE
151.909,8443,6/3/2015,5/26/2015,18:43:42,7,30.7,AH0,222,33.6181719,Day,F,L,A,MYSE
151.909,8443,6/3/2015,5/30/2015,18:43:46,7,35.2,AH0,253,38.4478464,Day,F,L,A,MYSE
151.909,8443,6/3/2015,5/25/2015,18:43:47,7,31.3,AH0,255,34.5200901,Day,F,L,A,MYSE
151.909,8443,6/3/2015,5/30/2015,18:43:47,7,34.9,AH0,253,38.2498017,Day,F,L,A,MYSE
151.909,8443,6/3/2015,5/29/2015,18:43:48,7,33.5,AH0,249,37.1134875,Day,F,L,A,MYSE
151.909,8443,6/3/2015,5/25/2015,18:43:49,7,31.3,AH0,255,34.5200901,Day,F,L,A,MYSE
151.909,8443,6/3/2015,5/30/2015,18:43:49,7,34.9,AH0,254,38.2498017,Day,F,L,A,MYSE
151.909,8443,6/3/2015,5/29/2015,18:43:50,7,33.5,AH0,251,37.1134875,Day,F,L,A,MYSE
151.909,8443,6/3/2015,5/25/2015,18:43:51,7,31.2,AH0,255,34.3759424,Day,F,L,A,MYSE
151.909,8443,6/3/2015,5/30/2015,18:43:51,7,34.9,AH0,254,38.2498017,Day,F,L,A,MYSE
151.909,8443,6/3/2015,5/29/2015,18:43:52,7,33.5,AH0,252,37.1134875,Day,F,L,A,MYSE
151.909,8443,6/3/2015,5/25/2015,18:43:53,7,31.2,AH0,255,34.3759424,Day,F,L,A,MYSE
151.909,8443,6/3/2015,5/29/2015,18:43:53,7,33.5,AH0,248,37.1134875,Day,F,L,A,MYSE
151.909,8443,6/3/2015,5/30/2015,18:43:53,7,34.8,AH0,254,38.1803936,Day,F,L,A,MYSE
151.909,8443,6/3/2015,5/24/2015,18:43:54,7,31.1,AH0,255,34.2293523,Day,F,L,A,MYSE
151.909,8443,6/3/2015,5/24/2015,18:43:55,7,31.1,AH0,255,34.2293523,Day,F,L,A,MYSE
151.909,8443,6/3/2015,5/24/2015,18:43:57,7,31.2,AH0,255,34.3759424,Day,F,L,A,MYSE
151.909,8443,6/3/2015,5/26/2015,18:43:58,7,30.7,AH0,220,33.6181719,Day,F,L,A,MYSE
151.909,8443,6/3/2015,5/24/2015,18:43:59,7,31.2,AH0,255,34.3759424,Day,F,L,A,MYSE
151.909,8443,6/3/2015,5/26/2015,18:44:00,7,30.7,AH0,221,33.6181719,Day,F,L,A,MYSE
151.909,8443,6/3/2015,5/26/2015,18:44:02,7,30.7,AH0,221,33.6181719,Day,F,L,A,MYSE
151.909,8443,6/3/2015,5/26/2015,18:44:04,7,30.7,AH0,219,33.6181719,Day,F,L,A,MYSE
151.909,8443,6/3/2015,5/25/2015,18:44:06,7,31.2,AH0,255,34.3759424,Day,F,L,A,MYSE
151.909,8443,6/3/2015,5/30/2015,18:44:06,7,34.9,AH0,253,38.2498017,Day,F,L,A,MYSE
151.909,8443,6/3/2015,5/25/2015,18:44:08,7,31.2,AH0,255,34.3759424,Day,F,L,A,MYSE
151.909,8443,6/3/2015,5/29/2015,18:44:08,7,33.5,AH0,252,37.1134875,Day,F,L,A,MYSE
151.909,8443,6/3/2015,5/30/2015,18:44:08,7,34.9,AH0,254,38.2498017,Day,F,L,A,MYSE
151.909,8443,6/3/2015,5/29/2015,18:44:09,7,33.5,AH0,251,37.1134875,Day,F,L,A,MYSE
151.909,8443,6/3/2015,5/25/2015,18:44:10,7,31.2,AH0,255,34.3759424,Day,F,L,A,MYSE
151.909,8443,6/3/2015,5/30/2015,18:44:10,7,34.9,AH0,251,38.2498017,Day,F,L,A,MYSE
151.909,8443,6/3/2015,5/29/2015,18:44:11,7,33.5,AH0,251,37.1134875,Day,F,L,A,MYSE
151.909,8443,6/3/2015,5/30/2015,18:44:11,7,34.9,AH0,253,38.2498017,Day,F,L,A,MYSE
151.909,8443,6/3/2015,5/25/2015,18:44:12,7,31.2,AH0,255,34.3759424,Day,F,L,A,MYSE
151.909,8443,6/3/2015,5/24/2015,18:44:13,7,31.1,AH0,255,34.2293523,Day,F,L,A,MYSE
151.909,8443,6/3/2015,5/29/2015,18:44:13,7,33.5,AH0,248,37.1134875,Day,F,L,A,MYSE
151.909,8443,6/3/2015,5/30/2015,18:44:13,7,34.9,AH0,253,38.2498017,Day,F,L,A,MYSE
151.909,8443,6/3/2015,5/24/2015,18:44:15,7,31.1,AH0,255,34.2293523,Day,F,L,A,MYSE
151.909,8443,6/3/2015,5/24/2015,18:44:17,7,31.2,AH0,255,34.3759424,Day,F,L,A,MYSE
151.909,8443,6/3/2015,5/26/2015,18:44:18,7,30.7,AH0,220,33.6181719,Day,F,L,A,MYSE
151.909,8443,6/3/2015,5/24/2015,18:44:19,7,31.1,AH0,255,34.2293523,Day,F,L,A,MYSE
151.909,8443,6/3/2015,5/26/2015,18:44:20,7,30.7,AH0,221,33.6181719,Day,F,L,A,MYSE
151.909,8443,6/3/2015,5/26/2015,18:44:21,7,30.7,AH0,221,33.6181719,Day,F,L,A,MYSE
151.909,8443,6/3/2015,5/26/2015,18:44:23,7,30.7,AH0,223,33.6181719,Day,F,L,A,MYSE
151.909,8443,6/3/2015,5/25/2015,18:44:25,7,31.2,AH0,255,34.3759424,Day,F,L,A,MYSE
151.909,8443,6/3/2015,5/25/2015,18:44:27,7,31.2,AH0,255,34.3759424,Day,F,L,A,MYSE
151.909,8443,6/3/2015,5/29/2015,18:44:27,7,33.4,AH0,249,37.0180632,Day,F,L,A,MYSE
151.909,8443,6/3/2015,5/30/2015,18:44:27,7,34.8,AH0,254,38.1803936,Day,F,L,A,MYSE
151.909,8443,6/3/2015,5/25/2015,18:44:29,7,31.2,AH0,255,34.3759424,Day,F,L,A,MYSE
151.909,8443,6/3/2015,5/29/2015,18:44:29,7,33.4,AH0,252,37.0180632,Day,F,L,A,MYSE
151.909,8443,6/3/2015,5/30/2015,18:44:29,7,34.8,AH0,253,38.1803936,Day,F,L,A,MYSE
151.909,8443,6/3/2015,5/30/2015,18:44:30,7,34.8,AH0,255,38.1803936,Day,F,L,A,MYSE
151.909,8443,6/3/2015,5/25/2015,18:44:31,7,31.2,AH0,255,34.3759424,Day,F,L,A,MYSE
151.909,8443,6/3/2015,5/29/2015,18:44:31,7,33.4,AH0,251,37.0180632,Day,F,L,A,MYSE
151.909,8443,6/3/2015,5/30/2015,18:44:32,7,34.8,AH0,254,38.1803936,Day,F,L,A,MYSE
151.909,8443,6/3/2015,5/25/2015,18:44:33,7,31.2,AH0,255,34.3759424,Day,F,L,A,MYSE
151.909,8443,6/3/2015,5/29/2015,18:44:33,7,33.4,AH0,251,37.0180632,Day,F,L,A,MYSE
151.909,8443,6/3/2015,5/24/2015,18:44:34,7,31.2,AH0,255,34.3759424,Day,F,L,A,MYSE
151.909,8443,6/3/2015,5/30/2015,18:44:34,7,34.8,AH0,253,38.1803936,Day,F,L,A,MYSE
151.909,8443,6/3/2015,5/24/2015,18:44:36,7,31.2,AH0,255,34.3759424,Day,F,L,A,MYSE
151.909,8443,6/3/2015,5/26/2015,18:44:37,7,30.6,AH0,219,33.4590728,Day,F,L,A,MYSE
151.909,8443,6/3/2015,5/24/2015,18:44:38,7,31.2,AH0,255,34.3759424,Day,F,L,A,MYSE
151.909,8443,6/3/2015,5/26/2015,18:44:39,7,30.6,AH0,221,33.4590728,Day,F,L,A,MYSE
151.909,8443,6/3/2015,5/24/2015,18:44:40,7,31.2,AH0,255,34.3759424,Day,F,L,A,MYSE
151.909,8443,6/3/2015,5/26/2015,18:44:41,7,30.6,AH0,221,33.4590728,Day,F,L,A,MYSE
151.909,8443,6/3/2015,5/26/2015,18:44:43,7,30.6,AH0,220,33.4590728,Day,F,L,A,MYSE
151.909,8443,6/3/2015,5/30/2015,18:44:46,7,34.8,AH0,254,38.1803936,Day,F,L,A,MYSE
151.909,8443,6/3/2015,5/25/2015,18:44:47,7,31.2,AH0,255,34.3759424,Day,F,L,A,MYSE
151.909,8443,6/3/2015,5/29/2015,18:44:47,7,33.4,AH0,250,37.0180632,Day,F,L,A,MYSE
151.909,8443,6/3/2015,5/25/2015,18:44:48,7,31.2,AH0,255,34.3759424,Day,F,L,A,MYSE
151.909,8443,6/3/2015,5/30/2015,18:44:48,7,34.8,AH0,254,38.1803936,Day,F,L,A,MYSE
151.909,8443,6/3/2015,5/29/2015,18:44:49,7,33.4,AH0,251,37.0180632,Day,F,L,A,MYSE
151.909,8443,6/3/2015,5/30/2015,18:44:49,7,34.8,AH0,254,38.1803936,Day,F,L,A,MYSE
151.909,8443,6/3/2015,5/25/2015,18:44:50,7,31.2,AH0,255,34.3759424,Day,F,L,A,MYSE
151.909,8443,6/3/2015,5/29/2015,18:44:51,7,33.4,AH0,252,37.0180632,Day,F,L,A,MYSE
151.909,8443,6/3/2015,5/30/2015,18:44:51,7,34.8,AH0,253,38.1803936,Day,F,L,A,MYSE
151.909,8443,6/3/2015,5/25/2015,18:44:52,7,31.2,AH0,255,34.3759424,Day,F,L,A,MYSE
151.909,8443,6/3/2015,5/24/2015,18:44:53,7,31.1,AH0,255,34.2293523,Day,F,L,A,MYSE
151.909,8443,6/3/2015,5/29/2015,18:44:53,7,33.4,AH0,250,37.0180632,Day,F,L,A,MYSE
151.909,8443,6/3/2015,5/30/2015,18:44:53,7,34.8,AH0,254,38.1803936,Day,F,L,A,MYSE
151.909,8443,6/3/2015,5/29/2015,18:44:54,7,33.4,AH0,251,37.0180632,Day,F,L,A,MYSE
151.909,8443,6/3/2015,5/24/2015,18:44:55,7,31.2,AH0,255,34.3759424,Day,F,L,A,MYSE
151.909,8443,6/3/2015,5/24/2015,18:44:57,7,31.1,AH0,255,34.2293523,Day,F,L,A,MYSE
151.909,8443,6/3/2015,5/26/2015,18:44:57,7,30.6,AH0,222,33.4590728,Day,F,L,A,MYSE
151.909,8443,6/3/2015,5/24/2015,18:44:59,7,31.1,AH0,255,34.2293523,Day,F,L,A,MYSE
151.909,8443,6/3/2015,5/26/2015,18:44:59,7,30.6,AH0,220,33.4590728,Day,F,L,A,MYSE
151.909,8443,6/3/2015,5/26/2015,18:45:01,7,30.6,AH0,221,33.4590728,Day,F,L,A,MYSE
151.909,8443,6/3/2015,5/26/2015,18:45:03,7,30.6,AH0,223,33.4590728,Day,F,L,A,MYSE
151.909,8443,6/3/2015,5/25/2015,18:45:06,7,31.1,AH0,255,34.2293523,Day,F,L,A,MYSE
151.909,8443,6/3/2015,5/29/2015,18:45:07,7,33.4,AH0,251,37.0180632,Day,F,L,A,MYSE
151.909,8443,6/3/2015,5/30/2015,18:45:07,7,34.8,AH0,254,38.1803936,Day,F,L,A,MYSE
151.909,8443,6/3/2015,5/25/2015,18:45:08,7,31.1,AH0,255,34.2293523,Day,F,L,A,MYSE
151.909,8443,6/3/2015,5/30/2015,18:45:08,7,34.8,AH0,255,38.1803936,Day,F,L,A,MYSE
151.909,8443,6/3/2015,5/29/2015,18:45:09,7,33.4,AH0,253,37.0180632,Day,F,L,A,MYSE
151.909,8443,6/3/2015,5/25/2015,18:45:10,7,31.1,AH0,255,34.2293523,Day,F,L,A,MYSE
151.909,8443,6/3/2015,5/30/2015,18:45:10,7,34.8,AH0,254,38.1803936,Day,F,L,A,MYSE
151.909,8443,6/3/2015,5/29/2015,18:45:11,7,33.4,AH0,251,37.0180632,Day,F,L,A,MYSE
151.909,8443,6/3/2015,5/25/2015,18:45:12,7,31.1,AH0,255,34.2293523,Day,F,L,A,MYSE
151.909,8443,6/3/2015,5/29/2015,18:45:12,7,33.4,AH0,251,37.0180632,Day,F,L,A,MYSE
151.909,8443,6/3/2015,5/30/2015,18:45:12,7,34.8,AH0,254,38.1803936,Day,F,L,A,MYSE
151.909,8443,6/3/2015,5/24/2015,18:45:13,7,31.2,AH0,255,34.3759424,Day,F,L,A,MYSE
151.909,8443,6/3/2015,5/30/2015,18:45:13,7,34.8,AH0,253,38.1803936,Day,F,L,A,MYSE
151.909,8443,6/3/2015,5/24/2015,18:45:14,7,31.1,AH0,255,34.2293523,Day,F,L,A,MYSE
151.909,8443,6/3/2015,5/29/2015,18:45:14,7,33.4,AH0,250,37.0180632,Day,F,L,A,MYSE
151.909,8443,6/3/2015,5/24/2015,18:45:16,7,31.2,AH0,255,34.3759424,Day,F,L,A,MYSE
151.909,8443,6/3/2015,5/26/2015,18:45:16,7,30.6,AH0,221,33.4590728,Day,F,L,A,MYSE
151.909,8443,6/3/2015,5/24/2015,18:45:18,7,31.1,AH0,255,34.2293523,Day,F,L,A,MYSE
151.909,8443,6/3/2015,5/26/2015,18:45:18,7,30.6,AH0,223,33.4590728,Day,F,L,A,MYSE
151.909,8443,6/3/2015,5/26/2015,18:45:20,7,30.6,AH0,221,33.4590728,Day,F,L,A,MYSE
151.909,8443,6/3/2015,5/26/2015,18:45:22,7,30.6,AH0,220,33.4590728,Day,F,L,A,MYSE
151.909,8443,6/3/2015,5/25/2015,18:45:25,7,31.2,AH0,255,34.3759424,Day,F,L,A,MYSE
151.909,8443,6/3/2015,5/25/2015,18:45:27,7,31.1,AH0,255,34.2293523,Day,F,L,A,MYSE
151.909,8443,6/3/2015,5/29/2015,18:45:27,7,33.4,AH0,251,37.0180632,Day,F,L,A,MYSE
151.909,8443,6/3/2015,5/30/2015,18:45:27,7,34.8,AH0,254,38.1803936,Day,F,L,A,MYSE
151.909,8443,6/3/2015,5/29/2015,18:45:28,7,33.4,AH0,251,37.0180632,Day,F,L,A,MYSE
151.909,8443,6/3/2015,5/25/2015,18:45:29,7,31.1,AH0,255,34.2293523,Day,F,L,A,MYSE
151.909,8443,6/3/2015,5/30/2015,18:45:29,7,34.8,AH0,254,38.1803936,Day,F,L,A,MYSE
151.909,8443,6/3/2015,5/29/2015,18:45:30,7,33.4,AH0,249,37.0180632,Day,F,L,A,MYSE
151.909,8443,6/3/2015,5/25/2015,18:45:31,7,31.1,AH0,255,34.2293523,Day,F,L,A,MYSE
151.909,8443,6/3/2015,5/30/2015,18:45:31,7,34.7,AH0,254,38.1092559,Day,F,L,A,MYSE
151.909,8443,6/3/2015,5/29/2015,18:45:32,7,33.4,AH0,248,37.0180632,Day,F,L,A,MYSE
151.909,8443,6/3/2015,5/30/2015,18:45:32,7,34.7,AH0,254,38.1092559,Day,F,L,A,MYSE
151.909,8443,6/3/2015,5/25/2015,18:45:33,7,31.1,AH0,255,34.2293523,Day,F,L,A,MYSE
151.909,8443,6/3/2015,5/24/2015,18:45:34,7,31.1,AH0,255,34.2293523,Day,F,L,A,MYSE
151.909,8443,6/3/2015,5/29/2015,18:45:34,7,33.3,AH0,250,36.9206321,Day,F,L,A,MYSE
151.909,8443,6/3/2015,5/24/2015,18:45:36,7,31.1,AH0,255,34.2293523,Day,F,L,A,MYSE
151.909,8443,6/3/2015,5/24/2015,18:45:38,7,31.1,AH0,255,34.2293523,Day,F,L,A,MYSE
151.909,8443,6/3/2015,5/26/2015,18:45:38,7,30.5,AH0,224,33.2974125,Day,F,L,A,MYSE
151.909,8443,6/3/2015,5/24/2015,18:45:40,7,31.1,AH0,255,34.2293523,Day,F,L,A,MYSE
151.909,8443,6/3/2015,5/26/2015,18:45:40,7,30.5,AH0,224,33.2974125,Day,F,L,A,MYSE
151.909,8443,6/3/2015,5/26/2015,18:45:42,7,30.5,AH0,225,33.2974125,Day,F,L,A,MYSE
151.909,8443,6/3/2015,5/26/2015,18:45:44,7,30.5,AH0,223,33.2974125,Day,F,L,A,MYSE
151.909,8443,6/3/2015,5/25/2015,18:45:46,7,31.1,AH0,255,34.2293523,Day,F,L,A,MYSE
151.909,8443,6/3/2015,5/30/2015,18:45:46,7,34.7,AH0,254,38.1092559,Day,F,L,A,MYSE
151.909,8443,6/3/2015,5/29/2015,18:45:47,7,33.3,AH0,251,36.9206321,Day,F,L,A,MYSE
151.909,8443,6/3/2015,5/25/2015,18:45:48,7,31.1,AH0,255,34.2293523,Day,F,L,A,MYSE
151.909,8443,6/3/2015,5/29/2015,18:45:48,7,33.3,AH0,249,36.9206321,Day,F,L,A,MYSE
151.909,8443,6/3/2015,5/30/2015,18:45:48,7,34.7,AH0,254,38.1092559,Day,F,L,A,MYSE
151.909,8443,6/3/2015,5/25/2015,18:45:50,7,31.1,AH0,255,34.2293523,Day,F,L,A,MYSE
151.909,8443,6/3/2015,5/29/2015,18:45:50,7,33.3,AH0,252,36.9206321,Day,F,L,A,MYSE
151.909,8443,6/3/2015,5/30/2015,18:45:50,7,34.7,AH0,254,38.1092559,Day,F,L,A,MYSE
151.909,8443,6/3/2015,5/30/2015,18:45:51,7,34.7,AH0,254,38.1092559,Day,F,L,A,MYSE
151.909,8443,6/3/2015,5/25/2015,18:45:52,7,31.1,AH0,255,34.2293523,Day,F,L,A,MYSE
151.909,8443,6/3/2015,5/29/2015,18:45:52,7,33.3,AH0,252,36.9206321,Day,F,L,A,MYSE
151.909,8443,6/3/2015,5/24/2015,18:45:53,7,31.1,AH0,255,34.2293523,Day,F,L,A,MYSE
151.909,8443,6/3/2015,5/30/2015,18:45:53,7,34.7,AH0,254,38.1092559,Day,F,L,A,MYSE
151.909,8443,6/3/2015,5/29/2015,18:45:54,7,33.3,AH0,253,36.9206321,Day,F,L,A,MYSE
151.909,8443,6/3/2015,5/24/2015,18:45:55,7,31.1,AH0,255,34.2293523,Day,F,L,A,MYSE
151.909,8443,6/3/2015,5/24/2015,18:45:57,7,31.1,AH0,255,34.2293523,Day,F,L,A,MYSE
151.909,8443,6/3/2015,5/26/2015,18:45:58,7,30.6,AH0,200,33.4590728,Day,F,L,A,MYSE
151.909,8443,6/3/2015,5/24/2015,18:45:59,7,31.1,AH0,255,34.2293523,Day,F,L,A,MYSE
151.909,8443,6/3/2015,5/26/2015,18:46:00,7,30.7,AH0,198,33.6181719,Day,F,L,A,MYSE
151.909,8443,6/3/2015,5/26/2015,18:46:02,7,30.7,AH0,200,33.6181719,Day,F,L,A,MYSE
151.909,8443,6/3/2015,5/26/2015,18:46:03,7,30.7,AH0,195,33.6181719,Day,F,L,A,MYSE
151.909,8443,6/3/2015,5/25/2015,18:46:06,7,31.1,AH0,255,34.2293523,Day,F,L,A,MYSE
151.909,8443,6/3/2015,5/29/2015,18:46:06,7,33.3,AH0,250,36.9206321,Day,F,L,A,MYSE
151.909,8443,6/3/2015,5/25/2015,18:46:07,7,31.1,AH0,255,34.2293523,Day,F,L,A,MYSE
151.909,8443,6/3/2015,5/30/2015,18:46:07,7,34.7,AH0,253,38.1092559,Day,F,L,A,MYSE
151.909,8443,6/3/2015,5/29/2015,18:46:08,7,33.3,AH0,250,36.9206321,Day,F,L,A,MYSE
151.909,8443,6/3/2015,5/25/2015,18:46:09,7,31.1,AH0,255,34.2293523,Day,F,L,A,MYSE
151.909,8443,6/3/2015,5/30/2015,18:46:09,7,34.7,AH0,251,38.1092559,Day,F,L,A,MYSE
151.909,8443,6/3/2015,5/29/2015,18:46:10,7,33.3,AH0,251,36.9206321,Day,F,L,A,MYSE
151.909,8443,6/3/2015,5/25/2015,18:46:11,7,31.1,AH0,255,34.2293523,Day,F,L,A,MYSE
151.909,8443,6/3/2015,5/30/2015,18:46:11,7,34.7,AH0,254,38.1092559,Day,F,L,A,MYSE
151.909,8443,6/3/2015,5/24/2015,18:46:12,7,31.1,AH0,255,34.2293523,Day,F,L,A,MYSE
151.909,8443,6/3/2015,5/29/2015,18:46:12,7,33.3,AH0,249,36.9206321,Day,F,L,A,MYSE
151.909,8443,6/3/2015,5/30/2015,18:46:12,7,34.7,AH0,253,38.1092559,Day,F,L,A,MYSE
151.909,8443,6/3/2015,5/24/2015,18:46:14,7,31.1,AH0,255,34.2293523,Day,F,L,A,MYSE
151.909,8443,6/3/2015,5/29/2015,18:46:14,7,33.3,AH0,252,36.9206321,Day,F,L,A,MYSE
151.909,8443,6/3/2015,5/24/2015,18:46:16,7,31.1,AH0,255,34.2293523,Day,F,L,A,MYSE
151.909,8443,6/3/2015,5/26/2015,18:46:17,7,30.9,AH0,198,33.9287657,Day,F,L,A,MYSE
151.909,8443,6/3/2015,5/24/2015,18:46:18,7,31.1,AH0,255,34.2293523,Day,F,L,A,MYSE
151.909,8443,6/3/2015,5/26/2015,18:46:19,7,30.9,AH0,200,33.9287657,Day,F,L,A,MYSE
151.909,8443,6/3/2015,5/24/2015,18:46:20,7,31.1,AH0,255,34.2293523,Day,F,L,A,MYSE
151.909,8443,6/3/2015,5/26/2015,18:46:21,7,30.9,AH0,198,33.9287657,Day,F,L,A,MYSE
151.909,8443,6/3/2015,5/26/2015,18:46:23,7,31,AH0,197,34.0803,Day,F,L,A,MYSE
151.909,8443,6/3/2015,5/30/2015,18:46:26,7,34.7,AH0,254,38.1092559,Day,F,L,A,MYSE
151.909,8443,6/3/2015,5/25/2015,18:46:27,7,31.1,AH0,255,34.2293523,Day,F,L,A,MYSE
151.909,8443,6/3/2015,5/29/2015,18:46:28,7,33.3,AH0,252,36.9206321,Day,F,L,A,MYSE
151.909,8443,6/3/2015,5/30/2015,18:46:28,7,34.7,AH0,254,38.1092559,Day,F,L,A,MYSE
151.909,8443,6/3/2015,5/25/2015,18:46:29,7,31.1,AH0,255,34.2293523,Day,F,L,A,MYSE
151.909,8443,6/3/2015,5/29/2015,18:46:30,7,33.3,AH0,252,36.9206321,Day,F,L,A,MYSE
151.909,8443,6/3/2015,5/30/2015,18:46:30,7,34.7,AH0,254,38.1092559,Day,F,L,A,MYSE
151.909,8443,6/3/2015,5/25/2015,18:46:31,7,31.1,AH0,255,34.2293523,Day,F,L,A,MYSE
151.909,8443,6/3/2015,5/30/2015,18:46:31,7,34.7,AH0,254,38.1092559,Day,F,L,A,MYSE
151.909,8443,6/3/2015,5/29/2015,18:46:32,7,33.3,AH0,250,36.9206321,Day,F,L,A,MYSE
151.909,8443,6/3/2015,5/25/2015,18:46:33,7,31.1,AH0,255,34.2293523,Day,F,L,A,MYSE
151.909,8443,6/3/2015,5/29/2015,18:46:33,7,33.3,AH0,252,36.9206321,Day,F,L,A,MYSE
151.909,8443,6/3/2015,5/30/2015,18:46:33,7,34.7,AH0,254,38.1092559,Day,F,L,A,MYSE
151.909,8443,6/3/2015,5/24/2015,18:46:34,7,31.1,AH0,255,34.2293523,Day,F,L,A,MYSE
151.909,8443,6/3/2015,5/24/2015,18:46:36,7,31.1,AH0,255,34.2293523,Day,F,L,A,MYSE
151.909,8443,6/3/2015,5/26/2015,18:46:36,7,31.1,AH0,204,34.2293523,Day,F,L,A,MYSE
151.909,8443,6/3/2015,5/24/2015,18:46:37,7,31.1,AH0,255,34.2293523,Day,F,L,A,MYSE
151.909,8443,6/3/2015,5/26/2015,18:46:38,7,31.1,AH0,203,34.2293523,Day,F,L,A,MYSE
151.909,8443,6/3/2015,5/24/2015,18:46:39,7,31.1,AH0,255,34.2293523,Day,F,L,A,MYSE
151.909,8443,6/3/2015,5/26/2015,18:46:40,7,31.1,AH0,204,34.2293523,Day,F,L,A,MYSE
151.909,8443,6/3/2015,5/26/2015,18:46:42,7,31.1,AH0,202,34.2293523,Day,F,L,A,MYSE
151.909,8443,6/3/2015,5/25/2015,18:46:46,7,31.1,AH0,255,34.2293523,Day,F,L,A,MYSE
151.909,8443,6/3/2015,5/30/2015,18:46:47,7,34.7,AH0,253,38.1092559,Day,F,L,A,MYSE
151.909,8443,6/3/2015,5/25/2015,18:46:48,7,31.1,AH0,255,34.2293523,Day,F,L,A,MYSE
151.909,8443,6/3/2015,5/29/2015,18:46:48,7,33.3,AH0,251,36.9206321,Day,F,L,A,MYSE
151.909,8443,6/3/2015,5/30/2015,18:46:49,7,34.6,AH0,254,38.0363688,Day,F,L,A,MYSE
151.909,8443,6/3/2015,5/25/2015,18:46:50,7,31,AH0,255,34.0803,Day,F,L,A,MYSE
151.909,8443,6/3/2015,5/29/2015,18:46:50,7,33.3,AH0,251,36.9206321,Day,F,L,A,MYSE
151.909,8443,6/3/2015,5/30/2015,18:46:50,7,34.6,AH0,254,38.0363688,Day,F,L,A,MYSE
151.909,8443,6/3/2015,5/29/2015,18:46:51,7,33.3,AH0,250,36.9206321,Day,F,L,A,MYSE
151.909,8443,6/3/2015,5/25/2015,18:46:52,7,31.1,AH0,255,34.2293523,Day,F,L,A,MYSE
151.909,8443,6/3/2015,5/30/2015,18:46:52,7,34.6,AH0,254,38.0363688,Day,F,L,A,MYSE
151.909,8443,6/3/2015,5/24/2015,18:46:53,7,31.1,AH0,255,34.2293523,Day,F,L,A,MYSE
151.909,8443,6/3/2015,5/29/2015,18:46:53,7,33.3,AH0,251,36.9206321,Day,F,L,A,MYSE
151.909,8443,6/3/2015,5/30/2015,18:46:54,7,34.6,AH0,253,38.0363688,Day,F,L,A,MYSE
151.909,8443,6/3/2015,5/24/2015,18:46:55,7,31.1,AH0,255,34.2293523,Day,F,L,A,MYSE
151.909,8443,6/3/2015,5/24/2015,18:46:57,7,31.1,AH0,255,34.2293523,Day,F,L,A,MYSE
151.909,8443,6/3/2015,5/26/2015,18:46:58,7,31.2,AH0,205,34.3759424,Day,F,L,A,MYSE
151.909,8443,6/3/2015,5/24/2015,18:46:59,7,31.2,AH0,255,34.3759424,Day,F,L,A,MYSE
151.909,8443,6/3/2015,5/26/2015,18:47:00,7,31.2,AH0,205,34.3759424,Day,F,L,A,MYSE
151.909,8443,6/3/2015,5/26/2015,18:47:01,7,31.2,AH0,206,34.3759424,Day,F,L,A,MYSE
151.909,8443,6/3/2015,5/26/2015,18:47:03,7,31.3,AH0,206,34.5200901,Day,F,L,A,MYSE
151.909,8443,6/3/2015,5/25/2015,18:47:05,7,31,AH0,255,34.0803,Day,F,L,A,MYSE
151.909,8443,6/3/2015,5/30/2015,18:47:06,7,34.6,AH0,254,38.0363688,Day,F,L,A,MYSE
151.909,8443,6/3/2015,5/25/2015,18:47:07,7,31,AH0,255,34.0803,Day,F,L,A,MYSE
151.909,8443,6/3/2015,5/29/2015,18:47:08,7,33.3,AH0,249,36.9206321,Day,F,L,A,MYSE
151.909,8443,6/3/2015,5/30/2015,18:47:08,7,34.6,AH0,251,38.0363688,Day,F,L,A,MYSE
151.909,8443,6/3/2015,5/25/2015,18:47:09,7,31,AH0,255,34.0803,Day,F,L,A,MYSE
151.909,8443,6/3/2015,5/29/2015,18:47:09,7,33.3,AH0,251,36.9206321,Day,F,L,A,MYSE
151.909,8443,6/3/2015,5/30/2015,18:47:09,7,34.7,AH0,254,38.1092559,Day,F,L,A,MYSE
151.909,8443,6/3/2015,5/25/2015,18:47:11,7,31,AH0,255,34.0803,Day,F,L,A,MYSE
151.909,8443,6/3/2015,5/29/2015,18:47:11,7,33.3,AH0,253,36.9206321,Day,F,L,A,MYSE
151.909,8443,6/3/2015,5/30/2015,18:47:11,7,34.6,AH0,253,38.0363688,Day,F,L,A,MYSE
151.909,8443,6/3/2015,5/24/2015,18:47:12,7,31.2,AH0,255,34.3759424,Day,F,L,A,MYSE
151.909,8443,6/3/2015,5/29/2015,18:47:13,7,33.3,AH0,252,36.9206321,Day,F,L,A,MYSE
151.909,8443,6/3/2015,5/30/2015,18:47:13,7,34.6,AH0,254,38.0363688,Day,F,L,A,MYSE
151.909,8443,6/3/2015,5/24/2015,18:47:14,7,31.2,AH0,255,34.3759424,Day,F,L,A,MYSE
151.909,8443,6/3/2015,5/24/2015,18:47:16,7,31.2,AH0,255,34.3759424,Day,F,L,A,MYSE
151.909,8443,6/3/2015,5/26/2015,18:47:17,7,31.3,AH0,205,34.5200901,Day,F,L,A,MYSE
151.909,8443,6/3/2015,5/24/2015,18:47:18,7,31.2,AH0,255,34.3759424,Day,F,L,A,MYSE
151.909,8443,6/3/2015,5/26/2015,18:47:19,7,31.3,AH0,206,34.5200901,Day,F,L,A,MYSE
151.909,8443,6/3/2015,5/24/2015,18:47:20,7,31.2,AH0,255,34.3759424,Day,F,L,A,MYSE
151.909,8443,6/3/2015,5/26/2015,18:47:21,7,31.3,AH0,207,34.5200901,Day,F,L,A,MYSE
151.909,8443,6/3/2015,5/26/2015,18:47:23,7,31.3,AH0,207,34.5200901,Day,F,L,A,MYSE
151.909,8443,6/3/2015,5/25/2015,18:47:27,7,31,AH0,255,34.0803,Day,F,L,A,MYSE
151.909,8443,6/3/2015,5/29/2015,18:47:27,7,33.3,AH0,251,36.9206321,Day,F,L,A,MYSE
151.909,8443,6/3/2015,5/30/2015,18:47:27,7,34.6,AH0,254,38.0363688,Day,F,L,A,MYSE
151.909,8443,6/3/2015,5/30/2015,18:47:28,7,34.6,AH0,254,38.0363688,Day,F,L,A,MYSE
151.909,8443,6/3/2015,5/25/2015,18:47:29,7,31,AH0,255,34.0803,Day,F,L,A,MYSE
151.909,8443,6/3/2015,5/29/2015,18:47:29,7,33.3,AH0,252,36.9206321,Day,F,L,A,MYSE
151.909,8443,6/3/2015,5/30/2015,18:47:30,7,34.6,AH0,254,38.0363688,Day,F,L,A,MYSE
151.909,8443,6/3/2015,5/25/2015,18:47:31,7,31,AH0,255,34.0803,Day,F,L,A,MYSE
151.909,8443,6/3/2015,5/29/2015,18:47:31,7,33.2,AH0,251,36.8211744,Day,F,L,A,MYSE
151.909,8443,6/3/2015,5/30/2015,18:47:32,7,34.6,AH0,254,38.0363688,Day,F,L,A,MYSE
151.909,8443,6/3/2015,5/24/2015,18:47:33,7,31.2,AH0,255,34.3759424,Day,F,L,A,MYSE
151.909,8443,6/3/2015,5/25/2015,18:47:33,7,31,AH0,255,34.0803,Day,F,L,A,MYSE
151.909,8443,6/3/2015,5/29/2015,18:47:33,7,33.3,AH0,253,36.9206321,Day,F,L,A,MYSE
151.909,8443,6/3/2015,5/30/2015,18:47:34,7,34.6,AH0,254,38.0363688,Day,F,L,A,MYSE
151.909,8443,6/3/2015,5/24/2015,18:47:35,7,31.2,AH0,255,34.3759424,Day,F,L,A,MYSE
151.909,8443,6/3/2015,5/24/2015,18:47:37,7,31.2,AH0,255,34.3759424,Day,F,L,A,MYSE
151.909,8443,6/3/2015,5/26/2015,18:47:38,7,31.4,AH0,210,34.6618152,Day,F,L,A,MYSE
151.909,8443,6/3/2015,5/24/2015,18:47:39,7,31.3,AH0,255,34.5200901,Day,F,L,A,MYSE
151.909,8443,6/3/2015,5/26/2015,18:47:40,7,31.4,AH0,209,34.6618152,Day,F,L,A,MYSE
151.909,8443,6/3/2015,5/26/2015,18:47:42,7,31.4,AH0,210,34.6618152,Day,F,L,A,MYSE
151.909,8443,6/3/2015,5/26/2015,18:47:44,7,31.4,AH0,211,34.6618152,Day,F,L,A,MYSE
151.909,8443,6/3/2015,5/25/2015,18:47:46,7,31,AH0,255,34.0803,Day,F,L,A,MYSE
151.909,8443,6/3/2015,5/30/2015,18:47:46,7,34.6,AH0,254,38.0363688,Day,F,L,A,MYSE
151.909,8443,6/3/2015,5/29/2015,18:47:47,7,33.2,AH0,251,36.8211744,Day,F,L,A,MYSE
151.909,8443,6/3/2015,5/30/2015,18:47:47,7,34.6,AH0,255,38.0363688,Day,F,L,A,MYSE
151.909,8443,6/3/2015,5/25/2015,18:47:48,7,31,AH0,255,34.0803,Day,F,L,A,MYSE
151.909,8443,6/3/2015,5/29/2015,18:47:49,7,33.2,AH0,252,36.8211744,Day,F,L,A,MYSE
151.909,8443,6/3/2015,5/30/2015,18:47:49,7,34.6,AH0,254,38.0363688,Day,F,L,A,MYSE
151.909,8443,6/3/2015,5/25/2015,18:47:50,7,31,AH0,255,34.0803,Day,F,L,A,MYSE
151.909,8443,6/3/2015,5/29/2015,18:47:51,7,33.2,AH0,252,36.8211744,Day,F,L,A,MYSE
151.909,8443,6/3/2015,5/30/2015,18:47:51,7,34.6,AH0,254,38.0363688,Day,F,L,A,MYSE
151.909,8443,6/3/2015,5/24/2015,18:47:52,7,31.3,AH0,255,34.5200901,Day,F,L,A,MYSE
151.909,8443,6/3/2015,5/25/2015,18:47:52,7,31,AH0,255,34.0803,Day,F,L,A,MYSE
151.909,8443,6/3/2015,5/29/2015,18:47:53,7,33.2,AH0,252,36.8211744,Day,F,L,A,MYSE
151.909,8443,6/3/2015,5/30/2015,18:47:53,7,34.6,AH0,254,38.0363688,Day,F,L,A,MYSE
151.909,8443,6/3/2015,5/24/2015,18:47:54,7,31.3,AH0,255,34.5200901,Day,F,L,A,MYSE
151.909,8443,6/3/2015,5/24/2015,18:47:56,7,31.3,AH0,255,34.5200901,Day,F,L,A,MYSE
151.909,8443,6/3/2015,5/26/2015,18:47:57,7,31.4,AH0,211,34.6618152,Day,F,L,A,MYSE
151.909,8443,6/3/2015,5/24/2015,18:47:58,7,31.3,AH0,255,34.5200901,Day,F,L,A,MYSE
151.909,8443,6/3/2015,5/26/2015,18:47:59,7,31.4,AH0,209,34.6618152,Day,F,L,A,MYSE
151.909,8443,6/3/2015,5/26/2015,18:48:01,7,31.4,AH0,213,34.6618152,Day,F,L,A,MYSE
151.909,8443,6/3/2015,5/26/2015,18:48:03,7,31.4,AH0,211,34.6618152,Day,F,L,A,MYSE
151.909,8443,6/3/2015,5/25/2015,18:48:05,7,31,AH0,255,34.0803,Day,F,L,A,MYSE
151.909,8443,6/3/2015,5/25/2015,18:48:07,7,31,AH0,255,34.0803,Day,F,L,A,MYSE
151.909,8443,6/3/2015,5/29/2015,18:48:07,7,33.2,AH0,251,36.8211744,Day,F,L,A,MYSE
151.909,8443,6/3/2015,5/30/2015,18:48:07,7,34.6,AH0,255,38.0363688,Day,F,L,A,MYSE
151.909,8443,6/3/2015,5/30/2015,18:48:08,7,34.6,AH0,253,38.0363688,Day,F,L,A,MYSE
151.909,8443,6/3/2015,5/25/2015,18:48:09,7,31,AH0,255,34.0803,Day,F,L,A,MYSE
151.909,8443,6/3/2015,5/29/2015,18:48:09,7,33.2,AH0,251,36.8211744,Day,F,L,A,MYSE
151.909,8443,6/3/2015,5/30/2015,18:48:10,7,34.6,AH0,254,38.0363688,Day,F,L,A,MYSE
151.909,8443,6/3/2015,5/25/2015,18:48:11,7,31,AH0,255,34.0803,Day,F,L,A,MYSE
151.909,8443,6/3/2015,5/29/2015,18:48:11,7,33.2,AH0,249,36.8211744,Day,F,L,A,MYSE
151.909,8443,6/3/2015,5/30/2015,18:48:12,7,34.6,AH0,253,38.0363688,Day,F,L,A,MYSE
151.909,8443,6/3/2015,5/29/2015,18:48:13,7,33.2,AH0,250,36.8211744,Day,F,L,A,MYSE
151.909,8443,6/3/2015,5/30/2015,18:48:13,7,34.6,AH0,254,38.0363688,Day,F,L,A,MYSE
151.909,8443,6/3/2015,5/24/2015,18:48:14,7,31.3,AH0,255,34.5200901,Day,F,L,A,MYSE
151.909,8443,6/3/2015,5/24/2015,18:48:16,7,31.3,AH0,255,34.5200901,Day,F,L,A,MYSE
151.909,8443,6/3/2015,5/26/2015,18:48:16,7,31.4,AH0,211,34.6618152,Day,F,L,A,MYSE
151.909,8443,6/3/2015,5/24/2015,18:48:17,7,31.3,AH0,255,34.5200901,Day,F,L,A,MYSE
151.909,8443,6/3/2015,5/26/2015,18:48:18,7,31.4,AH0,210,34.6618152,Day,F,L,A,MYSE
151.909,8443,6/3/2015,5/24/2015,18:48:19,7,31.3,AH0,255,34.5200901,Day,F,L,A,MYSE
151.909,8443,6/3/2015,5/26/2015,18:48:20,7,31.4,AH0,212,34.6618152,Day,F,L,A,MYSE
151.909,8443,6/3/2015,5/26/2015,18:48:22,7,31.4,AH0,211,34.6618152,Day,F,L,A,MYSE
151.909,8443,6/3/2015,5/26/2015,18:48:24,7,31.4,AH0,209,34.6618152,Day,F,L,A,MYSE
151.909,8443,6/3/2015,5/30/2015,18:48:26,7,34.6,AH0,254,38.0363688,Day,F,L,A,MYSE
151.909,8443,6/3/2015,5/25/2015,18:48:27,7,30.9,AH0,255,33.9287657,Day,F,L,A,MYSE
151.909,8443,6/3/2015,5/29/2015,18:48:27,7,33.2,AH0,252,36.8211744,Day,F,L,A,MYSE
151.909,8443,6/3/2015,5/30/2015,18:48:27,7,34.6,AH0,254,38.0363688,Day,F,L,A,MYSE
151.909,8443,6/3/2015,5/25/2015,18:48:29,7,30.9,AH0,255,33.9287657,Day,F,L,A,MYSE
151.909,8443,6/3/2015,5/29/2015,18:48:29,7,33.2,AH0,251,36.8211744,Day,F,L,A,MYSE
151.909,8443,6/3/2015,5/30/2015,18:48:29,7,34.6,AH0,253,38.0363688,Day,F,L,A,MYSE
151.909,8443,6/3/2015,5/25/2015,18:48:31,7,30.9,AH0,255,33.9287657,Day,F,L,A,MYSE
151.909,8443,6/3/2015,5/29/2015,18:48:31,7,33.2,AH0,252,36.8211744,Day,F,L,A,MYSE
151.909,8443,6/3/2015,5/30/2015,18:48:31,7,34.6,AH0,254,38.0363688,Day,F,L,A,MYSE
151.909,8443,6/3/2015,5/29/2015,18:48:32,7,33.2,AH0,250,36.8211744,Day,F,L,A,MYSE
151.909,8443,6/3/2015,5/24/2015,18:48:33,7,31.3,AH0,255,34.5200901,Day,F,L,A,MYSE
151.909,8443,6/3/2015,5/25/2015,18:48:33,7,30.9,AH0,255,33.9287657,Day,F,L,A,MYSE
151.909,8443,6/3/2015,5/30/2015,18:48:33,7,34.6,AH0,253,38.0363688,Day,F,L,A,MYSE
151.909,8443,6/3/2015,5/29/2015,18:48:34,7,33.2,AH0,251,36.8211744,Day,F,L,A,MYSE
151.909,8443,6/3/2015,5/24/2015,18:48:35,7,31.3,AH0,255,34.5200901,Day,F,L,A,MYSE
151.909,8443,6/3/2015,5/24/2015,18:48:37,7,31.3,AH0,255,34.5200901,Day,F,L,A,MYSE
151.909,8443,6/3/2015,5/26/2015,18:48:37,7,31.4,AH0,211,34.6618152,Day,F,L,A,MYSE
151.909,8443,6/3/2015,5/24/2015,18:48:39,7,31.3,AH0,255,34.5200901,Day,F,L,A,MYSE
151.909,8443,6/3/2015,5/26/2015,18:48:39,7,31.4,AH0,211,34.6618152,Day,F,L,A,MYSE
151.909,8443,6/3/2015,5/26/2015,18:48:41,7,31.4,AH0,211,34.6618152,Day,F,L,A,MYSE
151.909,8443,6/3/2015,5/26/2015,18:48:43,7,31.4,AH0,209,34.6618152,Day,F,L,A,MYSE
151.909,8443,6/3/2015,5/25/2015,18:48:46,7,30.9,AH0,255,33.9287657,Day,F,L,A,MYSE
151.909,8443,6/3/2015,5/30/2015,18:48:46,7,34.6,AH0,254,38.0363688,Day,F,L,A,MYSE
151.909,8443,6/3/2015,5/29/2015,18:48:47,7,33.2,AH0,251,36.8211744,Day,F,L,A,MYSE
151.909,8443,6/3/2015,5/25/2015,18:48:48,7,30.9,AH0,255,33.9287657,Day,F,L,A,MYSE
151.909,8443,6/3/2015,5/30/2015,18:48:48,7,34.6,AH0,254,38.0363688,Day,F,L,A,MYSE
151.909,8443,6/3/2015,5/29/2015,18:48:49,7,33.2,AH0,252,36.8211744,Day,F,L,A,MYSE
151.909,8443,6/3/2015,5/25/2015,18:48:50,7,30.9,AH0,255,33.9287657,Day,F,L,A,MYSE
151.909,8443,6/3/2015,5/30/2015,18:48:50,7,34.6,AH0,254,38.0363688,Day,F,L,A,MYSE
151.909,8443,6/3/2015,5/29/2015,18:48:51,7,33.2,AH0,252,36.8211744,Day,F,L,A,MYSE
151.909,8443,6/3/2015,5/25/2015,18:48:52,7,30.9,AH0,255,33.9287657,Day,F,L,A,MYSE
151.909,8443,6/3/2015,5/29/2015,18:48:52,7,33.2,AH0,253,36.8211744,Day,F,L,A,MYSE
151.909,8443,6/3/2015,5/30/2015,18:48:52,7,34.6,AH0,254,38.0363688,Day,F,L,A,MYSE
151.909,8443,6/3/2015,5/30/2015,18:48:53,7,34.6,AH0,254,38.0363688,Day,F,L,A,MYSE
151.909,8443,6/3/2015,5/24/2015,18:48:54,7,31.3,AH0,255,34.5200901,Day,F,L,A,MYSE
151.909,8443,6/3/2015,5/29/2015,18:48:54,7,33.2,AH0,251,36.8211744,Day,F,L,A,MYSE
151.909,8443,6/3/2015,5/24/2015,18:48:56,7,31.3,AH0,255,34.5200901,Day,F,L,A,MYSE
151.909,8443,6/3/2015,5/26/2015,18:48:56,7,31.4,AH0,210,34.6618152,Day,F,L,A,MYSE
151.909,8443,6/3/2015,5/24/2015,18:48:58,7,31.3,AH0,255,34.5200901,Day,F,L,A,MYSE
151.909,8443,6/3/2015,5/26/2015,18:48:58,7,31.4,AH0,210,34.6618152,Day,F,L,A,MYSE
151.909,8443,6/3/2015,5/24/2015,18:49:00,7,31.3,AH0,255,34.5200901,Day,F,L,A,MYSE
151.909,8443,6/3/2015,5/26/2015,18:49:00,7,31.4,AH0,212,34.6618152,Day,F,L,A,MYSE
151.909,8443,6/3/2015,5/26/2015,18:49:02,7,31.4,AH0,211,34.6618152,Day,F,L,A,MYSE
151.909,8443,6/3/2015,5/26/2015,18:49:04,7,31.4,AH0,211,34.6618152,Day,F,L,A,MYSE
151.909,8443,6/3/2015,5/25/2015,18:49:06,7,30.8,AH0,255,33.7747296,Day,F,L,A,MYSE
151.909,8443,6/3/2015,5/29/2015,18:49:07,7,33.2,AH0,252,36.8211744,Day,F,L,A,MYSE
151.909,8443,6/3/2015,5/30/2015,18:49:07,7,34.6,AH0,254,38.0363688,Day,F,L,A,MYSE
151.909,8443,6/3/2015,5/25/2015,18:49:08,7,30.8,AH0,255,33.7747296,Day,F,L,A,MYSE
151.909,8443,6/3/2015,5/29/2015,18:49:09,7,33.2,AH0,252,36.8211744,Day,F,L,A,MYSE
151.909,8443,6/3/2015,5/30/2015,18:49:09,7,34.6,AH0,254,38.0363688,Day,F,L,A,MYSE
151.909,8443,6/3/2015,5/25/2015,18:49:10,7,30.8,AH0,255,33.7747296,Day,F,L,A,MYSE
151.909,8443,6/3/2015,5/29/2015,18:49:10,7,33.2,AH0,252,36.8211744,Day,F,L,A,MYSE
151.909,8443,6/3/2015,5/30/2015,18:49:11,7,34.6,AH0,254,38.0363688,Day,F,L,A,MYSE
151.909,8443,6/3/2015,5/25/2015,18:49:12,7,30.8,AH0,255,33.7747296,Day,F,L,A,MYSE
151.909,8443,6/3/2015,5/29/2015,18:49:12,7,33.2,AH0,251,36.8211744,Day,F,L,A,MYSE
151.909,8443,6/3/2015,5/30/2015,18:49:12,7,34.6,AH0,252,38.0363688,Day,F,L,A,MYSE
151.909,8443,6/3/2015,5/24/2015,18:49:13,7,31.3,AH0,255,34.5200901,Day,F,L,A,MYSE
151.909,8443,6/3/2015,5/29/2015,18:49:14,7,33.2,AH0,250,36.8211744,Day,F,L,A,MYSE
151.909,8443,6/3/2015,5/24/2015,18:49:15,7,31.3,AH0,255,34.5200901,Day,F,L,A,MYSE
151.909,8443,6/3/2015,5/24/2015,18:49:17,7,31.3,AH0,255,34.5200901,Day,F,L,A,MYSE
151.909,8443,6/3/2015,5/26/2015,18:49:17,7,31.4,AH0,210,34.6618152,Day,F,L,A,MYSE
151.909,8443,6/3/2015,5/24/2015,18:49:19,7,31.3,AH0,255,34.5200901,Day,F,L,A,MYSE
151.909,8443,6/3/2015,5/26/2015,18:49:19,7,31.4,AH0,213,34.6618152,Day,F,L,A,MYSE
151.909,8443,6/3/2015,5/26/2015,18:49:21,7,31.4,AH0,209,34.6618152,Day,F,L,A,MYSE
151.909,8443,6/3/2015,5/26/2015,18:49:23,7,31.4,AH0,209,34.6618152,Day,F,L,A,MYSE
151.909,8443,6/3/2015,5/25/2015,18:49:25,7,30.8,AH0,255,33.7747296,Day,F,L,A,MYSE
151.909,8443,6/3/2015,5/30/2015,18:49:26,7,34.6,AH0,254,38.0363688,Day,F,L,A,MYSE
151.909,8443,6/3/2015,5/25/2015,18:49:27,7,30.8,AH0,255,33.7747296,Day,F,L,A,MYSE
151.909,8443,6/3/2015,5/29/2015,18:49:27,7,33.2,AH0,250,36.8211744,Day,F,L,A,MYSE
151.909,8443,6/3/2015,5/30/2015,18:49:28,7,34.6,AH0,254,38.0363688,Day,F,L,A,MYSE
151.909,8443,6/3/2015,5/25/2015,18:49:29,7,30.8,AH0,255,33.7747296,Day,F,L,A,MYSE
151.909,8443,6/3/2015,5/29/2015,18:49:29,7,33.2,AH0,251,36.8211744,Day,F,L,A,MYSE
151.909,8443,6/3/2015,5/29/2015,18:49:30,7,33.2,AH0,252,36.8211744,Day,F,L,A,MYSE
151.909,8443,6/3/2015,5/30/2015,18:49:30,7,34.6,AH0,254,38.0363688,Day,F,L,A,MYSE
151.909,8443,6/3/2015,5/25/2015,18:49:31,7,30.8,AH0,255,33.7747296,Day,F,L,A,MYSE
151.909,8443,6/3/2015,5/24/2015,18:49:32,7,31.3,AH0,255,34.5200901,Day,F,L,A,MYSE
151.909,8443,6/3/2015,5/29/2015,18:49:32,7,33.2,AH0,250,36.8211744,Day,F,L,A,MYSE
151.909,8443,6/3/2015,5/30/2015,18:49:32,7,34.6,AH0,254,38.0363688,Day,F,L,A,MYSE
151.909,8443,6/3/2015,5/25/2015,18:49:33,7,30.8,AH0,255,33.7747296,Day,F,L,A,MYSE
151.909,8443,6/3/2015,5/30/2015,18:49:33,7,34.6,AH0,254,38.0363688,Day,F,L,A,MYSE
151.909,8443,6/3/2015,5/24/2015,18:49:34,7,31.3,AH0,255,34.5200901,Day,F,L,A,MYSE
151.909,8443,6/3/2015,5/29/2015,18:49:34,7,33.2,AH0,251,36.8211744,Day,F,L,A,MYSE
151.909,8443,6/3/2015,5/24/2015,18:49:36,7,31.3,AH0,255,34.5200901,Day,F,L,A,MYSE
151.909,8443,6/3/2015,5/26/2015,18:49:36,7,31.5,AH0,211,34.8011375,Day,F,L,A,MYSE
151.909,8443,6/3/2015,5/24/2015,18:49:38,7,31.3,AH0,255,34.5200901,Day,F,L,A,MYSE
151.909,8443,6/3/2015,5/26/2015,18:49:38,7,31.5,AH0,211,34.8011375,Day,F,L,A,MYSE
151.909,8443,6/3/2015,5/24/2015,18:49:40,7,31.3,AH0,255,34.5200901,Day,F,L,A,MYSE
151.909,8443,6/3/2015,5/26/2015,18:49:40,7,31.4,AH0,211,34.6618152,Day,F,L,A,MYSE
151.909,8443,6/3/2015,5/26/2015,18:49:42,7,31.5,AH0,214,34.8011375,Day,F,L,A,MYSE
151.909,8443,6/3/2015,5/26/2015,18:49:44,7,31.5,AH0,212,34.8011375,Day,F,L,A,MYSE
151.909,8443,6/3/2015,5/25/2015,18:49:47,7,30.7,AH0,255,33.6181719,Day,F,L,A,MYSE
151.909,8443,6/3/2015,5/29/2015,18:49:47,7,33.2,AH0,249,36.8211744,Day,F,L,A,MYSE
151.909,8443,6/3/2015,5/30/2015,18:49:47,7,34.6,AH0,254,38.0363688,Day,F,L,A,MYSE
151.909,8443,6/3/2015,5/29/2015,18:49:48,7,33.2,AH0,252,36.8211744,Day,F,L,A,MYSE
151.909,8443,6/3/2015,5/25/2015,18:49:49,7,30.7,AH0,255,33.6181719,Day,F,L,A,MYSE
151.909,8443,6/3/2015,5/30/2015,18:49:49,7,34.6,AH0,255,38.0363688,Day,F,L,A,MYSE
151.909,8443,6/3/2015,5/29/2015,18:49:50,7,33.2,AH0,251,36.8211744,Day,F,L,A,MYSE
151.909,8443,6/3/2015,5/25/2015,18:49:51,7,30.7,AH0,255,33.6181719,Day,F,L,A,MYSE
151.909,8443,6/3/2015,5/30/2015,18:49:51,7,34.6,AH0,255,38.0363688,Day,F,L,A,MYSE
151.909,8443,6/3/2015,5/29/2015,18:49:52,7,33.2,AH0,251,36.8211744,Day,F,L,A,MYSE
151.909,8443,6/3/2015,5/30/2015,18:49:52,7,34.6,AH0,253,38.0363688,Day,F,L,A,MYSE
151.909,8443,6/3/2015,5/24/2015,18:49:53,7,31.3,AH0,255,34.5200901,Day,F,L,A,MYSE
151.909,8443,6/3/2015,5/25/2015,18:49:53,7,30.7,AH0,255,33.6181719,Day,F,L,A,MYSE
151.909,8443,6/3/2015,5/29/2015,18:49:54,7,33.2,AH0,249,36.8211744,Day,F,L,A,MYSE
151.909,8443,6/3/2015,5/24/2015,18:49:55,7,31.3,AH0,255,34.5200901,Day,F,L,A,MYSE
151.909,8443,6/3/2015,5/24/2015,18:49:57,7,31.3,AH0,255,34.5200901,Day,F,L,A,MYSE
151.909,8443,6/3/2015,5/26/2015,18:49:57,7,31.5,AH0,207,34.8011375,Day,F,L,A,MYSE
151.909,8443,6/3/2015,5/24/2015,18:49:59,7,31.3,AH0,255,34.5200901,Day,F,L,A,MYSE
151.909,8443,6/3/2015,5/26/2015,18:49:59,7,31.5,AH0,211,34.8011375,Day,F,L,A,MYSE
151.909,8443,6/3/2015,5/26/2015,18:50:01,7,31.5,AH0,209,34.8011375,Day,F,L,A,MYSE
151.909,8443,6/3/2015,5/26/2015,18:50:03,7,31.5,AH0,209,34.8011375,Day,F,L,A,MYSE
151.909,8443,6/3/2015,5/25/2015,18:50:06,7,30.7,AH0,255,33.6181719,Day,F,L,A,MYSE
151.909,8443,6/3/2015,5/30/2015,18:50:06,7,34.5,AH0,254,37.9617125,Day,F,L,A,MYSE
151.909,8443,6/3/2015,5/29/2015,18:50:07,7,33.2,AH0,251,36.8211744,Day,F,L,A,MYSE
151.909,8443,6/3/2015,5/25/2015,18:50:08,7,30.7,AH0,255,33.6181719,Day,F,L,A,MYSE
151.909,8443,6/3/2015,5/29/2015,18:50:08,7,33.1,AH0,252,36.7196703,Day,F,L,A,MYSE
151.909,8443,6/3/2015,5/30/2015,18:50:08,7,34.6,AH0,255,38.0363688,Day,F,L,A,MYSE
151.909,8443,6/3/2015,5/25/2015,18:50:10,7,30.7,AH0,255,33.6181719,Day,F,L,A,MYSE
151.909,8443,6/3/2015,5/29/2015,18:50:10,7,33.2,AH0,250,36.8211744,Day,F,L,A,MYSE
151.909,8443,6/3/2015,5/30/2015,18:50:10,7,34.6,AH0,254,38.0363688,Day,F,L,A,MYSE
151.909,8443,6/3/2015,5/30/2015,18:50:11,7,34.5,AH0,253,37.9617125,Day,F,L,A,MYSE
151.909,8443,6/3/2015,5/24/2015,18:50:12,7,31.3,AH0,255,34.5200901,Day,F,L,A,MYSE
151.909,8443,6/3/2015,5/25/2015,18:50:12,7,30.7,AH0,255,33.6181719,Day,F,L,A,MYSE
151.909,8443,6/3/2015,5/29/2015,18:50:12,7,33.2,AH0,251,36.8211744,Day,F,L,A,MYSE
151.909,8443,6/3/2015,5/30/2015,18:50:13,7,34.6,AH0,254,38.0363688,Day,F,L,A,MYSE
151.909,8443,6/3/2015,5/24/2015,18:50:14,7,31.3,AH0,255,34.5200901,Day,F,L,A,MYSE
151.909,8443,6/3/2015,5/29/2015,18:50:14,7,33.1,AH0,251,36.7196703,Day,F,L,A,MYSE
151.909,8443,6/3/2015,5/24/2015,18:50:16,7,31.3,AH0,255,34.5200901,Day,F,L,A,MYSE
151.909,8443,6/3/2015,5/26/2015,18:50:16,7,31.5,AH0,206,34.8011375,Day,F,L,A,MYSE
151.909,8443,6/3/2015,5/24/2015,18:50:18,7,31.3,AH0,255,34.5200901,Day,F,L,A,MYSE
151.909,8443,6/3/2015,5/26/2015,18:50:18,7,31.5,AH0,206,34.8011375,Day,F,L,A,MYSE
151.909,8443,6/3/2015,5/26/2015,18:50:20,7,31.5,AH0,206,34.8011375,Day,F,L,A,MYSE
151.909,8443,6/3/2015,5/26/2015,18:50:22,7,31.5,AH0,202,34.8011375,Day,F,L,A,MYSE
151.909,8443,6/3/2015,5/26/2015,18:50:24,7,31.5,AH0,207,34.8011375,Day,F,L,A,MYSE
151.909,8443,6/3/2015,5/25/2015,18:50:26,7,30.6,AH0,255,33.4590728,Day,F,L,A,MYSE
151.909,8443,6/3/2015,5/29/2015,18:50:26,7,33.1,AH0,251,36.7196703,Day,F,L,A,MYSE
151.909,8443,6/3/2015,5/30/2015,18:50:27,7,34.5,AH0,253,37.9617125,Day,F,L,A,MYSE
151.909,8443,6/3/2015,5/25/2015,18:50:28,7,30.6,AH0,255,33.4590728,Day,F,L,A,MYSE
151.909,8443,6/3/2015,5/29/2015,18:50:28,7,33.1,AH0,252,36.7196703,Day,F,L,A,MYSE
151.909,8443,6/3/2015,5/30/2015,18:50:29,7,34.5,AH0,253,37.9617125,Day,F,L,A,MYSE
151.909,8443,6/3/2015,5/25/2015,18:50:30,7,30.6,AH0,255,33.4590728,Day,F,L,A,MYSE
151.909,8443,6/3/2015,5/29/2015,18:50:30,7,33.1,AH0,250,36.7196703,Day,F,L,A,MYSE
151.909,8443,6/3/2015,5/30/2015,18:50:31,7,34.5,AH0,254,37.9617125,Day,F,L,A,MYSE
151.909,8443,6/3/2015,5/25/2015,18:50:32,7,30.6,AH0,255,33.4590728,Day,F,L,A,MYSE
151.909,8443,6/3/2015,5/29/2015,18:50:32,7,33.1,AH0,251,36.7196703,Day,F,L,A,MYSE
151.909,8443,6/3/2015,5/30/2015,18:50:32,7,34.5,AH0,253,37.9617125,Day,F,L,A,MYSE
151.909,8443,6/3/2015,5/24/2015,18:50:34,7,31.3,AH0,255,34.5200901,Day,F,L,A,MYSE
151.909,8443,6/3/2015,5/29/2015,18:50:34,7,33.1,AH0,250,36.7196703,Day,F,L,A,MYSE
151.909,8443,6/3/2015,5/24/2015,18:50:35,7,31.3,AH0,255,34.5200901,Day,F,L,A,MYSE
151.909,8443,6/3/2015,5/24/2015,18:50:37,7,31.3,AH0,255,34.5200901,Day,F,L,A,MYSE
151.909,8443,6/3/2015,5/26/2015,18:50:37,7,31.5,AH0,206,34.8011375,Day,F,L,A,MYSE
151.909,8443,6/3/2015,5/24/2015,18:50:39,7,31.3,AH0,255,34.5200901,Day,F,L,A,MYSE
151.909,8443,6/3/2015,5/26/2015,18:50:39,7,31.5,AH0,206,34.8011375,Day,F,L,A,MYSE
151.909,8443,6/3/2015,5/26/2015,18:50:41,7,31.5,AH0,209,34.8011375,Day,F,L,A,MYSE
151.909,8443,6/3/2015,5/26/2015,18:50:43,7,31.5,AH0,205,34.8011375,Day,F,L,A,MYSE
151.909,8443,6/3/2015,5/25/2015,18:50:45,7,30.6,AH0,255,33.4590728,Day,F,L,A,MYSE
151.909,8443,6/3/2015,5/29/2015,18:50:46,7,33.1,AH0,251,36.7196703,Day,F,L,A,MYSE
151.909,8443,6/3/2015,5/30/2015,18:50:46,7,34.5,AH0,254,37.9617125,Day,F,L,A,MYSE
151.909,8443,6/3/2015,5/25/2015,18:50:47,7,30.6,AH0,255,33.4590728,Day,F,L,A,MYSE
151.909,8443,6/3/2015,5/29/2015,18:50:48,7,33.1,AH0,252,36.7196703,Day,F,L,A,MYSE
151.909,8443,6/3/2015,5/30/2015,18:50:48,7,34.5,AH0,254,37.9617125,Day,F,L,A,MYSE
151.909,8443,6/3/2015,5/25/2015,18:50:49,7,30.6,AH0,255,33.4590728,Day,F,L,A,MYSE
151.909,8443,6/3/2015,5/29/2015,18:50:50,7,33.1,AH0,251,36.7196703,Day,F,L,A,MYSE
151.909,8443,6/3/2015,5/30/2015,18:50:50,7,34.5,AH0,255,37.9617125,Day,F,L,A,MYSE
151.909,8443,6/3/2015,5/25/2015,18:50:51,7,30.6,AH0,255,33.4590728,Day,F,L,A,MYSE
151.909,8443,6/3/2015,5/30/2015,18:50:51,7,34.5,AH0,254,37.9617125,Day,F,L,A,MYSE
151.909,8443,6/3/2015,5/29/2015,18:50:52,7,33.1,AH0,250,36.7196703,Day,F,L,A,MYSE
151.909,8443,6/3/2015,5/24/2015,18:50:53,7,31.3,AH0,255,34.5200901,Day,F,L,A,MYSE
151.909,8443,6/3/2015,5/30/2015,18:50:53,7,34.5,AH0,255,37.9617125,Day,F,L,A,MYSE
151.909,8443,6/3/2015,5/29/2015,18:50:54,7,33.1,AH0,249,36.7196703,Day,F,L,A,MYSE
151.909,8443,6/3/2015,5/24/2015,18:50:55,7,31.3,AH0,255,34.5200901,Day,F,L,A,MYSE
151.909,8443,6/3/2015,5/26/2015,18:50:56,7,31.5,AH0,208,34.8011375,Day,F,L,A,MYSE
151.909,8443,6/3/2015,5/24/2015,18:50:57,7,31.3,AH0,255,34.5200901,Day,F,L,A,MYSE
151.909,8443,6/3/2015,5/24/2015,18:50:58,7,31.3,AH0,255,34.5200901,Day,F,L,A,MYSE
151.909,8443,6/3/2015,5/26/2015,18:50:58,7,31.5,AH0,210,34.8011375,Day,F,L,A,MYSE
151.909,8443,6/3/2015,5/26/2015,18:51:00,7,31.5,AH0,207,34.8011375,Day,F,L,A,MYSE
151.909,8443,6/3/2015,5/26/2015,18:51:02,7,31.5,AH0,209,34.8011375,Day,F,L,A,MYSE
151.909,8443,6/3/2015,5/26/2015,18:51:04,7,31.5,AH0,209,34.8011375,Day,F,L,A,MYSE
151.909,8443,6/3/2015,5/25/2015,18:51:05,7,30.6,AH0,255,33.4590728,Day,F,L,A,MYSE
151.909,8443,6/3/2015,5/29/2015,18:51:06,7,33.1,AH0,253,36.7196703,Day,F,L,A,MYSE
151.909,8443,6/3/2015,5/25/2015,18:51:07,7,30.6,AH0,255,33.4590728,Day,F,L,A,MYSE
151.909,8443,6/3/2015,5/30/2015,18:51:07,7,34.5,AH0,254,37.9617125,Day,F,L,A,MYSE
151.909,8443,6/3/2015,5/29/2015,18:51:08,7,33.1,AH0,251,36.7196703,Day,F,L,A,MYSE
151.909,8443,6/3/2015,5/25/2015,18:51:09,7,30.6,AH0,255,33.4590728,Day,F,L,A,MYSE
151.909,8443,6/3/2015,5/30/2015,18:51:09,7,34.5,AH0,254,37.9617125,Day,F,L,A,MYSE
151.909,8443,6/3/2015,5/29/2015,18:51:10,7,33.1,AH0,253,36.7196703,Day,F,L,A,MYSE
151.909,8443,6/3/2015,5/25/2015,18:51:11,7,30.6,AH0,255,33.4590728,Day,F,L,A,MYSE
151.909,8443,6/3/2015,5/30/2015,18:51:11,7,34.5,AH0,253,37.9617125,Day,F,L,A,MYSE
151.909,8443,6/3/2015,5/29/2015,18:51:12,7,33.1,AH0,251,36.7196703,Day,F,L,A,MYSE
151.909,8443,6/3/2015,5/30/2015,18:51:12,7,34.5,AH0,254,37.9617125,Day,F,L,A,MYSE
151.909,8443,6/3/2015,5/25/2015,18:51:13,7,30.6,AH0,255,33.4590728,Day,F,L,A,MYSE
151.909,8443,6/3/2015,5/24/2015,18:51:14,7,31.3,AH0,255,34.5200901,Day,F,L,A,MYSE
151.909,8443,6/3/2015,5/29/2015,18:51:14,7,33.1,AH0,251,36.7196703,Day,F,L,A,MYSE
151.909,8443,6/3/2015,5/24/2015,18:51:16,7,31.3,AH0,255,34.5200901,Day,F,L,A,MYSE
151.909,8443,6/3/2015,5/26/2015,18:51:17,7,31.5,AH0,209,34.8011375,Day,F,L,A,MYSE
151.909,8443,6/3/2015,5/24/2015,18:51:18,7,31.3,AH0,255,34.5200901,Day,F,L,A,MYSE
151.909,8443,6/3/2015,5/26/2015,18:51:19,7,31.5,AH0,207,34.8011375,Day,F,L,A,MYSE
151.909,8443,6/3/2015,5/24/2015,18:51:20,7,31.3,AH0,255,34.5200901,Day,F,L,A,MYSE
151.909,8443,6/3/2015,5/26/2015,18:51:21,7,31.5,AH0,208,34.8011375,Day,F,L,A,MYSE
151.909,8443,6/3/2015,5/26/2015,18:51:23,7,31.5,AH0,211,34.8011375,Day,F,L,A,MYSE
151.909,8443,6/3/2015,5/29/2015,18:51:26,7,33.1,AH0,251,36.7196703,Day,F,L,A,MYSE
151.909,8443,6/3/2015,5/30/2015,18:51:26,7,34.4,AH0,254,37.8852672,Day,F,L,A,MYSE
151.909,8443,6/3/2015,5/25/2015,18:51:27,7,30.6,AH0,255,33.4590728,Day,F,L,A,MYSE
151.909,8443,6/3/2015,5/29/2015,18:51:28,7,33.1,AH0,250,36.7196703,Day,F,L,A,MYSE
151.909,8443,6/3/2015,5/30/2015,18:51:28,7,34.4,AH0,254,37.8852672,Day,F,L,A,MYSE
151.909,8443,6/3/2015,5/25/2015,18:51:29,7,30.6,AH0,255,33.4590728,Day,F,L,A,MYSE
151.909,8443,6/3/2015,5/29/2015,18:51:30,7,33.1,AH0,250,36.7196703,Day,F,L,A,MYSE
151.909,8443,6/3/2015,5/30/2015,18:51:30,7,34.4,AH0,254,37.8852672,Day,F,L,A,MYSE
151.909,8443,6/3/2015,5/25/2015,18:51:31,7,30.5,AH0,255,33.2974125,Day,F,L,A,MYSE
151.909,8443,6/3/2015,5/30/2015,18:51:31,7,34.4,AH0,254,37.8852672,Day,F,L,A,MYSE
151.909,8443,6/3/2015,5/25/2015,18:51:32,7,30.6,AH0,255,33.4590728,Day,F,L,A,MYSE
151.909,8443,6/3/2015,5/29/2015,18:51:32,7,33.1,AH0,249,36.7196703,Day,F,L,A,MYSE
151.909,8443,6/3/2015,5/24/2015,18:51:33,7,31.3,AH0,255,34.5200901,Day,F,L,A,MYSE
151.909,8443,6/3/2015,5/29/2015,18:51:33,7,33.1,AH0,249,36.7196703,Day,F,L,A,MYSE
151.909,8443,6/3/2015,5/30/2015,18:51:33,7,34.4,AH0,254,37.8852672,Day,F,L,A,MYSE
151.909,8443,6/3/2015,5/24/2015,18:51:35,7,31.3,AH0,255,34.5200901,Day,F,L,A,MYSE
151.909,8443,6/3/2015,5/26/2015,18:51:36,7,31.5,AH0,207,34.8011375,Day,F,L,A,MYSE
151.909,8443,6/3/2015,5/24/2015,18:51:37,7,31.3,AH0,255,34.5200901,Day,F,L,A,MYSE
151.909,8443,6/3/2015,5/26/2015,18:51:38,7,31.5,AH0,204,34.8011375,Day,F,L,A,MYSE
151.909,8443,6/3/2015,5/24/2015,18:51:39,7,31.3,AH0,255,34.5200901,Day,F,L,A,MYSE
151.909,8443,6/3/2015,5/26/2015,18:51:40,7,31.5,AH0,209,34.8011375,Day,F,L,A,MYSE
151.909,8443,6/3/2015,5/26/2015,18:51:42,7,31.5,AH0,208,34.8011375,Day,F,L,A,MYSE
151.909,8443,6/3/2015,5/26/2015,18:51:44,7,31.5,AH0,207,34.8011375,Day,F,L,A,MYSE
151.909,8443,6/3/2015,5/25/2015,18:51:46,7,30.6,AH0,255,33.4590728,Day,F,L,A,MYSE
151.909,8443,6/3/2015,5/29/2015,18:51:46,7,33.1,AH0,249,36.7196703,Day,F,L,A,MYSE
151.909,8443,6/3/2015,5/30/2015,18:51:47,7,34.3,AH0,254,37.8070131,Day,F,L,A,MYSE
151.909,8443,6/3/2015,5/25/2015,18:51:48,7,30.5,AH0,255,33.2974125,Day,F,L,A,MYSE
151.909,8443,6/3/2015,5/29/2015,18:51:48,7,33.1,AH0,250,36.7196703,Day,F,L,A,MYSE
151.909,8443,6/3/2015,5/30/2015,18:51:49,7,34.4,AH0,254,37.8852672,Day,F,L,A,MYSE
151.909,8443,6/3/2015,5/25/2015,18:51:50,7,30.5,AH0,255,33.2974125,Day,F,L,A,MYSE
151.909,8443,6/3/2015,5/29/2015,18:51:50,7,33.1,AH0,250,36.7196703,Day,F,L,A,MYSE
151.909,8443,6/3/2015,5/30/2015,18:51:51,7,34.4,AH0,254,37.8852672,Day,F,L,A,MYSE
151.909,8443,6/3/2015,5/24/2015,18:51:52,7,31.3,AH0,255,34.5200901,Day,F,L,A,MYSE
151.909,8443,6/3/2015,5/25/2015,18:51:52,7,30.5,AH0,255,33.2974125,Day,F,L,A,MYSE
151.909,8443,6/3/2015,5/29/2015,18:51:52,7,33.1,AH0,250,36.7196703,Day,F,L,A,MYSE
151.909,8443,6/3/2015,5/30/2015,18:51:52,7,34.3,AH0,253,37.8070131,Day,F,L,A,MYSE
151.909,8443,6/3/2015,5/29/2015,18:51:53,7,33.1,AH0,250,36.7196703,Day,F,L,A,MYSE
151.909,8443,6/3/2015,5/24/2015,18:51:54,7,31.3,AH0,255,34.5200901,Day,F,L,A,MYSE
151.909,8443,6/3/2015,5/24/2015,18:51:56,7,31.3,AH0,255,34.5200901,Day,F,L,A,MYSE
151.909,8443,6/3/2015,5/26/2015,18:51:57,7,31.5,AH0,209,34.8011375,Day,F,L,A,MYSE
151.909,8443,6/3/2015,5/24/2015,18:51:58,7,31.3,AH0,255,34.5200901,Day,F,L,A,MYSE
151.909,8443,6/3/2015,5/26/2015,18:51:59,7,31.5,AH0,207,34.8011375,Day,F,L,A,MYSE
151.909,8443,6/3/2015,5/24/2015,18:52:00,7,31.3,AH0,255,34.5200901,Day,F,L,A,MYSE
151.909,8443,6/3/2015,5/26/2015,18:52:01,7,31.5,AH0,210,34.8011375,Day,F,L,A,MYSE
151.909,8443,6/3/2015,5/26/2015,18:52:03,7,31.5,AH0,208,34.8011375,Day,F,L,A,MYSE
151.909,8443,6/3/2015,5/25/2015,18:52:06,7,30.5,AH0,255,33.2974125,Day,F,L,A,MYSE
151.909,8443,6/3/2015,5/30/2015,18:52:06,7,34.3,AH0,255,37.8070131,Day,F,L,A,MYSE
151.909,8443,6/3/2015,5/25/2015,18:52:08,7,30.5,AH0,255,33.2974125,Day,F,L,A,MYSE
151.909,8443,6/3/2015,5/29/2015,18:52:08,7,33.1,AH0,248,36.7196703,Day,F,L,A,MYSE
151.909,8443,6/3/2015,5/30/2015,18:52:08,7,34.4,AH0,253,37.8852672,Day,F,L,A,MYSE
151.909,8443,6/3/2015,5/25/2015,18:52:10,7,30.5,AH0,255,33.2974125,Day,F,L,A,MYSE
151.909,8443,6/3/2015,5/29/2015,18:52:10,7,33.1,AH0,249,36.7196703,Day,F,L,A,MYSE
151.909,8443,6/3/2015,5/30/2015,18:52:10,7,34.3,AH0,254,37.8070131,Day,F,L,A,MYSE
151.909,8443,6/3/2015,5/25/2015,18:52:12,7,30.5,AH0,255,33.2974125,Day,F,L,A,MYSE
151.909,8443,6/3/2015,5/29/2015,18:52:12,7,33.1,AH0,249,36.7196703,Day,F,L,A,MYSE
151.909,8443,6/3/2015,5/30/2015,18:52:12,7,34.3,AH0,254,37.8070131,Day,F,L,A,MYSE
151.909,8443,6/3/2015,5/24/2015,18:52:13,7,31.3,AH0,255,34.5200901,Day,F,L,A,MYSE
151.909,8443,6/3/2015,5/29/2015,18:52:13,7,33.1,AH0,250,36.7196703,Day,F,L,A,MYSE
151.909,8443,6/3/2015,5/30/2015,18:52:13,7,34.3,AH0,254,37.8070131,Day,F,L,A,MYSE
151.909,8443,6/3/2015,5/24/2015,18:52:15,7,31.3,AH0,255,34.5200901,Day,F,L,A,MYSE
151.909,8443,6/3/2015,5/26/2015,18:52:16,7,31.5,AH0,207,34.8011375,Day,F,L,A,MYSE
151.909,8443,6/3/2015,5/24/2015,18:52:17,7,31.3,AH0,255,34.5200901,Day,F,L,A,MYSE
151.909,8443,6/3/2015,5/26/2015,18:52:18,7,31.5,AH0,205,34.8011375,Day,F,L,A,MYSE
151.909,8443,6/3/2015,5/24/2015,18:52:19,7,31.3,AH0,255,34.5200901,Day,F,L,A,MYSE
151.909,8443,6/3/2015,5/26/2015,18:52:20,7,31.5,AH0,207,34.8011375,Day,F,L,A,MYSE
151.909,8443,6/3/2015,5/26/2015,18:52:22,7,31.5,AH0,208,34.8011375,Day,F,L,A,MYSE
151.909,8443,6/3/2015,5/25/2015,18:52:26,7,30.5,AH0,255,33.2974125,Day,F,L,A,MYSE
151.909,8443,6/3/2015,5/30/2015,18:52:26,7,34.3,AH0,253,37.8070131,Day,F,L,A,MYSE
151.909,8443,6/3/2015,5/30/2015,18:52:27,7,34.3,AH0,254,37.8070131,Day,F,L,A,MYSE
151.909,8443,6/3/2015,5/25/2015,18:52:28,7,30.5,AH0,255,33.2974125,Day,F,L,A,MYSE
151.909,8443,6/3/2015,5/29/2015,18:52:28,7,33.1,AH0,251,36.7196703,Day,F,L,A,MYSE
151.909,8443,6/3/2015,5/25/2015,18:52:29,7,30.5,AH0,255,33.2974125,Day,F,L,A,MYSE
151.909,8443,6/3/2015,5/30/2015,18:52:29,7,34.3,AH0,255,37.8070131,Day,F,L,A,MYSE
151.909,8443,6/3/2015,5/29/2015,18:52:30,7,33.1,AH0,250,36.7196703,Day,F,L,A,MYSE
151.909,8443,6/3/2015,5/25/2015,18:52:31,7,30.5,AH0,255,33.2974125,Day,F,L,A,MYSE
151.909,8443,6/3/2015,5/29/2015,18:52:31,7,33.1,AH0,249,36.7196703,Day,F,L,A,MYSE
151.909,8443,6/3/2015,5/30/2015,18:52:31,7,34.3,AH0,254,37.8070131,Day,F,L,A,MYSE
151.909,8443,6/3/2015,5/24/2015,18:52:32,7,31.3,AH0,255,34.5200901,Day,F,L,A,MYSE
151.909,8443,6/3/2015,5/29/2015,18:52:33,7,33.1,AH0,249,36.7196703,Day,F,L,A,MYSE
151.909,8443,6/3/2015,5/30/2015,18:52:33,7,34.3,AH0,254,37.8070131,Day,F,L,A,MYSE
151.909,8443,6/3/2015,5/24/2015,18:52:34,7,31.3,AH0,255,34.5200901,Day,F,L,A,MYSE
151.909,8443,6/3/2015,5/24/2015,18:52:36,7,31.3,AH0,255,34.5200901,Day,F,L,A,MYSE
151.909,8443,6/3/2015,5/26/2015,18:52:37,7,31.5,AH0,211,34.8011375,Day,F,L,A,MYSE
151.909,8443,6/3/2015,5/24/2015,18:52:38,7,31.3,AH0,255,34.5200901,Day,F,L,A,MYSE
151.909,8443,6/3/2015,5/26/2015,18:52:39,7,31.5,AH0,210,34.8011375,Day,F,L,A,MYSE
151.909,8443,6/3/2015,5/26/2015,18:52:41,7,31.5,AH0,209,34.8011375,Day,F,L,A,MYSE
151.909,8443,6/3/2015,5/26/2015,18:52:43,7,31.5,AH0,212,34.8011375,Day,F,L,A,MYSE
151.909,8443,6/3/2015,5/25/2015,18:52:45,7,30.5,AH0,255,33.2974125,Day,F,L,A,MYSE
151.909,8443,6/3/2015,5/25/2015,18:52:47,7,30.5,AH0,255,33.2974125,Day,F,L,A,MYSE
151.909,8443,6/3/2015,5/30/2015,18:52:47,7,34.3,AH0,255,37.8070131,Day,F,L,A,MYSE
151.909,8443,6/3/2015,5/29/2015,18:52:48,7,33.1,AH0,250,36.7196703,Day,F,L,A,MYSE
151.909,8443,6/3/2015,5/30/2015,18:52:48,7,34.3,AH0,254,37.8070131,Day,F,L,A,MYSE
151.909,8443,6/3/2015,5/25/2015,18:52:49,7,30.5,AH0,255,33.2974125,Day,F,L,A,MYSE
151.909,8443,6/3/2015,5/29/2015,18:52:50,7,33.1,AH0,251,36.7196703,Day,F,L,A,MYSE
151.909,8443,6/3/2015,5/30/2015,18:52:50,7,34.3,AH0,255,37.8070131,Day,F,L,A,MYSE
151.909,8443,6/3/2015,5/25/2015,18:52:51,7,30.5,AH0,255,33.2974125,Day,F,L,A,MYSE
151.909,8443,6/3/2015,5/29/2015,18:52:51,7,33.2,AH0,247,36.8211744,Day,F,L,A,MYSE
151.909,8443,6/3/2015,5/30/2015,18:52:52,7,34.3,AH0,254,37.8070131,Day,F,L,A,MYSE
151.909,8443,6/3/2015,5/24/2015,18:52:53,7,31.3,AH0,255,34.5200901,Day,F,L,A,MYSE
151.909,8443,6/3/2015,5/29/2015,18:52:53,7,33.1,AH0,249,36.7196703,Day,F,L,A,MYSE
151.909,8443,6/3/2015,5/30/2015,18:52:54,7,34.3,AH0,254,37.8070131,Day,F,L,A,MYSE
151.909,8443,6/3/2015,5/24/2015,18:52:55,7,31.3,AH0,255,34.5200901,Day,F,L,A,MYSE
151.909,8443,6/3/2015,5/26/2015,18:52:56,7,31.5,AH0,213,34.8011375,Day,F,L,A,MYSE
151.909,8443,6/3/2015,5/24/2015,18:52:57,7,31.3,AH0,255,34.5200901,Day,F,L,A,MYSE
151.909,8443,6/3/2015,5/26/2015,18:52:58,7,31.5,AH0,211,34.8011375,Day,F,L,A,MYSE
151.909,8443,6/3/2015,5/24/2015,18:52:59,7,31.3,AH0,255,34.5200901,Day,F,L,A,MYSE
151.909,8443,6/3/2015,5/26/2015,18:53:00,7,31.5,AH0,213,34.8011375,Day,F,L,A,MYSE
151.909,8443,6/3/2015,5/26/2015,18:53:02,7,31.5,AH0,211,34.8011375,Day,F,L,A,MYSE
151.909,8443,6/3/2015,5/30/2015,18:53:06,7,34.3,AH0,254,37.8070131,Day,F,L,A,MYSE
151.909,8443,6/3/2015,5/25/2015,18:53:07,7,30.5,AH0,255,33.2974125,Day,F,L,A,MYSE
151.909,8443,6/3/2015,5/29/2015,18:53:08,7,33.1,AH0,251,36.7196703,Day,F,L,A,MYSE
151.909,8443,6/3/2015,5/30/2015,18:53:08,7,34.3,AH0,254,37.8070131,Day,F,L,A,MYSE
151.909,8443,6/3/2015,5/25/2015,18:53:09,7,30.5,AH0,254,33.2974125,Day,F,L,A,MYSE
151.909,8443,6/3/2015,5/29/2015,18:53:09,7,33.1,AH0,249,36.7196703,Day,F,L,A,MYSE
151.909,8443,6/3/2015,5/30/2015,18:53:09,7,34.3,AH0,254,37.8070131,Day,F,L,A,MYSE
151.909,8443,6/3/2015,5/25/2015,18:53:11,7,30.5,AH0,255,33.2974125,Day,F,L,A,MYSE
151.909,8443,6/3/2015,5/29/2015,18:53:11,7,33.1,AH0,251,36.7196703,Day,F,L,A,MYSE
151.909,8443,6/3/2015,5/30/2015,18:53:11,7,34.3,AH0,254,37.8070131,Day,F,L,A,MYSE
151.909,8443,6/3/2015,5/24/2015,18:53:13,7,31.3,AH0,255,34.5200901,Day,F,L,A,MYSE
151.909,8443,6/3/2015,5/25/2015,18:53:13,7,30.5,AH0,255,33.2974125,Day,F,L,A,MYSE
151.909,8443,6/3/2015,5/29/2015,18:53:13,7,33.1,AH0,251,36.7196703,Day,F,L,A,MYSE
151.909,8443,6/3/2015,5/30/2015,18:53:13,7,34.3,AH0,255,37.8070131,Day,F,L,A,MYSE
151.909,8443,6/3/2015,5/24/2015,18:53:15,7,31.3,AH0,255,34.5200901,Day,F,L,A,MYSE
151.909,8443,6/3/2015,5/24/2015,18:53:16,7,31.3,AH0,255,34.5200901,Day,F,L,A,MYSE
151.909,8443,6/3/2015,5/26/2015,18:53:17,7,31.6,AH0,207,34.9380768,Day,F,L,A,MYSE
151.909,8443,6/3/2015,5/24/2015,18:53:18,7,31.3,AH0,255,34.5200901,Day,F,L,A,MYSE
151.909,8443,6/3/2015,5/26/2015,18:53:19,7,31.6,AH0,208,34.9380768,Day,F,L,A,MYSE
151.909,8443,6/3/2015,5/26/2015,18:53:21,7,31.6,AH0,210,34.9380768,Day,F,L,A,MYSE
151.909,8443,6/3/2015,5/26/2015,18:53:23,7,31.6,AH0,210,34.9380768,Day,F,L,A,MYSE
151.909,8443,6/3/2015,5/25/2015,18:53:27,7,30.4,AH0,255,33.1331712,Day,F,L,A,MYSE
151.909,8443,6/3/2015,5/30/2015,18:53:27,7,34.2,AH0,254,37.7269304,Day,F,L,A,MYSE
151.909,8443,6/3/2015,5/29/2015,18:53:28,7,33.1,AH0,247,36.7196703,Day,F,L,A,MYSE
151.909,8443,6/3/2015,5/25/2015,18:53:29,7,30.5,AH0,255,33.2974125,Day,F,L,A,MYSE
151.909,8443,6/3/2015,5/29/2015,18:53:29,7,33.1,AH0,251,36.7196703,Day,F,L,A,MYSE
151.909,8443,6/3/2015,5/30/2015,18:53:29,7,34.2,AH0,254,37.7269304,Day,F,L,A,MYSE
151.909,8443,6/3/2015,5/30/2015,18:53:30,7,34.2,AH0,254,37.7269304,Day,F,L,A,MYSE
151.909,8443,6/3/2015,5/25/2015,18:53:31,7,30.5,AH0,255,33.2974125,Day,F,L,A,MYSE
151.909,8443,6/3/2015,5/29/2015,18:53:31,7,33.1,AH0,250,36.7196703,Day,F,L,A,MYSE
151.909,8443,6/3/2015,5/25/2015,18:53:32,7,30.4,AH0,255,33.1331712,Day,F,L,A,MYSE
151.909,8443,6/3/2015,5/30/2015,18:53:32,7,34.2,AH0,254,37.7269304,Day,F,L,A,MYSE
151.909,8443,6/3/2015,5/29/2015,18:53:33,7,33.1,AH0,251,36.7196703,Day,F,L,A,MYSE
151.909,8443,6/3/2015,5/24/2015,18:53:34,7,31.3,AH0,255,34.5200901,Day,F,L,A,MYSE
151.909,8443,6/3/2015,5/24/2015,18:53:36,7,31.3,AH0,255,34.5200901,Day,F,L,A,MYSE
151.909,8443,6/3/2015,5/26/2015,18:53:36,7,31.6,AH0,210,34.9380768,Day,F,L,A,MYSE
151.909,8443,6/3/2015,5/24/2015,18:53:38,7,31.3,AH0,255,34.5200901,Day,F,L,A,MYSE
151.909,8443,6/3/2015,5/26/2015,18:53:38,7,31.6,AH0,207,34.9380768,Day,F,L,A,MYSE
151.909,8443,6/3/2015,5/24/2015,18:53:39,7,31.4,AH0,255,34.6618152,Day,F,L,A,MYSE
151.909,8443,6/3/2015,5/26/2015,18:53:40,7,31.6,AH0,211,34.9380768,Day,F,L,A,MYSE
151.909,8443,6/3/2015,5/26/2015,18:53:42,7,31.6,AH0,212,34.9380768,Day,F,L,A,MYSE
151.909,8443,6/3/2015,5/26/2015,18:53:44,7,31.6,AH0,210,34.9380768,Day,F,L,A,MYSE
151.909,8443,6/3/2015,5/25/2015,18:53:46,7,30.5,AH0,255,33.2974125,Day,F,L,A,MYSE
151.909,8443,6/3/2015,5/30/2015,18:53:46,7,34.2,AH0,254,37.7269304,Day,F,L,A,MYSE
151.909,8443,6/3/2015,5/29/2015,18:53:47,7,33.1,AH0,250,36.7196703,Day,F,L,A,MYSE
151.909,8443,6/3/2015,5/25/2015,18:53:48,7,30.5,AH0,255,33.2974125,Day,F,L,A,MYSE
151.909,8443,6/3/2015,5/30/2015,18:53:48,7,34.2,AH0,253,37.7269304,Day,F,L,A,MYSE
151.909,8443,6/3/2015,5/29/2015,18:53:49,7,33.1,AH0,248,36.7196703,Day,F,L,A,MYSE
151.909,8443,6/3/2015,5/25/2015,18:53:50,7,30.5,AH0,255,33.2974125,Day,F,L,A,MYSE
151.909,8443,6/3/2015,5/30/2015,18:53:50,7,34.2,AH0,253,37.7269304,Day,F,L,A,MYSE
151.909,8443,6/3/2015,5/29/2015,18:53:51,7,33.2,AH0,249,36.8211744,Day,F,L,A,MYSE
151.909,8443,6/3/2015,5/30/2015,18:53:51,7,34.2,AH0,255,37.7269304,Day,F,L,A,MYSE
151.909,8443,6/3/2015,5/25/2015,18:53:52,7,30.5,AH0,255,33.2974125,Day,F,L,A,MYSE
151.909,8443,6/3/2015,5/24/2015,18:53:53,7,31.4,AH0,255,34.6618152,Day,F,L,A,MYSE
151.909,8443,6/3/2015,5/29/2015,18:53:53,7,33.1,AH0,250,36.7196703,Day,F,L,A,MYSE
151.909,8443,6/3/2015,5/30/2015,18:53:53,7,34.2,AH0,254,37.7269304,Day,F,L,A,MYSE
151.909,8443,6/3/2015,5/24/2015,18:53:55,7,31.4,AH0,255,34.6618152,Day,F,L,A,MYSE
151.909,8443,6/3/2015,5/24/2015,18:53:57,7,31.4,AH0,255,34.6618152,Day,F,L,A,MYSE
151.909,8443,6/3/2015,5/26/2015,18:53:57,7,31.6,AH0,212,34.9380768,Day,F,L,A,MYSE
151.909,8443,6/3/2015,5/24/2015,18:53:59,7,31.4,AH0,255,34.6618152,Day,F,L,A,MYSE
151.909,8443,6/3/2015,5/26/2015,18:53:59,7,31.6,AH0,210,34.9380768,Day,F,L,A,MYSE
151.909,8443,6/3/2015,5/26/2015,18:54:01,7,31.6,AH0,209,34.9380768,Day,F,L,A,MYSE
151.909,8443,6/3/2015,5/26/2015,18:54:03,7,31.6,AH0,211,34.9380768,Day,F,L,A,MYSE
151.909,8443,6/3/2015,5/25/2015,18:54:06,7,30.5,AH0,255,33.2974125,Day,F,L,A,MYSE
151.909,8443,6/3/2015,5/30/2015,18:54:06,7,34.2,AH0,254,37.7269304,Day,F,L,A,MYSE
151.909,8443,6/3/2015,5/29/2015,18:54:07,7,33.2,AH0,249,36.8211744,Day,F,L,A,MYSE
151.909,8443,6/3/2015,5/30/2015,18:54:07,7,34.2,AH0,255,37.7269304,Day,F,L,A,MYSE
151.909,8443,6/3/2015,5/25/2015,18:54:08,7,30.5,AH0,255,33.2974125,Day,F,L,A,MYSE
151.909,8443,6/3/2015,5/29/2015,18:54:09,7,33.2,AH0,249,36.8211744,Day,F,L,A,MYSE
151.909,8443,6/3/2015,5/30/2015,18:54:09,7,34.2,AH0,254,37.7269304,Day,F,L,A,MYSE
151.909,8443,6/3/2015,5/25/2015,18:54:10,7,30.5,AH0,255,33.2974125,Day,F,L,A,MYSE
151.909,8443,6/3/2015,5/29/2015,18:54:11,7,33.2,AH0,248,36.8211744,Day,F,L,A,MYSE
151.909,8443,6/3/2015,5/30/2015,18:54:11,7,34.2,AH0,254,37.7269304,Day,F,L,A,MYSE
151.909,8443,6/3/2015,5/24/2015,18:54:12,7,31.4,AH0,255,34.6618152,Day,F,L,A,MYSE
151.909,8443,6/3/2015,5/25/2015,18:54:12,7,30.5,AH0,255,33.2974125,Day,F,L,A,MYSE
151.909,8443,6/3/2015,5/29/2015,18:54:13,7,33.2,AH0,249,36.8211744,Day,F,L,A,MYSE
151.909,8443,6/3/2015,5/30/2015,18:54:13,7,34.2,AH0,254,37.7269304,Day,F,L,A,MYSE
151.909,8443,6/3/2015,5/24/2015,18:54:14,7,31.4,AH0,255,34.6618152,Day,F,L,A,MYSE
151.909,8443,6/3/2015,5/24/2015,18:54:16,7,31.4,AH0,255,34.6618152,Day,F,L,A,MYSE
151.909,8443,6/3/2015,5/26/2015,18:54:16,7,31.6,AH0,211,34.9380768,Day,F,L,A,MYSE
151.909,8443,6/3/2015,5/24/2015,18:54:18,7,31.4,AH0,255,34.6618152,Day,F,L,A,MYSE
151.909,8443,6/3/2015,5/26/2015,18:54:18,7,31.6,AH0,211,34.9380768,Day,F,L,A,MYSE
151.909,8443,6/3/2015,5/24/2015,18:54:20,7,31.3,AH0,255,34.5200901,Day,F,L,A,MYSE
151.909,8443,6/3/2015,5/26/2015,18:54:20,7,31.6,AH0,207,34.9380768,Day,F,L,A,MYSE
151.909,8443,6/3/2015,5/26/2015,18:54:22,7,31.6,AH0,211,34.9380768,Day,F,L,A,MYSE
151.909,8443,6/3/2015,5/26/2015,18:54:24,7,31.6,AH0,208,34.9380768,Day,F,L,A,MYSE
151.909,8443,6/3/2015,5/25/2015,18:54:26,7,30.5,AH0,255,33.2974125,Day,F,L,A,MYSE
151.909,8443,6/3/2015,5/29/2015,18:54:27,7,33.2,AH0,249,36.8211744,Day,F,L,A,MYSE
151.909,8443,6/3/2015,5/30/2015,18:54:27,7,34.1,AH0,254,37.6449993,Day,F,L,A,MYSE
151.909,8443,6/3/2015,5/25/2015,18:54:28,7,30.5,AH0,255,33.2974125,Day,F,L,A,MYSE
151.909,8443,6/3/2015,5/30/2015,18:54:28,7,34.1,AH0,254,37.6449993,Day,F,L,A,MYSE
151.909,8443,6/3/2015,5/29/2015,18:54:29,7,33.2,AH0,247,36.8211744,Day,F,L,A,MYSE
151.909,8443,6/3/2015,5/25/2015,18:54:30,7,30.5,AH0,255,33.2974125,Day,F,L,A,MYSE
151.909,8443,6/3/2015,5/30/2015,18:54:30,7,34.1,AH0,253,37.6449993,Day,F,L,A,MYSE
151.909,8443,6/3/2015,5/29/2015,18:54:31,7,33.2,AH0,248,36.8211744,Day,F,L,A,MYSE
151.909,8443,6/3/2015,5/25/2015,18:54:32,7,30.5,AH0,255,33.2974125,Day,F,L,A,MYSE
151.909,8443,6/3/2015,5/30/2015,18:54:32,7,34.1,AH0,254,37.6449993,Day,F,L,A,MYSE
151.909,8443,6/3/2015,5/24/2015,18:54:33,7,31.3,AH0,255,34.5200901,Day,F,L,A,MYSE
151.909,8443,6/3/2015,5/29/2015,18:54:33,7,33.2,AH0,249,36.8211744,Day,F,L,A,MYSE
151.909,8443,6/3/2015,5/30/2015,18:54:34,7,34.1,AH0,254,37.6449993,Day,F,L,A,MYSE
151.909,8443,6/3/2015,5/24/2015,18:54:35,7,31.3,AH0,255,34.5200901,Day,F,L,A,MYSE
151.909,8443,6/3/2015,5/24/2015,18:54:37,7,31.3,AH0,255,34.5200901,Day,F,L,A,MYSE
151.909,8443,6/3/2015,5/26/2015,18:54:37,7,31.6,AH0,213,34.9380768,Day,F,L,A,MYSE
151.909,8443,6/3/2015,5/24/2015,18:54:39,7,31.3,AH0,255,34.5200901,Day,F,L,A,MYSE
151.909,8443,6/3/2015,5/26/2015,18:54:39,7,31.6,AH0,211,34.9380768,Day,F,L,A,MYSE
151.909,8443,6/3/2015,5/26/2015,18:54:41,7,31.6,AH0,212,34.9380768,Day,F,L,A,MYSE
151.909,8443,6/3/2015,5/26/2015,18:54:43,7,31.6,AH0,209,34.9380768,Day,F,L,A,MYSE
151.909,8443,6/3/2015,5/25/2015,18:54:45,7,30.4,AH0,255,33.1331712,Day,F,L,A,MYSE
151.909,8443,6/3/2015,5/30/2015,18:54:46,7,34.1,AH0,254,37.6449993,Day,F,L,A,MYSE
151.909,8443,6/3/2015,5/25/2015,18:54:47,7,30.5,AH0,255,33.2974125,Day,F,L,A,MYSE
151.909,8443,6/3/2015,5/29/2015,18:54:47,7,33.2,AH0,251,36.8211744,Day,F,L,A,MYSE
151.909,8443,6/3/2015,5/30/2015,18:54:48,7,34.1,AH0,254,37.6449993,Day,F,L,A,MYSE
151.909,8443,6/3/2015,5/25/2015,18:54:49,7,30.4,AH0,255,33.1331712,Day,F,L,A,MYSE
151.909,8443,6/3/2015,5/29/2015,18:54:49,7,33.2,AH0,250,36.8211744,Day,F,L,A,MYSE
151.909,8443,6/3/2015,5/30/2015,18:54:50,7,34,AH0,254,37.5612,Day,F,L,A,MYSE
151.909,8443,6/3/2015,5/25/2015,18:54:51,7,30.5,AH0,255,33.2974125,Day,F,L,A,MYSE
151.909,8443,6/3/2015,5/29/2015,18:54:51,7,33.2,AH0,247,36.8211744,Day,F,L,A,MYSE
151.909,8443,6/3/2015,5/30/2015,18:54:51,7,34.1,AH0,254,37.6449993,Day,F,L,A,MYSE
151.909,8443,6/3/2015,5/24/2015,18:54:52,7,31.3,AH0,255,34.5200901,Day,F,L,A,MYSE
151.909,8443,6/3/2015,5/29/2015,18:54:53,7,33.2,AH0,250,36.8211744,Day,F,L,A,MYSE
151.909,8443,6/3/2015,5/30/2015,18:54:53,7,34.1,AH0,253,37.6449993,Day,F,L,A,MYSE
151.909,8443,6/3/2015,5/24/2015,18:54:54,7,31.3,AH0,255,34.5200901,Day,F,L,A,MYSE
151.909,8443,6/3/2015,5/24/2015,18:54:56,7,31.4,AH0,255,34.6618152,Day,F,L,A,MYSE
151.909,8443,6/3/2015,5/26/2015,18:54:56,7,31.6,AH0,213,34.9380768,Day,F,L,A,MYSE
151.909,8443,6/3/2015,5/24/2015,18:54:58,7,31.4,AH0,255,34.6618152,Day,F,L,A,MYSE
151.909,8443,6/3/2015,5/26/2015,18:54:58,7,31.6,AH0,213,34.9380768,Day,F,L,A,MYSE
151.909,8443,6/3/2015,5/24/2015,18:55:00,7,31.4,AH0,255,34.6618152,Day,F,L,A,MYSE
151.909,8443,6/3/2015,5/26/2015,18:55:00,7,31.6,AH0,213,34.9380768,Day,F,L,A,MYSE
151.909,8443,6/3/2015,5/26/2015,18:55:02,7,31.6,AH0,213,34.9380768,Day,F,L,A,MYSE
151.909,8443,6/3/2015,5/26/2015,18:55:04,7,31.6,AH0,212,34.9380768,Day,F,L,A,MYSE
151.909,8443,6/3/2015,5/25/2015,18:55:05,7,30.4,AH0,255,33.1331712,Day,F,L,A,MYSE
151.909,8443,6/3/2015,5/25/2015,18:55:07,7,30.4,AH0,255,33.1331712,Day,F,L,A,MYSE
151.909,8443,6/3/2015,5/29/2015,18:55:07,7,33.2,AH0,250,36.8211744,Day,F,L,A,MYSE
151.909,8443,6/3/2015,5/30/2015,18:55:07,7,34,AH0,254,37.5612,Day,F,L,A,MYSE
151.909,8443,6/3/2015,5/25/2015,18:55:09,7,30.5,AH0,255,33.2974125,Day,F,L,A,MYSE
151.909,8443,6/3/2015,5/29/2015,18:55:09,7,33.2,AH0,250,36.8211744,Day,F,L,A,MYSE
151.909,8443,6/3/2015,5/30/2015,18:55:09,7,34.1,AH0,253,37.6449993,Day,F,L,A,MYSE
151.909,8443,6/3/2015,5/25/2015,18:55:11,7,30.4,AH0,255,33.1331712,Day,F,L,A,MYSE
151.909,8443,6/3/2015,5/29/2015,18:55:11,7,33.2,AH0,251,36.8211744,Day,F,L,A,MYSE
151.909,8443,6/3/2015,5/30/2015,18:55:11,7,34,AH0,255,37.5612,Day,F,L,A,MYSE
151.909,8443,6/3/2015,5/29/2015,18:55:12,7,33.2,AH0,250,36.8211744,Day,F,L,A,MYSE
151.909,8443,6/3/2015,5/30/2015,18:55:12,7,34.1,AH0,252,37.6449993,Day,F,L,A,MYSE
151.909,8443,6/3/2015,5/24/2015,18:55:13,7,31.3,AH0,255,34.5200901,Day,F,L,A,MYSE
151.909,8443,6/3/2015,5/24/2015,18:55:15,7,31.3,AH0,255,34.5200901,Day,F,L,A,MYSE
151.909,8443,6/3/2015,5/24/2015,18:55:17,7,31.3,AH0,255,34.5200901,Day,F,L,A,MYSE
151.909,8443,6/3/2015,5/26/2015,18:55:17,7,31.6,AH0,219,34.9380768,Day,F,L,A,MYSE
151.909,8443,6/3/2015,5/24/2015,18:55:19,7,31.3,AH0,255,34.5200901,Day,F,L,A,MYSE
151.909,8443,6/3/2015,5/26/2015,18:55:19,7,31.6,AH0,219,34.9380768,Day,F,L,A,MYSE
151.909,8443,6/3/2015,5/26/2015,18:55:21,7,31.6,AH0,219,34.9380768,Day,F,L,A,MYSE
151.909,8443,6/3/2015,5/26/2015,18:55:23,7,31.6,AH0,218,34.9380768,Day,F,L,A,MYSE
151.909,8443,6/3/2015,5/25/2015,18:55:27,7,30.4,AH0,255,33.1331712,Day,F,L,A,MYSE
151.909,8443,6/3/2015,5/29/2015,18:55:27,7,33.2,AH0,251,36.8211744,Day,F,L,A,MYSE
151.909,8443,6/3/2015,5/30/2015,18:55:27,7,34.1,AH0,255,37.6449993,Day,F,L,A,MYSE
151.909,8443,6/3/2015,5/30/2015,18:55:28,7,34.1,AH0,255,37.6449993,Day,F,L,A,MYSE
151.909,8443,6/3/2015,5/25/2015,18:55:29,7,30.4,AH0,255,33.1331712,Day,F,L,A,MYSE
151.909,8443,6/3/2015,5/29/2015,18:55:29,7,33.2,AH0,249,36.8211744,Day,F,L,A,MYSE
151.909,8443,6/3/2015,5/30/2015,18:55:30,7,34.1,AH0,254,37.6449993,Day,F,L,A,MYSE
151.909,8443,6/3/2015,5/25/2015,18:55:31,7,30.4,AH0,255,33.1331712,Day,F,L,A,MYSE
151.909,8443,6/3/2015,5/29/2015,18:55:31,7,33.2,AH0,249,36.8211744,Day,F,L,A,MYSE
151.909,8443,6/3/2015,5/24/2015,18:55:32,7,31.3,AH0,255,34.5200901,Day,F,L,A,MYSE
151.909,8443,6/3/2015,5/29/2015,18:55:32,7,33.2,AH0,250,36.8211744,Day,F,L,A,MYSE
151.909,8443,6/3/2015,5/30/2015,18:55:32,7,34,AH0,253,37.5612,Day,F,L,A,MYSE
151.909,8443,6/3/2015,5/25/2015,18:55:33,7,30.4,AH0,255,33.1331712,Day,F,L,A,MYSE
151.909,8443,6/3/2015,5/24/2015,18:55:34,7,31.3,AH0,255,34.5200901,Day,F,L,A,MYSE
151.909,8443,6/3/2015,5/29/2015,18:55:34,7,33.2,AH0,250,36.8211744,Day,F,L,A,MYSE
151.909,8443,6/3/2015,5/30/2015,18:55:34,7,34.1,AH0,254,37.6449993,Day,F,L,A,MYSE
151.909,8443,6/3/2015,5/24/2015,18:55:36,7,31.3,AH0,255,34.5200901,Day,F,L,A,MYSE
151.909,8443,6/3/2015,5/26/2015,18:55:36,7,31.6,AH0,219,34.9380768,Day,F,L,A,MYSE
151.909,8443,6/3/2015,5/24/2015,18:55:38,7,31.3,AH0,255,34.5200901,Day,F,L,A,MYSE
151.909,8443,6/3/2015,5/26/2015,18:55:38,7,31.6,AH0,219,34.9380768,Day,F,L,A,MYSE
151.909,8443,6/3/2015,5/26/2015,18:55:40,7,31.7,AH0,218,35.0726529,Day,F,L,A,MYSE
151.909,8443,6/3/2015,5/26/2015,18:55:42,7,31.7,AH0,218,35.0726529,Day,F,L,A,MYSE
151.909,8443,6/3/2015,5/26/2015,18:55:44,7,31.7,AH0,217,35.0726529,Day,F,L,A,MYSE
151.909,8443,6/3/2015,5/30/2015,18:55:46,7,34.1,AH0,254,37.6449993,Day,F,L,A,MYSE
151.909,8443,6/3/2015,5/25/2015,18:55:47,7,30.4,AH0,255,33.1331712,Day,F,L,A,MYSE
151.909,8443,6/3/2015,5/29/2015,18:55:47,7,33.3,AH0,249,36.9206321,Day,F,L,A,MYSE
151.909,8443,6/3/2015,5/25/2015,18:55:48,7,30.4,AH0,255,33.1331712,Day,F,L,A,MYSE
151.909,8443,6/3/2015,5/30/2015,18:55:48,7,34.1,AH0,254,37.6449993,Day,F,L,A,MYSE
151.909,8443,6/3/2015,5/29/2015,18:55:49,7,33.2,AH0,250,36.8211744,Day,F,L,A,MYSE
151.909,8443,6/3/2015,5/30/2015,18:55:49,7,34.1,AH0,254,37.6449993,Day,F,L,A,MYSE
151.909,8443,6/3/2015,5/25/2015,18:55:50,7,30.4,AH0,255,33.1331712,Day,F,L,A,MYSE
151.909,8443,6/3/2015,5/29/2015,18:55:50,7,33.2,AH0,249,36.8211744,Day,F,L,A,MYSE
151.909,8443,6/3/2015,5/30/2015,18:55:51,7,34.1,AH0,253,37.6449993,Day,F,L,A,MYSE
151.909,8443,6/3/2015,5/25/2015,18:55:52,7,30.4,AH0,255,33.1331712,Day,F,L,A,MYSE
151.909,8443,6/3/2015,5/29/2015,18:55:52,7,33.3,AH0,249,36.9206321,Day,F,L,A,MYSE
151.909,8443,6/3/2015,5/30/2015,18:55:53,7,34.1,AH0,254,37.6449993,Day,F,L,A,MYSE
151.909,8443,6/3/2015,5/24/2015,18:55:54,7,31.2,AH0,255,34.3759424,Day,F,L,A,MYSE
151.909,8443,6/3/2015,5/29/2015,18:55:54,7,33.2,AH0,249,36.8211744,Day,F,L,A,MYSE
151.909,8443,6/3/2015,5/24/2015,18:55:55,7,31.2,AH0,255,34.3759424,Day,F,L,A,MYSE
151.909,8443,6/3/2015,5/24/2015,18:55:57,7,31.2,AH0,255,34.3759424,Day,F,L,A,MYSE
151.909,8443,6/3/2015,5/26/2015,18:55:57,7,31.7,AH0,216,35.0726529,Day,F,L,A,MYSE
151.909,8443,6/3/2015,5/24/2015,18:55:59,7,31.2,AH0,255,34.3759424,Day,F,L,A,MYSE
151.909,8443,6/3/2015,5/26/2015,18:55:59,7,31.7,AH0,218,35.0726529,Day,F,L,A,MYSE
151.909,8443,6/3/2015,5/26/2015,18:56:01,7,31.7,AH0,217,35.0726529,Day,F,L,A,MYSE
151.909,8443,6/3/2015,5/26/2015,18:56:03,7,31.7,AH0,217,35.0726529,Day,F,L,A,MYSE
151.909,8443,6/3/2015,5/25/2015,18:56:06,7,30.4,AH0,255,33.1331712,Day,F,L,A,MYSE
151.909,8443,6/3/2015,5/29/2015,18:56:07,7,33.3,AH0,249,36.9206321,Day,F,L,A,MYSE
151.909,8443,6/3/2015,5/30/2015,18:56:07,7,34,AH0,254,37.5612,Day,F,L,A,MYSE
151.909,8443,6/3/2015,5/25/2015,18:56:08,7,30.4,AH0,255,33.1331712,Day,F,L,A,MYSE
151.909,8443,6/3/2015,5/29/2015,18:56:08,7,33.3,AH0,248,36.9206321,Day,F,L,A,MYSE
151.909,8443,6/3/2015,5/30/2015,18:56:09,7,34.1,AH0,254,37.6449993,Day,F,L,A,MYSE
151.909,8443,6/3/2015,5/25/2015,18:56:10,7,30.4,AH0,255,33.1331712,Day,F,L,A,MYSE
151.909,8443,6/3/2015,5/29/2015,18:56:10,7,33.3,AH0,248,36.9206321,Day,F,L,A,MYSE
151.909,8443,6/3/2015,5/30/2015,18:56:11,7,34.1,AH0,254,37.6449993,Day,F,L,A,MYSE
151.909,8443,6/3/2015,5/25/2015,18:56:12,7,30.4,AH0,255,33.1331712,Day,F,L,A,MYSE
151.909,8443,6/3/2015,5/29/2015,18:56:12,7,33.3,AH0,248,36.9206321,Day,F,L,A,MYSE
151.909,8443,6/3/2015,5/30/2015,18:56:12,7,34.1,AH0,255,37.6449993,Day,F,L,A,MYSE
151.909,8443,6/3/2015,5/24/2015,18:56:13,7,31.2,AH0,255,34.3759424,Day,F,L,A,MYSE
151.909,8443,6/3/2015,5/29/2015,18:56:14,7,33.3,AH0,244,36.9206321,Day,F,L,A,MYSE
151.909,8443,6/3/2015,5/24/2015,18:56:15,7,31.2,AH0,255,34.3759424,Day,F,L,A,MYSE
151.909,8443,6/3/2015,5/24/2015,18:56:17,7,31.2,AH0,255,34.3759424,Day,F,L,A,MYSE
151.909,8443,6/3/2015,5/26/2015,18:56:18,7,31.7,AH0,217,35.0726529,Day,F,L,A,MYSE
151.909,8443,6/3/2015,5/24/2015,18:56:19,7,31.2,AH0,255,34.3759424,Day,F,L,A,MYSE
151.909,8443,6/3/2015,5/26/2015,18:56:20,7,31.7,AH0,217,35.0726529,Day,F,L,A,MYSE
151.909,8443,6/3/2015,5/26/2015,18:56:22,7,31.7,AH0,219,35.0726529,Day,F,L,A,MYSE
151.909,8443,6/3/2015,5/26/2015,18:56:23,7,31.7,AH0,216,35.0726529,Day,F,L,A,MYSE
151.909,8443,6/3/2015,5/25/2015,18:56:26,7,30.4,AH0,255,33.1331712,Day,F,L,A,MYSE
151.909,8443,6/3/2015,5/29/2015,18:56:26,7,33.3,AH0,249,36.9206321,Day,F,L,A,MYSE
151.909,8443,6/3/2015,5/30/2015,18:56:26,7,34,AH0,253,37.5612,Day,F,L,A,MYSE
151.909,8443,6/3/2015,5/25/2015,18:56:28,7,30.4,AH0,255,33.1331712,Day,F,L,A,MYSE
151.909,8443,6/3/2015,5/29/2015,18:56:28,7,33.3,AH0,250,36.9206321,Day,F,L,A,MYSE
151.909,8443,6/3/2015,5/30/2015,18:56:28,7,34,AH0,254,37.5612,Day,F,L,A,MYSE
151.909,8443,6/3/2015,5/25/2015,18:56:30,7,30.4,AH0,255,33.1331712,Day,F,L,A,MYSE
151.909,8443,6/3/2015,5/29/2015,18:56:30,7,33.3,AH0,249,36.9206321,Day,F,L,A,MYSE
151.909,8443,6/3/2015,5/30/2015,18:56:30,7,34,AH0,253,37.5612,Day,F,L,A,MYSE
151.909,8443,6/3/2015,5/24/2015,18:56:32,7,31.2,AH0,255,34.3759424,Day,F,L,A,MYSE
151.909,8443,6/3/2015,5/25/2015,18:56:32,7,30.4,AH0,255,33.1331712,Day,F,L,A,MYSE
151.909,8443,6/3/2015,5/29/2015,18:56:32,7,33.3,AH0,248,36.9206321,Day,F,L,A,MYSE
151.909,8443,6/3/2015,5/30/2015,18:56:32,7,34,AH0,253,37.5612,Day,F,L,A,MYSE
151.909,8443,6/3/2015,5/24/2015,18:56:34,7,31.2,AH0,255,34.3759424,Day,F,L,A,MYSE
151.909,8443,6/3/2015,5/29/2015,18:56:34,7,33.3,AH0,249,36.9206321,Day,F,L,A,MYSE
151.909,8443,6/3/2015,5/30/2015,18:56:34,7,34,AH0,254,37.5612,Day,F,L,A,MYSE
151.909,8443,6/3/2015,5/24/2015,18:56:36,7,31.2,AH0,255,34.3759424,Day,F,L,A,MYSE
151.909,8443,6/3/2015,5/26/2015,18:56:37,7,31.7,AH0,220,35.0726529,Day,F,L,A,MYSE
151.909,8443,6/3/2015,5/24/2015,18:56:38,7,31.2,AH0,255,34.3759424,Day,F,L,A,MYSE
151.909,8443,6/3/2015,5/26/2015,18:56:39,7,31.7,AH0,221,35.0726529,Day,F,L,A,MYSE
151.909,8443,6/3/2015,5/24/2015,18:56:40,7,31.2,AH0,255,34.3759424,Day,F,L,A,MYSE
151.909,8443,6/3/2015,5/26/2015,18:56:40,7,31.7,AH0,217,35.0726529,Day,F,L,A,MYSE
151.909,8443,6/3/2015,5/26/2015,18:56:42,7,31.7,AH0,219,35.0726529,Day,F,L,A,MYSE
151.909,8443,6/3/2015,5/25/2015,18:56:46,7,30.4,AH0,255,33.1331712,Day,F,L,A,MYSE
151.909,8443,6/3/2015,5/29/2015,18:56:46,7,33.3,AH0,253,36.9206321,Day,F,L,A,MYSE
151.909,8443,6/3/2015,5/30/2015,18:56:46,7,34,AH0,254,37.5612,Day,F,L,A,MYSE
151.909,8443,6/3/2015,5/25/2015,18:56:48,7,30.4,AH0,255,33.1331712,Day,F,L,A,MYSE
151.909,8443,6/3/2015,5/29/2015,18:56:48,7,33.3,AH0,254,36.9206321,Day,F,L,A,MYSE
151.909,8443,6/3/2015,5/30/2015,18:56:48,7,34,AH0,254,37.5612,Day,F,L,A,MYSE
151.909,8443,6/3/2015,5/30/2015,18:56:49,7,34,AH0,254,37.5612,Day,F,L,A,MYSE
151.909,8443,6/3/2015,5/25/2015,18:56:50,7,30.4,AH0,255,33.1331712,Day,F,L,A,MYSE
151.909,8443,6/3/2015,5/29/2015,18:56:50,7,33.3,AH0,253,36.9206321,Day,F,L,A,MYSE
151.909,8443,6/3/2015,5/30/2015,18:56:51,7,34,AH0,254,37.5612,Day,F,L,A,MYSE
151.909,8443,6/3/2015,5/25/2015,18:56:52,7,30.4,AH0,255,33.1331712,Day,F,L,A,MYSE
151.909,8443,6/3/2015,5/29/2015,18:56:52,7,33.3,AH0,254,36.9206321,Day,F,L,A,MYSE
151.909,8443,6/3/2015,5/24/2015,18:56:53,7,31.2,AH0,255,34.3759424,Day,F,L,A,MYSE
151.909,8443,6/3/2015,5/30/2015,18:56:53,7,34,AH0,255,37.5612,Day,F,L,A,MYSE
151.909,8443,6/3/2015,5/29/2015,18:56:54,7,33.3,AH0,253,36.9206321,Day,F,L,A,MYSE
151.909,8443,6/3/2015,5/24/2015,18:56:55,7,31.2,AH0,255,34.3759424,Day,F,L,A,MYSE
151.909,8443,6/3/2015,5/24/2015,18:56:57,7,31.2,AH0,255,34.3759424,Day,F,L,A,MYSE
151.909,8443,6/3/2015,5/26/2015,18:56:58,7,31.7,AH0,218,35.0726529,Day,F,L,A,MYSE
151.909,8443,6/3/2015,5/24/2015,18:56:59,7,31.2,AH0,255,34.3759424,Day,F,L,A,MYSE
151.909,8443,6/3/2015,5/26/2015,18:56:59,7,31.7,AH0,220,35.0726529,Day,F,L,A,MYSE
151.909,8443,6/3/2015,5/26/2015,18:57:01,7,31.7,AH0,219,35.0726529,Day,F,L,A,MYSE
151.909,8443,6/3/2015,5/26/2015,18:57:03,7,31.7,AH0,217,35.0726529,Day,F,L,A,MYSE
151.909,8443,6/3/2015,5/25/2015,18:57:05,7,30.5,AH0,255,33.2974125,Day,F,L,A,MYSE
151.909,8443,6/3/2015,5/29/2015,18:57:06,7,33.3,AH0,254,36.9206321,Day,F,L,A,MYSE
151.909,8443,6/3/2015,5/25/2015,18:57:07,7,30.4,AH0,255,33.1331712,Day,F,L,A,MYSE
151.909,8443,6/3/2015,5/30/2015,18:57:07,7,34,AH0,254,37.5612,Day,F,L,A,MYSE
151.909,8443,6/3/2015,5/29/2015,18:57:08,7,33.3,AH0,254,36.9206321,Day,F,L,A,MYSE
151.909,8443,6/3/2015,5/25/2015,18:57:09,7,30.4,AH0,255,33.1331712,Day,F,L,A,MYSE
151.909,8443,6/3/2015,5/30/2015,18:57:09,7,34,AH0,254,37.5612,Day,F,L,A,MYSE
151.909,8443,6/3/2015,5/29/2015,18:57:10,7,33.3,AH0,254,36.9206321,Day,F,L,A,MYSE
151.909,8443,6/3/2015,5/25/2015,18:57:11,7,30.5,AH0,255,33.2974125,Day,F,L,A,MYSE
151.909,8443,6/3/2015,5/30/2015,18:57:11,7,34,AH0,254,37.5612,Day,F,L,A,MYSE
151.909,8443,6/3/2015,5/24/2015,18:57:12,7,31.2,AH0,255,34.3759424,Day,F,L,A,MYSE
151.909,8443,6/3/2015,5/29/2015,18:57:12,7,33.3,AH0,254,36.9206321,Day,F,L,A,MYSE
151.909,8443,6/3/2015,5/30/2015,18:57:12,7,34,AH0,254,37.5612,Day,F,L,A,MYSE
151.909,8443,6/3/2015,5/29/2015,18:57:13,7,33.3,AH0,254,36.9206321,Day,F,L,A,MYSE
151.909,8443,6/3/2015,5/24/2015,18:57:14,7,31.2,AH0,255,34.3759424,Day,F,L,A,MYSE
151.909,8443,6/3/2015,5/24/2015,18:57:16,7,31.2,AH0,255,34.3759424,Day,F,L,A,MYSE
151.909,8443,6/3/2015,5/26/2015,18:57:16,7,31.7,AH0,218,35.0726529,Day,F,L,A,MYSE
151.909,8443,6/3/2015,5/24/2015,18:57:18,7,31.2,AH0,255,34.3759424,Day,F,L,A,MYSE
151.909,8443,6/3/2015,5/26/2015,18:57:18,7,31.7,AH0,218,35.0726529,Day,F,L,A,MYSE
151.909,8443,6/3/2015,5/26/2015,18:57:20,7,31.7,AH0,219,35.0726529,Day,F,L,A,MYSE
151.909,8443,6/3/2015,5/26/2015,18:57:22,7,31.7,AH0,221,35.0726529,Day,F,L,A,MYSE
151.909,8443,6/3/2015,5/25/2015,18:57:25,7,30.4,AH0,255,33.1331712,Day,F,L,A,MYSE
151.909,8443,6/3/2015,5/30/2015,18:57:26,7,34,AH0,253,37.5612,Day,F,L,A,MYSE
151.909,8443,6/3/2015,5/25/2015,18:57:27,7,30.4,AH0,255,33.1331712,Day,F,L,A,MYSE
151.909,8443,6/3/2015,5/29/2015,18:57:28,7,33.3,AH0,254,36.9206321,Day,F,L,A,MYSE
151.909,8443,6/3/2015,5/30/2015,18:57:28,7,34,AH0,253,37.5612,Day,F,L,A,MYSE
151.909,8443,6/3/2015,5/25/2015,18:57:29,7,30.4,AH0,255,33.1331712,Day,F,L,A,MYSE
151.909,8443,6/3/2015,5/29/2015,18:57:30,7,33.3,AH0,254,36.9206321,Day,F,L,A,MYSE
151.909,8443,6/3/2015,5/30/2015,18:57:30,7,34,AH0,253,37.5612,Day,F,L,A,MYSE
151.909,8443,6/3/2015,5/25/2015,18:57:31,7,30.4,AH0,255,33.1331712,Day,F,L,A,MYSE
151.909,8443,6/3/2015,5/29/2015,18:57:31,7,33.3,AH0,252,36.9206321,Day,F,L,A,MYSE
151.909,8443,6/3/2015,5/30/2015,18:57:32,7,34,AH0,253,37.5612,Day,F,L,A,MYSE
151.909,8443,6/3/2015,5/29/2015,18:57:33,7,33.3,AH0,254,36.9206321,Day,F,L,A,MYSE
151.909,8443,6/3/2015,5/24/2015,18:57:34,7,31.2,AH0,255,34.3759424,Day,F,L,A,MYSE
151.909,8443,6/3/2015,5/30/2015,18:57:34,7,34,AH0,253,37.5612,Day,F,L,A,MYSE
151.909,8443,6/3/2015,5/24/2015,18:57:35,7,31.2,AH0,255,34.3759424,Day,F,L,A,MYSE
151.909,8443,6/3/2015,5/24/2015,18:57:37,7,31.2,AH0,255,34.3759424,Day,F,L,A,MYSE
151.909,8443,6/3/2015,5/26/2015,18:57:37,7,31.7,AH0,217,35.0726529,Day,F,L,A,MYSE
151.909,8443,6/3/2015,5/24/2015,18:57:39,7,31.2,AH0,255,34.3759424,Day,F,L,A,MYSE
151.909,8443,6/3/2015,5/26/2015,18:57:39,7,31.7,AH0,217,35.0726529,Day,F,L,A,MYSE
151.909,8443,6/3/2015,5/26/2015,18:57:41,7,31.7,AH0,219,35.0726529,Day,F,L,A,MYSE
151.909,8443,6/3/2015,5/26/2015,18:57:43,7,31.7,AH0,218,35.0726529,Day,F,L,A,MYSE
151.909,8443,6/3/2015,5/30/2015,18:57:46,7,34,AH0,255,37.5612,Day,F,L,A,MYSE
151.909,8443,6/3/2015,5/25/2015,18:57:47,7,30.4,AH0,255,33.1331712,Day,F,L,A,MYSE
151.909,8443,6/3/2015,5/29/2015,18:57:48,7,33.3,AH0,253,36.9206321,Day,F,L,A,MYSE
151.909,8443,6/3/2015,5/30/2015,18:57:48,7,34,AH0,255,37.5612,Day,F,L,A,MYSE
151.909,8443,6/3/2015,5/25/2015,18:57:49,7,30.4,AH0,255,33.1331712,Day,F,L,A,MYSE
151.909,8443,6/3/2015,5/29/2015,18:57:49,7,33.3,AH0,252,36.9206321,Day,F,L,A,MYSE
151.909,8443,6/3/2015,5/30/2015,18:57:49,7,34,AH0,254,37.5612,Day,F,L,A,MYSE
151.909,8443,6/3/2015,5/25/2015,18:57:51,7,30.4,AH0,255,33.1331712,Day,F,L,A,MYSE
151.909,8443,6/3/2015,5/29/2015,18:57:51,7,33.3,AH0,254,36.9206321,Day,F,L,A,MYSE
151.909,8443,6/3/2015,5/30/2015,18:57:51,7,34,AH0,253,37.5612,Day,F,L,A,MYSE
151.909,8443,6/3/2015,5/24/2015,18:57:53,7,31.3,AH0,255,34.5200901,Day,F,L,A,MYSE
151.909,8443,6/3/2015,5/25/2015,18:57:53,7,30.4,AH0,255,33.1331712,Day,F,L,A,MYSE
151.909,8443,6/3/2015,5/29/2015,18:57:53,7,33.3,AH0,252,36.9206321,Day,F,L,A,MYSE
151.909,8443,6/3/2015,5/30/2015,18:57:53,7,34,AH0,253,37.5612,Day,F,L,A,MYSE
151.909,8443,6/3/2015,5/24/2015,18:57:55,7,31.3,AH0,255,34.5200901,Day,F,L,A,MYSE
151.909,8443,6/3/2015,5/26/2015,18:57:56,7,31.7,AH0,221,35.0726529,Day,F,L,A,MYSE
151.909,8443,6/3/2015,5/24/2015,18:57:57,7,31.3,AH0,255,34.5200901,Day,F,L,A,MYSE
151.909,8443,6/3/2015,5/26/2015,18:57:58,7,31.7,AH0,218,35.0726529,Day,F,L,A,MYSE
151.909,8443,6/3/2015,5/24/2015,18:57:59,7,31.3,AH0,255,34.5200901,Day,F,L,A,MYSE
151.909,8443,6/3/2015,5/26/2015,18:58:00,7,31.7,AH0,218,35.0726529,Day,F,L,A,MYSE
151.909,8443,6/3/2015,5/26/2015,18:58:02,7,31.7,AH0,220,35.0726529,Day,F,L,A,MYSE
151.909,8443,6/3/2015,5/26/2015,18:58:04,7,31.7,AH0,217,35.0726529,Day,F,L,A,MYSE
151.909,8443,6/3/2015,5/25/2015,18:58:06,7,30.4,AH0,255,33.1331712,Day,F,L,A,MYSE
151.909,8443,6/3/2015,5/29/2015,18:58:07,7,33.3,AH0,254,36.9206321,Day,F,L,A,MYSE
151.909,8443,6/3/2015,5/30/2015,18:58:07,7,34,AH0,252,37.5612,Day,F,L,A,MYSE
151.909,8443,6/3/2015,5/25/2015,18:58:08,7,30.4,AH0,255,33.1331712,Day,F,L,A,MYSE
151.909,8443,6/3/2015,5/29/2015,18:58:09,7,33.2,AH0,253,36.8211744,Day,F,L,A,MYSE
151.909,8443,6/3/2015,5/30/2015,18:58:09,7,34,AH0,253,37.5612,Day,F,L,A,MYSE
151.909,8443,6/3/2015,5/25/2015,18:58:10,7,30.4,AH0,255,33.1331712,Day,F,L,A,MYSE
151.909,8443,6/3/2015,5/29/2015,18:58:11,7,33.3,AH0,254,36.9206321,Day,F,L,A,MYSE
151.909,8443,6/3/2015,5/30/2015,18:58:11,7,34,AH0,253,37.5612,Day,F,L,A,MYSE
151.909,8443,6/3/2015,5/24/2015,18:58:12,7,31.3,AH0,255,34.5200901,Day,F,L,A,MYSE
151.909,8443,6/3/2015,5/25/2015,18:58:12,7,30.4,AH0,255,33.1331712,Day,F,L,A,MYSE
151.909,8443,6/3/2015,5/30/2015,18:58:12,7,34,AH0,253,37.5612,Day,F,L,A,MYSE
151.909,8443,6/3/2015,5/29/2015,18:58:13,7,33.3,AH0,253,36.9206321,Day,F,L,A,MYSE
151.909,8443,6/3/2015,5/24/2015,18:58:14,7,31.3,AH0,255,34.5200901,Day,F,L,A,MYSE
151.909,8443,6/3/2015,5/24/2015,18:58:16,7,31.3,AH0,255,34.5200901,Day,F,L,A,MYSE
151.909,8443,6/3/2015,5/26/2015,18:58:17,7,31.7,AH0,217,35.0726529,Day,F,L,A,MYSE
151.909,8443,6/3/2015,5/24/2015,18:58:18,7,31.3,AH0,255,34.5200901,Day,F,L,A,MYSE
151.909,8443,6/3/2015,5/26/2015,18:58:19,7,31.7,AH0,219,35.0726529,Day,F,L,A,MYSE
151.909,8443,6/3/2015,5/24/2015,18:58:20,7,31.3,AH0,255,34.5200901,Day,F,L,A,MYSE
151.909,8443,6/3/2015,5/26/2015,18:58:21,7,31.7,AH0,217,35.0726529,Day,F,L,A,MYSE
151.909,8443,6/3/2015,5/26/2015,18:58:23,7,31.7,AH0,218,35.0726529,Day,F,L,A,MYSE
151.909,8443,6/3/2015,5/25/2015,18:58:26,7,30.4,AH0,255,33.1331712,Day,F,L,A,MYSE
151.909,8443,6/3/2015,5/30/2015,18:58:26,7,34,AH0,254,37.5612,Day,F,L,A,MYSE
151.909,8443,6/3/2015,5/29/2015,18:58:27,7,33.2,AH0,251,36.8211744,Day,F,L,A,MYSE
151.909,8443,6/3/2015,5/25/2015,18:58:28,7,30.4,AH0,255,33.1331712,Day,F,L,A,MYSE
151.909,8443,6/3/2015,5/30/2015,18:58:28,7,34,AH0,254,37.5612,Day,F,L,A,MYSE
151.909,8443,6/3/2015,5/29/2015,18:58:29,7,33.2,AH0,253,36.8211744,Day,F,L,A,MYSE
151.909,8443,6/3/2015,5/25/2015,18:58:30,7,30.4,AH0,255,33.1331712,Day,F,L,A,MYSE
151.909,8443,6/3/2015,5/30/2015,18:58:30,7,34,AH0,253,37.5612,Day,F,L,A,MYSE
151.909,8443,6/3/2015,5/29/2015,18:58:31,7,33.2,AH0,254,36.8211744,Day,F,L,A,MYSE
151.909,8443,6/3/2015,5/24/2015,18:58:32,7,31.2,AH0,255,34.3759424,Day,F,L,A,MYSE
151.909,8443,6/3/2015,5/25/2015,18:58:32,7,30.4,AH0,255,33.1331712,Day,F,L,A,MYSE
151.909,8443,6/3/2015,5/30/2015,18:58:32,7,34,AH0,253,37.5612,Day,F,L,A,MYSE
151.909,8443,6/3/2015,5/29/2015,18:58:33,7,33.2,AH0,255,36.8211744,Day,F,L,A,MYSE
151.909,8443,6/3/2015,5/24/2015,18:58:34,7,31.2,AH0,255,34.3759424,Day,F,L,A,MYSE
151.909,8443,6/3/2015,5/30/2015,18:58:34,7,34,AH0,253,37.5612,Day,F,L,A,MYSE
151.909,8443,6/3/2015,5/24/2015,18:58:36,7,31.2,AH0,255,34.3759424,Day,F,L,A,MYSE
151.909,8443,6/3/2015,5/26/2015,18:58:36,7,31.7,AH0,218,35.0726529,Day,F,L,A,MYSE
151.909,8443,6/3/2015,5/24/2015,18:58:38,7,31.2,AH0,255,34.3759424,Day,F,L,A,MYSE
151.909,8443,6/3/2015,5/26/2015,18:58:38,7,31.7,AH0,216,35.0726529,Day,F,L,A,MYSE
151.909,8443,6/3/2015,5/26/2015,18:58:40,7,31.7,AH0,217,35.0726529,Day,F,L,A,MYSE
151.909,8443,6/3/2015,5/26/2015,18:58:42,7,31.7,AH0,216,35.0726529,Day,F,L,A,MYSE
151.909,8443,6/3/2015,5/26/2015,18:58:44,7,31.7,AH0,220,35.0726529,Day,F,L,A,MYSE
151.909,8443,6/3/2015,5/25/2015,18:58:46,7,30.4,AH0,255,33.1331712,Day,F,L,A,MYSE
151.909,8443,6/3/2015,5/30/2015,18:58:46,7,34,AH0,253,37.5612,Day,F,L,A,MYSE
151.909,8443,6/3/2015,5/29/2015,18:58:47,7,33.2,AH0,254,36.8211744,Day,F,L,A,MYSE
151.909,8443,6/3/2015,5/25/2015,18:58:48,7,30.4,AH0,255,33.1331712,Day,F,L,A,MYSE
151.909,8443,6/3/2015,5/30/2015,18:58:48,7,34,AH0,253,37.5612,Day,F,L,A,MYSE
151.909,8443,6/3/2015,5/29/2015,18:58:49,7,33.2,AH0,254,36.8211744,Day,F,L,A,MYSE
151.909,8443,6/3/2015,5/30/2015,18:58:49,7,34,AH0,253,37.5612,Day,F,L,A,MYSE
151.909,8443,6/3/2015,5/25/2015,18:58:50,7,30.4,AH0,255,33.1331712,Day,F,L,A,MYSE
151.909,8443,6/3/2015,5/24/2015,18:58:51,7,31.2,AH0,255,34.3759424,Day,F,L,A,MYSE
151.909,8443,6/3/2015,5/29/2015,18:58:51,7,33.2,AH0,252,36.8211744,Day,F,L,A,MYSE
151.909,8443,6/3/2015,5/30/2015,18:58:51,7,34,AH0,254,37.5612,Day,F,L,A,MYSE
151.909,8443,6/3/2015,5/25/2015,18:58:52,7,30.4,AH0,255,33.1331712,Day,F,L,A,MYSE
151.909,8443,6/3/2015,5/24/2015,18:58:53,7,31.1,AH0,255,34.2293523,Day,F,L,A,MYSE
151.909,8443,6/3/2015,5/29/2015,18:58:53,7,33.2,AH0,254,36.8211744,Day,F,L,A,MYSE
151.909,8443,6/3/2015,5/30/2015,18:58:53,7,34,AH0,253,37.5612,Day,F,L,A,MYSE
151.909,8443,6/3/2015,5/24/2015,18:58:55,7,31.1,AH0,255,34.2293523,Day,F,L,A,MYSE
151.909,8443,6/3/2015,5/24/2015,18:58:57,7,31.1,AH0,255,34.2293523,Day,F,L,A,MYSE
151.909,8443,6/3/2015,5/26/2015,18:58:57,7,31.7,AH0,219,35.0726529,Day,F,L,A,MYSE
151.909,8443,6/3/2015,5/26/2015,18:58:59,7,31.7,AH0,215,35.0726529,Day,F,L,A,MYSE
151.909,8443,6/3/2015,5/26/2015,18:59:01,7,31.7,AH0,217,35.0726529,Day,F,L,A,MYSE
151.909,8443,6/3/2015,5/26/2015,18:59:02,7,31.7,AH0,216,35.0726529,Day,F,L,A,MYSE
151.909,8443,6/3/2015,5/25/2015,18:59:06,7,30.4,AH0,255,33.1331712,Day,F,L,A,MYSE
151.909,8443,6/3/2015,5/29/2015,18:59:07,7,33.2,AH0,251,36.8211744,Day,F,L,A,MYSE
151.909,8443,6/3/2015,5/30/2015,18:59:07,7,34,AH0,253,37.5612,Day,F,L,A,MYSE
151.909,8443,6/3/2015,5/25/2015,18:59:08,7,30.4,AH0,255,33.1331712,Day,F,L,A,MYSE
151.909,8443,6/3/2015,5/29/2015,18:59:09,7,33.2,AH0,254,36.8211744,Day,F,L,A,MYSE
151.909,8443,6/3/2015,5/30/2015,18:59:09,7,34,AH0,254,37.5612,Day,F,L,A,MYSE
151.909,8443,6/3/2015,5/25/2015,18:59:10,7,30.4,AH0,255,33.1331712,Day,F,L,A,MYSE
151.909,8443,6/3/2015,5/29/2015,18:59:11,7,33.2,AH0,254,36.8211744,Day,F,L,A,MYSE
151.909,8443,6/3/2015,5/30/2015,18:59:11,7,34,AH0,254,37.5612,Day,F,L,A,MYSE
151.909,8443,6/3/2015,5/25/2015,18:59:12,7,30.4,AH0,255,33.1331712,Day,F,L,A,MYSE
151.909,8443,6/3/2015,5/29/2015,18:59:12,7,33.2,AH0,254,36.8211744,Day,F,L,A,MYSE
151.909,8443,6/3/2015,5/30/2015,18:59:12,7,34,AH0,253,37.5612,Day,F,L,A,MYSE
151.909,8443,6/3/2015,5/24/2015,18:59:13,7,31,AH0,255,34.0803,Day,F,L,A,MYSE
151.909,8443,6/3/2015,5/24/2015,18:59:15,7,31,AH0,255,34.0803,Day,F,L,A,MYSE
151.909,8443,6/3/2015,5/24/2015,18:59:16,7,31,AH0,255,34.0803,Day,F,L,A,MYSE
151.909,8443,6/3/2015,5/24/2015,18:59:18,7,31,AH0,255,34.0803,Day,F,L,A,MYSE
151.909,8443,6/3/2015,5/26/2015,18:59:18,7,31.7,AH0,219,35.0726529,Day,F,L,A,MYSE
151.909,8443,6/3/2015,5/26/2015,18:59:20,7,31.7,AH0,219,35.0726529,Day,F,L,A,MYSE
151.909,8443,6/3/2015,5/26/2015,18:59:21,7,31.7,AH0,217,35.0726529,Day,F,L,A,MYSE
151.909,8443,6/3/2015,5/26/2015,18:59:23,7,31.7,AH0,219,35.0726529,Day,F,L,A,MYSE
151.909,8443,6/3/2015,5/25/2015,18:59:25,7,30.4,AH0,255,33.1331712,Day,F,L,A,MYSE
151.909,8443,6/3/2015,5/25/2015,18:59:27,7,30.4,AH0,255,33.1331712,Day,F,L,A,MYSE
151.909,8443,6/3/2015,5/29/2015,18:59:27,7,33.2,AH0,254,36.8211744,Day,F,L,A,MYSE
151.909,8443,6/3/2015,5/30/2015,18:59:27,7,34,AH0,254,37.5612,Day,F,L,A,MYSE
151.909,8443,6/3/2015,5/30/2015,18:59:28,7,34,AH0,254,37.5612,Day,F,L,A,MYSE
151.909,8443,6/3/2015,5/25/2015,18:59:29,7,30.4,AH0,255,33.1331712,Day,F,L,A,MYSE
151.909,8443,6/3/2015,5/29/2015,18:59:29,7,33.2,AH0,254,36.8211744,Day,F,L,A,MYSE
151.909,8443,6/3/2015,5/30/2015,18:59:30,7,34,AH0,254,37.5612,Day,F,L,A,MYSE
151.909,8443,6/3/2015,5/25/2015,18:59:31,7,30.4,AH0,255,33.1331712,Day,F,L,A,MYSE
151.909,8443,6/3/2015,5/29/2015,18:59:31,7,33.2,AH0,252,36.8211744,Day,F,L,A,MYSE
151.909,8443,6/3/2015,5/24/2015,18:59:32,7,31,AH0,255,34.0803,Day,F,L,A,MYSE
151.909,8443,6/3/2015,5/29/2015,18:59:32,7,33.2,AH0,253,36.8211744,Day,F,L,A,MYSE
151.909,8443,6/3/2015,5/30/2015,18:59:32,7,34,AH0,254,37.5612,Day,F,L,A,MYSE
151.909,8443,6/3/2015,5/24/2015,18:59:34,7,31,AH0,255,34.0803,Day,F,L,A,MYSE
151.909,8443,6/3/2015,5/29/2015,18:59:34,7,33.2,AH0,253,36.8211744,Day,F,L,A,MYSE
151.909,8443,6/3/2015,5/30/2015,18:59:34,7,34,AH0,254,37.5612,Day,F,L,A,MYSE
151.909,8443,6/3/2015,5/24/2015,18:59:36,7,31,AH0,255,34.0803,Day,F,L,A,MYSE
151.909,8443,6/3/2015,5/26/2015,18:59:37,7,31.7,AH0,219,35.0726529,Day,F,L,A,MYSE
151.909,8443,6/3/2015,5/24/2015,18:59:38,7,31,AH0,255,34.0803,Day,F,L,A,MYSE
151.909,8443,6/3/2015,5/26/2015,18:59:38,7,31.7,AH0,219,35.0726529,Day,F,L,A,MYSE
151.909,8443,6/3/2015,5/26/2015,18:59:40,7,31.7,AH0,218,35.0726529,Day,F,L,A,MYSE
151.909,8443,6/3/2015,5/26/2015,18:59:42,7,31.7,AH0,222,35.0726529,Day,F,L,A,MYSE
151.909,8443,6/3/2015,5/25/2015,18:59:45,7,30.5,AH0,255,33.2974125,Day,F,L,A,MYSE
151.909,8443,6/3/2015,5/30/2015,18:59:46,7,34,AH0,254,37.5612,Day,F,L,A,MYSE
151.909,8443,6/3/2015,5/25/2015,18:59:47,7,30.6,AH0,255,33.4590728,Day,F,L,A,MYSE
151.909,8443,6/3/2015,5/29/2015,18:59:47,7,33.2,AH0,254,36.8211744,Day,F,L,A,MYSE
151.909,8443,6/3/2015,5/30/2015,18:59:48,7,34,AH0,254,37.5612,Day,F,L,A,MYSE
151.909,8443,6/3/2015,5/25/2015,18:59:49,7,30.6,AH0,255,33.4590728,Day,F,L,A,MYSE
151.909,8443,6/3/2015,5/29/2015,18:59:49,7,33.2,AH0,253,36.8211744,Day,F,L,A,MYSE
151.909,8443,6/3/2015,5/30/2015,18:59:49,7,34,AH0,254,37.5612,Day,F,L,A,MYSE
151.909,8443,6/3/2015,5/29/2015,18:59:50,7,33.2,AH0,254,36.8211744,Day,F,L,A,MYSE
151.909,8443,6/3/2015,5/24/2015,18:59:51,7,31,AH0,255,34.0803,Day,F,L,A,MYSE
151.909,8443,6/3/2015,5/25/2015,18:59:51,7,30.6,AH0,255,33.4590728,Day,F,L,A,MYSE
151.909,8443,6/3/2015,5/30/2015,18:59:51,7,34,AH0,255,37.5612,Day,F,L,A,MYSE
151.909,8443,6/3/2015,5/29/2015,18:59:52,7,33.2,AH0,254,36.8211744,Day,F,L,A,MYSE
151.909,8443,6/3/2015,5/24/2015,18:59:53,7,31,AH0,255,34.0803,Day,F,L,A,MYSE
151.909,8443,6/3/2015,5/30/2015,18:59:53,7,34,AH0,254,37.5612,Day,F,L,A,MYSE
151.909,8443,6/3/2015,5/29/2015,18:59:54,7,33.2,AH0,253,36.8211744,Day,F,L,A,MYSE
151.909,8443,6/3/2015,5/24/2015,18:59:55,7,31,AH0,255,34.0803,Day,F,L,A,MYSE
151.909,8443,6/3/2015,5/24/2015,18:59:57,7,31,AH0,255,34.0803,Day,F,L,A,MYSE
151.909,8443,6/3/2015,5/26/2015,18:59:57,7,31.8,AH0,225,35.2048856,Day,F,L,A,MYSE
151.909,8443,6/3/2015,5/26/2015,18:59:59,7,31.8,AH0,224,35.2048856,Day,F,L,A,MYSE
151.909,8443,6/3/2015,5/26/2015,19:00:01,7,31.8,AH0,224,35.2048856,Day,F,L,A,MYSE
151.909,8443,6/3/2015,5/26/2015,19:00:03,7,31.8,AH0,227,35.2048856,Day,F,L,A,MYSE
151.909,8443,6/3/2015,5/25/2015,19:00:07,7,30.4,AH0,255,33.1331712,Day,F,L,A,MYSE
151.909,8443,6/3/2015,5/29/2015,19:00:07,7,33.2,AH0,254,36.8211744,Day,F,L,A,MYSE
151.909,8443,6/3/2015,5/30/2015,19:00:07,7,34,AH0,254,37.5612,Day,F,L,A,MYSE
151.909,8443,6/3/2015,5/29/2015,19:00:08,7,33.2,AH0,253,36.8211744,Day,F,L,A,MYSE
151.909,8443,6/3/2015,5/25/2015,19:00:09,7,30.3,AH0,255,32.9663291,Day,F,L,A,MYSE
151.909,8443,6/3/2015,5/30/2015,19:00:09,7,34,AH0,253,37.5612,Day,F,L,A,MYSE
151.909,8443,6/3/2015,5/29/2015,19:00:10,7,33.2,AH0,254,36.8211744,Day,F,L,A,MYSE
151.909,8443,6/3/2015,5/25/2015,19:00:11,7,30.3,AH0,255,32.9663291,Day,F,L,A,MYSE
151.909,8443,6/3/2015,5/30/2015,19:00:11,7,34,AH0,254,37.5612,Day,F,L,A,MYSE
151.909,8443,6/3/2015,5/29/2015,19:00:12,7,33.2,AH0,254,36.8211744,Day,F,L,A,MYSE
151.909,8443,6/3/2015,5/30/2015,19:00:12,7,34,AH0,253,37.5612,Day,F,L,A,MYSE
151.909,8443,6/3/2015,5/24/2015,19:00:13,7,31,AH0,255,34.0803,Day,F,L,A,MYSE
151.909,8443,6/3/2015,5/25/2015,19:00:13,7,30.3,AH0,255,32.9663291,Day,F,L,A,MYSE
151.909,8443,6/3/2015,5/24/2015,19:00:14,7,31,AH0,255,34.0803,Day,F,L,A,MYSE
151.909,8443,6/3/2015,5/29/2015,19:00:14,7,33.2,AH0,254,36.8211744,Day,F,L,A,MYSE
151.909,8443,6/3/2015,5/24/2015,19:00:16,7,31.1,AH0,255,34.2293523,Day,F,L,A,MYSE
151.909,8443,6/3/2015,5/26/2015,19:00:16,7,31.8,AH0,225,35.2048856,Day,F,L,A,MYSE
151.909,8443,6/3/2015,5/24/2015,19:00:18,7,31,AH0,255,34.0803,Day,F,L,A,MYSE
151.909,8443,6/3/2015,5/26/2015,19:00:18,7,31.8,AH0,225,35.2048856,Day,F,L,A,MYSE
151.909,8443,6/3/2015,5/26/2015,19:00:20,7,31.8,AH0,225,35.2048856,Day,F,L,A,MYSE
151.909,8443,6/3/2015,5/26/2015,19:00:22,7,31.8,AH0,223,35.2048856,Day,F,L,A,MYSE
151.909,8443,6/3/2015,5/26/2015,19:00:24,7,31.8,AH0,225,35.2048856,Day,F,L,A,MYSE
151.909,8443,6/3/2015,5/30/2015,19:00:26,7,34,AH0,253,37.5612,Day,F,L,A,MYSE
151.909,8443,6/3/2015,5/25/2015,19:00:27,7,30.2,AH0,255,32.7968664,Day,F,L,A,MYSE
151.909,8443,6/3/2015,5/29/2015,19:00:27,7,33.2,AH0,254,36.8211744,Day,F,L,A,MYSE
151.909,8443,6/3/2015,5/29/2015,19:00:28,7,33.2,AH0,253,36.8211744,Day,F,L,A,MYSE
151.909,8443,6/3/2015,5/30/2015,19:00:28,7,34.1,AH0,254,37.6449993,Day,F,L,A,MYSE
151.909,8443,6/3/2015,5/25/2015,19:00:29,7,30.2,AH0,255,32.7968664,Day,F,L,A,MYSE
151.909,8443,6/3/2015,5/29/2015,19:00:30,7,33.2,AH0,254,36.8211744,Day,F,L,A,MYSE
151.909,8443,6/3/2015,5/30/2015,19:00:30,7,34,AH0,254,37.5612,Day,F,L,A,MYSE
151.909,8443,6/3/2015,5/25/2015,19:00:31,7,30.2,AH0,255,32.7968664,Day,F,L,A,MYSE
151.909,8443,6/3/2015,5/24/2015,19:00:32,7,31.1,AH0,255,34.2293523,Day,F,L,A,MYSE
151.909,8443,6/3/2015,5/29/2015,19:00:32,7,33.2,AH0,252,36.8211744,Day,F,L,A,MYSE
151.909,8443,6/3/2015,5/30/2015,19:00:32,7,34.1,AH0,254,37.6449993,Day,F,L,A,MYSE
151.909,8443,6/3/2015,5/25/2015,19:00:33,7,30.2,AH0,255,32.7968664,Day,F,L,A,MYSE
151.909,8443,6/3/2015,5/24/2015,19:00:34,7,31.1,AH0,255,34.2293523,Day,F,L,A,MYSE
151.909,8443,6/3/2015,5/29/2015,19:00:34,7,33.2,AH0,252,36.8211744,Day,F,L,A,MYSE
151.909,8443,6/3/2015,5/30/2015,19:00:34,7,34,AH0,254,37.5612,Day,F,L,A,MYSE
151.909,8443,6/3/2015,5/24/2015,19:00:36,7,31.1,AH0,255,34.2293523,Day,F,L,A,MYSE
151.909,8443,6/3/2015,5/26/2015,19:00:37,7,31.8,AH0,225,35.2048856,Day,F,L,A,MYSE
151.909,8443,6/3/2015,5/24/2015,19:00:38,7,31.1,AH0,255,34.2293523,Day,F,L,A,MYSE
151.909,8443,6/3/2015,5/26/2015,19:00:39,7,31.8,AH0,227,35.2048856,Day,F,L,A,MYSE
151.909,8443,6/3/2015,5/26/2015,19:00:41,7,31.8,AH0,225,35.2048856,Day,F,L,A,MYSE
151.909,8443,6/3/2015,5/26/2015,19:00:43,7,31.8,AH0,223,35.2048856,Day,F,L,A,MYSE
151.909,8443,6/3/2015,5/25/2015,19:00:46,7,30.2,AH0,255,32.7968664,Day,F,L,A,MYSE
151.909,8443,6/3/2015,5/29/2015,19:00:46,7,33.2,AH0,254,36.8211744,Day,F,L,A,MYSE
151.909,8443,6/3/2015,5/30/2015,19:00:46,7,34,AH0,254,37.5612,Day,F,L,A,MYSE
151.909,8443,6/3/2015,5/25/2015,19:00:48,7,30.2,AH0,255,32.7968664,Day,F,L,A,MYSE
151.909,8443,6/3/2015,5/29/2015,19:00:48,7,33.2,AH0,254,36.8211744,Day,F,L,A,MYSE
151.909,8443,6/3/2015,5/30/2015,19:00:48,7,34,AH0,254,37.5612,Day,F,L,A,MYSE
151.909,8443,6/3/2015,5/30/2015,19:00:49,7,34,AH0,254,37.5612,Day,F,L,A,MYSE
151.909,8443,6/3/2015,5/25/2015,19:00:50,7,30.2,AH0,255,32.7968664,Day,F,L,A,MYSE
151.909,8443,6/3/2015,5/29/2015,19:00:50,7,33.2,AH0,254,36.8211744,Day,F,L,A,MYSE
151.909,8443,6/3/2015,5/24/2015,19:00:51,7,31.1,AH0,255,34.2293523,Day,F,L,A,MYSE
151.909,8443,6/3/2015,5/30/2015,19:00:51,7,34,AH0,253,37.5612,Day,F,L,A,MYSE
151.909,8443,6/3/2015,5/25/2015,19:00:52,7,30.2,AH0,255,32.7968664,Day,F,L,A,MYSE
151.909,8443,6/3/2015,5/29/2015,19:00:52,7,33.2,AH0,254,36.8211744,Day,F,L,A,MYSE
151.909,8443,6/3/2015,5/24/2015,19:00:53,7,31.1,AH0,255,34.2293523,Day,F,L,A,MYSE
151.909,8443,6/3/2015,5/30/2015,19:00:53,7,34,AH0,253,37.5612,Day,F,L,A,MYSE
151.909,8443,6/3/2015,5/29/2015,19:00:54,7,33.2,AH0,253,36.8211744,Day,F,L,A,MYSE
151.909,8443,6/3/2015,5/24/2015,19:00:55,7,31.1,AH0,255,34.2293523,Day,F,L,A,MYSE
151.909,8443,6/3/2015,5/26/2015,19:00:56,7,31.8,AH0,224,35.2048856,Day,F,L,A,MYSE
151.909,8443,6/3/2015,5/24/2015,19:00:57,7,31.1,AH0,255,34.2293523,Day,F,L,A,MYSE
151.909,8443,6/3/2015,5/26/2015,19:00:58,7,31.8,AH0,224,35.2048856,Day,F,L,A,MYSE
151.909,8443,6/3/2015,5/26/2015,19:01:00,7,31.8,AH0,223,35.2048856,Day,F,L,A,MYSE
151.909,8443,6/3/2015,5/26/2015,19:01:01,7,31.8,AH0,225,35.2048856,Day,F,L,A,MYSE
151.909,8443,6/3/2015,5/26/2015,19:01:03,7,31.8,AH0,222,35.2048856,Day,F,L,A,MYSE
151.909,8443,6/3/2015,5/25/2015,19:01:06,7,30.3,AH0,255,32.9663291,Day,F,L,A,MYSE
151.909,8443,6/3/2015,5/29/2015,19:01:06,7,33.2,AH0,254,36.8211744,Day,F,L,A,MYSE
151.909,8443,6/3/2015,5/30/2015,19:01:07,7,34,AH0,254,37.5612,Day,F,L,A,MYSE
151.909,8443,6/3/2015,5/25/2015,19:01:08,7,30.2,AH0,255,32.7968664,Day,F,L,A,MYSE
151.909,8443,6/3/2015,5/29/2015,19:01:08,7,33.2,AH0,253,36.8211744,Day,F,L,A,MYSE
151.909,8443,6/3/2015,5/30/2015,19:01:09,7,34,AH0,255,37.5612,Day,F,L,A,MYSE
151.909,8443,6/3/2015,5/25/2015,19:01:10,7,30.3,AH0,255,32.9663291,Day,F,L,A,MYSE
151.909,8443,6/3/2015,5/29/2015,19:01:10,7,33.2,AH0,253,36.8211744,Day,F,L,A,MYSE
151.909,8443,6/3/2015,5/30/2015,19:01:11,7,34,AH0,254,37.5612,Day,F,L,A,MYSE
151.909,8443,6/3/2015,5/24/2015,19:01:12,7,31.1,AH0,255,34.2293523,Day,F,L,A,MYSE
151.909,8443,6/3/2015,5/25/2015,19:01:12,7,30.3,AH0,255,32.9663291,Day,F,L,A,MYSE
151.909,8443,6/3/2015,5/29/2015,19:01:12,7,33.2,AH0,254,36.8211744,Day,F,L,A,MYSE
151.909,8443,6/3/2015,5/30/2015,19:01:12,7,34,AH0,254,37.5612,Day,F,L,A,MYSE
151.909,8443,6/3/2015,5/24/2015,19:01:14,7,31.1,AH0,255,34.2293523,Day,F,L,A,MYSE
151.909,8443,6/3/2015,5/29/2015,19:01:14,7,33.2,AH0,252,36.8211744,Day,F,L,A,MYSE
151.909,8443,6/3/2015,5/24/2015,19:01:16,7,31.1,AH0,255,34.2293523,Day,F,L,A,MYSE
151.909,8443,6/3/2015,5/26/2015,19:01:17,7,31.8,AH0,225,35.2048856,Day,F,L,A,MYSE
151.909,8443,6/3/2015,5/24/2015,19:01:18,7,31.1,AH0,255,34.2293523,Day,F,L,A,MYSE
151.909,8443,6/3/2015,5/26/2015,19:01:18,7,31.8,AH0,225,35.2048856,Day,F,L,A,MYSE
151.909,8443,6/3/2015,5/26/2015,19:01:20,7,31.8,AH0,228,35.2048856,Day,F,L,A,MYSE
151.909,8443,6/3/2015,5/26/2015,19:01:22,7,31.8,AH0,226,35.2048856,Day,F,L,A,MYSE
151.909,8443,6/3/2015,5/25/2015,19:01:26,7,30.3,AH0,255,32.9663291,Day,F,L,A,MYSE
151.909,8443,6/3/2015,5/29/2015,19:01:26,7,33.2,AH0,253,36.8211744,Day,F,L,A,MYSE
151.909,8443,6/3/2015,5/30/2015,19:01:26,7,34.1,AH0,254,37.6449993,Day,F,L,A,MYSE
151.909,8443,6/3/2015,5/25/2015,19:01:28,7,30.3,AH0,255,32.9663291,Day,F,L,A,MYSE
151.909,8443,6/3/2015,5/29/2015,19:01:28,7,33.2,AH0,254,36.8211744,Day,F,L,A,MYSE
151.909,8443,6/3/2015,5/30/2015,19:01:28,7,34,AH0,254,37.5612,Day,F,L,A,MYSE
151.909,8443,6/3/2015,5/25/2015,19:01:30,7,30.3,AH0,255,32.9663291,Day,F,L,A,MYSE
151.909,8443,6/3/2015,5/29/2015,19:01:30,7,33.2,AH0,253,36.8211744,Day,F,L,A,MYSE
151.909,8443,6/3/2015,5/30/2015,19:01:30,7,34,AH0,254,37.5612,Day,F,L,A,MYSE
151.909,8443,6/3/2015,5/24/2015,19:01:32,7,31.1,AH0,255,34.2293523,Day,F,L,A,MYSE
151.909,8443,6/3/2015,5/25/2015,19:01:32,7,30.3,AH0,255,32.9663291,Day,F,L,A,MYSE
151.909,8443,6/3/2015,5/29/2015,19:01:32,7,33.2,AH0,253,36.8211744,Day,F,L,A,MYSE
151.909,8443,6/3/2015,5/30/2015,19:01:32,7,34,AH0,254,37.5612,Day,F,L,A,MYSE
151.909,8443,6/3/2015,5/29/2015,19:01:33,7,33.2,AH0,254,36.8211744,Day,F,L,A,MYSE
151.909,8443,6/3/2015,5/24/2015,19:01:34,7,31.2,AH0,255,34.3759424,Day,F,L,A,MYSE
151.909,8443,6/3/2015,5/30/2015,19:01:34,7,34.1,AH0,254,37.6449993,Day,F,L,A,MYSE
151.909,8443,6/3/2015,5/24/2015,19:01:36,7,31.2,AH0,255,34.3759424,Day,F,L,A,MYSE
151.909,8443,6/3/2015,5/24/2015,19:01:37,7,31.2,AH0,255,34.3759424,Day,F,L,A,MYSE
151.909,8443,6/3/2015,5/26/2015,19:01:37,7,31.8,AH0,223,35.2048856,Day,F,L,A,MYSE
151.909,8443,6/3/2015,5/26/2015,19:01:39,7,31.8,AH0,224,35.2048856,Day,F,L,A,MYSE
151.909,8443,6/3/2015,5/26/2015,19:01:41,7,31.9,AH0,226,35.3347947,Day,F,L,A,MYSE
151.909,8443,6/3/2015,5/26/2015,19:01:43,7,31.8,AH0,226,35.2048856,Day,F,L,A,MYSE
151.909,8443,6/3/2015,5/25/2015,19:01:46,7,30.3,AH0,255,32.9663291,Day,F,L,A,MYSE
151.909,8443,6/3/2015,5/29/2015,19:01:46,7,33.2,AH0,253,36.8211744,Day,F,L,A,MYSE
151.909,8443,6/3/2015,5/30/2015,19:01:46,7,34.1,AH0,254,37.6449993,Day,F,L,A,MYSE
151.909,8443,6/3/2015,5/25/2015,19:01:48,7,30.3,AH0,255,32.9663291,Day,F,L,A,MYSE
151.909,8443,6/3/2015,5/29/2015,19:01:48,7,33.2,AH0,251,36.8211744,Day,F,L,A,MYSE
151.909,8443,6/3/2015,5/30/2015,19:01:48,7,34.1,AH0,254,37.6449993,Day,F,L,A,MYSE
151.909,8443,6/3/2015,5/30/2015,19:01:49,7,34,AH0,253,37.5612,Day,F,L,A,MYSE
151.909,8443,6/3/2015,5/25/2015,19:01:50,7,30.3,AH0,255,32.9663291,Day,F,L,A,MYSE
151.909,8443,6/3/2015,5/29/2015,19:01:50,7,33.2,AH0,254,36.8211744,Day,F,L,A,MYSE
151.909,8443,6/3/2015,5/24/2015,19:01:51,7,31.2,AH0,255,34.3759424,Day,F,L,A,MYSE
151.909,8443,6/3/2015,5/30/2015,19:01:51,7,34.1,AH0,253,37.6449993,Day,F,L,A,MYSE
151.909,8443,6/3/2015,5/25/2015,19:01:52,7,30.4,AH0,255,33.1331712,Day,F,L,A,MYSE
151.909,8443,6/3/2015,5/29/2015,19:01:52,7,33.2,AH0,252,36.8211744,Day,F,L,A,MYSE
151.909,8443,6/3/2015,5/24/2015,19:01:53,7,31.2,AH0,255,34.3759424,Day,F,L,A,MYSE
151.909,8443,6/3/2015,5/29/2015,19:01:53,7,33.2,AH0,253,36.8211744,Day,F,L,A,MYSE
151.909,8443,6/3/2015,5/30/2015,19:01:53,7,34.1,AH0,254,37.6449993,Day,F,L,A,MYSE
151.909,8443,6/3/2015,5/24/2015,19:01:55,7,31.2,AH0,255,34.3759424,Day,F,L,A,MYSE
151.909,8443,6/3/2015,5/26/2015,19:01:56,7,31.9,AH0,225,35.3347947,Day,F,L,A,MYSE
151.909,8443,6/3/2015,5/24/2015,19:01:57,7,31.2,AH0,255,34.3759424,Day,F,L,A,MYSE
151.909,8443,6/3/2015,5/26/2015,19:01:58,7,31.9,AH0,224,35.3347947,Day,F,L,A,MYSE
151.909,8443,6/3/2015,5/24/2015,19:01:59,7,31.2,AH0,255,34.3759424,Day,F,L,A,MYSE
151.909,8443,6/3/2015,5/26/2015,19:02:00,7,31.8,AH0,224,35.2048856,Day,F,L,A,MYSE
151.909,8443,6/3/2015,5/26/2015,19:02:02,7,31.9,AH0,226,35.3347947,Day,F,L,A,MYSE
151.909,8443,6/3/2015,5/26/2015,19:02:04,7,31.8,AH0,224,35.2048856,Day,F,L,A,MYSE
151.909,8443,6/3/2015,5/25/2015,19:02:06,7,30.4,AH0,255,33.1331712,Day,F,L,A,MYSE
151.909,8443,6/3/2015,5/29/2015,19:02:06,7,33.2,AH0,252,36.8211744,Day,F,L,A,MYSE
151.909,8443,6/3/2015,5/30/2015,19:02:07,7,34.1,AH0,255,37.6449993,Day,F,L,A,MYSE
151.909,8443,6/3/2015,5/25/2015,19:02:08,7,30.4,AH0,255,33.1331712,Day,F,L,A,MYSE
151.909,8443,6/3/2015,5/29/2015,19:02:08,7,33.2,AH0,254,36.8211744,Day,F,L,A,MYSE
151.909,8443,6/3/2015,5/30/2015,19:02:09,7,34.1,AH0,254,37.6449993,Day,F,L,A,MYSE
151.909,8443,6/3/2015,5/25/2015,19:02:10,7,30.4,AH0,255,33.1331712,Day,F,L,A,MYSE
151.909,8443,6/3/2015,5/29/2015,19:02:10,7,33.2,AH0,254,36.8211744,Day,F,L,A,MYSE
151.909,8443,6/3/2015,5/29/2015,19:02:11,7,33.2,AH0,252,36.8211744,Day,F,L,A,MYSE
151.909,8443,6/3/2015,5/30/2015,19:02:11,7,34.1,AH0,254,37.6449993,Day,F,L,A,MYSE
151.909,8443,6/3/2015,5/24/2015,19:02:12,7,31.2,AH0,255,34.3759424,Day,F,L,A,MYSE
151.909,8443,6/3/2015,5/25/2015,19:02:12,7,30.4,AH0,255,33.1331712,Day,F,L,A,MYSE
151.909,8443,6/3/2015,5/30/2015,19:02:12,7,34.1,AH0,254,37.6449993,Day,F,L,A,MYSE
151.909,8443,6/3/2015,5/29/2015,19:02:13,7,33.2,AH0,254,36.8211744,Day,F,L,A,MYSE
151.909,8443,6/3/2015,5/24/2015,19:02:14,7,31.2,AH0,255,34.3759424,Day,F,L,A,MYSE
151.909,8443,6/3/2015,5/24/2015,19:02:16,7,31.2,AH0,255,34.3759424,Day,F,L,A,MYSE
151.909,8443,6/3/2015,5/26/2015,19:02:17,7,31.8,AH0,223,35.2048856,Day,F,L,A,MYSE
151.909,8443,6/3/2015,5/24/2015,19:02:18,7,31.2,AH0,255,34.3759424,Day,F,L,A,MYSE
151.909,8443,6/3/2015,5/26/2015,19:02:19,7,31.8,AH0,223,35.2048856,Day,F,L,A,MYSE
151.909,8443,6/3/2015,5/26/2015,19:02:21,7,31.8,AH0,224,35.2048856,Day,F,L,A,MYSE
151.909,8443,6/3/2015,5/26/2015,19:02:23,7,31.8,AH0,224,35.2048856,Day,F,L,A,MYSE
151.909,8443,6/3/2015,5/25/2015,19:02:25,7,30.5,AH0,255,33.2974125,Day,F,L,A,MYSE
151.909,8443,6/3/2015,5/30/2015,19:02:26,7,34.2,AH0,254,37.7269304,Day,F,L,A,MYSE
151.909,8443,6/3/2015,5/25/2015,19:02:27,7,30.5,AH0,255,33.2974125,Day,F,L,A,MYSE
151.909,8443,6/3/2015,5/29/2015,19:02:28,7,33.2,AH0,254,36.8211744,Day,F,L,A,MYSE
151.909,8443,6/3/2015,5/30/2015,19:02:28,7,34.2,AH0,255,37.7269304,Day,F,L,A,MYSE
151.909,8443,6/3/2015,5/25/2015,19:02:29,7,30.5,AH0,255,33.2974125,Day,F,L,A,MYSE
151.909,8443,6/3/2015,5/29/2015,19:02:29,7,33.2,AH0,254,36.8211744,Day,F,L,A,MYSE
151.909,8443,6/3/2015,5/30/2015,19:02:30,7,34.2,AH0,254,37.7269304,Day,F,L,A,MYSE
151.909,8443,6/3/2015,5/24/2015,19:02:31,7,31.2,AH0,255,34.3759424,Day,F,L,A,MYSE
151.909,8443,6/3/2015,5/25/2015,19:02:31,7,30.5,AH0,255,33.2974125,Day,F,L,A,MYSE
151.909,8443,6/3/2015,5/29/2015,19:02:31,7,33.2,AH0,254,36.8211744,Day,F,L,A,MYSE
151.909,8443,6/3/2015,5/30/2015,19:02:32,7,34.2,AH0,255,37.7269304,Day,F,L,A,MYSE
151.909,8443,6/3/2015,5/24/2015,19:02:33,7,31.1,AH0,255,34.2293523,Day,F,L,A,MYSE
151.909,8443,6/3/2015,5/29/2015,19:02:33,7,33.2,AH0,254,36.8211744,Day,F,L,A,MYSE
151.909,8443,6/3/2015,5/30/2015,19:02:33,7,34.2,AH0,254,37.7269304,Day,F,L,A,MYSE
151.909,8443,6/3/2015,5/24/2015,19:02:35,7,31.1,AH0,255,34.2293523,Day,F,L,A,MYSE
151.909,8443,6/3/2015,5/24/2015,19:02:37,7,31.2,AH0,255,34.3759424,Day,F,L,A,MYSE
151.909,8443,6/3/2015,5/26/2015,19:02:38,7,31.7,AH0,229,35.0726529,Day,F,L,A,MYSE
151.909,8443,6/3/2015,5/26/2015,19:02:40,7,31.7,AH0,228,35.0726529,Day,F,L,A,MYSE
151.909,8443,6/3/2015,5/26/2015,19:02:41,7,31.7,AH0,224,35.0726529,Day,F,L,A,MYSE
151.909,8443,6/3/2015,5/26/2015,19:02:43,7,31.7,AH0,228,35.0726529,Day,F,L,A,MYSE
151.909,8443,6/3/2015,5/25/2015,19:02:45,7,30.5,AH0,255,33.2974125,Day,F,L,A,MYSE
151.909,8443,6/3/2015,5/30/2015,19:02:46,7,34.2,AH0,254,37.7269304,Day,F,L,A,MYSE
151.909,8443,6/3/2015,5/25/2015,19:02:47,7,30.5,AH0,255,33.2974125,Day,F,L,A,MYSE
151.909,8443,6/3/2015,5/30/2015,19:02:47,7,34.2,AH0,254,37.7269304,Day,F,L,A,MYSE
151.909,8443,6/3/2015,5/29/2015,19:02:48,7,33.2,AH0,254,36.8211744,Day,F,L,A,MYSE
151.909,8443,6/3/2015,5/25/2015,19:02:49,7,30.5,AH0,255,33.2974125,Day,F,L,A,MYSE
151.909,8443,6/3/2015,5/29/2015,19:02:49,7,33.2,AH0,254,36.8211744,Day,F,L,A,MYSE
151.909,8443,6/3/2015,5/30/2015,19:02:49,7,34.2,AH0,255,37.7269304,Day,F,L,A,MYSE
151.909,8443,6/3/2015,5/25/2015,19:02:51,7,30.5,AH0,255,33.2974125,Day,F,L,A,MYSE
151.909,8443,6/3/2015,5/29/2015,19:02:51,7,33.2,AH0,254,36.8211744,Day,F,L,A,MYSE
151.909,8443,6/3/2015,5/30/2015,19:02:51,7,34.3,AH0,254,37.8070131,Day,F,L,A,MYSE
151.909,8443,6/3/2015,5/24/2015,19:02:53,7,31.1,AH0,255,34.2293523,Day,F,L,A,MYSE
151.909,8443,6/3/2015,5/29/2015,19:02:53,7,33.2,AH0,254,36.8211744,Day,F,L,A,MYSE
151.909,8443,6/3/2015,5/30/2015,19:02:53,7,34.3,AH0,253,37.8070131,Day,F,L,A,MYSE
151.909,8443,6/3/2015,5/24/2015,19:02:55,7,31.2,AH0,255,34.3759424,Day,F,L,A,MYSE
151.909,8443,6/3/2015,5/24/2015,19:02:56,7,31.1,AH0,255,34.2293523,Day,F,L,A,MYSE
151.909,8443,6/3/2015,5/26/2015,19:02:57,7,31.8,AH0,228,35.2048856,Day,F,L,A,MYSE
151.909,8443,6/3/2015,5/24/2015,19:02:58,7,31.1,AH0,255,34.2293523,Day,F,L,A,MYSE
151.909,8443,6/3/2015,5/26/2015,19:02:58,7,31.8,AH0,226,35.2048856,Day,F,L,A,MYSE
151.909,8443,6/3/2015,5/26/2015,19:03:00,7,31.8,AH0,227,35.2048856,Day,F,L,A,MYSE
151.909,8443,6/3/2015,5/26/2015,19:03:02,7,31.8,AH0,227,35.2048856,Day,F,L,A,MYSE
151.909,8443,6/3/2015,5/25/2015,19:03:07,7,30.6,AH0,255,33.4590728,Day,F,L,A,MYSE
151.909,8443,6/3/2015,5/29/2015,19:03:07,7,33.2,AH0,254,36.8211744,Day,F,L,A,MYSE
151.909,8443,6/3/2015,5/30/2015,19:03:07,7,34.3,AH0,254,37.8070131,Day,F,L,A,MYSE
151.909,8443,6/3/2015,5/30/2015,19:03:08,7,34.2,AH0,254,37.7269304,Day,F,L,A,MYSE
151.909,8443,6/3/2015,5/25/2015,19:03:09,7,30.6,AH0,255,33.4590728,Day,F,L,A,MYSE
151.909,8443,6/3/2015,5/29/2015,19:03:09,7,33.2,AH0,254,36.8211744,Day,F,L,A,MYSE
151.909,8443,6/3/2015,5/30/2015,19:03:10,7,34.3,AH0,254,37.8070131,Day,F,L,A,MYSE
151.909,8443,6/3/2015,5/25/2015,19:03:11,7,30.6,AH0,255,33.4590728,Day,F,L,A,MYSE
151.909,8443,6/3/2015,5/29/2015,19:03:11,7,33.2,AH0,254,36.8211744,Day,F,L,A,MYSE
151.909,8443,6/3/2015,5/24/2015,19:03:12,7,31,AH0,255,34.0803,Day,F,L,A,MYSE
151.909,8443,6/3/2015,5/30/2015,19:03:12,7,34.2,AH0,253,37.7269304,Day,F,L,A,MYSE
151.909,8443,6/3/2015,5/25/2015,19:03:13,7,30.6,AH0,255,33.4590728,Day,F,L,A,MYSE
151.909,8443,6/3/2015,5/29/2015,19:03:13,7,33.2,AH0,254,36.8211744,Day,F,L,A,MYSE
151.909,8443,6/3/2015,5/24/2015,19:03:14,7,31,AH0,255,34.0803,Day,F,L,A,MYSE
151.909,8443,6/3/2015,5/24/2015,19:03:16,7,31,AH0,255,34.0803,Day,F,L,A,MYSE
151.909,8443,6/3/2015,5/26/2015,19:03:17,7,31.8,AH0,228,35.2048856,Day,F,L,A,MYSE
151.909,8443,6/3/2015,5/24/2015,19:03:18,7,31,AH0,255,34.0803,Day,F,L,A,MYSE
151.909,8443,6/3/2015,5/26/2015,19:03:19,7,31.9,AH0,227,35.3347947,Day,F,L,A,MYSE
151.909,8443,6/3/2015,5/26/2015,19:03:21,7,31.8,AH0,226,35.2048856,Day,F,L,A,MYSE
151.909,8443,6/3/2015,5/26/2015,19:03:23,7,31.8,AH0,228,35.2048856,Day,F,L,A,MYSE
151.909,8443,6/3/2015,5/25/2015,19:03:26,7,30.7,AH0,255,33.6181719,Day,F,L,A,MYSE
151.909,8443,6/3/2015,5/30/2015,19:03:26,7,34.2,AH0,253,37.7269304,Day,F,L,A,MYSE
151.909,8443,6/3/2015,5/29/2015,19:03:27,7,33.2,AH0,253,36.8211744,Day,F,L,A,MYSE
151.909,8443,6/3/2015,5/25/2015,19:03:28,7,30.7,AH0,255,33.6181719,Day,F,L,A,MYSE
151.909,8443,6/3/2015,5/30/2015,19:03:28,7,34.2,AH0,253,37.7269304,Day,F,L,A,MYSE
151.909,8443,6/3/2015,5/29/2015,19:03:29,7,33.2,AH0,254,36.8211744,Day,F,L,A,MYSE
151.909,8443,6/3/2015,5/30/2015,19:03:29,7,34.3,AH0,254,37.8070131,Day,F,L,A,MYSE
151.909,8443,6/3/2015,5/25/2015,19:03:30,7,30.7,AH0,255,33.6181719,Day,F,L,A,MYSE
151.909,8443,6/3/2015,5/24/2015,19:03:31,7,31,AH0,255,34.0803,Day,F,L,A,MYSE
151.909,8443,6/3/2015,5/29/2015,19:03:31,7,33.2,AH0,254,36.8211744,Day,F,L,A,MYSE
151.909,8443,6/3/2015,5/30/2015,19:03:31,7,34.2,AH0,254,37.7269304,Day,F,L,A,MYSE
151.909,8443,6/3/2015,5/25/2015,19:03:32,7,30.7,AH0,255,33.6181719,Day,F,L,A,MYSE
151.909,8443,6/3/2015,5/24/2015,19:03:33,7,31,AH0,255,34.0803,Day,F,L,A,MYSE
151.909,8443,6/3/2015,5/29/2015,19:03:33,7,33.2,AH0,253,36.8211744,Day,F,L,A,MYSE
151.909,8443,6/3/2015,5/30/2015,19:03:33,7,34.3,AH0,254,37.8070131,Day,F,L,A,MYSE
151.909,8443,6/3/2015,5/24/2015,19:03:35,7,31,AH0,255,34.0803,Day,F,L,A,MYSE
151.909,8443,6/3/2015,5/26/2015,19:03:36,7,31.8,AH0,227,35.2048856,Day,F,L,A,MYSE
151.909,8443,6/3/2015,5/24/2015,19:03:37,7,31,AH0,255,34.0803,Day,F,L,A,MYSE
151.909,8443,6/3/2015,5/26/2015,19:03:38,7,31.8,AH0,229,35.2048856,Day,F,L,A,MYSE
151.909,8443,6/3/2015,5/26/2015,19:03:40,7,31.8,AH0,226,35.2048856,Day,F,L,A,MYSE
151.909,8443,6/3/2015,5/26/2015,19:03:42,7,31.8,AH0,227,35.2048856,Day,F,L,A,MYSE
151.909,8443,6/3/2015,5/26/2015,19:03:44,7,31.8,AH0,227,35.2048856,Day,F,L,A,MYSE
151.909,8443,6/3/2015,5/25/2015,19:03:46,7,30.8,AH0,255,33.7747296,Day,F,L,A,MYSE
151.909,8443,6/3/2015,5/29/2015,19:03:47,7,33.2,AH0,253,36.8211744,Day,F,L,A,MYSE
151.909,8443,6/3/2015,5/30/2015,19:03:47,7,34.3,AH0,254,37.8070131,Day,F,L,A,MYSE
151.909,8443,6/3/2015,5/25/2015,19:03:48,7,30.8,AH0,255,33.7747296,Day,F,L,A,MYSE
151.909,8443,6/3/2015,5/29/2015,19:03:49,7,33.2,AH0,254,36.8211744,Day,F,L,A,MYSE
151.909,8443,6/3/2015,5/30/2015,19:03:49,7,34.3,AH0,253,37.8070131,Day,F,L,A,MYSE
151.909,8443,6/3/2015,5/25/2015,19:03:50,7,30.8,AH0,255,33.7747296,Day,F,L,A,MYSE
151.909,8443,6/3/2015,5/30/2015,19:03:50,7,34.3,AH0,253,37.8070131,Day,F,L,A,MYSE
151.909,8443,6/3/2015,5/29/2015,19:03:51,7,33.2,AH0,253,36.8211744,Day,F,L,A,MYSE
151.909,8443,6/3/2015,5/25/2015,19:03:52,7,30.8,AH0,255,33.7747296,Day,F,L,A,MYSE
151.909,8443,6/3/2015,5/30/2015,19:03:52,7,34.3,AH0,254,37.8070131,Day,F,L,A,MYSE
151.909,8443,6/3/2015,5/24/2015,19:03:53,7,30.9,AH0,255,33.9287657,Day,F,L,A,MYSE
151.909,8443,6/3/2015,5/29/2015,19:03:53,7,33.2,AH0,254,36.8211744,Day,F,L,A,MYSE
151.909,8443,6/3/2015,5/24/2015,19:03:55,7,30.9,AH0,255,33.9287657,Day,F,L,A,MYSE
151.909,8443,6/3/2015,5/24/2015,19:03:57,7,30.9,AH0,255,33.9287657,Day,F,L,A,MYSE
151.909,8443,6/3/2015,5/26/2015,19:03:57,7,31.8,AH0,229,35.2048856,Day,F,L,A,MYSE
151.909,8443,6/3/2015,5/24/2015,19:03:58,7,30.9,AH0,255,33.9287657,Day,F,L,A,MYSE
151.909,8443,6/3/2015,5/26/2015,19:03:59,7,31.8,AH0,226,35.2048856,Day,F,L,A,MYSE
151.909,8443,6/3/2015,5/26/2015,19:04:01,7,31.8,AH0,227,35.2048856,Day,F,L,A,MYSE
151.909,8443,6/3/2015,5/26/2015,19:04:02,7,31.8,AH0,227,35.2048856,Day,F,L,A,MYSE
151.909,8443,6/3/2015,5/25/2015,19:04:05,7,30.8,AH0,255,33.7747296,Day,F,L,A,MYSE
151.909,8443,6/3/2015,5/30/2015,19:04:06,7,34.3,AH0,255,37.8070131,Day,F,L,A,MYSE
151.909,8443,6/3/2015,5/25/2015,19:04:07,7,30.8,AH0,255,33.7747296,Day,F,L,A,MYSE
151.909,8443,6/3/2015,5/29/2015,19:04:07,7,33.2,AH0,252,36.8211744,Day,F,L,A,MYSE
151.909,8443,6/3/2015,5/30/2015,19:04:08,7,34.3,AH0,254,37.8070131,Day,F,L,A,MYSE
151.909,8443,6/3/2015,5/25/2015,19:04:09,7,30.8,AH0,255,33.7747296,Day,F,L,A,MYSE
151.909,8443,6/3/2015,5/29/2015,19:04:09,7,33.2,AH0,253,36.8211744,Day,F,L,A,MYSE
151.909,8443,6/3/2015,5/30/2015,19:04:10,7,34.3,AH0,254,37.8070131,Day,F,L,A,MYSE
151.909,8443,6/3/2015,5/25/2015,19:04:11,7,30.8,AH0,255,33.7747296,Day,F,L,A,MYSE
151.909,8443,6/3/2015,5/29/2015,19:04:11,7,33.2,AH0,254,36.8211744,Day,F,L,A,MYSE
151.909,8443,6/3/2015,5/30/2015,19:04:11,7,34.3,AH0,254,37.8070131,Day,F,L,A,MYSE
151.909,8443,6/3/2015,5/24/2015,19:04:12,7,30.9,AH0,255,33.9287657,Day,F,L,A,MYSE
151.909,8443,6/3/2015,5/29/2015,19:04:12,7,33.2,AH0,253,36.8211744,Day,F,L,A,MYSE
151.909,8443,6/3/2015,5/30/2015,19:04:13,7,34.3,AH0,253,37.8070131,Day,F,L,A,MYSE
151.909,8443,6/3/2015,5/24/2015,19:04:14,7,30.9,AH0,255,33.9287657,Day,F,L,A,MYSE
151.909,8443,6/3/2015,5/24/2015,19:04:16,7,30.9,AH0,255,33.9287657,Day,F,L,A,MYSE
151.909,8443,6/3/2015,5/24/2015,19:04:18,7,30.9,AH0,255,33.9287657,Day,F,L,A,MYSE
151.909,8443,6/3/2015,5/26/2015,19:04:18,7,31.8,AH0,224,35.2048856,Day,F,L,A,MYSE
151.909,8443,6/3/2015,5/26/2015,19:04:19,7,31.8,AH0,226,35.2048856,Day,F,L,A,MYSE
151.909,8443,6/3/2015,5/26/2015,19:04:21,7,31.8,AH0,224,35.2048856,Day,F,L,A,MYSE
151.909,8443,6/3/2015,5/26/2015,19:04:23,7,31.8,AH0,227,35.2048856,Day,F,L,A,MYSE
151.909,8443,6/3/2015,5/25/2015,19:04:25,7,31.1,AH0,255,34.2293523,Day,F,L,A,MYSE
151.909,8443,6/3/2015,5/30/2015,19:04:25,7,34.2,AH0,254,37.7269304,Day,F,L,A,MYSE
151.909,8443,6/3/2015,5/25/2015,19:04:27,7,30.9,AH0,255,33.9287657,Day,F,L,A,MYSE
151.909,8443,6/3/2015,5/29/2015,19:04:27,7,33.2,AH0,254,36.8211744,Day,F,L,A,MYSE
151.909,8443,6/3/2015,5/30/2015,19:04:27,7,34.2,AH0,254,37.7269304,Day,F,L,A,MYSE
151.909,8443,6/3/2015,5/25/2015,19:04:29,7,30.9,AH0,255,33.9287657,Day,F,L,A,MYSE
151.909,8443,6/3/2015,5/29/2015,19:04:29,7,33.2,AH0,254,36.8211744,Day,F,L,A,MYSE
151.909,8443,6/3/2015,5/30/2015,19:04:29,7,34.2,AH0,253,37.7269304,Day,F,L,A,MYSE
151.909,8443,6/3/2015,5/24/2015,19:04:31,7,30.9,AH0,255,33.9287657,Day,F,L,A,MYSE
151.909,8443,6/3/2015,5/25/2015,19:04:31,7,30.9,AH0,255,33.9287657,Day,F,L,A,MYSE
151.909,8443,6/3/2015,5/29/2015,19:04:31,7,33.2,AH0,253,36.8211744,Day,F,L,A,MYSE
151.909,8443,6/3/2015,5/30/2015,19:04:31,7,34.2,AH0,255,37.7269304,Day,F,L,A,MYSE
151.909,8443,6/3/2015,5/29/2015,19:04:32,7,33.2,AH0,252,36.8211744,Day,F,L,A,MYSE
151.909,8443,6/3/2015,5/30/2015,19:04:32,7,34.2,AH0,255,37.7269304,Day,F,L,A,MYSE
151.909,8443,6/3/2015,5/24/2015,19:04:33,7,30.9,AH0,255,33.9287657,Day,F,L,A,MYSE
151.909,8443,6/3/2015,5/25/2015,19:04:33,7,30.9,AH0,255,33.9287657,Day,F,L,A,MYSE
151.909,8443,6/3/2015,5/24/2015,19:04:35,7,30.9,AH0,255,33.9287657,Day,F,L,A,MYSE
151.909,8443,6/3/2015,5/26/2015,19:04:36,7,31.8,AH0,227,35.2048856,Day,F,L,A,MYSE
151.909,8443,6/3/2015,5/24/2015,19:04:37,7,30.9,AH0,255,33.9287657,Day,F,L,A,MYSE
151.909,8443,6/3/2015,5/26/2015,19:04:38,7,31.8,AH0,225,35.2048856,Day,F,L,A,MYSE
151.909,8443,6/3/2015,5/26/2015,19:04:40,7,31.9,AH0,228,35.3347947,Day,F,L,A,MYSE
151.909,8443,6/3/2015,5/26/2015,19:04:42,7,31.8,AH0,227,35.2048856,Day,F,L,A,MYSE
151.909,8443,6/3/2015,5/25/2015,19:04:46,7,31,AH0,255,34.0803,Day,F,L,A,MYSE
151.909,8443,6/3/2015,5/30/2015,19:04:46,7,34.2,AH0,254,37.7269304,Day,F,L,A,MYSE
151.909,8443,6/3/2015,5/29/2015,19:04:47,7,33.2,AH0,252,36.8211744,Day,F,L,A,MYSE
151.909,8443,6/3/2015,5/25/2015,19:04:48,7,31,AH0,255,34.0803,Day,F,L,A,MYSE
151.909,8443,6/3/2015,5/30/2015,19:04:48,7,34.2,AH0,254,37.7269304,Day,F,L,A,MYSE
151.909,8443,6/3/2015,5/29/2015,19:04:49,7,33.2,AH0,254,36.8211744,Day,F,L,A,MYSE
151.909,8443,6/3/2015,5/25/2015,19:04:50,7,31,AH0,255,34.0803,Day,F,L,A,MYSE
151.909,8443,6/3/2015,5/29/2015,19:04:50,7,33.2,AH0,253,36.8211744,Day,F,L,A,MYSE
151.909,8443,6/3/2015,5/30/2015,19:04:50,7,34.2,AH0,254,37.7269304,Day,F,L,A,MYSE
151.909,8443,6/3/2015,5/24/2015,19:04:51,7,30.9,AH0,255,33.9287657,Day,F,L,A,MYSE
151.909,8443,6/3/2015,5/25/2015,19:04:52,7,31,AH0,255,34.0803,Day,F,L,A,MYSE
151.909,8443,6/3/2015,5/29/2015,19:04:52,7,33.2,AH0,252,36.8211744,Day,F,L,A,MYSE
151.909,8443,6/3/2015,5/30/2015,19:04:52,7,34.2,AH0,255,37.7269304,Day,F,L,A,MYSE
151.909,8443,6/3/2015,5/24/2015,19:04:53,7,30.9,AH0,255,33.9287657,Day,F,L,A,MYSE
151.909,8443,6/3/2015,5/29/2015,19:04:54,7,33.2,AH0,253,36.8211744,Day,F,L,A,MYSE
151.909,8443,6/3/2015,5/30/2015,19:04:54,7,34.2,AH0,253,37.7269304,Day,F,L,A,MYSE
151.909,8443,6/3/2015,5/24/2015,19:04:55,7,30.9,AH0,255,33.9287657,Day,F,L,A,MYSE
151.909,8443,6/3/2015,5/24/2015,19:04:57,7,30.9,AH0,255,33.9287657,Day,F,L,A,MYSE
151.909,8443,6/3/2015,5/26/2015,19:04:57,7,31.8,AH0,227,35.2048856,Day,F,L,A,MYSE
151.909,8443,6/3/2015,5/24/2015,19:04:59,7,30.9,AH0,255,33.9287657,Day,F,L,A,MYSE
151.909,8443,6/3/2015,5/26/2015,19:04:59,7,31.8,AH0,229,35.2048856,Day,F,L,A,MYSE
151.909,8443,6/3/2015,5/26/2015,19:05:01,7,31.8,AH0,229,35.2048856,Day,F,L,A,MYSE
151.909,8443,6/3/2015,5/26/2015,19:05:03,7,31.9,AH0,226,35.3347947,Day,F,L,A,MYSE
151.909,8443,6/3/2015,5/25/2015,19:05:05,7,31,AH0,255,34.0803,Day,F,L,A,MYSE
151.909,8443,6/3/2015,5/30/2015,19:05:06,7,34.2,AH0,253,37.7269304,Day,F,L,A,MYSE
151.909,8443,6/3/2015,5/25/2015,19:05:07,7,31,AH0,255,34.0803,Day,F,L,A,MYSE
151.909,8443,6/3/2015,5/29/2015,19:05:07,7,33.2,AH0,254,36.8211744,Day,F,L,A,MYSE
151.909,8443,6/3/2015,5/29/2015,19:05:08,7,33.2,AH0,254,36.8211744,Day,F,L,A,MYSE
151.909,8443,6/3/2015,5/30/2015,19:05:08,7,34.2,AH0,254,37.7269304,Day,F,L,A,MYSE
151.909,8443,6/3/2015,5/25/2015,19:05:09,7,31.1,AH0,255,34.2293523,Day,F,L,A,MYSE
151.909,8443,6/3/2015,5/30/2015,19:05:09,7,34.2,AH0,254,37.7269304,Day,F,L,A,MYSE
151.909,8443,6/3/2015,5/29/2015,19:05:10,7,33.2,AH0,252,36.8211744,Day,F,L,A,MYSE
151.909,8443,6/3/2015,5/25/2015,19:05:11,7,31.1,AH0,255,34.2293523,Day,F,L,A,MYSE
151.909,8443,6/3/2015,5/30/2015,19:05:11,7,34.2,AH0,255,37.7269304,Day,F,L,A,MYSE
151.909,8443,6/3/2015,5/24/2015,19:05:12,7,31,AH0,255,34.0803,Day,F,L,A,MYSE
151.909,8443,6/3/2015,5/29/2015,19:05:12,7,33.2,AH0,254,36.8211744,Day,F,L,A,MYSE
151.909,8443,6/3/2015,5/30/2015,19:05:13,7,34.2,AH0,254,37.7269304,Day,F,L,A,MYSE
151.909,8443,6/3/2015,5/24/2015,19:05:14,7,31,AH0,255,34.0803,Day,F,L,A,MYSE
151.909,8443,6/3/2015,5/29/2015,19:05:14,7,33.2,AH0,252,36.8211744,Day,F,L,A,MYSE
151.909,8443,6/3/2015,5/24/2015,19:05:16,7,31,AH0,255,34.0803,Day,F,L,A,MYSE
151.909,8443,6/3/2015,5/26/2015,19:05:16,7,31.9,AH0,226,35.3347947,Day,F,L,A,MYSE
151.909,8443,6/3/2015,5/24/2015,19:05:18,7,31,AH0,255,34.0803,Day,F,L,A,MYSE
151.909,8443,6/3/2015,5/26/2015,19:05:18,7,31.9,AH0,229,35.3347947,Day,F,L,A,MYSE
151.909,8443,6/3/2015,5/26/2015,19:05:20,7,31.9,AH0,226,35.3347947,Day,F,L,A,MYSE
151.909,8443,6/3/2015,5/26/2015,19:05:22,7,31.9,AH0,226,35.3347947,Day,F,L,A,MYSE
151.909,8443,6/3/2015,5/26/2015,19:05:24,7,31.9,AH0,227,35.3347947,Day,F,L,A,MYSE
151.909,8443,6/3/2015,5/25/2015,19:05:25,7,31.1,AH0,255,34.2293523,Day,F,L,A,MYSE
151.909,8443,6/3/2015,5/25/2015,19:05:27,7,31.1,AH0,255,34.2293523,Day,F,L,A,MYSE
151.909,8443,6/3/2015,5/29/2015,19:05:27,7,33.2,AH0,254,36.8211744,Day,F,L,A,MYSE
151.909,8443,6/3/2015,5/30/2015,19:05:27,7,34.2,AH0,255,37.7269304,Day,F,L,A,MYSE
151.909,8443,6/3/2015,5/29/2015,19:05:28,7,33.2,AH0,254,36.8211744,Day,F,L,A,MYSE
151.909,8443,6/3/2015,5/25/2015,19:05:29,7,31.2,AH0,255,34.3759424,Day,F,L,A,MYSE
151.909,8443,6/3/2015,5/30/2015,19:05:29,7,34.2,AH0,254,37.7269304,Day,F,L,A,MYSE
151.909,8443,6/3/2015,5/29/2015,19:05:30,7,33.2,AH0,254,36.8211744,Day,F,L,A,MYSE
151.909,8443,6/3/2015,5/30/2015,19:05:30,7,34.2,AH0,254,37.7269304,Day,F,L,A,MYSE
151.909,8443,6/3/2015,5/25/2015,19:05:31,7,31.2,AH0,255,34.3759424,Day,F,L,A,MYSE
151.909,8443,6/3/2015,5/24/2015,19:05:32,7,30.9,AH0,255,33.9287657,Day,F,L,A,MYSE
151.909,8443,6/3/2015,5/25/2015,19:05:32,7,31.2,AH0,255,34.3759424,Day,F,L,A,MYSE
151.909,8443,6/3/2015,5/29/2015,19:05:32,7,33.2,AH0,253,36.8211744,Day,F,L,A,MYSE
151.909,8443,6/3/2015,5/30/2015,19:05:32,7,34.2,AH0,254,37.7269304,Day,F,L,A,MYSE
151.909,8443,6/3/2015,5/24/2015,19:05:34,7,30.9,AH0,255,33.9287657,Day,F,L,A,MYSE
151.909,8443,6/3/2015,5/29/2015,19:05:34,7,33.2,AH0,252,36.8211744,Day,F,L,A,MYSE
151.909,8443,6/3/2015,5/24/2015,19:05:35,7,30.9,AH0,255,33.9287657,Day,F,L,A,MYSE
151.909,8443,6/3/2015,5/24/2015,19:05:37,7,30.9,AH0,255,33.9287657,Day,F,L,A,MYSE
151.909,8443,6/3/2015,5/26/2015,19:05:37,7,31.9,AH0,227,35.3347947,Day,F,L,A,MYSE
151.909,8443,6/3/2015,5/26/2015,19:05:39,7,31.9,AH0,226,35.3347947,Day,F,L,A,MYSE
151.909,8443,6/3/2015,5/26/2015,19:05:40,7,31.9,AH0,226,35.3347947,Day,F,L,A,MYSE
151.909,8443,6/3/2015,5/26/2015,19:05:42,7,31.9,AH0,226,35.3347947,Day,F,L,A,MYSE
151.909,8443,6/3/2015,5/25/2015,19:05:46,7,31.2,AH0,255,34.3759424,Day,F,L,A,MYSE
151.909,8443,6/3/2015,5/29/2015,19:05:46,7,33.2,AH0,254,36.8211744,Day,F,L,A,MYSE
151.909,8443,6/3/2015,5/30/2015,19:05:46,7,34.1,AH0,254,37.6449993,Day,F,L,A,MYSE
151.909,8443,6/3/2015,5/25/2015,19:05:48,7,31.2,AH0,255,34.3759424,Day,F,L,A,MYSE
151.909,8443,6/3/2015,5/29/2015,19:05:48,7,33.2,AH0,252,36.8211744,Day,F,L,A,MYSE
151.909,8443,6/3/2015,5/30/2015,19:05:48,7,34.2,AH0,254,37.7269304,Day,F,L,A,MYSE
151.909,8443,6/3/2015,5/25/2015,19:05:50,7,31.2,AH0,255,34.3759424,Day,F,L,A,MYSE
151.909,8443,6/3/2015,5/29/2015,19:05:50,7,33.2,AH0,254,36.8211744,Day,F,L,A,MYSE
151.909,8443,6/3/2015,5/30/2015,19:05:50,7,34.1,AH0,253,37.6449993,Day,F,L,A,MYSE
151.909,8443,6/3/2015,5/24/2015,19:05:51,7,30.9,AH0,255,33.9287657,Day,F,L,A,MYSE
151.909,8443,6/3/2015,5/30/2015,19:05:51,7,34.1,AH0,254,37.6449993,Day,F,L,A,MYSE
151.909,8443,6/3/2015,5/25/2015,19:05:52,7,31.2,AH0,255,34.3759424,Day,F,L,A,MYSE
151.909,8443,6/3/2015,5/29/2015,19:05:52,7,33.2,AH0,253,36.8211744,Day,F,L,A,MYSE
151.909,8443,6/3/2015,5/24/2015,19:05:53,7,30.9,AH0,255,33.9287657,Day,F,L,A,MYSE
151.909,8443,6/3/2015,5/30/2015,19:05:53,7,34.1,AH0,254,37.6449993,Day,F,L,A,MYSE
151.909,8443,6/3/2015,5/29/2015,19:05:54,7,33.2,AH0,253,36.8211744,Day,F,L,A,MYSE
151.909,8443,6/3/2015,5/24/2015,19:05:55,7,30.9,AH0,255,33.9287657,Day,F,L,A,MYSE
151.909,8443,6/3/2015,5/24/2015,19:05:57,7,30.9,AH0,255,33.9287657,Day,F,L,A,MYSE
151.909,8443,6/3/2015,5/26/2015,19:05:57,7,31.9,AH0,228,35.3347947,Day,F,L,A,MYSE
151.909,8443,6/3/2015,5/24/2015,19:05:59,7,30.9,AH0,255,33.9287657,Day,F,L,A,MYSE
151.909,8443,6/3/2015,5/26/2015,19:05:59,7,31.9,AH0,225,35.3347947,Day,F,L,A,MYSE
151.909,8443,6/3/2015,5/26/2015,19:06:01,7,31.9,AH0,228,35.3347947,Day,F,L,A,MYSE
151.909,8443,6/3/2015,5/26/2015,19:06:03,7,31.9,AH0,225,35.3347947,Day,F,L,A,MYSE
151.909,8443,6/3/2015,5/25/2015,19:06:05,7,31.3,AH0,255,34.5200901,Day,F,L,A,MYSE
151.909,8443,6/3/2015,5/29/2015,19:06:06,7,33.2,AH0,254,36.8211744,Day,F,L,A,MYSE
151.909,8443,6/3/2015,5/30/2015,19:06:06,7,34.1,AH0,254,37.6449993,Day,F,L,A,MYSE
151.909,8443,6/3/2015,5/25/2015,19:06:07,7,31.3,AH0,255,34.5200901,Day,F,L,A,MYSE
151.909,8443,6/3/2015,5/30/2015,19:06:07,7,34.1,AH0,253,37.6449993,Day,F,L,A,MYSE
151.909,8443,6/3/2015,5/29/2015,19:06:08,7,33.2,AH0,250,36.8211744,Day,F,L,A,MYSE
151.909,8443,6/3/2015,5/25/2015,19:06:09,7,31.3,AH0,255,34.5200901,Day,F,L,A,MYSE
151.909,8443,6/3/2015,5/30/2015,19:06:09,7,34.2,AH0,254,37.7269304,Day,F,L,A,MYSE
151.909,8443,6/3/2015,5/29/2015,19:06:10,7,33.2,AH0,254,36.8211744,Day,F,L,A,MYSE
151.909,8443,6/3/2015,5/25/2015,19:06:11,7,31.3,AH0,255,34.5200901,Day,F,L,A,MYSE
151.909,8443,6/3/2015,5/30/2015,19:06:11,7,34.1,AH0,253,37.6449993,Day,F,L,A,MYSE
151.909,8443,6/3/2015,5/24/2015,19:06:12,7,31,AH0,255,34.0803,Day,F,L,A,MYSE
151.909,8443,6/3/2015,5/29/2015,19:06:12,7,33.2,AH0,252,36.8211744,Day,F,L,A,MYSE
151.909,8443,6/3/2015,5/30/2015,19:06:13,7,34.2,AH0,254,37.7269304,Day,F,L,A,MYSE
151.909,8443,6/3/2015,5/24/2015,19:06:14,7,31,AH0,255,34.0803,Day,F,L,A,MYSE
151.909,8443,6/3/2015,5/29/2015,19:06:14,7,33.2,AH0,253,36.8211744,Day,F,L,A,MYSE
151.909,8443,6/3/2015,5/24/2015,19:06:16,7,31,AH0,255,34.0803,Day,F,L,A,MYSE
151.909,8443,6/3/2015,5/26/2015,19:06:16,7,31.9,AH0,228,35.3347947,Day,F,L,A,MYSE
151.909,8443,6/3/2015,5/24/2015,19:06:18,7,31,AH0,255,34.0803,Day,F,L,A,MYSE
151.909,8443,6/3/2015,5/26/2015,19:06:18,7,31.9,AH0,229,35.3347947,Day,F,L,A,MYSE
151.909,8443,6/3/2015,5/26/2015,19:06:20,7,31.9,AH0,228,35.3347947,Day,F,L,A,MYSE
151.909,8443,6/3/2015,5/26/2015,19:06:22,7,31.9,AH0,227,35.3347947,Day,F,L,A,MYSE
151.909,8443,6/3/2015,5/26/2015,19:06:24,7,31.9,AH0,227,35.3347947,Day,F,L,A,MYSE
151.909,8443,6/3/2015,5/25/2015,19:06:26,7,31.3,AH0,255,34.5200901,Day,F,L,A,MYSE
151.909,8443,6/3/2015,5/29/2015,19:06:26,7,33.1,AH0,254,36.7196703,Day,F,L,A,MYSE
151.909,8443,6/3/2015,5/30/2015,19:06:27,7,34.2,AH0,254,37.7269304,Day,F,L,A,MYSE
151.909,8443,6/3/2015,5/25/2015,19:06:28,7,31.3,AH0,255,34.5200901,Day,F,L,A,MYSE
151.909,8443,6/3/2015,5/29/2015,19:06:28,7,33.2,AH0,254,36.8211744,Day,F,L,A,MYSE
151.909,8443,6/3/2015,5/30/2015,19:06:28,7,34.2,AH0,253,37.7269304,Day,F,L,A,MYSE
151.909,8443,6/3/2015,5/25/2015,19:06:30,7,31.3,AH0,255,34.5200901,Day,F,L,A,MYSE
151.909,8443,6/3/2015,5/29/2015,19:06:30,7,33.2,AH0,254,36.8211744,Day,F,L,A,MYSE
151.909,8443,6/3/2015,5/30/2015,19:06:30,7,34.2,AH0,254,37.7269304,Day,F,L,A,MYSE
151.909,8443,6/3/2015,5/24/2015,19:06:32,7,31,AH0,255,34.0803,Day,F,L,A,MYSE
151.909,8443,6/3/2015,5/25/2015,19:06:32,7,31.3,AH0,255,34.5200901,Day,F,L,A,MYSE
151.909,8443,6/3/2015,5/29/2015,19:06:32,7,33.2,AH0,254,36.8211744,Day,F,L,A,MYSE
151.909,8443,6/3/2015,5/30/2015,19:06:32,7,34.2,AH0,254,37.7269304,Day,F,L,A,MYSE
151.909,8443,6/3/2015,5/29/2015,19:06:33,7,33.2,AH0,254,36.8211744,Day,F,L,A,MYSE
151.909,8443,6/3/2015,5/24/2015,19:06:34,7,31,AH0,255,34.0803,Day,F,L,A,MYSE
151.909,8443,6/3/2015,5/24/2015,19:06:36,7,31,AH0,255,34.0803,Day,F,L,A,MYSE
151.909,8443,6/3/2015,5/24/2015,19:06:37,7,31,AH0,255,34.0803,Day,F,L,A,MYSE
151.909,8443,6/3/2015,5/26/2015,19:06:37,7,31.9,AH0,225,35.3347947,Day,F,L,A,MYSE
151.909,8443,6/3/2015,5/26/2015,19:06:39,7,31.9,AH0,226,35.3347947,Day,F,L,A,MYSE
151.909,8443,6/3/2015,5/26/2015,19:06:41,7,31.9,AH0,226,35.3347947,Day,F,L,A,MYSE
151.909,8443,6/3/2015,5/26/2015,19:06:42,7,31.9,AH0,228,35.3347947,Day,F,L,A,MYSE
151.909,8443,6/3/2015,5/25/2015,19:06:45,7,31.3,AH0,255,34.5200901,Day,F,L,A,MYSE
151.909,8443,6/3/2015,5/29/2015,19:06:46,7,33.1,AH0,254,36.7196703,Day,F,L,A,MYSE
151.909,8443,6/3/2015,5/30/2015,19:06:46,7,34.2,AH0,255,37.7269304,Day,F,L,A,MYSE
151.909,8443,6/3/2015,5/25/2015,19:06:47,7,31.3,AH0,255,34.5200901,Day,F,L,A,MYSE
151.909,8443,6/3/2015,5/29/2015,19:06:48,7,33.2,AH0,252,36.8211744,Day,F,L,A,MYSE
151.909,8443,6/3/2015,5/30/2015,19:06:48,7,34.2,AH0,253,37.7269304,Day,F,L,A,MYSE
151.909,8443,6/3/2015,5/25/2015,19:06:49,7,31.3,AH0,255,34.5200901,Day,F,L,A,MYSE
151.909,8443,6/3/2015,5/30/2015,19:06:49,7,34.2,AH0,254,37.7269304,Day,F,L,A,MYSE
151.909,8443,6/3/2015,5/29/2015,19:06:50,7,33.2,AH0,253,36.8211744,Day,F,L,A,MYSE
151.909,8443,6/3/2015,5/24/2015,19:06:51,7,31,AH0,255,34.0803,Day,F,L,A,MYSE
151.909,8443,6/3/2015,5/25/2015,19:06:51,7,31.3,AH0,255,34.5200901,Day,F,L,A,MYSE
151.909,8443,6/3/2015,5/30/2015,19:06:51,7,34.2,AH0,253,37.7269304,Day,F,L,A,MYSE
151.909,8443,6/3/2015,5/29/2015,19:06:52,7,33.1,AH0,254,36.7196703,Day,F,L,A,MYSE
151.909,8443,6/3/2015,5/24/2015,19:06:53,7,31,AH0,255,34.0803,Day,F,L,A,MYSE
151.909,8443,6/3/2015,5/29/2015,19:06:53,7,33.2,AH0,254,36.8211744,Day,F,L,A,MYSE
151.909,8443,6/3/2015,5/30/2015,19:06:53,7,34.1,AH0,255,37.6449993,Day,F,L,A,MYSE
151.909,8443,6/3/2015,5/24/2015,19:06:55,7,30.9,AH0,255,33.9287657,Day,F,L,A,MYSE
151.909,8443,6/3/2015,5/24/2015,19:06:57,7,30.9,AH0,255,33.9287657,Day,F,L,A,MYSE
151.909,8443,6/3/2015,5/26/2015,19:06:57,7,32,AH0,224,35.4624,Day,F,L,A,MYSE
151.909,8443,6/3/2015,5/26/2015,19:06:59,7,32,AH0,226,35.4624,Day,F,L,A,MYSE
151.909,8443,6/3/2015,5/26/2015,19:07:01,7,32,AH0,226,35.4624,Day,F,L,A,MYSE
151.909,8443,6/3/2015,5/26/2015,19:07:03,7,32,AH0,226,35.4624,Day,F,L,A,MYSE
151.909,8443,6/3/2015,5/29/2015,19:07:06,7,33.2,AH0,253,36.8211744,Day,F,L,A,MYSE
151.909,8443,6/3/2015,5/25/2015,19:07:07,7,31.3,AH0,255,34.5200901,Day,F,L,A,MYSE
151.909,8443,6/3/2015,5/30/2015,19:07:07,7,34.1,AH0,255,37.6449993,Day,F,L,A,MYSE
151.909,8443,6/3/2015,5/25/2015,19:07:08,7,31.3,AH0,255,34.5200901,Day,F,L,A,MYSE
151.909,8443,6/3/2015,5/29/2015,19:07:08,7,33.2,AH0,254,36.8211744,Day,F,L,A,MYSE
151.909,8443,6/3/2015,5/30/2015,19:07:09,7,34.1,AH0,254,37.6449993,Day,F,L,A,MYSE
151.909,8443,6/3/2015,5/25/2015,19:07:10,7,31.3,AH0,255,34.5200901,Day,F,L,A,MYSE
151.909,8443,6/3/2015,5/29/2015,19:07:10,7,33.2,AH0,254,36.8211744,Day,F,L,A,MYSE
151.909,8443,6/3/2015,5/29/2015,19:07:11,7,33.2,AH0,254,36.8211744,Day,F,L,A,MYSE
151.909,8443,6/3/2015,5/30/2015,19:07:11,7,34.1,AH0,254,37.6449993,Day,F,L,A,MYSE
151.909,8443,6/3/2015,5/24/2015,19:07:12,7,30.9,AH0,255,33.9287657,Day,F,L,A,MYSE
151.909,8443,6/3/2015,5/25/2015,19:07:12,7,31.3,AH0,255,34.5200901,Day,F,L,A,MYSE
151.909,8443,6/3/2015,5/30/2015,19:07:12,7,34.1,AH0,254,37.6449993,Day,F,L,A,MYSE
151.909,8443,6/3/2015,5/29/2015,19:07:13,7,33.2,AH0,251,36.8211744,Day,F,L,A,MYSE
151.909,8443,6/3/2015,5/24/2015,19:07:14,7,30.9,AH0,255,33.9287657,Day,F,L,A,MYSE
151.909,8443,6/3/2015,5/24/2015,19:07:16,7,30.9,AH0,255,33.9287657,Day,F,L,A,MYSE
151.909,8443,6/3/2015,5/26/2015,19:07:16,7,31.9,AH0,226,35.3347947,Day,F,L,A,MYSE
151.909,8443,6/3/2015,5/24/2015,19:07:18,7,30.9,AH0,255,33.9287657,Day,F,L,A,MYSE
151.909,8443,6/3/2015,5/26/2015,19:07:18,7,31.9,AH0,230,35.3347947,Day,F,L,A,MYSE
151.909,8443,6/3/2015,5/26/2015,19:07:20,7,32,AH0,228,35.4624,Day,F,L,A,MYSE
151.909,8443,6/3/2015,5/26/2015,19:07:22,7,31.9,AH0,225,35.3347947,Day,F,L,A,MYSE
151.909,8443,6/3/2015,5/26/2015,19:07:24,7,32,AH0,227,35.4624,Day,F,L,A,MYSE
151.909,8443,6/3/2015,5/25/2015,19:07:26,7,31.3,AH0,255,34.5200901,Day,F,L,A,MYSE
151.909,8443,6/3/2015,5/29/2015,19:07:26,7,33.2,AH0,253,36.8211744,Day,F,L,A,MYSE
151.909,8443,6/3/2015,5/30/2015,19:07:26,7,34.1,AH0,254,37.6449993,Day,F,L,A,MYSE
151.909,8443,6/3/2015,5/25/2015,19:07:28,7,31.3,AH0,255,34.5200901,Day,F,L,A,MYSE
151.909,8443,6/3/2015,5/29/2015,19:07:28,7,33.2,AH0,253,36.8211744,Day,F,L,A,MYSE
151.909,8443,6/3/2015,5/30/2015,19:07:28,7,34.1,AH0,253,37.6449993,Day,F,L,A,MYSE
151.909,8443,6/3/2015,5/25/2015,19:07:30,7,31.3,AH0,255,34.5200901,Day,F,L,A,MYSE
151.909,8443,6/3/2015,5/29/2015,19:07:30,7,33.2,AH0,253,36.8211744,Day,F,L,A,MYSE
151.909,8443,6/3/2015,5/30/2015,19:07:30,7,34.1,AH0,255,37.6449993,Day,F,L,A,MYSE
151.909,8443,6/3/2015,5/25/2015,19:07:31,7,31.3,AH0,255,34.5200901,Day,F,L,A,MYSE
151.909,8443,6/3/2015,5/29/2015,19:07:31,7,33.2,AH0,254,36.8211744,Day,F,L,A,MYSE
151.909,8443,6/3/2015,5/24/2015,19:07:32,7,30.8,AH0,255,33.7747296,Day,F,L,A,MYSE
151.909,8443,6/3/2015,5/30/2015,19:07:32,7,34.1,AH0,254,37.6449993,Day,F,L,A,MYSE
151.909,8443,6/3/2015,5/29/2015,19:07:33,7,33.2,AH0,253,36.8211744,Day,F,L,A,MYSE
151.909,8443,6/3/2015,5/30/2015,19:07:33,7,34.1,AH0,255,37.6449993,Day,F,L,A,MYSE
151.909,8443,6/3/2015,5/24/2015,19:07:34,7,30.8,AH0,255,33.7747296,Day,F,L,A,MYSE
151.909,8443,6/3/2015,5/24/2015,19:07:36,7,30.8,AH0,255,33.7747296,Day,F,L,A,MYSE
151.909,8443,6/3/2015,5/26/2015,19:07:37,7,31.9,AH0,228,35.3347947,Day,F,L,A,MYSE
151.909,8443,6/3/2015,5/24/2015,19:07:38,7,30.8,AH0,255,33.7747296,Day,F,L,A,MYSE
151.909,8443,6/3/2015,5/26/2015,19:07:39,7,31.9,AH0,229,35.3347947,Day,F,L,A,MYSE
151.909,8443,6/3/2015,5/26/2015,19:07:41,7,31.9,AH0,226,35.3347947,Day,F,L,A,MYSE
151.909,8443,6/3/2015,5/26/2015,19:07:43,7,31.9,AH0,228,35.3347947,Day,F,L,A,MYSE
151.909,8443,6/3/2015,5/25/2015,19:07:45,7,31.3,AH0,255,34.5200901,Day,F,L,A,MYSE
151.909,8443,6/3/2015,5/30/2015,19:07:46,7,34.1,AH0,255,37.6449993,Day,F,L,A,MYSE
151.909,8443,6/3/2015,5/25/2015,19:07:47,7,31.3,AH0,255,34.5200901,Day,F,L,A,MYSE
151.909,8443,6/3/2015,5/30/2015,19:07:47,7,34.1,AH0,254,37.6449993,Day,F,L,A,MYSE
151.909,8443,6/3/2015,5/29/2015,19:07:48,7,33.2,AH0,254,36.8211744,Day,F,L,A,MYSE
151.909,8443,6/3/2015,5/25/2015,19:07:49,7,31.3,AH0,255,34.5200901,Day,F,L,A,MYSE
151.909,8443,6/3/2015,5/29/2015,19:07:49,7,33.2,AH0,252,36.8211744,Day,F,L,A,MYSE
151.909,8443,6/3/2015,5/30/2015,19:07:49,7,34.1,AH0,254,37.6449993,Day,F,L,A,MYSE
151.909,8443,6/3/2015,5/24/2015,19:07:51,7,30.7,AH0,255,33.6181719,Day,F,L,A,MYSE
151.909,8443,6/3/2015,5/25/2015,19:07:51,7,31.3,AH0,255,34.5200901,Day,F,L,A,MYSE
151.909,8443,6/3/2015,5/29/2015,19:07:51,7,33.2,AH0,254,36.8211744,Day,F,L,A,MYSE
151.909,8443,6/3/2015,5/30/2015,19:07:51,7,34.1,AH0,254,37.6449993,Day,F,L,A,MYSE
151.909,8443,6/3/2015,5/24/2015,19:07:53,7,30.7,AH0,255,33.6181719,Day,F,L,A,MYSE
151.909,8443,6/3/2015,5/25/2015,19:07:53,7,31.3,AH0,255,34.5200901,Day,F,L,A,MYSE
151.909,8443,6/3/2015,5/29/2015,19:07:53,7,33.2,AH0,254,36.8211744,Day,F,L,A,MYSE
151.909,8443,6/3/2015,5/30/2015,19:07:53,7,34.1,AH0,254,37.6449993,Day,F,L,A,MYSE
151.909,8443,6/3/2015,5/24/2015,19:07:55,7,30.7,AH0,255,33.6181719,Day,F,L,A,MYSE
151.909,8443,6/3/2015,5/26/2015,19:07:56,7,31.9,AH0,229,35.3347947,Day,F,L,A,MYSE
151.909,8443,6/3/2015,5/24/2015,19:07:57,7,30.7,AH0,255,33.6181719,Day,F,L,A,MYSE
151.909,8443,6/3/2015,5/26/2015,19:07:58,7,31.9,AH0,230,35.3347947,Day,F,L,A,MYSE
151.909,8443,6/3/2015,5/26/2015,19:07:59,7,31.9,AH0,226,35.3347947,Day,F,L,A,MYSE
151.909,8443,6/3/2015,5/26/2015,19:08:01,7,31.9,AH0,229,35.3347947,Day,F,L,A,MYSE
151.909,8443,6/3/2015,5/26/2015,19:08:03,7,31.9,AH0,230,35.3347947,Day,F,L,A,MYSE
151.909,8443,6/3/2015,5/25/2015,19:08:06,7,31.4,AH0,255,34.6618152,Day,F,L,A,MYSE
151.909,8443,6/3/2015,5/29/2015,19:08:07,7,33.2,AH0,254,36.8211744,Day,F,L,A,MYSE
151.909,8443,6/3/2015,5/30/2015,19:08:07,7,34.1,AH0,253,37.6449993,Day,F,L,A,MYSE
151.909,8443,6/3/2015,5/25/2015,19:08:08,7,31.4,AH0,255,34.6618152,Day,F,L,A,MYSE
151.909,8443,6/3/2015,5/29/2015,19:08:09,7,33.2,AH0,254,36.8211744,Day,F,L,A,MYSE
151.909,8443,6/3/2015,5/30/2015,19:08:09,7,34.2,AH0,255,37.7269304,Day,F,L,A,MYSE
151.909,8443,6/3/2015,5/25/2015,19:08:10,7,31.4,AH0,255,34.6618152,Day,F,L,A,MYSE
151.909,8443,6/3/2015,5/30/2015,19:08:10,7,34.2,AH0,254,37.7269304,Day,F,L,A,MYSE
151.909,8443,6/3/2015,5/24/2015,19:08:11,7,30.7,AH0,255,33.6181719,Day,F,L,A,MYSE
151.909,8443,6/3/2015,5/29/2015,19:08:11,7,33.2,AH0,252,36.8211744,Day,F,L,A,MYSE
151.909,8443,6/3/2015,5/25/2015,19:08:12,7,31.4,AH0,255,34.6618152,Day,F,L,A,MYSE
151.909,8443,6/3/2015,5/30/2015,19:08:12,7,34.2,AH0,254,37.7269304,Day,F,L,A,MYSE
151.909,8443,6/3/2015,5/24/2015,19:08:13,7,30.7,AH0,255,33.6181719,Day,F,L,A,MYSE
151.909,8443,6/3/2015,5/29/2015,19:08:13,7,33.2,AH0,253,36.8211744,Day,F,L,A,MYSE
151.909,8443,6/3/2015,5/24/2015,19:08:15,7,30.7,AH0,255,33.6181719,Day,F,L,A,MYSE
151.909,8443,6/3/2015,5/26/2015,19:08:16,7,31.9,AH0,230,35.3347947,Day,F,L,A,MYSE
151.909,8443,6/3/2015,5/24/2015,19:08:17,7,30.7,AH0,255,33.6181719,Day,F,L,A,MYSE
151.909,8443,6/3/2015,5/26/2015,19:08:18,7,31.9,AH0,231,35.3347947,Day,F,L,A,MYSE
151.909,8443,6/3/2015,5/24/2015,19:08:19,7,30.7,AH0,255,33.6181719,Day,F,L,A,MYSE
151.909,8443,6/3/2015,5/26/2015,19:08:20,7,31.9,AH0,229,35.3347947,Day,F,L,A,MYSE
151.909,8443,6/3/2015,5/26/2015,19:08:22,7,31.9,AH0,227,35.3347947,Day,F,L,A,MYSE
151.909,8443,6/3/2015,5/25/2015,19:08:25,7,31.4,AH0,255,34.6618152,Day,F,L,A,MYSE
151.909,8443,6/3/2015,5/30/2015,19:08:26,7,34.2,AH0,254,37.7269304,Day,F,L,A,MYSE
151.909,8443,6/3/2015,5/25/2015,19:08:27,7,31.4,AH0,255,34.6618152,Day,F,L,A,MYSE
151.909,8443,6/3/2015,5/29/2015,19:08:27,7,33.2,AH0,252,36.8211744,Day,F,L,A,MYSE
151.909,8443,6/3/2015,5/30/2015,19:08:28,7,34.2,AH0,254,37.7269304,Day,F,L,A,MYSE
151.909,8443,6/3/2015,5/25/2015,19:08:29,7,31.4,AH0,255,34.6618152,Day,F,L,A,MYSE
151.909,8443,6/3/2015,5/29/2015,19:08:29,7,33.2,AH0,254,36.8211744,Day,F,L,A,MYSE
151.909,8443,6/3/2015,5/30/2015,19:08:30,7,34.2,AH0,253,37.7269304,Day,F,L,A,MYSE
151.909,8443,6/3/2015,5/25/2015,19:08:31,7,31.4,AH0,255,34.6618152,Day,F,L,A,MYSE
151.909,8443,6/3/2015,5/29/2015,19:08:31,7,33.2,AH0,253,36.8211744,Day,F,L,A,MYSE
151.909,8443,6/3/2015,5/30/2015,19:08:31,7,34.2,AH0,254,37.7269304,Day,F,L,A,MYSE
151.909,8443,6/3/2015,5/24/2015,19:08:32,7,30.7,AH0,255,33.6181719,Day,F,L,A,MYSE
151.909,8443,6/3/2015,5/25/2015,19:08:33,7,31.4,AH0,255,34.6618152,Day,F,L,A,MYSE
151.909,8443,6/3/2015,5/29/2015,19:08:33,7,33.2,AH0,253,36.8211744,Day,F,L,A,MYSE
151.909,8443,6/3/2015,5/30/2015,19:08:33,7,34.3,AH0,254,37.8070131,Day,F,L,A,MYSE
151.909,8443,6/3/2015,5/24/2015,19:08:34,7,30.7,AH0,255,33.6181719,Day,F,L,A,MYSE
151.909,8443,6/3/2015,5/24/2015,19:08:36,7,30.7,AH0,255,33.6181719,Day,F,L,A,MYSE
151.909,8443,6/3/2015,5/26/2015,19:08:37,7,31.9,AH0,228,35.3347947,Day,F,L,A,MYSE
151.909,8443,6/3/2015,5/24/2015,19:08:38,7,30.7,AH0,255,33.6181719,Day,F,L,A,MYSE
151.909,8443,6/3/2015,5/26/2015,19:08:39,7,31.9,AH0,225,35.3347947,Day,F,L,A,MYSE
151.909,8443,6/3/2015,5/26/2015,19:08:41,7,31.9,AH0,226,35.3347947,Day,F,L,A,MYSE
151.909,8443,6/3/2015,5/26/2015,19:08:43,7,31.9,AH0,229,35.3347947,Day,F,L,A,MYSE
151.909,8443,6/3/2015,5/30/2015,19:08:45,7,34.3,AH0,254,37.8070131,Day,F,L,A,MYSE
151.909,8443,6/3/2015,5/25/2015,19:08:46,7,31.4,AH0,255,34.6618152,Day,F,L,A,MYSE
151.909,8443,6/3/2015,5/29/2015,19:08:47,7,33.3,AH0,252,36.9206321,Day,F,L,A,MYSE
151.909,8443,6/3/2015,5/30/2015,19:08:47,7,34.3,AH0,254,37.8070131,Day,F,L,A,MYSE
151.909,8443,6/3/2015,5/25/2015,19:08:48,7,31.4,AH0,255,34.6618152,Day,F,L,A,MYSE
151.909,8443,6/3/2015,5/29/2015,19:08:49,7,33.3,AH0,252,36.9206321,Day,F,L,A,MYSE
151.909,8443,6/3/2015,5/30/2015,19:08:49,7,34.3,AH0,253,37.8070131,Day,F,L,A,MYSE
151.909,8443,6/3/2015,5/25/2015,19:08:50,7,31.4,AH0,255,34.6618152,Day,F,L,A,MYSE
151.909,8443,6/3/2015,5/29/2015,19:08:51,7,33.3,AH0,251,36.9206321,Day,F,L,A,MYSE
151.909,8443,6/3/2015,5/30/2015,19:08:51,7,34.3,AH0,254,37.8070131,Day,F,L,A,MYSE
151.909,8443,6/3/2015,5/24/2015,19:08:52,7,30.7,AH0,255,33.6181719,Day,F,L,A,MYSE
151.909,8443,6/3/2015,5/25/2015,19:08:52,7,31.4,AH0,255,34.6618152,Day,F,L,A,MYSE
151.909,8443,6/3/2015,5/30/2015,19:08:52,7,34.3,AH0,254,37.8070131,Day,F,L,A,MYSE
151.909,8443,6/3/2015,5/29/2015,19:08:53,7,33.3,AH0,248,36.9206321,Day,F,L,A,MYSE
151.909,8443,6/3/2015,5/24/2015,19:08:54,7,30.7,AH0,255,33.6181719,Day,F,L,A,MYSE
151.909,8443,6/3/2015,5/24/2015,19:08:56,7,30.7,AH0,255,33.6181719,Day,F,L,A,MYSE
151.909,8443,6/3/2015,5/26/2015,19:08:56,7,31.9,AH0,226,35.3347947,Day,F,L,A,MYSE
151.909,8443,6/3/2015,5/24/2015,19:08:58,7,30.7,AH0,255,33.6181719,Day,F,L,A,MYSE
151.909,8443,6/3/2015,5/26/2015,19:08:58,7,31.9,AH0,228,35.3347947,Day,F,L,A,MYSE
151.909,8443,6/3/2015,5/26/2015,19:09:00,7,31.9,AH0,230,35.3347947,Day,F,L,A,MYSE
151.909,8443,6/3/2015,5/26/2015,19:09:02,7,31.9,AH0,228,35.3347947,Day,F,L,A,MYSE
151.909,8443,6/3/2015,5/26/2015,19:09:03,7,31.9,AH0,229,35.3347947,Day,F,L,A,MYSE
151.909,8443,6/3/2015,5/25/2015,19:09:05,7,31.4,AH0,255,34.6618152,Day,F,L,A,MYSE
151.909,8443,6/3/2015,5/30/2015,19:09:06,7,34.3,AH0,254,37.8070131,Day,F,L,A,MYSE
151.909,8443,6/3/2015,5/25/2015,19:09:07,7,31.4,AH0,255,34.6618152,Day,F,L,A,MYSE
151.909,8443,6/3/2015,5/29/2015,19:09:07,7,33.3,AH0,249,36.9206321,Day,F,L,A,MYSE
151.909,8443,6/3/2015,5/30/2015,19:09:08,7,34.3,AH0,254,37.8070131,Day,F,L,A,MYSE
151.909,8443,6/3/2015,5/25/2015,19:09:09,7,31.4,AH0,255,34.6618152,Day,F,L,A,MYSE
151.909,8443,6/3/2015,5/29/2015,19:09:09,7,33.3,AH0,247,36.9206321,Day,F,L,A,MYSE
151.909,8443,6/3/2015,5/30/2015,19:09:10,7,34.4,AH0,254,37.8852672,Day,F,L,A,MYSE
151.909,8443,6/3/2015,5/24/2015,19:09:11,7,30.7,AH0,255,33.6181719,Day,F,L,A,MYSE
151.909,8443,6/3/2015,5/25/2015,19:09:11,7,31.4,AH0,255,34.6618152,Day,F,L,A,MYSE
151.909,8443,6/3/2015,5/29/2015,19:09:11,7,33.3,AH0,250,36.9206321,Day,F,L,A,MYSE
151.909,8443,6/3/2015,5/29/2015,19:09:12,7,33.3,AH0,250,36.9206321,Day,F,L,A,MYSE
151.909,8443,6/3/2015,5/30/2015,19:09:12,7,34.4,AH0,253,37.8852672,Day,F,L,A,MYSE
151.909,8443,6/3/2015,5/24/2015,19:09:13,7,30.8,AH0,255,33.7747296,Day,F,L,A,MYSE
151.909,8443,6/3/2015,5/30/2015,19:09:13,7,34.4,AH0,254,37.8852672,Day,F,L,A,MYSE
151.909,8443,6/3/2015,5/24/2015,19:09:15,7,30.8,AH0,255,33.7747296,Day,F,L,A,MYSE
151.909,8443,6/3/2015,5/24/2015,19:09:17,7,30.8,AH0,255,33.7747296,Day,F,L,A,MYSE
151.909,8443,6/3/2015,5/26/2015,19:09:17,7,31.9,AH0,229,35.3347947,Day,F,L,A,MYSE
151.909,8443,6/3/2015,5/26/2015,19:09:19,7,31.9,AH0,228,35.3347947,Day,F,L,A,MYSE
151.909,8443,6/3/2015,5/26/2015,19:09:20,7,31.9,AH0,227,35.3347947,Day,F,L,A,MYSE
151.909,8443,6/3/2015,5/26/2015,19:09:22,7,31.9,AH0,227,35.3347947,Day,F,L,A,MYSE
151.909,8443,6/3/2015,5/25/2015,19:09:26,7,31.4,AH0,255,34.6618152,Day,F,L,A,MYSE
151.909,8443,6/3/2015,5/30/2015,19:09:26,7,34.4,AH0,255,37.8852672,Day,F,L,A,MYSE
151.909,8443,6/3/2015,5/29/2015,19:09:27,7,33.3,AH0,249,36.9206321,Day,F,L,A,MYSE
151.909,8443,6/3/2015,5/30/2015,19:09:27,7,34.4,AH0,254,37.8852672,Day,F,L,A,MYSE
151.909,8443,6/3/2015,5/25/2015,19:09:28,7,31.4,AH0,255,34.6618152,Day,F,L,A,MYSE
151.909,8443,6/3/2015,5/29/2015,19:09:29,7,33.3,AH0,249,36.9206321,Day,F,L,A,MYSE
151.909,8443,6/3/2015,5/30/2015,19:09:29,7,34.4,AH0,255,37.8852672,Day,F,L,A,MYSE
151.909,8443,6/3/2015,5/25/2015,19:09:30,7,31.4,AH0,255,34.6618152,Day,F,L,A,MYSE
151.909,8443,6/3/2015,5/29/2015,19:09:30,7,33.3,AH0,248,36.9206321,Day,F,L,A,MYSE
151.909,8443,6/3/2015,5/24/2015,19:09:31,7,30.8,AH0,255,33.7747296,Day,F,L,A,MYSE
151.909,8443,6/3/2015,5/30/2015,19:09:31,7,34.4,AH0,253,37.8852672,Day,F,L,A,MYSE
151.909,8443,6/3/2015,5/25/2015,19:09:32,7,31.4,AH0,255,34.6618152,Day,F,L,A,MYSE
151.909,8443,6/3/2015,5/29/2015,19:09:32,7,33.3,AH0,249,36.9206321,Day,F,L,A,MYSE
151.909,8443,6/3/2015,5/24/2015,19:09:33,7,30.8,AH0,255,33.7747296,Day,F,L,A,MYSE
151.909,8443,6/3/2015,5/30/2015,19:09:33,7,34.4,AH0,254,37.8852672,Day,F,L,A,MYSE
151.909,8443,6/3/2015,5/24/2015,19:09:35,7,30.8,AH0,255,33.7747296,Day,F,L,A,MYSE
151.909,8443,6/3/2015,5/24/2015,19:09:37,7,30.8,AH0,255,33.7747296,Day,F,L,A,MYSE
151.909,8443,6/3/2015,5/26/2015,19:09:37,7,31.8,AH0,228,35.2048856,Day,F,L,A,MYSE
151.909,8443,6/3/2015,5/26/2015,19:09:39,7,31.9,AH0,229,35.3347947,Day,F,L,A,MYSE
151.909,8443,6/3/2015,5/26/2015,19:09:41,7,31.8,AH0,226,35.2048856,Day,F,L,A,MYSE
151.909,8443,6/3/2015,5/26/2015,19:09:43,7,31.9,AH0,229,35.3347947,Day,F,L,A,MYSE
151.909,8443,6/3/2015,5/25/2015,19:09:45,7,31.3,AH0,255,34.5200901,Day,F,L,A,MYSE
151.909,8443,6/3/2015,5/25/2015,19:09:47,7,31.4,AH0,255,34.6618152,Day,F,L,A,MYSE
151.909,8443,6/3/2015,5/29/2015,19:09:47,7,33.3,AH0,252,36.9206321,Day,F,L,A,MYSE
151.909,8443,6/3/2015,5/30/2015,19:09:47,7,34.5,AH0,254,37.9617125,Day,F,L,A,MYSE
151.909,8443,6/3/2015,5/29/2015,19:09:48,7,33.3,AH0,248,36.9206321,Day,F,L,A,MYSE
151.909,8443,6/3/2015,5/30/2015,19:09:48,7,34.5,AH0,254,37.9617125,Day,F,L,A,MYSE
151.909,8443,6/3/2015,5/25/2015,19:09:49,7,31.3,AH0,255,34.5200901,Day,F,L,A,MYSE
151.909,8443,6/3/2015,5/29/2015,19:09:50,7,33.3,AH0,250,36.9206321,Day,F,L,A,MYSE
151.909,8443,6/3/2015,5/30/2015,19:09:50,7,34.5,AH0,253,37.9617125,Day,F,L,A,MYSE
151.909,8443,6/3/2015,5/25/2015,19:09:51,7,31.3,AH0,255,34.5200901,Day,F,L,A,MYSE
151.909,8443,6/3/2015,5/24/2015,19:09:52,7,30.8,AH0,255,33.7747296,Day,F,L,A,MYSE
151.909,8443,6/3/2015,5/29/2015,19:09:52,7,33.3,AH0,251,36.9206321,Day,F,L,A,MYSE
151.909,8443,6/3/2015,5/30/2015,19:09:52,7,34.5,AH0,254,37.9617125,Day,F,L,A,MYSE
151.909,8443,6/3/2015,5/24/2015,19:09:54,7,30.9,AH0,255,33.9287657,Day,F,L,A,MYSE
151.909,8443,6/3/2015,5/29/2015,19:09:54,7,33.3,AH0,250,36.9206321,Day,F,L,A,MYSE
151.909,8443,6/3/2015,5/24/2015,19:09:56,7,30.9,AH0,255,33.9287657,Day,F,L,A,MYSE
151.909,8443,6/3/2015,5/26/2015,19:09:56,7,31.9,AH0,223,35.3347947,Day,F,L,A,MYSE
151.909,8443,6/3/2015,5/24/2015,19:09:58,7,30.9,AH0,255,33.9287657,Day,F,L,A,MYSE
151.909,8443,6/3/2015,5/26/2015,19:09:58,7,31.8,AH0,224,35.2048856,Day,F,L,A,MYSE
151.909,8443,6/3/2015,5/26/2015,19:10:00,7,31.8,AH0,227,35.2048856,Day,F,L,A,MYSE
151.909,8443,6/3/2015,5/26/2015,19:10:02,7,31.9,AH0,232,35.3347947,Day,F,L,A,MYSE
151.909,8443,6/3/2015,5/26/2015,19:10:04,7,31.9,AH0,228,35.3347947,Day,F,L,A,MYSE
151.909,8443,6/3/2015,5/25/2015,19:10:06,7,31.4,AH0,255,34.6618152,Day,F,L,A,MYSE
151.909,8443,6/3/2015,5/29/2015,19:10:07,7,33.3,AH0,249,36.9206321,Day,F,L,A,MYSE
151.909,8443,6/3/2015,5/30/2015,19:10:07,7,34.5,AH0,255,37.9617125,Day,F,L,A,MYSE
151.909,8443,6/3/2015,5/25/2015,19:10:08,7,31.4,AH0,255,34.6618152,Day,F,L,A,MYSE
151.909,8443,6/3/2015,5/29/2015,19:10:08,7,33.3,AH0,248,36.9206321,Day,F,L,A,MYSE
151.909,8443,6/3/2015,5/30/2015,19:10:08,7,34.4,AH0,253,37.8852672,Day,F,L,A,MYSE
151.909,8443,6/3/2015,5/25/2015,19:10:10,7,31.4,AH0,255,34.6618152,Day,F,L,A,MYSE
151.909,8443,6/3/2015,5/29/2015,19:10:10,7,33.3,AH0,249,36.9206321,Day,F,L,A,MYSE
151.909,8443,6/3/2015,5/30/2015,19:10:10,7,34.4,AH0,254,37.8852672,Day,F,L,A,MYSE
151.909,8443,6/3/2015,5/24/2015,19:10:12,7,30.9,AH0,255,33.9287657,Day,F,L,A,MYSE
151.909,8443,6/3/2015,5/25/2015,19:10:12,7,31.3,AH0,255,34.5200901,Day,F,L,A,MYSE
151.909,8443,6/3/2015,5/29/2015,19:10:12,7,33.3,AH0,248,36.9206321,Day,F,L,A,MYSE
151.909,8443,6/3/2015,5/30/2015,19:10:12,7,34.5,AH0,252,37.9617125,Day,F,L,A,MYSE
151.909,8443,6/3/2015,5/24/2015,19:10:14,7,30.9,AH0,255,33.9287657,Day,F,L,A,MYSE
151.909,8443,6/3/2015,5/29/2015,19:10:14,7,33.3,AH0,250,36.9206321,Day,F,L,A,MYSE
151.909,8443,6/3/2015,5/30/2015,19:10:14,7,34.5,AH0,254,37.9617125,Day,F,L,A,MYSE
151.909,8443,6/3/2015,5/24/2015,19:10:16,7,30.9,AH0,255,33.9287657,Day,F,L,A,MYSE
151.909,8443,6/3/2015,5/26/2015,19:10:17,7,31.8,AH0,228,35.2048856,Day,F,L,A,MYSE
151.909,8443,6/3/2015,5/24/2015,19:10:18,7,30.9,AH0,255,33.9287657,Day,F,L,A,MYSE
151.909,8443,6/3/2015,5/26/2015,19:10:19,7,31.8,AH0,224,35.2048856,Day,F,L,A,MYSE
151.909,8443,6/3/2015,5/26/2015,19:10:21,7,31.8,AH0,225,35.2048856,Day,F,L,A,MYSE
151.909,8443,6/3/2015,5/26/2015,19:10:23,7,31.8,AH0,225,35.2048856,Day,F,L,A,MYSE
151.909,8443,6/3/2015,5/25/2015,19:10:26,7,31.4,AH0,255,34.6618152,Day,F,L,A,MYSE
151.909,8443,6/3/2015,5/29/2015,19:10:26,7,33.3,AH0,247,36.9206321,Day,F,L,A,MYSE
151.909,8443,6/3/2015,5/25/2015,19:10:28,7,31.4,AH0,255,34.6618152,Day,F,L,A,MYSE
151.909,8443,6/3/2015,5/29/2015,19:10:28,7,33.3,AH0,247,36.9206321,Day,F,L,A,MYSE
151.909,8443,6/3/2015,5/30/2015,19:10:28,7,34.5,AH0,255,37.9617125,Day,F,L,A,MYSE
151.909,8443,6/3/2015,5/25/2015,19:10:29,7,31.4,AH0,255,34.6618152,Day,F,L,A,MYSE
151.909,8443,6/3/2015,5/30/2015,19:10:29,7,34.5,AH0,253,37.9617125,Day,F,L,A,MYSE
151.909,8443,6/3/2015,5/29/2015,19:10:30,7,33.3,AH0,249,36.9206321,Day,F,L,A,MYSE
151.909,8443,6/3/2015,5/24/2015,19:10:31,7,31,AH0,255,34.0803,Day,F,L,A,MYSE
151.909,8443,6/3/2015,5/25/2015,19:10:31,7,31.4,AH0,255,34.6618152,Day,F,L,A,MYSE
151.909,8443,6/3/2015,5/30/2015,19:10:31,7,34.5,AH0,254,37.9617125,Day,F,L,A,MYSE
151.909,8443,6/3/2015,5/29/2015,19:10:32,7,33.3,AH0,249,36.9206321,Day,F,L,A,MYSE
151.909,8443,6/3/2015,5/24/2015,19:10:33,7,31,AH0,255,34.0803,Day,F,L,A,MYSE
151.909,8443,6/3/2015,5/30/2015,19:10:33,7,34.5,AH0,254,37.9617125,Day,F,L,A,MYSE
151.909,8443,6/3/2015,5/29/2015,19:10:34,7,33.3,AH0,246,36.9206321,Day,F,L,A,MYSE
151.909,8443,6/3/2015,5/24/2015,19:10:35,7,31,AH0,255,34.0803,Day,F,L,A,MYSE
151.909,8443,6/3/2015,5/26/2015,19:10:36,7,31.8,AH0,218,35.2048856,Day,F,L,A,MYSE
151.909,8443,6/3/2015,5/24/2015,19:10:37,7,31,AH0,255,34.0803,Day,F,L,A,MYSE
151.909,8443,6/3/2015,5/26/2015,19:10:38,7,31.8,AH0,210,35.2048856,Day,F,L,A,MYSE
151.909,8443,6/3/2015,5/26/2015,19:10:40,7,31.8,AH0,213,35.2048856,Day,F,L,A,MYSE
151.909,8443,6/3/2015,5/26/2015,19:10:41,7,31.8,AH0,212,35.2048856,Day,F,L,A,MYSE
151.909,8443,6/3/2015,5/26/2015,19:10:43,7,31.7,AH0,212,35.0726529,Day,F,L,A,MYSE
151.909,8443,6/3/2015,5/25/2015,19:10:45,7,31.4,AH0,255,34.6618152,Day,F,L,A,MYSE
151.909,8443,6/3/2015,5/29/2015,19:10:46,7,33.3,AH0,247,36.9206321,Day,F,L,A,MYSE
151.909,8443,6/3/2015,5/25/2015,19:10:47,7,31.4,AH0,255,34.6618152,Day,F,L,A,MYSE
151.909,8443,6/3/2015,5/30/2015,19:10:47,7,34.5,AH0,254,37.9617125,Day,F,L,A,MYSE
151.909,8443,6/3/2015,5/29/2015,19:10:48,7,33.3,AH0,248,36.9206321,Day,F,L,A,MYSE
151.909,8443,6/3/2015,5/30/2015,19:10:48,7,34.5,AH0,253,37.9617125,Day,F,L,A,MYSE
151.909,8443,6/3/2015,5/25/2015,19:10:49,7,31.4,AH0,255,34.6618152,Day,F,L,A,MYSE
151.909,8443,6/3/2015,5/25/2015,19:10:50,7,31.4,AH0,255,34.6618152,Day,F,L,A,MYSE
151.909,8443,6/3/2015,5/29/2015,19:10:50,7,33.3,AH0,247,36.9206321,Day,F,L,A,MYSE
151.909,8443,6/3/2015,5/30/2015,19:10:50,7,34.6,AH0,254,38.0363688,Day,F,L,A,MYSE
151.909,8443,6/3/2015,5/25/2015,19:10:52,7,31.4,AH0,255,34.6618152,Day,F,L,A,MYSE
151.909,8443,6/3/2015,5/29/2015,19:10:52,7,33.3,AH0,248,36.9206321,Day,F,L,A,MYSE
151.909,8443,6/3/2015,5/30/2015,19:10:52,7,34.5,AH0,254,37.9617125,Day,F,L,A,MYSE
151.909,8443,6/3/2015,5/24/2015,19:10:53,7,31,AH0,255,34.0803,Day,F,L,A,MYSE
151.909,8443,6/3/2015,5/29/2015,19:10:53,7,33.3,AH0,247,36.9206321,Day,F,L,A,MYSE
151.909,8443,6/3/2015,5/24/2015,19:10:54,7,31,AH0,255,34.0803,Day,F,L,A,MYSE
151.909,8443,6/3/2015,5/30/2015,19:10:54,7,34.6,AH0,255,38.0363688,Day,F,L,A,MYSE
151.909,8443,6/3/2015,5/24/2015,19:10:56,7,31,AH0,255,34.0803,Day,F,L,A,MYSE
151.909,8443,6/3/2015,5/26/2015,19:10:57,7,31.7,AH0,209,35.0726529,Day,F,L,A,MYSE
151.909,8443,6/3/2015,5/24/2015,19:10:58,7,31,AH0,255,34.0803,Day,F,L,A,MYSE
151.909,8443,6/3/2015,5/26/2015,19:10:58,7,31.7,AH0,210,35.0726529,Day,F,L,A,MYSE
151.909,8443,6/3/2015,5/26/2015,19:11:00,7,31.7,AH0,211,35.0726529,Day,F,L,A,MYSE
151.909,8443,6/3/2015,5/26/2015,19:11:02,7,31.7,AH0,211,35.0726529,Day,F,L,A,MYSE
151.909,8443,6/3/2015,5/25/2015,19:11:06,7,31.4,AH0,255,34.6618152,Day,F,L,A,MYSE
151.909,8443,6/3/2015,5/29/2015,19:11:06,7,33.3,AH0,248,36.9206321,Day,F,L,A,MYSE
151.909,8443,6/3/2015,5/25/2015,19:11:08,7,31.4,AH0,255,34.6618152,Day,F,L,A,MYSE
151.909,8443,6/3/2015,5/29/2015,19:11:08,7,33.3,AH0,247,36.9206321,Day,F,L,A,MYSE
151.909,8443,6/3/2015,5/30/2015,19:11:08,7,34.5,AH0,254,37.9617125,Day,F,L,A,MYSE
151.909,8443,6/3/2015,5/30/2015,19:11:09,7,34.6,AH0,254,38.0363688,Day,F,L,A,MYSE
151.909,8443,6/3/2015,5/25/2015,19:11:10,7,31.4,AH0,255,34.6618152,Day,F,L,A,MYSE
151.909,8443,6/3/2015,5/29/2015,19:11:10,7,33.3,AH0,245,36.9206321,Day,F,L,A,MYSE
151.909,8443,6/3/2015,5/29/2015,19:11:11,7,33.3,AH0,249,36.9206321,Day,F,L,A,MYSE
151.909,8443,6/3/2015,5/30/2015,19:11:11,7,34.6,AH0,254,38.0363688,Day,F,L,A,MYSE
151.909,8443,6/3/2015,5/24/2015,19:11:12,7,31,AH0,255,34.0803,Day,F,L,A,MYSE
151.909,8443,6/3/2015,5/25/2015,19:11:12,7,31.4,AH0,255,34.6618152,Day,F,L,A,MYSE
151.909,8443,6/3/2015,5/29/2015,19:11:13,7,33.3,AH0,248,36.9206321,Day,F,L,A,MYSE
151.909,8443,6/3/2015,5/30/2015,19:11:13,7,34.6,AH0,254,38.0363688,Day,F,L,A,MYSE
151.909,8443,6/3/2015,5/24/2015,19:11:14,7,31,AH0,255,34.0803,Day,F,L,A,MYSE
151.909,8443,6/3/2015,5/24/2015,19:11:16,7,31.1,AH0,255,34.2293523,Day,F,L,A,MYSE
151.909,8443,6/3/2015,5/26/2015,19:11:17,7,31.6,AH0,210,34.9380768,Day,F,L,A,MYSE
151.909,8443,6/3/2015,5/24/2015,19:11:18,7,31,AH0,255,34.0803,Day,F,L,A,MYSE
151.909,8443,6/3/2015,5/26/2015,19:11:19,7,31.6,AH0,210,34.9380768,Day,F,L,A,MYSE
151.909,8443,6/3/2015,5/26/2015,19:11:21,7,31.6,AH0,211,34.9380768,Day,F,L,A,MYSE
151.909,8443,6/3/2015,5/26/2015,19:11:23,7,31.6,AH0,209,34.9380768,Day,F,L,A,MYSE
151.909,8443,6/3/2015,5/25/2015,19:11:25,7,31.3,AH0,255,34.5200901,Day,F,L,A,MYSE
151.909,8443,6/3/2015,5/25/2015,19:11:27,7,31.3,AH0,255,34.5200901,Day,F,L,A,MYSE
151.909,8443,6/3/2015,5/30/2015,19:11:27,7,34.6,AH0,252,38.0363688,Day,F,L,A,MYSE
151.909,8443,6/3/2015,5/29/2015,19:11:28,7,33.3,AH0,248,36.9206321,Day,F,L,A,MYSE
151.909,8443,6/3/2015,5/30/2015,19:11:28,7,34.6,AH0,254,38.0363688,Day,F,L,A,MYSE
151.909,8443,6/3/2015,5/25/2015,19:11:29,7,31.4,AH0,255,34.6618152,Day,F,L,A,MYSE
151.909,8443,6/3/2015,5/29/2015,19:11:29,7,33.3,AH0,246,36.9206321,Day,F,L,A,MYSE
151.909,8443,6/3/2015,5/30/2015,19:11:30,7,34.6,AH0,254,38.0363688,Day,F,L,A,MYSE
151.909,8443,6/3/2015,5/24/2015,19:11:31,7,31,AH0,255,34.0803,Day,F,L,A,MYSE
151.909,8443,6/3/2015,5/25/2015,19:11:31,7,31.4,AH0,255,34.6618152,Day,F,L,A,MYSE
151.909,8443,6/3/2015,5/29/2015,19:11:31,7,33.3,AH0,245,36.9206321,Day,F,L,A,MYSE
151.909,8443,6/3/2015,5/30/2015,19:11:32,7,34.6,AH0,253,38.0363688,Day,F,L,A,MYSE
151.909,8443,6/3/2015,5/24/2015,19:11:33,7,31,AH0,255,34.0803,Day,F,L,A,MYSE
151.909,8443,6/3/2015,5/25/2015,19:11:33,7,31.3,AH0,255,34.5200901,Day,F,L,A,MYSE
151.909,8443,6/3/2015,5/29/2015,19:11:33,7,33.3,AH0,247,36.9206321,Day,F,L,A,MYSE
151.909,8443,6/3/2015,5/30/2015,19:11:34,7,34.6,AH0,254,38.0363688,Day,F,L,A,MYSE
151.909,8443,6/3/2015,5/24/2015,19:11:35,7,31,AH0,255,34.0803,Day,F,L,A,MYSE
151.909,8443,6/3/2015,5/26/2015,19:11:36,7,31.6,AH0,209,34.9380768,Day,F,L,A,MYSE
151.909,8443,6/3/2015,5/24/2015,19:11:37,7,31.1,AH0,255,34.2293523,Day,F,L,A,MYSE
151.909,8443,6/3/2015,5/26/2015,19:11:38,7,31.6,AH0,209,34.9380768,Day,F,L,A,MYSE
151.909,8443,6/3/2015,5/26/2015,19:11:40,7,31.6,AH0,209,34.9380768,Day,F,L,A,MYSE
151.909,8443,6/3/2015,5/26/2015,19:11:42,7,31.6,AH0,209,34.9380768,Day,F,L,A,MYSE
151.909,8443,6/3/2015,5/25/2015,19:11:46,7,31.3,AH0,255,34.5200901,Day,F,L,A,MYSE
151.909,8443,6/3/2015,5/29/2015,19:11:47,7,33.3,AH0,246,36.9206321,Day,F,L,A,MYSE
151.909,8443,6/3/2015,5/30/2015,19:11:47,7,34.6,AH0,254,38.0363688,Day,F,L,A,MYSE
151.909,8443,6/3/2015,5/25/2015,19:11:48,7,31.3,AH0,255,34.5200901,Day,F,L,A,MYSE
151.909,8443,6/3/2015,5/29/2015,19:11:49,7,33.3,AH0,249,36.9206321,Day,F,L,A,MYSE
151.909,8443,6/3/2015,5/30/2015,19:11:49,7,34.6,AH0,254,38.0363688,Day,F,L,A,MYSE
151.909,8443,6/3/2015,5/25/2015,19:11:50,7,31.3,AH0,255,34.5200901,Day,F,L,A,MYSE
151.909,8443,6/3/2015,5/29/2015,19:11:51,7,33.3,AH0,248,36.9206321,Day,F,L,A,MYSE
151.909,8443,6/3/2015,5/30/2015,19:11:51,7,34.5,AH0,255,37.9617125,Day,F,L,A,MYSE
151.909,8443,6/3/2015,5/24/2015,19:11:52,7,31.1,AH0,255,34.2293523,Day,F,L,A,MYSE
151.909,8443,6/3/2015,5/25/2015,19:11:52,7,31.3,AH0,255,34.5200901,Day,F,L,A,MYSE
151.909,8443,6/3/2015,5/29/2015,19:11:53,7,33.3,AH0,247,36.9206321,Day,F,L,A,MYSE
151.909,8443,6/3/2015,5/30/2015,19:11:53,7,34.5,AH0,254,37.9617125,Day,F,L,A,MYSE
151.909,8443,6/3/2015,5/24/2015,19:11:54,7,31.1,AH0,255,34.2293523,Day,F,L,A,MYSE
151.909,8443,6/3/2015,5/30/2015,19:11:54,7,34.5,AH0,255,37.9617125,Day,F,L,A,MYSE
151.909,8443,6/3/2015,5/24/2015,19:11:56,7,31.1,AH0,255,34.2293523,Day,F,L,A,MYSE
151.909,8443,6/3/2015,5/26/2015,19:11:57,7,31.6,AH0,210,34.9380768,Day,F,L,A,MYSE
151.909,8443,6/3/2015,5/24/2015,19:11:58,7,31,AH0,255,34.0803,Day,F,L,A,MYSE
151.909,8443,6/3/2015,5/26/2015,19:11:59,7,31.6,AH0,209,34.9380768,Day,F,L,A,MYSE
151.909,8443,6/3/2015,5/26/2015,19:12:01,7,31.6,AH0,207,34.9380768,Day,F,L,A,MYSE
151.909,8443,6/3/2015,5/26/2015,19:12:03,7,31.6,AH0,208,34.9380768,Day,F,L,A,MYSE
151.909,8443,6/3/2015,5/25/2015,19:12:05,7,31.3,AH0,255,34.5200901,Day,F,L,A,MYSE
151.909,8443,6/3/2015,5/25/2015,19:12:07,7,31.3,AH0,255,34.5200901,Day,F,L,A,MYSE
151.909,8443,6/3/2015,5/29/2015,19:12:07,7,33.4,AH0,249,37.0180632,Day,F,L,A,MYSE
151.909,8443,6/3/2015,5/30/2015,19:12:07,7,34.6,AH0,255,38.0363688,Day,F,L,A,MYSE
151.909,8443,6/3/2015,5/30/2015,19:12:08,7,34.6,AH0,254,38.0363688,Day,F,L,A,MYSE
151.909,8443,6/3/2015,5/25/2015,19:12:09,7,31.3,AH0,255,34.5200901,Day,F,L,A,MYSE
151.909,8443,6/3/2015,5/29/2015,19:12:09,7,33.4,AH0,248,37.0180632,Day,F,L,A,MYSE
151.909,8443,6/3/2015,5/30/2015,19:12:10,7,34.6,AH0,254,38.0363688,Day,F,L,A,MYSE
151.909,8443,6/3/2015,5/25/2015,19:12:11,7,31.3,AH0,255,34.5200901,Day,F,L,A,MYSE
151.909,8443,6/3/2015,5/29/2015,19:12:11,7,33.4,AH0,249,37.0180632,Day,F,L,A,MYSE
151.909,8443,6/3/2015,5/24/2015,19:12:12,7,31,AH0,255,34.0803,Day,F,L,A,MYSE
151.909,8443,6/3/2015,5/30/2015,19:12:12,7,34.6,AH0,253,38.0363688,Day,F,L,A,MYSE
151.909,8443,6/3/2015,5/29/2015,19:12:13,7,33.4,AH0,247,37.0180632,Day,F,L,A,MYSE
151.909,8443,6/3/2015,5/24/2015,19:12:14,7,31,AH0,255,34.0803,Day,F,L,A,MYSE
151.909,8443,6/3/2015,5/30/2015,19:12:14,7,34.6,AH0,255,38.0363688,Day,F,L,A,MYSE
151.909,8443,6/3/2015,5/24/2015,19:12:16,7,31,AH0,255,34.0803,Day,F,L,A,MYSE
151.909,8443,6/3/2015,5/26/2015,19:12:16,7,31.6,AH0,208,34.9380768,Day,F,L,A,MYSE
151.909,8443,6/3/2015,5/24/2015,19:12:18,7,31,AH0,255,34.0803,Day,F,L,A,MYSE
151.909,8443,6/3/2015,5/26/2015,19:12:18,7,31.6,AH0,206,34.9380768,Day,F,L,A,MYSE
151.909,8443,6/3/2015,5/26/2015,19:12:20,7,31.6,AH0,209,34.9380768,Day,F,L,A,MYSE
151.909,8443,6/3/2015,5/26/2015,19:12:22,7,31.6,AH0,208,34.9380768,Day,F,L,A,MYSE
151.909,8443,6/3/2015,5/25/2015,19:12:26,7,31.2,AH0,255,34.3759424,Day,F,L,A,MYSE
151.909,8443,6/3/2015,5/29/2015,19:12:27,7,33.4,AH0,248,37.0180632,Day,F,L,A,MYSE
151.909,8443,6/3/2015,5/30/2015,19:12:27,7,34.6,AH0,254,38.0363688,Day,F,L,A,MYSE
151.909,8443,6/3/2015,5/25/2015,19:12:28,7,31.2,AH0,255,34.3759424,Day,F,L,A,MYSE
151.909,8443,6/3/2015,5/29/2015,19:12:29,7,33.4,AH0,250,37.0180632,Day,F,L,A,MYSE
151.909,8443,6/3/2015,5/30/2015,19:12:29,7,34.6,AH0,254,38.0363688,Day,F,L,A,MYSE
151.909,8443,6/3/2015,5/25/2015,19:12:30,7,31.2,AH0,255,34.3759424,Day,F,L,A,MYSE
151.909,8443,6/3/2015,5/24/2015,19:12:31,7,31.1,AH0,255,34.2293523,Day,F,L,A,MYSE
151.909,8443,6/3/2015,5/29/2015,19:12:31,7,33.4,AH0,248,37.0180632,Day,F,L,A,MYSE
151.909,8443,6/3/2015,5/30/2015,19:12:31,7,34.6,AH0,254,38.0363688,Day,F,L,A,MYSE
151.909,8443,6/3/2015,5/25/2015,19:12:32,7,31.2,AH0,255,34.3759424,Day,F,L,A,MYSE
151.909,8443,6/3/2015,5/29/2015,19:12:32,7,33.4,AH0,248,37.0180632,Day,F,L,A,MYSE
151.909,8443,6/3/2015,5/24/2015,19:12:33,7,31.1,AH0,255,34.2293523,Day,F,L,A,MYSE
151.909,8443,6/3/2015,5/30/2015,19:12:33,7,34.6,AH0,254,38.0363688,Day,F,L,A,MYSE
151.909,8443,6/3/2015,5/30/2015,19:12:34,7,34.6,AH0,255,38.0363688,Day,F,L,A,MYSE
151.909,8443,6/3/2015,5/24/2015,19:12:35,7,31.1,AH0,255,34.2293523,Day,F,L,A,MYSE
151.909,8443,6/3/2015,5/24/2015,19:12:37,7,31.1,AH0,255,34.2293523,Day,F,L,A,MYSE
151.909,8443,6/3/2015,5/26/2015,19:12:37,7,31.5,AH0,213,34.8011375,Day,F,L,A,MYSE
151.909,8443,6/3/2015,5/26/2015,19:12:39,7,31.4,AH0,213,34.6618152,Day,F,L,A,MYSE
151.909,8443,6/3/2015,5/26/2015,19:12:41,7,31.4,AH0,214,34.6618152,Day,F,L,A,MYSE
151.909,8443,6/3/2015,5/26/2015,19:12:43,7,31.3,AH0,213,34.5200901,Day,F,L,A,MYSE
151.909,8443,6/3/2015,5/25/2015,19:12:46,7,31.2,AH0,255,34.3759424,Day,F,L,A,MYSE
151.909,8443,6/3/2015,5/30/2015,19:12:46,7,34.6,AH0,254,38.0363688,Day,F,L,A,MYSE
151.909,8443,6/3/2015,5/25/2015,19:12:47,7,31.2,AH0,255,34.3759424,Day,F,L,A,MYSE
151.909,8443,6/3/2015,5/29/2015,19:12:47,7,33.4,AH0,248,37.0180632,Day,F,L,A,MYSE
151.909,8443,6/3/2015,5/30/2015,19:12:48,7,34.6,AH0,254,38.0363688,Day,F,L,A,MYSE
151.909,8443,6/3/2015,5/25/2015,19:12:49,7,31.2,AH0,255,34.3759424,Day,F,L,A,MYSE
151.909,8443,6/3/2015,5/29/2015,19:12:49,7,33.3,AH0,247,36.9206321,Day,F,L,A,MYSE
151.909,8443,6/3/2015,5/29/2015,19:12:50,7,33.3,AH0,248,36.9206321,Day,F,L,A,MYSE
151.909,8443,6/3/2015,5/30/2015,19:12:50,7,34.6,AH0,254,38.0363688,Day,F,L,A,MYSE
151.909,8443,6/3/2015,5/25/2015,19:12:51,7,31.2,AH0,255,34.3759424,Day,F,L,A,MYSE
151.909,8443,6/3/2015,5/24/2015,19:12:52,7,31,AH0,255,34.0803,Day,F,L,A,MYSE
151.909,8443,6/3/2015,5/29/2015,19:12:52,7,33.4,AH0,249,37.0180632,Day,F,L,A,MYSE
151.909,8443,6/3/2015,5/30/2015,19:12:52,7,34.6,AH0,254,38.0363688,Day,F,L,A,MYSE
151.909,8443,6/3/2015,5/30/2015,19:12:53,7,34.6,AH0,254,38.0363688,Day,F,L,A,MYSE
151.909,8443,6/3/2015,5/24/2015,19:12:54,7,31,AH0,255,34.0803,Day,F,L,A,MYSE
151.909,8443,6/3/2015,5/24/2015,19:12:56,7,31,AH0,255,34.0803,Day,F,L,A,MYSE
151.909,8443,6/3/2015,5/26/2015,19:12:56,7,31.2,AH0,215,34.3759424,Day,F,L,A,MYSE
151.909,8443,6/3/2015,5/24/2015,19:12:58,7,31,AH0,255,34.0803,Day,F,L,A,MYSE
151.909,8443,6/3/2015,5/26/2015,19:12:58,7,31.2,AH0,215,34.3759424,Day,F,L,A,MYSE
151.909,8443,6/3/2015,5/26/2015,19:13:00,7,31.1,AH0,216,34.2293523,Day,F,L,A,MYSE
151.909,8443,6/3/2015,5/26/2015,19:13:02,7,31.1,AH0,215,34.2293523,Day,F,L,A,MYSE
151.909,8443,6/3/2015,5/25/2015,19:13:05,7,31.1,AH0,255,34.2293523,Day,F,L,A,MYSE
151.909,8443,6/3/2015,5/25/2015,19:13:07,7,31.1,AH0,255,34.2293523,Day,F,L,A,MYSE
151.909,8443,6/3/2015,5/29/2015,19:13:07,7,33.3,AH0,244,36.9206321,Day,F,L,A,MYSE
151.909,8443,6/3/2015,5/30/2015,19:13:07,7,34.7,AH0,253,38.1092559,Day,F,L,A,MYSE
151.909,8443,6/3/2015,5/29/2015,19:13:08,7,33.3,AH0,246,36.9206321,Day,F,L,A,MYSE
151.909,8443,6/3/2015,5/25/2015,19:13:09,7,31.1,AH0,255,34.2293523,Day,F,L,A,MYSE
151.909,8443,6/3/2015,5/30/2015,19:13:09,7,34.7,AH0,253,38.1092559,Day,F,L,A,MYSE
151.909,8443,6/3/2015,5/29/2015,19:13:10,7,33.3,AH0,247,36.9206321,Day,F,L,A,MYSE
151.909,8443,6/3/2015,5/25/2015,19:13:11,7,31.1,AH0,255,34.2293523,Day,F,L,A,MYSE
151.909,8443,6/3/2015,5/30/2015,19:13:11,7,34.7,AH0,254,38.1092559,Day,F,L,A,MYSE
151.909,8443,6/3/2015,5/24/2015,19:13:12,7,31,AH0,255,34.0803,Day,F,L,A,MYSE
151.909,8443,6/3/2015,5/25/2015,19:13:12,7,31.1,AH0,255,34.2293523,Day,F,L,A,MYSE
151.909,8443,6/3/2015,5/29/2015,19:13:12,7,33.3,AH0,244,36.9206321,Day,F,L,A,MYSE
151.909,8443,6/3/2015,5/30/2015,19:13:12,7,34.7,AH0,254,38.1092559,Day,F,L,A,MYSE
151.909,8443,6/3/2015,5/24/2015,19:13:14,7,31,AH0,255,34.0803,Day,F,L,A,MYSE
151.909,8443,6/3/2015,5/29/2015,19:13:14,7,33.3,AH0,248,36.9206321,Day,F,L,A,MYSE
151.909,8443,6/3/2015,5/30/2015,19:13:14,7,34.7,AH0,254,38.1092559,Day,F,L,A,MYSE
151.909,8443,6/3/2015,5/24/2015,19:13:16,7,31,AH0,255,34.0803,Day,F,L,A,MYSE
151.909,8443,6/3/2015,5/26/2015,19:13:16,7,31,AH0,215,34.0803,Day,F,L,A,MYSE
151.909,8443,6/3/2015,5/24/2015,19:13:18,7,31,AH0,255,34.0803,Day,F,L,A,MYSE
151.909,8443,6/3/2015,5/26/2015,19:13:18,7,31,AH0,215,34.0803,Day,F,L,A,MYSE
151.909,8443,6/3/2015,5/26/2015,19:13:20,7,31,AH0,214,34.0803,Day,F,L,A,MYSE
151.909,8443,6/3/2015,5/26/2015,19:13:22,7,31,AH0,214,34.0803,Day,F,L,A,MYSE
151.909,8443,6/3/2015,5/26/2015,19:13:23,7,31,AH0,215,34.0803,Day,F,L,A,MYSE
151.909,8443,6/3/2015,5/25/2015,19:13:26,7,31,AH0,255,34.0803,Day,F,L,A,MYSE
151.909,8443,6/3/2015,5/29/2015,19:13:26,7,33.3,AH0,248,36.9206321,Day,F,L,A,MYSE
151.909,8443,6/3/2015,5/30/2015,19:13:26,7,34.7,AH0,254,38.1092559,Day,F,L,A,MYSE
151.909,8443,6/3/2015,5/25/2015,19:13:28,7,31,AH0,255,34.0803,Day,F,L,A,MYSE
151.909,8443,6/3/2015,5/29/2015,19:13:28,7,33.3,AH0,248,36.9206321,Day,F,L,A,MYSE
151.909,8443,6/3/2015,5/30/2015,19:13:28,7,34.7,AH0,254,38.1092559,Day,F,L,A,MYSE
151.909,8443,6/3/2015,5/25/2015,19:13:30,7,31,AH0,255,34.0803,Day,F,L,A,MYSE
151.909,8443,6/3/2015,5/29/2015,19:13:30,7,33.3,AH0,249,36.9206321,Day,F,L,A,MYSE
151.909,8443,6/3/2015,5/30/2015,19:13:30,7,34.7,AH0,252,38.1092559,Day,F,L,A,MYSE
151.909,8443,6/3/2015,5/24/2015,19:13:31,7,31,AH0,255,34.0803,Day,F,L,A,MYSE
151.909,8443,6/3/2015,5/30/2015,19:13:31,7,34.7,AH0,254,38.1092559,Day,F,L,A,MYSE
151.909,8443,6/3/2015,5/25/2015,19:13:32,7,31,AH0,255,34.0803,Day,F,L,A,MYSE
151.909,8443,6/3/2015,5/29/2015,19:13:32,7,33.3,AH0,248,36.9206321,Day,F,L,A,MYSE
151.909,8443,6/3/2015,5/24/2015,19:13:33,7,31,AH0,255,34.0803,Day,F,L,A,MYSE
151.909,8443,6/3/2015,5/30/2015,19:13:33,7,34.7,AH0,255,38.1092559,Day,F,L,A,MYSE
151.909,8443,6/3/2015,5/29/2015,19:13:34,7,33.3,AH0,246,36.9206321,Day,F,L,A,MYSE
151.909,8443,6/3/2015,5/24/2015,19:13:35,7,31,AH0,255,34.0803,Day,F,L,A,MYSE
151.909,8443,6/3/2015,5/24/2015,19:13:37,7,31,AH0,255,34.0803,Day,F,L,A,MYSE
151.909,8443,6/3/2015,5/26/2015,19:13:37,7,30.9,AH0,213,33.9287657,Day,F,L,A,MYSE
151.909,8443,6/3/2015,5/26/2015,19:13:39,7,30.9,AH0,214,33.9287657,Day,F,L,A,MYSE
151.909,8443,6/3/2015,5/26/2015,19:13:41,7,30.9,AH0,212,33.9287657,Day,F,L,A,MYSE
151.909,8443,6/3/2015,5/26/2015,19:13:43,7,30.9,AH0,213,33.9287657,Day,F,L,A,MYSE
151.909,8443,6/3/2015,5/25/2015,19:13:45,7,31,AH0,255,34.0803,Day,F,L,A,MYSE
151.909,8443,6/3/2015,5/29/2015,19:13:46,7,33.3,AH0,251,36.9206321,Day,F,L,A,MYSE
151.909,8443,6/3/2015,5/25/2015,19:13:47,7,31,AH0,255,34.0803,Day,F,L,A,MYSE
151.909,8443,6/3/2015,5/30/2015,19:13:47,7,34.7,AH0,255,38.1092559,Day,F,L,A,MYSE
151.909,8443,6/3/2015,5/29/2015,19:13:48,7,33.3,AH0,248,36.9206321,Day,F,L,A,MYSE
151.909,8443,6/3/2015,5/25/2015,19:13:49,7,31,AH0,255,34.0803,Day,F,L,A,MYSE
151.909,8443,6/3/2015,5/30/2015,19:13:49,7,34.7,AH0,254,38.1092559,Day,F,L,A,MYSE
151.909,8443,6/3/2015,5/29/2015,19:13:50,7,33.3,AH0,250,36.9206321,Day,F,L,A,MYSE
151.909,8443,6/3/2015,5/25/2015,19:13:51,7,30.9,AH0,255,33.9287657,Day,F,L,A,MYSE
151.909,8443,6/3/2015,5/30/2015,19:13:51,7,34.7,AH0,254,38.1092559,Day,F,L,A,MYSE
151.909,8443,6/3/2015,5/24/2015,19:13:52,7,31,AH0,255,34.0803,Day,F,L,A,MYSE
151.909,8443,6/3/2015,5/29/2015,19:13:52,7,33.3,AH0,250,36.9206321,Day,F,L,A,MYSE
151.909,8443,6/3/2015,5/30/2015,19:13:52,7,34.7,AH0,255,38.1092559,Day,F,L,A,MYSE
151.909,8443,6/3/2015,5/29/2015,19:13:53,7,33.3,AH0,245,36.9206321,Day,F,L,A,MYSE
151.909,8443,6/3/2015,5/24/2015,19:13:54,7,31,AH0,255,34.0803,Day,F,L,A,MYSE
151.909,8443,6/3/2015,5/30/2015,19:13:54,7,34.7,AH0,254,38.1092559,Day,F,L,A,MYSE
151.909,8443,6/3/2015,5/24/2015,19:13:56,7,31,AH0,255,34.0803,Day,F,L,A,MYSE
151.909,8443,6/3/2015,5/26/2015,19:13:56,7,30.8,AH0,213,33.7747296,Day,F,L,A,MYSE
151.909,8443,6/3/2015,5/24/2015,19:13:58,7,30.9,AH0,255,33.9287657,Day,F,L,A,MYSE
151.909,8443,6/3/2015,5/26/2015,19:13:58,7,30.8,AH0,213,33.7747296,Day,F,L,A,MYSE
151.909,8443,6/3/2015,5/26/2015,19:14:00,7,30.8,AH0,211,33.7747296,Day,F,L,A,MYSE
151.909,8443,6/3/2015,5/26/2015,19:14:02,7,30.8,AH0,214,33.7747296,Day,F,L,A,MYSE
151.909,8443,6/3/2015,5/25/2015,19:14:05,7,30.9,AH0,255,33.9287657,Day,F,L,A,MYSE
151.909,8443,6/3/2015,5/29/2015,19:14:06,7,33.3,AH0,247,36.9206321,Day,F,L,A,MYSE
151.909,8443,6/3/2015,5/25/2015,19:14:07,7,30.9,AH0,255,33.9287657,Day,F,L,A,MYSE
151.909,8443,6/3/2015,5/29/2015,19:14:08,7,33.3,AH0,243,36.9206321,Day,F,L,A,MYSE
151.909,8443,6/3/2015,5/30/2015,19:14:08,7,34.7,AH0,254,38.1092559,Day,F,L,A,MYSE
151.909,8443,6/3/2015,5/25/2015,19:14:09,7,30.9,AH0,255,33.9287657,Day,F,L,A,MYSE
151.909,8443,6/3/2015,5/29/2015,19:14:10,7,33.3,AH0,249,36.9206321,Day,F,L,A,MYSE
151.909,8443,6/3/2015,5/30/2015,19:14:10,7,34.7,AH0,254,38.1092559,Day,F,L,A,MYSE
151.909,8443,6/3/2015,5/25/2015,19:14:11,7,30.9,AH0,255,33.9287657,Day,F,L,A,MYSE
151.909,8443,6/3/2015,5/29/2015,19:14:11,7,33.3,AH0,249,36.9206321,Day,F,L,A,MYSE
151.909,8443,6/3/2015,5/30/2015,19:14:11,7,34.7,AH0,254,38.1092559,Day,F,L,A,MYSE
151.909,8443,6/3/2015,5/24/2015,19:14:12,7,30.9,AH0,255,33.9287657,Day,F,L,A,MYSE
151.909,8443,6/3/2015,5/25/2015,19:14:13,7,30.9,AH0,255,33.9287657,Day,F,L,A,MYSE
151.909,8443,6/3/2015,5/29/2015,19:14:13,7,33.3,AH0,248,36.9206321,Day,F,L,A,MYSE
151.909,8443,6/3/2015,5/30/2015,19:14:13,7,34.7,AH0,255,38.1092559,Day,F,L,A,MYSE
151.909,8443,6/3/2015,5/24/2015,19:14:14,7,30.9,AH0,255,33.9287657,Day,F,L,A,MYSE
151.909,8443,6/3/2015,5/24/2015,19:14:16,7,30.9,AH0,255,33.9287657,Day,F,L,A,MYSE
151.909,8443,6/3/2015,5/26/2015,19:14:16,7,30.8,AH0,211,33.7747296,Day,F,L,A,MYSE
151.909,8443,6/3/2015,5/24/2015,19:14:18,7,30.9,AH0,255,33.9287657,Day,F,L,A,MYSE
151.909,8443,6/3/2015,5/26/2015,19:14:18,7,30.8,AH0,211,33.7747296,Day,F,L,A,MYSE
151.909,8443,6/3/2015,5/26/2015,19:14:20,7,30.7,AH0,216,33.6181719,Day,F,L,A,MYSE
151.909,8443,6/3/2015,5/28/2015,19:14:21,7,29.1,AH0,254,30.7541543,Day,F,L,A,MYSE
151.909,8443,6/3/2015,5/26/2015,19:14:22,7,30.7,AH0,212,33.6181719,Day,F,L,A,MYSE
151.909,8443,6/3/2015,5/28/2015,19:14:23,7,29.1,AH0,254,30.7541543,Day,F,L,A,MYSE
151.909,8443,6/3/2015,5/28/2015,19:14:25,7,29.1,AH0,254,30.7541543,Day,F,L,A,MYSE
151.909,8443,6/3/2015,5/25/2015,19:14:26,7,30.8,AH0,255,33.7747296,Day,F,L,A,MYSE
151.909,8443,6/3/2015,5/29/2015,19:14:26,7,33.3,AH0,245,36.9206321,Day,F,L,A,MYSE
151.909,8443,6/3/2015,5/28/2015,19:14:27,7,29,AH0,253,30.5517,Day,F,L,A,MYSE
151.909,8443,6/3/2015,5/30/2015,19:14:27,7,34.8,AH0,253,38.1803936,Day,F,L,A,MYSE
151.909,8443,6/3/2015,5/25/2015,19:14:28,7,30.8,AH0,255,33.7747296,Day,F,L,A,MYSE
151.909,8443,6/3/2015,5/29/2015,19:14:28,7,33.3,AH0,246,36.9206321,Day,F,L,A,MYSE
151.909,8443,6/3/2015,5/29/2015,19:14:29,7,33.3,AH0,248,36.9206321,Day,F,L,A,MYSE
151.909,8443,6/3/2015,5/30/2015,19:14:29,7,34.8,AH0,255,38.1803936,Day,F,L,A,MYSE
151.909,8443,6/3/2015,5/25/2015,19:14:30,7,30.8,AH0,255,33.7747296,Day,F,L,A,MYSE
151.909,8443,6/3/2015,5/30/2015,19:14:30,7,34.8,AH0,253,38.1803936,Day,F,L,A,MYSE
151.909,8443,6/3/2015,5/24/2015,19:14:31,7,30.9,AH0,255,33.9287657,Day,F,L,A,MYSE
151.909,8443,6/3/2015,5/29/2015,19:14:31,7,33.3,AH0,246,36.9206321,Day,F,L,A,MYSE
151.909,8443,6/3/2015,5/25/2015,19:14:32,7,30.8,AH0,255,33.7747296,Day,F,L,A,MYSE
151.909,8443,6/3/2015,5/30/2015,19:14:32,7,34.8,AH0,254,38.1803936,Day,F,L,A,MYSE
151.909,8443,6/3/2015,5/24/2015,19:14:33,7,30.9,AH0,255,33.9287657,Day,F,L,A,MYSE
151.909,8443,6/3/2015,5/29/2015,19:14:33,7,33.3,AH0,248,36.9206321,Day,F,L,A,MYSE
151.909,8443,6/3/2015,5/30/2015,19:14:34,7,34.8,AH0,254,38.1803936,Day,F,L,A,MYSE
151.909,8443,6/3/2015,5/24/2015,19:14:35,7,30.9,AH0,255,33.9287657,Day,F,L,A,MYSE
151.909,8443,6/3/2015,5/24/2015,19:14:37,7,30.9,AH0,255,33.9287657,Day,F,L,A,MYSE
151.909,8443,6/3/2015,5/26/2015,19:14:37,7,30.7,AH0,212,33.6181719,Day,F,L,A,MYSE
151.909,8443,6/3/2015,5/26/2015,19:14:39,7,30.7,AH0,213,33.6181719,Day,F,L,A,MYSE
151.909,8443,6/3/2015,5/26/2015,19:14:41,7,30.7,AH0,211,33.6181719,Day,F,L,A,MYSE
151.909,8443,6/3/2015,5/28/2015,19:14:42,7,28.9,AH0,254,30.3463677,Day,F,L,A,MYSE
151.909,8443,6/3/2015,5/26/2015,19:14:43,7,30.7,AH0,213,33.6181719,Day,F,L,A,MYSE
151.909,8443,6/3/2015,5/28/2015,19:14:44,7,28.9,AH0,254,30.3463677,Day,F,L,A,MYSE
151.909,8443,6/3/2015,5/25/2015,19:14:46,7,30.8,AH0,255,33.7747296,Day,F,L,A,MYSE
151.909,8443,6/3/2015,5/28/2015,19:14:46,7,28.9,AH0,253,30.3463677,Day,F,L,A,MYSE
151.909,8443,6/3/2015,5/29/2015,19:14:46,7,33.3,AH0,249,36.9206321,Day,F,L,A,MYSE
151.909,8443,6/3/2015,5/25/2015,19:14:48,7,30.8,AH0,255,33.7747296,Day,F,L,A,MYSE
151.909,8443,6/3/2015,5/28/2015,19:14:48,7,28.9,AH0,254,30.3463677,Day,F,L,A,MYSE
151.909,8443,6/3/2015,5/29/2015,19:14:48,7,33.3,AH0,248,36.9206321,Day,F,L,A,MYSE
151.909,8443,6/3/2015,5/30/2015,19:14:48,7,34.8,AH0,254,38.1803936,Day,F,L,A,MYSE
151.909,8443,6/3/2015,5/30/2015,19:14:49,7,34.8,AH0,254,38.1803936,Day,F,L,A,MYSE
151.909,8443,6/3/2015,5/25/2015,19:14:50,7,30.8,AH0,255,33.7747296,Day,F,L,A,MYSE
151.909,8443,6/3/2015,5/29/2015,19:14:50,7,33.3,AH0,247,36.9206321,Day,F,L,A,MYSE
151.909,8443,6/3/2015,5/24/2015,19:14:51,7,30.9,AH0,255,33.9287657,Day,F,L,A,MYSE
151.909,8443,6/3/2015,5/30/2015,19:14:51,7,34.8,AH0,254,38.1803936,Day,F,L,A,MYSE
151.909,8443,6/3/2015,5/25/2015,19:14:52,7,30.8,AH0,255,33.7747296,Day,F,L,A,MYSE
151.909,8443,6/3/2015,5/29/2015,19:14:52,7,33.3,AH0,246,36.9206321,Day,F,L,A,MYSE
151.909,8443,6/3/2015,5/24/2015,19:14:53,7,30.8,AH0,255,33.7747296,Day,F,L,A,MYSE
151.909,8443,6/3/2015,5/30/2015,19:14:53,7,34.9,AH0,255,38.2498017,Day,F,L,A,MYSE
151.909,8443,6/3/2015,5/24/2015,19:14:55,7,30.8,AH0,255,33.7747296,Day,F,L,A,MYSE
151.909,8443,6/3/2015,5/24/2015,19:14:57,7,30.8,AH0,255,33.7747296,Day,F,L,A,MYSE
151.909,8443,6/3/2015,5/26/2015,19:14:57,7,30.7,AH0,214,33.6181719,Day,F,L,A,MYSE
151.909,8443,6/3/2015,5/24/2015,19:14:58,7,30.8,AH0,255,33.7747296,Day,F,L,A,MYSE
151.909,8443,6/3/2015,5/26/2015,19:14:59,7,30.7,AH0,213,33.6181719,Day,F,L,A,MYSE
151.909,8443,6/3/2015,5/26/2015,19:15:01,7,30.7,AH0,214,33.6181719,Day,F,L,A,MYSE
151.909,8443,6/3/2015,5/28/2015,19:15:01,7,28.9,AH0,247,30.3463677,Day,F,L,A,MYSE
151.909,8443,6/3/2015,5/26/2015,19:15:03,7,30.6,AH0,210,33.4590728,Day,F,L,A,MYSE
151.909,8443,6/3/2015,5/28/2015,19:15:03,7,28.9,AH0,248,30.3463677,Day,F,L,A,MYSE
151.909,8443,6/3/2015,5/25/2015,19:15:05,7,30.7,AH0,255,33.6181719,Day,F,L,A,MYSE
151.909,8443,6/3/2015,5/28/2015,19:15:05,7,28.9,AH0,245,30.3463677,Day,F,L,A,MYSE
151.909,8443,6/3/2015,5/29/2015,19:15:06,7,33.3,AH0,248,36.9206321,Day,F,L,A,MYSE
151.909,8443,6/3/2015,5/30/2015,19:15:06,7,34.9,AH0,254,38.2498017,Day,F,L,A,MYSE
151.909,8443,6/3/2015,5/25/2015,19:15:07,7,30.7,AH0,255,33.6181719,Day,F,L,A,MYSE
151.909,8443,6/3/2015,5/28/2015,19:15:07,7,28.9,AH0,248,30.3463677,Day,F,L,A,MYSE
151.909,8443,6/3/2015,5/29/2015,19:15:08,7,33.3,AH0,247,36.9206321,Day,F,L,A,MYSE
151.909,8443,6/3/2015,5/30/2015,19:15:08,7,34.9,AH0,254,38.2498017,Day,F,L,A,MYSE
151.909,8443,6/3/2015,5/25/2015,19:15:09,7,30.7,AH0,255,33.6181719,Day,F,L,A,MYSE
151.909,8443,6/3/2015,5/29/2015,19:15:10,7,33.3,AH0,247,36.9206321,Day,F,L,A,MYSE
151.909,8443,6/3/2015,5/30/2015,19:15:10,7,34.9,AH0,253,38.2498017,Day,F,L,A,MYSE
151.909,8443,6/3/2015,5/25/2015,19:15:11,7,30.7,AH0,255,33.6181719,Day,F,L,A,MYSE
151.909,8443,6/3/2015,5/24/2015,19:15:12,7,30.8,AH0,255,33.7747296,Day,F,L,A,MYSE
151.909,8443,6/3/2015,5/29/2015,19:15:12,7,33.3,AH0,248,36.9206321,Day,F,L,A,MYSE
151.909,8443,6/3/2015,5/30/2015,19:15:12,7,34.9,AH0,254,38.2498017,Day,F,L,A,MYSE
151.909,8443,6/3/2015,5/30/2015,19:15:13,7,34.9,AH0,254,38.2498017,Day,F,L,A,MYSE
151.909,8443,6/3/2015,5/24/2015,19:15:14,7,30.8,AH0,255,33.7747296,Day,F,L,A,MYSE
151.909,8443,6/3/2015,5/24/2015,19:15:16,7,30.8,AH0,255,33.7747296,Day,F,L,A,MYSE
151.909,8443,6/3/2015,5/26/2015,19:15:17,7,30.6,AH0,212,33.4590728,Day,F,L,A,MYSE
151.909,8443,6/3/2015,5/24/2015,19:15:18,7,30.8,AH0,255,33.7747296,Day,F,L,A,MYSE
151.909,8443,6/3/2015,5/26/2015,19:15:19,7,30.6,AH0,212,33.4590728,Day,F,L,A,MYSE
151.909,8443,6/3/2015,5/26/2015,19:15:21,7,30.6,AH0,211,33.4590728,Day,F,L,A,MYSE
151.909,8443,6/3/2015,5/28/2015,19:15:21,7,28.8,AH0,245,30.1381376,Day,F,L,A,MYSE
151.909,8443,6/3/2015,5/26/2015,19:15:22,7,30.6,AH0,213,33.4590728,Day,F,L,A,MYSE
151.909,8443,6/3/2015,5/28/2015,19:15:24,7,28.8,AH0,243,30.1381376,Day,F,L,A,MYSE
151.909,8443,6/3/2015,5/25/2015,19:15:25,7,30.6,AH0,255,33.4590728,Day,F,L,A,MYSE
151.909,8443,6/3/2015,5/28/2015,19:15:26,7,28.8,AH0,242,30.1381376,Day,F,L,A,MYSE
151.909,8443,6/3/2015,5/29/2015,19:15:26,7,33.3,AH0,248,36.9206321,Day,F,L,A,MYSE
151.909,8443,6/3/2015,5/25/2015,19:15:27,7,30.6,AH0,255,33.4590728,Day,F,L,A,MYSE
151.909,8443,6/3/2015,5/30/2015,19:15:27,7,34.9,AH0,254,38.2498017,Day,F,L,A,MYSE
151.909,8443,6/3/2015,5/28/2015,19:15:28,7,28.8,AH0,248,30.1381376,Day,F,L,A,MYSE
151.909,8443,6/3/2015,5/29/2015,19:15:28,7,33.3,AH0,247,36.9206321,Day,F,L,A,MYSE
151.909,8443,6/3/2015,5/25/2015,19:15:29,7,30.6,AH0,255,33.4590728,Day,F,L,A,MYSE
151.909,8443,6/3/2015,5/30/2015,19:15:29,7,34.9,AH0,254,38.2498017,Day,F,L,A,MYSE
151.909,8443,6/3/2015,5/29/2015,19:15:30,7,33.3,AH0,246,36.9206321,Day,F,L,A,MYSE
151.909,8443,6/3/2015,5/25/2015,19:15:31,7,30.6,AH0,255,33.4590728,Day,F,L,A,MYSE
151.909,8443,6/3/2015,5/29/2015,19:15:31,7,33.3,AH0,248,36.9206321,Day,F,L,A,MYSE
151.909,8443,6/3/2015,5/30/2015,19:15:31,7,34.9,AH0,254,38.2498017,Day,F,L,A,MYSE
151.909,8443,6/3/2015,5/24/2015,19:15:32,7,30.8,AH0,255,33.7747296,Day,F,L,A,MYSE
151.909,8443,6/3/2015,5/30/2015,19:15:32,7,34.9,AH0,254,38.2498017,Day,F,L,A,MYSE
151.909,8443,6/3/2015,5/25/2015,19:15:33,7,30.6,AH0,255,33.4590728,Day,F,L,A,MYSE
151.909,8443,6/3/2015,5/24/2015,19:15:34,7,30.8,AH0,255,33.7747296,Day,F,L,A,MYSE
151.909,8443,6/3/2015,5/30/2015,19:15:34,7,34.9,AH0,254,38.2498017,Day,F,L,A,MYSE
151.909,8443,6/3/2015,5/24/2015,19:15:35,7,30.8,AH0,255,33.7747296,Day,F,L,A,MYSE
151.909,8443,6/3/2015,5/26/2015,19:15:36,7,30.6,AH0,209,33.4590728,Day,F,L,A,MYSE
151.909,8443,6/3/2015,5/24/2015,19:15:37,7,30.8,AH0,255,33.7747296,Day,F,L,A,MYSE
151.909,8443,6/3/2015,5/26/2015,19:15:38,7,30.6,AH0,212,33.4590728,Day,F,L,A,MYSE
151.909,8443,6/3/2015,5/26/2015,19:15:40,7,30.6,AH0,211,33.4590728,Day,F,L,A,MYSE
151.909,8443,6/3/2015,5/26/2015,19:15:42,7,30.6,AH0,209,33.4590728,Day,F,L,A,MYSE
151.909,8443,6/3/2015,5/28/2015,19:15:42,7,28.8,AH0,245,30.1381376,Day,F,L,A,MYSE
151.909,8443,6/3/2015,5/28/2015,19:15:44,7,28.8,AH0,247,30.1381376,Day,F,L,A,MYSE
151.909,8443,6/3/2015,5/25/2015,19:15:46,7,30.6,AH0,255,33.4590728,Day,F,L,A,MYSE
151.909,8443,6/3/2015,5/28/2015,19:15:46,7,28.8,AH0,249,30.1381376,Day,F,L,A,MYSE
151.909,8443,6/3/2015,5/29/2015,19:15:46,7,33.3,AH0,248,36.9206321,Day,F,L,A,MYSE
151.909,8443,6/3/2015,5/25/2015,19:15:48,7,30.6,AH0,255,33.4590728,Day,F,L,A,MYSE
151.909,8443,6/3/2015,5/29/2015,19:15:48,7,33.3,AH0,249,36.9206321,Day,F,L,A,MYSE
151.909,8443,6/3/2015,5/30/2015,19:15:48,7,35,AH0,254,38.3175,Day,F,L,A,MYSE
151.909,8443,6/3/2015,5/30/2015,19:15:49,7,34.9,AH0,254,38.2498017,Day,F,L,A,MYSE
151.909,8443,6/3/2015,5/25/2015,19:15:50,7,30.5,AH0,255,33.2974125,Day,F,L,A,MYSE
151.909,8443,6/3/2015,5/29/2015,19:15:50,7,33.3,AH0,246,36.9206321,Day,F,L,A,MYSE
151.909,8443,6/3/2015,5/24/2015,19:15:51,7,30.7,AH0,255,33.6181719,Day,F,L,A,MYSE
151.909,8443,6/3/2015,5/29/2015,19:15:51,7,33.3,AH0,247,36.9206321,Day,F,L,A,MYSE
151.909,8443,6/3/2015,5/30/2015,19:15:51,7,35,AH0,254,38.3175,Day,F,L,A,MYSE
151.909,8443,6/3/2015,5/25/2015,19:15:52,7,30.5,AH0,255,33.2974125,Day,F,L,A,MYSE
151.909,8443,6/3/2015,5/24/2015,19:15:53,7,30.7,AH0,255,33.6181719,Day,F,L,A,MYSE
151.909,8443,6/3/2015,5/30/2015,19:15:53,7,34.9,AH0,253,38.2498017,Day,F,L,A,MYSE
151.909,8443,6/3/2015,5/24/2015,19:15:55,7,30.7,AH0,255,33.6181719,Day,F,L,A,MYSE
151.909,8443,6/3/2015,5/26/2015,19:15:56,7,30.6,AH0,209,33.4590728,Day,F,L,A,MYSE
151.909,8443,6/3/2015,5/24/2015,19:15:57,7,30.7,AH0,255,33.6181719,Day,F,L,A,MYSE
151.909,8443,6/3/2015,5/26/2015,19:15:58,7,30.6,AH0,209,33.4590728,Day,F,L,A,MYSE
151.909,8443,6/3/2015,5/26/2015,19:16:00,7,30.6,AH0,212,33.4590728,Day,F,L,A,MYSE
151.909,8443,6/3/2015,5/28/2015,19:16:01,7,28.9,AH0,247,30.3463677,Day,F,L,A,MYSE
151.909,8443,6/3/2015,5/26/2015,19:16:02,7,30.6,AH0,208,33.4590728,Day,F,L,A,MYSE
151.909,8443,6/3/2015,5/28/2015,19:16:03,7,28.9,AH0,249,30.3463677,Day,F,L,A,MYSE
151.909,8443,6/3/2015,5/26/2015,19:16:04,7,30.6,AH0,211,33.4590728,Day,F,L,A,MYSE
151.909,8443,6/3/2015,5/28/2015,19:16:05,7,28.9,AH0,247,30.3463677,Day,F,L,A,MYSE
151.909,8443,6/3/2015,5/25/2015,19:16:06,7,30.5,AH0,255,33.2974125,Day,F,L,A,MYSE
151.909,8443,6/3/2015,5/29/2015,19:16:06,7,33.3,AH0,243,36.9206321,Day,F,L,A,MYSE
151.909,8443,6/3/2015,5/28/2015,19:16:07,7,28.9,AH0,246,30.3463677,Day,F,L,A,MYSE
151.909,8443,6/3/2015,5/30/2015,19:16:07,7,35,AH0,254,38.3175,Day,F,L,A,MYSE
151.909,8443,6/3/2015,5/25/2015,19:16:08,7,30.5,AH0,255,33.2974125,Day,F,L,A,MYSE
151.909,8443,6/3/2015,5/29/2015,19:16:08,7,33.3,AH0,244,36.9206321,Day,F,L,A,MYSE
151.909,8443,6/3/2015,5/30/2015,19:16:08,7,34.9,AH0,254,38.2498017,Day,F,L,A,MYSE
151.909,8443,6/3/2015,5/29/2015,19:16:09,7,33.3,AH0,245,36.9206321,Day,F,L,A,MYSE
151.909,8443,6/3/2015,5/25/2015,19:16:10,7,30.5,AH0,255,33.2974125,Day,F,L,A,MYSE
151.909,8443,6/3/2015,5/30/2015,19:16:10,7,34.9,AH0,253,38.2498017,Day,F,L,A,MYSE
151.909,8443,6/3/2015,5/24/2015,19:16:11,7,30.7,AH0,255,33.6181719,Day,F,L,A,MYSE
151.909,8443,6/3/2015,5/29/2015,19:16:11,7,33.3,AH0,247,36.9206321,Day,F,L,A,MYSE
151.909,8443,6/3/2015,5/25/2015,19:16:12,7,30.5,AH0,255,33.2974125,Day,F,L,A,MYSE
151.909,8443,6/3/2015,5/30/2015,19:16:12,7,34.9,AH0,254,38.2498017,Day,F,L,A,MYSE
151.909,8443,6/3/2015,5/24/2015,19:16:13,7,30.7,AH0,255,33.6181719,Day,F,L,A,MYSE
151.909,8443,6/3/2015,5/30/2015,19:16:13,7,34.9,AH0,254,38.2498017,Day,F,L,A,MYSE
151.909,8443,6/3/2015,5/24/2015,19:16:15,7,30.7,AH0,255,33.6181719,Day,F,L,A,MYSE
151.909,8443,6/3/2015,5/24/2015,19:16:16,7,30.7,AH0,255,33.6181719,Day,F,L,A,MYSE
151.909,8443,6/3/2015,5/26/2015,19:16:17,7,30.6,AH0,208,33.4590728,Day,F,L,A,MYSE
151.909,8443,6/3/2015,5/24/2015,19:16:18,7,30.7,AH0,255,33.6181719,Day,F,L,A,MYSE
151.909,8443,6/3/2015,5/26/2015,19:16:19,7,30.6,AH0,212,33.4590728,Day,F,L,A,MYSE
151.909,8443,6/3/2015,5/26/2015,19:16:21,7,30.6,AH0,207,33.4590728,Day,F,L,A,MYSE
151.909,8443,6/3/2015,5/28/2015,19:16:22,7,28.9,AH0,244,30.3463677,Day,F,L,A,MYSE
151.909,8443,6/3/2015,5/26/2015,19:16:23,7,30.6,AH0,212,33.4590728,Day,F,L,A,MYSE
151.909,8443,6/3/2015,5/28/2015,19:16:24,7,28.9,AH0,235,30.3463677,Day,F,L,A,MYSE
151.909,8443,6/3/2015,5/25/2015,19:16:26,7,30.4,AH0,255,33.1331712,Day,F,L,A,MYSE
151.909,8443,6/3/2015,5/28/2015,19:16:26,7,29,AH0,242,30.5517,Day,F,L,A,MYSE
151.909,8443,6/3/2015,5/29/2015,19:16:26,7,33.3,AH0,245,36.9206321,Day,F,L,A,MYSE
151.909,8443,6/3/2015,5/29/2015,19:16:27,7,33.2,AH0,249,36.8211744,Day,F,L,A,MYSE
151.909,8443,6/3/2015,5/30/2015,19:16:27,7,34.9,AH0,254,38.2498017,Day,F,L,A,MYSE
151.909,8443,6/3/2015,5/25/2015,19:16:28,7,30.4,AH0,255,33.1331712,Day,F,L,A,MYSE
151.909,8443,6/3/2015,5/28/2015,19:16:28,7,29,AH0,243,30.5517,Day,F,L,A,MYSE
151.909,8443,6/3/2015,5/29/2015,19:16:29,7,33.2,AH0,247,36.8211744,Day,F,L,A,MYSE
151.909,8443,6/3/2015,5/30/2015,19:16:29,7,34.9,AH0,254,38.2498017,Day,F,L,A,MYSE
151.909,8443,6/3/2015,5/25/2015,19:16:30,7,30.4,AH0,255,33.1331712,Day,F,L,A,MYSE
151.909,8443,6/3/2015,5/29/2015,19:16:31,7,33.2,AH0,248,36.8211744,Day,F,L,A,MYSE
151.909,8443,6/3/2015,5/30/2015,19:16:31,7,34.9,AH0,254,38.2498017,Day,F,L,A,MYSE
151.909,8443,6/3/2015,5/24/2015,19:16:32,7,30.8,AH0,255,33.7747296,Day,F,L,A,MYSE
151.909,8443,6/3/2015,5/25/2015,19:16:32,7,30.4,AH0,255,33.1331712,Day,F,L,A,MYSE
151.909,8443,6/3/2015,5/30/2015,19:16:32,7,34.9,AH0,251,38.2498017,Day,F,L,A,MYSE
151.909,8443,6/3/2015,5/29/2015,19:16:33,7,33.2,AH0,244,36.8211744,Day,F,L,A,MYSE
151.909,8443,6/3/2015,5/24/2015,19:16:34,7,30.8,AH0,255,33.7747296,Day,F,L,A,MYSE
151.909,8443,6/3/2015,5/30/2015,19:16:34,7,34.9,AH0,255,38.2498017,Day,F,L,A,MYSE
151.909,8443,6/3/2015,5/24/2015,19:16:36,7,30.8,AH0,255,33.7747296,Day,F,L,A,MYSE
151.909,8443,6/3/2015,5/26/2015,19:16:37,7,30.6,AH0,209,33.4590728,Day,F,L,A,MYSE
151.909,8443,6/3/2015,5/24/2015,19:16:38,7,30.8,AH0,255,33.7747296,Day,F,L,A,MYSE
151.909,8443,6/3/2015,5/26/2015,19:16:39,7,30.5,AH0,208,33.2974125,Day,F,L,A,MYSE
151.909,8443,6/3/2015,5/28/2015,19:16:40,7,29.1,AH0,243,30.7541543,Day,F,L,A,MYSE
151.909,8443,6/3/2015,5/26/2015,19:16:41,7,30.5,AH0,211,33.2974125,Day,F,L,A,MYSE
151.909,8443,6/3/2015,5/28/2015,19:16:42,7,29.1,AH0,245,30.7541543,Day,F,L,A,MYSE
151.909,8443,6/3/2015,5/26/2015,19:16:43,7,30.6,AH0,210,33.4590728,Day,F,L,A,MYSE
151.909,8443,6/3/2015,5/25/2015,19:16:45,7,30.4,AH0,255,33.1331712,Day,F,L,A,MYSE
151.909,8443,6/3/2015,5/28/2015,19:16:45,7,29.1,AH0,244,30.7541543,Day,F,L,A,MYSE
151.909,8443,6/3/2015,5/29/2015,19:16:45,7,33.2,AH0,247,36.8211744,Day,F,L,A,MYSE
151.909,8443,6/3/2015,5/30/2015,19:16:46,7,34.9,AH0,253,38.2498017,Day,F,L,A,MYSE
151.909,8443,6/3/2015,5/25/2015,19:16:47,7,30.4,AH0,255,33.1331712,Day,F,L,A,MYSE
151.909,8443,6/3/2015,5/28/2015,19:16:47,7,29.1,AH0,247,30.7541543,Day,F,L,A,MYSE
151.909,8443,6/3/2015,5/29/2015,19:16:47,7,33.2,AH0,247,36.8211744,Day,F,L,A,MYSE
151.909,8443,6/3/2015,5/30/2015,19:16:48,7,34.9,AH0,254,38.2498017,Day,F,L,A,MYSE
151.909,8443,6/3/2015,5/25/2015,19:16:49,7,30.4,AH0,255,33.1331712,Day,F,L,A,MYSE
151.909,8443,6/3/2015,5/29/2015,19:16:49,7,33.2,AH0,248,36.8211744,Day,F,L,A,MYSE
151.909,8443,6/3/2015,5/30/2015,19:16:50,7,34.9,AH0,254,38.2498017,Day,F,L,A,MYSE
151.909,8443,6/3/2015,5/25/2015,19:16:51,7,30.4,AH0,255,33.1331712,Day,F,L,A,MYSE
151.909,8443,6/3/2015,5/29/2015,19:16:51,7,33.2,AH0,246,36.8211744,Day,F,L,A,MYSE
151.909,8443,6/3/2015,5/30/2015,19:16:51,7,34.9,AH0,254,38.2498017,Day,F,L,A,MYSE
151.909,8443,6/3/2015,5/24/2015,19:16:52,7,30.8,AH0,255,33.7747296,Day,F,L,A,MYSE
151.909,8443,6/3/2015,5/29/2015,19:16:53,7,33.2,AH0,247,36.8211744,Day,F,L,A,MYSE
151.909,8443,6/3/2015,5/30/2015,19:16:53,7,34.9,AH0,254,38.2498017,Day,F,L,A,MYSE
151.909,8443,6/3/2015,5/24/2015,19:16:54,7,30.8,AH0,255,33.7747296,Day,F,L,A,MYSE
151.909,8443,6/3/2015,5/24/2015,19:16:56,7,30.8,AH0,255,33.7747296,Day,F,L,A,MYSE
151.909,8443,6/3/2015,5/24/2015,19:16:57,7,30.8,AH0,255,33.7747296,Day,F,L,A,MYSE
151.909,8443,6/3/2015,5/26/2015,19:16:57,7,30.5,AH0,208,33.2974125,Day,F,L,A,MYSE
151.909,8443,6/3/2015,5/26/2015,19:16:59,7,30.5,AH0,211,33.2974125,Day,F,L,A,MYSE
151.909,8443,6/3/2015,5/26/2015,19:17:01,7,30.5,AH0,211,33.2974125,Day,F,L,A,MYSE
151.909,8443,6/3/2015,5/28/2015,19:17:01,7,29.1,AH0,242,30.7541543,Day,F,L,A,MYSE
151.909,8443,6/3/2015,5/26/2015,19:17:03,7,30.5,AH0,211,33.2974125,Day,F,L,A,MYSE
151.909,8443,6/3/2015,5/28/2015,19:17:03,7,29.1,AH0,241,30.7541543,Day,F,L,A,MYSE
151.909,8443,6/3/2015,5/25/2015,19:17:05,7,30.4,AH0,255,33.1331712,Day,F,L,A,MYSE
151.909,8443,6/3/2015,5/28/2015,19:17:05,7,29.1,AH0,246,30.7541543,Day,F,L,A,MYSE
151.909,8443,6/3/2015,5/29/2015,19:17:05,7,33.2,AH0,246,36.8211744,Day,F,L,A,MYSE
151.909,8443,6/3/2015,5/25/2015,19:17:07,7,30.4,AH0,255,33.1331712,Day,F,L,A,MYSE
151.909,8443,6/3/2015,5/28/2015,19:17:07,7,29.1,AH0,241,30.7541543,Day,F,L,A,MYSE
151.909,8443,6/3/2015,5/29/2015,19:17:07,7,33.2,AH0,248,36.8211744,Day,F,L,A,MYSE
151.909,8443,6/3/2015,5/30/2015,19:17:07,7,34.9,AH0,253,38.2498017,Day,F,L,A,MYSE
151.909,8443,6/3/2015,5/30/2015,19:17:08,7,34.9,AH0,254,38.2498017,Day,F,L,A,MYSE
151.909,8443,6/3/2015,5/25/2015,19:17:09,7,30.4,AH0,255,33.1331712,Day,F,L,A,MYSE
151.909,8443,6/3/2015,5/29/2015,19:17:09,7,33.2,AH0,247,36.8211744,Day,F,L,A,MYSE
151.909,8443,6/3/2015,5/30/2015,19:17:10,7,34.9,AH0,255,38.2498017,Day,F,L,A,MYSE
151.909,8443,6/3/2015,5/24/2015,19:17:11,7,30.8,AH0,255,33.7747296,Day,F,L,A,MYSE
151.909,8443,6/3/2015,5/25/2015,19:17:11,7,30.4,AH0,255,33.1331712,Day,F,L,A,MYSE
151.909,8443,6/3/2015,5/29/2015,19:17:11,7,33.2,AH0,247,36.8211744,Day,F,L,A,MYSE
151.909,8443,6/3/2015,5/30/2015,19:17:12,7,34.9,AH0,253,38.2498017,Day,F,L,A,MYSE
151.909,8443,6/3/2015,5/24/2015,19:17:13,7,30.8,AH0,255,33.7747296,Day,F,L,A,MYSE
151.909,8443,6/3/2015,5/29/2015,19:17:13,7,33.2,AH0,248,36.8211744,Day,F,L,A,MYSE
151.909,8443,6/3/2015,5/30/2015,19:17:14,7,34.9,AH0,254,38.2498017,Day,F,L,A,MYSE
151.909,8443,6/3/2015,5/24/2015,19:17:15,7,30.8,AH0,255,33.7747296,Day,F,L,A,MYSE
151.909,8443,6/3/2015,5/26/2015,19:17:16,7,30.5,AH0,210,33.2974125,Day,F,L,A,MYSE
151.909,8443,6/3/2015,5/24/2015,19:17:17,7,30.8,AH0,255,33.7747296,Day,F,L,A,MYSE
151.909,8443,6/3/2015,5/26/2015,19:17:18,7,30.5,AH0,212,33.2974125,Day,F,L,A,MYSE
151.909,8443,6/3/2015,5/26/2015,19:17:20,7,30.5,AH0,209,33.2974125,Day,F,L,A,MYSE
151.909,8443,6/3/2015,5/26/2015,19:17:22,7,30.5,AH0,212,33.2974125,Day,F,L,A,MYSE
151.909,8443,6/3/2015,5/28/2015,19:17:22,7,29.1,AH0,241,30.7541543,Day,F,L,A,MYSE
151.909,8443,6/3/2015,5/28/2015,19:17:24,7,29.1,AH0,240,30.7541543,Day,F,L,A,MYSE
151.909,8443,6/3/2015,5/25/2015,19:17:25,7,30.3,AH0,255,32.9663291,Day,F,L,A,MYSE
151.909,8443,6/3/2015,5/29/2015,19:17:25,7,33.2,AH0,248,36.8211744,Day,F,L,A,MYSE
151.909,8443,6/3/2015,5/28/2015,19:17:26,7,29.1,AH0,239,30.7541543,Day,F,L,A,MYSE
151.909,8443,6/3/2015,5/25/2015,19:17:27,7,30.3,AH0,255,32.9663291,Day,F,L,A,MYSE
151.909,8443,6/3/2015,5/29/2015,19:17:27,7,33.2,AH0,248,36.8211744,Day,F,L,A,MYSE
151.909,8443,6/3/2015,5/30/2015,19:17:27,7,34.9,AH0,254,38.2498017,Day,F,L,A,MYSE
151.909,8443,6/3/2015,5/28/2015,19:17:28,7,29.1,AH0,241,30.7541543,Day,F,L,A,MYSE
151.909,8443,6/3/2015,5/25/2015,19:17:29,7,30.3,AH0,255,32.9663291,Day,F,L,A,MYSE
151.909,8443,6/3/2015,5/29/2015,19:17:29,7,33.2,AH0,248,36.8211744,Day,F,L,A,MYSE
151.909,8443,6/3/2015,5/30/2015,19:17:29,7,34.9,AH0,254,38.2498017,Day,F,L,A,MYSE
151.909,8443,6/3/2015,5/25/2015,19:17:31,7,30.3,AH0,255,32.9663291,Day,F,L,A,MYSE
151.909,8443,6/3/2015,5/29/2015,19:17:31,7,33.2,AH0,245,36.8211744,Day,F,L,A,MYSE
151.909,8443,6/3/2015,5/30/2015,19:17:31,7,34.9,AH0,253,38.2498017,Day,F,L,A,MYSE
151.909,8443,6/3/2015,5/24/2015,19:17:32,7,30.8,AH0,255,33.7747296,Day,F,L,A,MYSE
151.909,8443,6/3/2015,5/29/2015,19:17:32,7,33.2,AH0,247,36.8211744,Day,F,L,A,MYSE
151.909,8443,6/3/2015,5/30/2015,19:17:33,7,34.9,AH0,254,38.2498017,Day,F,L,A,MYSE
151.909,8443,6/3/2015,5/24/2015,19:17:34,7,30.8,AH0,255,33.7747296,Day,F,L,A,MYSE
151.909,8443,6/3/2015,5/30/2015,19:17:34,7,34.9,AH0,254,38.2498017,Day,F,L,A,MYSE
151.909,8443,6/3/2015,5/24/2015,19:17:36,7,30.8,AH0,255,33.7747296,Day,F,L,A,MYSE
151.909,8443,6/3/2015,5/26/2015,19:17:36,7,30.5,AH0,211,33.2974125,Day,F,L,A,MYSE
151.909,8443,6/3/2015,5/24/2015,19:17:38,7,30.8,AH0,255,33.7747296,Day,F,L,A,MYSE
151.909,8443,6/3/2015,5/26/2015,19:17:38,7,30.5,AH0,210,33.2974125,Day,F,L,A,MYSE
151.909,8443,6/3/2015,5/26/2015,19:17:40,7,30.5,AH0,211,33.2974125,Day,F,L,A,MYSE
151.909,8443,6/3/2015,5/26/2015,19:17:42,7,30.5,AH0,209,33.2974125,Day,F,L,A,MYSE
151.909,8443,6/3/2015,5/28/2015,19:17:42,7,29.2,AH0,233,30.9537504,Day,F,L,A,MYSE
151.909,8443,6/3/2015,5/28/2015,19:17:44,7,29.2,AH0,230,30.9537504,Day,F,L,A,MYSE
151.909,8443,6/3/2015,5/25/2015,19:17:45,7,30.3,AH0,255,32.9663291,Day,F,L,A,MYSE
151.909,8443,6/3/2015,5/29/2015,19:17:45,7,33.2,AH0,251,36.8211744,Day,F,L,A,MYSE
151.909,8443,6/3/2015,5/28/2015,19:17:46,7,29.2,AH0,233,30.9537504,Day,F,L,A,MYSE
151.909,8443,6/3/2015,5/30/2015,19:17:46,7,34.9,AH0,254,38.2498017,Day,F,L,A,MYSE
151.909,8443,6/3/2015,5/25/2015,19:17:47,7,30.3,AH0,255,32.9663291,Day,F,L,A,MYSE
151.909,8443,6/3/2015,5/29/2015,19:17:47,7,33.2,AH0,253,36.8211744,Day,F,L,A,MYSE
151.909,8443,6/3/2015,5/30/2015,19:17:48,7,34.9,AH0,254,38.2498017,Day,F,L,A,MYSE
151.909,8443,6/3/2015,5/25/2015,19:17:49,7,30.3,AH0,255,32.9663291,Day,F,L,A,MYSE
151.909,8443,6/3/2015,5/29/2015,19:17:49,7,33.2,AH0,250,36.8211744,Day,F,L,A,MYSE
151.909,8443,6/3/2015,5/29/2015,19:17:50,7,33.2,AH0,252,36.8211744,Day,F,L,A,MYSE
151.909,8443,6/3/2015,5/30/2015,19:17:50,7,34.9,AH0,255,38.2498017,Day,F,L,A,MYSE
151.909,8443,6/3/2015,5/25/2015,19:17:51,7,30.3,AH0,255,32.9663291,Day,F,L,A,MYSE
151.909,8443,6/3/2015,5/30/2015,19:17:51,7,34.9,AH0,254,38.2498017,Day,F,L,A,MYSE
151.909,8443,6/3/2015,5/24/2015,19:17:52,7,30.8,AH0,255,33.7747296,Day,F,L,A,MYSE
151.909,8443,6/3/2015,5/29/2015,19:17:52,7,33.3,AH0,252,36.9206321,Day,F,L,A,MYSE
151.909,8443,6/3/2015,5/30/2015,19:17:53,7,34.9,AH0,254,38.2498017,Day,F,L,A,MYSE
151.909,8443,6/3/2015,5/24/2015,19:17:54,7,30.8,AH0,255,33.7747296,Day,F,L,A,MYSE
151.909,8443,6/3/2015,5/24/2015,19:17:56,7,30.9,AH0,255,33.9287657,Day,F,L,A,MYSE
151.909,8443,6/3/2015,5/26/2015,19:17:56,7,30.5,AH0,210,33.2974125,Day,F,L,A,MYSE
151.909,8443,6/3/2015,5/24/2015,19:17:58,7,30.8,AH0,255,33.7747296,Day,F,L,A,MYSE
151.909,8443,6/3/2015,5/26/2015,19:17:58,7,30.5,AH0,211,33.2974125,Day,F,L,A,MYSE
151.909,8443,6/3/2015,5/26/2015,19:18:00,7,30.5,AH0,210,33.2974125,Day,F,L,A,MYSE
151.909,8443,6/3/2015,5/28/2015,19:18:01,7,29.3,AH0,228,31.1505081,Day,F,L,A,MYSE
151.909,8443,6/3/2015,5/26/2015,19:18:02,7,30.5,AH0,209,33.2974125,Day,F,L,A,MYSE
151.909,8443,6/3/2015,5/28/2015,19:18:03,7,29.3,AH0,230,31.1505081,Day,F,L,A,MYSE
151.909,8443,6/3/2015,5/26/2015,19:18:04,7,30.5,AH0,209,33.2974125,Day,F,L,A,MYSE
151.909,8443,6/3/2015,5/28/2015,19:18:05,7,29.2,AH0,224,30.9537504,Day,F,L,A,MYSE
151.909,8443,6/3/2015,5/29/2015,19:18:05,7,33.3,AH0,251,36.9206321,Day,F,L,A,MYSE
151.909,8443,6/3/2015,5/25/2015,19:18:06,7,30.3,AH0,255,32.9663291,Day,F,L,A,MYSE
151.909,8443,6/3/2015,5/28/2015,19:18:07,7,29.2,AH0,229,30.9537504,Day,F,L,A,MYSE
151.909,8443,6/3/2015,5/29/2015,19:18:07,7,33.3,AH0,252,36.9206321,Day,F,L,A,MYSE
151.909,8443,6/3/2015,5/30/2015,19:18:07,7,35,AH0,254,38.3175,Day,F,L,A,MYSE
151.909,8443,6/3/2015,5/25/2015,19:18:08,7,30.4,AH0,255,33.1331712,Day,F,L,A,MYSE
151.909,8443,6/3/2015,5/29/2015,19:18:09,7,33.3,AH0,251,36.9206321,Day,F,L,A,MYSE
151.909,8443,6/3/2015,5/30/2015,19:18:09,7,35,AH0,255,38.3175,Day,F,L,A,MYSE
151.909,8443,6/3/2015,5/25/2015,19:18:10,7,30.4,AH0,255,33.1331712,Day,F,L,A,MYSE
151.909,8443,6/3/2015,5/29/2015,19:18:10,7,33.3,AH0,253,36.9206321,Day,F,L,A,MYSE
151.909,8443,6/3/2015,5/30/2015,19:18:10,7,35,AH0,254,38.3175,Day,F,L,A,MYSE
151.909,8443,6/3/2015,5/24/2015,19:18:11,7,30.8,AH0,255,33.7747296,Day,F,L,A,MYSE
151.909,8443,6/3/2015,5/25/2015,19:18:12,7,30.4,AH0,255,33.1331712,Day,F,L,A,MYSE
151.909,8443,6/3/2015,5/29/2015,19:18:12,7,33.3,AH0,249,36.9206321,Day,F,L,A,MYSE
151.909,8443,6/3/2015,5/30/2015,19:18:12,7,35,AH0,255,38.3175,Day,F,L,A,MYSE
151.909,8443,6/3/2015,5/24/2015,19:18:13,7,30.9,AH0,255,33.9287657,Day,F,L,A,MYSE
151.909,8443,6/3/2015,5/30/2015,19:18:14,7,35,AH0,254,38.3175,Day,F,L,A,MYSE
151.909,8443,6/3/2015,5/24/2015,19:18:15,7,30.8,AH0,255,33.7747296,Day,F,L,A,MYSE
151.909,8443,6/3/2015,5/24/2015,19:18:17,7,30.9,AH0,255,33.9287657,Day,F,L,A,MYSE
151.909,8443,6/3/2015,5/26/2015,19:18:17,7,30.5,AH0,212,33.2974125,Day,F,L,A,MYSE
151.909,8443,6/3/2015,5/26/2015,19:18:19,7,30.4,AH0,211,33.1331712,Day,F,L,A,MYSE
151.909,8443,6/3/2015,5/26/2015,19:18:21,7,30.5,AH0,210,33.2974125,Day,F,L,A,MYSE
151.909,8443,6/3/2015,5/28/2015,19:18:21,7,29.2,AH0,231,30.9537504,Day,F,L,A,MYSE
151.909,8443,6/3/2015,5/26/2015,19:18:23,7,30.4,AH0,224,33.1331712,Day,F,L,A,MYSE
151.909,8443,6/3/2015,5/28/2015,19:18:23,7,29.2,AH0,235,30.9537504,Day,F,L,A,MYSE
151.909,8443,6/3/2015,5/28/2015,19:18:25,7,29.2,AH0,233,30.9537504,Day,F,L,A,MYSE
151.909,8443,6/3/2015,5/29/2015,19:18:25,7,33.3,AH0,252,36.9206321,Day,F,L,A,MYSE
151.909,8443,6/3/2015,5/25/2015,19:18:26,7,30.4,AH0,255,33.1331712,Day,F,L,A,MYSE
151.909,8443,6/3/2015,5/28/2015,19:18:27,7,29.2,AH0,231,30.9537504,Day,F,L,A,MYSE
151.909,8443,6/3/2015,5/29/2015,19:18:27,7,33.3,AH0,250,36.9206321,Day,F,L,A,MYSE
151.909,8443,6/3/2015,5/25/2015,19:18:28,7,30.4,AH0,255,33.1331712,Day,F,L,A,MYSE
151.909,8443,6/3/2015,5/29/2015,19:18:28,7,33.3,AH0,251,36.9206321,Day,F,L,A,MYSE
151.909,8443,6/3/2015,5/30/2015,19:18:28,7,34.9,AH0,254,38.2498017,Day,F,L,A,MYSE
151.909,8443,6/3/2015,5/30/2015,19:18:29,7,34.9,AH0,255,38.2498017,Day,F,L,A,MYSE
151.909,8443,6/3/2015,5/25/2015,19:18:30,7,30.4,AH0,255,33.1331712,Day,F,L,A,MYSE
151.909,8443,6/3/2015,5/29/2015,19:18:30,7,33.3,AH0,250,36.9206321,Day,F,L,A,MYSE
151.909,8443,6/3/2015,5/24/2015,19:18:31,7,30.8,AH0,255,33.7747296,Day,F,L,A,MYSE
151.909,8443,6/3/2015,5/30/2015,19:18:31,7,34.9,AH0,254,38.2498017,Day,F,L,A,MYSE
151.909,8443,6/3/2015,5/25/2015,19:18:32,7,30.4,AH0,255,33.1331712,Day,F,L,A,MYSE
151.909,8443,6/3/2015,5/29/2015,19:18:32,7,33.3,AH0,251,36.9206321,Day,F,L,A,MYSE
151.909,8443,6/3/2015,5/24/2015,19:18:33,7,30.8,AH0,255,33.7747296,Day,F,L,A,MYSE
151.909,8443,6/3/2015,5/30/2015,19:18:33,7,34.9,AH0,254,38.2498017,Day,F,L,A,MYSE
151.909,8443,6/3/2015,5/24/2015,19:18:35,7,30.8,AH0,255,33.7747296,Day,F,L,A,MYSE
151.909,8443,6/3/2015,5/24/2015,19:18:37,7,30.8,AH0,255,33.7747296,Day,F,L,A,MYSE
151.909,8443,6/3/2015,5/26/2015,19:18:37,7,30.2,AH0,226,32.7968664,Day,F,L,A,MYSE
151.909,8443,6/3/2015,5/26/2015,19:18:39,7,30.2,AH0,228,32.7968664,Day,F,L,A,MYSE
151.909,8443,6/3/2015,5/26/2015,19:18:41,7,30.2,AH0,227,32.7968664,Day,F,L,A,MYSE
151.909,8443,6/3/2015,5/28/2015,19:18:42,7,29.2,AH0,233,30.9537504,Day,F,L,A,MYSE
151.909,8443,6/3/2015,5/26/2015,19:18:43,7,30.2,AH0,228,32.7968664,Day,F,L,A,MYSE
151.909,8443,6/3/2015,5/28/2015,19:18:44,7,29.2,AH0,237,30.9537504,Day,F,L,A,MYSE
151.909,8443,6/3/2015,5/25/2015,19:18:46,7,30.4,AH0,255,33.1331712,Day,F,L,A,MYSE
151.909,8443,6/3/2015,5/28/2015,19:18:46,7,29.2,AH0,234,30.9537504,Day,F,L,A,MYSE
151.909,8443,6/3/2015,5/29/2015,19:18:46,7,33.4,AH0,252,37.0180632,Day,F,L,A,MYSE
151.909,8443,6/3/2015,5/30/2015,19:18:46,7,34.9,AH0,253,38.2498017,Day,F,L,A,MYSE
151.909,8443,6/3/2015,5/25/2015,19:18:48,7,30.4,AH0,255,33.1331712,Day,F,L,A,MYSE
151.909,8443,6/3/2015,5/28/2015,19:18:48,7,29.2,AH0,237,30.9537504,Day,F,L,A,MYSE
151.909,8443,6/3/2015,5/29/2015,19:18:48,7,33.3,AH0,251,36.9206321,Day,F,L,A,MYSE
151.909,8443,6/3/2015,5/30/2015,19:18:48,7,34.9,AH0,254,38.2498017,Day,F,L,A,MYSE
151.909,8443,6/3/2015,5/25/2015,19:18:50,7,30.4,AH0,255,33.1331712,Day,F,L,A,MYSE
151.909,8443,6/3/2015,5/29/2015,19:18:50,7,33.3,AH0,252,36.9206321,Day,F,L,A,MYSE
151.909,8443,6/3/2015,5/30/2015,19:18:50,7,34.9,AH0,254,38.2498017,Day,F,L,A,MYSE
151.909,8443,6/3/2015,5/24/2015,19:18:52,7,30.8,AH0,255,33.7747296,Day,F,L,A,MYSE
151.909,8443,6/3/2015,5/25/2015,19:18:52,7,30.4,AH0,255,33.1331712,Day,F,L,A,MYSE
151.909,8443,6/3/2015,5/29/2015,19:18:52,7,33.3,AH0,251,36.9206321,Day,F,L,A,MYSE
151.909,8443,6/3/2015,5/30/2015,19:18:52,7,34.9,AH0,252,38.2498017,Day,F,L,A,MYSE
151.909,8443,6/3/2015,5/30/2015,19:18:53,7,34.9,AH0,254,38.2498017,Day,F,L,A,MYSE
151.909,8443,6/3/2015,5/24/2015,19:18:54,7,30.8,AH0,255,33.7747296,Day,F,L,A,MYSE
151.909,8443,6/3/2015,5/24/2015,19:18:56,7,30.8,AH0,255,33.7747296,Day,F,L,A,MYSE
151.909,8443,6/3/2015,5/26/2015,19:18:57,7,30.1,AH0,227,32.6247633,Day,F,L,A,MYSE
151.909,8443,6/3/2015,5/24/2015,19:18:58,7,30.8,AH0,255,33.7747296,Day,F,L,A,MYSE
151.909,8443,6/3/2015,5/26/2015,19:18:59,7,30.1,AH0,227,32.6247633,Day,F,L,A,MYSE
151.909,8443,6/3/2015,5/28/2015,19:19:00,7,29.2,AH0,240,30.9537504,Day,F,L,A,MYSE
151.909,8443,6/3/2015,5/26/2015,19:19:01,7,30,AH0,228,32.45,Day,F,L,A,MYSE
151.909,8443,6/3/2015,5/28/2015,19:19:02,7,29.2,AH0,225,30.9537504,Day,F,L,A,MYSE
151.909,8443,6/3/2015,5/26/2015,19:19:03,7,30,AH0,228,32.45,Day,F,L,A,MYSE
151.909,8443,6/3/2015,5/28/2015,19:19:04,7,29.2,AH0,232,30.9537504,Day,F,L,A,MYSE
151.909,8443,6/3/2015,5/25/2015,19:19:06,7,30.4,AH0,255,33.1331712,Day,F,L,A,MYSE
151.909,8443,6/3/2015,5/28/2015,19:19:06,7,29.3,AH0,231,31.1505081,Day,F,L,A,MYSE
151.909,8443,6/3/2015,5/29/2015,19:19:06,7,33.3,AH0,251,36.9206321,Day,F,L,A,MYSE
151.909,8443,6/3/2015,5/30/2015,19:19:07,7,35.1,AH0,252,38.3835083,Day,F,L,A,MYSE
151.909,8443,6/3/2015,5/25/2015,19:19:08,7,30.4,AH0,255,33.1331712,Day,F,L,A,MYSE
151.909,8443,6/3/2015,5/29/2015,19:19:08,7,33.3,AH0,252,36.9206321,Day,F,L,A,MYSE
151.909,8443,6/3/2015,5/30/2015,19:19:09,7,35.1,AH0,253,38.3835083,Day,F,L,A,MYSE
151.909,8443,6/3/2015,5/25/2015,19:19:10,7,30.4,AH0,255,33.1331712,Day,F,L,A,MYSE
151.909,8443,6/3/2015,5/29/2015,19:19:10,7,33.3,AH0,251,36.9206321,Day,F,L,A,MYSE
151.909,8443,6/3/2015,5/30/2015,19:19:10,7,35.2,AH0,253,38.4478464,Day,F,L,A,MYSE
151.909,8443,6/3/2015,5/24/2015,19:19:12,7,30.8,AH0,255,33.7747296,Day,F,L,A,MYSE
151.909,8443,6/3/2015,5/25/2015,19:19:12,7,30.4,AH0,255,33.1331712,Day,F,L,A,MYSE
151.909,8443,6/3/2015,5/29/2015,19:19:12,7,33.3,AH0,249,36.9206321,Day,F,L,A,MYSE
151.909,8443,6/3/2015,5/30/2015,19:19:12,7,35.2,AH0,252,38.4478464,Day,F,L,A,MYSE
151.909,8443,6/3/2015,5/24/2015,19:19:14,7,30.8,AH0,255,33.7747296,Day,F,L,A,MYSE
151.909,8443,6/3/2015,5/30/2015,19:19:14,7,35.2,AH0,253,38.4478464,Day,F,L,A,MYSE
151.909,8443,6/3/2015,5/24/2015,19:19:16,7,30.8,AH0,255,33.7747296,Day,F,L,A,MYSE
151.909,8443,6/3/2015,5/26/2015,19:19:17,7,30,AH0,226,32.45,Day,F,L,A,MYSE
151.909,8443,6/3/2015,5/24/2015,19:19:18,7,30.8,AH0,255,33.7747296,Day,F,L,A,MYSE
151.909,8443,6/3/2015,5/26/2015,19:19:19,7,30,AH0,229,32.45,Day,F,L,A,MYSE
151.909,8443,6/3/2015,5/26/2015,19:19:21,7,30,AH0,227,32.45,Day,F,L,A,MYSE
151.909,8443,6/3/2015,5/28/2015,19:19:21,7,29.4,AH0,227,31.3444472,Day,F,L,A,MYSE
151.909,8443,6/3/2015,5/26/2015,19:19:23,7,30,AH0,229,32.45,Day,F,L,A,MYSE
151.909,8443,6/3/2015,5/28/2015,19:19:23,7,29.4,AH0,227,31.3444472,Day,F,L,A,MYSE
151.909,8443,6/3/2015,5/25/2015,19:19:25,7,30.5,AH0,255,33.2974125,Day,F,L,A,MYSE
151.909,8443,6/3/2015,5/28/2015,19:19:25,7,29.5,AH0,220,31.5355875,Day,F,L,A,MYSE
151.909,8443,6/3/2015,5/29/2015,19:19:26,7,33.3,AH0,253,36.9206321,Day,F,L,A,MYSE
151.909,8443,6/3/2015,5/25/2015,19:19:27,7,30.5,AH0,255,33.2974125,Day,F,L,A,MYSE
151.909,8443,6/3/2015,5/28/2015,19:19:27,7,29.6,AH0,227,31.7239488,Day,F,L,A,MYSE
151.909,8443,6/3/2015,5/30/2015,19:19:27,7,35.3,AH0,253,38.5105341,Day,F,L,A,MYSE
151.909,8443,6/3/2015,5/29/2015,19:19:28,7,33.3,AH0,251,36.9206321,Day,F,L,A,MYSE
151.909,8443,6/3/2015,5/25/2015,19:19:29,7,30.5,AH0,255,33.2974125,Day,F,L,A,MYSE
151.909,8443,6/3/2015,5/30/2015,19:19:29,7,35.3,AH0,251,38.5105341,Day,F,L,A,MYSE
151.909,8443,6/3/2015,5/29/2015,19:19:30,7,33.3,AH0,252,36.9206321,Day,F,L,A,MYSE
151.909,8443,6/3/2015,5/24/2015,19:19:31,7,30.8,AH0,255,33.7747296,Day,F,L,A,MYSE
151.909,8443,6/3/2015,5/25/2015,19:19:31,7,30.5,AH0,255,33.2974125,Day,F,L,A,MYSE
151.909,8443,6/3/2015,5/29/2015,19:19:31,7,33.3,AH0,248,36.9206321,Day,F,L,A,MYSE
151.909,8443,6/3/2015,5/30/2015,19:19:31,7,35.3,AH0,251,38.5105341,Day,F,L,A,MYSE
151.909,8443,6/3/2015,5/24/2015,19:19:33,7,30.8,AH0,255,33.7747296,Day,F,L,A,MYSE
151.909,8443,6/3/2015,5/30/2015,19:19:33,7,35.4,AH0,253,38.5715912,Day,F,L,A,MYSE
151.909,8443,6/3/2015,5/30/2015,19:19:34,7,35.3,AH0,252,38.5105341,Day,F,L,A,MYSE
151.909,8443,6/3/2015,5/24/2015,19:19:35,7,30.8,AH0,255,33.7747296,Day,F,L,A,MYSE
151.909,8443,6/3/2015,5/24/2015,19:19:37,7,30.8,AH0,255,33.7747296,Day,F,L,A,MYSE
151.909,8443,6/3/2015,5/26/2015,19:19:37,7,29.9,AH0,226,32.2725567,Day,F,L,A,MYSE
151.909,8443,6/3/2015,5/26/2015,19:19:39,7,29.9,AH0,228,32.2725567,Day,F,L,A,MYSE
151.909,8443,6/3/2015,5/26/2015,19:19:41,7,29.9,AH0,225,32.2725567,Day,F,L,A,MYSE
151.909,8443,6/3/2015,5/28/2015,19:19:41,7,30.2,AH0,222,32.7968664,Day,F,L,A,MYSE
151.909,8443,6/3/2015,5/26/2015,19:19:43,7,29.9,AH0,227,32.2725567,Day,F,L,A,MYSE
151.909,8443,6/3/2015,5/28/2015,19:19:43,7,30.2,AH0,226,32.7968664,Day,F,L,A,MYSE
151.909,8443,6/3/2015,5/25/2015,19:19:45,7,30.5,AH0,255,33.2974125,Day,F,L,A,MYSE
151.909,8443,6/3/2015,5/28/2015,19:19:45,7,30.2,AH0,229,32.7968664,Day,F,L,A,MYSE
151.909,8443,6/3/2015,5/29/2015,19:19:46,7,33.3,AH0,252,36.9206321,Day,F,L,A,MYSE
151.909,8443,6/3/2015,5/30/2015,19:19:46,7,35.4,AH0,251,38.5715912,Day,F,L,A,MYSE
151.909,8443,6/3/2015,5/25/2015,19:19:47,7,30.5,AH0,255,33.2974125,Day,F,L,A,MYSE
151.909,8443,6/3/2015,5/28/2015,19:19:47,7,30.1,AH0,181,32.6247633,Day,F,L,A,MYSE
151.909,8443,6/3/2015,5/29/2015,19:19:48,7,33.3,AH0,250,36.9206321,Day,F,L,A,MYSE
151.909,8443,6/3/2015,5/30/2015,19:19:48,7,35.4,AH0,249,38.5715912,Day,F,L,A,MYSE
151.909,8443,6/3/2015,5/25/2015,19:19:49,7,30.5,AH0,255,33.2974125,Day,F,L,A,MYSE
151.909,8443,6/3/2015,5/29/2015,19:19:49,7,33.3,AH0,253,36.9206321,Day,F,L,A,MYSE
151.909,8443,6/3/2015,5/30/2015,19:19:50,7,35.4,AH0,252,38.5715912,Day,F,L,A,MYSE
151.909,8443,6/3/2015,5/24/2015,19:19:51,7,30.8,AH0,255,33.7747296,Day,F,L,A,MYSE
151.909,8443,6/3/2015,5/25/2015,19:19:51,7,30.5,AH0,255,33.2974125,Day,F,L,A,MYSE
151.909,8443,6/3/2015,5/29/2015,19:19:51,7,33.3,AH0,251,36.9206321,Day,F,L,A,MYSE
151.909,8443,6/3/2015,5/30/2015,19:19:51,7,35.5,AH0,253,38.6310375,Day,F,L,A,MYSE
151.909,8443,6/3/2015,5/24/2015,19:19:53,7,30.8,AH0,255,33.7747296,Day,F,L,A,MYSE
151.909,8443,6/3/2015,5/30/2015,19:19:53,7,35.5,AH0,252,38.6310375,Day,F,L,A,MYSE
151.909,8443,6/3/2015,5/24/2015,19:19:55,7,30.8,AH0,255,33.7747296,Day,F,L,A,MYSE
151.909,8443,6/3/2015,5/24/2015,19:19:57,7,30.8,AH0,255,33.7747296,Day,F,L,A,MYSE
151.909,8443,6/3/2015,5/26/2015,19:19:57,7,29.9,AH0,255,32.2725567,Day,F,L,A,MYSE
151.909,8443,6/3/2015,5/24/2015,19:19:58,7,30.8,AH0,255,33.7747296,Day,F,L,A,MYSE
151.909,8443,6/3/2015,5/26/2015,19:19:59,7,29.9,AH0,255,32.2725567,Day,F,L,A,MYSE
151.909,8443,6/3/2015,5/26/2015,19:20:01,7,29.9,AH0,255,32.2725567,Day,F,L,A,MYSE
151.909,8443,6/3/2015,5/28/2015,19:20:01,7,29.8,AH0,77,32.0924136,Day,F,L,A,MYSE
151.909,8443,6/3/2015,5/26/2015,19:20:03,7,29.9,AH0,255,32.2725567,Day,F,L,A,MYSE
151.909,8443,6/3/2015,5/28/2015,19:20:03,7,29.8,AH0,67,32.0924136,Day,F,L,A,MYSE
151.909,8443,6/3/2015,5/25/2015,19:20:05,7,30.5,AH0,255,33.2974125,Day,F,L,A,MYSE
151.909,8443,6/3/2015,5/28/2015,19:20:05,7,29.7,AH0,87,31.9095509,Day,F,L,A,MYSE
151.909,8443,6/3/2015,5/29/2015,19:20:06,7,33.3,AH0,249,36.9206321,Day,F,L,A,MYSE
151.909,8443,6/3/2015,5/30/2015,19:20:06,7,35.5,AH0,251,38.6310375,Day,F,L,A,MYSE
151.909,8443,6/3/2015,5/25/2015,19:20:07,7,30.5,AH0,255,33.2974125,Day,F,L,A,MYSE
151.909,8443,6/3/2015,5/28/2015,19:20:07,7,29.7,AH0,96,31.9095509,Day,F,L,A,MYSE
151.909,8443,6/3/2015,5/29/2015,19:20:07,7,33.3,AH0,251,36.9206321,Day,F,L,A,MYSE
151.909,8443,6/3/2015,5/30/2015,19:20:08,7,35.5,AH0,250,38.6310375,Day,F,L,A,MYSE
151.909,8443,6/3/2015,5/25/2015,19:20:09,7,30.5,AH0,255,33.2974125,Day,F,L,A,MYSE
151.909,8443,6/3/2015,5/29/2015,19:20:09,7,33.3,AH0,250,36.9206321,Day,F,L,A,MYSE
151.909,8443,6/3/2015,5/30/2015,19:20:10,7,35.5,AH0,252,38.6310375,Day,F,L,A,MYSE
151.909,8443,6/3/2015,5/25/2015,19:20:11,7,30.5,AH0,255,33.2974125,Day,F,L,A,MYSE
151.909,8443,6/3/2015,5/29/2015,19:20:11,7,33.3,AH0,253,36.9206321,Day,F,L,A,MYSE
151.909,8443,6/3/2015,5/30/2015,19:20:11,7,35.6,AH0,252,38.6888928,Day,F,L,A,MYSE
151.909,8443,6/3/2015,5/24/2015,19:20:12,7,30.8,AH0,255,33.7747296,Day,F,L,A,MYSE
151.909,8443,6/3/2015,5/30/2015,19:20:13,7,35.5,AH0,253,38.6310375,Day,F,L,A,MYSE
151.909,8443,6/3/2015,5/24/2015,19:20:14,7,30.8,AH0,255,33.7747296,Day,F,L,A,MYSE
151.909,8443,6/3/2015,5/24/2015,19:20:16,7,30.9,AH0,255,33.9287657,Day,F,L,A,MYSE
151.909,8443,6/3/2015,5/26/2015,19:20:17,7,30,AH0,255,32.45,Day,F,L,A,MYSE
151.909,8443,6/3/2015,5/24/2015,19:20:18,7,30.9,AH0,255,33.9287657,Day,F,L,A,MYSE
151.909,8443,6/3/2015,5/26/2015,19:20:19,7,30,AH0,254,32.45,Day,F,L,A,MYSE
151.909,8443,6/3/2015,5/26/2015,19:20:21,7,30,AH0,255,32.45,Day,F,L,A,MYSE
151.909,8443,6/3/2015,5/28/2015,19:20:21,7,29.4,AH0,111,31.3444472,Day,F,L,A,MYSE
151.909,8443,6/3/2015,5/26/2015,19:20:23,7,30,AH0,255,32.45,Day,F,L,A,MYSE
151.909,8443,6/3/2015,5/28/2015,19:20:23,7,29.4,AH0,116,31.3444472,Day,F,L,A,MYSE
151.909,8443,6/3/2015,5/28/2015,19:20:25,7,29.3,AH0,111,31.1505081,Day,F,L,A,MYSE
151.909,8443,6/3/2015,5/29/2015,19:20:25,7,33.3,AH0,252,36.9206321,Day,F,L,A,MYSE
151.909,8443,6/3/2015,5/25/2015,19:20:26,7,30.5,AH0,255,33.2974125,Day,F,L,A,MYSE
151.909,8443,6/3/2015,5/28/2015,19:20:27,7,29.3,AH0,108,31.1505081,Day,F,L,A,MYSE
151.909,8443,6/3/2015,5/29/2015,19:20:27,7,33.3,AH0,252,36.9206321,Day,F,L,A,MYSE
151.909,8443,6/3/2015,5/30/2015,19:20:27,7,35.6,AH0,250,38.6888928,Day,F,L,A,MYSE
151.909,8443,6/3/2015,5/25/2015,19:20:28,7,30.5,AH0,255,33.2974125,Day,F,L,A,MYSE
151.909,8443,6/3/2015,5/30/2015,19:20:28,7,35.6,AH0,251,38.6888928,Day,F,L,A,MYSE
151.909,8443,6/3/2015,5/29/2015,19:20:29,7,33.3,AH0,253,36.9206321,Day,F,L,A,MYSE
151.909,8443,6/3/2015,5/25/2015,19:20:30,7,30.5,AH0,255,33.2974125,Day,F,L,A,MYSE
151.909,8443,6/3/2015,5/30/2015,19:20:30,7,35.6,AH0,252,38.6888928,Day,F,L,A,MYSE
151.909,8443,6/3/2015,5/29/2015,19:20:31,7,33.3,AH0,251,36.9206321,Day,F,L,A,MYSE
151.909,8443,6/3/2015,5/24/2015,19:20:32,7,30.9,AH0,255,33.9287657,Day,F,L,A,MYSE
151.909,8443,6/3/2015,5/25/2015,19:20:32,7,30.5,AH0,255,33.2974125,Day,F,L,A,MYSE
151.909,8443,6/3/2015,5/30/2015,19:20:32,7,35.6,AH0,251,38.6888928,Day,F,L,A,MYSE
151.909,8443,6/3/2015,5/24/2015,19:20:33,7,30.9,AH0,255,33.9287657,Day,F,L,A,MYSE
151.909,8443,6/3/2015,5/29/2015,19:20:33,7,33.3,AH0,253,36.9206321,Day,F,L,A,MYSE
151.909,8443,6/3/2015,5/30/2015,19:20:33,7,35.6,AH0,251,38.6888928,Day,F,L,A,MYSE
151.909,8443,6/3/2015,5/24/2015,19:20:35,7,30.9,AH0,255,33.9287657,Day,F,L,A,MYSE
151.909,8443,6/3/2015,5/24/2015,19:20:37,7,30.9,AH0,255,33.9287657,Day,F,L,A,MYSE
151.909,8443,6/3/2015,5/26/2015,19:20:37,7,30.1,AH0,255,32.6247633,Day,F,L,A,MYSE
151.909,8443,6/3/2015,5/26/2015,19:20:39,7,30.1,AH0,255,32.6247633,Day,F,L,A,MYSE
151.909,8443,6/3/2015,5/26/2015,19:20:41,7,30.1,AH0,255,32.6247633,Day,F,L,A,MYSE
151.909,8443,6/3/2015,5/28/2015,19:20:42,7,29.1,AH0,109,30.7541543,Day,F,L,A,MYSE
151.909,8443,6/3/2015,5/26/2015,19:20:43,7,30.1,AH0,254,32.6247633,Day,F,L,A,MYSE
151.909,8443,6/3/2015,5/28/2015,19:20:44,7,29.1,AH0,113,30.7541543,Day,F,L,A,MYSE
151.909,8443,6/3/2015,5/29/2015,19:20:45,7,33.3,AH0,252,36.9206321,Day,F,L,A,MYSE
151.909,8443,6/3/2015,5/25/2015,19:20:46,7,30.5,AH0,255,33.2974125,Day,F,L,A,MYSE
151.909,8443,6/3/2015,5/28/2015,19:20:46,7,29,AH0,112,30.5517,Day,F,L,A,MYSE
151.909,8443,6/3/2015,5/29/2015,19:20:47,7,33.3,AH0,251,36.9206321,Day,F,L,A,MYSE
151.909,8443,6/3/2015,5/30/2015,19:20:47,7,35.6,AH0,253,38.6888928,Day,F,L,A,MYSE
151.909,8443,6/3/2015,5/25/2015,19:20:48,7,30.5,AH0,255,33.2974125,Day,F,L,A,MYSE
151.909,8443,6/3/2015,5/28/2015,19:20:48,7,29,AH0,112,30.5517,Day,F,L,A,MYSE
151.909,8443,6/3/2015,5/29/2015,19:20:49,7,33.3,AH0,252,36.9206321,Day,F,L,A,MYSE
151.909,8443,6/3/2015,5/30/2015,19:20:49,7,35.6,AH0,252,38.6888928,Day,F,L,A,MYSE
151.909,8443,6/3/2015,5/25/2015,19:20:50,7,30.5,AH0,255,33.2974125,Day,F,L,A,MYSE
151.909,8443,6/3/2015,5/30/2015,19:20:50,7,35.6,AH0,251,38.6888928,Day,F,L,A,MYSE
151.909,8443,6/3/2015,5/24/2015,19:20:51,7,30.8,AH0,255,33.7747296,Day,F,L,A,MYSE
151.909,8443,6/3/2015,5/29/2015,19:20:51,7,33.3,AH0,251,36.9206321,Day,F,L,A,MYSE
151.909,8443,6/3/2015,5/25/2015,19:20:52,7,30.5,AH0,255,33.2974125,Day,F,L,A,MYSE
151.909,8443,6/3/2015,5/30/2015,19:20:52,7,35.6,AH0,252,38.6888928,Day,F,L,A,MYSE
151.909,8443,6/3/2015,5/24/2015,19:20:53,7,30.8,AH0,255,33.7747296,Day,F,L,A,MYSE
151.909,8443,6/3/2015,5/29/2015,19:20:53,7,33.3,AH0,251,36.9206321,Day,F,L,A,MYSE
151.909,8443,6/3/2015,5/30/2015,19:20:54,7,35.7,AH0,253,38.7451769,Day,F,L,A,MYSE
151.909,8443,6/3/2015,5/24/2015,19:20:55,7,30.8,AH0,255,33.7747296,Day,F,L,A,MYSE
151.909,8443,6/3/2015,5/24/2015,19:20:57,7,30.8,AH0,255,33.7747296,Day,F,L,A,MYSE
151.909,8443,6/3/2015,5/26/2015,19:20:57,7,30.2,AH0,255,32.7968664,Day,F,L,A,MYSE
151.909,8443,6/3/2015,5/26/2015,19:20:59,7,30.2,AH0,255,32.7968664,Day,F,L,A,MYSE
151.909,8443,6/3/2015,5/28/2015,19:21:00,7,28.9,AH0,114,30.3463677,Day,F,L,A,MYSE
151.909,8443,6/3/2015,5/26/2015,19:21:01,7,30.2,AH0,255,32.7968664,Day,F,L,A,MYSE
151.909,8443,6/3/2015,5/28/2015,19:21:02,7,28.9,AH0,111,30.3463677,Day,F,L,A,MYSE
151.909,8443,6/3/2015,5/26/2015,19:21:03,7,30.2,AH0,255,32.7968664,Day,F,L,A,MYSE
151.909,8443,6/3/2015,5/28/2015,19:21:05,7,28.8,AH0,116,30.1381376,Day,F,L,A,MYSE
151.909,8443,6/3/2015,5/29/2015,19:21:05,7,33.3,AH0,252,36.9206321,Day,F,L,A,MYSE
151.909,8443,6/3/2015,5/25/2015,19:21:06,7,30.5,AH0,255,33.2974125,Day,F,L,A,MYSE
151.909,8443,6/3/2015,5/28/2015,19:21:07,7,28.8,AH0,117,30.1381376,Day,F,L,A,MYSE
151.909,8443,6/3/2015,5/29/2015,19:21:07,7,33.3,AH0,252,36.9206321,Day,F,L,A,MYSE
151.909,8443,6/3/2015,5/30/2015,19:21:07,7,35.8,AH0,251,38.7999096,Day,F,L,A,MYSE
151.909,8443,6/3/2015,5/25/2015,19:21:08,7,30.5,AH0,255,33.2974125,Day,F,L,A,MYSE
151.909,8443,6/3/2015,5/29/2015,19:21:09,7,33.3,AH0,250,36.9206321,Day,F,L,A,MYSE
151.909,8443,6/3/2015,5/30/2015,19:21:09,7,35.8,AH0,253,38.7999096,Day,F,L,A,MYSE
151.909,8443,6/3/2015,5/25/2015,19:21:10,7,30.5,AH0,255,33.2974125,Day,F,L,A,MYSE
151.909,8443,6/3/2015,5/30/2015,19:21:10,7,35.8,AH0,252,38.7999096,Day,F,L,A,MYSE
151.909,8443,6/3/2015,5/29/2015,19:21:11,7,33.3,AH0,250,36.9206321,Day,F,L,A,MYSE
151.909,8443,6/3/2015,5/24/2015,19:21:12,7,30.8,AH0,255,33.7747296,Day,F,L,A,MYSE
151.909,8443,6/3/2015,5/25/2015,19:21:12,7,30.5,AH0,255,33.2974125,Day,F,L,A,MYSE
151.909,8443,6/3/2015,5/29/2015,19:21:12,7,33.3,AH0,253,36.9206321,Day,F,L,A,MYSE
151.909,8443,6/3/2015,5/30/2015,19:21:12,7,35.8,AH0,252,38.7999096,Day,F,L,A,MYSE
151.909,8443,6/3/2015,5/24/2015,19:21:14,7,30.8,AH0,255,33.7747296,Day,F,L,A,MYSE
151.909,8443,6/3/2015,5/30/2015,19:21:14,7,35.8,AH0,252,38.7999096,Day,F,L,A,MYSE
151.909,8443,6/3/2015,5/24/2015,19:21:16,7,30.8,AH0,255,33.7747296,Day,F,L,A,MYSE
151.909,8443,6/3/2015,5/26/2015,19:21:17,7,30.2,AH0,255,32.7968664,Day,F,L,A,MYSE
151.909,8443,6/3/2015,5/24/2015,19:21:18,7,30.8,AH0,255,33.7747296,Day,F,L,A,MYSE
151.909,8443,6/3/2015,5/26/2015,19:21:19,7,30.2,AH0,255,32.7968664,Day,F,L,A,MYSE
151.909,8443,6/3/2015,5/26/2015,19:21:21,7,30.2,AH0,255,32.7968664,Day,F,L,A,MYSE
151.909,8443,6/3/2015,5/28/2015,19:21:21,7,28.8,AH0,75,30.1381376,Day,F,L,A,MYSE
151.909,8443,6/3/2015,5/26/2015,19:21:23,7,30.2,AH0,255,32.7968664,Day,F,L,A,MYSE
151.909,8443,6/3/2015,5/28/2015,19:21:23,7,28.8,AH0,79,30.1381376,Day,F,L,A,MYSE
151.909,8443,6/3/2015,5/25/2015,19:21:25,7,30.5,AH0,255,33.2974125,Day,F,L,A,MYSE
151.909,8443,6/3/2015,5/28/2015,19:21:25,7,28.8,AH0,59,30.1381376,Day,F,L,A,MYSE
151.909,8443,6/3/2015,5/29/2015,19:21:25,7,33.3,AH0,252,36.9206321,Day,F,L,A,MYSE
151.909,8443,6/3/2015,5/25/2015,19:21:27,7,30.5,AH0,255,33.2974125,Day,F,L,A,MYSE
151.909,8443,6/3/2015,5/28/2015,19:21:27,7,28.8,AH0,51,30.1381376,Day,F,L,A,MYSE
151.909,8443,6/3/2015,5/29/2015,19:21:27,7,33.3,AH0,253,36.9206321,Day,F,L,A,MYSE
151.909,8443,6/3/2015,5/30/2015,19:21:27,7,35.9,AH0,251,38.8531107,Day,F,L,A,MYSE
151.909,8443,6/3/2015,5/25/2015,19:21:29,7,30.5,AH0,255,33.2974125,Day,F,L,A,MYSE
151.909,8443,6/3/2015,5/29/2015,19:21:29,7,33.3,AH0,253,36.9206321,Day,F,L,A,MYSE
151.909,8443,6/3/2015,5/30/2015,19:21:29,7,35.9,AH0,251,38.8531107,Day,F,L,A,MYSE
151.909,8443,6/3/2015,5/29/2015,19:21:30,7,33.3,AH0,251,36.9206321,Day,F,L,A,MYSE
151.909,8443,6/3/2015,5/25/2015,19:21:31,7,30.5,AH0,255,33.2974125,Day,F,L,A,MYSE
151.909,8443,6/3/2015,5/30/2015,19:21:31,7,35.9,AH0,252,38.8531107,Day,F,L,A,MYSE
151.909,8443,6/3/2015,5/24/2015,19:21:32,7,30.7,AH0,255,33.6181719,Day,F,L,A,MYSE
151.909,8443,6/3/2015,5/29/2015,19:21:32,7,33.3,AH0,252,36.9206321,Day,F,L,A,MYSE
151.909,8443,6/3/2015,5/30/2015,19:21:32,7,35.9,AH0,251,38.8531107,Day,F,L,A,MYSE
151.909,8443,6/3/2015,5/24/2015,19:21:34,7,30.7,AH0,255,33.6181719,Day,F,L,A,MYSE
151.909,8443,6/3/2015,5/30/2015,19:21:34,7,35.9,AH0,252,38.8531107,Day,F,L,A,MYSE
151.909,8443,6/3/2015,5/24/2015,19:21:36,7,30.7,AH0,255,33.6181719,Day,F,L,A,MYSE
151.909,8443,6/3/2015,5/26/2015,19:21:37,7,30.2,AH0,255,32.7968664,Day,F,L,A,MYSE
151.909,8443,6/3/2015,5/24/2015,19:21:38,7,30.7,AH0,255,33.6181719,Day,F,L,A,MYSE
151.909,8443,6/3/2015,5/26/2015,19:21:39,7,30.2,AH0,255,32.7968664,Day,F,L,A,MYSE
151.909,8443,6/3/2015,5/26/2015,19:21:41,7,30.2,AH0,254,32.7968664,Day,F,L,A,MYSE
151.909,8443,6/3/2015,5/28/2015,19:21:42,7,29.1,AH0,83,30.7541543,Day,F,L,A,MYSE
151.909,8443,6/3/2015,5/26/2015,19:21:43,7,30.2,AH0,255,32.7968664,Day,F,L,A,MYSE
151.909,8443,6/3/2015,5/28/2015,19:21:44,7,29.1,AH0,90,30.7541543,Day,F,L,A,MYSE
151.909,8443,6/3/2015,5/25/2015,19:21:45,7,30.5,AH0,255,33.2974125,Day,F,L,A,MYSE
151.909,8443,6/3/2015,5/29/2015,19:21:45,7,33.3,AH0,251,36.9206321,Day,F,L,A,MYSE
151.909,8443,6/3/2015,5/28/2015,19:21:46,7,29.1,AH0,83,30.7541543,Day,F,L,A,MYSE
151.909,8443,6/3/2015,5/25/2015,19:21:47,7,30.5,AH0,255,33.2974125,Day,F,L,A,MYSE
151.909,8443,6/3/2015,5/29/2015,19:21:47,7,33.3,AH0,252,36.9206321,Day,F,L,A,MYSE
151.909,8443,6/3/2015,5/30/2015,19:21:47,7,35.9,AH0,250,38.8531107,Day,F,L,A,MYSE
151.909,8443,6/3/2015,5/29/2015,19:21:48,7,33.3,AH0,253,36.9206321,Day,F,L,A,MYSE
151.909,8443,6/3/2015,5/25/2015,19:21:49,7,30.5,AH0,255,33.2974125,Day,F,L,A,MYSE
151.909,8443,6/3/2015,5/30/2015,19:21:49,7,35.9,AH0,251,38.8531107,Day,F,L,A,MYSE
151.909,8443,6/3/2015,5/29/2015,19:21:50,7,33.3,AH0,252,36.9206321,Day,F,L,A,MYSE
151.909,8443,6/3/2015,5/24/2015,19:21:51,7,30.6,AH0,255,33.4590728,Day,F,L,A,MYSE
151.909,8443,6/3/2015,5/25/2015,19:21:51,7,30.5,AH0,255,33.2974125,Day,F,L,A,MYSE
151.909,8443,6/3/2015,5/30/2015,19:21:51,7,35.9,AH0,252,38.8531107,Day,F,L,A,MYSE
151.909,8443,6/3/2015,5/29/2015,19:21:52,7,33.3,AH0,252,36.9206321,Day,F,L,A,MYSE
151.909,8443,6/3/2015,5/30/2015,19:21:52,7,35.9,AH0,251,38.8531107,Day,F,L,A,MYSE
151.909,8443,6/3/2015,5/24/2015,19:21:53,7,30.6,AH0,255,33.4590728,Day,F,L,A,MYSE
151.909,8443,6/3/2015,5/30/2015,19:21:54,7,35.9,AH0,252,38.8531107,Day,F,L,A,MYSE
151.909,8443,6/3/2015,5/24/2015,19:21:55,7,30.6,AH0,255,33.4590728,Day,F,L,A,MYSE
151.909,8443,6/3/2015,5/24/2015,19:21:57,7,30.6,AH0,255,33.4590728,Day,F,L,A,MYSE
151.909,8443,6/3/2015,5/26/2015,19:21:57,7,30.2,AH0,255,32.7968664,Day,F,L,A,MYSE
151.909,8443,6/3/2015,5/26/2015,19:21:59,7,30.2,AH0,255,32.7968664,Day,F,L,A,MYSE
151.909,8443,6/3/2015,5/28/2015,19:22:00,7,29.3,AH0,77,31.1505081,Day,F,L,A,MYSE
151.909,8443,6/3/2015,5/26/2015,19:22:01,7,30.2,AH0,254,32.7968664,Day,F,L,A,MYSE
151.909,8443,6/3/2015,5/26/2015,19:22:03,7,30.2,AH0,255,32.7968664,Day,F,L,A,MYSE
151.909,8443,6/3/2015,5/28/2015,19:22:03,7,29.3,AH0,72,31.1505081,Day,F,L,A,MYSE
151.909,8443,6/3/2015,5/25/2015,19:22:05,7,30.5,AH0,255,33.2974125,Day,F,L,A,MYSE
151.909,8443,6/3/2015,5/28/2015,19:22:05,7,29.3,AH0,73,31.1505081,Day,F,L,A,MYSE
151.909,8443,6/3/2015,5/29/2015,19:22:05,7,33.3,AH0,252,36.9206321,Day,F,L,A,MYSE
151.909,8443,6/3/2015,5/29/2015,19:22:06,7,33.3,AH0,252,36.9206321,Day,F,L,A,MYSE
151.909,8443,6/3/2015,5/25/2015,19:22:07,7,30.5,AH0,255,33.2974125,Day,F,L,A,MYSE
151.909,8443,6/3/2015,5/28/2015,19:22:07,7,29.4,AH0,77,31.3444472,Day,F,L,A,MYSE
151.909,8443,6/3/2015,5/30/2015,19:22:07,7,36,AH0,251,38.9048,Day,F,L,A,MYSE
151.909,8443,6/3/2015,5/29/2015,19:22:08,7,33.3,AH0,252,36.9206321,Day,F,L,A,MYSE
151.909,8443,6/3/2015,5/25/2015,19:22:09,7,30.5,AH0,255,33.2974125,Day,F,L,A,MYSE
151.909,8443,6/3/2015,5/30/2015,19:22:09,7,36,AH0,250,38.9048,Day,F,L,A,MYSE
151.909,8443,6/3/2015,5/29/2015,19:22:10,7,33.3,AH0,250,36.9206321,Day,F,L,A,MYSE
151.909,8443,6/3/2015,5/24/2015,19:22:11,7,30.6,AH0,255,33.4590728,Day,F,L,A,MYSE
151.909,8443,6/3/2015,5/25/2015,19:22:11,7,30.5,AH0,255,33.2974125,Day,F,L,A,MYSE
151.909,8443,6/3/2015,5/30/2015,19:22:11,7,36,AH0,248,38.9048,Day,F,L,A,MYSE
151.909,8443,6/3/2015,5/29/2015,19:22:12,7,33.3,AH0,252,36.9206321,Day,F,L,A,MYSE
151.909,8443,6/3/2015,5/30/2015,19:22:12,7,36,AH0,249,38.9048,Day,F,L,A,MYSE
151.909,8443,6/3/2015,5/24/2015,19:22:13,7,30.6,AH0,255,33.4590728,Day,F,L,A,MYSE
151.909,8443,6/3/2015,5/30/2015,19:22:14,7,36,AH0,252,38.9048,Day,F,L,A,MYSE
151.909,8443,6/3/2015,5/24/2015,19:22:15,7,30.5,AH0,255,33.2974125,Day,F,L,A,MYSE
151.909,8443,6/3/2015,5/24/2015,19:22:17,7,30.6,AH0,255,33.4590728,Day,F,L,A,MYSE
151.909,8443,6/3/2015,5/26/2015,19:22:17,7,30.2,AH0,255,32.7968664,Day,F,L,A,MYSE
151.909,8443,6/3/2015,5/26/2015,19:22:19,7,30.2,AH0,254,32.7968664,Day,F,L,A,MYSE
151.909,8443,6/3/2015,5/26/2015,19:22:21,7,30.2,AH0,255,32.7968664,Day,F,L,A,MYSE
151.909,8443,6/3/2015,5/28/2015,19:22:21,7,29.5,AH0,64,31.5355875,Day,F,L,A,MYSE
151.909,8443,6/3/2015,5/26/2015,19:22:23,7,30.2,AH0,255,32.7968664,Day,F,L,A,MYSE
151.909,8443,6/3/2015,5/28/2015,19:22:23,7,29.5,AH0,69,31.5355875,Day,F,L,A,MYSE
151.909,8443,6/3/2015,5/28/2015,19:22:25,7,29.5,AH0,73,31.5355875,Day,F,L,A,MYSE
151.909,8443,6/3/2015,5/25/2015,19:22:26,7,30.5,AH0,255,33.2974125,Day,F,L,A,MYSE
151.909,8443,6/3/2015,5/29/2015,19:22:26,7,33.3,AH0,252,36.9206321,Day,F,L,A,MYSE
151.909,8443,6/3/2015,5/28/2015,19:22:27,7,29.5,AH0,72,31.5355875,Day,F,L,A,MYSE
151.909,8443,6/3/2015,5/30/2015,19:22:27,7,36,AH0,250,38.9048,Day,F,L,A,MYSE
151.909,8443,6/3/2015,5/25/2015,19:22:28,7,30.6,AH0,255,33.4590728,Day,F,L,A,MYSE
151.909,8443,6/3/2015,5/29/2015,19:22:28,7,33.3,AH0,252,36.9206321,Day,F,L,A,MYSE
151.909,8443,6/3/2015,5/30/2015,19:22:29,7,36,AH0,250,38.9048,Day,F,L,A,MYSE
151.909,8443,6/3/2015,5/25/2015,19:22:30,7,30.6,AH0,255,33.4590728,Day,F,L,A,MYSE
151.909,8443,6/3/2015,5/29/2015,19:22:30,7,33.3,AH0,251,36.9206321,Day,F,L,A,MYSE
151.909,8443,6/3/2015,5/24/2015,19:22:31,7,30.5,AH0,255,33.2974125,Day,F,L,A,MYSE
151.909,8443,6/3/2015,5/30/2015,19:22:31,7,36,AH0,250,38.9048,Day,F,L,A,MYSE
151.909,8443,6/3/2015,5/25/2015,19:22:32,7,30.6,AH0,255,33.4590728,Day,F,L,A,MYSE
151.909,8443,6/3/2015,5/29/2015,19:22:32,7,33.3,AH0,252,36.9206321,Day,F,L,A,MYSE
151.909,8443,6/3/2015,5/30/2015,19:22:32,7,36,AH0,249,38.9048,Day,F,L,A,MYSE
151.909,8443,6/3/2015,5/24/2015,19:22:33,7,30.5,AH0,255,33.2974125,Day,F,L,A,MYSE
151.909,8443,6/3/2015,5/30/2015,19:22:34,7,36,AH0,250,38.9048,Day,F,L,A,MYSE
151.909,8443,6/3/2015,5/24/2015,19:22:35,7,30.5,AH0,255,33.2974125,Day,F,L,A,MYSE
151.909,8443,6/3/2015,5/24/2015,19:22:37,7,30.5,AH0,255,33.2974125,Day,F,L,A,MYSE
151.909,8443,6/3/2015,5/26/2015,19:22:37,7,30.2,AH0,254,32.7968664,Day,F,L,A,MYSE
151.909,8443,6/3/2015,5/26/2015,19:22:39,7,30.2,AH0,255,32.7968664,Day,F,L,A,MYSE
151.909,8443,6/3/2015,5/26/2015,19:22:41,7,30.1,AH0,255,32.6247633,Day,F,L,A,MYSE
151.909,8443,6/3/2015,5/28/2015,19:22:41,7,29.7,AH0,130,31.9095509,Day,F,L,A,MYSE
151.909,8443,6/3/2015,5/26/2015,19:22:43,7,30.1,AH0,254,32.6247633,Day,F,L,A,MYSE
151.909,8443,6/3/2015,5/28/2015,19:22:43,7,29.7,AH0,131,31.9095509,Day,F,L,A,MYSE
151.909,8443,6/3/2015,5/28/2015,19:22:45,7,29.7,AH0,135,31.9095509,Day,F,L,A,MYSE
151.909,8443,6/3/2015,5/25/2015,19:22:46,7,30.6,AH0,255,33.4590728,Day,F,L,A,MYSE
151.909,8443,6/3/2015,5/29/2015,19:22:46,7,33.3,AH0,252,36.9206321,Day,F,L,A,MYSE
151.909,8443,6/3/2015,5/28/2015,19:22:47,7,29.7,AH0,123,31.9095509,Day,F,L,A,MYSE
151.909,8443,6/3/2015,5/30/2015,19:22:47,7,36.1,AH0,249,38.9549973,Day,F,L,A,MYSE
151.909,8443,6/3/2015,5/25/2015,19:22:48,7,30.6,AH0,255,33.4590728,Day,F,L,A,MYSE
151.909,8443,6/3/2015,5/29/2015,19:22:48,7,33.3,AH0,249,36.9206321,Day,F,L,A,MYSE
151.909,8443,6/3/2015,5/30/2015,19:22:49,7,36.1,AH0,250,38.9549973,Day,F,L,A,MYSE
151.909,8443,6/3/2015,5/25/2015,19:22:50,7,30.6,AH0,255,33.4590728,Day,F,L,A,MYSE
151.909,8443,6/3/2015,5/29/2015,19:22:50,7,33.3,AH0,252,36.9206321,Day,F,L,A,MYSE
151.909,8443,6/3/2015,5/30/2015,19:22:51,7,36.1,AH0,250,38.9549973,Day,F,L,A,MYSE
151.909,8443,6/3/2015,5/24/2015,19:22:52,7,30.5,AH0,255,33.2974125,Day,F,L,A,MYSE
151.909,8443,6/3/2015,5/25/2015,19:22:52,7,30.6,AH0,255,33.4590728,Day,F,L,A,MYSE
151.909,8443,6/3/2015,5/29/2015,19:22:52,7,33.3,AH0,251,36.9206321,Day,F,L,A,MYSE
151.909,8443,6/3/2015,5/30/2015,19:22:52,7,36.1,AH0,247,38.9549973,Day,F,L,A,MYSE
151.909,8443,6/3/2015,5/24/2015,19:22:54,7,30.5,AH0,255,33.2974125,Day,F,L,A,MYSE
151.909,8443,6/3/2015,5/30/2015,19:22:54,7,36.1,AH0,250,38.9549973,Day,F,L,A,MYSE
151.909,8443,6/3/2015,5/24/2015,19:22:56,7,30.5,AH0,255,33.2974125,Day,F,L,A,MYSE
151.909,8443,6/3/2015,5/26/2015,19:22:57,7,30.1,AH0,255,32.6247633,Day,F,L,A,MYSE
151.909,8443,6/3/2015,5/24/2015,19:22:58,7,30.6,AH0,255,33.4590728,Day,F,L,A,MYSE
151.909,8443,6/3/2015,5/26/2015,19:22:59,7,30.1,AH0,255,32.6247633,Day,F,L,A,MYSE
151.909,8443,6/3/2015,5/26/2015,19:23:01,7,30.1,AH0,255,32.6247633,Day,F,L,A,MYSE
151.909,8443,6/3/2015,5/28/2015,19:23:01,7,29.8,AH0,110,32.0924136,Day,F,L,A,MYSE
151.909,8443,6/3/2015,5/26/2015,19:23:03,7,30.1,AH0,255,32.6247633,Day,F,L,A,MYSE
151.909,8443,6/3/2015,5/28/2015,19:23:03,7,29.8,AH0,132,32.0924136,Day,F,L,A,MYSE
151.909,8443,6/3/2015,5/28/2015,19:23:05,7,29.7,AH0,119,31.9095509,Day,F,L,A,MYSE
151.909,8443,6/3/2015,5/25/2015,19:23:06,7,30.6,AH0,255,33.4590728,Day,F,L,A,MYSE
151.909,8443,6/3/2015,5/29/2015,19:23:06,7,33.3,AH0,252,36.9206321,Day,F,L,A,MYSE
151.909,8443,6/3/2015,5/28/2015,19:23:07,7,29.7,AH0,135,31.9095509,Day,F,L,A,MYSE
151.909,8443,6/3/2015,5/30/2015,19:23:07,7,36.1,AH0,248,38.9549973,Day,F,L,A,MYSE
151.909,8443,6/3/2015,5/25/2015,19:23:08,7,30.6,AH0,255,33.4590728,Day,F,L,A,MYSE
151.909,8443,6/3/2015,5/29/2015,19:23:08,7,33.3,AH0,251,36.9206321,Day,F,L,A,MYSE
151.909,8443,6/3/2015,5/30/2015,19:23:09,7,36.1,AH0,250,38.9549973,Day,F,L,A,MYSE
151.909,8443,6/3/2015,5/25/2015,19:23:10,7,30.6,AH0,255,33.4590728,Day,F,L,A,MYSE
151.909,8443,6/3/2015,5/29/2015,19:23:10,7,33.3,AH0,252,36.9206321,Day,F,L,A,MYSE
151.909,8443,6/3/2015,5/25/2015,19:23:11,7,30.6,AH0,255,33.4590728,Day,F,L,A,MYSE
151.909,8443,6/3/2015,5/29/2015,19:23:11,7,33.3,AH0,251,36.9206321,Day,F,L,A,MYSE
151.909,8443,6/3/2015,5/30/2015,19:23:11,7,36.1,AH0,247,38.9549973,Day,F,L,A,MYSE
151.909,8443,6/3/2015,5/24/2015,19:23:12,7,30.6,AH0,255,33.4590728,Day,F,L,A,MYSE
151.909,8443,6/3/2015,5/30/2015,19:23:12,7,36.1,AH0,251,38.9549973,Day,F,L,A,MYSE
151.909,8443,6/3/2015,5/24/2015,19:23:14,7,30.6,AH0,255,33.4590728,Day,F,L,A,MYSE
151.909,8443,6/3/2015,5/30/2015,19:23:14,7,36.1,AH0,248,38.9549973,Day,F,L,A,MYSE
151.909,8443,6/3/2015,5/24/2015,19:23:16,7,30.6,AH0,255,33.4590728,Day,F,L,A,MYSE
151.909,8443,6/3/2015,5/26/2015,19:23:16,7,30.1,AH0,255,32.6247633,Day,F,L,A,MYSE
151.909,8443,6/3/2015,5/24/2015,19:23:18,7,30.6,AH0,255,33.4590728,Day,F,L,A,MYSE
151.909,8443,6/3/2015,5/26/2015,19:23:18,7,30.1,AH0,255,32.6247633,Day,F,L,A,MYSE
151.909,8443,6/3/2015,5/26/2015,19:23:20,7,30.1,AH0,255,32.6247633,Day,F,L,A,MYSE
151.909,8443,6/3/2015,5/26/2015,19:23:22,7,30.1,AH0,255,32.6247633,Day,F,L,A,MYSE
151.909,8443,6/3/2015,5/28/2015,19:23:22,7,29.7,AH0,131,31.9095509,Day,F,L,A,MYSE
151.909,8443,6/3/2015,5/28/2015,19:23:24,7,29.6,AH0,128,31.7239488,Day,F,L,A,MYSE
151.909,8443,6/3/2015,5/25/2015,19:23:25,7,30.6,AH0,255,33.4590728,Day,F,L,A,MYSE
151.909,8443,6/3/2015,5/28/2015,19:23:26,7,29.6,AH0,135,31.7239488,Day,F,L,A,MYSE
151.909,8443,6/3/2015,5/29/2015,19:23:26,7,33.3,AH0,249,36.9206321,Day,F,L,A,MYSE
151.909,8443,6/3/2015,5/25/2015,19:23:27,7,30.6,AH0,255,33.4590728,Day,F,L,A,MYSE
151.909,8443,6/3/2015,5/30/2015,19:23:27,7,36.1,AH0,249,38.9549973,Day,F,L,A,MYSE
151.909,8443,6/3/2015,5/28/2015,19:23:28,7,29.6,AH0,127,31.7239488,Day,F,L,A,MYSE
151.909,8443,6/3/2015,5/29/2015,19:23:28,7,33.3,AH0,251,36.9206321,Day,F,L,A,MYSE
151.909,8443,6/3/2015,5/25/2015,19:23:29,7,30.6,AH0,255,33.4590728,Day,F,L,A,MYSE
151.909,8443,6/3/2015,5/29/2015,19:23:29,7,33.3,AH0,251,36.9206321,Day,F,L,A,MYSE
151.909,8443,6/3/2015,5/30/2015,19:23:29,7,36.1,AH0,245,38.9549973,Day,F,L,A,MYSE
151.909,8443,6/3/2015,5/25/2015,19:23:31,7,30.6,AH0,255,33.4590728,Day,F,L,A,MYSE
151.909,8443,6/3/2015,5/29/2015,19:23:31,7,33.3,AH0,251,36.9206321,Day,F,L,A,MYSE
151.909,8443,6/3/2015,5/30/2015,19:23:31,7,36.1,AH0,248,38.9549973,Day,F,L,A,MYSE
151.909,8443,6/3/2015,5/24/2015,19:23:32,7,30.6,AH0,255,33.4590728,Day,F,L,A,MYSE
151.909,8443,6/3/2015,5/30/2015,19:23:32,7,36.1,AH0,249,38.9549973,Day,F,L,A,MYSE
151.909,8443,6/3/2015,5/24/2015,19:23:34,7,30.6,AH0,255,33.4590728,Day,F,L,A,MYSE
151.909,8443,6/3/2015,5/30/2015,19:23:34,7,36.1,AH0,248,38.9549973,Day,F,L,A,MYSE
151.909,8443,6/3/2015,5/24/2015,19:23:36,7,30.6,AH0,255,33.4590728,Day,F,L,A,MYSE
151.909,8443,6/3/2015,5/26/2015,19:23:36,7,30.1,AH0,255,32.6247633,Day,F,L,A,MYSE
151.909,8443,6/3/2015,5/24/2015,19:23:37,7,30.6,AH0,255,33.4590728,Day,F,L,A,MYSE
151.909,8443,6/3/2015,5/26/2015,19:23:38,7,30.1,AH0,254,32.6247633,Day,F,L,A,MYSE
151.909,8443,6/3/2015,5/26/2015,19:23:40,7,30.1,AH0,255,32.6247633,Day,F,L,A,MYSE
151.909,8443,6/3/2015,5/26/2015,19:23:42,7,30.1,AH0,255,32.6247633,Day,F,L,A,MYSE
151.909,8443,6/3/2015,5/28/2015,19:23:42,7,29.6,AH0,114,31.7239488,Day,F,L,A,MYSE
151.909,8443,6/3/2015,5/28/2015,19:23:44,7,29.6,AH0,113,31.7239488,Day,F,L,A,MYSE
151.909,8443,6/3/2015,5/25/2015,19:23:45,7,30.6,AH0,255,33.4590728,Day,F,L,A,MYSE
151.909,8443,6/3/2015,5/28/2015,19:23:46,7,29.6,AH0,108,31.7239488,Day,F,L,A,MYSE
151.909,8443,6/3/2015,5/29/2015,19:23:46,7,33.3,AH0,252,36.9206321,Day,F,L,A,MYSE
151.909,8443,6/3/2015,5/25/2015,19:23:47,7,30.6,AH0,255,33.4590728,Day,F,L,A,MYSE
151.909,8443,6/3/2015,5/29/2015,19:23:47,7,33.3,AH0,253,36.9206321,Day,F,L,A,MYSE
151.909,8443,6/3/2015,5/30/2015,19:23:47,7,36.1,AH0,249,38.9549973,Day,F,L,A,MYSE
151.909,8443,6/3/2015,5/28/2015,19:23:48,7,29.6,AH0,108,31.7239488,Day,F,L,A,MYSE
151.909,8443,6/3/2015,5/25/2015,19:23:49,7,30.6,AH0,255,33.4590728,Day,F,L,A,MYSE
151.909,8443,6/3/2015,5/29/2015,19:23:49,7,33.3,AH0,252,36.9206321,Day,F,L,A,MYSE
151.909,8443,6/3/2015,5/30/2015,19:23:49,7,36.1,AH0,248,38.9549973,Day,F,L,A,MYSE
151.909,8443,6/3/2015,5/24/2015,19:23:51,7,30.7,AH0,255,33.6181719,Day,F,L,A,MYSE
151.909,8443,6/3/2015,5/25/2015,19:23:51,7,30.6,AH0,255,33.4590728,Day,F,L,A,MYSE
151.909,8443,6/3/2015,5/29/2015,19:23:51,7,33.3,AH0,252,36.9206321,Day,F,L,A,MYSE
151.909,8443,6/3/2015,5/30/2015,19:23:51,7,36.1,AH0,249,38.9549973,Day,F,L,A,MYSE
151.909,8443,6/3/2015,5/30/2015,19:23:52,7,36.1,AH0,248,38.9549973,Day,F,L,A,MYSE
151.909,8443,6/3/2015,5/24/2015,19:23:53,7,30.7,AH0,255,33.6181719,Day,F,L,A,MYSE
151.909,8443,6/3/2015,5/30/2015,19:23:54,7,36.1,AH0,245,38.9549973,Day,F,L,A,MYSE
151.909,8443,6/3/2015,5/24/2015,19:23:55,7,30.7,AH0,255,33.6181719,Day,F,L,A,MYSE
151.909,8443,6/3/2015,5/26/2015,19:23:56,7,30.1,AH0,255,32.6247633,Day,F,L,A,MYSE
151.909,8443,6/3/2015,5/24/2015,19:23:57,7,30.7,AH0,255,33.6181719,Day,F,L,A,MYSE
151.909,8443,6/3/2015,5/26/2015,19:23:58,7,30.1,AH0,255,32.6247633,Day,F,L,A,MYSE
151.909,8443,6/3/2015,5/26/2015,19:24:00,7,30.1,AH0,254,32.6247633,Day,F,L,A,MYSE
151.909,8443,6/3/2015,5/28/2015,19:24:00,7,29.5,AH0,115,31.5355875,Day,F,L,A,MYSE
151.909,8443,6/3/2015,5/26/2015,19:24:02,7,30.1,AH0,254,32.6247633,Day,F,L,A,MYSE
151.909,8443,6/3/2015,5/28/2015,19:24:02,7,29.4,AH0,92,31.3444472,Day,F,L,A,MYSE
151.909,8443,6/3/2015,5/25/2015,19:24:04,7,30.6,AH0,255,33.4590728,Day,F,L,A,MYSE
151.909,8443,6/3/2015,5/28/2015,19:24:04,7,29.4,AH0,87,31.3444472,Day,F,L,A,MYSE
151.909,8443,6/3/2015,5/29/2015,19:24:05,7,33.3,AH0,250,36.9206321,Day,F,L,A,MYSE
151.909,8443,6/3/2015,5/25/2015,19:24:06,7,30.6,AH0,255,33.4590728,Day,F,L,A,MYSE
151.909,8443,6/3/2015,5/28/2015,19:24:06,7,29.4,AH0,103,31.3444472,Day,F,L,A,MYSE
151.909,8443,6/3/2015,5/29/2015,19:24:07,7,33.3,AH0,249,36.9206321,Day,F,L,A,MYSE
151.909,8443,6/3/2015,5/30/2015,19:24:07,7,36.2,AH0,242,39.0037224,Day,F,L,A,MYSE
151.909,8443,6/3/2015,5/25/2015,19:24:08,7,30.6,AH0,255,33.4590728,Day,F,L,A,MYSE
151.909,8443,6/3/2015,5/29/2015,19:24:09,7,33.3,AH0,251,36.9206321,Day,F,L,A,MYSE
151.909,8443,6/3/2015,5/30/2015,19:24:09,7,36.2,AH0,243,39.0037224,Day,F,L,A,MYSE
151.909,8443,6/3/2015,5/25/2015,19:24:10,7,30.6,AH0,255,33.4590728,Day,F,L,A,MYSE
151.909,8443,6/3/2015,5/30/2015,19:24:10,7,36.2,AH0,241,39.0037224,Day,F,L,A,MYSE
151.909,8443,6/3/2015,5/24/2015,19:24:11,7,30.7,AH0,255,33.6181719,Day,F,L,A,MYSE
151.909,8443,6/3/2015,5/29/2015,19:24:11,7,33.3,AH0,252,36.9206321,Day,F,L,A,MYSE
151.909,8443,6/3/2015,5/25/2015,19:24:12,7,30.6,AH0,255,33.4590728,Day,F,L,A,MYSE
151.909,8443,6/3/2015,5/30/2015,19:24:12,7,36.1,AH0,245,38.9549973,Day,F,L,A,MYSE
151.909,8443,6/3/2015,5/24/2015,19:24:13,7,30.7,AH0,255,33.6181719,Day,F,L,A,MYSE
151.909,8443,6/3/2015,5/29/2015,19:24:13,7,33.3,AH0,253,36.9206321,Day,F,L,A,MYSE
151.909,8443,6/3/2015,5/30/2015,19:24:14,7,36.1,AH0,245,38.9549973,Day,F,L,A,MYSE
151.909,8443,6/3/2015,5/24/2015,19:24:15,7,30.7,AH0,255,33.6181719,Day,F,L,A,MYSE
151.909,8443,6/3/2015,5/26/2015,19:24:16,7,30.1,AH0,254,32.6247633,Day,F,L,A,MYSE
151.909,8443,6/3/2015,5/24/2015,19:24:17,7,30.7,AH0,255,33.6181719,Day,F,L,A,MYSE
151.909,8443,6/3/2015,5/26/2015,19:24:18,7,30.1,AH0,255,32.6247633,Day,F,L,A,MYSE
151.909,8443,6/3/2015,5/26/2015,19:24:20,7,30.1,AH0,255,32.6247633,Day,F,L,A,MYSE
151.909,8443,6/3/2015,5/28/2015,19:24:21,7,29.3,AH0,100,31.1505081,Day,F,L,A,MYSE
151.909,8443,6/3/2015,5/26/2015,19:24:22,7,30.1,AH0,255,32.6247633,Day,F,L,A,MYSE
151.909,8443,6/3/2015,5/28/2015,19:24:23,7,29.3,AH0,97,31.1505081,Day,F,L,A,MYSE
151.909,8443,6/3/2015,5/28/2015,19:24:25,7,29.3,AH0,103,31.1505081,Day,F,L,A,MYSE
151.909,8443,6/3/2015,5/29/2015,19:24:25,7,33.3,AH0,252,36.9206321,Day,F,L,A,MYSE
151.909,8443,6/3/2015,5/25/2015,19:24:26,7,30.6,AH0,255,33.4590728,Day,F,L,A,MYSE
151.909,8443,6/3/2015,5/28/2015,19:24:27,7,29.3,AH0,99,31.1505081,Day,F,L,A,MYSE
151.909,8443,6/3/2015,5/29/2015,19:24:27,7,33.3,AH0,250,36.9206321,Day,F,L,A,MYSE
151.909,8443,6/3/2015,5/30/2015,19:24:27,7,36.1,AH0,244,38.9549973,Day,F,L,A,MYSE
151.909,8443,6/3/2015,5/25/2015,19:24:28,7,30.6,AH0,255,33.4590728,Day,F,L,A,MYSE
151.909,8443,6/3/2015,5/29/2015,19:24:29,7,33.3,AH0,251,36.9206321,Day,F,L,A,MYSE
151.909,8443,6/3/2015,5/30/2015,19:24:29,7,36.1,AH0,245,38.9549973,Day,F,L,A,MYSE
151.909,8443,6/3/2015,5/25/2015,19:24:30,7,30.6,AH0,255,33.4590728,Day,F,L,A,MYSE
151.909,8443,6/3/2015,5/30/2015,19:24:30,7,36.1,AH0,246,38.9549973,Day,F,L,A,MYSE
151.909,8443,6/3/2015,5/29/2015,19:24:31,7,33.3,AH0,251,36.9206321,Day,F,L,A,MYSE
151.909,8443,6/3/2015,5/24/2015,19:24:32,7,30.7,AH0,255,33.6181719,Day,F,L,A,MYSE
151.909,8443,6/3/2015,5/25/2015,19:24:32,7,30.6,AH0,255,33.4590728,Day,F,L,A,MYSE
151.909,8443,6/3/2015,5/29/2015,19:24:32,7,33.3,AH0,251,36.9206321,Day,F,L,A,MYSE
151.909,8443,6/3/2015,5/30/2015,19:24:32,7,36.1,AH0,242,38.9549973,Day,F,L,A,MYSE
151.909,8443,6/3/2015,5/24/2015,19:24:34,7,30.7,AH0,255,33.6181719,Day,F,L,A,MYSE
151.909,8443,6/3/2015,5/30/2015,19:24:34,7,36.1,AH0,246,38.9549973,Day,F,L,A,MYSE
151.909,8443,6/3/2015,5/24/2015,19:24:36,7,30.7,AH0,255,33.6181719,Day,F,L,A,MYSE
151.909,8443,6/3/2015,5/26/2015,19:24:36,7,30,AH0,255,32.45,Day,F,L,A,MYSE
151.909,8443,6/3/2015,5/24/2015,19:24:38,7,30.7,AH0,255,33.6181719,Day,F,L,A,MYSE
151.909,8443,6/3/2015,5/26/2015,19:24:38,7,30.1,AH0,254,32.6247633,Day,F,L,A,MYSE
151.909,8443,6/3/2015,5/26/2015,19:24:40,7,30,AH0,255,32.45,Day,F,L,A,MYSE
151.909,8443,6/3/2015,5/28/2015,19:24:41,7,29.3,AH0,109,31.1505081,Day,F,L,A,MYSE
151.909,8443,6/3/2015,5/26/2015,19:24:42,7,30,AH0,254,32.45,Day,F,L,A,MYSE
151.909,8443,6/3/2015,5/28/2015,19:24:43,7,29.2,AH0,111,30.9537504,Day,F,L,A,MYSE
151.909,8443,6/3/2015,5/29/2015,19:24:45,7,33.3,AH0,252,36.9206321,Day,F,L,A,MYSE
151.909,8443,6/3/2015,5/25/2015,19:24:46,7,30.6,AH0,255,33.4590728,Day,F,L,A,MYSE
151.909,8443,6/3/2015,5/29/2015,19:24:47,7,33.3,AH0,250,36.9206321,Day,F,L,A,MYSE
151.909,8443,6/3/2015,5/30/2015,19:24:47,7,36,AH0,242,38.9048,Day,F,L,A,MYSE
151.909,8443,6/3/2015,5/25/2015,19:24:48,7,30.6,AH0,255,33.4590728,Day,F,L,A,MYSE
151.909,8443,6/3/2015,5/29/2015,19:24:49,7,33.3,AH0,252,36.9206321,Day,F,L,A,MYSE
151.909,8443,6/3/2015,5/30/2015,19:24:49,7,36,AH0,245,38.9048,Day,F,L,A,MYSE
151.909,8443,6/3/2015,5/25/2015,19:24:50,7,30.6,AH0,255,33.4590728,Day,F,L,A,MYSE
151.909,8443,6/3/2015,5/30/2015,19:24:50,7,36,AH0,244,38.9048,Day,F,L,A,MYSE
151.909,8443,6/3/2015,5/29/2015,19:24:51,7,33.3,AH0,251,36.9206321,Day,F,L,A,MYSE
151.909,8443,6/3/2015,5/24/2015,19:24:52,7,30.7,AH0,255,33.6181719,Day,F,L,A,MYSE
151.909,8443,6/3/2015,5/25/2015,19:24:52,7,30.6,AH0,255,33.4590728,Day,F,L,A,MYSE
151.909,8443,6/3/2015,5/29/2015,19:24:52,7,33.3,AH0,251,36.9206321,Day,F,L,A,MYSE
151.909,8443,6/3/2015,5/30/2015,19:24:52,7,36,AH0,244,38.9048,Day,F,L,A,MYSE
151.909,8443,6/3/2015,5/24/2015,19:24:54,7,30.7,AH0,255,33.6181719,Day,F,L,A,MYSE
151.909,8443,6/3/2015,5/30/2015,19:24:54,7,36,AH0,242,38.9048,Day,F,L,A,MYSE
151.909,8443,6/3/2015,5/24/2015,19:24:56,7,30.7,AH0,255,33.6181719,Day,F,L,A,MYSE
151.909,8443,6/3/2015,5/26/2015,19:24:56,7,30,AH0,255,32.45,Day,F,L,A,MYSE
151.909,8443,6/3/2015,5/24/2015,19:24:58,7,30.7,AH0,255,33.6181719,Day,F,L,A,MYSE
151.909,8443,6/3/2015,5/26/2015,19:24:58,7,30,AH0,254,32.45,Day,F,L,A,MYSE
151.909,8443,6/3/2015,5/26/2015,19:25:00,7,30,AH0,255,32.45,Day,F,L,A,MYSE
151.909,8443,6/3/2015,5/26/2015,19:25:02,7,30,AH0,255,32.45,Day,F,L,A,MYSE
151.909,8443,6/3/2015,5/29/2015,19:25:05,7,33.3,AH0,252,36.9206321,Day,F,L,A,MYSE
151.909,8443,6/3/2015,5/25/2015,19:25:06,7,30.6,AH0,255,33.4590728,Day,F,L,A,MYSE
151.909,8443,6/3/2015,5/29/2015,19:25:07,7,33.3,AH0,251,36.9206321,Day,F,L,A,MYSE
151.909,8443,6/3/2015,5/30/2015,19:25:07,7,36,AH0,247,38.9048,Day,F,L,A,MYSE
151.909,8443,6/3/2015,5/25/2015,19:25:08,7,30.6,AH0,255,33.4590728,Day,F,L,A,MYSE
151.909,8443,6/3/2015,5/28/2015,19:25:08,7,29.2,AH0,91,30.9537504,Day,F,L,A,MYSE
151.909,8443,6/3/2015,5/29/2015,19:25:09,7,33.3,AH0,251,36.9206321,Day,F,L,A,MYSE
151.909,8443,6/3/2015,5/30/2015,19:25:09,7,36,AH0,247,38.9048,Day,F,L,A,MYSE
151.909,8443,6/3/2015,5/25/2015,19:25:10,7,30.6,AH0,255,33.4590728,Day,F,L,A,MYSE
151.909,8443,6/3/2015,5/28/2015,19:25:10,7,29.2,AH0,88,30.9537504,Day,F,L,A,MYSE
151.909,8443,6/3/2015,5/29/2015,19:25:10,7,33.3,AH0,251,36.9206321,Day,F,L,A,MYSE
151.909,8443,6/3/2015,5/30/2015,19:25:10,7,36,AH0,246,38.9048,Day,F,L,A,MYSE
151.909,8443,6/3/2015,5/24/2015,19:25:11,7,30.7,AH0,255,33.6181719,Day,F,L,A,MYSE
151.909,8443,6/3/2015,5/25/2015,19:25:12,7,30.6,AH0,255,33.4590728,Day,F,L,A,MYSE
151.909,8443,6/3/2015,5/28/2015,19:25:12,7,29.2,AH0,91,30.9537504,Day,F,L,A,MYSE
151.909,8443,6/3/2015,5/29/2015,19:25:12,7,33.3,AH0,250,36.9206321,Day,F,L,A,MYSE
151.909,8443,6/3/2015,5/30/2015,19:25:12,7,36,AH0,246,38.9048,Day,F,L,A,MYSE
151.909,8443,6/3/2015,5/24/2015,19:25:13,7,30.7,AH0,255,33.6181719,Day,F,L,A,MYSE
151.909,8443,6/3/2015,5/28/2015,19:25:14,7,29.2,AH0,84,30.9537504,Day,F,L,A,MYSE
151.909,8443,6/3/2015,5/30/2015,19:25:14,7,36,AH0,245,38.9048,Day,F,L,A,MYSE
151.909,8443,6/3/2015,5/24/2015,19:25:15,7,30.7,AH0,255,33.6181719,Day,F,L,A,MYSE
151.909,8443,6/3/2015,5/26/2015,19:25:16,7,30,AH0,255,32.45,Day,F,L,A,MYSE
151.909,8443,6/3/2015,5/24/2015,19:25:17,7,30.7,AH0,255,33.6181719,Day,F,L,A,MYSE
151.909,8443,6/3/2015,5/26/2015,19:25:18,7,30,AH0,255,32.45,Day,F,L,A,MYSE
151.909,8443,6/3/2015,5/26/2015,19:25:20,7,30,AH0,255,32.45,Day,F,L,A,MYSE
151.909,8443,6/3/2015,5/26/2015,19:25:22,7,30,AH0,255,32.45,Day,F,L,A,MYSE
151.909,8443,6/3/2015,5/29/2015,19:25:25,7,33.3,AH0,252,36.9206321,Day,F,L,A,MYSE
151.909,8443,6/3/2015,5/25/2015,19:25:26,7,30.6,AH0,255,33.4590728,Day,F,L,A,MYSE
151.909,8443,6/3/2015,5/29/2015,19:25:27,7,33.3,AH0,250,36.9206321,Day,F,L,A,MYSE
151.909,8443,6/3/2015,5/30/2015,19:25:27,7,35.9,AH0,247,38.8531107,Day,F,L,A,MYSE
151.909,8443,6/3/2015,5/25/2015,19:25:28,7,30.6,AH0,255,33.4590728,Day,F,L,A,MYSE
151.909,8443,6/3/2015,5/28/2015,19:25:28,7,29.2,AH0,88,30.9537504,Day,F,L,A,MYSE
151.909,8443,6/3/2015,5/29/2015,19:25:28,7,33.3,AH0,253,36.9206321,Day,F,L,A,MYSE
151.909,8443,6/3/2015,5/30/2015,19:25:29,7,35.9,AH0,243,38.8531107,Day,F,L,A,MYSE
151.909,8443,6/3/2015,5/25/2015,19:25:30,7,30.6,AH0,255,33.4590728,Day,F,L,A,MYSE
151.909,8443,6/3/2015,5/28/2015,19:25:30,7,29.2,AH0,90,30.9537504,Day,F,L,A,MYSE
151.909,8443,6/3/2015,5/29/2015,19:25:30,7,33.3,AH0,252,36.9206321,Day,F,L,A,MYSE
151.909,8443,6/3/2015,5/30/2015,19:25:30,7,35.9,AH0,245,38.8531107,Day,F,L,A,MYSE
151.909,8443,6/3/2015,5/24/2015,19:25:31,7,30.7,AH0,255,33.6181719,Day,F,L,A,MYSE
151.909,8443,6/3/2015,5/25/2015,19:25:32,7,30.6,AH0,255,33.4590728,Day,F,L,A,MYSE
151.909,8443,6/3/2015,5/28/2015,19:25:32,7,29.2,AH0,90,30.9537504,Day,F,L,A,MYSE
151.909,8443,6/3/2015,5/29/2015,19:25:32,7,33.3,AH0,251,36.9206321,Day,F,L,A,MYSE
151.909,8443,6/3/2015,5/30/2015,19:25:32,7,35.9,AH0,246,38.8531107,Day,F,L,A,MYSE
151.909,8443,6/3/2015,5/24/2015,19:25:33,7,30.7,AH0,255,33.6181719,Day,F,L,A,MYSE
151.909,8443,6/3/2015,5/30/2015,19:25:34,7,35.9,AH0,247,38.8531107,Day,F,L,A,MYSE
151.909,8443,6/3/2015,5/24/2015,19:25:35,7,30.7,AH0,255,33.6181719,Day,F,L,A,MYSE
151.909,8443,6/3/2015,5/26/2015,19:25:36,7,30,AH0,255,32.45,Day,F,L,A,MYSE
151.909,8443,6/3/2015,5/24/2015,19:25:37,7,30.7,AH0,255,33.6181719,Day,F,L,A,MYSE
151.909,8443,6/3/2015,5/26/2015,19:25:38,7,30,AH0,255,32.45,Day,F,L,A,MYSE
151.909,8443,6/3/2015,5/26/2015,19:25:40,7,30,AH0,255,32.45,Day,F,L,A,MYSE
151.909,8443,6/3/2015,5/26/2015,19:25:42,7,30,AH0,254,32.45,Day,F,L,A,MYSE
151.909,8443,6/3/2015,5/25/2015,19:25:46,7,30.6,AH0,255,33.4590728,Day,F,L,A,MYSE
151.909,8443,6/3/2015,5/29/2015,19:25:46,7,33.3,AH0,251,36.9206321,Day,F,L,A,MYSE
151.909,8443,6/3/2015,5/25/2015,19:25:47,7,30.6,AH0,255,33.4590728,Day,F,L,A,MYSE
151.909,8443,6/3/2015,5/28/2015,19:25:47,7,29.2,AH0,81,30.9537504,Day,F,L,A,MYSE
151.909,8443,6/3/2015,5/30/2015,19:25:47,7,35.9,AH0,243,38.8531107,Day,F,L,A,MYSE
151.909,8443,6/3/2015,5/29/2015,19:25:48,7,33.3,AH0,249,36.9206321,Day,F,L,A,MYSE
151.909,8443,6/3/2015,5/25/2015,19:25:49,7,30.6,AH0,255,33.4590728,Day,F,L,A,MYSE
151.909,8443,6/3/2015,5/28/2015,19:25:49,7,29.2,AH0,86,30.9537504,Day,F,L,A,MYSE
151.909,8443,6/3/2015,5/30/2015,19:25:49,7,35.9,AH0,246,38.8531107,Day,F,L,A,MYSE
151.909,8443,6/3/2015,5/24/2015,19:25:50,7,30.8,AH0,255,33.7747296,Day,F,L,A,MYSE
151.909,8443,6/3/2015,5/29/2015,19:25:50,7,33.3,AH0,249,36.9206321,Day,F,L,A,MYSE
151.909,8443,6/3/2015,5/30/2015,19:25:50,7,35.9,AH0,247,38.8531107,Day,F,L,A,MYSE
151.909,8443,6/3/2015,5/25/2015,19:25:51,7,30.6,AH0,255,33.4590728,Day,F,L,A,MYSE
151.909,8443,6/3/2015,5/28/2015,19:25:51,7,29.2,AH0,85,30.9537504,Day,F,L,A,MYSE
151.909,8443,6/3/2015,5/24/2015,19:25:52,7,30.7,AH0,255,33.6181719,Day,F,L,A,MYSE
151.909,8443,6/3/2015,5/29/2015,19:25:52,7,33.3,AH0,251,36.9206321,Day,F,L,A,MYSE
151.909,8443,6/3/2015,5/30/2015,19:25:52,7,35.9,AH0,244,38.8531107,Day,F,L,A,MYSE
151.909,8443,6/3/2015,5/25/2015,19:25:53,7,30.6,AH0,255,33.4590728,Day,F,L,A,MYSE
151.909,8443,6/3/2015,5/28/2015,19:25:53,7,29.2,AH0,87,30.9537504,Day,F,L,A,MYSE
151.909,8443,6/3/2015,5/24/2015,19:25:54,7,30.7,AH0,255,33.6181719,Day,F,L,A,MYSE
151.909,8443,6/3/2015,5/30/2015,19:25:54,7,35.9,AH0,245,38.8531107,Day,F,L,A,MYSE
151.909,8443,6/3/2015,5/24/2015,19:25:56,7,30.7,AH0,255,33.6181719,Day,F,L,A,MYSE
151.909,8443,6/3/2015,5/26/2015,19:25:56,7,30,AH0,254,32.45,Day,F,L,A,MYSE
151.909,8443,6/3/2015,5/24/2015,19:25:58,7,30.6,AH0,255,33.4590728,Day,F,L,A,MYSE
151.909,8443,6/3/2015,5/26/2015,19:25:58,7,30.1,AH0,255,32.6247633,Day,F,L,A,MYSE
151.909,8443,6/3/2015,5/26/2015,19:26:00,7,30,AH0,255,32.45,Day,F,L,A,MYSE
151.909,8443,6/3/2015,5/26/2015,19:26:02,7,30,AH0,255,32.45,Day,F,L,A,MYSE
151.909,8443,6/3/2015,5/29/2015,19:26:06,7,33.3,AH0,252,36.9206321,Day,F,L,A,MYSE
151.909,8443,6/3/2015,5/25/2015,19:26:07,7,30.6,AH0,255,33.4590728,Day,F,L,A,MYSE
151.909,8443,6/3/2015,5/28/2015,19:26:07,7,29.2,AH0,82,30.9537504,Day,F,L,A,MYSE
151.909,8443,6/3/2015,5/30/2015,19:26:07,7,35.8,AH0,243,38.7999096,Day,F,L,A,MYSE
151.909,8443,6/3/2015,5/29/2015,19:26:08,7,33.3,AH0,250,36.9206321,Day,F,L,A,MYSE
151.909,8443,6/3/2015,5/25/2015,19:26:09,7,30.6,AH0,255,33.4590728,Day,F,L,A,MYSE
151.909,8443,6/3/2015,5/28/2015,19:26:09,7,29.2,AH0,81,30.9537504,Day,F,L,A,MYSE
151.909,8443,6/3/2015,5/30/2015,19:26:09,7,35.8,AH0,246,38.7999096,Day,F,L,A,MYSE
151.909,8443,6/3/2015,5/29/2015,19:26:10,7,33.3,AH0,250,36.9206321,Day,F,L,A,MYSE
151.909,8443,6/3/2015,5/25/2015,19:26:11,7,30.6,AH0,255,33.4590728,Day,F,L,A,MYSE
151.909,8443,6/3/2015,5/28/2015,19:26:11,7,29.2,AH0,89,30.9537504,Day,F,L,A,MYSE
151.909,8443,6/3/2015,5/30/2015,19:26:11,7,35.8,AH0,245,38.7999096,Day,F,L,A,MYSE
151.909,8443,6/3/2015,5/24/2015,19:26:12,7,30.7,AH0,255,33.6181719,Day,F,L,A,MYSE
151.909,8443,6/3/2015,5/29/2015,19:26:12,7,33.3,AH0,251,36.9206321,Day,F,L,A,MYSE
151.909,8443,6/3/2015,5/30/2015,19:26:12,7,35.8,AH0,245,38.7999096,Day,F,L,A,MYSE
151.909,8443,6/3/2015,5/25/2015,19:26:13,7,30.6,AH0,255,33.4590728,Day,F,L,A,MYSE
151.909,8443,6/3/2015,5/24/2015,19:26:14,7,30.7,AH0,255,33.6181719,Day,F,L,A,MYSE
151.909,8443,6/3/2015,5/28/2015,19:26:14,7,29.2,AH0,87,30.9537504,Day,F,L,A,MYSE
151.909,8443,6/3/2015,5/30/2015,19:26:14,7,35.8,AH0,243,38.7999096,Day,F,L,A,MYSE
151.909,8443,6/3/2015,5/24/2015,19:26:16,7,30.7,AH0,255,33.6181719,Day,F,L,A,MYSE
151.909,8443,6/3/2015,5/26/2015,19:26:16,7,30.1,AH0,255,32.6247633,Day,F,L,A,MYSE
151.909,8443,6/3/2015,5/24/2015,19:26:18,7,30.7,AH0,255,33.6181719,Day,F,L,A,MYSE
151.909,8443,6/3/2015,5/26/2015,19:26:18,7,30,AH0,255,32.45,Day,F,L,A,MYSE
151.909,8443,6/3/2015,5/26/2015,19:26:20,7,30.1,AH0,255,32.6247633,Day,F,L,A,MYSE
151.909,8443,6/3/2015,5/26/2015,19:26:22,7,30.1,AH0,254,32.6247633,Day,F,L,A,MYSE
151.909,8443,6/3/2015,5/29/2015,19:26:26,7,33.3,AH0,250,36.9206321,Day,F,L,A,MYSE
151.909,8443,6/3/2015,5/25/2015,19:26:27,7,30.6,AH0,255,33.4590728,Day,F,L,A,MYSE
151.909,8443,6/3/2015,5/30/2015,19:26:27,7,35.8,AH0,245,38.7999096,Day,F,L,A,MYSE
151.909,8443,6/3/2015,5/28/2015,19:26:28,7,29.2,AH0,88,30.9537504,Day,F,L,A,MYSE
151.909,8443,6/3/2015,5/29/2015,19:26:28,7,33.3,AH0,249,36.9206321,Day,F,L,A,MYSE
151.909,8443,6/3/2015,5/25/2015,19:26:29,7,30.6,AH0,255,33.4590728,Day,F,L,A,MYSE
151.909,8443,6/3/2015,5/30/2015,19:26:29,7,35.8,AH0,246,38.7999096,Day,F,L,A,MYSE
151.909,8443,6/3/2015,5/28/2015,19:26:30,7,29.2,AH0,79,30.9537504,Day,F,L,A,MYSE
151.909,8443,6/3/2015,5/29/2015,19:26:30,7,33.3,AH0,250,36.9206321,Day,F,L,A,MYSE
151.909,8443,6/3/2015,5/25/2015,19:26:31,7,30.6,AH0,255,33.4590728,Day,F,L,A,MYSE
151.909,8443,6/3/2015,5/29/2015,19:26:31,7,33.3,AH0,250,36.9206321,Day,F,L,A,MYSE
151.909,8443,6/3/2015,5/30/2015,19:26:31,7,35.8,AH0,243,38.7999096,Day,F,L,A,MYSE
151.909,8443,6/3/2015,5/24/2015,19:26:32,7,30.7,AH0,255,33.6181719,Day,F,L,A,MYSE
151.909,8443,6/3/2015,5/28/2015,19:26:32,7,29.2,AH0,73,30.9537504,Day,F,L,A,MYSE
151.909,8443,6/3/2015,5/30/2015,19:26:32,7,35.8,AH0,246,38.7999096,Day,F,L,A,MYSE
151.909,8443,6/3/2015,5/25/2015,19:26:33,7,30.6,AH0,255,33.4590728,Day,F,L,A,MYSE
151.909,8443,6/3/2015,5/24/2015,19:26:34,7,30.7,AH0,255,33.6181719,Day,F,L,A,MYSE
151.909,8443,6/3/2015,5/28/2015,19:26:34,7,29.2,AH0,70,30.9537504,Day,F,L,A,MYSE
151.909,8443,6/3/2015,5/30/2015,19:26:34,7,35.8,AH0,238,38.7999096,Day,F,L,A,MYSE
151.909,8443,6/3/2015,5/24/2015,19:26:35,7,30.7,AH0,255,33.6181719,Day,F,L,A,MYSE
151.909,8443,6/3/2015,5/26/2015,19:26:36,7,30,AH0,255,32.45,Day,F,L,A,MYSE
151.909,8443,6/3/2015,5/24/2015,19:26:37,7,30.7,AH0,255,33.6181719,Day,F,L,A,MYSE
151.909,8443,6/3/2015,5/26/2015,19:26:38,7,30,AH0,254,32.45,Day,F,L,A,MYSE
151.909,8443,6/3/2015,5/26/2015,19:26:40,7,30,AH0,255,32.45,Day,F,L,A,MYSE
151.909,8443,6/3/2015,5/26/2015,19:26:42,7,30,AH0,255,32.45,Day,F,L,A,MYSE
151.909,8443,6/3/2015,5/25/2015,19:26:46,7,30.6,AH0,255,33.4590728,Day,F,L,A,MYSE
151.909,8443,6/3/2015,5/28/2015,19:26:46,7,29.3,AH0,65,31.1505081,Day,F,L,A,MYSE
151.909,8443,6/3/2015,5/29/2015,19:26:46,7,33.3,AH0,252,36.9206321,Day,F,L,A,MYSE
151.909,8443,6/3/2015,5/30/2015,19:26:47,7,35.8,AH0,244,38.7999096,Day,F,L,A,MYSE
151.909,8443,6/3/2015,5/25/2015,19:26:48,7,30.6,AH0,255,33.4590728,Day,F,L,A,MYSE
151.909,8443,6/3/2015,5/28/2015,19:26:48,7,29.2,AH0,56,30.9537504,Day,F,L,A,MYSE
151.909,8443,6/3/2015,5/29/2015,19:26:48,7,33.3,AH0,252,36.9206321,Day,F,L,A,MYSE
151.909,8443,6/3/2015,5/29/2015,19:26:49,7,33.2,AH0,252,36.8211744,Day,F,L,A,MYSE
151.909,8443,6/3/2015,5/30/2015,19:26:49,7,35.8,AH0,244,38.7999096,Day,F,L,A,MYSE
151.909,8443,6/3/2015,5/25/2015,19:26:50,7,30.6,AH0,255,33.4590728,Day,F,L,A,MYSE
151.909,8443,6/3/2015,5/24/2015,19:26:51,7,30.7,AH0,255,33.6181719,Day,F,L,A,MYSE
151.909,8443,6/3/2015,5/28/2015,19:26:51,7,29.2,AH0,68,30.9537504,Day,F,L,A,MYSE
151.909,8443,6/3/2015,5/29/2015,19:26:51,7,33.2,AH0,249,36.8211744,Day,F,L,A,MYSE
151.909,8443,6/3/2015,5/30/2015,19:26:51,7,35.8,AH0,242,38.7999096,Day,F,L,A,MYSE
151.909,8443,6/3/2015,5/25/2015,19:26:52,7,30.6,AH0,255,33.4590728,Day,F,L,A,MYSE
151.909,8443,6/3/2015,5/30/2015,19:26:52,7,35.8,AH0,244,38.7999096,Day,F,L,A,MYSE
151.909,8443,6/3/2015,5/24/2015,19:26:53,7,30.7,AH0,255,33.6181719,Day,F,L,A,MYSE
151.909,8443,6/3/2015,5/28/2015,19:26:53,7,29.2,AH0,62,30.9537504,Day,F,L,A,MYSE
151.909,8443,6/3/2015,5/30/2015,19:26:54,7,35.8,AH0,242,38.7999096,Day,F,L,A,MYSE
151.909,8443,6/3/2015,5/24/2015,19:26:55,7,30.7,AH0,255,33.6181719,Day,F,L,A,MYSE
151.909,8443,6/3/2015,5/26/2015,19:26:56,7,30,AH0,254,32.45,Day,F,L,A,MYSE
151.909,8443,6/3/2015,5/24/2015,19:26:57,7,30.7,AH0,255,33.6181719,Day,F,L,A,MYSE
151.909,8443,6/3/2015,5/26/2015,19:26:58,7,30,AH0,255,32.45,Day,F,L,A,MYSE
151.909,8443,6/3/2015,5/26/2015,19:27:00,7,30,AH0,254,32.45,Day,F,L,A,MYSE
151.909,8443,6/3/2015,5/26/2015,19:27:02,7,30,AH0,254,32.45,Day,F,L,A,MYSE
151.909,8443,6/3/2015,5/25/2015,19:27:06,7,30.6,AH0,255,33.4590728,Day,F,L,A,MYSE
151.909,8443,6/3/2015,5/29/2015,19:27:06,7,33.2,AH0,252,36.8211744,Day,F,L,A,MYSE
151.909,8443,6/3/2015,5/28/2015,19:27:07,7,29.2,AH0,63,30.9537504,Day,F,L,A,MYSE
151.909,8443,6/3/2015,5/25/2015,19:27:08,7,30.6,AH0,255,33.4590728,Day,F,L,A,MYSE
151.909,8443,6/3/2015,5/29/2015,19:27:08,7,33.2,AH0,253,36.8211744,Day,F,L,A,MYSE
151.909,8443,6/3/2015,5/30/2015,19:27:08,7,35.7,AH0,243,38.7451769,Day,F,L,A,MYSE
151.909,8443,6/3/2015,5/28/2015,19:27:09,7,29.2,AH0,60,30.9537504,Day,F,L,A,MYSE
151.909,8443,6/3/2015,5/29/2015,19:27:09,7,33.2,AH0,251,36.8211744,Day,F,L,A,MYSE
151.909,8443,6/3/2015,5/30/2015,19:27:09,7,35.7,AH0,242,38.7451769,Day,F,L,A,MYSE
151.909,8443,6/3/2015,5/25/2015,19:27:10,7,30.6,AH0,255,33.4590728,Day,F,L,A,MYSE
151.909,8443,6/3/2015,5/28/2015,19:27:11,7,29.1,AH0,59,30.7541543,Day,F,L,A,MYSE
151.909,8443,6/3/2015,5/29/2015,19:27:11,7,33.2,AH0,250,36.8211744,Day,F,L,A,MYSE
151.909,8443,6/3/2015,5/30/2015,19:27:11,7,35.7,AH0,243,38.7451769,Day,F,L,A,MYSE
151.909,8443,6/3/2015,5/24/2015,19:27:12,7,30.6,AH0,255,33.4590728,Day,F,L,A,MYSE
151.909,8443,6/3/2015,5/25/2015,19:27:12,7,30.6,AH0,255,33.4590728,Day,F,L,A,MYSE
151.909,8443,6/3/2015,5/28/2015,19:27:13,7,29.2,AH0,52,30.9537504,Day,F,L,A,MYSE
151.909,8443,6/3/2015,5/30/2015,19:27:13,7,35.7,AH0,243,38.7451769,Day,F,L,A,MYSE
151.909,8443,6/3/2015,5/24/2015,19:27:14,7,30.7,AH0,255,33.6181719,Day,F,L,A,MYSE
151.909,8443,6/3/2015,5/24/2015,19:27:16,7,30.7,AH0,255,33.6181719,Day,F,L,A,MYSE
151.909,8443,6/3/2015,5/26/2015,19:27:16,7,30,AH0,254,32.45,Day,F,L,A,MYSE
151.909,8443,6/3/2015,5/24/2015,19:27:18,7,30.7,AH0,255,33.6181719,Day,F,L,A,MYSE
151.909,8443,6/3/2015,5/26/2015,19:27:18,7,30,AH0,254,32.45,Day,F,L,A,MYSE
151.909,8443,6/3/2015,5/26/2015,19:27:20,7,30,AH0,255,32.45,Day,F,L,A,MYSE
151.909,8443,6/3/2015,5/26/2015,19:27:22,7,30,AH0,254,32.45,Day,F,L,A,MYSE
151.909,8443,6/3/2015,5/25/2015,19:27:25,7,30.6,AH0,255,33.4590728,Day,F,L,A,MYSE
151.909,8443,6/3/2015,5/29/2015,19:27:26,7,33.2,AH0,248,36.8211744,Day,F,L,A,MYSE
151.909,8443,6/3/2015,5/30/2015,19:27:26,7,35.7,AH0,244,38.7451769,Day,F,L,A,MYSE
151.909,8443,6/3/2015,5/25/2015,19:27:27,7,30.6,AH0,255,33.4590728,Day,F,L,A,MYSE
151.909,8443,6/3/2015,5/29/2015,19:27:27,7,33.2,AH0,252,36.8211744,Day,F,L,A,MYSE
151.909,8443,6/3/2015,5/28/2015,19:27:28,7,29.2,AH0,96,30.9537504,Day,F,L,A,MYSE
151.909,8443,6/3/2015,5/30/2015,19:27:28,7,35.7,AH0,243,38.7451769,Day,F,L,A,MYSE
151.909,8443,6/3/2015,5/25/2015,19:27:29,7,30.6,AH0,255,33.4590728,Day,F,L,A,MYSE
151.909,8443,6/3/2015,5/29/2015,19:27:29,7,33.2,AH0,251,36.8211744,Day,F,L,A,MYSE
151.909,8443,6/3/2015,5/30/2015,19:27:29,7,35.7,AH0,243,38.7451769,Day,F,L,A,MYSE
151.909,8443,6/3/2015,5/28/2015,19:27:30,7,29.1,AH0,76,30.7541543,Day,F,L,A,MYSE
151.909,8443,6/3/2015,5/25/2015,19:27:31,7,30.6,AH0,255,33.4590728,Day,F,L,A,MYSE
151.909,8443,6/3/2015,5/29/2015,19:27:31,7,33.2,AH0,253,36.8211744,Day,F,L,A,MYSE
151.909,8443,6/3/2015,5/30/2015,19:27:31,7,35.7,AH0,241,38.7451769,Day,F,L,A,MYSE
151.909,8443,6/3/2015,5/28/2015,19:27:32,7,29.1,AH0,103,30.7541543,Day,F,L,A,MYSE
151.909,8443,6/3/2015,5/24/2015,19:27:33,7,30.7,AH0,255,33.6181719,Day,F,L,A,MYSE
151.909,8443,6/3/2015,5/25/2015,19:27:33,7,30.6,AH0,255,33.4590728,Day,F,L,A,MYSE
151.909,8443,6/3/2015,5/30/2015,19:27:33,7,35.7,AH0,244,38.7451769,Day,F,L,A,MYSE
151.909,8443,6/3/2015,5/28/2015,19:27:34,7,29.2,AH0,83,30.9537504,Day,F,L,A,MYSE
151.909,8443,6/3/2015,5/24/2015,19:27:35,7,30.7,AH0,255,33.6181719,Day,F,L,A,MYSE
151.909,8443,6/3/2015,5/26/2015,19:27:36,7,30,AH0,254,32.45,Day,F,L,A,MYSE
151.909,8443,6/3/2015,5/24/2015,19:27:37,7,30.7,AH0,255,33.6181719,Day,F,L,A,MYSE
151.909,8443,6/3/2015,5/26/2015,19:27:38,7,30,AH0,255,32.45,Day,F,L,A,MYSE
151.909,8443,6/3/2015,5/24/2015,19:27:39,7,30.7,AH0,255,33.6181719,Day,F,L,A,MYSE
151.909,8443,6/3/2015,5/26/2015,19:27:40,7,30,AH0,255,32.45,Day,F,L,A,MYSE
151.909,8443,6/3/2015,5/26/2015,19:27:42,7,30,AH0,255,32.45,Day,F,L,A,MYSE
151.909,8443,6/3/2015,5/29/2015,19:27:45,7,33.2,AH0,253,36.8211744,Day,F,L,A,MYSE
151.909,8443,6/3/2015,5/30/2015,19:27:46,7,35.6,AH0,241,38.6888928,Day,F,L,A,MYSE
151.909,8443,6/3/2015,5/25/2015,19:27:47,7,30.6,AH0,255,33.4590728,Day,F,L,A,MYSE
151.909,8443,6/3/2015,5/29/2015,19:27:47,7,33.2,AH0,251,36.8211744,Day,F,L,A,MYSE
151.909,8443,6/3/2015,5/28/2015,19:27:48,7,29.2,AH0,109,30.9537504,Day,F,L,A,MYSE
151.909,8443,6/3/2015,5/30/2015,19:27:48,7,35.6,AH0,241,38.6888928,Day,F,L,A,MYSE
151.909,8443,6/3/2015,5/25/2015,19:27:49,7,30.6,AH0,255,33.4590728,Day,F,L,A,MYSE
151.909,8443,6/3/2015,5/29/2015,19:27:49,7,33.2,AH0,252,36.8211744,Day,F,L,A,MYSE
151.909,8443,6/3/2015,5/28/2015,19:27:50,7,29.2,AH0,105,30.9537504,Day,F,L,A,MYSE
151.909,8443,6/3/2015,5/30/2015,19:27:50,7,35.6,AH0,244,38.6888928,Day,F,L,A,MYSE
151.909,8443,6/3/2015,5/25/2015,19:27:51,7,30.6,AH0,255,33.4590728,Day,F,L,A,MYSE
151.909,8443,6/3/2015,5/29/2015,19:27:51,7,33.2,AH0,250,36.8211744,Day,F,L,A,MYSE
151.909,8443,6/3/2015,5/30/2015,19:27:51,7,35.6,AH0,244,38.6888928,Day,F,L,A,MYSE
151.909,8443,6/3/2015,5/28/2015,19:27:52,7,29.2,AH0,119,30.9537504,Day,F,L,A,MYSE
151.909,8443,6/3/2015,5/24/2015,19:27:53,7,30.7,AH0,255,33.6181719,Day,F,L,A,MYSE
151.909,8443,6/3/2015,5/25/2015,19:27:53,7,30.6,AH0,255,33.4590728,Day,F,L,A,MYSE
151.909,8443,6/3/2015,5/29/2015,19:27:53,7,33.2,AH0,250,36.8211744,Day,F,L,A,MYSE
151.909,8443,6/3/2015,5/30/2015,19:27:53,7,35.6,AH0,245,38.6888928,Day,F,L,A,MYSE
151.909,8443,6/3/2015,5/24/2015,19:27:55,7,30.7,AH0,255,33.6181719,Day,F,L,A,MYSE
151.909,8443,6/3/2015,5/26/2015,19:27:56,7,30,AH0,255,32.45,Day,F,L,A,MYSE
151.909,8443,6/3/2015,5/24/2015,19:27:57,7,30.7,AH0,255,33.6181719,Day,F,L,A,MYSE
151.909,8443,6/3/2015,5/26/2015,19:27:58,7,30,AH0,255,32.45,Day,F,L,A,MYSE
151.909,8443,6/3/2015,5/24/2015,19:27:59,7,30.6,AH0,255,33.4590728,Day,F,L,A,MYSE
151.909,8443,6/3/2015,5/26/2015,19:28:00,7,30,AH0,253,32.45,Day,F,L,A,MYSE
151.909,8443,6/3/2015,5/26/2015,19:28:02,7,30,AH0,254,32.45,Day,F,L,A,MYSE
151.909,8443,6/3/2015,5/29/2015,19:28:05,7,33.2,AH0,253,36.8211744,Day,F,L,A,MYSE
151.909,8443,6/3/2015,5/25/2015,19:28:07,7,30.6,AH0,255,33.4590728,Day,F,L,A,MYSE
151.909,8443,6/3/2015,5/28/2015,19:28:07,7,29.2,AH0,123,30.9537504,Day,F,L,A,MYSE
151.909,8443,6/3/2015,5/29/2015,19:28:07,7,33.2,AH0,253,36.8211744,Day,F,L,A,MYSE
151.909,8443,6/3/2015,5/30/2015,19:28:07,7,35.6,AH0,243,38.6888928,Day,F,L,A,MYSE
151.909,8443,6/3/2015,5/30/2015,19:28:08,7,35.6,AH0,241,38.6888928,Day,F,L,A,MYSE
151.909,8443,6/3/2015,5/25/2015,19:28:09,7,30.6,AH0,255,33.4590728,Day,F,L,A,MYSE
151.909,8443,6/3/2015,5/28/2015,19:28:09,7,29.2,AH0,123,30.9537504,Day,F,L,A,MYSE
151.909,8443,6/3/2015,5/29/2015,19:28:09,7,33.2,AH0,252,36.8211744,Day,F,L,A,MYSE
151.909,8443,6/3/2015,5/30/2015,19:28:10,7,35.6,AH0,243,38.6888928,Day,F,L,A,MYSE
151.909,8443,6/3/2015,5/25/2015,19:28:11,7,30.6,AH0,255,33.4590728,Day,F,L,A,MYSE
151.909,8443,6/3/2015,5/28/2015,19:28:11,7,29.2,AH0,105,30.9537504,Day,F,L,A,MYSE
151.909,8443,6/3/2015,5/29/2015,19:28:11,7,33.2,AH0,252,36.8211744,Day,F,L,A,MYSE
151.909,8443,6/3/2015,5/24/2015,19:28:12,7,30.6,AH0,255,33.4590728,Day,F,L,A,MYSE
151.909,8443,6/3/2015,5/25/2015,19:28:12,7,30.6,AH0,255,33.4590728,Day,F,L,A,MYSE
151.909,8443,6/3/2015,5/30/2015,19:28:12,7,35.6,AH0,243,38.6888928,Day,F,L,A,MYSE
151.909,8443,6/3/2015,5/28/2015,19:28:13,7,29.2,AH0,108,30.9537504,Day,F,L,A,MYSE
151.909,8443,6/3/2015,5/29/2015,19:28:13,7,33.2,AH0,251,36.8211744,Day,F,L,A,MYSE
151.909,8443,6/3/2015,5/30/2015,19:28:13,7,35.6,AH0,243,38.6888928,Day,F,L,A,MYSE
151.909,8443,6/3/2015,5/24/2015,19:28:14,7,30.6,AH0,255,33.4590728,Day,F,L,A,MYSE
151.909,8443,6/3/2015,5/24/2015,19:28:16,7,30.6,AH0,255,33.4590728,Day,F,L,A,MYSE
151.909,8443,6/3/2015,5/26/2015,19:28:16,7,30,AH0,254,32.45,Day,F,L,A,MYSE
151.909,8443,6/3/2015,5/24/2015,19:28:18,7,30.6,AH0,255,33.4590728,Day,F,L,A,MYSE
151.909,8443,6/3/2015,5/26/2015,19:28:18,7,30,AH0,255,32.45,Day,F,L,A,MYSE
151.909,8443,6/3/2015,5/26/2015,19:28:20,7,30,AH0,255,32.45,Day,F,L,A,MYSE
151.909,8443,6/3/2015,5/26/2015,19:28:22,7,30,AH0,255,32.45,Day,F,L,A,MYSE
151.909,8443,6/3/2015,5/29/2015,19:28:25,7,33.2,AH0,252,36.8211744,Day,F,L,A,MYSE
151.909,8443,6/3/2015,5/25/2015,19:28:26,7,30.6,AH0,255,33.4590728,Day,F,L,A,MYSE
151.909,8443,6/3/2015,5/28/2015,19:28:27,7,29.2,AH0,60,30.9537504,Day,F,L,A,MYSE
151.909,8443,6/3/2015,5/29/2015,19:28:27,7,33.2,AH0,250,36.8211744,Day,F,L,A,MYSE
151.909,8443,6/3/2015,5/30/2015,19:28:27,7,35.6,AH0,243,38.6888928,Day,F,L,A,MYSE
151.909,8443,6/3/2015,5/25/2015,19:28:28,7,30.6,AH0,255,33.4590728,Day,F,L,A,MYSE
151.909,8443,6/3/2015,5/30/2015,19:28:28,7,35.6,AH0,243,38.6888928,Day,F,L,A,MYSE
151.909,8443,6/3/2015,5/28/2015,19:28:29,7,29.2,AH0,84,30.9537504,Day,F,L,A,MYSE
151.909,8443,6/3/2015,5/29/2015,19:28:29,7,33.2,AH0,252,36.8211744,Day,F,L,A,MYSE
151.909,8443,6/3/2015,5/25/2015,19:28:30,7,30.6,AH0,255,33.4590728,Day,F,L,A,MYSE
151.909,8443,6/3/2015,5/30/2015,19:28:30,7,35.6,AH0,244,38.6888928,Day,F,L,A,MYSE
151.909,8443,6/3/2015,5/28/2015,19:28:31,7,29.2,AH0,88,30.9537504,Day,F,L,A,MYSE
151.909,8443,6/3/2015,5/29/2015,19:28:31,7,33.2,AH0,252,36.8211744,Day,F,L,A,MYSE
151.909,8443,6/3/2015,5/24/2015,19:28:32,7,30.7,AH0,255,33.6181719,Day,F,L,A,MYSE
151.909,8443,6/3/2015,5/25/2015,19:28:32,7,30.6,AH0,255,33.4590728,Day,F,L,A,MYSE
151.909,8443,6/3/2015,5/29/2015,19:28:32,7,33.2,AH0,251,36.8211744,Day,F,L,A,MYSE
151.909,8443,6/3/2015,5/30/2015,19:28:32,7,35.6,AH0,245,38.6888928,Day,F,L,A,MYSE
151.909,8443,6/3/2015,5/28/2015,19:28:33,7,29.2,AH0,90,30.9537504,Day,F,L,A,MYSE
151.909,8443,6/3/2015,5/30/2015,19:28:33,7,35.6,AH0,244,38.6888928,Day,F,L,A,MYSE
151.909,8443,6/3/2015,5/24/2015,19:28:34,7,30.7,AH0,255,33.6181719,Day,F,L,A,MYSE
151.909,8443,6/3/2015,5/24/2015,19:28:36,7,30.7,AH0,255,33.6181719,Day,F,L,A,MYSE
151.909,8443,6/3/2015,5/26/2015,19:28:36,7,30,AH0,254,32.45,Day,F,L,A,MYSE
151.909,8443,6/3/2015,5/24/2015,19:28:38,7,30.7,AH0,255,33.6181719,Day,F,L,A,MYSE
151.909,8443,6/3/2015,5/26/2015,19:28:38,7,30,AH0,255,32.45,Day,F,L,A,MYSE
151.909,8443,6/3/2015,5/26/2015,19:28:40,7,30,AH0,254,32.45,Day,F,L,A,MYSE
151.909,8443,6/3/2015,5/26/2015,19:28:42,7,30,AH0,255,32.45,Day,F,L,A,MYSE
151.909,8443,6/3/2015,5/29/2015,19:28:45,7,33.2,AH0,253,36.8211744,Day,F,L,A,MYSE
151.909,8443,6/3/2015,5/25/2015,19:28:46,7,30.6,AH0,255,33.4590728,Day,F,L,A,MYSE
151.909,8443,6/3/2015,5/29/2015,19:28:47,7,33.2,AH0,252,36.8211744,Day,F,L,A,MYSE
151.909,8443,6/3/2015,5/30/2015,19:28:47,7,35.6,AH0,239,38.6888928,Day,F,L,A,MYSE
151.909,8443,6/3/2015,5/25/2015,19:28:48,7,30.6,AH0,255,33.4590728,Day,F,L,A,MYSE
151.909,8443,6/3/2015,5/28/2015,19:28:48,7,29.2,AH0,86,30.9537504,Day,F,L,A,MYSE
151.909,8443,6/3/2015,5/29/2015,19:28:49,7,33.2,AH0,252,36.8211744,Day,F,L,A,MYSE
151.909,8443,6/3/2015,5/30/2015,19:28:49,7,35.6,AH0,242,38.6888928,Day,F,L,A,MYSE
151.909,8443,6/3/2015,5/25/2015,19:28:50,7,30.6,AH0,255,33.4590728,Day,F,L,A,MYSE
151.909,8443,6/3/2015,5/28/2015,19:28:50,7,29.2,AH0,52,30.9537504,Day,F,L,A,MYSE
151.909,8443,6/3/2015,5/30/2015,19:28:50,7,35.6,AH0,243,38.6888928,Day,F,L,A,MYSE
151.909,8443,6/3/2015,5/29/2015,19:28:51,7,33.2,AH0,253,36.8211744,Day,F,L,A,MYSE
151.909,8443,6/3/2015,5/24/2015,19:28:52,7,30.7,AH0,255,33.6181719,Day,F,L,A,MYSE
151.909,8443,6/3/2015,5/25/2015,19:28:52,7,30.6,AH0,255,33.4590728,Day,F,L,A,MYSE
151.909,8443,6/3/2015,5/28/2015,19:28:52,7,29.3,AH0,50,31.1505081,Day,F,L,A,MYSE
151.909,8443,6/3/2015,5/29/2015,19:28:52,7,33.2,AH0,250,36.8211744,Day,F,L,A,MYSE
151.909,8443,6/3/2015,5/30/2015,19:28:52,7,35.6,AH0,242,38.6888928,Day,F,L,A,MYSE
151.909,8443,6/3/2015,5/24/2015,19:28:54,7,30.7,AH0,255,33.6181719,Day,F,L,A,MYSE
151.909,8443,6/3/2015,5/28/2015,19:28:54,7,29.4,AH0,54,31.3444472,Day,F,L,A,MYSE
151.909,8443,6/3/2015,5/30/2015,19:28:54,7,35.6,AH0,242,38.6888928,Day,F,L,A,MYSE
151.909,8443,6/3/2015,5/24/2015,19:28:55,7,30.7,AH0,255,33.6181719,Day,F,L,A,MYSE
151.909,8443,6/3/2015,5/26/2015,19:28:56,7,29.9,AH0,254,32.2725567,Day,F,L,A,MYSE
151.909,8443,6/3/2015,5/24/2015,19:28:57,7,30.6,AH0,255,33.4590728,Day,F,L,A,MYSE
151.909,8443,6/3/2015,5/26/2015,19:28:58,7,30,AH0,255,32.45,Day,F,L,A,MYSE
151.909,8443,6/3/2015,5/24/2015,19:28:59,7,30.6,AH0,255,33.4590728,Day,F,L,A,MYSE
151.909,8443,6/3/2015,5/26/2015,19:29:00,7,29.9,AH0,253,32.2725567,Day,F,L,A,MYSE
151.909,8443,6/3/2015,5/26/2015,19:29:02,7,29.9,AH0,254,32.2725567,Day,F,L,A,MYSE
151.909,8443,6/3/2015,5/25/2015,19:29:05,7,30.9,AH0,255,33.9287657,Day,F,L,A,MYSE
151.909,8443,6/3/2015,5/29/2015,19:29:05,7,33.2,AH0,252,36.8211744,Day,F,L,A,MYSE
151.909,8443,6/3/2015,5/25/2015,19:29:07,7,30.7,AH0,255,33.6181719,Day,F,L,A,MYSE
151.909,8443,6/3/2015,5/29/2015,19:29:07,7,33.2,AH0,252,36.8211744,Day,F,L,A,MYSE
151.909,8443,6/3/2015,5/30/2015,19:29:07,7,35.6,AH0,242,38.6888928,Day,F,L,A,MYSE
151.909,8443,6/3/2015,5/28/2015,19:29:08,7,29.2,AH0,74,30.9537504,Day,F,L,A,MYSE
151.909,8443,6/3/2015,5/25/2015,19:29:09,7,30.6,AH0,255,33.4590728,Day,F,L,A,MYSE
151.909,8443,6/3/2015,5/29/2015,19:29:09,7,33.2,AH0,252,36.8211744,Day,F,L,A,MYSE
151.909,8443,6/3/2015,5/30/2015,19:29:09,7,35.6,AH0,242,38.6888928,Day,F,L,A,MYSE
151.909,8443,6/3/2015,5/28/2015,19:29:10,7,29.2,AH0,48,30.9537504,Day,F,L,A,MYSE
151.909,8443,6/3/2015,5/29/2015,19:29:10,7,33.2,AH0,249,36.8211744,Day,F,L,A,MYSE
151.909,8443,6/3/2015,5/25/2015,19:29:11,7,30.6,AH0,255,33.4590728,Day,F,L,A,MYSE
151.909,8443,6/3/2015,5/30/2015,19:29:11,7,35.6,AH0,243,38.6888928,Day,F,L,A,MYSE
151.909,8443,6/3/2015,5/28/2015,19:29:12,7,29.3,AH0,50,31.1505081,Day,F,L,A,MYSE
151.909,8443,6/3/2015,5/29/2015,19:29:12,7,33.2,AH0,252,36.8211744,Day,F,L,A,MYSE
151.909,8443,6/3/2015,5/30/2015,19:29:12,7,35.6,AH0,243,38.6888928,Day,F,L,A,MYSE
151.909,8443,6/3/2015,5/24/2015,19:29:13,7,30.6,AH0,255,33.4590728,Day,F,L,A,MYSE
151.909,8443,6/3/2015,5/25/2015,19:29:13,7,30.7,AH0,255,33.6181719,Day,F,L,A,MYSE
151.909,8443,6/3/2015,5/30/2015,19:29:14,7,35.6,AH0,243,38.6888928,Day,F,L,A,MYSE
151.909,8443,6/3/2015,5/24/2015,19:29:15,7,30.7,AH0,255,33.6181719,Day,F,L,A,MYSE
151.909,8443,6/3/2015,5/26/2015,19:29:16,7,29.9,AH0,255,32.2725567,Day,F,L,A,MYSE
151.909,8443,6/3/2015,5/24/2015,19:29:17,7,30.7,AH0,255,33.6181719,Day,F,L,A,MYSE
151.909,8443,6/3/2015,5/26/2015,19:29:18,7,29.9,AH0,254,32.2725567,Day,F,L,A,MYSE
151.909,8443,6/3/2015,5/24/2015,19:29:19,7,30.7,AH0,255,33.6181719,Day,F,L,A,MYSE
151.909,8443,6/3/2015,5/26/2015,19:29:20,7,29.9,AH0,255,32.2725567,Day,F,L,A,MYSE
151.909,8443,6/3/2015,5/26/2015,19:29:22,7,29.9,AH0,254,32.2725567,Day,F,L,A,MYSE
151.909,8443,6/3/2015,5/29/2015,19:29:25,7,33.2,AH0,253,36.8211744,Day,F,L,A,MYSE
151.909,8443,6/3/2015,5/25/2015,19:29:27,7,30.7,AH0,255,33.6181719,Day,F,L,A,MYSE
151.909,8443,6/3/2015,5/28/2015,19:29:27,7,29.2,AH0,83,30.9537504,Day,F,L,A,MYSE
151.909,8443,6/3/2015,5/29/2015,19:29:27,7,33.2,AH0,252,36.8211744,Day,F,L,A,MYSE
151.909,8443,6/3/2015,5/30/2015,19:29:27,7,35.7,AH0,242,38.7451769,Day,F,L,A,MYSE
151.909,8443,6/3/2015,5/29/2015,19:29:28,7,33.2,AH0,252,36.8211744,Day,F,L,A,MYSE
151.909,8443,6/3/2015,5/25/2015,19:29:29,7,30.7,AH0,255,33.6181719,Day,F,L,A,MYSE
151.909,8443,6/3/2015,5/28/2015,19:29:29,7,29.2,AH0,87,30.9537504,Day,F,L,A,MYSE
151.909,8443,6/3/2015,5/30/2015,19:29:29,7,35.6,AH0,240,38.6888928,Day,F,L,A,MYSE
151.909,8443,6/3/2015,5/29/2015,19:29:30,7,33.2,AH0,253,36.8211744,Day,F,L,A,MYSE
151.909,8443,6/3/2015,5/25/2015,19:29:31,7,30.7,AH0,255,33.6181719,Day,F,L,A,MYSE
151.909,8443,6/3/2015,5/28/2015,19:29:31,7,29.2,AH0,75,30.9537504,Day,F,L,A,MYSE
151.909,8443,6/3/2015,5/30/2015,19:29:31,7,35.6,AH0,243,38.6888928,Day,F,L,A,MYSE
151.909,8443,6/3/2015,5/29/2015,19:29:32,7,33.2,AH0,250,36.8211744,Day,F,L,A,MYSE
151.909,8443,6/3/2015,5/30/2015,19:29:32,7,35.7,AH0,243,38.7451769,Day,F,L,A,MYSE
151.909,8443,6/3/2015,5/24/2015,19:29:33,7,30.6,AH0,255,33.4590728,Day,F,L,A,MYSE
151.909,8443,6/3/2015,5/25/2015,19:29:33,7,30.7,AH0,255,33.6181719,Day,F,L,A,MYSE
151.909,8443,6/3/2015,5/28/2015,19:29:33,7,29.2,AH0,66,30.9537504,Day,F,L,A,MYSE
151.909,8443,6/3/2015,5/30/2015,19:29:34,7,35.6,AH0,242,38.6888928,Day,F,L,A,MYSE
151.909,8443,6/3/2015,5/24/2015,19:29:35,7,30.6,AH0,255,33.4590728,Day,F,L,A,MYSE
151.909,8443,6/3/2015,5/24/2015,19:29:37,7,30.6,AH0,255,33.4590728,Day,F,L,A,MYSE
151.909,8443,6/3/2015,5/26/2015,19:29:37,7,29.9,AH0,254,32.2725567,Day,F,L,A,MYSE
151.909,8443,6/3/2015,5/24/2015,19:29:39,7,30.6,AH0,255,33.4590728,Day,F,L,A,MYSE
151.909,8443,6/3/2015,5/26/2015,19:29:39,7,29.9,AH0,255,32.2725567,Day,F,L,A,MYSE
151.909,8443,6/3/2015,5/26/2015,19:29:41,7,29.9,AH0,255,32.2725567,Day,F,L,A,MYSE
151.909,8443,6/3/2015,5/26/2015,19:29:43,7,29.9,AH0,255,32.2725567,Day,F,L,A,MYSE
151.909,8443,6/3/2015,5/29/2015,19:29:45,7,33.2,AH0,252,36.8211744,Day,F,L,A,MYSE
151.909,8443,6/3/2015,5/25/2015,19:29:46,7,30.7,AH0,255,33.6181719,Day,F,L,A,MYSE
151.909,8443,6/3/2015,5/30/2015,19:29:46,7,35.6,AH0,242,38.6888928,Day,F,L,A,MYSE
151.909,8443,6/3/2015,5/28/2015,19:29:47,7,29.1,AH0,109,30.7541543,Day,F,L,A,MYSE
151.909,8443,6/3/2015,5/29/2015,19:29:47,7,33.3,AH0,250,36.9206321,Day,F,L,A,MYSE
151.909,8443,6/3/2015,5/25/2015,19:29:48,7,30.7,AH0,255,33.6181719,Day,F,L,A,MYSE
151.909,8443,6/3/2015,5/29/2015,19:29:48,7,33.3,AH0,250,36.9206321,Day,F,L,A,MYSE
151.909,8443,6/3/2015,5/30/2015,19:29:48,7,35.6,AH0,243,38.6888928,Day,F,L,A,MYSE
151.909,8443,6/3/2015,5/28/2015,19:29:49,7,29.1,AH0,105,30.7541543,Day,F,L,A,MYSE
151.909,8443,6/3/2015,5/30/2015,19:29:49,7,35.7,AH0,243,38.7451769,Day,F,L,A,MYSE
151.909,8443,6/3/2015,5/25/2015,19:29:50,7,30.7,AH0,255,33.6181719,Day,F,L,A,MYSE
151.909,8443,6/3/2015,5/29/2015,19:29:50,7,33.3,AH0,252,36.9206321,Day,F,L,A,MYSE
151.909,8443,6/3/2015,5/30/2015,19:29:51,7,35.7,AH0,242,38.7451769,Day,F,L,A,MYSE
151.909,8443,6/3/2015,5/24/2015,19:29:52,7,30.7,AH0,255,33.6181719,Day,F,L,A,MYSE
151.909,8443,6/3/2015,5/25/2015,19:29:52,7,30.7,AH0,255,33.6181719,Day,F,L,A,MYSE
151.909,8443,6/3/2015,5/28/2015,19:29:52,7,29.1,AH0,76,30.7541543,Day,F,L,A,MYSE
151.909,8443,6/3/2015,5/29/2015,19:29:52,7,33.3,AH0,252,36.9206321,Day,F,L,A,MYSE
151.909,8443,6/3/2015,5/30/2015,19:29:53,7,35.6,AH0,244,38.6888928,Day,F,L,A,MYSE
151.909,8443,6/3/2015,5/24/2015,19:29:54,7,30.7,AH0,255,33.6181719,Day,F,L,A,MYSE
151.909,8443,6/3/2015,5/28/2015,19:29:54,7,29.1,AH0,55,30.7541543,Day,F,L,A,MYSE
151.909,8443,6/3/2015,5/24/2015,19:29:56,7,30.7,AH0,255,33.6181719,Day,F,L,A,MYSE
151.909,8443,6/3/2015,5/26/2015,19:29:57,7,29.9,AH0,255,32.2725567,Day,F,L,A,MYSE
151.909,8443,6/3/2015,5/24/2015,19:29:58,7,30.7,AH0,255,33.6181719,Day,F,L,A,MYSE
151.909,8443,6/3/2015,5/26/2015,19:29:59,7,29.9,AH0,254,32.2725567,Day,F,L,A,MYSE
151.909,8443,6/3/2015,5/26/2015,19:30:01,7,29.9,AH0,255,32.2725567,Day,F,L,A,MYSE
151.909,8443,6/3/2015,5/26/2015,19:30:03,7,29.9,AH0,255,32.2725567,Day,F,L,A,MYSE
151.909,8443,6/3/2015,5/29/2015,19:30:05,7,33.3,AH0,251,36.9206321,Day,F,L,A,MYSE
151.909,8443,6/3/2015,5/25/2015,19:30:06,7,30.7,AH0,255,33.6181719,Day,F,L,A,MYSE
151.909,8443,6/3/2015,5/29/2015,19:30:06,7,33.3,AH0,252,36.9206321,Day,F,L,A,MYSE
151.909,8443,6/3/2015,5/30/2015,19:30:06,7,35.6,AH0,245,38.6888928,Day,F,L,A,MYSE
151.909,8443,6/3/2015,5/25/2015,19:30:08,7,30.7,AH0,255,33.6181719,Day,F,L,A,MYSE
151.909,8443,6/3/2015,5/28/2015,19:30:08,7,29.1,AH0,82,30.7541543,Day,F,L,A,MYSE
151.909,8443,6/3/2015,5/29/2015,19:30:08,7,33.3,AH0,251,36.9206321,Day,F,L,A,MYSE
151.909,8443,6/3/2015,5/30/2015,19:30:08,7,35.6,AH0,243,38.6888928,Day,F,L,A,MYSE
151.909,8443,6/3/2015,5/25/2015,19:30:10,7,30.7,AH0,255,33.6181719,Day,F,L,A,MYSE
151.909,8443,6/3/2015,5/28/2015,19:30:10,7,29.1,AH0,104,30.7541543,Day,F,L,A,MYSE
151.909,8443,6/3/2015,5/29/2015,19:30:10,7,33.3,AH0,252,36.9206321,Day,F,L,A,MYSE
151.909,8443,6/3/2015,5/30/2015,19:30:10,7,35.6,AH0,244,38.6888928,Day,F,L,A,MYSE
151.909,8443,6/3/2015,5/30/2015,19:30:11,7,35.6,AH0,244,38.6888928,Day,F,L,A,MYSE
151.909,8443,6/3/2015,5/24/2015,19:30:12,7,30.7,AH0,255,33.6181719,Day,F,L,A,MYSE
151.909,8443,6/3/2015,5/25/2015,19:30:12,7,30.7,AH0,255,33.6181719,Day,F,L,A,MYSE
151.909,8443,6/3/2015,5/28/2015,19:30:12,7,29.1,AH0,56,30.7541543,Day,F,L,A,MYSE
151.909,8443,6/3/2015,5/29/2015,19:30:12,7,33.3,AH0,251,36.9206321,Day,F,L,A,MYSE
151.909,8443,6/3/2015,5/30/2015,19:30:13,7,35.6,AH0,241,38.6888928,Day,F,L,A,MYSE
151.909,8443,6/3/2015,5/24/2015,19:30:14,7,30.7,AH0,255,33.6181719,Day,F,L,A,MYSE
151.909,8443,6/3/2015,5/28/2015,19:30:14,7,29.1,AH0,63,30.7541543,Day,F,L,A,MYSE
151.909,8443,6/3/2015,5/24/2015,19:30:16,7,30.7,AH0,255,33.6181719,Day,F,L,A,MYSE
151.909,8443,6/3/2015,5/26/2015,19:30:17,7,29.8,AH0,254,32.0924136,Day,F,L,A,MYSE
151.909,8443,6/3/2015,5/24/2015,19:30:18,7,30.7,AH0,255,33.6181719,Day,F,L,A,MYSE
151.909,8443,6/3/2015,5/26/2015,19:30:19,7,29.8,AH0,254,32.0924136,Day,F,L,A,MYSE
151.909,8443,6/3/2015,5/26/2015,19:30:21,7,29.8,AH0,254,32.0924136,Day,F,L,A,MYSE
151.909,8443,6/3/2015,5/26/2015,19:30:23,7,29.8,AH0,255,32.0924136,Day,F,L,A,MYSE
151.909,8443,6/3/2015,5/25/2015,19:30:26,7,30.7,AH0,255,33.6181719,Day,F,L,A,MYSE
151.909,8443,6/3/2015,5/29/2015,19:30:26,7,33.3,AH0,252,36.9206321,Day,F,L,A,MYSE
151.909,8443,6/3/2015,5/30/2015,19:30:26,7,35.6,AH0,242,38.6888928,Day,F,L,A,MYSE
151.909,8443,6/3/2015,5/28/2015,19:30:27,7,29.1,AH0,88,30.7541543,Day,F,L,A,MYSE
151.909,8443,6/3/2015,5/25/2015,19:30:28,7,30.7,AH0,255,33.6181719,Day,F,L,A,MYSE
151.909,8443,6/3/2015,5/29/2015,19:30:28,7,33.3,AH0,251,36.9206321,Day,F,L,A,MYSE
151.909,8443,6/3/2015,5/30/2015,19:30:28,7,35.6,AH0,242,38.6888928,Day,F,L,A,MYSE
151.909,8443,6/3/2015,5/28/2015,19:30:29,7,29.1,AH0,96,30.7541543,Day,F,L,A,MYSE
151.909,8443,6/3/2015,5/25/2015,19:30:30,7,30.7,AH0,255,33.6181719,Day,F,L,A,MYSE
151.909,8443,6/3/2015,5/29/2015,19:30:30,7,33.3,AH0,252,36.9206321,Day,F,L,A,MYSE
151.909,8443,6/3/2015,5/30/2015,19:30:30,7,35.6,AH0,243,38.6888928,Day,F,L,A,MYSE
151.909,8443,6/3/2015,5/25/2015,19:30:31,7,30.7,AH0,255,33.6181719,Day,F,L,A,MYSE
151.909,8443,6/3/2015,5/28/2015,19:30:31,7,29.1,AH0,97,30.7541543,Day,F,L,A,MYSE
151.909,8443,6/3/2015,5/30/2015,19:30:31,7,35.6,AH0,243,38.6888928,Day,F,L,A,MYSE
151.909,8443,6/3/2015,5/29/2015,19:30:32,7,33.3,AH0,253,36.9206321,Day,F,L,A,MYSE
151.909,8443,6/3/2015,5/24/2015,19:30:33,7,30.6,AH0,255,33.4590728,Day,F,L,A,MYSE
151.909,8443,6/3/2015,5/28/2015,19:30:33,7,29.1,AH0,89,30.7541543,Day,F,L,A,MYSE
151.909,8443,6/3/2015,5/30/2015,19:30:33,7,35.6,AH0,243,38.6888928,Day,F,L,A,MYSE
151.909,8443,6/3/2015,5/24/2015,19:30:35,7,30.6,AH0,255,33.4590728,Day,F,L,A,MYSE
151.909,8443,6/3/2015,5/24/2015,19:30:37,7,30.6,AH0,255,33.4590728,Day,F,L,A,MYSE
151.909,8443,6/3/2015,5/26/2015,19:30:38,7,29.8,AH0,254,32.0924136,Day,F,L,A,MYSE
151.909,8443,6/3/2015,5/24/2015,19:30:39,7,30.6,AH0,255,33.4590728,Day,F,L,A,MYSE
151.909,8443,6/3/2015,5/26/2015,19:30:40,7,29.8,AH0,254,32.0924136,Day,F,L,A,MYSE
151.909,8443,6/3/2015,5/26/2015,19:30:42,7,29.8,AH0,254,32.0924136,Day,F,L,A,MYSE
151.909,8443,6/3/2015,5/26/2015,19:30:44,7,29.8,AH0,254,32.0924136,Day,F,L,A,MYSE
151.909,8443,6/3/2015,5/29/2015,19:30:46,7,33.3,AH0,253,36.9206321,Day,F,L,A,MYSE
151.909,8443,6/3/2015,5/25/2015,19:30:47,7,30.7,AH0,255,33.6181719,Day,F,L,A,MYSE
151.909,8443,6/3/2015,5/28/2015,19:30:47,7,29,AH0,90,30.5517,Day,F,L,A,MYSE
151.909,8443,6/3/2015,5/30/2015,19:30:47,7,35.6,AH0,243,38.6888928,Day,F,L,A,MYSE
151.909,8443,6/3/2015,5/29/2015,19:30:48,7,33.3,AH0,250,36.9206321,Day,F,L,A,MYSE
151.909,8443,6/3/2015,5/30/2015,19:30:48,7,35.6,AH0,243,38.6888928,Day,F,L,A,MYSE
151.909,8443,6/3/2015,5/25/2015,19:30:49,7,30.7,AH0,255,33.6181719,Day,F,L,A,MYSE
151.909,8443,6/3/2015,5/28/2015,19:30:49,7,29,AH0,88,30.5517,Day,F,L,A,MYSE
151.909,8443,6/3/2015,5/29/2015,19:30:50,7,33.3,AH0,253,36.9206321,Day,F,L,A,MYSE
151.909,8443,6/3/2015,5/30/2015,19:30:50,7,35.6,AH0,243,38.6888928,Day,F,L,A,MYSE
151.909,8443,6/3/2015,5/25/2015,19:30:51,7,30.7,AH0,255,33.6181719,Day,F,L,A,MYSE
151.909,8443,6/3/2015,5/28/2015,19:30:51,7,29,AH0,102,30.5517,Day,F,L,A,MYSE
151.909,8443,6/3/2015,5/29/2015,19:30:51,7,33.3,AH0,252,36.9206321,Day,F,L,A,MYSE
151.909,8443,6/3/2015,5/30/2015,19:30:52,7,35.6,AH0,242,38.6888928,Day,F,L,A,MYSE
151.909,8443,6/3/2015,5/24/2015,19:30:53,7,30.6,AH0,255,33.4590728,Day,F,L,A,MYSE
151.909,8443,6/3/2015,5/25/2015,19:30:53,7,30.7,AH0,255,33.6181719,Day,F,L,A,MYSE
151.909,8443,6/3/2015,5/28/2015,19:30:53,7,29,AH0,100,30.5517,Day,F,L,A,MYSE
151.909,8443,6/3/2015,5/30/2015,19:30:53,7,35.6,AH0,243,38.6888928,Day,F,L,A,MYSE
151.909,8443,6/3/2015,5/24/2015,19:30:55,7,30.6,AH0,255,33.4590728,Day,F,L,A,MYSE
151.909,8443,6/3/2015,5/24/2015,19:30:57,7,30.6,AH0,255,33.4590728,Day,F,L,A,MYSE
151.909,8443,6/3/2015,5/26/2015,19:30:58,7,29.8,AH0,254,32.0924136,Day,F,L,A,MYSE
151.909,8443,6/3/2015,5/24/2015,19:30:59,7,30.6,AH0,255,33.4590728,Day,F,L,A,MYSE
151.909,8443,6/3/2015,5/26/2015,19:31:00,7,29.8,AH0,254,32.0924136,Day,F,L,A,MYSE
151.909,8443,6/3/2015,5/26/2015,19:31:02,7,29.7,AH0,254,31.9095509,Day,F,L,A,MYSE
151.909,8443,6/3/2015,5/26/2015,19:31:04,7,29.7,AH0,254,31.9095509,Day,F,L,A,MYSE
151.909,8443,6/3/2015,5/29/2015,19:31:06,7,33.3,AH0,252,36.9206321,Day,F,L,A,MYSE
151.909,8443,6/3/2015,5/25/2015,19:31:07,7,30.7,AH0,255,33.6181719,Day,F,L,A,MYSE
151.909,8443,6/3/2015,5/30/2015,19:31:07,7,35.5,AH0,243,38.6310375,Day,F,L,A,MYSE
151.909,8443,6/3/2015,5/28/2015,19:31:08,7,29,AH0,71,30.5517,Day,F,L,A,MYSE
151.909,8443,6/3/2015,5/29/2015,19:31:08,7,33.3,AH0,252,36.9206321,Day,F,L,A,MYSE
151.909,8443,6/3/2015,5/25/2015,19:31:09,7,30.7,AH0,255,33.6181719,Day,F,L,A,MYSE
151.909,8443,6/3/2015,5/29/2015,19:31:09,7,33.3,AH0,254,36.9206321,Day,F,L,A,MYSE
151.909,8443,6/3/2015,5/30/2015,19:31:09,7,35.6,AH0,242,38.6888928,Day,F,L,A,MYSE
151.909,8443,6/3/2015,5/28/2015,19:31:10,7,29,AH0,90,30.5517,Day,F,L,A,MYSE
151.909,8443,6/3/2015,5/30/2015,19:31:10,7,35.6,AH0,243,38.6888928,Day,F,L,A,MYSE
151.909,8443,6/3/2015,5/25/2015,19:31:11,7,30.7,AH0,255,33.6181719,Day,F,L,A,MYSE
151.909,8443,6/3/2015,5/29/2015,19:31:11,7,33.3,AH0,252,36.9206321,Day,F,L,A,MYSE
151.909,8443,6/3/2015,5/28/2015,19:31:12,7,29,AH0,88,30.5517,Day,F,L,A,MYSE
151.909,8443,6/3/2015,5/30/2015,19:31:12,7,35.5,AH0,241,38.6310375,Day,F,L,A,MYSE
151.909,8443,6/3/2015,5/24/2015,19:31:13,7,30.6,AH0,255,33.4590728,Day,F,L,A,MYSE
151.909,8443,6/3/2015,5/25/2015,19:31:13,7,30.7,AH0,255,33.6181719,Day,F,L,A,MYSE
151.909,8443,6/3/2015,5/24/2015,19:31:14,7,30.6,AH0,255,33.4590728,Day,F,L,A,MYSE
151.909,8443,6/3/2015,5/28/2015,19:31:14,7,29,AH0,84,30.5517,Day,F,L,A,MYSE
151.909,8443,6/3/2015,5/30/2015,19:31:14,7,35.6,AH0,243,38.6888928,Day,F,L,A,MYSE
151.909,8443,6/3/2015,5/24/2015,19:31:16,7,30.6,AH0,255,33.4590728,Day,F,L,A,MYSE
151.909,8443,6/3/2015,5/24/2015,19:31:18,7,30.6,AH0,255,33.4590728,Day,F,L,A,MYSE
151.909,8443,6/3/2015,5/26/2015,19:31:18,7,29.7,AH0,255,31.9095509,Day,F,L,A,MYSE
151.909,8443,6/3/2015,5/26/2015,19:31:20,7,29.7,AH0,254,31.9095509,Day,F,L,A,MYSE
151.909,8443,6/3/2015,5/26/2015,19:31:22,7,29.7,AH0,255,31.9095509,Day,F,L,A,MYSE
151.909,8443,6/3/2015,5/26/2015,19:31:24,7,29.7,AH0,254,31.9095509,Day,F,L,A,MYSE
151.909,8443,6/3/2015,5/25/2015,19:31:26,7,30.7,AH0,255,33.6181719,Day,F,L,A,MYSE
151.909,8443,6/3/2015,5/29/2015,19:31:26,7,33.3,AH0,252,36.9206321,Day,F,L,A,MYSE
151.909,8443,6/3/2015,5/28/2015,19:31:27,7,28.9,AH0,74,30.3463677,Day,F,L,A,MYSE
151.909,8443,6/3/2015,5/30/2015,19:31:27,7,35.5,AH0,242,38.6310375,Day,F,L,A,MYSE
151.909,8443,6/3/2015,5/25/2015,19:31:28,7,30.7,AH0,255,33.6181719,Day,F,L,A,MYSE
151.909,8443,6/3/2015,5/29/2015,19:31:28,7,33.3,AH0,252,36.9206321,Day,F,L,A,MYSE
151.909,8443,6/3/2015,5/28/2015,19:31:29,7,28.9,AH0,79,30.3463677,Day,F,L,A,MYSE
151.909,8443,6/3/2015,5/29/2015,19:31:29,7,33.3,AH0,254,36.9206321,Day,F,L,A,MYSE
151.909,8443,6/3/2015,5/30/2015,19:31:29,7,35.5,AH0,241,38.6310375,Day,F,L,A,MYSE
151.909,8443,6/3/2015,5/25/2015,19:31:30,7,30.7,AH0,255,33.6181719,Day,F,L,A,MYSE
151.909,8443,6/3/2015,5/30/2015,19:31:30,7,35.6,AH0,243,38.6888928,Day,F,L,A,MYSE
151.909,8443,6/3/2015,5/28/2015,19:31:31,7,28.9,AH0,86,30.3463677,Day,F,L,A,MYSE
151.909,8443,6/3/2015,5/29/2015,19:31:31,7,33.3,AH0,251,36.9206321,Day,F,L,A,MYSE
151.909,8443,6/3/2015,5/24/2015,19:31:32,7,30.6,AH0,255,33.4590728,Day,F,L,A,MYSE
151.909,8443,6/3/2015,5/25/2015,19:31:32,7,30.7,AH0,255,33.6181719,Day,F,L,A,MYSE
151.909,8443,6/3/2015,5/30/2015,19:31:32,7,35.5,AH0,242,38.6310375,Day,F,L,A,MYSE
151.909,8443,6/3/2015,5/28/2015,19:31:33,7,28.9,AH0,83,30.3463677,Day,F,L,A,MYSE
151.909,8443,6/3/2015,5/24/2015,19:31:34,7,30.6,AH0,255,33.4590728,Day,F,L,A,MYSE
151.909,8443,6/3/2015,5/30/2015,19:31:34,7,35.5,AH0,244,38.6310375,Day,F,L,A,MYSE
151.909,8443,6/3/2015,5/24/2015,19:31:36,7,30.6,AH0,255,33.4590728,Day,F,L,A,MYSE
151.909,8443,6/3/2015,5/24/2015,19:31:38,7,30.6,AH0,255,33.4590728,Day,F,L,A,MYSE
151.909,8443,6/3/2015,5/26/2015,19:31:38,7,29.7,AH0,254,31.9095509,Day,F,L,A,MYSE
151.909,8443,6/3/2015,5/26/2015,19:31:40,7,29.7,AH0,255,31.9095509,Day,F,L,A,MYSE
151.909,8443,6/3/2015,5/26/2015,19:31:42,7,29.7,AH0,255,31.9095509,Day,F,L,A,MYSE
151.909,8443,6/3/2015,5/26/2015,19:31:44,7,29.7,AH0,254,31.9095509,Day,F,L,A,MYSE
151.909,8443,6/3/2015,5/25/2015,19:31:46,7,30.7,AH0,255,33.6181719,Day,F,L,A,MYSE
151.909,8443,6/3/2015,5/29/2015,19:31:46,7,33.3,AH0,251,36.9206321,Day,F,L,A,MYSE
151.909,8443,6/3/2015,5/28/2015,19:31:47,7,28.9,AH0,81,30.3463677,Day,F,L,A,MYSE
151.909,8443,6/3/2015,5/29/2015,19:31:47,7,33.3,AH0,251,36.9206321,Day,F,L,A,MYSE
151.909,8443,6/3/2015,5/30/2015,19:31:47,7,35.5,AH0,243,38.6310375,Day,F,L,A,MYSE
151.909,8443,6/3/2015,5/25/2015,19:31:48,7,30.7,AH0,255,33.6181719,Day,F,L,A,MYSE
151.909,8443,6/3/2015,5/28/2015,19:31:49,7,28.9,AH0,85,30.3463677,Day,F,L,A,MYSE
151.909,8443,6/3/2015,5/29/2015,19:31:49,7,33.3,AH0,251,36.9206321,Day,F,L,A,MYSE
151.909,8443,6/3/2015,5/30/2015,19:31:49,7,35.6,AH0,244,38.6888928,Day,F,L,A,MYSE
151.909,8443,6/3/2015,5/25/2015,19:31:50,7,30.6,AH0,255,33.4590728,Day,F,L,A,MYSE
151.909,8443,6/3/2015,5/29/2015,19:31:51,7,33.3,AH0,252,36.9206321,Day,F,L,A,MYSE
151.909,8443,6/3/2015,5/30/2015,19:31:51,7,35.6,AH0,243,38.6888928,Day,F,L,A,MYSE
151.909,8443,6/3/2015,5/24/2015,19:31:52,7,30.6,AH0,255,33.4590728,Day,F,L,A,MYSE
151.909,8443,6/3/2015,5/25/2015,19:31:52,7,30.7,AH0,255,33.6181719,Day,F,L,A,MYSE
151.909,8443,6/3/2015,5/28/2015,19:31:52,7,28.9,AH0,97,30.3463677,Day,F,L,A,MYSE
151.909,8443,6/3/2015,5/30/2015,19:31:52,7,35.5,AH0,243,38.6310375,Day,F,L,A,MYSE
151.909,8443,6/3/2015,5/24/2015,19:31:54,7,30.6,AH0,255,33.4590728,Day,F,L,A,MYSE
151.909,8443,6/3/2015,5/28/2015,19:31:54,7,28.9,AH0,95,30.3463677,Day,F,L,A,MYSE
151.909,8443,6/3/2015,5/24/2015,19:31:56,7,30.6,AH0,255,33.4590728,Day,F,L,A,MYSE
151.909,8443,6/3/2015,5/24/2015,19:31:58,7,30.6,AH0,255,33.4590728,Day,F,L,A,MYSE
151.909,8443,6/3/2015,5/26/2015,19:31:58,7,29.7,AH0,254,31.9095509,Day,F,L,A,MYSE
151.909,8443,6/3/2015,5/26/2015,19:32:00,7,29.7,AH0,254,31.9095509,Day,F,L,A,MYSE
151.909,8443,6/3/2015,5/26/2015,19:32:02,7,29.7,AH0,254,31.9095509,Day,F,L,A,MYSE
151.909,8443,6/3/2015,5/26/2015,19:32:04,7,29.7,AH0,255,31.9095509,Day,F,L,A,MYSE
151.909,8443,6/3/2015,5/25/2015,19:32:05,7,30.6,AH0,255,33.4590728,Day,F,L,A,MYSE
151.909,8443,6/3/2015,5/29/2015,19:32:05,7,33.3,AH0,254,36.9206321,Day,F,L,A,MYSE
151.909,8443,6/3/2015,5/30/2015,19:32:06,7,35.5,AH0,244,38.6310375,Day,F,L,A,MYSE
151.909,8443,6/3/2015,5/25/2015,19:32:07,7,30.6,AH0,255,33.4590728,Day,F,L,A,MYSE
151.909,8443,6/3/2015,5/29/2015,19:32:07,7,33.3,AH0,252,36.9206321,Day,F,L,A,MYSE
151.909,8443,6/3/2015,5/28/2015,19:32:08,7,28.8,AH0,54,30.1381376,Day,F,L,A,MYSE
151.909,8443,6/3/2015,5/30/2015,19:32:08,7,35.6,AH0,245,38.6888928,Day,F,L,A,MYSE
151.909,8443,6/3/2015,5/25/2015,19:32:09,7,30.6,AH0,255,33.4590728,Day,F,L,A,MYSE
151.909,8443,6/3/2015,5/29/2015,19:32:09,7,33.3,AH0,253,36.9206321,Day,F,L,A,MYSE
151.909,8443,6/3/2015,5/30/2015,19:32:09,7,35.6,AH0,243,38.6888928,Day,F,L,A,MYSE
151.909,8443,6/3/2015,5/28/2015,19:32:10,7,28.8,AH0,56,30.1381376,Day,F,L,A,MYSE
151.909,8443,6/3/2015,5/25/2015,19:32:11,7,30.6,AH0,255,33.4590728,Day,F,L,A,MYSE
151.909,8443,6/3/2015,5/29/2015,19:32:11,7,33.3,AH0,252,36.9206321,Day,F,L,A,MYSE
151.909,8443,6/3/2015,5/30/2015,19:32:11,7,35.6,AH0,242,38.6888928,Day,F,L,A,MYSE
151.909,8443,6/3/2015,5/28/2015,19:32:12,7,28.8,AH0,55,30.1381376,Day,F,L,A,MYSE
151.909,8443,6/3/2015,5/24/2015,19:32:13,7,30.5,AH0,255,33.2974125,Day,F,L,A,MYSE
151.909,8443,6/3/2015,5/25/2015,19:32:13,7,30.6,AH0,255,33.4590728,Day,F,L,A,MYSE
151.909,8443,6/3/2015,5/29/2015,19:32:13,7,33.3,AH0,252,36.9206321,Day,F,L,A,MYSE
151.909,8443,6/3/2015,5/30/2015,19:32:13,7,35.6,AH0,243,38.6888928,Day,F,L,A,MYSE
151.909,8443,6/3/2015,5/24/2015,19:32:15,7,30.5,AH0,255,33.2974125,Day,F,L,A,MYSE
151.909,8443,6/3/2015,5/26/2015,19:32:16,7,29.6,AH0,255,31.7239488,Day,F,L,A,MYSE
151.909,8443,6/3/2015,5/24/2015,19:32:17,7,30.5,AH0,255,33.2974125,Day,F,L,A,MYSE
151.909,8443,6/3/2015,5/24/2015,19:32:19,7,30.5,AH0,255,33.2974125,Day,F,L,A,MYSE
151.909,8443,6/3/2015,5/26/2015,19:32:19,7,29.7,AH0,255,31.9095509,Day,F,L,A,MYSE
151.909,8443,6/3/2015,5/26/2015,19:32:21,7,29.6,AH0,255,31.7239488,Day,F,L,A,MYSE
151.909,8443,6/3/2015,5/26/2015,19:32:23,7,29.6,AH0,254,31.7239488,Day,F,L,A,MYSE
151.909,8443,6/3/2015,5/29/2015,19:32:25,7,33.3,AH0,252,36.9206321,Day,F,L,A,MYSE
151.909,8443,6/3/2015,5/30/2015,19:32:26,7,35.6,AH0,242,38.6888928,Day,F,L,A,MYSE
151.909,8443,6/3/2015,5/25/2015,19:32:27,7,30.6,AH0,255,33.4590728,Day,F,L,A,MYSE
151.909,8443,6/3/2015,5/28/2015,19:32:27,7,28.8,AH0,63,30.1381376,Day,F,L,A,MYSE
151.909,8443,6/3/2015,5/29/2015,19:32:27,7,33.3,AH0,252,36.9206321,Day,F,L,A,MYSE
151.909,8443,6/3/2015,5/30/2015,19:32:28,7,35.6,AH0,244,38.6888928,Day,F,L,A,MYSE
151.909,8443,6/3/2015,5/25/2015,19:32:29,7,30.6,AH0,255,33.4590728,Day,F,L,A,MYSE
151.909,8443,6/3/2015,5/28/2015,19:32:29,7,28.8,AH0,55,30.1381376,Day,F,L,A,MYSE
151.909,8443,6/3/2015,5/29/2015,19:32:29,7,33.3,AH0,254,36.9206321,Day,F,L,A,MYSE
151.909,8443,6/3/2015,5/30/2015,19:32:30,7,35.6,AH0,244,38.6888928,Day,F,L,A,MYSE
151.909,8443,6/3/2015,5/25/2015,19:32:31,7,30.6,AH0,255,33.4590728,Day,F,L,A,MYSE
151.909,8443,6/3/2015,5/28/2015,19:32:31,7,28.8,AH0,62,30.1381376,Day,F,L,A,MYSE
151.909,8443,6/3/2015,5/29/2015,19:32:31,7,33.3,AH0,253,36.9206321,Day,F,L,A,MYSE
151.909,8443,6/3/2015,5/30/2015,19:32:31,7,35.6,AH0,243,38.6888928,Day,F,L,A,MYSE
151.909,8443,6/3/2015,5/29/2015,19:32:32,7,33.3,AH0,251,36.9206321,Day,F,L,A,MYSE
151.909,8443,6/3/2015,5/24/2015,19:32:33,7,30.5,AH0,255,33.2974125,Day,F,L,A,MYSE
151.909,8443,6/3/2015,5/25/2015,19:32:33,7,30.6,AH0,255,33.4590728,Day,F,L,A,MYSE
151.909,8443,6/3/2015,5/28/2015,19:32:33,7,28.8,AH0,58,30.1381376,Day,F,L,A,MYSE
151.909,8443,6/3/2015,5/30/2015,19:32:33,7,35.6,AH0,242,38.6888928,Day,F,L,A,MYSE
151.909,8443,6/3/2015,5/24/2015,19:32:35,7,30.5,AH0,255,33.2974125,Day,F,L,A,MYSE
151.909,8443,6/3/2015,5/24/2015,19:32:37,7,30.5,AH0,255,33.2974125,Day,F,L,A,MYSE
151.909,8443,6/3/2015,5/26/2015,19:32:37,7,29.6,AH0,254,31.7239488,Day,F,L,A,MYSE
151.909,8443,6/3/2015,5/24/2015,19:32:39,7,30.5,AH0,255,33.2974125,Day,F,L,A,MYSE
151.909,8443,6/3/2015,5/26/2015,19:32:39,7,29.6,AH0,255,31.7239488,Day,F,L,A,MYSE
151.909,8443,6/3/2015,5/26/2015,19:32:41,7,29.6,AH0,254,31.7239488,Day,F,L,A,MYSE
151.909,8443,6/3/2015,5/26/2015,19:32:43,7,29.6,AH0,255,31.7239488,Day,F,L,A,MYSE
151.909,8443,6/3/2015,5/29/2015,19:32:45,7,33.3,AH0,254,36.9206321,Day,F,L,A,MYSE
151.909,8443,6/3/2015,5/30/2015,19:32:46,7,35.6,AH0,242,38.6888928,Day,F,L,A,MYSE
151.909,8443,6/3/2015,5/25/2015,19:32:47,7,30.6,AH0,255,33.4590728,Day,F,L,A,MYSE
151.909,8443,6/3/2015,5/29/2015,19:32:47,7,33.2,AH0,253,36.8211744,Day,F,L,A,MYSE
151.909,8443,6/3/2015,5/28/2015,19:32:48,7,28.8,AH0,105,30.1381376,Day,F,L,A,MYSE
151.909,8443,6/3/2015,5/30/2015,19:32:48,7,35.6,AH0,246,38.6888928,Day,F,L,A,MYSE
151.909,8443,6/3/2015,5/25/2015,19:32:49,7,30.6,AH0,255,33.4590728,Day,F,L,A,MYSE
151.909,8443,6/3/2015,5/29/2015,19:32:49,7,33.2,AH0,254,36.8211744,Day,F,L,A,MYSE
151.909,8443,6/3/2015,5/25/2015,19:32:50,7,30.6,AH0,255,33.4590728,Day,F,L,A,MYSE
151.909,8443,6/3/2015,5/28/2015,19:32:50,7,28.9,AH0,102,30.3463677,Day,F,L,A,MYSE
151.909,8443,6/3/2015,5/29/2015,19:32:50,7,33.2,AH0,255,36.8211744,Day,F,L,A,MYSE
151.909,8443,6/3/2015,5/30/2015,19:32:50,7,35.6,AH0,239,38.6888928,Day,F,L,A,MYSE
151.909,8443,6/3/2015,5/30/2015,19:32:51,7,35.6,AH0,243,38.6888928,Day,F,L,A,MYSE
151.909,8443,6/3/2015,5/25/2015,19:32:52,7,30.6,AH0,255,33.4590728,Day,F,L,A,MYSE
151.909,8443,6/3/2015,5/28/2015,19:32:52,7,28.9,AH0,103,30.3463677,Day,F,L,A,MYSE
151.909,8443,6/3/2015,5/29/2015,19:32:52,7,33.2,AH0,253,36.8211744,Day,F,L,A,MYSE
151.909,8443,6/3/2015,5/24/2015,19:32:53,7,30.5,AH0,255,33.2974125,Day,F,L,A,MYSE
151.909,8443,6/3/2015,5/30/2015,19:32:53,7,35.6,AH0,245,38.6888928,Day,F,L,A,MYSE
151.909,8443,6/3/2015,5/28/2015,19:32:54,7,28.9,AH0,102,30.3463677,Day,F,L,A,MYSE
151.909,8443,6/3/2015,5/24/2015,19:32:55,7,30.5,AH0,255,33.2974125,Day,F,L,A,MYSE
151.909,8443,6/3/2015,5/24/2015,19:32:57,7,30.5,AH0,255,33.2974125,Day,F,L,A,MYSE
151.909,8443,6/3/2015,5/26/2015,19:32:57,7,29.6,AH0,254,31.7239488,Day,F,L,A,MYSE
151.909,8443,6/3/2015,5/24/2015,19:32:59,7,30.5,AH0,255,33.2974125,Day,F,L,A,MYSE
151.909,8443,6/3/2015,5/26/2015,19:32:59,7,29.6,AH0,255,31.7239488,Day,F,L,A,MYSE
151.909,8443,6/3/2015,5/26/2015,19:33:01,7,29.6,AH0,254,31.7239488,Day,F,L,A,MYSE
151.909,8443,6/3/2015,5/26/2015,19:33:03,7,29.6,AH0,255,31.7239488,Day,F,L,A,MYSE
151.909,8443,6/3/2015,5/29/2015,19:33:05,7,33.2,AH0,254,36.8211744,Day,F,L,A,MYSE
151.909,8443,6/3/2015,5/25/2015,19:33:06,7,30.5,AH0,255,33.2974125,Day,F,L,A,MYSE
151.909,8443,6/3/2015,5/28/2015,19:33:06,7,28.9,AH0,103,30.3463677,Day,F,L,A,MYSE
151.909,8443,6/3/2015,5/29/2015,19:33:07,7,33.2,AH0,251,36.8211744,Day,F,L,A,MYSE
151.909,8443,6/3/2015,5/30/2015,19:33:07,7,35.6,AH0,251,38.6888928,Day,F,L,A,MYSE
151.909,8443,6/3/2015,5/25/2015,19:33:08,7,30.5,AH0,255,33.2974125,Day,F,L,A,MYSE
151.909,8443,6/3/2015,5/28/2015,19:33:08,7,28.9,AH0,104,30.3463677,Day,F,L,A,MYSE
151.909,8443,6/3/2015,5/29/2015,19:33:08,7,33.2,AH0,254,36.8211744,Day,F,L,A,MYSE
151.909,8443,6/3/2015,5/30/2015,19:33:08,7,35.7,AH0,247,38.7451769,Day,F,L,A,MYSE
151.909,8443,6/3/2015,5/25/2015,19:33:10,7,30.5,AH0,255,33.2974125,Day,F,L,A,MYSE
151.909,8443,6/3/2015,5/29/2015,19:33:10,7,33.2,AH0,254,36.8211744,Day,F,L,A,MYSE
151.909,8443,6/3/2015,5/30/2015,19:33:10,7,35.7,AH0,248,38.7451769,Day,F,L,A,MYSE
151.909,8443,6/3/2015,5/28/2015,19:33:11,7,28.9,AH0,102,30.3463677,Day,F,L,A,MYSE
151.909,8443,6/3/2015,5/24/2015,19:33:12,7,30.5,AH0,255,33.2974125,Day,F,L,A,MYSE
151.909,8443,6/3/2015,5/25/2015,19:33:12,7,30.5,AH0,255,33.2974125,Day,F,L,A,MYSE
151.909,8443,6/3/2015,5/29/2015,19:33:12,7,33.2,AH0,254,36.8211744,Day,F,L,A,MYSE
151.909,8443,6/3/2015,5/30/2015,19:33:12,7,35.7,AH0,246,38.7451769,Day,F,L,A,MYSE
151.909,8443,6/3/2015,5/28/2015,19:33:13,7,28.9,AH0,94,30.3463677,Day,F,L,A,MYSE
151.909,8443,6/3/2015,5/30/2015,19:33:13,7,35.7,AH0,245,38.7451769,Day,F,L,A,MYSE
151.909,8443,6/3/2015,5/24/2015,19:33:14,7,30.5,AH0,255,33.2974125,Day,F,L,A,MYSE
151.909,8443,6/3/2015,5/24/2015,19:33:16,7,30.4,AH0,255,33.1331712,Day,F,L,A,MYSE
151.909,8443,6/3/2015,5/26/2015,19:33:17,7,29.6,AH0,254,31.7239488,Day,F,L,A,MYSE
151.909,8443,6/3/2015,5/24/2015,19:33:18,7,30.4,AH0,255,33.1331712,Day,F,L,A,MYSE
151.909,8443,6/3/2015,5/26/2015,19:33:19,7,29.6,AH0,254,31.7239488,Day,F,L,A,MYSE
151.909,8443,6/3/2015,5/26/2015,19:33:21,7,29.6,AH0,255,31.7239488,Day,F,L,A,MYSE
151.909,8443,6/3/2015,5/26/2015,19:33:23,7,29.6,AH0,254,31.7239488,Day,F,L,A,MYSE
151.909,8443,6/3/2015,5/29/2015,19:33:25,7,33.3,AH0,254,36.9206321,Day,F,L,A,MYSE
151.909,8443,6/3/2015,5/25/2015,19:33:26,7,30.5,AH0,255,33.2974125,Day,F,L,A,MYSE
151.909,8443,6/3/2015,5/28/2015,19:33:27,7,28.9,AH0,110,30.3463677,Day,F,L,A,MYSE
151.909,8443,6/3/2015,5/29/2015,19:33:27,7,33.3,AH0,254,36.9206321,Day,F,L,A,MYSE
151.909,8443,6/3/2015,5/30/2015,19:33:27,7,35.8,AH0,245,38.7999096,Day,F,L,A,MYSE
151.909,8443,6/3/2015,5/25/2015,19:33:28,7,30.5,AH0,255,33.2974125,Day,F,L,A,MYSE
151.909,8443,6/3/2015,5/29/2015,19:33:28,7,33.3,AH0,253,36.9206321,Day,F,L,A,MYSE
151.909,8443,6/3/2015,5/28/2015,19:33:29,7,28.9,AH0,106,30.3463677,Day,F,L,A,MYSE
151.909,8443,6/3/2015,5/30/2015,19:33:29,7,35.8,AH0,246,38.7999096,Day,F,L,A,MYSE
151.909,8443,6/3/2015,5/25/2015,19:33:30,7,30.5,AH0,255,33.2974125,Day,F,L,A,MYSE
151.909,8443,6/3/2015,5/29/2015,19:33:30,7,33.3,AH0,253,36.9206321,Day,F,L,A,MYSE
151.909,8443,6/3/2015,5/30/2015,19:33:30,7,35.7,AH0,245,38.7451769,Day,F,L,A,MYSE
151.909,8443,6/3/2015,5/28/2015,19:33:31,7,28.9,AH0,101,30.3463677,Day,F,L,A,MYSE
151.909,8443,6/3/2015,5/24/2015,19:33:32,7,30.4,AH0,255,33.1331712,Day,F,L,A,MYSE
151.909,8443,6/3/2015,5/25/2015,19:33:32,7,30.5,AH0,255,33.2974125,Day,F,L,A,MYSE
151.909,8443,6/3/2015,5/29/2015,19:33:32,7,33.3,AH0,254,36.9206321,Day,F,L,A,MYSE
151.909,8443,6/3/2015,5/30/2015,19:33:32,7,35.7,AH0,240,38.7451769,Day,F,L,A,MYSE
151.909,8443,6/3/2015,5/28/2015,19:33:33,7,28.9,AH0,107,30.3463677,Day,F,L,A,MYSE
151.909,8443,6/3/2015,5/24/2015,19:33:34,7,30.4,AH0,255,33.1331712,Day,F,L,A,MYSE
151.909,8443,6/3/2015,5/30/2015,19:33:34,7,35.7,AH0,243,38.7451769,Day,F,L,A,MYSE
151.909,8443,6/3/2015,5/24/2015,19:33:36,7,30.4,AH0,255,33.1331712,Day,F,L,A,MYSE
151.909,8443,6/3/2015,5/24/2015,19:33:38,7,30.4,AH0,255,33.1331712,Day,F,L,A,MYSE
151.909,8443,6/3/2015,5/26/2015,19:33:38,7,29.6,AH0,254,31.7239488,Day,F,L,A,MYSE
151.909,8443,6/3/2015,5/26/2015,19:33:40,7,29.6,AH0,254,31.7239488,Day,F,L,A,MYSE
151.909,8443,6/3/2015,5/26/2015,19:33:42,7,29.6,AH0,254,31.7239488,Day,F,L,A,MYSE
151.909,8443,6/3/2015,5/26/2015,19:33:44,7,29.6,AH0,255,31.7239488,Day,F,L,A,MYSE
151.909,8443,6/3/2015,5/29/2015,19:33:45,7,33.3,AH0,255,36.9206321,Day,F,L,A,MYSE
151.909,8443,6/3/2015,5/25/2015,19:33:46,7,30.5,AH0,255,33.2974125,Day,F,L,A,MYSE
151.909,8443,6/3/2015,5/29/2015,19:33:46,7,33.3,AH0,254,36.9206321,Day,F,L,A,MYSE
151.909,8443,6/3/2015,5/25/2015,19:33:47,7,30.5,AH0,255,33.2974125,Day,F,L,A,MYSE
151.909,8443,6/3/2015,5/30/2015,19:33:47,7,35.6,AH0,244,38.6888928,Day,F,L,A,MYSE
151.909,8443,6/3/2015,5/28/2015,19:33:48,7,28.9,AH0,113,30.3463677,Day,F,L,A,MYSE
151.909,8443,6/3/2015,5/29/2015,19:33:48,7,33.3,AH0,254,36.9206321,Day,F,L,A,MYSE
151.909,8443,6/3/2015,5/25/2015,19:33:49,7,30.5,AH0,255,33.2974125,Day,F,L,A,MYSE
151.909,8443,6/3/2015,5/30/2015,19:33:49,7,35.6,AH0,244,38.6888928,Day,F,L,A,MYSE
151.909,8443,6/3/2015,5/28/2015,19:33:50,7,28.9,AH0,108,30.3463677,Day,F,L,A,MYSE
151.909,8443,6/3/2015,5/29/2015,19:33:50,7,33.3,AH0,254,36.9206321,Day,F,L,A,MYSE
151.909,8443,6/3/2015,5/30/2015,19:33:50,7,35.6,AH0,243,38.6888928,Day,F,L,A,MYSE
151.909,8443,6/3/2015,5/25/2015,19:33:51,7,30.5,AH0,255,33.2974125,Day,F,L,A,MYSE
151.909,8443,6/3/2015,5/24/2015,19:33:52,7,30.4,AH0,255,33.1331712,Day,F,L,A,MYSE
151.909,8443,6/3/2015,5/28/2015,19:33:52,7,28.9,AH0,107,30.3463677,Day,F,L,A,MYSE
151.909,8443,6/3/2015,5/29/2015,19:33:52,7,33.3,AH0,253,36.9206321,Day,F,L,A,MYSE
151.909,8443,6/3/2015,5/30/2015,19:33:52,7,35.6,AH0,243,38.6888928,Day,F,L,A,MYSE
151.909,8443,6/3/2015,5/24/2015,19:33:54,7,30.4,AH0,255,33.1331712,Day,F,L,A,MYSE
151.909,8443,6/3/2015,5/30/2015,19:33:54,7,35.6,AH0,243,38.6888928,Day,F,L,A,MYSE
151.909,8443,6/3/2015,5/24/2015,19:33:56,7,30.5,AH0,255,33.2974125,Day,F,L,A,MYSE
151.909,8443,6/3/2015,5/24/2015,19:33:58,7,30.4,AH0,255,33.1331712,Day,F,L,A,MYSE
151.909,8443,6/3/2015,5/26/2015,19:33:58,7,29.5,AH0,254,31.5355875,Day,F,L,A,MYSE
151.909,8443,6/3/2015,5/26/2015,19:34:00,7,29.5,AH0,254,31.5355875,Day,F,L,A,MYSE
151.909,8443,6/3/2015,5/26/2015,19:34:02,7,29.5,AH0,254,31.5355875,Day,F,L,A,MYSE
151.909,8443,6/3/2015,5/26/2015,19:34:04,7,29.5,AH0,254,31.5355875,Day,F,L,A,MYSE
151.909,8443,6/3/2015,5/29/2015,19:34:06,7,33.3,AH0,254,36.9206321,Day,F,L,A,MYSE
151.909,8443,6/3/2015,5/30/2015,19:34:06,7,35.5,AH0,241,38.6310375,Day,F,L,A,MYSE
151.909,8443,6/3/2015,5/25/2015,19:34:07,7,30.5,AH0,255,33.2974125,Day,F,L,A,MYSE
151.909,8443,6/3/2015,5/28/2015,19:34:07,7,28.9,AH0,100,30.3463677,Day,F,L,A,MYSE
151.909,8443,6/3/2015,5/29/2015,19:34:08,7,33.3,AH0,253,36.9206321,Day,F,L,A,MYSE
151.909,8443,6/3/2015,5/30/2015,19:34:08,7,35.4,AH0,241,38.5715912,Day,F,L,A,MYSE
151.909,8443,6/3/2015,5/25/2015,19:34:09,7,30.4,AH0,255,33.1331712,Day,F,L,A,MYSE
151.909,8443,6/3/2015,5/28/2015,19:34:09,7,28.9,AH0,109,30.3463677,Day,F,L,A,MYSE
151.909,8443,6/3/2015,5/29/2015,19:34:10,7,33.3,AH0,253,36.9206321,Day,F,L,A,MYSE
151.909,8443,6/3/2015,5/30/2015,19:34:10,7,35.5,AH0,242,38.6310375,Day,F,L,A,MYSE
151.909,8443,6/3/2015,5/24/2015,19:34:11,7,30.5,AH0,255,33.2974125,Day,F,L,A,MYSE
151.909,8443,6/3/2015,5/25/2015,19:34:11,7,30.5,AH0,255,33.2974125,Day,F,L,A,MYSE
151.909,8443,6/3/2015,5/28/2015,19:34:11,7,28.9,AH0,102,30.3463677,Day,F,L,A,MYSE
151.909,8443,6/3/2015,5/30/2015,19:34:11,7,35.4,AH0,241,38.5715912,Day,F,L,A,MYSE
151.909,8443,6/3/2015,5/29/2015,19:34:12,7,33.3,AH0,254,36.9206321,Day,F,L,A,MYSE
151.909,8443,6/3/2015,5/24/2015,19:34:13,7,30.5,AH0,255,33.2974125,Day,F,L,A,MYSE
151.909,8443,6/3/2015,5/25/2015,19:34:13,7,30.4,AH0,255,33.1331712,Day,F,L,A,MYSE
151.909,8443,6/3/2015,5/28/2015,19:34:13,7,28.9,AH0,105,30.3463677,Day,F,L,A,MYSE
151.909,8443,6/3/2015,5/30/2015,19:34:13,7,35.4,AH0,242,38.5715912,Day,F,L,A,MYSE
151.909,8443,6/3/2015,5/24/2015,19:34:15,7,30.5,AH0,255,33.2974125,Day,F,L,A,MYSE
151.909,8443,6/3/2015,5/24/2015,19:34:17,7,30.5,AH0,255,33.2974125,Day,F,L,A,MYSE
151.909,8443,6/3/2015,5/26/2015,19:34:18,7,29.5,AH0,254,31.5355875,Day,F,L,A,MYSE
151.909,8443,6/3/2015,5/26/2015,19:34:20,7,29.5,AH0,254,31.5355875,Day,F,L,A,MYSE
151.909,8443,6/3/2015,5/26/2015,19:34:22,7,29.5,AH0,254,31.5355875,Day,F,L,A,MYSE
151.909,8443,6/3/2015,5/26/2015,19:34:24,7,29.5,AH0,254,31.5355875,Day,F,L,A,MYSE
151.909,8443,6/3/2015,5/30/2015,19:34:25,7,35.4,AH0,245,38.5715912,Day,F,L,A,MYSE
151.909,8443,6/3/2015,5/29/2015,19:34:26,7,33.3,AH0,253,36.9206321,Day,F,L,A,MYSE
151.909,8443,6/3/2015,5/25/2015,19:34:27,7,30.4,AH0,255,33.1331712,Day,F,L,A,MYSE
151.909,8443,6/3/2015,5/28/2015,19:34:27,7,28.9,AH0,99,30.3463677,Day,F,L,A,MYSE
151.909,8443,6/3/2015,5/30/2015,19:34:27,7,35.4,AH0,243,38.5715912,Day,F,L,A,MYSE
151.909,8443,6/3/2015,5/29/2015,19:34:28,7,33.3,AH0,254,36.9206321,Day,F,L,A,MYSE
151.909,8443,6/3/2015,5/30/2015,19:34:28,7,35.4,AH0,242,38.5715912,Day,F,L,A,MYSE
151.909,8443,6/3/2015,5/25/2015,19:34:29,7,30.4,AH0,255,33.1331712,Day,F,L,A,MYSE
151.909,8443,6/3/2015,5/28/2015,19:34:30,7,28.9,AH0,103,30.3463677,Day,F,L,A,MYSE
151.909,8443,6/3/2015,5/29/2015,19:34:30,7,33.3,AH0,254,36.9206321,Day,F,L,A,MYSE
151.909,8443,6/3/2015,5/30/2015,19:34:30,7,35.4,AH0,242,38.5715912,Day,F,L,A,MYSE
151.909,8443,6/3/2015,5/25/2015,19:34:31,7,30.4,AH0,255,33.1331712,Day,F,L,A,MYSE
151.909,8443,6/3/2015,5/29/2015,19:34:31,7,33.3,AH0,254,36.9206321,Day,F,L,A,MYSE
151.909,8443,6/3/2015,5/28/2015,19:34:32,7,28.9,AH0,100,30.3463677,Day,F,L,A,MYSE
151.909,8443,6/3/2015,5/30/2015,19:34:32,7,35.4,AH0,243,38.5715912,Day,F,L,A,MYSE
151.909,8443,6/3/2015,5/24/2015,19:34:33,7,30.5,AH0,255,33.2974125,Day,F,L,A,MYSE
151.909,8443,6/3/2015,5/25/2015,19:34:33,7,30.4,AH0,255,33.1331712,Day,F,L,A,MYSE
151.909,8443,6/3/2015,5/28/2015,19:34:34,7,28.9,AH0,106,30.3463677,Day,F,L,A,MYSE
151.909,8443,6/3/2015,5/24/2015,19:34:35,7,30.5,AH0,255,33.2974125,Day,F,L,A,MYSE
151.909,8443,6/3/2015,5/24/2015,19:34:37,7,30.5,AH0,255,33.2974125,Day,F,L,A,MYSE
151.909,8443,6/3/2015,5/26/2015,19:34:37,7,29.5,AH0,254,31.5355875,Day,F,L,A,MYSE
151.909,8443,6/3/2015,5/24/2015,19:34:39,7,30.5,AH0,255,33.2974125,Day,F,L,A,MYSE
151.909,8443,6/3/2015,5/26/2015,19:34:39,7,29.5,AH0,254,31.5355875,Day,F,L,A,MYSE
151.909,8443,6/3/2015,5/26/2015,19:34:41,7,29.5,AH0,253,31.5355875,Day,F,L,A,MYSE
151.909,8443,6/3/2015,5/26/2015,19:34:43,7,29.5,AH0,255,31.5355875,Day,F,L,A,MYSE
151.909,8443,6/3/2015,5/30/2015,19:34:45,7,35.3,AH0,242,38.5105341,Day,F,L,A,MYSE
151.909,8443,6/3/2015,5/29/2015,19:34:46,7,33.2,AH0,254,36.8211744,Day,F,L,A,MYSE
151.909,8443,6/3/2015,5/25/2015,19:34:47,7,30.4,AH0,255,33.1331712,Day,F,L,A,MYSE
151.909,8443,6/3/2015,5/30/2015,19:34:47,7,35.3,AH0,243,38.5105341,Day,F,L,A,MYSE
151.909,8443,6/3/2015,5/28/2015,19:34:48,7,29,AH0,93,30.5517,Day,F,L,A,MYSE
151.909,8443,6/3/2015,5/29/2015,19:34:48,7,33.3,AH0,254,36.9206321,Day,F,L,A,MYSE
151.909,8443,6/3/2015,5/25/2015,19:34:49,7,30.4,AH0,255,33.1331712,Day,F,L,A,MYSE
151.909,8443,6/3/2015,5/29/2015,19:34:49,7,33.3,AH0,254,36.9206321,Day,F,L,A,MYSE
151.909,8443,6/3/2015,5/30/2015,19:34:49,7,35.3,AH0,242,38.5105341,Day,F,L,A,MYSE
151.909,8443,6/3/2015,5/28/2015,19:34:50,7,29,AH0,94,30.5517,Day,F,L,A,MYSE
151.909,8443,6/3/2015,5/30/2015,19:34:50,7,35.3,AH0,242,38.5105341,Day,F,L,A,MYSE
151.909,8443,6/3/2015,5/25/2015,19:34:51,7,30.4,AH0,255,33.1331712,Day,F,L,A,MYSE
151.909,8443,6/3/2015,5/29/2015,19:34:51,7,33.3,AH0,253,36.9206321,Day,F,L,A,MYSE
151.909,8443,6/3/2015,5/28/2015,19:34:52,7,29,AH0,106,30.5517,Day,F,L,A,MYSE
151.909,8443,6/3/2015,5/30/2015,19:34:52,7,35.3,AH0,243,38.5105341,Day,F,L,A,MYSE
151.909,8443,6/3/2015,5/24/2015,19:34:53,7,30.4,AH0,255,33.1331712,Day,F,L,A,MYSE
151.909,8443,6/3/2015,5/25/2015,19:34:53,7,30.4,AH0,255,33.1331712,Day,F,L,A,MYSE
151.909,8443,6/3/2015,5/24/2015,19:34:55,7,30.4,AH0,255,33.1331712,Day,F,L,A,MYSE
151.909,8443,6/3/2015,5/24/2015,19:34:57,7,30.4,AH0,255,33.1331712,Day,F,L,A,MYSE
151.909,8443,6/3/2015,5/26/2015,19:34:57,7,29.4,AH0,255,31.3444472,Day,F,L,A,MYSE
151.909,8443,6/3/2015,5/24/2015,19:34:59,7,30.4,AH0,255,33.1331712,Day,F,L,A,MYSE
151.909,8443,6/3/2015,5/26/2015,19:34:59,7,29.4,AH0,254,31.3444472,Day,F,L,A,MYSE
151.909,8443,6/3/2015,5/26/2015,19:35:01,7,29.4,AH0,254,31.3444472,Day,F,L,A,MYSE
151.909,8443,6/3/2015,5/26/2015,19:35:03,7,29.4,AH0,255,31.3444472,Day,F,L,A,MYSE
151.909,8443,6/3/2015,5/25/2015,19:35:06,7,30.4,AH0,255,33.1331712,Day,F,L,A,MYSE
151.909,8443,6/3/2015,5/29/2015,19:35:06,7,33.3,AH0,254,36.9206321,Day,F,L,A,MYSE
151.909,8443,6/3/2015,5/30/2015,19:35:06,7,35.2,AH0,242,38.4478464,Day,F,L,A,MYSE
151.909,8443,6/3/2015,5/28/2015,19:35:07,7,29,AH0,100,30.5517,Day,F,L,A,MYSE
151.909,8443,6/3/2015,5/30/2015,19:35:07,7,35.2,AH0,245,38.4478464,Day,F,L,A,MYSE
151.909,8443,6/3/2015,5/25/2015,19:35:08,7,30.4,AH0,255,33.1331712,Day,F,L,A,MYSE
151.909,8443,6/3/2015,5/29/2015,19:35:08,7,33.3,AH0,254,36.9206321,Day,F,L,A,MYSE
151.909,8443,6/3/2015,5/28/2015,19:35:09,7,29.1,AH0,96,30.7541543,Day,F,L,A,MYSE
151.909,8443,6/3/2015,5/29/2015,19:35:09,7,33.3,AH0,254,36.9206321,Day,F,L,A,MYSE
151.909,8443,6/3/2015,5/30/2015,19:35:09,7,35.2,AH0,244,38.4478464,Day,F,L,A,MYSE
151.909,8443,6/3/2015,5/25/2015,19:35:10,7,30.4,AH0,255,33.1331712,Day,F,L,A,MYSE
151.909,8443,6/3/2015,5/28/2015,19:35:11,7,29,AH0,101,30.5517,Day,F,L,A,MYSE
151.909,8443,6/3/2015,5/29/2015,19:35:11,7,33.2,AH0,254,36.8211744,Day,F,L,A,MYSE
151.909,8443,6/3/2015,5/30/2015,19:35:11,7,35.2,AH0,244,38.4478464,Day,F,L,A,MYSE
151.909,8443,6/3/2015,5/25/2015,19:35:12,7,30.4,AH0,255,33.1331712,Day,F,L,A,MYSE
151.909,8443,6/3/2015,5/24/2015,19:35:13,7,30.4,AH0,255,33.1331712,Day,F,L,A,MYSE
151.909,8443,6/3/2015,5/28/2015,19:35:13,7,29.1,AH0,106,30.7541543,Day,F,L,A,MYSE
151.909,8443,6/3/2015,5/30/2015,19:35:13,7,35.2,AH0,241,38.4478464,Day,F,L,A,MYSE
151.909,8443,6/3/2015,5/24/2015,19:35:15,7,30.4,AH0,255,33.1331712,Day,F,L,A,MYSE
151.909,8443,6/3/2015,5/24/2015,19:35:17,7,30.4,AH0,255,33.1331712,Day,F,L,A,MYSE
151.909,8443,6/3/2015,5/26/2015,19:35:17,7,29.4,AH0,254,31.3444472,Day,F,L,A,MYSE
151.909,8443,6/3/2015,5/24/2015,19:35:19,7,30.4,AH0,255,33.1331712,Day,F,L,A,MYSE
151.909,8443,6/3/2015,5/26/2015,19:35:19,7,29.4,AH0,254,31.3444472,Day,F,L,A,MYSE
151.909,8443,6/3/2015,5/26/2015,19:35:21,7,29.4,AH0,254,31.3444472,Day,F,L,A,MYSE
151.909,8443,6/3/2015,5/26/2015,19:35:23,7,29.4,AH0,255,31.3444472,Day,F,L,A,MYSE
151.909,8443,6/3/2015,5/25/2015,19:35:26,7,30.3,AH0,255,32.9663291,Day,F,L,A,MYSE
151.909,8443,6/3/2015,5/29/2015,19:35:26,7,33.3,AH0,254,36.9206321,Day,F,L,A,MYSE
151.909,8443,6/3/2015,5/30/2015,19:35:26,7,35.1,AH0,243,38.3835083,Day,F,L,A,MYSE
151.909,8443,6/3/2015,5/28/2015,19:35:27,7,29.1,AH0,107,30.7541543,Day,F,L,A,MYSE
151.909,8443,6/3/2015,5/29/2015,19:35:27,7,33.2,AH0,254,36.8211744,Day,F,L,A,MYSE
151.909,8443,6/3/2015,5/25/2015,19:35:28,7,30.4,AH0,255,33.1331712,Day,F,L,A,MYSE
151.909,8443,6/3/2015,5/30/2015,19:35:28,7,35.1,AH0,243,38.3835083,Day,F,L,A,MYSE
151.909,8443,6/3/2015,5/29/2015,19:35:29,7,33.3,AH0,254,36.9206321,Day,F,L,A,MYSE
151.909,8443,6/3/2015,5/25/2015,19:35:30,7,30.3,AH0,255,32.9663291,Day,F,L,A,MYSE
151.909,8443,6/3/2015,5/28/2015,19:35:30,7,29.1,AH0,110,30.7541543,Day,F,L,A,MYSE
151.909,8443,6/3/2015,5/30/2015,19:35:30,7,35.1,AH0,244,38.3835083,Day,F,L,A,MYSE
151.909,8443,6/3/2015,5/29/2015,19:35:31,7,33.3,AH0,254,36.9206321,Day,F,L,A,MYSE
151.909,8443,6/3/2015,5/30/2015,19:35:31,7,35.1,AH0,244,38.3835083,Day,F,L,A,MYSE
151.909,8443,6/3/2015,5/24/2015,19:35:32,7,30.4,AH0,255,33.1331712,Day,F,L,A,MYSE
151.909,8443,6/3/2015,5/25/2015,19:35:32,7,30.3,AH0,255,32.9663291,Day,F,L,A,MYSE
151.909,8443,6/3/2015,5/28/2015,19:35:32,7,29.1,AH0,107,30.7541543,Day,F,L,A,MYSE
151.909,8443,6/3/2015,5/24/2015,19:35:34,7,30.4,AH0,255,33.1331712,Day,F,L,A,MYSE
151.909,8443,6/3/2015,5/28/2015,19:35:34,7,29.1,AH0,112,30.7541543,Day,F,L,A,MYSE
151.909,8443,6/3/2015,5/24/2015,19:35:36,7,30.4,AH0,255,33.1331712,Day,F,L,A,MYSE
151.909,8443,6/3/2015,5/24/2015,19:35:38,7,30.4,AH0,255,33.1331712,Day,F,L,A,MYSE
151.909,8443,6/3/2015,5/26/2015,19:35:38,7,29.4,AH0,254,31.3444472,Day,F,L,A,MYSE
151.909,8443,6/3/2015,5/26/2015,19:35:40,7,29.4,AH0,253,31.3444472,Day,F,L,A,MYSE
151.909,8443,6/3/2015,5/26/2015,19:35:42,7,29.4,AH0,255,31.3444472,Day,F,L,A,MYSE
151.909,8443,6/3/2015,5/26/2015,19:35:44,7,29.4,AH0,254,31.3444472,Day,F,L,A,MYSE
151.909,8443,6/3/2015,5/29/2015,19:35:45,7,33.2,AH0,254,36.8211744,Day,F,L,A,MYSE
151.909,8443,6/3/2015,5/30/2015,19:35:45,7,35.1,AH0,244,38.3835083,Day,F,L,A,MYSE
151.909,8443,6/3/2015,5/25/2015,19:35:46,7,30.3,AH0,255,32.9663291,Day,F,L,A,MYSE
151.909,8443,6/3/2015,5/29/2015,19:35:47,7,33.3,AH0,254,36.9206321,Day,F,L,A,MYSE
151.909,8443,6/3/2015,5/30/2015,19:35:47,7,35.1,AH0,242,38.3835083,Day,F,L,A,MYSE
151.909,8443,6/3/2015,5/25/2015,19:35:48,7,30.3,AH0,255,32.9663291,Day,F,L,A,MYSE
151.909,8443,6/3/2015,5/28/2015,19:35:48,7,29.1,AH0,108,30.7541543,Day,F,L,A,MYSE
151.909,8443,6/3/2015,5/30/2015,19:35:48,7,35.1,AH0,242,38.3835083,Day,F,L,A,MYSE
151.909,8443,6/3/2015,5/29/2015,19:35:49,7,33.2,AH0,254,36.8211744,Day,F,L,A,MYSE
151.909,8443,6/3/2015,5/25/2015,19:35:50,7,30.3,AH0,255,32.9663291,Day,F,L,A,MYSE
151.909,8443,6/3/2015,5/28/2015,19:35:50,7,29.1,AH0,106,30.7541543,Day,F,L,A,MYSE
151.909,8443,6/3/2015,5/30/2015,19:35:50,7,35.1,AH0,242,38.3835083,Day,F,L,A,MYSE
151.909,8443,6/3/2015,5/29/2015,19:35:51,7,33.3,AH0,255,36.9206321,Day,F,L,A,MYSE
151.909,8443,6/3/2015,5/24/2015,19:35:52,7,30.4,AH0,255,33.1331712,Day,F,L,A,MYSE
151.909,8443,6/3/2015,5/25/2015,19:35:52,7,30.3,AH0,255,32.9663291,Day,F,L,A,MYSE
151.909,8443,6/3/2015,5/28/2015,19:35:52,7,29.1,AH0,108,30.7541543,Day,F,L,A,MYSE
151.909,8443,6/3/2015,5/30/2015,19:35:52,7,35,AH0,243,38.3175,Day,F,L,A,MYSE
151.909,8443,6/3/2015,5/24/2015,19:35:54,7,30.4,AH0,255,33.1331712,Day,F,L,A,MYSE
151.909,8443,6/3/2015,5/24/2015,19:35:56,7,30.4,AH0,255,33.1331712,Day,F,L,A,MYSE
151.909,8443,6/3/2015,5/24/2015,19:35:58,7,30.4,AH0,255,33.1331712,Day,F,L,A,MYSE
151.909,8443,6/3/2015,5/26/2015,19:35:58,7,29.4,AH0,254,31.3444472,Day,F,L,A,MYSE
151.909,8443,6/3/2015,5/26/2015,19:36:00,7,29.4,AH0,255,31.3444472,Day,F,L,A,MYSE
151.909,8443,6/3/2015,5/26/2015,19:36:02,7,29.4,AH0,255,31.3444472,Day,F,L,A,MYSE
151.909,8443,6/3/2015,5/26/2015,19:36:04,7,29.3,AH0,254,31.1505081,Day,F,L,A,MYSE
151.909,8443,6/3/2015,5/29/2015,19:36:05,7,33.2,AH0,253,36.8211744,Day,F,L,A,MYSE
151.909,8443,6/3/2015,5/25/2015,19:36:06,7,30.3,AH0,255,32.9663291,Day,F,L,A,MYSE
151.909,8443,6/3/2015,5/30/2015,19:36:06,7,35,AH0,239,38.3175,Day,F,L,A,MYSE
151.909,8443,6/3/2015,5/28/2015,19:36:07,7,29.1,AH0,111,30.7541543,Day,F,L,A,MYSE
151.909,8443,6/3/2015,5/29/2015,19:36:07,7,33.3,AH0,255,36.9206321,Day,F,L,A,MYSE
151.909,8443,6/3/2015,5/30/2015,19:36:07,7,35,AH0,241,38.3175,Day,F,L,A,MYSE
151.909,8443,6/3/2015,5/25/2015,19:36:08,7,30.3,AH0,255,32.9663291,Day,F,L,A,MYSE
151.909,8443,6/3/2015,5/28/2015,19:36:09,7,29.1,AH0,107,30.7541543,Day,F,L,A,MYSE
151.909,8443,6/3/2015,5/29/2015,19:36:09,7,33.3,AH0,255,36.9206321,Day,F,L,A,MYSE
151.909,8443,6/3/2015,5/30/2015,19:36:09,7,35,AH0,241,38.3175,Day,F,L,A,MYSE
151.909,8443,6/3/2015,5/25/2015,19:36:10,7,30.3,AH0,255,32.9663291,Day,F,L,A,MYSE
151.909,8443,6/3/2015,5/28/2015,19:36:11,7,29.1,AH0,111,30.7541543,Day,F,L,A,MYSE
151.909,8443,6/3/2015,5/29/2015,19:36:11,7,33.3,AH0,253,36.9206321,Day,F,L,A,MYSE
151.909,8443,6/3/2015,5/30/2015,19:36:11,7,35,AH0,240,38.3175,Day,F,L,A,MYSE
151.909,8443,6/3/2015,5/24/2015,19:36:12,7,30.3,AH0,255,32.9663291,Day,F,L,A,MYSE
151.909,8443,6/3/2015,5/25/2015,19:36:12,7,30.3,AH0,255,32.9663291,Day,F,L,A,MYSE
151.909,8443,6/3/2015,5/29/2015,19:36:12,7,33.3,AH0,254,36.9206321,Day,F,L,A,MYSE
151.909,8443,6/3/2015,5/30/2015,19:36:12,7,35,AH0,240,38.3175,Day,F,L,A,MYSE
151.909,8443,6/3/2015,5/28/2015,19:36:13,7,29.1,AH0,109,30.7541543,Day,F,L,A,MYSE
151.909,8443,6/3/2015,5/24/2015,19:36:14,7,30.3,AH0,255,32.9663291,Day,F,L,A,MYSE
151.909,8443,6/3/2015,5/24/2015,19:36:16,7,30.3,AH0,255,32.9663291,Day,F,L,A,MYSE
151.909,8443,6/3/2015,5/26/2015,19:36:17,7,29.3,AH0,255,31.1505081,Day,F,L,A,MYSE
151.909,8443,6/3/2015,5/24/2015,19:36:18,7,30.3,AH0,255,32.9663291,Day,F,L,A,MYSE
151.909,8443,6/3/2015,5/26/2015,19:36:19,7,29.3,AH0,254,31.1505081,Day,F,L,A,MYSE
151.909,8443,6/3/2015,5/26/2015,19:36:21,7,29.3,AH0,254,31.1505081,Day,F,L,A,MYSE
151.909,8443,6/3/2015,5/26/2015,19:36:23,7,29.3,AH0,255,31.1505081,Day,F,L,A,MYSE
151.909,8443,6/3/2015,5/29/2015,19:36:25,7,33.3,AH0,255,36.9206321,Day,F,L,A,MYSE
151.909,8443,6/3/2015,5/25/2015,19:36:26,7,30.3,AH0,255,32.9663291,Day,F,L,A,MYSE
151.909,8443,6/3/2015,5/30/2015,19:36:26,7,34.9,AH0,239,38.2498017,Day,F,L,A,MYSE
151.909,8443,6/3/2015,5/25/2015,19:36:27,7,30.3,AH0,255,32.9663291,Day,F,L,A,MYSE
151.909,8443,6/3/2015,5/28/2015,19:36:27,7,29.2,AH0,128,30.9537504,Day,F,L,A,MYSE
151.909,8443,6/3/2015,5/29/2015,19:36:27,7,33.2,AH0,253,36.8211744,Day,F,L,A,MYSE
151.909,8443,6/3/2015,5/30/2015,19:36:28,7,35,AH0,242,38.3175,Day,F,L,A,MYSE
151.909,8443,6/3/2015,5/25/2015,19:36:29,7,30.3,AH0,255,32.9663291,Day,F,L,A,MYSE
151.909,8443,6/3/2015,5/28/2015,19:36:29,7,29.2,AH0,118,30.9537504,Day,F,L,A,MYSE
151.909,8443,6/3/2015,5/29/2015,19:36:29,7,33.3,AH0,255,36.9206321,Day,F,L,A,MYSE
151.909,8443,6/3/2015,5/30/2015,19:36:30,7,34.9,AH0,239,38.2498017,Day,F,L,A,MYSE
151.909,8443,6/3/2015,5/25/2015,19:36:31,7,30.3,AH0,255,32.9663291,Day,F,L,A,MYSE
151.909,8443,6/3/2015,5/28/2015,19:36:31,7,29.2,AH0,108,30.9537504,Day,F,L,A,MYSE
151.909,8443,6/3/2015,5/29/2015,19:36:31,7,33.3,AH0,254,36.9206321,Day,F,L,A,MYSE
151.909,8443,6/3/2015,5/30/2015,19:36:31,7,34.9,AH0,239,38.2498017,Day,F,L,A,MYSE
151.909,8443,6/3/2015,5/24/2015,19:36:32,7,30.3,AH0,255,32.9663291,Day,F,L,A,MYSE
151.909,8443,6/3/2015,5/29/2015,19:36:32,7,33.2,AH0,254,36.8211744,Day,F,L,A,MYSE
151.909,8443,6/3/2015,5/28/2015,19:36:33,7,29.2,AH0,100,30.9537504,Day,F,L,A,MYSE
151.909,8443,6/3/2015,5/24/2015,19:36:34,7,30.3,AH0,255,32.9663291,Day,F,L,A,MYSE
151.909,8443,6/3/2015,5/24/2015,19:36:36,7,30.3,AH0,255,32.9663291,Day,F,L,A,MYSE
151.909,8443,6/3/2015,5/26/2015,19:36:37,7,29.3,AH0,254,31.1505081,Day,F,L,A,MYSE
151.909,8443,6/3/2015,5/24/2015,19:36:38,7,30.3,AH0,255,32.9663291,Day,F,L,A,MYSE
151.909,8443,6/3/2015,5/26/2015,19:36:39,7,29.3,AH0,254,31.1505081,Day,F,L,A,MYSE
151.909,8443,6/3/2015,5/26/2015,19:36:41,7,29.3,AH0,255,31.1505081,Day,F,L,A,MYSE
151.909,8443,6/3/2015,5/26/2015,19:36:43,7,29.3,AH0,254,31.1505081,Day,F,L,A,MYSE
151.909,8443,6/3/2015,5/25/2015,19:36:45,7,30.2,AH0,255,32.7968664,Day,F,L,A,MYSE
151.909,8443,6/3/2015,5/29/2015,19:36:45,7,33.3,AH0,255,36.9206321,Day,F,L,A,MYSE
151.909,8443,6/3/2015,5/30/2015,19:36:45,7,34.9,AH0,240,38.2498017,Day,F,L,A,MYSE
151.909,8443,6/3/2015,5/25/2015,19:36:47,7,30.2,AH0,255,32.7968664,Day,F,L,A,MYSE
151.909,8443,6/3/2015,5/29/2015,19:36:47,7,33.3,AH0,254,36.9206321,Day,F,L,A,MYSE
151.909,8443,6/3/2015,5/30/2015,19:36:47,7,34.9,AH0,241,38.2498017,Day,F,L,A,MYSE
151.909,8443,6/3/2015,5/28/2015,19:36:48,7,29.2,AH0,91,30.9537504,Day,F,L,A,MYSE
151.909,8443,6/3/2015,5/25/2015,19:36:49,7,30.2,AH0,255,32.7968664,Day,F,L,A,MYSE
151.909,8443,6/3/2015,5/29/2015,19:36:49,7,33.3,AH0,253,36.9206321,Day,F,L,A,MYSE
151.909,8443,6/3/2015,5/30/2015,19:36:49,7,34.9,AH0,240,38.2498017,Day,F,L,A,MYSE
151.909,8443,6/3/2015,5/28/2015,19:36:50,7,29.2,AH0,100,30.9537504,Day,F,L,A,MYSE
151.909,8443,6/3/2015,5/29/2015,19:36:50,7,33.3,AH0,255,36.9206321,Day,F,L,A,MYSE
151.909,8443,6/3/2015,5/30/2015,19:36:50,7,34.9,AH0,241,38.2498017,Day,F,L,A,MYSE
151.909,8443,6/3/2015,5/24/2015,19:36:51,7,30.3,AH0,255,32.9663291,Day,F,L,A,MYSE
151.909,8443,6/3/2015,5/25/2015,19:36:51,7,30.2,AH0,255,32.7968664,Day,F,L,A,MYSE
151.909,8443,6/3/2015,5/28/2015,19:36:52,7,29.2,AH0,98,30.9537504,Day,F,L,A,MYSE
151.909,8443,6/3/2015,5/29/2015,19:36:52,7,33.3,AH0,254,36.9206321,Day,F,L,A,MYSE
151.909,8443,6/3/2015,5/30/2015,19:36:52,7,34.9,AH0,241,38.2498017,Day,F,L,A,MYSE
151.909,8443,6/3/2015,5/24/2015,19:36:53,7,30.3,AH0,255,32.9663291,Day,F,L,A,MYSE
151.909,8443,6/3/2015,5/25/2015,19:36:53,7,30.2,AH0,255,32.7968664,Day,F,L,A,MYSE
151.909,8443,6/3/2015,5/28/2015,19:36:54,7,29.2,AH0,85,30.9537504,Day,F,L,A,MYSE
151.909,8443,6/3/2015,5/24/2015,19:36:55,7,30.3,AH0,255,32.9663291,Day,F,L,A,MYSE
151.909,8443,6/3/2015,5/24/2015,19:36:57,7,30.3,AH0,255,32.9663291,Day,F,L,A,MYSE
151.909,8443,6/3/2015,5/26/2015,19:36:58,7,29.3,AH0,254,31.1505081,Day,F,L,A,MYSE
151.909,8443,6/3/2015,5/26/2015,19:37:00,7,29.3,AH0,253,31.1505081,Day,F,L,A,MYSE
151.909,8443,6/3/2015,5/26/2015,19:37:02,7,29.3,AH0,254,31.1505081,Day,F,L,A,MYSE
151.909,8443,6/3/2015,5/26/2015,19:37:04,7,29.3,AH0,254,31.1505081,Day,F,L,A,MYSE
151.909,8443,6/3/2015,5/29/2015,19:37:05,7,33.3,AH0,253,36.9206321,Day,F,L,A,MYSE
151.909,8443,6/3/2015,5/28/2015,19:37:06,7,29.2,AH0,111,30.9537504,Day,F,L,A,MYSE
151.909,8443,6/3/2015,5/30/2015,19:37:06,7,35,AH0,242,38.3175,Day,F,L,A,MYSE
151.909,8443,6/3/2015,5/25/2015,19:37:07,7,30.2,AH0,255,32.7968664,Day,F,L,A,MYSE
151.909,8443,6/3/2015,5/29/2015,19:37:07,7,33.3,AH0,254,36.9206321,Day,F,L,A,MYSE
151.909,8443,6/3/2015,5/30/2015,19:37:07,7,35,AH0,240,38.3175,Day,F,L,A,MYSE
151.909,8443,6/3/2015,5/28/2015,19:37:08,7,29.2,AH0,106,30.9537504,Day,F,L,A,MYSE
151.909,8443,6/3/2015,5/29/2015,19:37:08,7,33.3,AH0,252,36.9206321,Day,F,L,A,MYSE
151.909,8443,6/3/2015,5/25/2015,19:37:09,7,30.2,AH0,255,32.7968664,Day,F,L,A,MYSE
151.909,8443,6/3/2015,5/30/2015,19:37:09,7,35,AH0,240,38.3175,Day,F,L,A,MYSE
151.909,8443,6/3/2015,5/28/2015,19:37:10,7,29.2,AH0,119,30.9537504,Day,F,L,A,MYSE
151.909,8443,6/3/2015,5/29/2015,19:37:10,7,33.3,AH0,254,36.9206321,Day,F,L,A,MYSE
151.909,8443,6/3/2015,5/25/2015,19:37:11,7,30.2,AH0,255,32.7968664,Day,F,L,A,MYSE
151.909,8443,6/3/2015,5/30/2015,19:37:11,7,35,AH0,240,38.3175,Day,F,L,A,MYSE
151.909,8443,6/3/2015,5/28/2015,19:37:12,7,29.2,AH0,90,30.9537504,Day,F,L,A,MYSE
151.909,8443,6/3/2015,5/29/2015,19:37:12,7,33.3,AH0,254,36.9206321,Day,F,L,A,MYSE
151.909,8443,6/3/2015,5/24/2015,19:37:13,7,30.3,AH0,255,32.9663291,Day,F,L,A,MYSE
151.909,8443,6/3/2015,5/25/2015,19:37:13,7,30.2,AH0,255,32.7968664,Day,F,L,A,MYSE
151.909,8443,6/3/2015,5/30/2015,19:37:13,7,35,AH0,239,38.3175,Day,F,L,A,MYSE
151.909,8443,6/3/2015,5/24/2015,19:37:15,7,30.3,AH0,255,32.9663291,Day,F,L,A,MYSE
151.909,8443,6/3/2015,5/24/2015,19:37:17,7,30.3,AH0,255,32.9663291,Day,F,L,A,MYSE
151.909,8443,6/3/2015,5/26/2015,19:37:18,7,29.3,AH0,254,31.1505081,Day,F,L,A,MYSE
151.909,8443,6/3/2015,5/24/2015,19:37:19,7,30.3,AH0,255,32.9663291,Day,F,L,A,MYSE
151.909,8443,6/3/2015,5/26/2015,19:37:20,7,29.3,AH0,254,31.1505081,Day,F,L,A,MYSE
151.909,8443,6/3/2015,5/26/2015,19:37:22,7,29.3,AH0,255,31.1505081,Day,F,L,A,MYSE
151.909,8443,6/3/2015,5/26/2015,19:37:24,7,29.3,AH0,254,31.1505081,Day,F,L,A,MYSE
151.909,8443,6/3/2015,5/29/2015,19:37:25,7,33.3,AH0,253,36.9206321,Day,F,L,A,MYSE
151.909,8443,6/3/2015,5/29/2015,19:37:26,7,33.3,AH0,254,36.9206321,Day,F,L,A,MYSE
151.909,8443,6/3/2015,5/30/2015,19:37:26,7,35.1,AH0,241,38.3835083,Day,F,L,A,MYSE
151.909,8443,6/3/2015,5/25/2015,19:37:27,7,30.2,AH0,255,32.7968664,Day,F,L,A,MYSE
151.909,8443,6/3/2015,5/28/2015,19:37:27,7,29.2,AH0,76,30.9537504,Day,F,L,A,MYSE
151.909,8443,6/3/2015,5/29/2015,19:37:28,7,33.3,AH0,254,36.9206321,Day,F,L,A,MYSE
151.909,8443,6/3/2015,5/30/2015,19:37:28,7,35.1,AH0,239,38.3835083,Day,F,L,A,MYSE
151.909,8443,6/3/2015,5/25/2015,19:37:29,7,30.2,AH0,255,32.7968664,Day,F,L,A,MYSE
151.909,8443,6/3/2015,5/28/2015,19:37:29,7,29.2,AH0,73,30.9537504,Day,F,L,A,MYSE
151.909,8443,6/3/2015,5/29/2015,19:37:30,7,33.3,AH0,254,36.9206321,Day,F,L,A,MYSE
151.909,8443,6/3/2015,5/30/2015,19:37:30,7,35.1,AH0,242,38.3835083,Day,F,L,A,MYSE
151.909,8443,6/3/2015,5/25/2015,19:37:31,7,30.2,AH0,255,32.7968664,Day,F,L,A,MYSE
151.909,8443,6/3/2015,5/28/2015,19:37:31,7,29.2,AH0,91,30.9537504,Day,F,L,A,MYSE
151.909,8443,6/3/2015,5/30/2015,19:37:31,7,35.1,AH0,239,38.3835083,Day,F,L,A,MYSE
151.909,8443,6/3/2015,5/29/2015,19:37:32,7,33.3,AH0,254,36.9206321,Day,F,L,A,MYSE
151.909,8443,6/3/2015,5/24/2015,19:37:33,7,30.3,AH0,255,32.9663291,Day,F,L,A,MYSE
151.909,8443,6/3/2015,5/25/2015,19:37:33,7,30.2,AH0,255,32.7968664,Day,F,L,A,MYSE
151.909,8443,6/3/2015,5/28/2015,19:37:33,7,29.2,AH0,102,30.9537504,Day,F,L,A,MYSE
151.909,8443,6/3/2015,5/24/2015,19:37:35,7,30.3,AH0,255,32.9663291,Day,F,L,A,MYSE
151.909,8443,6/3/2015,5/24/2015,19:37:37,7,30.3,AH0,255,32.9663291,Day,F,L,A,MYSE
151.909,8443,6/3/2015,5/26/2015,19:37:37,7,29.3,AH0,254,31.1505081,Day,F,L,A,MYSE
151.909,8443,6/3/2015,5/24/2015,19:37:39,7,30.3,AH0,255,32.9663291,Day,F,L,A,MYSE
151.909,8443,6/3/2015,5/26/2015,19:37:39,7,29.3,AH0,253,31.1505081,Day,F,L,A,MYSE
151.909,8443,6/3/2015,5/26/2015,19:37:41,7,29.3,AH0,255,31.1505081,Day,F,L,A,MYSE
151.909,8443,6/3/2015,5/26/2015,19:37:43,7,29.3,AH0,254,31.1505081,Day,F,L,A,MYSE
151.909,8443,6/3/2015,5/29/2015,19:37:45,7,33.3,AH0,254,36.9206321,Day,F,L,A,MYSE
151.909,8443,6/3/2015,5/30/2015,19:37:45,7,34.9,AH0,243,38.2498017,Day,F,L,A,MYSE
151.909,8443,6/3/2015,5/29/2015,19:37:46,7,33.3,AH0,254,36.9206321,Day,F,L,A,MYSE
151.909,8443,6/3/2015,5/25/2015,19:37:47,7,30.1,AH0,255,32.6247633,Day,F,L,A,MYSE
151.909,8443,6/3/2015,5/28/2015,19:37:47,7,29.2,AH0,90,30.9537504,Day,F,L,A,MYSE
151.909,8443,6/3/2015,5/30/2015,19:37:47,7,34.9,AH0,239,38.2498017,Day,F,L,A,MYSE
151.909,8443,6/3/2015,5/29/2015,19:37:48,7,33.3,AH0,253,36.9206321,Day,F,L,A,MYSE
151.909,8443,6/3/2015,5/25/2015,19:37:49,7,30.1,AH0,255,32.6247633,Day,F,L,A,MYSE
151.909,8443,6/3/2015,5/28/2015,19:37:49,7,29.3,AH0,80,31.1505081,Day,F,L,A,MYSE
151.909,8443,6/3/2015,5/30/2015,19:37:49,7,34.9,AH0,241,38.2498017,Day,F,L,A,MYSE
151.909,8443,6/3/2015,5/29/2015,19:37:50,7,33.3,AH0,254,36.9206321,Day,F,L,A,MYSE
151.909,8443,6/3/2015,5/30/2015,19:37:50,7,34.9,AH0,238,38.2498017,Day,F,L,A,MYSE
151.909,8443,6/3/2015,5/25/2015,19:37:51,7,30.1,AH0,255,32.6247633,Day,F,L,A,MYSE
151.909,8443,6/3/2015,5/28/2015,19:37:51,7,29.4,AH0,77,31.3444472,Day,F,L,A,MYSE
151.909,8443,6/3/2015,5/29/2015,19:37:52,7,33.3,AH0,254,36.9206321,Day,F,L,A,MYSE
151.909,8443,6/3/2015,5/30/2015,19:37:52,7,34.9,AH0,238,38.2498017,Day,F,L,A,MYSE
151.909,8443,6/3/2015,5/24/2015,19:37:53,7,30.3,AH0,255,32.9663291,Day,F,L,A,MYSE
151.909,8443,6/3/2015,5/25/2015,19:37:53,7,30.1,AH0,255,32.6247633,Day,F,L,A,MYSE
151.909,8443,6/3/2015,5/28/2015,19:37:53,7,29.4,AH0,70,31.3444472,Day,F,L,A,MYSE
151.909,8443,6/3/2015,5/24/2015,19:37:55,7,30.3,AH0,255,32.9663291,Day,F,L,A,MYSE
151.909,8443,6/3/2015,5/24/2015,19:37:57,7,30.3,AH0,255,32.9663291,Day,F,L,A,MYSE
151.909,8443,6/3/2015,5/26/2015,19:37:57,7,29.3,AH0,254,31.1505081,Day,F,L,A,MYSE
151.909,8443,6/3/2015,5/24/2015,19:37:59,7,30.4,AH0,255,33.1331712,Day,F,L,A,MYSE
151.909,8443,6/3/2015,5/26/2015,19:37:59,7,29.3,AH0,254,31.1505081,Day,F,L,A,MYSE
151.909,8443,6/3/2015,5/26/2015,19:38:01,7,29.3,AH0,254,31.1505081,Day,F,L,A,MYSE
151.909,8443,6/3/2015,5/26/2015,19:38:03,7,29.3,AH0,254,31.1505081,Day,F,L,A,MYSE
151.909,8443,6/3/2015,5/29/2015,19:38:06,7,33.3,AH0,253,36.9206321,Day,F,L,A,MYSE
151.909,8443,6/3/2015,5/30/2015,19:38:06,7,34.9,AH0,239,38.2498017,Day,F,L,A,MYSE
151.909,8443,6/3/2015,5/25/2015,19:38:07,7,30.1,AH0,255,32.6247633,Day,F,L,A,MYSE
151.909,8443,6/3/2015,5/30/2015,19:38:07,7,34.9,AH0,246,38.2498017,Day,F,L,A,MYSE
151.909,8443,6/3/2015,5/29/2015,19:38:08,7,33.3,AH0,254,36.9206321,Day,F,L,A,MYSE
151.909,8443,6/3/2015,5/25/2015,19:38:09,7,30.1,AH0,255,32.6247633,Day,F,L,A,MYSE
151.909,8443,6/3/2015,5/30/2015,19:38:09,7,34.9,AH0,244,38.2498017,Day,F,L,A,MYSE
151.909,8443,6/3/2015,5/28/2015,19:38:10,7,14.9,AH0,55,-36.0561783,Day,F,L,A,MYSE
151.909,8443,6/3/2015,5/29/2015,19:38:10,7,33.3,AH0,254,36.9206321,Day,F,L,A,MYSE
151.909,8443,6/3/2015,5/25/2015,19:38:11,7,30.1,AH0,255,32.6247633,Day,F,L,A,MYSE
151.909,8443,6/3/2015,5/30/2015,19:38:11,7,34.9,AH0,244,38.2498017,Day,F,L,A,MYSE
151.909,8443,6/3/2015,5/28/2015,19:38:12,7,30,AH0,126,32.45,Day,F,L,A,MYSE
151.909,8443,6/3/2015,5/29/2015,19:38:12,7,33.3,AH0,254,36.9206321,Day,F,L,A,MYSE
151.909,8443,6/3/2015,5/24/2015,19:38:13,7,30.4,AH0,255,33.1331712,Day,F,L,A,MYSE
151.909,8443,6/3/2015,5/25/2015,19:38:13,7,30.1,AH0,255,32.6247633,Day,F,L,A,MYSE
151.909,8443,6/3/2015,5/30/2015,19:38:13,7,34.9,AH0,246,38.2498017,Day,F,L,A,MYSE
151.909,8443,6/3/2015,5/28/2015,19:38:14,7,30,AH0,143,32.45,Day,F,L,A,MYSE
151.909,8443,6/3/2015,5/24/2015,19:38:15,7,30.4,AH0,255,33.1331712,Day,F,L,A,MYSE
151.909,8443,6/3/2015,5/24/2015,19:38:16,7,30.4,AH0,255,33.1331712,Day,F,L,A,MYSE
151.909,8443,6/3/2015,5/24/2015,19:38:18,7,30.4,AH0,255,33.1331712,Day,F,L,A,MYSE
151.909,8443,6/3/2015,5/26/2015,19:38:18,7,29.3,AH0,254,31.1505081,Day,F,L,A,MYSE
151.909,8443,6/3/2015,5/26/2015,19:38:20,7,29.2,AH0,254,30.9537504,Day,F,L,A,MYSE
151.909,8443,6/3/2015,5/26/2015,19:38:22,7,29.2,AH0,255,30.9537504,Day,F,L,A,MYSE
151.909,8443,6/3/2015,5/26/2015,19:38:24,7,29.3,AH0,253,31.1505081,Day,F,L,A,MYSE
151.909,8443,6/3/2015,5/29/2015,19:38:26,7,33.3,AH0,254,36.9206321,Day,F,L,A,MYSE
151.909,8443,6/3/2015,5/30/2015,19:38:26,7,34.8,AH0,247,38.1803936,Day,F,L,A,MYSE
151.909,8443,6/3/2015,5/25/2015,19:38:27,7,30,AH0,255,32.45,Day,F,L,A,MYSE
151.909,8443,6/3/2015,5/28/2015,19:38:28,7,30.3,AH0,101,32.9663291,Day,F,L,A,MYSE
151.909,8443,6/3/2015,5/29/2015,19:38:28,7,33.3,AH0,254,36.9206321,Day,F,L,A,MYSE
151.909,8443,6/3/2015,5/30/2015,19:38:28,7,34.8,AH0,245,38.1803936,Day,F,L,A,MYSE
151.909,8443,6/3/2015,5/25/2015,19:38:29,7,30,AH0,255,32.45,Day,F,L,A,MYSE
151.909,8443,6/3/2015,5/28/2015,19:38:30,7,30.3,AH0,97,32.9663291,Day,F,L,A,MYSE
151.909,8443,6/3/2015,5/29/2015,19:38:30,7,33.3,AH0,254,36.9206321,Day,F,L,A,MYSE
151.909,8443,6/3/2015,5/30/2015,19:38:30,7,34.8,AH0,246,38.1803936,Day,F,L,A,MYSE
151.909,8443,6/3/2015,5/25/2015,19:38:31,7,30,AH0,255,32.45,Day,F,L,A,MYSE
151.909,8443,6/3/2015,5/29/2015,19:38:31,7,33.3,AH0,254,36.9206321,Day,F,L,A,MYSE
151.909,8443,6/3/2015,5/24/2015,19:38:32,7,30.5,AH0,255,33.2974125,Day,F,L,A,MYSE
151.909,8443,6/3/2015,5/28/2015,19:38:32,7,30.3,AH0,105,32.9663291,Day,F,L,A,MYSE
151.909,8443,6/3/2015,5/30/2015,19:38:32,7,34.8,AH0,249,38.1803936,Day,F,L,A,MYSE
151.909,8443,6/3/2015,5/25/2015,19:38:33,7,30,AH0,255,32.45,Day,F,L,A,MYSE
151.909,8443,6/3/2015,5/24/2015,19:38:34,7,30.5,AH0,255,33.2974125,Day,F,L,A,MYSE
151.909,8443,6/3/2015,5/28/2015,19:38:34,7,30.4,AH0,103,33.1331712,Day,F,L,A,MYSE
151.909,8443,6/3/2015,5/24/2015,19:38:36,7,30.5,AH0,255,33.2974125,Day,F,L,A,MYSE
151.909,8443,6/3/2015,5/24/2015,19:38:38,7,30.5,AH0,255,33.2974125,Day,F,L,A,MYSE
151.909,8443,6/3/2015,5/26/2015,19:38:38,7,29.2,AH0,254,30.9537504,Day,F,L,A,MYSE
151.909,8443,6/3/2015,5/26/2015,19:38:40,7,29.2,AH0,255,30.9537504,Day,F,L,A,MYSE
151.909,8443,6/3/2015,5/26/2015,19:38:42,7,29.2,AH0,254,30.9537504,Day,F,L,A,MYSE
151.909,8443,6/3/2015,5/26/2015,19:38:44,7,29.2,AH0,255,30.9537504,Day,F,L,A,MYSE
151.909,8443,6/3/2015,5/30/2015,19:38:45,7,34.7,AH0,247,38.1092559,Day,F,L,A,MYSE
151.909,8443,6/3/2015,5/29/2015,19:38:46,7,33.2,AH0,254,36.8211744,Day,F,L,A,MYSE
151.909,8443,6/3/2015,5/25/2015,19:38:47,7,30,AH0,255,32.45,Day,F,L,A,MYSE
151.909,8443,6/3/2015,5/28/2015,19:38:47,7,30.2,AH0,201,32.7968664,Day,F,L,A,MYSE
151.909,8443,6/3/2015,5/30/2015,19:38:47,7,34.7,AH0,245,38.1092559,Day,F,L,A,MYSE
151.909,8443,6/3/2015,5/29/2015,19:38:48,7,33.2,AH0,254,36.8211744,Day,F,L,A,MYSE
151.909,8443,6/3/2015,5/25/2015,19:38:49,7,30,AH0,255,32.45,Day,F,L,A,MYSE
151.909,8443,6/3/2015,5/28/2015,19:38:49,7,30.2,AH0,204,32.7968664,Day,F,L,A,MYSE
151.909,8443,6/3/2015,5/29/2015,19:38:49,7,33.2,AH0,253,36.8211744,Day,F,L,A,MYSE
151.909,8443,6/3/2015,5/30/2015,19:38:49,7,34.8,AH0,246,38.1803936,Day,F,L,A,MYSE
151.909,8443,6/3/2015,5/25/2015,19:38:51,7,30,AH0,255,32.45,Day,F,L,A,MYSE
151.909,8443,6/3/2015,5/28/2015,19:38:51,7,30.2,AH0,212,32.7968664,Day,F,L,A,MYSE
151.909,8443,6/3/2015,5/29/2015,19:38:51,7,33.2,AH0,254,36.8211744,Day,F,L,A,MYSE
151.909,8443,6/3/2015,5/30/2015,19:38:51,7,34.7,AH0,243,38.1092559,Day,F,L,A,MYSE
151.909,8443,6/3/2015,5/24/2015,19:38:52,7,30.5,AH0,255,33.2974125,Day,F,L,A,MYSE
151.909,8443,6/3/2015,5/30/2015,19:38:52,7,34.7,AH0,243,38.1092559,Day,F,L,A,MYSE
151.909,8443,6/3/2015,5/25/2015,19:38:53,7,30,AH0,255,32.45,Day,F,L,A,MYSE
151.909,8443,6/3/2015,5/28/2015,19:38:53,7,30.1,AH0,207,32.6247633,Day,F,L,A,MYSE
151.909,8443,6/3/2015,5/24/2015,19:38:54,7,30.5,AH0,255,33.2974125,Day,F,L,A,MYSE
151.909,8443,6/3/2015,5/24/2015,19:38:56,7,30.5,AH0,255,33.2974125,Day,F,L,A,MYSE
151.909,8443,6/3/2015,5/26/2015,19:38:57,7,29.2,AH0,255,30.9537504,Day,F,L,A,MYSE
151.909,8443,6/3/2015,5/24/2015,19:38:58,7,30.5,AH0,255,33.2974125,Day,F,L,A,MYSE
151.909,8443,6/3/2015,5/26/2015,19:38:59,7,29.2,AH0,254,30.9537504,Day,F,L,A,MYSE
151.909,8443,6/3/2015,5/26/2015,19:39:01,7,29.2,AH0,254,30.9537504,Day,F,L,A,MYSE
151.909,8443,6/3/2015,5/26/2015,19:39:03,7,29.2,AH0,253,30.9537504,Day,F,L,A,MYSE
151.909,8443,6/3/2015,5/29/2015,19:39:06,7,33.2,AH0,253,36.8211744,Day,F,L,A,MYSE
151.909,8443,6/3/2015,5/30/2015,19:39:06,7,34.7,AH0,244,38.1092559,Day,F,L,A,MYSE
151.909,8443,6/3/2015,5/25/2015,19:39:07,7,29.9,AH0,255,32.2725567,Day,F,L,A,MYSE
151.909,8443,6/3/2015,5/28/2015,19:39:07,7,30,AH0,171,32.45,Day,F,L,A,MYSE
151.909,8443,6/3/2015,5/29/2015,19:39:08,7,33.2,AH0,254,36.8211744,Day,F,L,A,MYSE
151.909,8443,6/3/2015,5/30/2015,19:39:08,7,34.7,AH0,244,38.1092559,Day,F,L,A,MYSE
151.909,8443,6/3/2015,5/25/2015,19:39:09,7,29.9,AH0,255,32.2725567,Day,F,L,A,MYSE
151.909,8443,6/3/2015,5/28/2015,19:39:09,7,30,AH0,168,32.45,Day,F,L,A,MYSE
151.909,8443,6/3/2015,5/29/2015,19:39:09,7,33.2,AH0,254,36.8211744,Day,F,L,A,MYSE
151.909,8443,6/3/2015,5/30/2015,19:39:10,7,34.7,AH0,246,38.1092559,Day,F,L,A,MYSE
151.909,8443,6/3/2015,5/25/2015,19:39:11,7,29.9,AH0,255,32.2725567,Day,F,L,A,MYSE
151.909,8443,6/3/2015,5/28/2015,19:39:11,7,30,AH0,169,32.45,Day,F,L,A,MYSE
151.909,8443,6/3/2015,5/29/2015,19:39:11,7,33.2,AH0,254,36.8211744,Day,F,L,A,MYSE
151.909,8443,6/3/2015,5/30/2015,19:39:11,7,34.7,AH0,249,38.1092559,Day,F,L,A,MYSE
151.909,8443,6/3/2015,5/24/2015,19:39:12,7,30.5,AH0,255,33.2974125,Day,F,L,A,MYSE
151.909,8443,6/3/2015,5/25/2015,19:39:13,7,29.9,AH0,255,32.2725567,Day,F,L,A,MYSE
151.909,8443,6/3/2015,5/28/2015,19:39:13,7,29.9,AH0,159,32.2725567,Day,F,L,A,MYSE
151.909,8443,6/3/2015,5/24/2015,19:39:14,7,30.5,AH0,255,33.2974125,Day,F,L,A,MYSE
151.909,8443,6/3/2015,5/24/2015,19:39:16,7,30.5,AH0,255,33.2974125,Day,F,L,A,MYSE
151.909,8443,6/3/2015,5/26/2015,19:39:17,7,29.2,AH0,255,30.9537504,Day,F,L,A,MYSE
151.909,8443,6/3/2015,5/24/2015,19:39:18,7,30.5,AH0,255,33.2974125,Day,F,L,A,MYSE
151.909,8443,6/3/2015,5/26/2015,19:39:19,7,29.2,AH0,254,30.9537504,Day,F,L,A,MYSE
151.909,8443,6/3/2015,5/26/2015,19:39:21,7,29.2,AH0,254,30.9537504,Day,F,L,A,MYSE
151.909,8443,6/3/2015,5/26/2015,19:39:23,7,29.2,AH0,253,30.9537504,Day,F,L,A,MYSE
151.909,8443,6/3/2015,5/30/2015,19:39:25,7,34.8,AH0,247,38.1803936,Day,F,L,A,MYSE
151.909,8443,6/3/2015,5/29/2015,19:39:26,7,33.2,AH0,254,36.8211744,Day,F,L,A,MYSE
151.909,8443,6/3/2015,5/25/2015,19:39:27,7,29.9,AH0,255,32.2725567,Day,F,L,A,MYSE
151.909,8443,6/3/2015,5/28/2015,19:39:27,7,29.8,AH0,198,32.0924136,Day,F,L,A,MYSE
151.909,8443,6/3/2015,5/29/2015,19:39:27,7,33.2,AH0,254,36.8211744,Day,F,L,A,MYSE
151.909,8443,6/3/2015,5/30/2015,19:39:27,7,34.8,AH0,240,38.1803936,Day,F,L,A,MYSE
151.909,8443,6/3/2015,5/25/2015,19:39:29,7,29.9,AH0,255,32.2725567,Day,F,L,A,MYSE
151.909,8443,6/3/2015,5/28/2015,19:39:29,7,29.8,AH0,206,32.0924136,Day,F,L,A,MYSE
151.909,8443,6/3/2015,5/29/2015,19:39:29,7,33.2,AH0,254,36.8211744,Day,F,L,A,MYSE
151.909,8443,6/3/2015,5/30/2015,19:39:29,7,34.8,AH0,249,38.1803936,Day,F,L,A,MYSE
151.909,8443,6/3/2015,5/30/2015,19:39:30,7,34.8,AH0,252,38.1803936,Day,F,L,A,MYSE
151.909,8443,6/3/2015,5/24/2015,19:39:31,7,30.5,AH0,255,33.2974125,Day,F,L,A,MYSE
151.909,8443,6/3/2015,5/25/2015,19:39:31,7,29.9,AH0,255,32.2725567,Day,F,L,A,MYSE
151.909,8443,6/3/2015,5/29/2015,19:39:31,7,33.2,AH0,254,36.8211744,Day,F,L,A,MYSE
151.909,8443,6/3/2015,5/28/2015,19:39:32,7,29.9,AH0,217,32.2725567,Day,F,L,A,MYSE
151.909,8443,6/3/2015,5/30/2015,19:39:32,7,34.7,AH0,249,38.1092559,Day,F,L,A,MYSE
151.909,8443,6/3/2015,5/24/2015,19:39:33,7,30.5,AH0,255,33.2974125,Day,F,L,A,MYSE
151.909,8443,6/3/2015,5/25/2015,19:39:33,7,29.9,AH0,255,32.2725567,Day,F,L,A,MYSE
151.909,8443,6/3/2015,5/28/2015,19:39:34,7,30,AH0,231,32.45,Day,F,L,A,MYSE
151.909,8443,6/3/2015,5/24/2015,19:39:35,7,30.5,AH0,255,33.2974125,Day,F,L,A,MYSE
151.909,8443,6/3/2015,5/24/2015,19:39:37,7,30.5,AH0,255,33.2974125,Day,F,L,A,MYSE
151.909,8443,6/3/2015,5/26/2015,19:39:38,7,29.2,AH0,254,30.9537504,Day,F,L,A,MYSE
151.909,8443,6/3/2015,5/24/2015,19:39:39,7,30.5,AH0,255,33.2974125,Day,F,L,A,MYSE
151.909,8443,6/3/2015,5/26/2015,19:39:40,7,29.2,AH0,254,30.9537504,Day,F,L,A,MYSE
151.909,8443,6/3/2015,5/26/2015,19:39:42,7,29.2,AH0,254,30.9537504,Day,F,L,A,MYSE
151.909,8443,6/3/2015,5/26/2015,19:39:44,7,29.2,AH0,254,30.9537504,Day,F,L,A,MYSE
151.909,8443,6/3/2015,5/29/2015,19:39:45,7,33.1,AH0,253,36.7196703,Day,F,L,A,MYSE
151.909,8443,6/3/2015,5/30/2015,19:39:46,7,34.7,AH0,248,38.1092559,Day,F,L,A,MYSE
151.909,8443,6/3/2015,5/25/2015,19:39:47,7,29.9,AH0,255,32.2725567,Day,F,L,A,MYSE
151.909,8443,6/3/2015,5/29/2015,19:39:47,7,33.1,AH0,254,36.7196703,Day,F,L,A,MYSE
151.909,8443,6/3/2015,5/28/2015,19:39:48,7,30,AH0,250,32.45,Day,F,L,A,MYSE
151.909,8443,6/3/2015,5/30/2015,19:39:48,7,34.7,AH0,251,38.1092559,Day,F,L,A,MYSE
151.909,8443,6/3/2015,5/25/2015,19:39:49,7,29.9,AH0,255,32.2725567,Day,F,L,A,MYSE
151.909,8443,6/3/2015,5/29/2015,19:39:49,7,33.1,AH0,255,36.7196703,Day,F,L,A,MYSE
151.909,8443,6/3/2015,5/30/2015,19:39:49,7,34.7,AH0,249,38.1092559,Day,F,L,A,MYSE
151.909,8443,6/3/2015,5/28/2015,19:39:50,7,30,AH0,252,32.45,Day,F,L,A,MYSE
151.909,8443,6/3/2015,5/25/2015,19:39:51,7,29.9,AH0,255,32.2725567,Day,F,L,A,MYSE
151.909,8443,6/3/2015,5/29/2015,19:39:51,7,33.1,AH0,254,36.7196703,Day,F,L,A,MYSE
151.909,8443,6/3/2015,5/30/2015,19:39:51,7,34.7,AH0,250,38.1092559,Day,F,L,A,MYSE
151.909,8443,6/3/2015,5/28/2015,19:39:52,7,29.9,AH0,254,32.2725567,Day,F,L,A,MYSE
151.909,8443,6/3/2015,5/24/2015,19:39:53,7,30.5,AH0,255,33.2974125,Day,F,L,A,MYSE
151.909,8443,6/3/2015,5/25/2015,19:39:53,7,29.9,AH0,255,32.2725567,Day,F,L,A,MYSE
151.909,8443,6/3/2015,5/30/2015,19:39:53,7,34.7,AH0,249,38.1092559,Day,F,L,A,MYSE
151.909,8443,6/3/2015,5/28/2015,19:39:54,7,29.9,AH0,255,32.2725567,Day,F,L,A,MYSE
151.909,8443,6/3/2015,5/24/2015,19:39:55,7,30.5,AH0,255,33.2974125,Day,F,L,A,MYSE
151.909,8443,6/3/2015,5/24/2015,19:39:57,7,30.5,AH0,255,33.2974125,Day,F,L,A,MYSE
151.909,8443,6/3/2015,5/26/2015,19:39:58,7,29.2,AH0,254,30.9537504,Day,F,L,A,MYSE
151.909,8443,6/3/2015,5/24/2015,19:39:59,7,30.5,AH0,255,33.2974125,Day,F,L,A,MYSE
151.909,8443,6/3/2015,5/26/2015,19:40:00,7,29.2,AH0,255,30.9537504,Day,F,L,A,MYSE
151.909,8443,6/3/2015,5/26/2015,19:40:02,7,29.2,AH0,254,30.9537504,Day,F,L,A,MYSE
151.909,8443,6/3/2015,5/29/2015,19:40:05,7,33.1,AH0,254,36.7196703,Day,F,L,A,MYSE
151.909,8443,6/3/2015,5/30/2015,19:40:05,7,34.7,AH0,247,38.1092559,Day,F,L,A,MYSE
151.909,8443,6/3/2015,5/25/2015,19:40:07,7,29.9,AH0,255,32.2725567,Day,F,L,A,MYSE
151.909,8443,6/3/2015,5/29/2015,19:40:07,7,33.1,AH0,254,36.7196703,Day,F,L,A,MYSE
151.909,8443,6/3/2015,5/30/2015,19:40:07,7,34.7,AH0,244,38.1092559,Day,F,L,A,MYSE
151.909,8443,6/3/2015,5/28/2015,19:40:08,7,29.7,AH0,255,31.9095509,Day,F,L,A,MYSE
151.909,8443,6/3/2015,5/30/2015,19:40:08,7,34.7,AH0,249,38.1092559,Day,F,L,A,MYSE
151.909,8443,6/3/2015,5/25/2015,19:40:09,7,29.9,AH0,255,32.2725567,Day,F,L,A,MYSE
151.909,8443,6/3/2015,5/29/2015,19:40:09,7,33.1,AH0,254,36.7196703,Day,F,L,A,MYSE
151.909,8443,6/3/2015,5/28/2015,19:40:10,7,29.8,AH0,254,32.0924136,Day,F,L,A,MYSE
151.909,8443,6/3/2015,5/30/2015,19:40:10,7,34.6,AH0,247,38.0363688,Day,F,L,A,MYSE
151.909,8443,6/3/2015,5/25/2015,19:40:11,7,29.9,AH0,255,32.2725567,Day,F,L,A,MYSE
151.909,8443,6/3/2015,5/29/2015,19:40:11,7,33.1,AH0,254,36.7196703,Day,F,L,A,MYSE
151.909,8443,6/3/2015,5/28/2015,19:40:12,7,29.8,AH0,255,32.0924136,Day,F,L,A,MYSE
151.909,8443,6/3/2015,5/30/2015,19:40:12,7,34.6,AH0,250,38.0363688,Day,F,L,A,MYSE
151.909,8443,6/3/2015,5/24/2015,19:40:13,7,30.5,AH0,255,33.2974125,Day,F,L,A,MYSE
151.909,8443,6/3/2015,5/25/2015,19:40:13,7,30,AH0,255,32.45,Day,F,L,A,MYSE
151.909,8443,6/3/2015,5/28/2015,19:40:14,7,29.8,AH0,245,32.0924136,Day,F,L,A,MYSE
151.909,8443,6/3/2015,5/24/2015,19:40:15,7,30.5,AH0,255,33.2974125,Day,F,L,A,MYSE
151.909,8443,6/3/2015,5/24/2015,19:40:17,7,30.5,AH0,255,33.2974125,Day,F,L,A,MYSE
151.909,8443,6/3/2015,5/26/2015,19:40:17,7,29.2,AH0,255,30.9537504,Day,F,L,A,MYSE
151.909,8443,6/3/2015,5/24/2015,19:40:19,7,30.5,AH0,255,33.2974125,Day,F,L,A,MYSE
151.909,8443,6/3/2015,5/26/2015,19:40:19,7,29.2,AH0,255,30.9537504,Day,F,L,A,MYSE
151.909,8443,6/3/2015,5/26/2015,19:40:21,7,29.2,AH0,254,30.9537504,Day,F,L,A,MYSE
151.909,8443,6/3/2015,5/26/2015,19:40:23,7,29.2,AH0,254,30.9537504,Day,F,L,A,MYSE
151.909,8443,6/3/2015,5/29/2015,19:40:25,7,33.1,AH0,254,36.7196703,Day,F,L,A,MYSE
151.909,8443,6/3/2015,5/30/2015,19:40:26,7,34.6,AH0,248,38.0363688,Day,F,L,A,MYSE
151.909,8443,6/3/2015,5/25/2015,19:40:27,7,30,AH0,255,32.45,Day,F,L,A,MYSE
151.909,8443,6/3/2015,5/29/2015,19:40:27,7,33.1,AH0,254,36.7196703,Day,F,L,A,MYSE
151.909,8443,6/3/2015,5/30/2015,19:40:27,7,34.5,AH0,250,37.9617125,Day,F,L,A,MYSE
151.909,8443,6/3/2015,5/28/2015,19:40:28,7,29.9,AH0,252,32.2725567,Day,F,L,A,MYSE
151.909,8443,6/3/2015,5/25/2015,19:40:29,7,30,AH0,255,32.45,Day,F,L,A,MYSE
151.909,8443,6/3/2015,5/29/2015,19:40:29,7,33.1,AH0,254,36.7196703,Day,F,L,A,MYSE
151.909,8443,6/3/2015,5/30/2015,19:40:29,7,34.5,AH0,250,37.9617125,Day,F,L,A,MYSE
151.909,8443,6/3/2015,5/28/2015,19:40:30,7,29.9,AH0,252,32.2725567,Day,F,L,A,MYSE
151.909,8443,6/3/2015,5/25/2015,19:40:31,7,30,AH0,255,32.45,Day,F,L,A,MYSE
151.909,8443,6/3/2015,5/29/2015,19:40:31,7,33.1,AH0,253,36.7196703,Day,F,L,A,MYSE
151.909,8443,6/3/2015,5/30/2015,19:40:31,7,34.5,AH0,250,37.9617125,Day,F,L,A,MYSE
151.909,8443,6/3/2015,5/24/2015,19:40:32,7,30.5,AH0,255,33.2974125,Day,F,L,A,MYSE
151.909,8443,6/3/2015,5/28/2015,19:40:32,7,30,AH0,250,32.45,Day,F,L,A,MYSE
151.909,8443,6/3/2015,5/25/2015,19:40:33,7,30,AH0,255,32.45,Day,F,L,A,MYSE
151.909,8443,6/3/2015,5/30/2015,19:40:33,7,34.5,AH0,249,37.9617125,Day,F,L,A,MYSE
151.909,8443,6/3/2015,5/24/2015,19:40:34,7,30.5,AH0,255,33.2974125,Day,F,L,A,MYSE
151.909,8443,6/3/2015,5/28/2015,19:40:34,7,30,AH0,251,32.45,Day,F,L,A,MYSE
151.909,8443,6/3/2015,5/24/2015,19:40:36,7,30.5,AH0,255,33.2974125,Day,F,L,A,MYSE
151.909,8443,6/3/2015,5/26/2015,19:40:37,7,29.2,AH0,254,30.9537504,Day,F,L,A,MYSE
151.909,8443,6/3/2015,5/24/2015,19:40:38,7,30.5,AH0,255,33.2974125,Day,F,L,A,MYSE
151.909,8443,6/3/2015,5/26/2015,19:40:39,7,29.2,AH0,255,30.9537504,Day,F,L,A,MYSE
151.909,8443,6/3/2015,5/26/2015,19:40:41,7,29.2,AH0,253,30.9537504,Day,F,L,A,MYSE
151.909,8443,6/3/2015,5/26/2015,19:40:43,7,29.1,AH0,255,30.7541543,Day,F,L,A,MYSE
151.909,8443,6/3/2015,5/29/2015,19:40:45,7,33.1,AH0,254,36.7196703,Day,F,L,A,MYSE
151.909,8443,6/3/2015,5/30/2015,19:40:45,7,34.5,AH0,250,37.9617125,Day,F,L,A,MYSE
151.909,8443,6/3/2015,5/25/2015,19:40:47,7,30,AH0,255,32.45,Day,F,L,A,MYSE
151.909,8443,6/3/2015,5/29/2015,19:40:47,7,33.1,AH0,254,36.7196703,Day,F,L,A,MYSE
151.909,8443,6/3/2015,5/30/2015,19:40:47,7,34.5,AH0,248,37.9617125,Day,F,L,A,MYSE
151.909,8443,6/3/2015,5/28/2015,19:40:48,7,30.3,AH0,252,32.9663291,Day,F,L,A,MYSE
151.909,8443,6/3/2015,5/30/2015,19:40:48,7,34.5,AH0,250,37.9617125,Day,F,L,A,MYSE
151.909,8443,6/3/2015,5/25/2015,19:40:49,7,30,AH0,255,32.45,Day,F,L,A,MYSE
151.909,8443,6/3/2015,5/29/2015,19:40:49,7,33.1,AH0,254,36.7196703,Day,F,L,A,MYSE
151.909,8443,6/3/2015,5/28/2015,19:40:50,7,30.4,AH0,245,33.1331712,Day,F,L,A,MYSE
151.909,8443,6/3/2015,5/30/2015,19:40:50,7,34.4,AH0,249,37.8852672,Day,F,L,A,MYSE
151.909,8443,6/3/2015,5/25/2015,19:40:51,7,30,AH0,255,32.45,Day,F,L,A,MYSE
151.909,8443,6/3/2015,5/29/2015,19:40:51,7,33.1,AH0,253,36.7196703,Day,F,L,A,MYSE
151.909,8443,6/3/2015,5/24/2015,19:40:52,7,30.5,AH0,255,33.2974125,Day,F,L,A,MYSE
151.909,8443,6/3/2015,5/28/2015,19:40:52,7,30.5,AH0,249,33.2974125,Day,F,L,A,MYSE
151.909,8443,6/3/2015,5/30/2015,19:40:52,7,34.4,AH0,248,37.8852672,Day,F,L,A,MYSE
151.909,8443,6/3/2015,5/25/2015,19:40:53,7,30,AH0,255,32.45,Day,F,L,A,MYSE
151.909,8443,6/3/2015,5/24/2015,19:40:54,7,30.4,AH0,255,33.1331712,Day,F,L,A,MYSE
151.909,8443,6/3/2015,5/28/2015,19:40:54,7,30.5,AH0,247,33.2974125,Day,F,L,A,MYSE
151.909,8443,6/3/2015,5/24/2015,19:40:56,7,30.5,AH0,255,33.2974125,Day,F,L,A,MYSE
151.909,8443,6/3/2015,5/24/2015,19:40:58,7,30.4,AH0,255,33.1331712,Day,F,L,A,MYSE
151.909,8443,6/3/2015,5/26/2015,19:40:58,7,29.1,AH0,255,30.7541543,Day,F,L,A,MYSE
151.909,8443,6/3/2015,5/26/2015,19:41:00,7,29.2,AH0,254,30.9537504,Day,F,L,A,MYSE
151.909,8443,6/3/2015,5/26/2015,19:41:02,7,29.2,AH0,254,30.9537504,Day,F,L,A,MYSE
151.909,8443,6/3/2015,5/26/2015,19:41:04,7,29.2,AH0,255,30.9537504,Day,F,L,A,MYSE
151.909,8443,6/3/2015,5/29/2015,19:41:05,7,33.1,AH0,253,36.7196703,Day,F,L,A,MYSE
151.909,8443,6/3/2015,5/30/2015,19:41:06,7,34.4,AH0,247,37.8852672,Day,F,L,A,MYSE
151.909,8443,6/3/2015,5/25/2015,19:41:07,7,30,AH0,255,32.45,Day,F,L,A,MYSE
151.909,8443,6/3/2015,5/28/2015,19:41:07,7,30.6,AH0,250,33.4590728,Day,F,L,A,MYSE
151.909,8443,6/3/2015,5/29/2015,19:41:07,7,33.1,AH0,254,36.7196703,Day,F,L,A,MYSE
151.909,8443,6/3/2015,5/30/2015,19:41:07,7,34.4,AH0,246,37.8852672,Day,F,L,A,MYSE
151.909,8443,6/3/2015,5/25/2015,19:41:09,7,30,AH0,255,32.45,Day,F,L,A,MYSE
151.909,8443,6/3/2015,5/28/2015,19:41:09,7,30.6,AH0,252,33.4590728,Day,F,L,A,MYSE
151.909,8443,6/3/2015,5/29/2015,19:41:09,7,33.1,AH0,254,36.7196703,Day,F,L,A,MYSE
151.909,8443,6/3/2015,5/30/2015,19:41:09,7,34.4,AH0,250,37.8852672,Day,F,L,A,MYSE
151.909,8443,6/3/2015,5/25/2015,19:41:11,7,30,AH0,255,32.45,Day,F,L,A,MYSE
151.909,8443,6/3/2015,5/28/2015,19:41:11,7,30.6,AH0,252,33.4590728,Day,F,L,A,MYSE
151.909,8443,6/3/2015,5/29/2015,19:41:11,7,33.1,AH0,254,36.7196703,Day,F,L,A,MYSE
151.909,8443,6/3/2015,5/30/2015,19:41:11,7,34.4,AH0,248,37.8852672,Day,F,L,A,MYSE
151.909,8443,6/3/2015,5/24/2015,19:41:12,7,30.4,AH0,255,33.1331712,Day,F,L,A,MYSE
151.909,8443,6/3/2015,5/25/2015,19:41:13,7,30,AH0,255,32.45,Day,F,L,A,MYSE
151.909,8443,6/3/2015,5/28/2015,19:41:13,7,30.6,AH0,251,33.4590728,Day,F,L,A,MYSE
151.909,8443,6/3/2015,5/29/2015,19:41:13,7,33.1,AH0,254,36.7196703,Day,F,L,A,MYSE
151.909,8443,6/3/2015,5/30/2015,19:41:13,7,34.4,AH0,246,37.8852672,Day,F,L,A,MYSE
151.909,8443,6/3/2015,5/24/2015,19:41:14,7,30.4,AH0,255,33.1331712,Day,F,L,A,MYSE
151.909,8443,6/3/2015,5/24/2015,19:41:16,7,30.4,AH0,255,33.1331712,Day,F,L,A,MYSE
151.909,8443,6/3/2015,5/26/2015,19:41:16,7,29.1,AH0,254,30.7541543,Day,F,L,A,MYSE
151.909,8443,6/3/2015,5/24/2015,19:41:18,7,30.4,AH0,255,33.1331712,Day,F,L,A,MYSE
151.909,8443,6/3/2015,5/26/2015,19:41:18,7,29.1,AH0,255,30.7541543,Day,F,L,A,MYSE
151.909,8443,6/3/2015,5/26/2015,19:41:21,7,29.1,AH0,253,30.7541543,Day,F,L,A,MYSE
151.909,8443,6/3/2015,5/26/2015,19:41:23,7,29.1,AH0,254,30.7541543,Day,F,L,A,MYSE
151.909,8443,6/3/2015,5/29/2015,19:41:25,7,33.1,AH0,254,36.7196703,Day,F,L,A,MYSE
151.909,8443,6/3/2015,5/30/2015,19:41:25,7,34.4,AH0,250,37.8852672,Day,F,L,A,MYSE
151.909,8443,6/3/2015,5/25/2015,19:41:27,7,30.1,AH0,255,32.6247633,Day,F,L,A,MYSE
151.909,8443,6/3/2015,5/28/2015,19:41:27,7,30.7,AH0,249,33.6181719,Day,F,L,A,MYSE
151.909,8443,6/3/2015,5/29/2015,19:41:27,7,33.1,AH0,254,36.7196703,Day,F,L,A,MYSE
151.909,8443,6/3/2015,5/30/2015,19:41:27,7,34.4,AH0,250,37.8852672,Day,F,L,A,MYSE
151.909,8443,6/3/2015,5/30/2015,19:41:28,7,34.4,AH0,249,37.8852672,Day,F,L,A,MYSE
151.909,8443,6/3/2015,5/25/2015,19:41:29,7,30.1,AH0,255,32.6247633,Day,F,L,A,MYSE
151.909,8443,6/3/2015,5/28/2015,19:41:29,7,30.7,AH0,251,33.6181719,Day,F,L,A,MYSE
151.909,8443,6/3/2015,5/29/2015,19:41:29,7,33.1,AH0,254,36.7196703,Day,F,L,A,MYSE
151.909,8443,6/3/2015,5/30/2015,19:41:30,7,34.4,AH0,250,37.8852672,Day,F,L,A,MYSE
151.909,8443,6/3/2015,5/25/2015,19:41:31,7,30.1,AH0,255,32.6247633,Day,F,L,A,MYSE
151.909,8443,6/3/2015,5/28/2015,19:41:31,7,30.7,AH0,251,33.6181719,Day,F,L,A,MYSE
151.909,8443,6/3/2015,5/29/2015,19:41:31,7,33.1,AH0,253,36.7196703,Day,F,L,A,MYSE
151.909,8443,6/3/2015,5/24/2015,19:41:32,7,30.3,AH0,255,32.9663291,Day,F,L,A,MYSE
151.909,8443,6/3/2015,5/29/2015,19:41:32,7,33.1,AH0,254,36.7196703,Day,F,L,A,MYSE
151.909,8443,6/3/2015,5/30/2015,19:41:32,7,34.4,AH0,247,37.8852672,Day,F,L,A,MYSE
151.909,8443,6/3/2015,5/24/2015,19:41:33,7,30.3,AH0,255,32.9663291,Day,F,L,A,MYSE
151.909,8443,6/3/2015,5/25/2015,19:41:33,7,30.1,AH0,255,32.6247633,Day,F,L,A,MYSE
151.909,8443,6/3/2015,5/28/2015,19:41:33,7,30.7,AH0,248,33.6181719,Day,F,L,A,MYSE
151.909,8443,6/3/2015,5/24/2015,19:41:35,7,30.3,AH0,255,32.9663291,Day,F,L,A,MYSE
151.909,8443,6/3/2015,5/24/2015,19:41:37,7,30.3,AH0,255,32.9663291,Day,F,L,A,MYSE
151.909,8443,6/3/2015,5/26/2015,19:41:37,7,29.1,AH0,254,30.7541543,Day,F,L,A,MYSE
151.909,8443,6/3/2015,5/26/2015,19:41:39,7,29.1,AH0,253,30.7541543,Day,F,L,A,MYSE
151.909,8443,6/3/2015,5/26/2015,19:41:41,7,29.1,AH0,255,30.7541543,Day,F,L,A,MYSE
151.909,8443,6/3/2015,5/26/2015,19:41:43,7,29.1,AH0,254,30.7541543,Day,F,L,A,MYSE
151.909,8443,6/3/2015,5/29/2015,19:41:45,7,33.1,AH0,254,36.7196703,Day,F,L,A,MYSE
151.909,8443,6/3/2015,5/30/2015,19:41:46,7,34.4,AH0,249,37.8852672,Day,F,L,A,MYSE
151.909,8443,6/3/2015,5/25/2015,19:41:47,7,30.1,AH0,255,32.6247633,Day,F,L,A,MYSE
151.909,8443,6/3/2015,5/28/2015,19:41:47,7,30.7,AH0,252,33.6181719,Day,F,L,A,MYSE
151.909,8443,6/3/2015,5/29/2015,19:41:47,7,33.1,AH0,254,36.7196703,Day,F,L,A,MYSE
151.909,8443,6/3/2015,5/28/2015,19:41:48,7,30.7,AH0,251,33.6181719,Day,F,L,A,MYSE
151.909,8443,6/3/2015,5/30/2015,19:41:48,7,34.4,AH0,246,37.8852672,Day,F,L,A,MYSE
151.909,8443,6/3/2015,5/25/2015,19:41:49,7,30.1,AH0,255,32.6247633,Day,F,L,A,MYSE
151.909,8443,6/3/2015,5/29/2015,19:41:49,7,33.1,AH0,254,36.7196703,Day,F,L,A,MYSE
151.909,8443,6/3/2015,5/30/2015,19:41:49,7,34.4,AH0,247,37.8852672,Day,F,L,A,MYSE
151.909,8443,6/3/2015,5/28/2015,19:41:50,7,30.7,AH0,252,33.6181719,Day,F,L,A,MYSE
151.909,8443,6/3/2015,5/24/2015,19:41:51,7,30.3,AH0,255,32.9663291,Day,F,L,A,MYSE
151.909,8443,6/3/2015,5/25/2015,19:41:51,7,30.1,AH0,255,32.6247633,Day,F,L,A,MYSE
151.909,8443,6/3/2015,5/29/2015,19:41:51,7,33.1,AH0,254,36.7196703,Day,F,L,A,MYSE
151.909,8443,6/3/2015,5/30/2015,19:41:51,7,34.4,AH0,249,37.8852672,Day,F,L,A,MYSE
151.909,8443,6/3/2015,5/28/2015,19:41:52,7,30.7,AH0,252,33.6181719,Day,F,L,A,MYSE
151.909,8443,6/3/2015,5/29/2015,19:41:52,7,33.1,AH0,254,36.7196703,Day,F,L,A,MYSE
151.909,8443,6/3/2015,5/24/2015,19:41:53,7,30.3,AH0,255,32.9663291,Day,F,L,A,MYSE
151.909,8443,6/3/2015,5/25/2015,19:41:53,7,30.1,AH0,255,32.6247633,Day,F,L,A,MYSE
151.909,8443,6/3/2015,5/30/2015,19:41:53,7,34.4,AH0,249,37.8852672,Day,F,L,A,MYSE
151.909,8443,6/3/2015,5/24/2015,19:41:55,7,30.3,AH0,255,32.9663291,Day,F,L,A,MYSE
151.909,8443,6/3/2015,5/24/2015,19:41:57,7,30.3,AH0,255,32.9663291,Day,F,L,A,MYSE
151.909,8443,6/3/2015,5/26/2015,19:41:58,7,29.1,AH0,254,30.7541543,Day,F,L,A,MYSE
151.909,8443,6/3/2015,5/26/2015,19:42:00,7,29.1,AH0,254,30.7541543,Day,F,L,A,MYSE
151.909,8443,6/3/2015,5/26/2015,19:42:02,7,29.1,AH0,255,30.7541543,Day,F,L,A,MYSE
151.909,8443,6/3/2015,5/26/2015,19:42:04,7,29.1,AH0,253,30.7541543,Day,F,L,A,MYSE
151.909,8443,6/3/2015,5/29/2015,19:42:05,7,33.1,AH0,254,36.7196703,Day,F,L,A,MYSE
151.909,8443,6/3/2015,5/30/2015,19:42:05,7,34.3,AH0,248,37.8070131,Day,F,L,A,MYSE
151.909,8443,6/3/2015,5/28/2015,19:42:06,7,30.8,AH0,251,33.7747296,Day,F,L,A,MYSE
151.909,8443,6/3/2015,5/25/2015,19:42:07,7,30.1,AH0,255,32.6247633,Day,F,L,A,MYSE
151.909,8443,6/3/2015,5/29/2015,19:42:07,7,33.1,AH0,254,36.7196703,Day,F,L,A,MYSE
151.909,8443,6/3/2015,5/30/2015,19:42:07,7,34.3,AH0,247,37.8070131,Day,F,L,A,MYSE
151.909,8443,6/3/2015,5/28/2015,19:42:08,7,30.8,AH0,250,33.7747296,Day,F,L,A,MYSE
151.909,8443,6/3/2015,5/30/2015,19:42:08,7,34.3,AH0,246,37.8070131,Day,F,L,A,MYSE
151.909,8443,6/3/2015,5/25/2015,19:42:09,7,30.2,AH0,255,32.7968664,Day,F,L,A,MYSE
151.909,8443,6/3/2015,5/29/2015,19:42:09,7,33.1,AH0,254,36.7196703,Day,F,L,A,MYSE
151.909,8443,6/3/2015,5/28/2015,19:42:10,7,30.8,AH0,252,33.7747296,Day,F,L,A,MYSE
151.909,8443,6/3/2015,5/30/2015,19:42:10,7,34.3,AH0,245,37.8070131,Day,F,L,A,MYSE
151.909,8443,6/3/2015,5/25/2015,19:42:11,7,30.1,AH0,255,32.6247633,Day,F,L,A,MYSE
151.909,8443,6/3/2015,5/29/2015,19:42:11,7,33.1,AH0,253,36.7196703,Day,F,L,A,MYSE
151.909,8443,6/3/2015,5/28/2015,19:42:12,7,30.8,AH0,250,33.7747296,Day,F,L,A,MYSE
151.909,8443,6/3/2015,5/29/2015,19:42:12,7,33.1,AH0,254,36.7196703,Day,F,L,A,MYSE
151.909,8443,6/3/2015,5/30/2015,19:42:12,7,34.3,AH0,247,37.8070131,Day,F,L,A,MYSE
151.909,8443,6/3/2015,5/24/2015,19:42:13,7,30.2,AH0,255,32.7968664,Day,F,L,A,MYSE
151.909,8443,6/3/2015,5/25/2015,19:42:13,7,30.2,AH0,255,32.7968664,Day,F,L,A,MYSE
151.909,8443,6/3/2015,5/28/2015,19:42:14,7,30.8,AH0,251,33.7747296,Day,F,L,A,MYSE
151.909,8443,6/3/2015,5/24/2015,19:42:15,7,30.2,AH0,255,32.7968664,Day,F,L,A,MYSE
151.909,8443,6/3/2015,5/24/2015,19:42:17,7,30.2,AH0,255,32.7968664,Day,F,L,A,MYSE
151.909,8443,6/3/2015,5/26/2015,19:42:18,7,29.1,AH0,254,30.7541543,Day,F,L,A,MYSE
151.909,8443,6/3/2015,5/24/2015,19:42:19,7,30.2,AH0,255,32.7968664,Day,F,L,A,MYSE
151.909,8443,6/3/2015,5/26/2015,19:42:20,7,29.1,AH0,252,30.7541543,Day,F,L,A,MYSE
151.909,8443,6/3/2015,5/26/2015,19:42:22,7,29.1,AH0,254,30.7541543,Day,F,L,A,MYSE
151.909,8443,6/3/2015,5/29/2015,19:42:25,7,33,AH0,253,36.6161,Day,F,L,A,MYSE
151.909,8443,6/3/2015,5/30/2015,19:42:26,7,34.1,AH0,247,37.6449993,Day,F,L,A,MYSE
151.909,8443,6/3/2015,5/25/2015,19:42:27,7,30.2,AH0,255,32.7968664,Day,F,L,A,MYSE
151.909,8443,6/3/2015,5/28/2015,19:42:27,7,30.8,AH0,249,33.7747296,Day,F,L,A,MYSE
151.909,8443,6/3/2015,5/29/2015,19:42:27,7,33,AH0,254,36.6161,Day,F,L,A,MYSE
151.909,8443,6/3/2015,5/30/2015,19:42:28,7,34.1,AH0,247,37.6449993,Day,F,L,A,MYSE
151.909,8443,6/3/2015,5/25/2015,19:42:29,7,30.2,AH0,255,32.7968664,Day,F,L,A,MYSE
151.909,8443,6/3/2015,5/28/2015,19:42:29,7,30.9,AH0,252,33.9287657,Day,F,L,A,MYSE
151.909,8443,6/3/2015,5/29/2015,19:42:29,7,33,AH0,254,36.6161,Day,F,L,A,MYSE
151.909,8443,6/3/2015,5/30/2015,19:42:30,7,34.1,AH0,248,37.6449993,Day,F,L,A,MYSE
151.909,8443,6/3/2015,5/25/2015,19:42:31,7,30.2,AH0,255,32.7968664,Day,F,L,A,MYSE
151.909,8443,6/3/2015,5/28/2015,19:42:31,7,30.9,AH0,251,33.9287657,Day,F,L,A,MYSE
151.909,8443,6/3/2015,5/29/2015,19:42:31,7,33,AH0,253,36.6161,Day,F,L,A,MYSE
151.909,8443,6/3/2015,5/30/2015,19:42:31,7,34.1,AH0,245,37.6449993,Day,F,L,A,MYSE
151.909,8443,6/3/2015,5/29/2015,19:42:32,7,33,AH0,255,36.6161,Day,F,L,A,MYSE
151.909,8443,6/3/2015,5/24/2015,19:42:33,7,30.2,AH0,255,32.7968664,Day,F,L,A,MYSE
151.909,8443,6/3/2015,5/25/2015,19:42:33,7,30.2,AH0,255,32.7968664,Day,F,L,A,MYSE
151.909,8443,6/3/2015,5/28/2015,19:42:33,7,30.9,AH0,250,33.9287657,Day,F,L,A,MYSE
151.909,8443,6/3/2015,5/24/2015,19:42:35,7,30.2,AH0,255,32.7968664,Day,F,L,A,MYSE
151.909,8443,6/3/2015,5/24/2015,19:42:37,7,30.2,AH0,255,32.7968664,Day,F,L,A,MYSE
151.909,8443,6/3/2015,5/26/2015,19:42:37,7,29,AH0,254,30.5517,Day,F,L,A,MYSE
151.909,8443,6/3/2015,5/24/2015,19:42:39,7,30.2,AH0,255,32.7968664,Day,F,L,A,MYSE
151.909,8443,6/3/2015,5/26/2015,19:42:39,7,29,AH0,253,30.5517,Day,F,L,A,MYSE
151.909,8443,6/3/2015,5/26/2015,19:42:41,7,29,AH0,254,30.5517,Day,F,L,A,MYSE
151.909,8443,6/3/2015,5/26/2015,19:42:43,7,29,AH0,254,30.5517,Day,F,L,A,MYSE
151.909,8443,6/3/2015,5/29/2015,19:42:45,7,33,AH0,255,36.6161,Day,F,L,A,MYSE
151.909,8443,6/3/2015,5/30/2015,19:42:45,7,34.1,AH0,245,37.6449993,Day,F,L,A,MYSE
151.909,8443,6/3/2015,5/25/2015,19:42:47,7,30.2,AH0,255,32.7968664,Day,F,L,A,MYSE
151.909,8443,6/3/2015,5/28/2015,19:42:47,7,30.9,AH0,252,33.9287657,Day,F,L,A,MYSE
151.909,8443,6/3/2015,5/29/2015,19:42:47,7,33,AH0,255,36.6161,Day,F,L,A,MYSE
151.909,8443,6/3/2015,5/30/2015,19:42:47,7,34,AH0,241,37.5612,Day,F,L,A,MYSE
151.909,8443,6/3/2015,5/25/2015,19:42:49,7,30.2,AH0,255,32.7968664,Day,F,L,A,MYSE
151.909,8443,6/3/2015,5/28/2015,19:42:49,7,30.9,AH0,253,33.9287657,Day,F,L,A,MYSE
151.909,8443,6/3/2015,5/29/2015,19:42:49,7,33,AH0,254,36.6161,Day,F,L,A,MYSE
151.909,8443,6/3/2015,5/30/2015,19:42:49,7,34,AH0,240,37.5612,Day,F,L,A,MYSE
151.909,8443,6/3/2015,5/25/2015,19:42:51,7,30.2,AH0,255,32.7968664,Day,F,L,A,MYSE
151.909,8443,6/3/2015,5/28/2015,19:42:51,7,30.9,AH0,252,33.9287657,Day,F,L,A,MYSE
151.909,8443,6/3/2015,5/29/2015,19:42:51,7,33,AH0,254,36.6161,Day,F,L,A,MYSE
151.909,8443,6/3/2015,5/30/2015,19:42:51,7,34,AH0,241,37.5612,Day,F,L,A,MYSE
151.909,8443,6/3/2015,5/29/2015,19:42:52,7,33,AH0,254,36.6161,Day,F,L,A,MYSE
151.909,8443,6/3/2015,5/30/2015,19:42:52,7,34,AH0,248,37.5612,Day,F,L,A,MYSE
151.909,8443,6/3/2015,5/24/2015,19:42:53,7,30.2,AH0,255,32.7968664,Day,F,L,A,MYSE
151.909,8443,6/3/2015,5/25/2015,19:42:53,7,30.2,AH0,255,32.7968664,Day,F,L,A,MYSE
151.909,8443,6/3/2015,5/28/2015,19:42:53,7,30.9,AH0,253,33.9287657,Day,F,L,A,MYSE
151.909,8443,6/3/2015,5/24/2015,19:42:55,7,30.2,AH0,255,32.7968664,Day,F,L,A,MYSE
151.909,8443,6/3/2015,5/24/2015,19:42:57,7,30.2,AH0,255,32.7968664,Day,F,L,A,MYSE
151.909,8443,6/3/2015,5/26/2015,19:42:58,7,29,AH0,254,30.5517,Day,F,L,A,MYSE
151.909,8443,6/3/2015,5/24/2015,19:42:59,7,30.3,AH0,255,32.9663291,Day,F,L,A,MYSE
151.909,8443,6/3/2015,5/26/2015,19:43:00,7,29,AH0,253,30.5517,Day,F,L,A,MYSE
151.909,8443,6/3/2015,5/26/2015,19:43:02,7,28.9,AH0,253,30.3463677,Day,F,L,A,MYSE
151.909,8443,6/3/2015,5/26/2015,19:43:04,7,28.9,AH0,254,30.3463677,Day,F,L,A,MYSE
151.909,8443,6/3/2015,5/29/2015,19:43:05,7,33,AH0,254,36.6161,Day,F,L,A,MYSE
151.909,8443,6/3/2015,5/30/2015,19:43:05,7,33.9,AH0,236,37.4755127,Day,F,L,A,MYSE
151.909,8443,6/3/2015,5/28/2015,19:43:06,7,30.9,AH0,252,33.9287657,Day,F,L,A,MYSE
151.909,8443,6/3/2015,5/25/2015,19:43:07,7,30.3,AH0,255,32.9663291,Day,F,L,A,MYSE
151.909,8443,6/3/2015,5/29/2015,19:43:07,7,33,AH0,254,36.6161,Day,F,L,A,MYSE
151.909,8443,6/3/2015,5/30/2015,19:43:07,7,33.8,AH0,235,37.3879176,Day,F,L,A,MYSE
151.909,8443,6/3/2015,5/28/2015,19:43:08,7,30.9,AH0,253,33.9287657,Day,F,L,A,MYSE
151.909,8443,6/3/2015,5/30/2015,19:43:08,7,33.8,AH0,238,37.3879176,Day,F,L,A,MYSE
151.909,8443,6/3/2015,5/25/2015,19:43:09,7,30.2,AH0,255,32.7968664,Day,F,L,A,MYSE
151.909,8443,6/3/2015,5/29/2015,19:43:09,7,33,AH0,254,36.6161,Day,F,L,A,MYSE
151.909,8443,6/3/2015,5/28/2015,19:43:10,7,30.9,AH0,251,33.9287657,Day,F,L,A,MYSE
151.909,8443,6/3/2015,5/30/2015,19:43:10,7,33.8,AH0,242,37.3879176,Day,F,L,A,MYSE
151.909,8443,6/3/2015,5/25/2015,19:43:11,7,30.3,AH0,255,32.9663291,Day,F,L,A,MYSE
151.909,8443,6/3/2015,5/29/2015,19:43:11,7,33,AH0,254,36.6161,Day,F,L,A,MYSE
151.909,8443,6/3/2015,5/28/2015,19:43:12,7,31,AH0,252,34.0803,Day,F,L,A,MYSE
151.909,8443,6/3/2015,5/29/2015,19:43:12,7,33,AH0,253,36.6161,Day,F,L,A,MYSE
151.909,8443,6/3/2015,5/30/2015,19:43:12,7,33.7,AH0,244,37.2983949,Day,F,L,A,MYSE
151.909,8443,6/3/2015,5/24/2015,19:43:13,7,30.3,AH0,255,32.9663291,Day,F,L,A,MYSE
151.909,8443,6/3/2015,5/25/2015,19:43:13,7,30.3,AH0,255,32.9663291,Day,F,L,A,MYSE
151.909,8443,6/3/2015,5/24/2015,19:43:15,7,30.3,AH0,255,32.9663291,Day,F,L,A,MYSE
151.909,8443,6/3/2015,5/24/2015,19:43:17,7,30.3,AH0,255,32.9663291,Day,F,L,A,MYSE
151.909,8443,6/3/2015,5/26/2015,19:43:18,7,28.9,AH0,253,30.3463677,Day,F,L,A,MYSE
151.909,8443,6/3/2015,5/24/2015,19:43:19,7,30.3,AH0,255,32.9663291,Day,F,L,A,MYSE
151.909,8443,6/3/2015,5/26/2015,19:43:20,7,28.9,AH0,252,30.3463677,Day,F,L,A,MYSE
151.909,8443,6/3/2015,5/26/2015,19:43:22,7,28.9,AH0,253,30.3463677,Day,F,L,A,MYSE
151.909,8443,6/3/2015,5/29/2015,19:43:25,7,33,AH0,254,36.6161,Day,F,L,A,MYSE
151.909,8443,6/3/2015,5/25/2015,19:43:26,7,30.3,AH0,255,32.9663291,Day,F,L,A,MYSE
151.909,8443,6/3/2015,5/30/2015,19:43:26,7,33.6,AH0,240,37.2069248,Day,F,L,A,MYSE
151.909,8443,6/3/2015,5/29/2015,19:43:27,7,33,AH0,253,36.6161,Day,F,L,A,MYSE
151.909,8443,6/3/2015,5/25/2015,19:43:28,7,30.3,AH0,255,32.9663291,Day,F,L,A,MYSE
151.909,8443,6/3/2015,5/28/2015,19:43:28,7,31,AH0,251,34.0803,Day,F,L,A,MYSE
151.909,8443,6/3/2015,5/30/2015,19:43:28,7,33.6,AH0,238,37.2069248,Day,F,L,A,MYSE
151.909,8443,6/3/2015,5/29/2015,19:43:29,7,33,AH0,254,36.6161,Day,F,L,A,MYSE
151.909,8443,6/3/2015,5/25/2015,19:43:30,7,30.3,AH0,255,32.9663291,Day,F,L,A,MYSE
151.909,8443,6/3/2015,5/28/2015,19:43:30,7,31,AH0,253,34.0803,Day,F,L,A,MYSE
151.909,8443,6/3/2015,5/30/2015,19:43:30,7,33.6,AH0,244,37.2069248,Day,F,L,A,MYSE
151.909,8443,6/3/2015,5/29/2015,19:43:31,7,32.9,AH0,254,36.5104437,Day,F,L,A,MYSE
151.909,8443,6/3/2015,5/24/2015,19:43:32,7,30.3,AH0,255,32.9663291,Day,F,L,A,MYSE
151.909,8443,6/3/2015,5/25/2015,19:43:32,7,30.3,AH0,255,32.9663291,Day,F,L,A,MYSE
151.909,8443,6/3/2015,5/28/2015,19:43:32,7,31,AH0,252,34.0803,Day,F,L,A,MYSE
151.909,8443,6/3/2015,5/29/2015,19:43:32,7,32.9,AH0,253,36.5104437,Day,F,L,A,MYSE
151.909,8443,6/3/2015,5/30/2015,19:43:32,7,33.6,AH0,243,37.2069248,Day,F,L,A,MYSE
151.909,8443,6/3/2015,5/28/2015,19:43:33,7,31,AH0,254,34.0803,Day,F,L,A,MYSE
151.909,8443,6/3/2015,5/24/2015,19:43:34,7,30.3,AH0,255,32.9663291,Day,F,L,A,MYSE
151.909,8443,6/3/2015,5/24/2015,19:43:36,7,30.3,AH0,255,32.9663291,Day,F,L,A,MYSE
151.909,8443,6/3/2015,5/26/2015,19:43:36,7,28.9,AH0,252,30.3463677,Day,F,L,A,MYSE
151.909,8443,6/3/2015,5/24/2015,19:43:38,7,30.3,AH0,255,32.9663291,Day,F,L,A,MYSE
151.909,8443,6/3/2015,5/26/2015,19:43:38,7,28.9,AH0,253,30.3463677,Day,F,L,A,MYSE
151.909,8443,6/3/2015,5/26/2015,19:43:40,7,28.8,AH0,252,30.1381376,Day,F,L,A,MYSE
151.909,8443,6/3/2015,5/26/2015,19:43:42,7,28.9,AH0,253,30.3463677,Day,F,L,A,MYSE
151.909,8443,6/3/2015,5/29/2015,19:43:45,7,32.9,AH0,254,36.5104437,Day,F,L,A,MYSE
151.909,8443,6/3/2015,5/25/2015,19:43:46,7,30.3,AH0,255,32.9663291,Day,F,L,A,MYSE
151.909,8443,6/3/2015,5/30/2015,19:43:46,7,33.6,AH0,242,37.2069248,Day,F,L,A,MYSE
151.909,8443,6/3/2015,5/28/2015,19:43:47,7,31,AH0,251,34.0803,Day,F,L,A,MYSE
151.909,8443,6/3/2015,5/29/2015,19:43:47,7,32.9,AH0,254,36.5104437,Day,F,L,A,MYSE
151.909,8443,6/3/2015,5/25/2015,19:43:48,7,30.3,AH0,255,32.9663291,Day,F,L,A,MYSE
151.909,8443,6/3/2015,5/30/2015,19:43:48,7,33.6,AH0,241,37.2069248,Day,F,L,A,MYSE
151.909,8443,6/3/2015,5/28/2015,19:43:49,7,31,AH0,250,34.0803,Day,F,L,A,MYSE
151.909,8443,6/3/2015,5/29/2015,19:43:49,7,32.9,AH0,253,36.5104437,Day,F,L,A,MYSE
151.909,8443,6/3/2015,5/30/2015,19:43:49,7,33.7,AH0,245,37.2983949,Day,F,L,A,MYSE
151.909,8443,6/3/2015,5/25/2015,19:43:50,7,30.3,AH0,255,32.9663291,Day,F,L,A,MYSE
151.909,8443,6/3/2015,5/28/2015,19:43:51,7,31,AH0,251,34.0803,Day,F,L,A,MYSE
151.909,8443,6/3/2015,5/29/2015,19:43:51,7,32.9,AH0,254,36.5104437,Day,F,L,A,MYSE
151.909,8443,6/3/2015,5/30/2015,19:43:51,7,33.7,AH0,244,37.2983949,Day,F,L,A,MYSE
151.909,8443,6/3/2015,5/24/2015,19:43:52,7,30.4,AH0,255,33.1331712,Day,F,L,A,MYSE
151.909,8443,6/3/2015,5/25/2015,19:43:52,7,30.3,AH0,255,32.9663291,Day,F,L,A,MYSE
151.909,8443,6/3/2015,5/29/2015,19:43:52,7,32.9,AH0,255,36.5104437,Day,F,L,A,MYSE
151.909,8443,6/3/2015,5/28/2015,19:43:53,7,31,AH0,253,34.0803,Day,F,L,A,MYSE
151.909,8443,6/3/2015,5/24/2015,19:43:54,7,30.4,AH0,255,33.1331712,Day,F,L,A,MYSE
151.909,8443,6/3/2015,5/24/2015,19:43:56,7,30.4,AH0,255,33.1331712,Day,F,L,A,MYSE
151.909,8443,6/3/2015,5/26/2015,19:43:57,7,28.8,AH0,254,30.1381376,Day,F,L,A,MYSE
151.909,8443,6/3/2015,5/24/2015,19:43:58,7,30.4,AH0,255,33.1331712,Day,F,L,A,MYSE
151.909,8443,6/3/2015,5/26/2015,19:43:59,7,28.8,AH0,253,30.1381376,Day,F,L,A,MYSE
151.909,8443,6/3/2015,5/26/2015,19:44:01,7,28.8,AH0,254,30.1381376,Day,F,L,A,MYSE
151.909,8443,6/3/2015,5/26/2015,19:44:03,7,28.8,AH0,254,30.1381376,Day,F,L,A,MYSE
151.909,8443,6/3/2015,5/30/2015,19:44:05,7,33.7,AH0,243,37.2983949,Day,F,L,A,MYSE
151.909,8443,6/3/2015,5/25/2015,19:44:06,7,30.3,AH0,255,32.9663291,Day,F,L,A,MYSE
151.909,8443,6/3/2015,5/28/2015,19:44:06,7,31,AH0,250,34.0803,Day,F,L,A,MYSE
151.909,8443,6/3/2015,5/29/2015,19:44:06,7,32.9,AH0,255,36.5104437,Day,F,L,A,MYSE
151.909,8443,6/3/2015,5/30/2015,19:44:07,7,33.7,AH0,244,37.2983949,Day,F,L,A,MYSE
151.909,8443,6/3/2015,5/25/2015,19:44:08,7,30.3,AH0,255,32.9663291,Day,F,L,A,MYSE
151.909,8443,6/3/2015,5/28/2015,19:44:08,7,31,AH0,249,34.0803,Day,F,L,A,MYSE
151.909,8443,6/3/2015,5/29/2015,19:44:08,7,32.9,AH0,254,36.5104437,Day,F,L,A,MYSE
151.909,8443,6/3/2015,5/30/2015,19:44:09,7,33.7,AH0,246,37.2983949,Day,F,L,A,MYSE
151.909,8443,6/3/2015,5/25/2015,19:44:10,7,30.3,AH0,255,32.9663291,Day,F,L,A,MYSE
151.909,8443,6/3/2015,5/28/2015,19:44:10,7,31,AH0,252,34.0803,Day,F,L,A,MYSE
151.909,8443,6/3/2015,5/29/2015,19:44:10,7,32.9,AH0,254,36.5104437,Day,F,L,A,MYSE
151.909,8443,6/3/2015,5/30/2015,19:44:11,7,33.7,AH0,243,37.2983949,Day,F,L,A,MYSE
151.909,8443,6/3/2015,5/24/2015,19:44:12,7,30.5,AH0,255,33.2974125,Day,F,L,A,MYSE
151.909,8443,6/3/2015,5/25/2015,19:44:12,7,30.3,AH0,255,32.9663291,Day,F,L,A,MYSE
151.909,8443,6/3/2015,5/28/2015,19:44:12,7,31,AH0,250,34.0803,Day,F,L,A,MYSE
151.909,8443,6/3/2015,5/29/2015,19:44:12,7,32.9,AH0,254,36.5104437,Day,F,L,A,MYSE
151.909,8443,6/3/2015,5/30/2015,19:44:13,7,33.7,AH0,243,37.2983949,Day,F,L,A,MYSE
151.909,8443,6/3/2015,5/24/2015,19:44:14,7,30.5,AH0,255,33.2974125,Day,F,L,A,MYSE
151.909,8443,6/3/2015,5/24/2015,19:44:16,7,30.5,AH0,255,33.2974125,Day,F,L,A,MYSE
151.909,8443,6/3/2015,5/26/2015,19:44:16,7,28.8,AH0,254,30.1381376,Day,F,L,A,MYSE
151.909,8443,6/3/2015,5/24/2015,19:44:18,7,30.5,AH0,255,33.2974125,Day,F,L,A,MYSE
151.909,8443,6/3/2015,5/26/2015,19:44:18,7,28.8,AH0,254,30.1381376,Day,F,L,A,MYSE
151.909,8443,6/3/2015,5/26/2015,19:44:20,7,28.8,AH0,251,30.1381376,Day,F,L,A,MYSE
151.909,8443,6/3/2015,5/26/2015,19:44:22,7,28.8,AH0,254,30.1381376,Day,F,L,A,MYSE
151.909,8443,6/3/2015,5/30/2015,19:44:25,7,33.7,AH0,243,37.2983949,Day,F,L,A,MYSE
151.909,8443,6/3/2015,5/25/2015,19:44:26,7,30.3,AH0,255,32.9663291,Day,F,L,A,MYSE
151.909,8443,6/3/2015,5/29/2015,19:44:26,7,32.9,AH0,254,36.5104437,Day,F,L,A,MYSE
151.909,8443,6/3/2015,5/30/2015,19:44:27,7,33.7,AH0,246,37.2983949,Day,F,L,A,MYSE
151.909,8443,6/3/2015,5/25/2015,19:44:28,7,30.3,AH0,255,32.9663291,Day,F,L,A,MYSE
151.909,8443,6/3/2015,5/28/2015,19:44:28,7,31,AH0,252,34.0803,Day,F,L,A,MYSE
151.909,8443,6/3/2015,5/29/2015,19:44:28,7,32.9,AH0,253,36.5104437,Day,F,L,A,MYSE
151.909,8443,6/3/2015,5/30/2015,19:44:29,7,33.7,AH0,244,37.2983949,Day,F,L,A,MYSE
151.909,8443,6/3/2015,5/25/2015,19:44:30,7,30.3,AH0,255,32.9663291,Day,F,L,A,MYSE
151.909,8443,6/3/2015,5/28/2015,19:44:30,7,31,AH0,253,34.0803,Day,F,L,A,MYSE
151.909,8443,6/3/2015,5/29/2015,19:44:30,7,32.9,AH0,254,36.5104437,Day,F,L,A,MYSE
151.909,8443,6/3/2015,5/30/2015,19:44:30,7,33.7,AH0,240,37.2983949,Day,F,L,A,MYSE
151.909,8443,6/3/2015,5/24/2015,19:44:32,7,30.5,AH0,255,33.2974125,Day,F,L,A,MYSE
151.909,8443,6/3/2015,5/25/2015,19:44:32,7,30.3,AH0,255,32.9663291,Day,F,L,A,MYSE
151.909,8443,6/3/2015,5/28/2015,19:44:32,7,31,AH0,252,34.0803,Day,F,L,A,MYSE
151.909,8443,6/3/2015,5/29/2015,19:44:32,7,32.9,AH0,254,36.5104437,Day,F,L,A,MYSE
151.909,8443,6/3/2015,5/30/2015,19:44:32,7,33.7,AH0,244,37.2983949,Day,F,L,A,MYSE
151.909,8443,6/3/2015,5/28/2015,19:44:33,7,31,AH0,252,34.0803,Day,F,L,A,MYSE
151.909,8443,6/3/2015,5/24/2015,19:44:34,7,30.5,AH0,255,33.2974125,Day,F,L,A,MYSE
151.909,8443,6/3/2015,5/24/2015,19:44:36,7,30.5,AH0,255,33.2974125,Day,F,L,A,MYSE
151.909,8443,6/3/2015,5/26/2015,19:44:36,7,28.8,AH0,254,30.1381376,Day,F,L,A,MYSE
151.909,8443,6/3/2015,5/24/2015,19:44:38,7,30.6,AH0,255,33.4590728,Day,F,L,A,MYSE
151.909,8443,6/3/2015,5/26/2015,19:44:38,7,28.8,AH0,253,30.1381376,Day,F,L,A,MYSE
151.909,8443,6/3/2015,5/26/2015,19:44:41,7,28.8,AH0,254,30.1381376,Day,F,L,A,MYSE
151.909,8443,6/3/2015,5/26/2015,19:44:43,7,28.8,AH0,253,30.1381376,Day,F,L,A,MYSE
151.909,8443,6/3/2015,5/25/2015,19:44:46,7,30.3,AH0,255,32.9663291,Day,F,L,A,MYSE
151.909,8443,6/3/2015,5/29/2015,19:44:46,7,32.9,AH0,254,36.5104437,Day,F,L,A,MYSE
151.909,8443,6/3/2015,5/30/2015,19:44:46,7,33.6,AH0,244,37.2069248,Day,F,L,A,MYSE
151.909,8443,6/3/2015,5/28/2015,19:44:47,7,31.1,AH0,252,34.2293523,Day,F,L,A,MYSE
151.909,8443,6/3/2015,5/25/2015,19:44:48,7,30.3,AH0,255,32.9663291,Day,F,L,A,MYSE
151.909,8443,6/3/2015,5/29/2015,19:44:48,7,32.9,AH0,253,36.5104437,Day,F,L,A,MYSE
151.909,8443,6/3/2015,5/30/2015,19:44:48,7,33.6,AH0,244,37.2069248,Day,F,L,A,MYSE
151.909,8443,6/3/2015,5/28/2015,19:44:49,7,31.1,AH0,251,34.2293523,Day,F,L,A,MYSE
151.909,8443,6/3/2015,5/25/2015,19:44:50,7,30.3,AH0,255,32.9663291,Day,F,L,A,MYSE
151.909,8443,6/3/2015,5/29/2015,19:44:50,7,32.9,AH0,255,36.5104437,Day,F,L,A,MYSE
151.909,8443,6/3/2015,5/30/2015,19:44:50,7,33.6,AH0,247,37.2069248,Day,F,L,A,MYSE
151.909,8443,6/3/2015,5/24/2015,19:44:51,7,30.6,AH0,255,33.4590728,Day,F,L,A,MYSE
151.909,8443,6/3/2015,5/28/2015,19:44:51,7,31.1,AH0,251,34.2293523,Day,F,L,A,MYSE
151.909,8443,6/3/2015,5/25/2015,19:44:52,7,30.3,AH0,255,32.9663291,Day,F,L,A,MYSE
151.909,8443,6/3/2015,5/29/2015,19:44:52,7,32.9,AH0,254,36.5104437,Day,F,L,A,MYSE
151.909,8443,6/3/2015,5/30/2015,19:44:52,7,33.6,AH0,245,37.2069248,Day,F,L,A,MYSE
151.909,8443,6/3/2015,5/24/2015,19:44:53,7,30.6,AH0,255,33.4590728,Day,F,L,A,MYSE
151.909,8443,6/3/2015,5/28/2015,19:44:53,7,31.1,AH0,246,34.2293523,Day,F,L,A,MYSE
151.909,8443,6/3/2015,5/24/2015,19:44:55,7,30.6,AH0,255,33.4590728,Day,F,L,A,MYSE
151.909,8443,6/3/2015,5/24/2015,19:44:57,7,30.6,AH0,255,33.4590728,Day,F,L,A,MYSE
151.909,8443,6/3/2015,5/26/2015,19:44:57,7,28.7,AH0,254,29.9269899,Day,F,L,A,MYSE
151.909,8443,6/3/2015,5/24/2015,19:44:59,7,30.6,AH0,255,33.4590728,Day,F,L,A,MYSE
151.909,8443,6/3/2015,5/26/2015,19:44:59,7,28.7,AH0,254,29.9269899,Day,F,L,A,MYSE
151.909,8443,6/3/2015,5/26/2015,19:45:01,7,28.7,AH0,254,29.9269899,Day,F,L,A,MYSE
151.909,8443,6/3/2015,5/25/2015,19:45:04,7,30.4,AH0,255,33.1331712,Day,F,L,A,MYSE
151.909,8443,6/3/2015,5/25/2015,19:45:06,7,30.4,AH0,255,33.1331712,Day,F,L,A,MYSE
151.909,8443,6/3/2015,5/28/2015,19:45:06,7,31.1,AH0,251,34.2293523,Day,F,L,A,MYSE
151.909,8443,6/3/2015,5/29/2015,19:45:06,7,32.9,AH0,255,36.5104437,Day,F,L,A,MYSE
151.909,8443,6/3/2015,5/30/2015,19:45:06,7,33.6,AH0,243,37.2069248,Day,F,L,A,MYSE
151.909,8443,6/3/2015,5/25/2015,19:45:08,7,30.3,AH0,255,32.9663291,Day,F,L,A,MYSE
151.909,8443,6/3/2015,5/28/2015,19:45:08,7,31.1,AH0,252,34.2293523,Day,F,L,A,MYSE
151.909,8443,6/3/2015,5/29/2015,19:45:08,7,32.9,AH0,254,36.5104437,Day,F,L,A,MYSE
151.909,8443,6/3/2015,5/30/2015,19:45:08,7,33.6,AH0,243,37.2069248,Day,F,L,A,MYSE
151.909,8443,6/3/2015,5/25/2015,19:45:10,7,30.4,AH0,255,33.1331712,Day,F,L,A,MYSE
151.909,8443,6/3/2015,5/28/2015,19:45:10,7,31.1,AH0,250,34.2293523,Day,F,L,A,MYSE
151.909,8443,6/3/2015,5/29/2015,19:45:10,7,32.9,AH0,254,36.5104437,Day,F,L,A,MYSE
151.909,8443,6/3/2015,5/30/2015,19:45:10,7,33.6,AH0,248,37.2069248,Day,F,L,A,MYSE
151.909,8443,6/3/2015,5/30/2015,19:45:11,7,33.7,AH0,245,37.2983949,Day,F,L,A,MYSE
151.909,8443,6/3/2015,5/28/2015,19:45:12,7,31.1,AH0,251,34.2293523,Day,F,L,A,MYSE
151.909,8443,6/3/2015,5/29/2015,19:45:12,7,32.9,AH0,253,36.5104437,Day,F,L,A,MYSE
151.909,8443,6/3/2015,5/24/2015,19:45:13,7,30.6,AH0,255,33.4590728,Day,F,L,A,MYSE
151.909,8443,6/3/2015,5/24/2015,19:45:15,7,30.6,AH0,255,33.4590728,Day,F,L,A,MYSE
151.909,8443,6/3/2015,5/26/2015,19:45:16,7,28.7,AH0,253,29.9269899,Day,F,L,A,MYSE
151.909,8443,6/3/2015,5/24/2015,19:45:17,7,30.7,AH0,255,33.6181719,Day,F,L,A,MYSE
151.909,8443,6/3/2015,5/26/2015,19:45:18,7,28.7,AH0,254,29.9269899,Day,F,L,A,MYSE
151.909,8443,6/3/2015,5/24/2015,19:45:19,7,30.7,AH0,255,33.6181719,Day,F,L,A,MYSE
151.909,8443,6/3/2015,5/26/2015,19:45:20,7,28.7,AH0,253,29.9269899,Day,F,L,A,MYSE
151.909,8443,6/3/2015,5/26/2015,19:45:22,7,28.7,AH0,254,29.9269899,Day,F,L,A,MYSE
151.909,8443,6/3/2015,5/25/2015,19:45:26,7,30.3,AH0,255,32.9663291,Day,F,L,A,MYSE
151.909,8443,6/3/2015,5/29/2015,19:45:26,7,32.9,AH0,253,36.5104437,Day,F,L,A,MYSE
151.909,8443,6/3/2015,5/30/2015,19:45:26,7,33.7,AH0,248,37.2983949,Day,F,L,A,MYSE
151.909,8443,6/3/2015,5/30/2015,19:45:27,7,33.7,AH0,248,37.2983949,Day,F,L,A,MYSE
151.909,8443,6/3/2015,5/25/2015,19:45:28,7,30.3,AH0,255,32.9663291,Day,F,L,A,MYSE
151.909,8443,6/3/2015,5/28/2015,19:45:28,7,31.1,AH0,250,34.2293523,Day,F,L,A,MYSE
151.909,8443,6/3/2015,5/29/2015,19:45:28,7,32.8,AH0,253,36.4026816,Day,F,L,A,MYSE
151.909,8443,6/3/2015,5/28/2015,19:45:29,7,31.1,AH0,252,34.2293523,Day,F,L,A,MYSE
151.909,8443,6/3/2015,5/30/2015,19:45:29,7,33.7,AH0,246,37.2983949,Day,F,L,A,MYSE
151.909,8443,6/3/2015,5/25/2015,19:45:30,7,30.3,AH0,255,32.9663291,Day,F,L,A,MYSE
151.909,8443,6/3/2015,5/29/2015,19:45:30,7,32.9,AH0,253,36.5104437,Day,F,L,A,MYSE
151.909,8443,6/3/2015,5/28/2015,19:45:31,7,31.1,AH0,250,34.2293523,Day,F,L,A,MYSE
151.909,8443,6/3/2015,5/30/2015,19:45:31,7,33.7,AH0,246,37.2983949,Day,F,L,A,MYSE
151.909,8443,6/3/2015,5/24/2015,19:45:32,7,30.8,AH0,255,33.7747296,Day,F,L,A,MYSE
151.909,8443,6/3/2015,5/25/2015,19:45:32,7,30.3,AH0,255,32.9663291,Day,F,L,A,MYSE
151.909,8443,6/3/2015,5/29/2015,19:45:32,7,32.8,AH0,254,36.4026816,Day,F,L,A,MYSE
151.909,8443,6/3/2015,5/28/2015,19:45:33,7,31.2,AH0,249,34.3759424,Day,F,L,A,MYSE
151.909,8443,6/3/2015,5/30/2015,19:45:33,7,33.7,AH0,247,37.2983949,Day,F,L,A,MYSE
151.909,8443,6/3/2015,5/24/2015,19:45:34,7,30.8,AH0,255,33.7747296,Day,F,L,A,MYSE
151.909,8443,6/3/2015,5/24/2015,19:45:36,7,30.8,AH0,255,33.7747296,Day,F,L,A,MYSE
151.909,8443,6/3/2015,5/26/2015,19:45:37,7,28.7,AH0,254,29.9269899,Day,F,L,A,MYSE
151.909,8443,6/3/2015,5/24/2015,19:45:38,7,30.8,AH0,255,33.7747296,Day,F,L,A,MYSE
151.909,8443,6/3/2015,5/26/2015,19:45:39,7,28.7,AH0,254,29.9269899,Day,F,L,A,MYSE
151.909,8443,6/3/2015,5/26/2015,19:45:41,7,28.7,AH0,253,29.9269899,Day,F,L,A,MYSE
151.909,8443,6/3/2015,5/26/2015,19:45:43,7,28.7,AH0,254,29.9269899,Day,F,L,A,MYSE
151.909,8443,6/3/2015,5/30/2015,19:45:45,7,33.6,AH0,247,37.2069248,Day,F,L,A,MYSE
151.909,8443,6/3/2015,5/25/2015,19:45:46,7,30.3,AH0,255,32.9663291,Day,F,L,A,MYSE
151.909,8443,6/3/2015,5/28/2015,19:45:47,7,31.2,AH0,250,34.3759424,Day,F,L,A,MYSE
151.909,8443,6/3/2015,5/29/2015,19:45:47,7,32.8,AH0,255,36.4026816,Day,F,L,A,MYSE
151.909,8443,6/3/2015,5/30/2015,19:45:47,7,33.6,AH0,247,37.2069248,Day,F,L,A,MYSE
151.909,8443,6/3/2015,5/25/2015,19:45:48,7,30.3,AH0,255,32.9663291,Day,F,L,A,MYSE
151.909,8443,6/3/2015,5/29/2015,19:45:48,7,32.9,AH0,254,36.5104437,Day,F,L,A,MYSE
151.909,8443,6/3/2015,5/28/2015,19:45:49,7,31.2,AH0,252,34.3759424,Day,F,L,A,MYSE
151.909,8443,6/3/2015,5/30/2015,19:45:49,7,33.6,AH0,244,37.2069248,Day,F,L,A,MYSE
151.909,8443,6/3/2015,5/25/2015,19:45:50,7,30.3,AH0,255,32.9663291,Day,F,L,A,MYSE
151.909,8443,6/3/2015,5/29/2015,19:45:50,7,32.8,AH0,254,36.4026816,Day,F,L,A,MYSE
151.909,8443,6/3/2015,5/28/2015,19:45:51,7,31.2,AH0,252,34.3759424,Day,F,L,A,MYSE
151.909,8443,6/3/2015,5/30/2015,19:45:51,7,33.6,AH0,248,37.2069248,Day,F,L,A,MYSE
151.909,8443,6/3/2015,5/24/2015,19:45:52,7,30.8,AH0,255,33.7747296,Day,F,L,A,MYSE
151.909,8443,6/3/2015,5/25/2015,19:45:52,7,30.3,AH0,255,32.9663291,Day,F,L,A,MYSE
151.909,8443,6/3/2015,5/29/2015,19:45:52,7,32.8,AH0,254,36.4026816,Day,F,L,A,MYSE
151.909,8443,6/3/2015,5/30/2015,19:45:52,7,33.6,AH0,245,37.2069248,Day,F,L,A,MYSE
151.909,8443,6/3/2015,5/28/2015,19:45:53,7,31.2,AH0,251,34.3759424,Day,F,L,A,MYSE
151.909,8443,6/3/2015,5/24/2015,19:45:54,7,30.8,AH0,255,33.7747296,Day,F,L,A,MYSE
151.909,8443,6/3/2015,5/24/2015,19:45:56,7,30.7,AH0,255,33.6181719,Day,F,L,A,MYSE
151.909,8443,6/3/2015,5/26/2015,19:45:56,7,28.7,AH0,255,29.9269899,Day,F,L,A,MYSE
151.909,8443,6/3/2015,5/24/2015,19:45:58,7,30.7,AH0,255,33.6181719,Day,F,L,A,MYSE
151.909,8443,6/3/2015,5/26/2015,19:45:58,7,28.7,AH0,254,29.9269899,Day,F,L,A,MYSE
151.909,8443,6/3/2015,5/26/2015,19:46:00,7,28.7,AH0,254,29.9269899,Day,F,L,A,MYSE
151.909,8443,6/3/2015,5/26/2015,19:46:02,7,28.7,AH0,254,29.9269899,Day,F,L,A,MYSE
151.909,8443,6/3/2015,5/30/2015,19:46:05,7,33.6,AH0,248,37.2069248,Day,F,L,A,MYSE
151.909,8443,6/3/2015,5/25/2015,19:46:06,7,30.3,AH0,255,32.9663291,Day,F,L,A,MYSE
151.909,8443,6/3/2015,5/28/2015,19:46:06,7,31.2,AH0,250,34.3759424,Day,F,L,A,MYSE
151.909,8443,6/3/2015,5/29/2015,19:46:07,7,32.9,AH0,253,36.5104437,Day,F,L,A,MYSE
151.909,8443,6/3/2015,5/30/2015,19:46:07,7,33.6,AH0,247,37.2069248,Day,F,L,A,MYSE
151.909,8443,6/3/2015,5/25/2015,19:46:08,7,30.3,AH0,255,32.9663291,Day,F,L,A,MYSE
151.909,8443,6/3/2015,5/28/2015,19:46:08,7,31.2,AH0,250,34.3759424,Day,F,L,A,MYSE
151.909,8443,6/3/2015,5/29/2015,19:46:08,7,32.9,AH0,253,36.5104437,Day,F,L,A,MYSE
151.909,8443,6/3/2015,5/30/2015,19:46:09,7,33.5,AH0,249,37.1134875,Day,F,L,A,MYSE
151.909,8443,6/3/2015,5/25/2015,19:46:10,7,30.3,AH0,255,32.9663291,Day,F,L,A,MYSE
151.909,8443,6/3/2015,5/28/2015,19:46:10,7,31.3,AH0,252,34.5200901,Day,F,L,A,MYSE
151.909,8443,6/3/2015,5/29/2015,19:46:10,7,32.9,AH0,253,36.5104437,Day,F,L,A,MYSE
151.909,8443,6/3/2015,5/30/2015,19:46:10,7,33.5,AH0,246,37.1134875,Day,F,L,A,MYSE
151.909,8443,6/3/2015,5/24/2015,19:46:11,7,30.5,AH0,255,33.2974125,Day,F,L,A,MYSE
151.909,8443,6/3/2015,5/25/2015,19:46:12,7,30.3,AH0,255,32.9663291,Day,F,L,A,MYSE
151.909,8443,6/3/2015,5/28/2015,19:46:12,7,31.3,AH0,249,34.5200901,Day,F,L,A,MYSE
151.909,8443,6/3/2015,5/29/2015,19:46:12,7,32.9,AH0,254,36.5104437,Day,F,L,A,MYSE
151.909,8443,6/3/2015,5/30/2015,19:46:12,7,33.5,AH0,250,37.1134875,Day,F,L,A,MYSE
151.909,8443,6/3/2015,5/24/2015,19:46:13,7,30.4,AH0,255,33.1331712,Day,F,L,A,MYSE
151.909,8443,6/3/2015,5/28/2015,19:46:14,7,31.3,AH0,250,34.5200901,Day,F,L,A,MYSE
151.909,8443,6/3/2015,5/24/2015,19:46:15,7,30.4,AH0,255,33.1331712,Day,F,L,A,MYSE
151.909,8443,6/3/2015,5/24/2015,19:46:17,7,30.4,AH0,255,33.1331712,Day,F,L,A,MYSE
151.909,8443,6/3/2015,5/26/2015,19:46:17,7,28.7,AH0,254,29.9269899,Day,F,L,A,MYSE
151.909,8443,6/3/2015,5/26/2015,19:46:19,7,28.7,AH0,254,29.9269899,Day,F,L,A,MYSE
151.909,8443,6/3/2015,5/26/2015,19:46:21,7,28.7,AH0,254,29.9269899,Day,F,L,A,MYSE
151.909,8443,6/3/2015,5/26/2015,19:46:23,7,28.7,AH0,254,29.9269899,Day,F,L,A,MYSE
151.909,8443,6/3/2015,5/25/2015,19:46:25,7,30.3,AH0,255,32.9663291,Day,F,L,A,MYSE
151.909,8443,6/3/2015,5/30/2015,19:46:26,7,33.5,AH0,239,37.1134875,Day,F,L,A,MYSE
151.909,8443,6/3/2015,5/25/2015,19:46:27,7,30.3,AH0,255,32.9663291,Day,F,L,A,MYSE
151.909,8443,6/3/2015,5/28/2015,19:46:27,7,31.3,AH0,253,34.5200901,Day,F,L,A,MYSE
151.909,8443,6/3/2015,5/29/2015,19:46:27,7,32.8,AH0,254,36.4026816,Day,F,L,A,MYSE
151.909,8443,6/3/2015,5/30/2015,19:46:28,7,33.6,AH0,244,37.2069248,Day,F,L,A,MYSE
151.909,8443,6/3/2015,5/25/2015,19:46:29,7,30.3,AH0,255,32.9663291,Day,F,L,A,MYSE
151.909,8443,6/3/2015,5/28/2015,19:46:29,7,31.3,AH0,249,34.5200901,Day,F,L,A,MYSE
151.909,8443,6/3/2015,5/29/2015,19:46:29,7,32.9,AH0,254,36.5104437,Day,F,L,A,MYSE
151.909,8443,6/3/2015,5/29/2015,19:46:30,7,32.8,AH0,254,36.4026816,Day,F,L,A,MYSE
151.909,8443,6/3/2015,5/30/2015,19:46:30,7,33.6,AH0,246,37.2069248,Day,F,L,A,MYSE
151.909,8443,6/3/2015,5/24/2015,19:46:31,7,30.3,AH0,255,32.9663291,Day,F,L,A,MYSE
151.909,8443,6/3/2015,5/25/2015,19:46:31,7,30.3,AH0,255,32.9663291,Day,F,L,A,MYSE
151.909,8443,6/3/2015,5/28/2015,19:46:31,7,31.3,AH0,252,34.5200901,Day,F,L,A,MYSE
151.909,8443,6/3/2015,5/29/2015,19:46:32,7,32.9,AH0,254,36.5104437,Day,F,L,A,MYSE
151.909,8443,6/3/2015,5/30/2015,19:46:32,7,33.6,AH0,249,37.2069248,Day,F,L,A,MYSE
151.909,8443,6/3/2015,5/24/2015,19:46:33,7,30.3,AH0,255,32.9663291,Day,F,L,A,MYSE
151.909,8443,6/3/2015,5/28/2015,19:46:33,7,31.3,AH0,252,34.5200901,Day,F,L,A,MYSE
151.909,8443,6/3/2015,5/24/2015,19:46:35,7,30.3,AH0,255,32.9663291,Day,F,L,A,MYSE
151.909,8443,6/3/2015,5/26/2015,19:46:35,7,28.7,AH0,254,29.9269899,Day,F,L,A,MYSE
151.909,8443,6/3/2015,5/24/2015,19:46:37,7,30.3,AH0,255,32.9663291,Day,F,L,A,MYSE
151.909,8443,6/3/2015,5/26/2015,19:46:38,7,28.7,AH0,253,29.9269899,Day,F,L,A,MYSE
151.909,8443,6/3/2015,5/24/2015,19:46:39,7,30.3,AH0,255,32.9663291,Day,F,L,A,MYSE
151.909,8443,6/3/2015,5/26/2015,19:46:40,7,28.7,AH0,254,29.9269899,Day,F,L,A,MYSE
151.909,8443,6/3/2015,5/26/2015,19:46:42,7,28.7,AH0,254,29.9269899,Day,F,L,A,MYSE
151.909,8443,6/3/2015,5/25/2015,19:46:45,7,30.3,AH0,255,32.9663291,Day,F,L,A,MYSE
151.909,8443,6/3/2015,5/28/2015,19:46:46,7,31.3,AH0,252,34.5200901,Day,F,L,A,MYSE
151.909,8443,6/3/2015,5/30/2015,19:46:46,7,33.7,AH0,250,37.2983949,Day,F,L,A,MYSE
151.909,8443,6/3/2015,5/25/2015,19:46:47,7,30.3,AH0,255,32.9663291,Day,F,L,A,MYSE
151.909,8443,6/3/2015,5/29/2015,19:46:47,7,32.8,AH0,253,36.4026816,Day,F,L,A,MYSE
151.909,8443,6/3/2015,5/28/2015,19:46:48,7,31.3,AH0,252,34.5200901,Day,F,L,A,MYSE
151.909,8443,6/3/2015,5/30/2015,19:46:48,7,33.7,AH0,253,37.2983949,Day,F,L,A,MYSE
151.909,8443,6/3/2015,5/25/2015,19:46:49,7,30.3,AH0,255,32.9663291,Day,F,L,A,MYSE
151.909,8443,6/3/2015,5/29/2015,19:46:49,7,32.9,AH0,254,36.5104437,Day,F,L,A,MYSE
151.909,8443,6/3/2015,5/28/2015,19:46:50,7,31.3,AH0,250,34.5200901,Day,F,L,A,MYSE
151.909,8443,6/3/2015,5/29/2015,19:46:50,7,32.9,AH0,254,36.5104437,Day,F,L,A,MYSE
151.909,8443,6/3/2015,5/30/2015,19:46:50,7,33.7,AH0,252,37.2983949,Day,F,L,A,MYSE
151.909,8443,6/3/2015,5/25/2015,19:46:51,7,30.3,AH0,255,32.9663291,Day,F,L,A,MYSE
151.909,8443,6/3/2015,5/30/2015,19:46:51,7,33.7,AH0,251,37.2983949,Day,F,L,A,MYSE
151.909,8443,6/3/2015,5/28/2015,19:46:52,7,31.3,AH0,252,34.5200901,Day,F,L,A,MYSE
151.909,8443,6/3/2015,5/29/2015,19:46:52,7,32.9,AH0,253,36.5104437,Day,F,L,A,MYSE
151.909,8443,6/3/2015,5/24/2015,19:46:53,7,30.3,AH0,255,32.9663291,Day,F,L,A,MYSE
151.909,8443,6/3/2015,5/28/2015,19:46:54,7,31.3,AH0,250,34.5200901,Day,F,L,A,MYSE
151.909,8443,6/3/2015,5/24/2015,19:46:55,7,30.3,AH0,255,32.9663291,Day,F,L,A,MYSE
151.909,8443,6/3/2015,5/26/2015,19:46:56,7,28.7,AH0,253,29.9269899,Day,F,L,A,MYSE
151.909,8443,6/3/2015,5/24/2015,19:46:57,7,30.3,AH0,255,32.9663291,Day,F,L,A,MYSE
151.909,8443,6/3/2015,5/26/2015,19:46:58,7,28.7,AH0,253,29.9269899,Day,F,L,A,MYSE
151.909,8443,6/3/2015,5/24/2015,19:46:59,7,30.3,AH0,255,32.9663291,Day,F,L,A,MYSE
151.909,8443,6/3/2015,5/26/2015,19:47:01,7,28.7,AH0,254,29.9269899,Day,F,L,A,MYSE
151.909,8443,6/3/2015,5/26/2015,19:47:03,7,28.7,AH0,255,29.9269899,Day,F,L,A,MYSE
151.909,8443,6/3/2015,5/25/2015,19:47:05,7,30.3,AH0,255,32.9663291,Day,F,L,A,MYSE
151.909,8443,6/3/2015,5/30/2015,19:47:06,7,33.8,AH0,249,37.3879176,Day,F,L,A,MYSE
151.909,8443,6/3/2015,5/25/2015,19:47:07,7,30.3,AH0,255,32.9663291,Day,F,L,A,MYSE
151.909,8443,6/3/2015,5/28/2015,19:47:07,7,31.4,AH0,250,34.6618152,Day,F,L,A,MYSE
151.909,8443,6/3/2015,5/29/2015,19:47:07,7,32.9,AH0,254,36.5104437,Day,F,L,A,MYSE
151.909,8443,6/3/2015,5/30/2015,19:47:07,7,33.8,AH0,249,37.3879176,Day,F,L,A,MYSE
151.909,8443,6/3/2015,5/25/2015,19:47:09,7,30.3,AH0,255,32.9663291,Day,F,L,A,MYSE
151.909,8443,6/3/2015,5/28/2015,19:47:09,7,31.4,AH0,250,34.6618152,Day,F,L,A,MYSE
151.909,8443,6/3/2015,5/29/2015,19:47:09,7,32.8,AH0,254,36.4026816,Day,F,L,A,MYSE
151.909,8443,6/3/2015,5/30/2015,19:47:09,7,33.8,AH0,252,37.3879176,Day,F,L,A,MYSE
151.909,8443,6/3/2015,5/25/2015,19:47:11,7,30.3,AH0,255,32.9663291,Day,F,L,A,MYSE
151.909,8443,6/3/2015,5/28/2015,19:47:11,7,31.4,AH0,252,34.6618152,Day,F,L,A,MYSE
151.909,8443,6/3/2015,5/29/2015,19:47:11,7,32.9,AH0,254,36.5104437,Day,F,L,A,MYSE
151.909,8443,6/3/2015,5/30/2015,19:47:11,7,33.8,AH0,251,37.3879176,Day,F,L,A,MYSE
151.909,8443,6/3/2015,5/29/2015,19:47:12,7,32.8,AH0,252,36.4026816,Day,F,L,A,MYSE
151.909,8443,6/3/2015,5/24/2015,19:47:13,7,30.2,AH0,255,32.7968664,Day,F,L,A,MYSE
151.909,8443,6/3/2015,5/28/2015,19:47:13,7,31.4,AH0,252,34.6618152,Day,F,L,A,MYSE
151.909,8443,6/3/2015,5/30/2015,19:47:13,7,33.8,AH0,252,37.3879176,Day,F,L,A,MYSE
151.909,8443,6/3/2015,5/24/2015,19:47:15,7,30.2,AH0,255,32.7968664,Day,F,L,A,MYSE
151.909,8443,6/3/2015,5/24/2015,19:47:17,7,30.2,AH0,255,32.7968664,Day,F,L,A,MYSE
151.909,8443,6/3/2015,5/26/2015,19:47:17,7,28.7,AH0,253,29.9269899,Day,F,L,A,MYSE
151.909,8443,6/3/2015,5/24/2015,19:47:19,7,30.2,AH0,255,32.7968664,Day,F,L,A,MYSE
151.909,8443,6/3/2015,5/26/2015,19:47:19,7,28.7,AH0,253,29.9269899,Day,F,L,A,MYSE
151.909,8443,6/3/2015,5/26/2015,19:47:21,7,28.7,AH0,253,29.9269899,Day,F,L,A,MYSE
151.909,8443,6/3/2015,5/25/2015,19:47:25,7,30.2,AH0,255,32.7968664,Day,F,L,A,MYSE
151.909,8443,6/3/2015,5/30/2015,19:47:25,7,33.8,AH0,254,37.3879176,Day,F,L,A,MYSE
151.909,8443,6/3/2015,5/28/2015,19:47:26,7,31.4,AH0,252,34.6618152,Day,F,L,A,MYSE
151.909,8443,6/3/2015,5/25/2015,19:47:27,7,30.2,AH0,255,32.7968664,Day,F,L,A,MYSE
151.909,8443,6/3/2015,5/29/2015,19:47:27,7,32.8,AH0,253,36.4026816,Day,F,L,A,MYSE
151.909,8443,6/3/2015,5/30/2015,19:47:27,7,33.8,AH0,252,37.3879176,Day,F,L,A,MYSE
151.909,8443,6/3/2015,5/28/2015,19:47:28,7,31.4,AH0,249,34.6618152,Day,F,L,A,MYSE
151.909,8443,6/3/2015,5/25/2015,19:47:29,7,30.2,AH0,255,32.7968664,Day,F,L,A,MYSE
151.909,8443,6/3/2015,5/29/2015,19:47:29,7,32.8,AH0,254,36.4026816,Day,F,L,A,MYSE
151.909,8443,6/3/2015,5/30/2015,19:47:29,7,33.8,AH0,252,37.3879176,Day,F,L,A,MYSE
151.909,8443,6/3/2015,5/28/2015,19:47:30,7,31.4,AH0,251,34.6618152,Day,F,L,A,MYSE
151.909,8443,6/3/2015,5/30/2015,19:47:30,7,33.8,AH0,253,37.3879176,Day,F,L,A,MYSE
151.909,8443,6/3/2015,5/25/2015,19:47:31,7,30.2,AH0,255,32.7968664,Day,F,L,A,MYSE
151.909,8443,6/3/2015,5/29/2015,19:47:31,7,32.8,AH0,254,36.4026816,Day,F,L,A,MYSE
151.909,8443,6/3/2015,5/28/2015,19:47:32,7,31.4,AH0,250,34.6618152,Day,F,L,A,MYSE
151.909,8443,6/3/2015,5/30/2015,19:47:32,7,33.8,AH0,252,37.3879176,Day,F,L,A,MYSE
151.909,8443,6/3/2015,5/24/2015,19:47:33,7,30.2,AH0,255,32.7968664,Day,F,L,A,MYSE
151.909,8443,6/3/2015,5/29/2015,19:47:33,7,32.8,AH0,254,36.4026816,Day,F,L,A,MYSE
151.909,8443,6/3/2015,5/24/2015,19:47:35,7,30.3,AH0,255,32.9663291,Day,F,L,A,MYSE
151.909,8443,6/3/2015,5/26/2015,19:47:36,7,28.7,AH0,254,29.9269899,Day,F,L,A,MYSE
151.909,8443,6/3/2015,5/24/2015,19:47:37,7,30.3,AH0,255,32.9663291,Day,F,L,A,MYSE
151.909,8443,6/3/2015,5/26/2015,19:47:38,7,28.7,AH0,253,29.9269899,Day,F,L,A,MYSE
151.909,8443,6/3/2015,5/24/2015,19:47:39,7,30.3,AH0,255,32.9663291,Day,F,L,A,MYSE
151.909,8443,6/3/2015,5/26/2015,19:47:40,7,28.7,AH0,254,29.9269899,Day,F,L,A,MYSE
151.909,8443,6/3/2015,5/26/2015,19:47:42,7,28.7,AH0,255,29.9269899,Day,F,L,A,MYSE
151.909,8443,6/3/2015,5/25/2015,19:47:45,7,30.2,AH0,255,32.7968664,Day,F,L,A,MYSE
151.909,8443,6/3/2015,5/29/2015,19:47:45,7,32.8,AH0,252,36.4026816,Day,F,L,A,MYSE
151.909,8443,6/3/2015,5/30/2015,19:47:45,7,33.9,AH0,249,37.4755127,Day,F,L,A,MYSE
151.909,8443,6/3/2015,5/30/2015,19:47:46,7,33.9,AH0,252,37.4755127,Day,F,L,A,MYSE
151.909,8443,6/3/2015,5/25/2015,19:47:47,7,30.2,AH0,255,32.7968664,Day,F,L,A,MYSE
151.909,8443,6/3/2015,5/28/2015,19:47:47,7,31.5,AH0,254,34.8011375,Day,F,L,A,MYSE
151.909,8443,6/3/2015,5/29/2015,19:47:47,7,32.8,AH0,254,36.4026816,Day,F,L,A,MYSE
151.909,8443,6/3/2015,5/30/2015,19:47:48,7,33.8,AH0,249,37.3879176,Day,F,L,A,MYSE
151.909,8443,6/3/2015,5/25/2015,19:47:49,7,30.2,AH0,255,32.7968664,Day,F,L,A,MYSE
151.909,8443,6/3/2015,5/28/2015,19:47:49,7,31.4,AH0,253,34.6618152,Day,F,L,A,MYSE
151.909,8443,6/3/2015,5/29/2015,19:47:49,7,32.8,AH0,253,36.4026816,Day,F,L,A,MYSE
151.909,8443,6/3/2015,5/30/2015,19:47:50,7,33.8,AH0,252,37.3879176,Day,F,L,A,MYSE
151.909,8443,6/3/2015,5/25/2015,19:47:51,7,30.2,AH0,255,32.7968664,Day,F,L,A,MYSE
151.909,8443,6/3/2015,5/28/2015,19:47:51,7,31.5,AH0,252,34.8011375,Day,F,L,A,MYSE
151.909,8443,6/3/2015,5/29/2015,19:47:51,7,32.8,AH0,254,36.4026816,Day,F,L,A,MYSE
151.909,8443,6/3/2015,5/30/2015,19:47:52,7,33.8,AH0,252,37.3879176,Day,F,L,A,MYSE
151.909,8443,6/3/2015,5/24/2015,19:47:53,7,30.4,AH0,255,33.1331712,Day,F,L,A,MYSE
151.909,8443,6/3/2015,5/28/2015,19:47:53,7,31.5,AH0,254,34.8011375,Day,F,L,A,MYSE
151.909,8443,6/3/2015,5/29/2015,19:47:53,7,32.8,AH0,254,36.4026816,Day,F,L,A,MYSE
151.909,8443,6/3/2015,5/24/2015,19:47:54,7,30.4,AH0,255,33.1331712,Day,F,L,A,MYSE
151.909,8443,6/3/2015,5/24/2015,19:47:56,7,30.4,AH0,255,33.1331712,Day,F,L,A,MYSE
151.909,8443,6/3/2015,5/26/2015,19:47:57,7,28.7,AH0,254,29.9269899,Day,F,L,A,MYSE
151.909,8443,6/3/2015,5/24/2015,19:47:58,7,30.4,AH0,255,33.1331712,Day,F,L,A,MYSE
151.909,8443,6/3/2015,5/26/2015,19:47:59,7,28.6,AH0,254,29.7129048,Day,F,L,A,MYSE
151.909,8443,6/3/2015,5/26/2015,19:48:01,7,28.6,AH0,254,29.7129048,Day,F,L,A,MYSE
151.909,8443,6/3/2015,5/25/2015,19:48:05,7,30.2,AH0,255,32.7968664,Day,F,L,A,MYSE
151.909,8443,6/3/2015,5/29/2015,19:48:05,7,32.8,AH0,254,36.4026816,Day,F,L,A,MYSE
151.909,8443,6/3/2015,5/30/2015,19:48:06,7,33.9,AH0,254,37.4755127,Day,F,L,A,MYSE
151.909,8443,6/3/2015,5/25/2015,19:48:07,7,30.2,AH0,255,32.7968664,Day,F,L,A,MYSE
151.909,8443,6/3/2015,5/28/2015,19:48:07,7,31.5,AH0,251,34.8011375,Day,F,L,A,MYSE
151.909,8443,6/3/2015,5/29/2015,19:48:07,7,32.8,AH0,254,36.4026816,Day,F,L,A,MYSE
151.909,8443,6/3/2015,5/28/2015,19:48:08,7,31.5,AH0,251,34.8011375,Day,F,L,A,MYSE
151.909,8443,6/3/2015,5/30/2015,19:48:08,7,33.9,AH0,251,37.4755127,Day,F,L,A,MYSE
151.909,8443,6/3/2015,5/25/2015,19:48:09,7,30.2,AH0,255,32.7968664,Day,F,L,A,MYSE
151.909,8443,6/3/2015,5/29/2015,19:48:09,7,32.8,AH0,254,36.4026816,Day,F,L,A,MYSE
151.909,8443,6/3/2015,5/28/2015,19:48:10,7,31.5,AH0,251,34.8011375,Day,F,L,A,MYSE
151.909,8443,6/3/2015,5/30/2015,19:48:10,7,33.8,AH0,252,37.3879176,Day,F,L,A,MYSE
151.909,8443,6/3/2015,5/25/2015,19:48:11,7,30.2,AH0,255,32.7968664,Day,F,L,A,MYSE
151.909,8443,6/3/2015,5/29/2015,19:48:11,7,32.8,AH0,253,36.4026816,Day,F,L,A,MYSE
151.909,8443,6/3/2015,5/30/2015,19:48:11,7,33.8,AH0,253,37.3879176,Day,F,L,A,MYSE
151.909,8443,6/3/2015,5/24/2015,19:48:12,7,30.3,AH0,255,32.9663291,Day,F,L,A,MYSE
151.909,8443,6/3/2015,5/28/2015,19:48:12,7,31.5,AH0,251,34.8011375,Day,F,L,A,MYSE
151.909,8443,6/3/2015,5/29/2015,19:48:13,7,32.8,AH0,254,36.4026816,Day,F,L,A,MYSE
151.909,8443,6/3/2015,5/24/2015,19:48:14,7,30.3,AH0,255,32.9663291,Day,F,L,A,MYSE
151.909,8443,6/3/2015,5/24/2015,19:48:16,7,30.3,AH0,255,32.9663291,Day,F,L,A,MYSE
151.909,8443,6/3/2015,5/26/2015,19:48:16,7,28.6,AH0,253,29.7129048,Day,F,L,A,MYSE
151.909,8443,6/3/2015,5/24/2015,19:48:18,7,30.3,AH0,255,32.9663291,Day,F,L,A,MYSE
151.909,8443,6/3/2015,5/26/2015,19:48:18,7,28.6,AH0,254,29.7129048,Day,F,L,A,MYSE
151.909,8443,6/3/2015,5/26/2015,19:48:20,7,28.6,AH0,253,29.7129048,Day,F,L,A,MYSE
151.909,8443,6/3/2015,5/26/2015,19:48:22,7,28.6,AH0,254,29.7129048,Day,F,L,A,MYSE
151.909,8443,6/3/2015,5/25/2015,19:48:25,7,30.2,AH0,255,32.7968664,Day,F,L,A,MYSE
151.909,8443,6/3/2015,5/29/2015,19:48:26,7,32.8,AH0,254,36.4026816,Day,F,L,A,MYSE
151.909,8443,6/3/2015,5/30/2015,19:48:26,7,33.7,AH0,240,37.2983949,Day,F,L,A,MYSE
151.909,8443,6/3/2015,5/25/2015,19:48:27,7,30.2,AH0,255,32.7968664,Day,F,L,A,MYSE
151.909,8443,6/3/2015,5/29/2015,19:48:27,7,32.8,AH0,254,36.4026816,Day,F,L,A,MYSE
151.909,8443,6/3/2015,5/30/2015,19:48:27,7,33.6,AH0,245,37.2069248,Day,F,L,A,MYSE
151.909,8443,6/3/2015,5/28/2015,19:48:28,7,31.5,AH0,253,34.8011375,Day,F,L,A,MYSE
151.909,8443,6/3/2015,5/25/2015,19:48:29,7,30.2,AH0,255,32.7968664,Day,F,L,A,MYSE
151.909,8443,6/3/2015,5/28/2015,19:48:29,7,31.5,AH0,254,34.8011375,Day,F,L,A,MYSE
151.909,8443,6/3/2015,5/29/2015,19:48:29,7,32.8,AH0,253,36.4026816,Day,F,L,A,MYSE
151.909,8443,6/3/2015,5/30/2015,19:48:29,7,33.5,AH0,244,37.1134875,Day,F,L,A,MYSE
151.909,8443,6/3/2015,5/25/2015,19:48:31,7,30.2,AH0,255,32.7968664,Day,F,L,A,MYSE
151.909,8443,6/3/2015,5/28/2015,19:48:31,7,31.5,AH0,253,34.8011375,Day,F,L,A,MYSE
151.909,8443,6/3/2015,5/29/2015,19:48:31,7,32.8,AH0,254,36.4026816,Day,F,L,A,MYSE
151.909,8443,6/3/2015,5/30/2015,19:48:31,7,33.5,AH0,247,37.1134875,Day,F,L,A,MYSE
151.909,8443,6/3/2015,5/24/2015,19:48:32,7,30.5,AH0,255,33.2974125,Day,F,L,A,MYSE
151.909,8443,6/3/2015,5/28/2015,19:48:33,7,31.5,AH0,252,34.8011375,Day,F,L,A,MYSE
151.909,8443,6/3/2015,5/29/2015,19:48:33,7,32.8,AH0,254,36.4026816,Day,F,L,A,MYSE
151.909,8443,6/3/2015,5/30/2015,19:48:33,7,33.4,AH0,242,37.0180632,Day,F,L,A,MYSE
151.909,8443,6/3/2015,5/24/2015,19:48:34,7,30.5,AH0,255,33.2974125,Day,F,L,A,MYSE
151.909,8443,6/3/2015,5/24/2015,19:48:36,7,30.5,AH0,255,33.2974125,Day,F,L,A,MYSE
151.909,8443,6/3/2015,5/26/2015,19:48:37,7,28.6,AH0,253,29.7129048,Day,F,L,A,MYSE
151.909,8443,6/3/2015,5/24/2015,19:48:38,7,30.5,AH0,255,33.2974125,Day,F,L,A,MYSE
151.909,8443,6/3/2015,5/26/2015,19:48:39,7,28.6,AH0,253,29.7129048,Day,F,L,A,MYSE
151.909,8443,6/3/2015,5/26/2015,19:48:41,7,28.6,AH0,253,29.7129048,Day,F,L,A,MYSE
151.909,8443,6/3/2015,5/25/2015,19:48:44,7,30.2,AH0,255,32.7968664,Day,F,L,A,MYSE
151.909,8443,6/3/2015,5/30/2015,19:48:45,7,32.8,AH0,246,36.4026816,Day,F,L,A,MYSE
151.909,8443,6/3/2015,5/25/2015,19:48:46,7,30.1,AH0,255,32.6247633,Day,F,L,A,MYSE
151.909,8443,6/3/2015,5/29/2015,19:48:46,7,32.8,AH0,254,36.4026816,Day,F,L,A,MYSE
151.909,8443,6/3/2015,5/28/2015,19:48:47,7,31.5,AH0,253,34.8011375,Day,F,L,A,MYSE
151.909,8443,6/3/2015,5/30/2015,19:48:47,7,32.8,AH0,246,36.4026816,Day,F,L,A,MYSE
151.909,8443,6/3/2015,5/25/2015,19:48:48,7,30.1,AH0,255,32.6247633,Day,F,L,A,MYSE
151.909,8443,6/3/2015,5/28/2015,19:48:48,7,31.5,AH0,253,34.8011375,Day,F,L,A,MYSE
151.909,8443,6/3/2015,5/29/2015,19:48:48,7,32.8,AH0,253,36.4026816,Day,F,L,A,MYSE
151.909,8443,6/3/2015,5/29/2015,19:48:49,7,32.8,AH0,253,36.4026816,Day,F,L,A,MYSE
151.909,8443,6/3/2015,5/30/2015,19:48:49,7,32.7,AH0,247,36.2927939,Day,F,L,A,MYSE
151.909,8443,6/3/2015,5/25/2015,19:48:50,7,30.2,AH0,255,32.7968664,Day,F,L,A,MYSE
151.909,8443,6/3/2015,5/28/2015,19:48:50,7,31.5,AH0,253,34.8011375,Day,F,L,A,MYSE
151.909,8443,6/3/2015,5/29/2015,19:48:51,7,32.8,AH0,254,36.4026816,Day,F,L,A,MYSE
151.909,8443,6/3/2015,5/30/2015,19:48:51,7,32.7,AH0,246,36.2927939,Day,F,L,A,MYSE
151.909,8443,6/3/2015,5/24/2015,19:48:52,7,30.4,AH0,255,33.1331712,Day,F,L,A,MYSE
151.909,8443,6/3/2015,5/28/2015,19:48:52,7,31.5,AH0,253,34.8011375,Day,F,L,A,MYSE
151.909,8443,6/3/2015,5/29/2015,19:48:53,7,32.8,AH0,253,36.4026816,Day,F,L,A,MYSE
151.909,8443,6/3/2015,5/30/2015,19:48:53,7,32.7,AH0,247,36.2927939,Day,F,L,A,MYSE
151.909,8443,6/3/2015,5/24/2015,19:48:54,7,30.4,AH0,255,33.1331712,Day,F,L,A,MYSE
151.909,8443,6/3/2015,5/24/2015,19:48:56,7,30.4,AH0,255,33.1331712,Day,F,L,A,MYSE
151.909,8443,6/3/2015,5/26/2015,19:48:56,7,28.6,AH0,254,29.7129048,Day,F,L,A,MYSE
151.909,8443,6/3/2015,5/24/2015,19:48:58,7,30.4,AH0,255,33.1331712,Day,F,L,A,MYSE
151.909,8443,6/3/2015,5/26/2015,19:48:58,7,28.6,AH0,251,29.7129048,Day,F,L,A,MYSE
151.909,8443,6/3/2015,5/26/2015,19:49:00,7,28.6,AH0,254,29.7129048,Day,F,L,A,MYSE
151.909,8443,6/3/2015,5/26/2015,19:49:02,7,28.6,AH0,254,29.7129048,Day,F,L,A,MYSE
151.909,8443,6/3/2015,5/25/2015,19:49:04,7,30.1,AH0,255,32.6247633,Day,F,L,A,MYSE
151.909,8443,6/3/2015,5/25/2015,19:49:06,7,30.1,AH0,255,32.6247633,Day,F,L,A,MYSE
151.909,8443,6/3/2015,5/29/2015,19:49:06,7,32.8,AH0,254,36.4026816,Day,F,L,A,MYSE
151.909,8443,6/3/2015,5/30/2015,19:49:06,7,32.6,AH0,248,36.1807608,Day,F,L,A,MYSE
151.909,8443,6/3/2015,5/30/2015,19:49:07,7,32.5,AH0,249,36.0665625,Day,F,L,A,MYSE
151.909,8443,6/3/2015,5/25/2015,19:49:08,7,30.1,AH0,255,32.6247633,Day,F,L,A,MYSE
151.909,8443,6/3/2015,5/28/2015,19:49:08,7,31.5,AH0,254,34.8011375,Day,F,L,A,MYSE
151.909,8443,6/3/2015,5/29/2015,19:49:08,7,32.8,AH0,254,36.4026816,Day,F,L,A,MYSE
151.909,8443,6/3/2015,5/28/2015,19:49:09,7,31.5,AH0,253,34.8011375,Day,F,L,A,MYSE
151.909,8443,6/3/2015,5/30/2015,19:49:09,7,32.5,AH0,249,36.0665625,Day,F,L,A,MYSE
151.909,8443,6/3/2015,5/25/2015,19:49:10,7,30.1,AH0,255,32.6247633,Day,F,L,A,MYSE
151.909,8443,6/3/2015,5/29/2015,19:49:10,7,32.8,AH0,254,36.4026816,Day,F,L,A,MYSE
151.909,8443,6/3/2015,5/24/2015,19:49:11,7,30.4,AH0,255,33.1331712,Day,F,L,A,MYSE
151.909,8443,6/3/2015,5/28/2015,19:49:11,7,31.5,AH0,253,34.8011375,Day,F,L,A,MYSE
151.909,8443,6/3/2015,5/29/2015,19:49:11,7,32.8,AH0,254,36.4026816,Day,F,L,A,MYSE
151.909,8443,6/3/2015,5/30/2015,19:49:11,7,32.5,AH0,250,36.0665625,Day,F,L,A,MYSE
151.909,8443,6/3/2015,5/24/2015,19:49:13,7,30.5,AH0,255,33.2974125,Day,F,L,A,MYSE
151.909,8443,6/3/2015,5/28/2015,19:49:13,7,31.5,AH0,253,34.8011375,Day,F,L,A,MYSE
151.909,8443,6/3/2015,5/29/2015,19:49:13,7,32.8,AH0,253,36.4026816,Day,F,L,A,MYSE
151.909,8443,6/3/2015,5/24/2015,19:49:15,7,30.5,AH0,255,33.2974125,Day,F,L,A,MYSE
151.909,8443,6/3/2015,5/24/2015,19:49:17,7,30.6,AH0,255,33.4590728,Day,F,L,A,MYSE
151.909,8443,6/3/2015,5/26/2015,19:49:17,7,28.6,AH0,254,29.7129048,Day,F,L,A,MYSE
151.909,8443,6/3/2015,5/26/2015,19:49:19,7,28.6,AH0,253,29.7129048,Day,F,L,A,MYSE
151.909,8443,6/3/2015,5/26/2015,19:49:21,7,28.6,AH0,254,29.7129048,Day,F,L,A,MYSE
151.909,8443,6/3/2015,5/26/2015,19:49:23,7,28.6,AH0,254,29.7129048,Day,F,L,A,MYSE
151.909,8443,6/3/2015,5/25/2015,19:49:24,7,30.1,AH0,255,32.6247633,Day,F,L,A,MYSE
151.909,8443,6/3/2015,5/25/2015,19:49:26,7,30.1,AH0,255,32.6247633,Day,F,L,A,MYSE
151.909,8443,6/3/2015,5/29/2015,19:49:26,7,32.8,AH0,253,36.4026816,Day,F,L,A,MYSE
151.909,8443,6/3/2015,5/30/2015,19:49:26,7,32.5,AH0,243,36.0665625,Day,F,L,A,MYSE
151.909,8443,6/3/2015,5/28/2015,19:49:27,7,31.5,AH0,254,34.8011375,Day,F,L,A,MYSE
151.909,8443,6/3/2015,5/25/2015,19:49:28,7,30.1,AH0,255,32.6247633,Day,F,L,A,MYSE
151.909,8443,6/3/2015,5/28/2015,19:49:28,7,31.5,AH0,254,34.8011375,Day,F,L,A,MYSE
151.909,8443,6/3/2015,5/29/2015,19:49:28,7,32.8,AH0,254,36.4026816,Day,F,L,A,MYSE
151.909,8443,6/3/2015,5/30/2015,19:49:28,7,32.5,AH0,241,36.0665625,Day,F,L,A,MYSE
151.909,8443,6/3/2015,5/25/2015,19:49:30,7,30.1,AH0,255,32.6247633,Day,F,L,A,MYSE
151.909,8443,6/3/2015,5/28/2015,19:49:30,7,31.5,AH0,253,34.8011375,Day,F,L,A,MYSE
151.909,8443,6/3/2015,5/29/2015,19:49:30,7,32.8,AH0,254,36.4026816,Day,F,L,A,MYSE
151.909,8443,6/3/2015,5/30/2015,19:49:30,7,32.5,AH0,245,36.0665625,Day,F,L,A,MYSE
151.909,8443,6/3/2015,5/30/2015,19:49:31,7,32.5,AH0,244,36.0665625,Day,F,L,A,MYSE
151.909,8443,6/3/2015,5/28/2015,19:49:32,7,31.5,AH0,253,34.8011375,Day,F,L,A,MYSE
151.909,8443,6/3/2015,5/29/2015,19:49:32,7,32.8,AH0,254,36.4026816,Day,F,L,A,MYSE
151.909,8443,6/3/2015,5/24/2015,19:49:33,7,31,AH0,255,34.0803,Day,F,L,A,MYSE
151.909,8443,6/3/2015,5/24/2015,19:49:35,7,31.1,AH0,255,34.2293523,Day,F,L,A,MYSE
151.909,8443,6/3/2015,5/26/2015,19:49:36,7,28.6,AH0,254,29.7129048,Day,F,L,A,MYSE
151.909,8443,6/3/2015,5/24/2015,19:49:37,7,31.1,AH0,255,34.2293523,Day,F,L,A,MYSE
151.909,8443,6/3/2015,5/26/2015,19:49:38,7,28.5,AH0,252,29.4958625,Day,F,L,A,MYSE
151.909,8443,6/3/2015,5/24/2015,19:49:39,7,31.1,AH0,255,34.2293523,Day,F,L,A,MYSE
151.909,8443,6/3/2015,5/26/2015,19:49:40,7,28.6,AH0,252,29.7129048,Day,F,L,A,MYSE
151.909,8443,6/3/2015,5/26/2015,19:49:42,7,28.5,AH0,253,29.4958625,Day,F,L,A,MYSE
151.909,8443,6/3/2015,5/25/2015,19:49:44,7,30.1,AH0,255,32.6247633,Day,F,L,A,MYSE
151.909,8443,6/3/2015,5/25/2015,19:49:46,7,30.1,AH0,255,32.6247633,Day,F,L,A,MYSE
151.909,8443,6/3/2015,5/29/2015,19:49:46,7,32.8,AH0,254,36.4026816,Day,F,L,A,MYSE
151.909,8443,6/3/2015,5/30/2015,19:49:46,7,32.7,AH0,248,36.2927939,Day,F,L,A,MYSE
151.909,8443,6/3/2015,5/25/2015,19:49:48,7,30.1,AH0,255,32.6247633,Day,F,L,A,MYSE
151.909,8443,6/3/2015,5/28/2015,19:49:48,7,31.5,AH0,253,34.8011375,Day,F,L,A,MYSE
151.909,8443,6/3/2015,5/29/2015,19:49:48,7,32.8,AH0,255,36.4026816,Day,F,L,A,MYSE
151.909,8443,6/3/2015,5/30/2015,19:49:48,7,32.7,AH0,248,36.2927939,Day,F,L,A,MYSE
151.909,8443,6/3/2015,5/28/2015,19:49:49,7,31.5,AH0,254,34.8011375,Day,F,L,A,MYSE
151.909,8443,6/3/2015,5/25/2015,19:49:50,7,30.1,AH0,255,32.6247633,Day,F,L,A,MYSE
151.909,8443,6/3/2015,5/29/2015,19:49:50,7,32.8,AH0,253,36.4026816,Day,F,L,A,MYSE
151.909,8443,6/3/2015,5/30/2015,19:49:50,7,32.7,AH0,251,36.2927939,Day,F,L,A,MYSE
151.909,8443,6/3/2015,5/28/2015,19:49:51,7,31.5,AH0,253,34.8011375,Day,F,L,A,MYSE
151.909,8443,6/3/2015,5/24/2015,19:49:52,7,31.7,AH0,255,35.0726529,Day,F,L,A,MYSE
151.909,8443,6/3/2015,5/29/2015,19:49:52,7,32.8,AH0,253,36.4026816,Day,F,L,A,MYSE
151.909,8443,6/3/2015,5/30/2015,19:49:52,7,32.7,AH0,249,36.2927939,Day,F,L,A,MYSE
151.909,8443,6/3/2015,5/28/2015,19:49:53,7,31.5,AH0,254,34.8011375,Day,F,L,A,MYSE
151.909,8443,6/3/2015,5/24/2015,19:49:54,7,31.8,AH0,255,35.2048856,Day,F,L,A,MYSE
151.909,8443,6/3/2015,5/24/2015,19:49:56,7,31.8,AH0,255,35.2048856,Day,F,L,A,MYSE
151.909,8443,6/3/2015,5/26/2015,19:49:57,7,28.5,AH0,254,29.4958625,Day,F,L,A,MYSE
151.909,8443,6/3/2015,5/24/2015,19:49:58,7,31.9,AH0,255,35.3347947,Day,F,L,A,MYSE
151.909,8443,6/3/2015,5/26/2015,19:49:59,7,28.5,AH0,254,29.4958625,Day,F,L,A,MYSE
151.909,8443,6/3/2015,5/26/2015,19:50:01,7,28.5,AH0,254,29.4958625,Day,F,L,A,MYSE
151.909,8443,6/3/2015,5/26/2015,19:50:03,7,28.5,AH0,252,29.4958625,Day,F,L,A,MYSE
151.909,8443,6/3/2015,5/25/2015,19:50:04,7,30.1,AH0,255,32.6247633,Day,F,L,A,MYSE
151.909,8443,6/3/2015,5/25/2015,19:50:06,7,30.1,AH0,255,32.6247633,Day,F,L,A,MYSE
151.909,8443,6/3/2015,5/29/2015,19:50:06,7,32.8,AH0,254,36.4026816,Day,F,L,A,MYSE
151.909,8443,6/3/2015,5/30/2015,19:50:06,7,32.8,AH0,246,36.4026816,Day,F,L,A,MYSE
151.909,8443,6/3/2015,5/28/2015,19:50:07,7,31.5,AH0,254,34.8011375,Day,F,L,A,MYSE
151.909,8443,6/3/2015,5/25/2015,19:50:08,7,30.1,AH0,255,32.6247633,Day,F,L,A,MYSE
151.909,8443,6/3/2015,5/28/2015,19:50:08,7,31.5,AH0,253,34.8011375,Day,F,L,A,MYSE
151.909,8443,6/3/2015,5/29/2015,19:50:08,7,32.8,AH0,253,36.4026816,Day,F,L,A,MYSE
151.909,8443,6/3/2015,5/30/2015,19:50:08,7,32.8,AH0,248,36.4026816,Day,F,L,A,MYSE
151.909,8443,6/3/2015,5/25/2015,19:50:10,7,30.1,AH0,255,32.6247633,Day,F,L,A,MYSE
151.909,8443,6/3/2015,5/28/2015,19:50:10,7,31.5,AH0,251,34.8011375,Day,F,L,A,MYSE
151.909,8443,6/3/2015,5/29/2015,19:50:10,7,32.8,AH0,254,36.4026816,Day,F,L,A,MYSE
151.909,8443,6/3/2015,5/30/2015,19:50:10,7,32.8,AH0,249,36.4026816,Day,F,L,A,MYSE
151.909,8443,6/3/2015,5/28/2015,19:50:12,7,31.5,AH0,253,34.8011375,Day,F,L,A,MYSE
151.909,8443,6/3/2015,5/29/2015,19:50:12,7,32.8,AH0,254,36.4026816,Day,F,L,A,MYSE
151.909,8443,6/3/2015,5/30/2015,19:50:12,7,32.8,AH0,249,36.4026816,Day,F,L,A,MYSE
151.909,8443,6/3/2015,5/24/2015,19:50:13,7,32.2,AH0,255,35.7107784,Day,F,L,A,MYSE
151.909,8443,6/3/2015,5/24/2015,19:50:15,7,32.2,AH0,255,35.7107784,Day,F,L,A,MYSE
151.909,8443,6/3/2015,5/24/2015,19:50:16,7,32.3,AH0,255,35.8315911,Day,F,L,A,MYSE
151.909,8443,6/3/2015,5/26/2015,19:50:16,7,28.5,AH0,254,29.4958625,Day,F,L,A,MYSE
151.909,8443,6/3/2015,5/24/2015,19:50:18,7,32.3,AH0,255,35.8315911,Day,F,L,A,MYSE
151.909,8443,6/3/2015,5/26/2015,19:50:18,7,28.5,AH0,254,29.4958625,Day,F,L,A,MYSE
151.909,8443,6/3/2015,5/26/2015,19:50:20,7,28.5,AH0,252,29.4958625,Day,F,L,A,MYSE
151.909,8443,6/3/2015,5/26/2015,19:50:22,7,28.5,AH0,254,29.4958625,Day,F,L,A,MYSE
151.909,8443,6/3/2015,5/25/2015,19:50:24,7,30.1,AH0,255,32.6247633,Day,F,L,A,MYSE
151.909,8443,6/3/2015,5/30/2015,19:50:25,7,33.1,AH0,249,36.7196703,Day,F,L,A,MYSE
151.909,8443,6/3/2015,5/25/2015,19:50:26,7,30.1,AH0,255,32.6247633,Day,F,L,A,MYSE
151.909,8443,6/3/2015,5/29/2015,19:50:26,7,32.8,AH0,254,36.4026816,Day,F,L,A,MYSE
151.909,8443,6/3/2015,5/28/2015,19:50:27,7,31.5,AH0,254,34.8011375,Day,F,L,A,MYSE
151.909,8443,6/3/2015,5/30/2015,19:50:27,7,32.8,AH0,250,36.4026816,Day,F,L,A,MYSE
151.909,8443,6/3/2015,5/25/2015,19:50:28,7,30.1,AH0,255,32.6247633,Day,F,L,A,MYSE
151.909,8443,6/3/2015,5/29/2015,19:50:28,7,32.8,AH0,254,36.4026816,Day,F,L,A,MYSE
151.909,8443,6/3/2015,5/30/2015,19:50:28,7,32.8,AH0,247,36.4026816,Day,F,L,A,MYSE
151.909,8443,6/3/2015,5/28/2015,19:50:29,7,31.6,AH0,254,34.9380768,Day,F,L,A,MYSE
151.909,8443,6/3/2015,5/25/2015,19:50:30,7,30.1,AH0,255,32.6247633,Day,F,L,A,MYSE
151.909,8443,6/3/2015,5/29/2015,19:50:30,7,32.8,AH0,254,36.4026816,Day,F,L,A,MYSE
151.909,8443,6/3/2015,5/30/2015,19:50:30,7,32.8,AH0,246,36.4026816,Day,F,L,A,MYSE
151.909,8443,6/3/2015,5/24/2015,19:50:31,7,32.6,AH0,255,36.1807608,Day,F,L,A,MYSE
151.909,8443,6/3/2015,5/28/2015,19:50:31,7,31.6,AH0,251,34.9380768,Day,F,L,A,MYSE
151.909,8443,6/3/2015,5/29/2015,19:50:32,7,32.8,AH0,254,36.4026816,Day,F,L,A,MYSE
151.909,8443,6/3/2015,5/30/2015,19:50:32,7,32.8,AH0,246,36.4026816,Day,F,L,A,MYSE
151.909,8443,6/3/2015,5/24/2015,19:50:33,7,32.6,AH0,255,36.1807608,Day,F,L,A,MYSE
151.909,8443,6/3/2015,5/28/2015,19:50:33,7,31.6,AH0,254,34.9380768,Day,F,L,A,MYSE
151.909,8443,6/3/2015,5/24/2015,19:50:35,7,32.6,AH0,255,36.1807608,Day,F,L,A,MYSE
151.909,8443,6/3/2015,5/24/2015,19:50:37,7,32.6,AH0,255,36.1807608,Day,F,L,A,MYSE
151.909,8443,6/3/2015,5/26/2015,19:50:37,7,28.5,AH0,253,29.4958625,Day,F,L,A,MYSE
151.909,8443,6/3/2015,5/24/2015,19:50:39,7,32.7,AH0,255,36.2927939,Day,F,L,A,MYSE
151.909,8443,6/3/2015,5/26/2015,19:50:39,7,28.5,AH0,254,29.4958625,Day,F,L,A,MYSE
151.909,8443,6/3/2015,5/26/2015,19:50:41,7,28.5,AH0,253,29.4958625,Day,F,L,A,MYSE
151.909,8443,6/3/2015,5/26/2015,19:50:43,7,28.5,AH0,254,29.4958625,Day,F,L,A,MYSE
151.909,8443,6/3/2015,5/25/2015,19:50:44,7,30.1,AH0,255,32.6247633,Day,F,L,A,MYSE
151.909,8443,6/3/2015,5/30/2015,19:50:45,7,32.8,AH0,250,36.4026816,Day,F,L,A,MYSE
151.909,8443,6/3/2015,5/25/2015,19:50:46,7,30.1,AH0,255,32.6247633,Day,F,L,A,MYSE
151.909,8443,6/3/2015,5/28/2015,19:50:46,7,31.6,AH0,254,34.9380768,Day,F,L,A,MYSE
151.909,8443,6/3/2015,5/29/2015,19:50:47,7,32.8,AH0,253,36.4026816,Day,F,L,A,MYSE
151.909,8443,6/3/2015,5/30/2015,19:50:47,7,32.8,AH0,250,36.4026816,Day,F,L,A,MYSE
151.909,8443,6/3/2015,5/25/2015,19:50:48,7,30.1,AH0,255,32.6247633,Day,F,L,A,MYSE
151.909,8443,6/3/2015,5/28/2015,19:50:48,7,31.6,AH0,254,34.9380768,Day,F,L,A,MYSE
151.909,8443,6/3/2015,5/29/2015,19:50:48,7,32.8,AH0,254,36.4026816,Day,F,L,A,MYSE
151.909,8443,6/3/2015,5/30/2015,19:50:48,7,32.8,AH0,251,36.4026816,Day,F,L,A,MYSE
151.909,8443,6/3/2015,5/25/2015,19:50:50,7,30.1,AH0,255,32.6247633,Day,F,L,A,MYSE
151.909,8443,6/3/2015,5/28/2015,19:50:50,7,31.6,AH0,254,34.9380768,Day,F,L,A,MYSE
151.909,8443,6/3/2015,5/29/2015,19:50:50,7,32.8,AH0,254,36.4026816,Day,F,L,A,MYSE
151.909,8443,6/3/2015,5/30/2015,19:50:50,7,32.8,AH0,251,36.4026816,Day,F,L,A,MYSE
151.909,8443,6/3/2015,5/24/2015,19:50:51,7,32.8,AH0,255,36.4026816,Day,F,L,A,MYSE
151.909,8443,6/3/2015,5/28/2015,19:50:52,7,31.6,AH0,252,34.9380768,Day,F,L,A,MYSE
151.909,8443,6/3/2015,5/29/2015,19:50:52,7,32.8,AH0,254,36.4026816,Day,F,L,A,MYSE
151.909,8443,6/3/2015,5/30/2015,19:50:52,7,32.8,AH0,250,36.4026816,Day,F,L,A,MYSE
151.909,8443,6/3/2015,5/24/2015,19:50:53,7,32.8,AH0,255,36.4026816,Day,F,L,A,MYSE
151.909,8443,6/3/2015,5/24/2015,19:50:55,7,32.8,AH0,255,36.4026816,Day,F,L,A,MYSE
151.909,8443,6/3/2015,5/26/2015,19:50:56,7,28.5,AH0,254,29.4958625,Day,F,L,A,MYSE
151.909,8443,6/3/2015,5/24/2015,19:50:57,7,32.8,AH0,255,36.4026816,Day,F,L,A,MYSE
151.909,8443,6/3/2015,5/26/2015,19:50:58,7,28.5,AH0,253,29.4958625,Day,F,L,A,MYSE
151.909,8443,6/3/2015,5/24/2015,19:50:59,7,32.8,AH0,255,36.4026816,Day,F,L,A,MYSE
151.909,8443,6/3/2015,5/26/2015,19:51:00,7,28.5,AH0,254,29.4958625,Day,F,L,A,MYSE
151.909,8443,6/3/2015,5/26/2015,19:51:02,7,28.5,AH0,253,29.4958625,Day,F,L,A,MYSE
151.909,8443,6/3/2015,5/25/2015,19:51:04,7,30.3,AH0,255,32.9663291,Day,F,L,A,MYSE
151.909,8443,6/3/2015,5/30/2015,19:51:05,7,32.8,AH0,250,36.4026816,Day,F,L,A,MYSE
151.909,8443,6/3/2015,5/25/2015,19:51:06,7,30.1,AH0,255,32.6247633,Day,F,L,A,MYSE
151.909,8443,6/3/2015,5/28/2015,19:51:07,7,31.6,AH0,252,34.9380768,Day,F,L,A,MYSE
151.909,8443,6/3/2015,5/29/2015,19:51:07,7,32.8,AH0,255,36.4026816,Day,F,L,A,MYSE
151.909,8443,6/3/2015,5/30/2015,19:51:07,7,32.8,AH0,248,36.4026816,Day,F,L,A,MYSE
151.909,8443,6/3/2015,5/25/2015,19:51:08,7,30,AH0,255,32.45,Day,F,L,A,MYSE
151.909,8443,6/3/2015,5/28/2015,19:51:09,7,31.6,AH0,253,34.9380768,Day,F,L,A,MYSE
151.909,8443,6/3/2015,5/29/2015,19:51:09,7,32.8,AH0,254,36.4026816,Day,F,L,A,MYSE
151.909,8443,6/3/2015,5/30/2015,19:51:09,7,32.8,AH0,251,36.4026816,Day,F,L,A,MYSE
151.909,8443,6/3/2015,5/25/2015,19:51:10,7,30.1,AH0,255,32.6247633,Day,F,L,A,MYSE
151.909,8443,6/3/2015,5/29/2015,19:51:10,7,32.8,AH0,254,36.4026816,Day,F,L,A,MYSE
151.909,8443,6/3/2015,5/30/2015,19:51:10,7,32.9,AH0,251,36.5104437,Day,F,L,A,MYSE
151.909,8443,6/3/2015,5/28/2015,19:51:11,7,31.6,AH0,253,34.9380768,Day,F,L,A,MYSE
151.909,8443,6/3/2015,5/24/2015,19:51:12,7,32.9,AH0,255,36.5104437,Day,F,L,A,MYSE
151.909,8443,6/3/2015,5/29/2015,19:51:12,7,32.8,AH0,254,36.4026816,Day,F,L,A,MYSE
151.909,8443,6/3/2015,5/30/2015,19:51:12,7,32.9,AH0,250,36.5104437,Day,F,L,A,MYSE
151.909,8443,6/3/2015,5/24/2015,19:51:13,7,32.9,AH0,255,36.5104437,Day,F,L,A,MYSE
151.909,8443,6/3/2015,5/28/2015,19:51:13,7,31.6,AH0,254,34.9380768,Day,F,L,A,MYSE
151.909,8443,6/3/2015,5/24/2015,19:51:15,7,32.9,AH0,255,36.5104437,Day,F,L,A,MYSE
151.909,8443,6/3/2015,5/24/2015,19:51:17,7,32.9,AH0,255,36.5104437,Day,F,L,A,MYSE
151.909,8443,6/3/2015,5/26/2015,19:51:17,7,28.5,AH0,253,29.4958625,Day,F,L,A,MYSE
151.909,8443,6/3/2015,5/24/2015,19:51:19,7,32.9,AH0,255,36.5104437,Day,F,L,A,MYSE
151.909,8443,6/3/2015,5/26/2015,19:51:19,7,28.5,AH0,255,29.4958625,Day,F,L,A,MYSE
151.909,8443,6/3/2015,5/26/2015,19:51:21,7,28.4,AH0,254,29.2758432,Day,F,L,A,MYSE
151.909,8443,6/3/2015,5/26/2015,19:51:23,7,28.5,AH0,254,29.4958625,Day,F,L,A,MYSE
151.909,8443,6/3/2015,5/30/2015,19:51:25,7,32.9,AH0,248,36.5104437,Day,F,L,A,MYSE
151.909,8443,6/3/2015,5/25/2015,19:51:26,7,30,AH0,255,32.45,Day,F,L,A,MYSE
151.909,8443,6/3/2015,5/28/2015,19:51:26,7,31.6,AH0,253,34.9380768,Day,F,L,A,MYSE
151.909,8443,6/3/2015,5/29/2015,19:51:27,7,32.8,AH0,254,36.4026816,Day,F,L,A,MYSE
151.909,8443,6/3/2015,5/30/2015,19:51:27,7,32.9,AH0,248,36.5104437,Day,F,L,A,MYSE
151.909,8443,6/3/2015,5/25/2015,19:51:28,7,30,AH0,255,32.45,Day,F,L,A,MYSE
151.909,8443,6/3/2015,5/28/2015,19:51:28,7,31.6,AH0,254,34.9380768,Day,F,L,A,MYSE
151.909,8443,6/3/2015,5/29/2015,19:51:29,7,32.8,AH0,254,36.4026816,Day,F,L,A,MYSE
151.909,8443,6/3/2015,5/30/2015,19:51:29,7,32.9,AH0,250,36.5104437,Day,F,L,A,MYSE
151.909,8443,6/3/2015,5/25/2015,19:51:30,7,30,AH0,255,32.45,Day,F,L,A,MYSE
151.909,8443,6/3/2015,5/28/2015,19:51:30,7,31.6,AH0,253,34.9380768,Day,F,L,A,MYSE
151.909,8443,6/3/2015,5/30/2015,19:51:30,7,32.9,AH0,250,36.5104437,Day,F,L,A,MYSE
151.909,8443,6/3/2015,5/29/2015,19:51:31,7,32.8,AH0,254,36.4026816,Day,F,L,A,MYSE
151.909,8443,6/3/2015,5/24/2015,19:51:32,7,32.9,AH0,255,36.5104437,Day,F,L,A,MYSE
151.909,8443,6/3/2015,5/25/2015,19:51:32,7,30,AH0,255,32.45,Day,F,L,A,MYSE
151.909,8443,6/3/2015,5/28/2015,19:51:32,7,31.6,AH0,254,34.9380768,Day,F,L,A,MYSE
151.909,8443,6/3/2015,5/29/2015,19:51:32,7,32.8,AH0,254,36.4026816,Day,F,L,A,MYSE
151.909,8443,6/3/2015,5/30/2015,19:51:32,7,32.9,AH0,250,36.5104437,Day,F,L,A,MYSE
151.909,8443,6/3/2015,5/24/2015,19:51:33,7,32.9,AH0,255,36.5104437,Day,F,L,A,MYSE
151.909,8443,6/3/2015,5/24/2015,19:51:35,7,32.9,AH0,255,36.5104437,Day,F,L,A,MYSE
151.909,8443,6/3/2015,5/26/2015,19:51:36,7,28.4,AH0,254,29.2758432,Day,F,L,A,MYSE
151.909,8443,6/3/2015,5/24/2015,19:51:37,7,32.9,AH0,255,36.5104437,Day,F,L,A,MYSE
151.909,8443,6/3/2015,5/26/2015,19:51:38,7,28.4,AH0,253,29.2758432,Day,F,L,A,MYSE
151.909,8443,6/3/2015,5/24/2015,19:51:39,7,32.9,AH0,255,36.5104437,Day,F,L,A,MYSE
151.909,8443,6/3/2015,5/26/2015,19:51:40,7,28.4,AH0,252,29.2758432,Day,F,L,A,MYSE
151.909,8443,6/3/2015,5/26/2015,19:51:42,7,28.4,AH0,253,29.2758432,Day,F,L,A,MYSE
151.909,8443,6/3/2015,5/29/2015,19:51:45,7,32.8,AH0,254,36.4026816,Day,F,L,A,MYSE
151.909,8443,6/3/2015,5/30/2015,19:51:45,7,32.9,AH0,250,36.5104437,Day,F,L,A,MYSE
151.909,8443,6/3/2015,5/25/2015,19:51:46,7,30,AH0,255,32.45,Day,F,L,A,MYSE
151.909,8443,6/3/2015,5/28/2015,19:51:47,7,31.6,AH0,254,34.9380768,Day,F,L,A,MYSE
151.909,8443,6/3/2015,5/29/2015,19:51:47,7,32.8,AH0,254,36.4026816,Day,F,L,A,MYSE
151.909,8443,6/3/2015,5/30/2015,19:51:47,7,32.9,AH0,250,36.5104437,Day,F,L,A,MYSE
151.909,8443,6/3/2015,5/25/2015,19:51:48,7,30,AH0,255,32.45,Day,F,L,A,MYSE
151.909,8443,6/3/2015,5/28/2015,19:51:49,7,31.6,AH0,253,34.9380768,Day,F,L,A,MYSE
151.909,8443,6/3/2015,5/29/2015,19:51:49,7,32.8,AH0,253,36.4026816,Day,F,L,A,MYSE
151.909,8443,6/3/2015,5/30/2015,19:51:49,7,32.9,AH0,249,36.5104437,Day,F,L,A,MYSE
151.909,8443,6/3/2015,5/25/2015,19:51:50,7,30,AH0,255,32.45,Day,F,L,A,MYSE
151.909,8443,6/3/2015,5/28/2015,19:51:51,7,31.6,AH0,253,34.9380768,Day,F,L,A,MYSE
151.909,8443,6/3/2015,5/29/2015,19:51:51,7,32.8,AH0,255,36.4026816,Day,F,L,A,MYSE
151.909,8443,6/3/2015,5/30/2015,19:51:51,7,32.9,AH0,249,36.5104437,Day,F,L,A,MYSE
151.909,8443,6/3/2015,5/24/2015,19:51:52,7,33,AH0,255,36.6161,Day,F,L,A,MYSE
151.909,8443,6/3/2015,5/25/2015,19:51:52,7,30,AH0,255,32.45,Day,F,L,A,MYSE
151.909,8443,6/3/2015,5/30/2015,19:51:52,7,32.9,AH0,249,36.5104437,Day,F,L,A,MYSE
151.909,8443,6/3/2015,5/24/2015,19:51:53,7,33,AH0,255,36.6161,Day,F,L,A,MYSE
151.909,8443,6/3/2015,5/28/2015,19:51:53,7,31.6,AH0,254,34.9380768,Day,F,L,A,MYSE
151.909,8443,6/3/2015,5/29/2015,19:51:53,7,32.8,AH0,254,36.4026816,Day,F,L,A,MYSE
151.909,8443,6/3/2015,5/24/2015,19:51:55,7,32.9,AH0,255,36.5104437,Day,F,L,A,MYSE
151.909,8443,6/3/2015,5/24/2015,19:51:57,7,33,AH0,255,36.6161,Day,F,L,A,MYSE
151.909,8443,6/3/2015,5/26/2015,19:51:57,7,28.4,AH0,254,29.2758432,Day,F,L,A,MYSE
151.909,8443,6/3/2015,5/24/2015,19:51:59,7,33,AH0,255,36.6161,Day,F,L,A,MYSE
151.909,8443,6/3/2015,5/26/2015,19:51:59,7,28.4,AH0,254,29.2758432,Day,F,L,A,MYSE
151.909,8443,6/3/2015,5/26/2015,19:52:01,7,28.4,AH0,254,29.2758432,Day,F,L,A,MYSE
151.909,8443,6/3/2015,5/29/2015,19:52:05,7,32.8,AH0,254,36.4026816,Day,F,L,A,MYSE
151.909,8443,6/3/2015,5/30/2015,19:52:05,7,32.9,AH0,248,36.5104437,Day,F,L,A,MYSE
151.909,8443,6/3/2015,5/25/2015,19:52:06,7,30,AH0,255,32.45,Day,F,L,A,MYSE
151.909,8443,6/3/2015,5/28/2015,19:52:06,7,31.5,AH0,253,34.8011375,Day,F,L,A,MYSE
151.909,8443,6/3/2015,5/29/2015,19:52:07,7,32.8,AH0,254,36.4026816,Day,F,L,A,MYSE
151.909,8443,6/3/2015,5/30/2015,19:52:07,7,32.9,AH0,247,36.5104437,Day,F,L,A,MYSE
151.909,8443,6/3/2015,5/25/2015,19:52:08,7,30,AH0,255,32.45,Day,F,L,A,MYSE
151.909,8443,6/3/2015,5/28/2015,19:52:08,7,31.5,AH0,254,34.8011375,Day,F,L,A,MYSE
151.909,8443,6/3/2015,5/29/2015,19:52:09,7,32.8,AH0,253,36.4026816,Day,F,L,A,MYSE
151.909,8443,6/3/2015,5/30/2015,19:52:09,7,32.9,AH0,250,36.5104437,Day,F,L,A,MYSE
151.909,8443,6/3/2015,5/25/2015,19:52:10,7,30,AH0,255,32.45,Day,F,L,A,MYSE
151.909,8443,6/3/2015,5/28/2015,19:52:10,7,31.5,AH0,253,34.8011375,Day,F,L,A,MYSE
151.909,8443,6/3/2015,5/29/2015,19:52:11,7,32.8,AH0,254,36.4026816,Day,F,L,A,MYSE
151.909,8443,6/3/2015,5/30/2015,19:52:11,7,32.9,AH0,248,36.5104437,Day,F,L,A,MYSE
151.909,8443,6/3/2015,5/24/2015,19:52:12,7,33,AH0,255,36.6161,Day,F,L,A,MYSE
151.909,8443,6/3/2015,5/25/2015,19:52:12,7,30,AH0,255,32.45,Day,F,L,A,MYSE
151.909,8443,6/3/2015,5/28/2015,19:52:12,7,31.5,AH0,254,34.8011375,Day,F,L,A,MYSE
151.909,8443,6/3/2015,5/30/2015,19:52:12,7,32.9,AH0,249,36.5104437,Day,F,L,A,MYSE
151.909,8443,6/3/2015,5/24/2015,19:52:13,7,33,AH0,255,36.6161,Day,F,L,A,MYSE
151.909,8443,6/3/2015,5/29/2015,19:52:13,7,32.8,AH0,254,36.4026816,Day,F,L,A,MYSE
151.909,8443,6/3/2015,5/24/2015,19:52:15,7,33,AH0,255,36.6161,Day,F,L,A,MYSE
151.909,8443,6/3/2015,5/26/2015,19:52:16,7,28.4,AH0,254,29.2758432,Day,F,L,A,MYSE
151.909,8443,6/3/2015,5/24/2015,19:52:17,7,33,AH0,255,36.6161,Day,F,L,A,MYSE
151.909,8443,6/3/2015,5/26/2015,19:52:18,7,28.4,AH0,254,29.2758432,Day,F,L,A,MYSE
151.909,8443,6/3/2015,5/24/2015,19:52:19,7,33,AH0,255,36.6161,Day,F,L,A,MYSE
151.909,8443,6/3/2015,5/26/2015,19:52:20,7,28.4,AH0,254,29.2758432,Day,F,L,A,MYSE
151.909,8443,6/3/2015,5/26/2015,19:52:22,7,28.4,AH0,253,29.2758432,Day,F,L,A,MYSE
151.909,8443,6/3/2015,5/29/2015,19:52:25,7,32.8,AH0,253,36.4026816,Day,F,L,A,MYSE
151.909,8443,6/3/2015,5/30/2015,19:52:25,7,32.9,AH0,251,36.5104437,Day,F,L,A,MYSE
151.909,8443,6/3/2015,5/25/2015,19:52:26,7,30,AH0,255,32.45,Day,F,L,A,MYSE
151.909,8443,6/3/2015,5/28/2015,19:52:27,7,31.4,AH0,253,34.6618152,Day,F,L,A,MYSE
151.909,8443,6/3/2015,5/29/2015,19:52:27,7,32.9,AH0,254,36.5104437,Day,F,L,A,MYSE
151.909,8443,6/3/2015,5/30/2015,19:52:27,7,32.9,AH0,248,36.5104437,Day,F,L,A,MYSE
151.909,8443,6/3/2015,5/25/2015,19:52:28,7,30,AH0,255,32.45,Day,F,L,A,MYSE
151.909,8443,6/3/2015,5/28/2015,19:52:29,7,31.4,AH0,254,34.6618152,Day,F,L,A,MYSE
151.909,8443,6/3/2015,5/29/2015,19:52:29,7,32.9,AH0,254,36.5104437,Day,F,L,A,MYSE
151.909,8443,6/3/2015,5/30/2015,19:52:29,7,32.9,AH0,249,36.5104437,Day,F,L,A,MYSE
151.909,8443,6/3/2015,5/25/2015,19:52:30,7,30,AH0,255,32.45,Day,F,L,A,MYSE
151.909,8443,6/3/2015,5/28/2015,19:52:31,7,31.4,AH0,254,34.6618152,Day,F,L,A,MYSE
151.909,8443,6/3/2015,5/29/2015,19:52:31,7,32.9,AH0,254,36.5104437,Day,F,L,A,MYSE
151.909,8443,6/3/2015,5/30/2015,19:52:31,7,32.9,AH0,250,36.5104437,Day,F,L,A,MYSE
151.909,8443,6/3/2015,5/24/2015,19:52:32,7,33,AH0,255,36.6161,Day,F,L,A,MYSE
151.909,8443,6/3/2015,5/25/2015,19:52:32,7,30,AH0,255,32.45,Day,F,L,A,MYSE
151.909,8443,6/3/2015,5/30/2015,19:52:32,7,33,AH0,245,36.6161,Day,F,L,A,MYSE
151.909,8443,6/3/2015,5/24/2015,19:52:33,7,33,AH0,255,36.6161,Day,F,L,A,MYSE
151.909,8443,6/3/2015,5/28/2015,19:52:33,7,31.4,AH0,252,34.6618152,Day,F,L,A,MYSE
151.909,8443,6/3/2015,5/29/2015,19:52:33,7,32.9,AH0,254,36.5104437,Day,F,L,A,MYSE
151.909,8443,6/3/2015,5/24/2015,19:52:35,7,33,AH0,255,36.6161,Day,F,L,A,MYSE
151.909,8443,6/3/2015,5/24/2015,19:52:37,7,33,AH0,255,36.6161,Day,F,L,A,MYSE
151.909,8443,6/3/2015,5/26/2015,19:52:37,7,28.4,AH0,254,29.2758432,Day,F,L,A,MYSE
151.909,8443,6/3/2015,5/24/2015,19:52:39,7,33,AH0,255,36.6161,Day,F,L,A,MYSE
151.909,8443,6/3/2015,5/26/2015,19:52:39,7,28.4,AH0,254,29.2758432,Day,F,L,A,MYSE
151.909,8443,6/3/2015,5/26/2015,19:52:41,7,28.4,AH0,254,29.2758432,Day,F,L,A,MYSE
151.909,8443,6/3/2015,5/30/2015,19:52:45,7,32.9,AH0,249,36.5104437,Day,F,L,A,MYSE
151.909,8443,6/3/2015,5/25/2015,19:52:46,7,30,AH0,255,32.45,Day,F,L,A,MYSE
151.909,8443,6/3/2015,5/28/2015,19:52:46,7,31.4,AH0,254,34.6618152,Day,F,L,A,MYSE
151.909,8443,6/3/2015,5/29/2015,19:52:46,7,32.9,AH0,253,36.5104437,Day,F,L,A,MYSE
151.909,8443,6/3/2015,5/29/2015,19:52:47,7,32.8,AH0,254,36.4026816,Day,F,L,A,MYSE
151.909,8443,6/3/2015,5/30/2015,19:52:47,7,33,AH0,246,36.6161,Day,F,L,A,MYSE
151.909,8443,6/3/2015,5/25/2015,19:52:48,7,30,AH0,255,32.45,Day,F,L,A,MYSE
151.909,8443,6/3/2015,5/28/2015,19:52:48,7,31.4,AH0,253,34.6618152,Day,F,L,A,MYSE
151.909,8443,6/3/2015,5/29/2015,19:52:49,7,32.9,AH0,254,36.5104437,Day,F,L,A,MYSE
151.909,8443,6/3/2015,5/30/2015,19:52:49,7,33,AH0,248,36.6161,Day,F,L,A,MYSE
151.909,8443,6/3/2015,5/25/2015,19:52:50,7,30,AH0,255,32.45,Day,F,L,A,MYSE
151.909,8443,6/3/2015,5/28/2015,19:52:50,7,31.4,AH0,253,34.6618152,Day,F,L,A,MYSE
151.909,8443,6/3/2015,5/29/2015,19:52:51,7,32.9,AH0,253,36.5104437,Day,F,L,A,MYSE
151.909,8443,6/3/2015,5/30/2015,19:52:51,7,33,AH0,248,36.6161,Day,F,L,A,MYSE
151.909,8443,6/3/2015,5/24/2015,19:52:52,7,33,AH0,255,36.6161,Day,F,L,A,MYSE
151.909,8443,6/3/2015,5/28/2015,19:52:52,7,31.4,AH0,254,34.6618152,Day,F,L,A,MYSE
151.909,8443,6/3/2015,5/30/2015,19:52:52,7,33,AH0,247,36.6161,Day,F,L,A,MYSE
151.909,8443,6/3/2015,5/24/2015,19:52:53,7,33,AH0,255,36.6161,Day,F,L,A,MYSE
151.909,8443,6/3/2015,5/29/2015,19:52:53,7,32.9,AH0,254,36.5104437,Day,F,L,A,MYSE
151.909,8443,6/3/2015,5/24/2015,19:52:55,7,33,AH0,255,36.6161,Day,F,L,A,MYSE
151.909,8443,6/3/2015,5/26/2015,19:52:56,7,28.3,AH0,255,29.0528271,Day,F,L,A,MYSE
151.909,8443,6/3/2015,5/24/2015,19:52:57,7,33,AH0,255,36.6161,Day,F,L,A,MYSE
151.909,8443,6/3/2015,5/26/2015,19:52:58,7,28.3,AH0,254,29.0528271,Day,F,L,A,MYSE
151.909,8443,6/3/2015,5/24/2015,19:52:59,7,33,AH0,255,36.6161,Day,F,L,A,MYSE
151.909,8443,6/3/2015,5/26/2015,19:53:00,7,28.3,AH0,254,29.0528271,Day,F,L,A,MYSE
151.909,8443,6/3/2015,5/26/2015,19:53:02,7,28.3,AH0,253,29.0528271,Day,F,L,A,MYSE
151.909,8443,6/3/2015,5/25/2015,19:53:04,7,30.1,AH0,255,32.6247633,Day,F,L,A,MYSE
151.909,8443,6/3/2015,5/30/2015,19:53:05,7,33,AH0,247,36.6161,Day,F,L,A,MYSE
151.909,8443,6/3/2015,5/25/2015,19:53:06,7,30,AH0,255,32.45,Day,F,L,A,MYSE
151.909,8443,6/3/2015,5/29/2015,19:53:06,7,32.8,AH0,253,36.4026816,Day,F,L,A,MYSE
151.909,8443,6/3/2015,5/28/2015,19:53:07,7,31.3,AH0,254,34.5200901,Day,F,L,A,MYSE
151.909,8443,6/3/2015,5/30/2015,19:53:07,7,33,AH0,247,36.6161,Day,F,L,A,MYSE
151.909,8443,6/3/2015,5/25/2015,19:53:08,7,29.9,AH0,255,32.2725567,Day,F,L,A,MYSE
151.909,8443,6/3/2015,5/29/2015,19:53:08,7,32.8,AH0,253,36.4026816,Day,F,L,A,MYSE
151.909,8443,6/3/2015,5/28/2015,19:53:09,7,31.3,AH0,253,34.5200901,Day,F,L,A,MYSE
151.909,8443,6/3/2015,5/29/2015,19:53:09,7,32.8,AH0,254,36.4026816,Day,F,L,A,MYSE
151.909,8443,6/3/2015,5/30/2015,19:53:09,7,32.9,AH0,249,36.5104437,Day,F,L,A,MYSE
151.909,8443,6/3/2015,5/25/2015,19:53:10,7,29.9,AH0,255,32.2725567,Day,F,L,A,MYSE
151.909,8443,6/3/2015,5/28/2015,19:53:11,7,31.3,AH0,253,34.5200901,Day,F,L,A,MYSE
151.909,8443,6/3/2015,5/29/2015,19:53:11,7,32.8,AH0,253,36.4026816,Day,F,L,A,MYSE
151.909,8443,6/3/2015,5/30/2015,19:53:11,7,32.9,AH0,246,36.5104437,Day,F,L,A,MYSE
151.909,8443,6/3/2015,5/24/2015,19:53:12,7,33,AH0,255,36.6161,Day,F,L,A,MYSE
151.909,8443,6/3/2015,5/30/2015,19:53:12,7,32.9,AH0,247,36.5104437,Day,F,L,A,MYSE
151.909,8443,6/3/2015,5/24/2015,19:53:13,7,33,AH0,255,36.6161,Day,F,L,A,MYSE
151.909,8443,6/3/2015,5/28/2015,19:53:13,7,31.3,AH0,254,34.5200901,Day,F,L,A,MYSE
151.909,8443,6/3/2015,5/29/2015,19:53:13,7,32.8,AH0,253,36.4026816,Day,F,L,A,MYSE
151.909,8443,6/3/2015,5/24/2015,19:53:15,7,33,AH0,255,36.6161,Day,F,L,A,MYSE
151.909,8443,6/3/2015,5/24/2015,19:53:17,7,33,AH0,255,36.6161,Day,F,L,A,MYSE
151.909,8443,6/3/2015,5/26/2015,19:53:17,7,28.2,AH0,250,28.8267944,Day,F,L,A,MYSE
151.909,8443,6/3/2015,5/24/2015,19:53:19,7,33,AH0,255,36.6161,Day,F,L,A,MYSE
151.909,8443,6/3/2015,5/26/2015,19:53:19,7,28.2,AH0,245,28.8267944,Day,F,L,A,MYSE
151.909,8443,6/3/2015,5/26/2015,19:53:21,7,28.2,AH0,247,28.8267944,Day,F,L,A,MYSE
151.909,8443,6/3/2015,5/25/2015,19:53:24,7,29.9,AH0,255,32.2725567,Day,F,L,A,MYSE
151.909,8443,6/3/2015,5/30/2015,19:53:25,7,32.9,AH0,244,36.5104437,Day,F,L,A,MYSE
151.909,8443,6/3/2015,5/25/2015,19:53:26,7,29.9,AH0,255,32.2725567,Day,F,L,A,MYSE
151.909,8443,6/3/2015,5/29/2015,19:53:26,7,32.8,AH0,254,36.4026816,Day,F,L,A,MYSE
151.909,8443,6/3/2015,5/28/2015,19:53:27,7,31.3,AH0,253,34.5200901,Day,F,L,A,MYSE
151.909,8443,6/3/2015,5/30/2015,19:53:27,7,32.9,AH0,245,36.5104437,Day,F,L,A,MYSE
151.909,8443,6/3/2015,5/25/2015,19:53:28,7,29.9,AH0,255,32.2725567,Day,F,L,A,MYSE
151.909,8443,6/3/2015,5/29/2015,19:53:28,7,32.8,AH0,253,36.4026816,Day,F,L,A,MYSE
151.909,8443,6/3/2015,5/28/2015,19:53:29,7,31.3,AH0,254,34.5200901,Day,F,L,A,MYSE
151.909,8443,6/3/2015,5/29/2015,19:53:29,7,32.8,AH0,254,36.4026816,Day,F,L,A,MYSE
151.909,8443,6/3/2015,5/30/2015,19:53:29,7,32.9,AH0,245,36.5104437,Day,F,L,A,MYSE
151.909,8443,6/3/2015,5/25/2015,19:53:30,7,29.9,AH0,255,32.2725567,Day,F,L,A,MYSE
151.909,8443,6/3/2015,5/28/2015,19:53:30,7,31.3,AH0,253,34.5200901,Day,F,L,A,MYSE
151.909,8443,6/3/2015,5/29/2015,19:53:31,7,32.8,AH0,252,36.4026816,Day,F,L,A,MYSE
151.909,8443,6/3/2015,5/30/2015,19:53:31,7,32.8,AH0,245,36.4026816,Day,F,L,A,MYSE
151.909,8443,6/3/2015,5/24/2015,19:53:32,7,33,AH0,255,36.6161,Day,F,L,A,MYSE
151.909,8443,6/3/2015,5/28/2015,19:53:32,7,31.3,AH0,254,34.5200901,Day,F,L,A,MYSE
151.909,8443,6/3/2015,5/24/2015,19:53:33,7,33,AH0,255,36.6161,Day,F,L,A,MYSE
151.909,8443,6/3/2015,5/29/2015,19:53:33,7,32.8,AH0,254,36.4026816,Day,F,L,A,MYSE
151.909,8443,6/3/2015,5/30/2015,19:53:33,7,32.8,AH0,244,36.4026816,Day,F,L,A,MYSE
151.909,8443,6/3/2015,5/24/2015,19:53:35,7,33,AH0,255,36.6161,Day,F,L,A,MYSE
151.909,8443,6/3/2015,5/26/2015,19:53:36,7,28.1,AH0,247,28.5977253,Day,F,L,A,MYSE
151.909,8443,6/3/2015,5/24/2015,19:53:37,7,33,AH0,255,36.6161,Day,F,L,A,MYSE
151.909,8443,6/3/2015,5/24/2015,19:53:39,7,33,AH0,255,36.6161,Day,F,L,A,MYSE
151.909,8443,6/3/2015,5/26/2015,19:53:39,7,28.1,AH0,248,28.5977253,Day,F,L,A,MYSE
151.909,8443,6/3/2015,5/26/2015,19:53:41,7,28.1,AH0,248,28.5977253,Day,F,L,A,MYSE
151.909,8443,6/3/2015,5/26/2015,19:53:43,7,28.1,AH0,245,28.5977253,Day,F,L,A,MYSE
151.909,8443,6/3/2015,5/25/2015,19:53:44,7,29.9,AH0,255,32.2725567,Day,F,L,A,MYSE
151.909,8443,6/3/2015,5/30/2015,19:53:45,7,32.8,AH0,246,36.4026816,Day,F,L,A,MYSE
151.909,8443,6/3/2015,5/25/2015,19:53:46,7,29.9,AH0,255,32.2725567,Day,F,L,A,MYSE
151.909,8443,6/3/2015,5/28/2015,19:53:46,7,31.3,AH0,254,34.5200901,Day,F,L,A,MYSE
151.909,8443,6/3/2015,5/29/2015,19:53:46,7,32.8,AH0,253,36.4026816,Day,F,L,A,MYSE
151.909,8443,6/3/2015,5/30/2015,19:53:47,7,32.8,AH0,243,36.4026816,Day,F,L,A,MYSE
151.909,8443,6/3/2015,5/25/2015,19:53:48,7,29.9,AH0,255,32.2725567,Day,F,L,A,MYSE
151.909,8443,6/3/2015,5/28/2015,19:53:48,7,31.2,AH0,254,34.3759424,Day,F,L,A,MYSE
151.909,8443,6/3/2015,5/29/2015,19:53:48,7,32.8,AH0,253,36.4026816,Day,F,L,A,MYSE
151.909,8443,6/3/2015,5/30/2015,19:53:49,7,32.8,AH0,245,36.4026816,Day,F,L,A,MYSE
151.909,8443,6/3/2015,5/25/2015,19:53:50,7,29.9,AH0,255,32.2725567,Day,F,L,A,MYSE
151.909,8443,6/3/2015,5/28/2015,19:53:50,7,31.2,AH0,252,34.3759424,Day,F,L,A,MYSE
151.909,8443,6/3/2015,5/29/2015,19:53:50,7,32.8,AH0,253,36.4026816,Day,F,L,A,MYSE
151.909,8443,6/3/2015,5/29/2015,19:53:51,7,32.8,AH0,254,36.4026816,Day,F,L,A,MYSE
151.909,8443,6/3/2015,5/30/2015,19:53:51,7,32.8,AH0,247,36.4026816,Day,F,L,A,MYSE
151.909,8443,6/3/2015,5/24/2015,19:53:52,7,33,AH0,255,36.6161,Day,F,L,A,MYSE
151.909,8443,6/3/2015,5/28/2015,19:53:52,7,31.2,AH0,251,34.3759424,Day,F,L,A,MYSE
151.909,8443,6/3/2015,5/24/2015,19:53:53,7,32.9,AH0,255,36.5104437,Day,F,L,A,MYSE
151.909,8443,6/3/2015,5/29/2015,19:53:53,7,32.8,AH0,254,36.4026816,Day,F,L,A,MYSE
151.909,8443,6/3/2015,5/30/2015,19:53:53,7,32.8,AH0,245,36.4026816,Day,F,L,A,MYSE
151.909,8443,6/3/2015,5/28/2015,19:53:54,7,31.2,AH0,254,34.3759424,Day,F,L,A,MYSE
151.909,8443,6/3/2015,5/24/2015,19:53:55,7,32.9,AH0,255,36.5104437,Day,F,L,A,MYSE
151.909,8443,6/3/2015,5/26/2015,19:53:56,7,28.1,AH0,246,28.5977253,Day,F,L,A,MYSE
151.909,8443,6/3/2015,5/24/2015,19:53:57,7,32.9,AH0,255,36.5104437,Day,F,L,A,MYSE
151.909,8443,6/3/2015,5/26/2015,19:53:58,7,28.1,AH0,249,28.5977253,Day,F,L,A,MYSE
151.909,8443,6/3/2015,5/24/2015,19:53:59,7,32.9,AH0,255,36.5104437,Day,F,L,A,MYSE
151.909,8443,6/3/2015,5/26/2015,19:54:00,7,28.1,AH0,246,28.5977253,Day,F,L,A,MYSE
151.909,8443,6/3/2015,5/26/2015,19:54:02,7,28.1,AH0,246,28.5977253,Day,F,L,A,MYSE
151.909,8443,6/3/2015,5/25/2015,19:54:04,7,29.9,AH0,255,32.2725567,Day,F,L,A,MYSE
151.909,8443,6/3/2015,5/30/2015,19:54:05,7,32.8,AH0,245,36.4026816,Day,F,L,A,MYSE
151.909,8443,6/3/2015,5/25/2015,19:54:06,7,29.9,AH0,255,32.2725567,Day,F,L,A,MYSE
151.909,8443,6/3/2015,5/29/2015,19:54:06,7,32.8,AH0,254,36.4026816,Day,F,L,A,MYSE
151.909,8443,6/3/2015,5/28/2015,19:54:07,7,31.2,AH0,253,34.3759424,Day,F,L,A,MYSE
151.909,8443,6/3/2015,5/30/2015,19:54:07,7,32.8,AH0,245,36.4026816,Day,F,L,A,MYSE
151.909,8443,6/3/2015,5/25/2015,19:54:08,7,29.9,AH0,255,32.2725567,Day,F,L,A,MYSE
151.909,8443,6/3/2015,5/29/2015,19:54:08,7,32.8,AH0,253,36.4026816,Day,F,L,A,MYSE
151.909,8443,6/3/2015,5/28/2015,19:54:09,7,31.2,AH0,254,34.3759424,Day,F,L,A,MYSE
151.909,8443,6/3/2015,5/30/2015,19:54:09,7,32.8,AH0,244,36.4026816,Day,F,L,A,MYSE
151.909,8443,6/3/2015,5/25/2015,19:54:10,7,29.8,AH0,255,32.0924136,Day,F,L,A,MYSE
151.909,8443,6/3/2015,5/29/2015,19:54:10,7,32.8,AH0,254,36.4026816,Day,F,L,A,MYSE
151.909,8443,6/3/2015,5/28/2015,19:54:11,7,31.2,AH0,253,34.3759424,Day,F,L,A,MYSE
151.909,8443,6/3/2015,5/30/2015,19:54:11,7,32.8,AH0,246,36.4026816,Day,F,L,A,MYSE
151.909,8443,6/3/2015,5/24/2015,19:54:12,7,32.9,AH0,255,36.5104437,Day,F,L,A,MYSE
151.909,8443,6/3/2015,5/29/2015,19:54:12,7,32.8,AH0,253,36.4026816,Day,F,L,A,MYSE
151.909,8443,6/3/2015,5/24/2015,19:54:13,7,32.9,AH0,255,36.5104437,Day,F,L,A,MYSE
151.909,8443,6/3/2015,5/28/2015,19:54:13,7,31.2,AH0,252,34.3759424,Day,F,L,A,MYSE
151.909,8443,6/3/2015,5/24/2015,19:54:15,7,32.9,AH0,255,36.5104437,Day,F,L,A,MYSE
151.909,8443,6/3/2015,5/24/2015,19:54:17,7,32.9,AH0,255,36.5104437,Day,F,L,A,MYSE
151.909,8443,6/3/2015,5/26/2015,19:54:17,7,28,AH0,249,28.3656,Day,F,L,A,MYSE
151.909,8443,6/3/2015,5/24/2015,19:54:19,7,32.9,AH0,255,36.5104437,Day,F,L,A,MYSE
151.909,8443,6/3/2015,5/26/2015,19:54:19,7,28,AH0,248,28.3656,Day,F,L,A,MYSE
151.909,8443,6/3/2015,5/26/2015,19:54:21,7,28,AH0,249,28.3656,Day,F,L,A,MYSE
151.909,8443,6/3/2015,5/25/2015,19:54:24,7,29.8,AH0,255,32.0924136,Day,F,L,A,MYSE
151.909,8443,6/3/2015,5/25/2015,19:54:26,7,29.8,AH0,255,32.0924136,Day,F,L,A,MYSE
151.909,8443,6/3/2015,5/28/2015,19:54:26,7,31.1,AH0,253,34.2293523,Day,F,L,A,MYSE
151.909,8443,6/3/2015,5/29/2015,19:54:26,7,32.8,AH0,253,36.4026816,Day,F,L,A,MYSE
151.909,8443,6/3/2015,5/30/2015,19:54:26,7,32.8,AH0,244,36.4026816,Day,F,L,A,MYSE
151.909,8443,6/3/2015,5/30/2015,19:54:27,7,32.8,AH0,244,36.4026816,Day,F,L,A,MYSE
151.909,8443,6/3/2015,5/25/2015,19:54:28,7,29.8,AH0,255,32.0924136,Day,F,L,A,MYSE
151.909,8443,6/3/2015,5/28/2015,19:54:28,7,31.1,AH0,254,34.2293523,Day,F,L,A,MYSE
151.909,8443,6/3/2015,5/29/2015,19:54:28,7,32.8,AH0,253,36.4026816,Day,F,L,A,MYSE
151.909,8443,6/3/2015,5/30/2015,19:54:29,7,32.8,AH0,245,36.4026816,Day,F,L,A,MYSE
151.909,8443,6/3/2015,5/25/2015,19:54:30,7,29.8,AH0,255,32.0924136,Day,F,L,A,MYSE
151.909,8443,6/3/2015,5/28/2015,19:54:30,7,31.1,AH0,254,34.2293523,Day,F,L,A,MYSE
151.909,8443,6/3/2015,5/29/2015,19:54:30,7,32.8,AH0,254,36.4026816,Day,F,L,A,MYSE
151.909,8443,6/3/2015,5/30/2015,19:54:31,7,32.8,AH0,242,36.4026816,Day,F,L,A,MYSE
151.909,8443,6/3/2015,5/24/2015,19:54:32,7,32.9,AH0,255,36.5104437,Day,F,L,A,MYSE
151.909,8443,6/3/2015,5/28/2015,19:54:32,7,31.1,AH0,254,34.2293523,Day,F,L,A,MYSE
151.909,8443,6/3/2015,5/29/2015,19:54:32,7,32.8,AH0,254,36.4026816,Day,F,L,A,MYSE
151.909,8443,6/3/2015,5/24/2015,19:54:34,7,32.9,AH0,255,36.5104437,Day,F,L,A,MYSE
151.909,8443,6/3/2015,5/24/2015,19:54:35,7,32.9,AH0,255,36.5104437,Day,F,L,A,MYSE
151.909,8443,6/3/2015,5/26/2015,19:54:36,7,28,AH0,248,28.3656,Day,F,L,A,MYSE
151.909,8443,6/3/2015,5/24/2015,19:54:37,7,32.9,AH0,255,36.5104437,Day,F,L,A,MYSE
151.909,8443,6/3/2015,5/26/2015,19:54:38,7,28,AH0,248,28.3656,Day,F,L,A,MYSE
151.909,8443,6/3/2015,5/24/2015,19:54:39,7,32.9,AH0,255,36.5104437,Day,F,L,A,MYSE
151.909,8443,6/3/2015,5/26/2015,19:54:41,7,28,AH0,249,28.3656,Day,F,L,A,MYSE
151.909,8443,6/3/2015,5/26/2015,19:54:43,7,28,AH0,247,28.3656,Day,F,L,A,MYSE
151.909,8443,6/3/2015,5/25/2015,19:54:45,7,29.8,AH0,255,32.0924136,Day,F,L,A,MYSE
151.909,8443,6/3/2015,5/29/2015,19:54:46,7,32.8,AH0,254,36.4026816,Day,F,L,A,MYSE
151.909,8443,6/3/2015,5/30/2015,19:54:46,7,32.8,AH0,243,36.4026816,Day,F,L,A,MYSE
151.909,8443,6/3/2015,5/25/2015,19:54:47,7,29.8,AH0,255,32.0924136,Day,F,L,A,MYSE
151.909,8443,6/3/2015,5/28/2015,19:54:47,7,31.1,AH0,253,34.2293523,Day,F,L,A,MYSE
151.909,8443,6/3/2015,5/29/2015,19:54:48,7,32.8,AH0,254,36.4026816,Day,F,L,A,MYSE
151.909,8443,6/3/2015,5/30/2015,19:54:48,7,32.8,AH0,246,36.4026816,Day,F,L,A,MYSE
151.909,8443,6/3/2015,5/25/2015,19:54:49,7,29.8,AH0,255,32.0924136,Day,F,L,A,MYSE
151.909,8443,6/3/2015,5/28/2015,19:54:49,7,31.1,AH0,254,34.2293523,Day,F,L,A,MYSE
151.909,8443,6/3/2015,5/30/2015,19:54:49,7,32.8,AH0,241,36.4026816,Day,F,L,A,MYSE
151.909,8443,6/3/2015,5/29/2015,19:54:50,7,32.8,AH0,253,36.4026816,Day,F,L,A,MYSE
151.909,8443,6/3/2015,5/25/2015,19:54:51,7,29.8,AH0,255,32.0924136,Day,F,L,A,MYSE
151.909,8443,6/3/2015,5/28/2015,19:54:51,7,31.1,AH0,253,34.2293523,Day,F,L,A,MYSE
151.909,8443,6/3/2015,5/30/2015,19:54:51,7,32.8,AH0,243,36.4026816,Day,F,L,A,MYSE
151.909,8443,6/3/2015,5/24/2015,19:54:52,7,32.8,AH0,255,36.4026816,Day,F,L,A,MYSE
151.909,8443,6/3/2015,5/29/2015,19:54:52,7,32.8,AH0,254,36.4026816,Day,F,L,A,MYSE
151.909,8443,6/3/2015,5/28/2015,19:54:53,7,31.1,AH0,254,34.2293523,Day,F,L,A,MYSE
151.909,8443,6/3/2015,5/24/2015,19:54:54,7,32.8,AH0,255,36.4026816,Day,F,L,A,MYSE
151.909,8443,6/3/2015,5/24/2015,19:54:55,7,32.8,AH0,255,36.4026816,Day,F,L,A,MYSE
151.909,8443,6/3/2015,5/26/2015,19:54:56,7,28,AH0,248,28.3656,Day,F,L,A,MYSE
151.909,8443,6/3/2015,5/24/2015,19:54:57,7,32.8,AH0,255,36.4026816,Day,F,L,A,MYSE
151.909,8443,6/3/2015,5/26/2015,19:54:58,7,28,AH0,247,28.3656,Day,F,L,A,MYSE
151.909,8443,6/3/2015,5/26/2015,19:55:00,7,28,AH0,248,28.3656,Day,F,L,A,MYSE
151.909,8443,6/3/2015,5/26/2015,19:55:02,7,28,AH0,247,28.3656,Day,F,L,A,MYSE
151.909,8443,6/3/2015,5/25/2015,19:55:05,7,29.8,AH0,255,32.0924136,Day,F,L,A,MYSE
151.909,8443,6/3/2015,5/29/2015,19:55:06,7,32.8,AH0,254,36.4026816,Day,F,L,A,MYSE
151.909,8443,6/3/2015,5/30/2015,19:55:06,7,32.8,AH0,244,36.4026816,Day,F,L,A,MYSE
151.909,8443,6/3/2015,5/25/2015,19:55:07,7,29.8,AH0,255,32.0924136,Day,F,L,A,MYSE
151.909,8443,6/3/2015,5/28/2015,19:55:07,7,31,AH0,254,34.0803,Day,F,L,A,MYSE
151.909,8443,6/3/2015,5/29/2015,19:55:08,7,32.8,AH0,253,36.4026816,Day,F,L,A,MYSE
151.909,8443,6/3/2015,5/30/2015,19:55:08,7,32.8,AH0,247,36.4026816,Day,F,L,A,MYSE
151.909,8443,6/3/2015,5/25/2015,19:55:09,7,29.8,AH0,255,32.0924136,Day,F,L,A,MYSE
151.909,8443,6/3/2015,5/28/2015,19:55:09,7,31.1,AH0,254,34.2293523,Day,F,L,A,MYSE
151.909,8443,6/3/2015,5/30/2015,19:55:09,7,32.8,AH0,245,36.4026816,Day,F,L,A,MYSE
151.909,8443,6/3/2015,5/29/2015,19:55:10,7,32.8,AH0,253,36.4026816,Day,F,L,A,MYSE
151.909,8443,6/3/2015,5/25/2015,19:55:11,7,29.8,AH0,255,32.0924136,Day,F,L,A,MYSE
151.909,8443,6/3/2015,5/28/2015,19:55:11,7,31.1,AH0,253,34.2293523,Day,F,L,A,MYSE
151.909,8443,6/3/2015,5/30/2015,19:55:11,7,32.8,AH0,244,36.4026816,Day,F,L,A,MYSE
151.909,8443,6/3/2015,5/24/2015,19:55:12,7,32.8,AH0,255,36.4026816,Day,F,L,A,MYSE
151.909,8443,6/3/2015,5/29/2015,19:55:12,7,32.8,AH0,254,36.4026816,Day,F,L,A,MYSE
151.909,8443,6/3/2015,5/28/2015,19:55:13,7,31.1,AH0,253,34.2293523,Day,F,L,A,MYSE
151.909,8443,6/3/2015,5/24/2015,19:55:14,7,32.8,AH0,255,36.4026816,Day,F,L,A,MYSE
151.909,8443,6/3/2015,5/24/2015,19:55:16,7,32.8,AH0,255,36.4026816,Day,F,L,A,MYSE
151.909,8443,6/3/2015,5/24/2015,19:55:17,7,32.8,AH0,255,36.4026816,Day,F,L,A,MYSE
151.909,8443,6/3/2015,5/26/2015,19:55:17,7,27.9,AH0,246,28.1303987,Day,F,L,A,MYSE
151.909,8443,6/3/2015,5/26/2015,19:55:19,7,27.9,AH0,247,28.1303987,Day,F,L,A,MYSE
151.909,8443,6/3/2015,5/26/2015,19:55:21,7,27.9,AH0,248,28.1303987,Day,F,L,A,MYSE
151.909,8443,6/3/2015,5/25/2015,19:55:25,7,29.7,AH0,255,31.9095509,Day,F,L,A,MYSE
151.909,8443,6/3/2015,5/28/2015,19:55:26,7,31.1,AH0,254,34.2293523,Day,F,L,A,MYSE
151.909,8443,6/3/2015,5/30/2015,19:55:26,7,32.8,AH0,247,36.4026816,Day,F,L,A,MYSE
151.909,8443,6/3/2015,5/25/2015,19:55:27,7,29.7,AH0,255,31.9095509,Day,F,L,A,MYSE
151.909,8443,6/3/2015,5/29/2015,19:55:27,7,32.8,AH0,253,36.4026816,Day,F,L,A,MYSE
151.909,8443,6/3/2015,5/28/2015,19:55:28,7,31.1,AH0,253,34.2293523,Day,F,L,A,MYSE
151.909,8443,6/3/2015,5/29/2015,19:55:28,7,32.8,AH0,254,36.4026816,Day,F,L,A,MYSE
151.909,8443,6/3/2015,5/30/2015,19:55:28,7,32.8,AH0,245,36.4026816,Day,F,L,A,MYSE
151.909,8443,6/3/2015,5/25/2015,19:55:29,7,29.7,AH0,255,31.9095509,Day,F,L,A,MYSE
151.909,8443,6/3/2015,5/28/2015,19:55:30,7,31.1,AH0,253,34.2293523,Day,F,L,A,MYSE
151.909,8443,6/3/2015,5/29/2015,19:55:30,7,32.8,AH0,255,36.4026816,Day,F,L,A,MYSE
151.909,8443,6/3/2015,5/30/2015,19:55:30,7,32.8,AH0,243,36.4026816,Day,F,L,A,MYSE
151.909,8443,6/3/2015,5/25/2015,19:55:31,7,29.7,AH0,255,31.9095509,Day,F,L,A,MYSE
151.909,8443,6/3/2015,5/30/2015,19:55:31,7,32.8,AH0,242,36.4026816,Day,F,L,A,MYSE
151.909,8443,6/3/2015,5/24/2015,19:55:32,7,32.7,AH0,255,36.2927939,Day,F,L,A,MYSE
151.909,8443,6/3/2015,5/28/2015,19:55:32,7,31.1,AH0,254,34.2293523,Day,F,L,A,MYSE
151.909,8443,6/3/2015,5/29/2015,19:55:32,7,32.8,AH0,254,36.4026816,Day,F,L,A,MYSE
151.909,8443,6/3/2015,5/24/2015,19:55:34,7,32.7,AH0,255,36.2927939,Day,F,L,A,MYSE
151.909,8443,6/3/2015,5/28/2015,19:55:34,7,31.1,AH0,252,34.2293523,Day,F,L,A,MYSE
151.909,8443,6/3/2015,5/24/2015,19:55:36,7,32.7,AH0,255,36.2927939,Day,F,L,A,MYSE
151.909,8443,6/3/2015,5/26/2015,19:55:36,7,27.9,AH0,247,28.1303987,Day,F,L,A,MYSE
151.909,8443,6/3/2015,5/24/2015,19:55:38,7,32.7,AH0,255,36.2927939,Day,F,L,A,MYSE
151.909,8443,6/3/2015,5/26/2015,19:55:39,7,27.9,AH0,247,28.1303987,Day,F,L,A,MYSE
151.909,8443,6/3/2015,5/26/2015,19:55:41,7,27.9,AH0,246,28.1303987,Day,F,L,A,MYSE
151.909,8443,6/3/2015,5/26/2015,19:55:43,7,27.9,AH0,248,28.1303987,Day,F,L,A,MYSE
151.909,8443,6/3/2015,5/25/2015,19:55:45,7,29.7,AH0,255,31.9095509,Day,F,L,A,MYSE
151.909,8443,6/3/2015,5/30/2015,19:55:46,7,32.7,AH0,243,36.2927939,Day,F,L,A,MYSE
151.909,8443,6/3/2015,5/25/2015,19:55:47,7,29.7,AH0,255,31.9095509,Day,F,L,A,MYSE
151.909,8443,6/3/2015,5/28/2015,19:55:47,7,31.1,AH0,254,34.2293523,Day,F,L,A,MYSE
151.909,8443,6/3/2015,5/29/2015,19:55:47,7,32.8,AH0,255,36.4026816,Day,F,L,A,MYSE
151.909,8443,6/3/2015,5/30/2015,19:55:48,7,32.7,AH0,244,36.2927939,Day,F,L,A,MYSE
151.909,8443,6/3/2015,5/25/2015,19:55:49,7,29.7,AH0,255,31.9095509,Day,F,L,A,MYSE
151.909,8443,6/3/2015,5/28/2015,19:55:49,7,31.1,AH0,252,34.2293523,Day,F,L,A,MYSE
151.909,8443,6/3/2015,5/29/2015,19:55:49,7,32.8,AH0,255,36.4026816,Day,F,L,A,MYSE
151.909,8443,6/3/2015,5/29/2015,19:55:50,7,32.8,AH0,254,36.4026816,Day,F,L,A,MYSE
151.909,8443,6/3/2015,5/30/2015,19:55:50,7,32.7,AH0,244,36.2927939,Day,F,L,A,MYSE
151.909,8443,6/3/2015,5/25/2015,19:55:51,7,29.7,AH0,255,31.9095509,Day,F,L,A,MYSE
151.909,8443,6/3/2015,5/28/2015,19:55:51,7,31.1,AH0,253,34.2293523,Day,F,L,A,MYSE
151.909,8443,6/3/2015,5/24/2015,19:55:52,7,32.7,AH0,255,36.2927939,Day,F,L,A,MYSE
151.909,8443,6/3/2015,5/29/2015,19:55:52,7,32.8,AH0,255,36.4026816,Day,F,L,A,MYSE
151.909,8443,6/3/2015,5/30/2015,19:55:52,7,32.7,AH0,244,36.2927939,Day,F,L,A,MYSE
151.909,8443,6/3/2015,5/28/2015,19:55:53,7,31.1,AH0,254,34.2293523,Day,F,L,A,MYSE
151.909,8443,6/3/2015,5/24/2015,19:55:54,7,32.6,AH0,255,36.1807608,Day,F,L,A,MYSE
151.909,8443,6/3/2015,5/24/2015,19:55:56,7,32.7,AH0,255,36.2927939,Day,F,L,A,MYSE
151.909,8443,6/3/2015,5/26/2015,19:55:56,7,27.9,AH0,247,28.1303987,Day,F,L,A,MYSE
151.909,8443,6/3/2015,5/24/2015,19:55:58,7,32.6,AH0,255,36.1807608,Day,F,L,A,MYSE
151.909,8443,6/3/2015,5/26/2015,19:55:58,7,27.9,AH0,249,28.1303987,Day,F,L,A,MYSE
151.909,8443,6/3/2015,5/26/2015,19:56:00,7,27.9,AH0,248,28.1303987,Day,F,L,A,MYSE
151.909,8443,6/3/2015,5/26/2015,19:56:02,7,27.9,AH0,249,28.1303987,Day,F,L,A,MYSE
151.909,8443,6/3/2015,5/25/2015,19:56:05,7,29.7,AH0,255,31.9095509,Day,F,L,A,MYSE
151.909,8443,6/3/2015,5/30/2015,19:56:06,7,32.8,AH0,244,36.4026816,Day,F,L,A,MYSE
151.909,8443,6/3/2015,5/25/2015,19:56:07,7,29.6,AH0,255,31.7239488,Day,F,L,A,MYSE
151.909,8443,6/3/2015,5/28/2015,19:56:07,7,31.1,AH0,253,34.2293523,Day,F,L,A,MYSE
151.909,8443,6/3/2015,5/29/2015,19:56:07,7,32.9,AH0,254,36.5104437,Day,F,L,A,MYSE
151.909,8443,6/3/2015,5/30/2015,19:56:08,7,32.8,AH0,244,36.4026816,Day,F,L,A,MYSE
151.909,8443,6/3/2015,5/25/2015,19:56:09,7,29.6,AH0,255,31.7239488,Day,F,L,A,MYSE
151.909,8443,6/3/2015,5/28/2015,19:56:09,7,31.2,AH0,253,34.3759424,Day,F,L,A,MYSE
151.909,8443,6/3/2015,5/29/2015,19:56:09,7,32.9,AH0,254,36.5104437,Day,F,L,A,MYSE
151.909,8443,6/3/2015,5/29/2015,19:56:10,7,32.9,AH0,254,36.5104437,Day,F,L,A,MYSE
151.909,8443,6/3/2015,5/30/2015,19:56:10,7,32.8,AH0,243,36.4026816,Day,F,L,A,MYSE
151.909,8443,6/3/2015,5/25/2015,19:56:11,7,29.6,AH0,255,31.7239488,Day,F,L,A,MYSE
151.909,8443,6/3/2015,5/28/2015,19:56:11,7,31.1,AH0,254,34.2293523,Day,F,L,A,MYSE
151.909,8443,6/3/2015,5/28/2015,19:56:12,7,31.2,AH0,253,34.3759424,Day,F,L,A,MYSE
151.909,8443,6/3/2015,5/29/2015,19:56:12,7,32.9,AH0,254,36.5104437,Day,F,L,A,MYSE
151.909,8443,6/3/2015,5/30/2015,19:56:12,7,32.8,AH0,244,36.4026816,Day,F,L,A,MYSE
151.909,8443,6/3/2015,5/24/2015,19:56:13,7,32.6,AH0,255,36.1807608,Day,F,L,A,MYSE
151.909,8443,6/3/2015,5/24/2015,19:56:14,7,32.6,AH0,255,36.1807608,Day,F,L,A,MYSE
151.909,8443,6/3/2015,5/24/2015,19:56:16,7,32.6,AH0,255,36.1807608,Day,F,L,A,MYSE
151.909,8443,6/3/2015,5/26/2015,19:56:17,7,27.9,AH0,248,28.1303987,Day,F,L,A,MYSE
151.909,8443,6/3/2015,5/24/2015,19:56:18,7,32.6,AH0,255,36.1807608,Day,F,L,A,MYSE
151.909,8443,6/3/2015,5/26/2015,19:56:19,7,27.9,AH0,249,28.1303987,Day,F,L,A,MYSE
151.909,8443,6/3/2015,5/26/2015,19:56:22,7,27.9,AH0,251,28.1303987,Day,F,L,A,MYSE
151.909,8443,6/3/2015,5/30/2015,19:56:25,7,32.8,AH0,246,36.4026816,Day,F,L,A,MYSE
151.909,8443,6/3/2015,5/25/2015,19:56:26,7,29.6,AH0,255,31.7239488,Day,F,L,A,MYSE
151.909,8443,6/3/2015,5/28/2015,19:56:26,7,31.2,AH0,252,34.3759424,Day,F,L,A,MYSE
151.909,8443,6/3/2015,5/30/2015,19:56:26,7,32.7,AH0,246,36.2927939,Day,F,L,A,MYSE
151.909,8443,6/3/2015,5/29/2015,19:56:27,7,32.9,AH0,253,36.5104437,Day,F,L,A,MYSE
151.909,8443,6/3/2015,5/25/2015,19:56:28,7,29.6,AH0,255,31.7239488,Day,F,L,A,MYSE
151.909,8443,6/3/2015,5/28/2015,19:56:28,7,31.2,AH0,253,34.3759424,Day,F,L,A,MYSE
151.909,8443,6/3/2015,5/30/2015,19:56:28,7,32.7,AH0,243,36.2927939,Day,F,L,A,MYSE
151.909,8443,6/3/2015,5/29/2015,19:56:29,7,32.9,AH0,255,36.5104437,Day,F,L,A,MYSE
151.909,8443,6/3/2015,5/25/2015,19:56:30,7,29.6,AH0,255,31.7239488,Day,F,L,A,MYSE
151.909,8443,6/3/2015,5/28/2015,19:56:30,7,31.2,AH0,254,34.3759424,Day,F,L,A,MYSE
151.909,8443,6/3/2015,5/30/2015,19:56:30,7,32.7,AH0,244,36.2927939,Day,F,L,A,MYSE
151.909,8443,6/3/2015,5/24/2015,19:56:31,7,32.6,AH0,255,36.1807608,Day,F,L,A,MYSE
151.909,8443,6/3/2015,5/29/2015,19:56:31,7,32.9,AH0,253,36.5104437,Day,F,L,A,MYSE
151.909,8443,6/3/2015,5/25/2015,19:56:32,7,29.6,AH0,255,31.7239488,Day,F,L,A,MYSE
151.909,8443,6/3/2015,5/28/2015,19:56:32,7,31.2,AH0,253,34.3759424,Day,F,L,A,MYSE
151.909,8443,6/3/2015,5/29/2015,19:56:32,7,32.9,AH0,253,36.5104437,Day,F,L,A,MYSE
151.909,8443,6/3/2015,5/30/2015,19:56:32,7,32.7,AH0,243,36.2927939,Day,F,L,A,MYSE
151.909,8443,6/3/2015,5/24/2015,19:56:33,7,32.5,AH0,255,36.0665625,Day,F,L,A,MYSE
151.909,8443,6/3/2015,5/28/2015,19:56:34,7,31.2,AH0,254,34.3759424,Day,F,L,A,MYSE
151.909,8443,6/3/2015,5/24/2015,19:56:35,7,32.6,AH0,255,36.1807608,Day,F,L,A,MYSE
151.909,8443,6/3/2015,5/24/2015,19:56:36,7,32.5,AH0,255,36.0665625,Day,F,L,A,MYSE
151.909,8443,6/3/2015,5/26/2015,19:56:37,7,27.9,AH0,247,28.1303987,Day,F,L,A,MYSE
151.909,8443,6/3/2015,5/24/2015,19:56:38,7,32.5,AH0,255,36.0665625,Day,F,L,A,MYSE
151.909,8443,6/3/2015,5/26/2015,19:56:39,7,27.9,AH0,247,28.1303987,Day,F,L,A,MYSE
151.909,8443,6/3/2015,5/26/2015,19:56:41,7,27.9,AH0,247,28.1303987,Day,F,L,A,MYSE
151.909,8443,6/3/2015,5/29/2015,19:56:45,7,32.9,AH0,254,36.5104437,Day,F,L,A,MYSE
151.909,8443,6/3/2015,5/30/2015,19:56:45,7,32.7,AH0,244,36.2927939,Day,F,L,A,MYSE
151.909,8443,6/3/2015,5/25/2015,19:56:46,7,29.6,AH0,255,31.7239488,Day,F,L,A,MYSE
151.909,8443,6/3/2015,5/28/2015,19:56:47,7,31.2,AH0,253,34.3759424,Day,F,L,A,MYSE
151.909,8443,6/3/2015,5/29/2015,19:56:47,7,32.9,AH0,254,36.5104437,Day,F,L,A,MYSE
151.909,8443,6/3/2015,5/30/2015,19:56:47,7,32.7,AH0,242,36.2927939,Day,F,L,A,MYSE
151.909,8443,6/3/2015,5/25/2015,19:56:48,7,29.6,AH0,255,31.7239488,Day,F,L,A,MYSE
151.909,8443,6/3/2015,5/30/2015,19:56:48,7,32.7,AH0,245,36.2927939,Day,F,L,A,MYSE
151.909,8443,6/3/2015,5/28/2015,19:56:49,7,31.2,AH0,253,34.3759424,Day,F,L,A,MYSE
151.909,8443,6/3/2015,5/29/2015,19:56:49,7,32.9,AH0,254,36.5104437,Day,F,L,A,MYSE
151.909,8443,6/3/2015,5/25/2015,19:56:50,7,29.6,AH0,255,31.7239488,Day,F,L,A,MYSE
151.909,8443,6/3/2015,5/30/2015,19:56:50,7,32.7,AH0,245,36.2927939,Day,F,L,A,MYSE
151.909,8443,6/3/2015,5/24/2015,19:56:51,7,32.5,AH0,255,36.0665625,Day,F,L,A,MYSE
151.909,8443,6/3/2015,5/28/2015,19:56:51,7,31.2,AH0,253,34.3759424,Day,F,L,A,MYSE
151.909,8443,6/3/2015,5/29/2015,19:56:51,7,32.9,AH0,253,36.5104437,Day,F,L,A,MYSE
151.909,8443,6/3/2015,5/25/2015,19:56:52,7,29.6,AH0,255,31.7239488,Day,F,L,A,MYSE
151.909,8443,6/3/2015,5/29/2015,19:56:52,7,32.9,AH0,253,36.5104437,Day,F,L,A,MYSE
151.909,8443,6/3/2015,5/30/2015,19:56:52,7,32.7,AH0,243,36.2927939,Day,F,L,A,MYSE
151.909,8443,6/3/2015,5/24/2015,19:56:53,7,32.5,AH0,255,36.0665625,Day,F,L,A,MYSE
151.909,8443,6/3/2015,5/28/2015,19:56:53,7,31.2,AH0,254,34.3759424,Day,F,L,A,MYSE
151.909,8443,6/3/2015,5/24/2015,19:56:55,7,32.5,AH0,255,36.0665625,Day,F,L,A,MYSE
151.909,8443,6/3/2015,5/26/2015,19:56:56,7,27.9,AH0,249,28.1303987,Day,F,L,A,MYSE
151.909,8443,6/3/2015,5/24/2015,19:56:57,7,32.5,AH0,255,36.0665625,Day,F,L,A,MYSE
151.909,8443,6/3/2015,5/26/2015,19:56:58,7,27.9,AH0,244,28.1303987,Day,F,L,A,MYSE
151.909,8443,6/3/2015,5/24/2015,19:56:59,7,32.5,AH0,255,36.0665625,Day,F,L,A,MYSE
151.909,8443,6/3/2015,5/26/2015,19:57:00,7,27.9,AH0,244,28.1303987,Day,F,L,A,MYSE
151.909,8443,6/3/2015,5/26/2015,19:57:03,7,27.8,AH0,246,27.8921016,Day,F,L,A,MYSE
151.909,8443,6/3/2015,5/25/2015,19:57:04,7,29.5,AH0,255,31.5355875,Day,F,L,A,MYSE
151.909,8443,6/3/2015,5/29/2015,19:57:05,7,32.9,AH0,254,36.5104437,Day,F,L,A,MYSE
151.909,8443,6/3/2015,5/30/2015,19:57:05,7,32.7,AH0,245,36.2927939,Day,F,L,A,MYSE
151.909,8443,6/3/2015,5/25/2015,19:57:06,7,29.5,AH0,255,31.5355875,Day,F,L,A,MYSE
151.909,8443,6/3/2015,5/28/2015,19:57:06,7,31.3,AH0,254,34.5200901,Day,F,L,A,MYSE
151.909,8443,6/3/2015,5/29/2015,19:57:07,7,32.9,AH0,253,36.5104437,Day,F,L,A,MYSE
151.909,8443,6/3/2015,5/30/2015,19:57:07,7,32.7,AH0,245,36.2927939,Day,F,L,A,MYSE
151.909,8443,6/3/2015,5/25/2015,19:57:08,7,29.5,AH0,255,31.5355875,Day,F,L,A,MYSE
151.909,8443,6/3/2015,5/28/2015,19:57:08,7,31.3,AH0,254,34.5200901,Day,F,L,A,MYSE
151.909,8443,6/3/2015,5/29/2015,19:57:09,7,32.8,AH0,254,36.4026816,Day,F,L,A,MYSE
151.909,8443,6/3/2015,5/30/2015,19:57:09,7,32.7,AH0,242,36.2927939,Day,F,L,A,MYSE
151.909,8443,6/3/2015,5/25/2015,19:57:10,7,29.5,AH0,255,31.5355875,Day,F,L,A,MYSE
151.909,8443,6/3/2015,5/28/2015,19:57:10,7,31.3,AH0,253,34.5200901,Day,F,L,A,MYSE
151.909,8443,6/3/2015,5/30/2015,19:57:10,7,32.7,AH0,244,36.2927939,Day,F,L,A,MYSE
151.909,8443,6/3/2015,5/29/2015,19:57:11,7,32.9,AH0,252,36.5104437,Day,F,L,A,MYSE
151.909,8443,6/3/2015,5/24/2015,19:57:12,7,32.5,AH0,255,36.0665625,Day,F,L,A,MYSE
151.909,8443,6/3/2015,5/28/2015,19:57:12,7,31.2,AH0,254,34.3759424,Day,F,L,A,MYSE
151.909,8443,6/3/2015,5/30/2015,19:57:12,7,32.7,AH0,240,36.2927939,Day,F,L,A,MYSE
151.909,8443,6/3/2015,5/24/2015,19:57:13,7,32.5,AH0,255,36.0665625,Day,F,L,A,MYSE
151.909,8443,6/3/2015,5/29/2015,19:57:13,7,32.8,AH0,254,36.4026816,Day,F,L,A,MYSE
151.909,8443,6/3/2015,5/24/2015,19:57:15,7,32.5,AH0,255,36.0665625,Day,F,L,A,MYSE
151.909,8443,6/3/2015,5/26/2015,19:57:15,7,27.8,AH0,248,27.8921016,Day,F,L,A,MYSE
151.909,8443,6/3/2015,5/24/2015,19:57:17,7,32.5,AH0,255,36.0665625,Day,F,L,A,MYSE
151.909,8443,6/3/2015,5/26/2015,19:57:18,7,27.8,AH0,246,27.8921016,Day,F,L,A,MYSE
151.909,8443,6/3/2015,5/24/2015,19:57:19,7,32.5,AH0,255,36.0665625,Day,F,L,A,MYSE
151.909,8443,6/3/2015,5/26/2015,19:57:20,7,27.8,AH0,247,27.8921016,Day,F,L,A,MYSE
151.909,8443,6/3/2015,5/26/2015,19:57:22,7,27.8,AH0,247,27.8921016,Day,F,L,A,MYSE
151.909,8443,6/3/2015,5/25/2015,19:57:24,7,29.5,AH0,255,31.5355875,Day,F,L,A,MYSE
151.909,8443,6/3/2015,5/29/2015,19:57:25,7,32.8,AH0,254,36.4026816,Day,F,L,A,MYSE
151.909,8443,6/3/2015,5/30/2015,19:57:25,7,32.7,AH0,245,36.2927939,Day,F,L,A,MYSE
151.909,8443,6/3/2015,5/25/2015,19:57:26,7,29.5,AH0,255,31.5355875,Day,F,L,A,MYSE
151.909,8443,6/3/2015,5/28/2015,19:57:27,7,31.3,AH0,251,34.5200901,Day,F,L,A,MYSE
151.909,8443,6/3/2015,5/29/2015,19:57:27,7,32.8,AH0,254,36.4026816,Day,F,L,A,MYSE
151.909,8443,6/3/2015,5/30/2015,19:57:27,7,32.7,AH0,243,36.2927939,Day,F,L,A,MYSE
151.909,8443,6/3/2015,5/25/2015,19:57:29,7,29.5,AH0,255,31.5355875,Day,F,L,A,MYSE
151.909,8443,6/3/2015,5/28/2015,19:57:29,7,31.3,AH0,252,34.5200901,Day,F,L,A,MYSE
151.909,8443,6/3/2015,5/29/2015,19:57:29,7,32.8,AH0,254,36.4026816,Day,F,L,A,MYSE
151.909,8443,6/3/2015,5/30/2015,19:57:29,7,32.7,AH0,244,36.2927939,Day,F,L,A,MYSE
151.909,8443,6/3/2015,5/25/2015,19:57:31,7,29.5,AH0,255,31.5355875,Day,F,L,A,MYSE
151.909,8443,6/3/2015,5/28/2015,19:57:31,7,31.3,AH0,249,34.5200901,Day,F,L,A,MYSE
151.909,8443,6/3/2015,5/29/2015,19:57:31,7,32.8,AH0,254,36.4026816,Day,F,L,A,MYSE
151.909,8443,6/3/2015,5/30/2015,19:57:31,7,32.7,AH0,245,36.2927939,Day,F,L,A,MYSE
151.909,8443,6/3/2015,5/24/2015,19:57:32,7,32.5,AH0,255,36.0665625,Day,F,L,A,MYSE
151.909,8443,6/3/2015,5/30/2015,19:57:32,7,32.7,AH0,244,36.2927939,Day,F,L,A,MYSE
151.909,8443,6/3/2015,5/28/2015,19:57:33,7,31.3,AH0,253,34.5200901,Day,F,L,A,MYSE
151.909,8443,6/3/2015,5/29/2015,19:57:33,7,32.8,AH0,254,36.4026816,Day,F,L,A,MYSE
151.909,8443,6/3/2015,5/24/2015,19:57:34,7,32.5,AH0,255,36.0665625,Day,F,L,A,MYSE
151.909,8443,6/3/2015,5/24/2015,19:57:36,7,32.5,AH0,255,36.0665625,Day,F,L,A,MYSE
151.909,8443,6/3/2015,5/24/2015,19:57:37,7,32.5,AH0,255,36.0665625,Day,F,L,A,MYSE
151.909,8443,6/3/2015,5/26/2015,19:57:37,7,27.8,AH0,248,27.8921016,Day,F,L,A,MYSE
151.909,8443,6/3/2015,5/26/2015,19:57:39,7,27.8,AH0,246,27.8921016,Day,F,L,A,MYSE
151.909,8443,6/3/2015,5/26/2015,19:57:41,7,27.8,AH0,247,27.8921016,Day,F,L,A,MYSE
151.909,8443,6/3/2015,5/25/2015,19:57:45,7,29.4,AH0,255,31.3444472,Day,F,L,A,MYSE
151.909,8443,6/3/2015,5/29/2015,19:57:45,7,32.8,AH0,254,36.4026816,Day,F,L,A,MYSE
151.909,8443,6/3/2015,5/30/2015,19:57:45,7,32.7,AH0,242,36.2927939,Day,F,L,A,MYSE
151.909,8443,6/3/2015,5/25/2015,19:57:47,7,29.4,AH0,255,31.3444472,Day,F,L,A,MYSE
151.909,8443,6/3/2015,5/28/2015,19:57:47,7,31.3,AH0,253,34.5200901,Day,F,L,A,MYSE
151.909,8443,6/3/2015,5/29/2015,19:57:47,7,32.8,AH0,253,36.4026816,Day,F,L,A,MYSE
151.909,8443,6/3/2015,5/30/2015,19:57:47,7,32.7,AH0,247,36.2927939,Day,F,L,A,MYSE
151.909,8443,6/3/2015,5/25/2015,19:57:49,7,29.4,AH0,255,31.3444472,Day,F,L,A,MYSE
151.909,8443,6/3/2015,5/28/2015,19:57:49,7,31.3,AH0,249,34.5200901,Day,F,L,A,MYSE
151.909,8443,6/3/2015,5/29/2015,19:57:49,7,32.8,AH0,253,36.4026816,Day,F,L,A,MYSE
151.909,8443,6/3/2015,5/30/2015,19:57:49,7,32.7,AH0,243,36.2927939,Day,F,L,A,MYSE
151.909,8443,6/3/2015,5/28/2015,19:57:50,7,31.3,AH0,251,34.5200901,Day,F,L,A,MYSE
151.909,8443,6/3/2015,5/25/2015,19:57:51,7,29.4,AH0,255,31.3444472,Day,F,L,A,MYSE
151.909,8443,6/3/2015,5/29/2015,19:57:51,7,32.8,AH0,252,36.4026816,Day,F,L,A,MYSE
151.909,8443,6/3/2015,5/30/2015,19:57:51,7,32.7,AH0,243,36.2927939,Day,F,L,A,MYSE
151.909,8443,6/3/2015,5/24/2015,19:57:52,7,32.5,AH0,255,36.0665625,Day,F,L,A,MYSE
151.909,8443,6/3/2015,5/28/2015,19:57:52,7,31.3,AH0,250,34.5200901,Day,F,L,A,MYSE
151.909,8443,6/3/2015,5/29/2015,19:57:53,7,32.8,AH0,255,36.4026816,Day,F,L,A,MYSE
151.909,8443,6/3/2015,5/30/2015,19:57:53,7,32.7,AH0,246,36.2927939,Day,F,L,A,MYSE
151.909,8443,6/3/2015,5/24/2015,19:57:54,7,32.5,AH0,255,36.0665625,Day,F,L,A,MYSE
151.909,8443,6/3/2015,5/24/2015,19:57:56,7,32.5,AH0,255,36.0665625,Day,F,L,A,MYSE
151.909,8443,6/3/2015,5/26/2015,19:57:56,7,27.8,AH0,246,27.8921016,Day,F,L,A,MYSE
151.909,8443,6/3/2015,5/24/2015,19:57:58,7,32.5,AH0,255,36.0665625,Day,F,L,A,MYSE
151.909,8443,6/3/2015,5/26/2015,19:57:59,7,27.8,AH0,246,27.8921016,Day,F,L,A,MYSE
151.909,8443,6/3/2015,5/26/2015,19:58:01,7,27.8,AH0,247,27.8921016,Day,F,L,A,MYSE
151.909,8443,6/3/2015,5/26/2015,19:58:03,7,27.8,AH0,248,27.8921016,Day,F,L,A,MYSE
151.909,8443,6/3/2015,5/25/2015,19:58:05,7,29.4,AH0,255,31.3444472,Day,F,L,A,MYSE
151.909,8443,6/3/2015,5/28/2015,19:58:06,7,31.6,AH0,248,34.9380768,Day,F,L,A,MYSE
151.909,8443,6/3/2015,5/29/2015,19:58:06,7,32.8,AH0,252,36.4026816,Day,F,L,A,MYSE
151.909,8443,6/3/2015,5/30/2015,19:58:06,7,32.6,AH0,245,36.1807608,Day,F,L,A,MYSE
151.909,8443,6/3/2015,5/25/2015,19:58:07,7,29.4,AH0,255,31.3444472,Day,F,L,A,MYSE
151.909,8443,6/3/2015,5/29/2015,19:58:07,7,32.8,AH0,254,36.4026816,Day,F,L,A,MYSE
151.909,8443,6/3/2015,5/30/2015,19:58:07,7,32.6,AH0,244,36.1807608,Day,F,L,A,MYSE
151.909,8443,6/3/2015,5/28/2015,19:58:08,7,31.3,AH0,249,34.5200901,Day,F,L,A,MYSE
151.909,8443,6/3/2015,5/25/2015,19:58:09,7,29.4,AH0,255,31.3444472,Day,F,L,A,MYSE
151.909,8443,6/3/2015,5/29/2015,19:58:09,7,32.8,AH0,254,36.4026816,Day,F,L,A,MYSE
151.909,8443,6/3/2015,5/30/2015,19:58:09,7,32.6,AH0,243,36.1807608,Day,F,L,A,MYSE
151.909,8443,6/3/2015,5/28/2015,19:58:10,7,31.3,AH0,251,34.5200901,Day,F,L,A,MYSE
151.909,8443,6/3/2015,5/25/2015,19:58:11,7,29.4,AH0,255,31.3444472,Day,F,L,A,MYSE
151.909,8443,6/3/2015,5/28/2015,19:58:11,7,31.3,AH0,247,34.5200901,Day,F,L,A,MYSE
151.909,8443,6/3/2015,5/29/2015,19:58:11,7,32.8,AH0,254,36.4026816,Day,F,L,A,MYSE
151.909,8443,6/3/2015,5/30/2015,19:58:11,7,32.6,AH0,243,36.1807608,Day,F,L,A,MYSE
151.909,8443,6/3/2015,5/24/2015,19:58:12,7,32.5,AH0,255,36.0665625,Day,F,L,A,MYSE
151.909,8443,6/3/2015,5/28/2015,19:58:13,7,31.3,AH0,251,34.5200901,Day,F,L,A,MYSE
151.909,8443,6/3/2015,5/29/2015,19:58:13,7,32.8,AH0,253,36.4026816,Day,F,L,A,MYSE
151.909,8443,6/3/2015,5/24/2015,19:58:14,7,32.5,AH0,255,36.0665625,Day,F,L,A,MYSE
151.909,8443,6/3/2015,5/24/2015,19:58:16,7,32.5,AH0,255,36.0665625,Day,F,L,A,MYSE
151.909,8443,6/3/2015,5/26/2015,19:58:16,7,27.8,AH0,246,27.8921016,Day,F,L,A,MYSE
151.909,8443,6/3/2015,5/24/2015,19:58:18,7,32.5,AH0,255,36.0665625,Day,F,L,A,MYSE
151.909,8443,6/3/2015,5/26/2015,19:58:18,7,27.8,AH0,247,27.8921016,Day,F,L,A,MYSE
151.909,8443,6/3/2015,5/26/2015,19:58:20,7,27.8,AH0,246,27.8921016,Day,F,L,A,MYSE
151.909,8443,6/3/2015,5/26/2015,19:58:22,7,27.8,AH0,248,27.8921016,Day,F,L,A,MYSE
151.909,8443,6/3/2015,5/25/2015,19:58:26,7,29.4,AH0,255,31.3444472,Day,F,L,A,MYSE
151.909,8443,6/3/2015,5/29/2015,19:58:26,7,32.8,AH0,254,36.4026816,Day,F,L,A,MYSE
151.909,8443,6/3/2015,5/30/2015,19:58:26,7,32.6,AH0,245,36.1807608,Day,F,L,A,MYSE
151.909,8443,6/3/2015,5/28/2015,19:58:27,7,31.4,AH0,250,34.6618152,Day,F,L,A,MYSE
151.909,8443,6/3/2015,5/25/2015,19:58:28,7,29.3,AH0,255,31.1505081,Day,F,L,A,MYSE
151.909,8443,6/3/2015,5/29/2015,19:58:28,7,32.8,AH0,254,36.4026816,Day,F,L,A,MYSE
151.909,8443,6/3/2015,5/30/2015,19:58:28,7,32.6,AH0,244,36.1807608,Day,F,L,A,MYSE
151.909,8443,6/3/2015,5/28/2015,19:58:29,7,31.4,AH0,252,34.6618152,Day,F,L,A,MYSE
151.909,8443,6/3/2015,5/29/2015,19:58:29,7,32.8,AH0,254,36.4026816,Day,F,L,A,MYSE
151.909,8443,6/3/2015,5/30/2015,19:58:29,7,32.6,AH0,244,36.1807608,Day,F,L,A,MYSE
151.909,8443,6/3/2015,5/25/2015,19:58:30,7,29.4,AH0,255,31.3444472,Day,F,L,A,MYSE
151.909,8443,6/3/2015,5/24/2015,19:58:31,7,32.5,AH0,255,36.0665625,Day,F,L,A,MYSE
151.909,8443,6/3/2015,5/28/2015,19:58:31,7,31.4,AH0,252,34.6618152,Day,F,L,A,MYSE
151.909,8443,6/3/2015,5/29/2015,19:58:31,7,32.8,AH0,254,36.4026816,Day,F,L,A,MYSE
151.909,8443,6/3/2015,5/30/2015,19:58:31,7,32.6,AH0,246,36.1807608,Day,F,L,A,MYSE
151.909,8443,6/3/2015,5/25/2015,19:58:32,7,29.3,AH0,255,31.1505081,Day,F,L,A,MYSE
151.909,8443,6/3/2015,5/24/2015,19:58:33,7,32.5,AH0,255,36.0665625,Day,F,L,A,MYSE
151.909,8443,6/3/2015,5/28/2015,19:58:33,7,31.4,AH0,251,34.6618152,Day,F,L,A,MYSE
151.909,8443,6/3/2015,5/29/2015,19:58:33,7,32.8,AH0,253,36.4026816,Day,F,L,A,MYSE
151.909,8443,6/3/2015,5/24/2015,19:58:35,7,32.4,AH0,255,35.9501792,Day,F,L,A,MYSE
151.909,8443,6/3/2015,5/26/2015,19:58:35,7,27.8,AH0,248,27.8921016,Day,F,L,A,MYSE
151.909,8443,6/3/2015,5/24/2015,19:58:37,7,32.4,AH0,255,35.9501792,Day,F,L,A,MYSE
151.909,8443,6/3/2015,5/26/2015,19:58:37,7,27.8,AH0,245,27.8921016,Day,F,L,A,MYSE
151.909,8443,6/3/2015,5/24/2015,19:58:38,7,32.4,AH0,255,35.9501792,Day,F,L,A,MYSE
151.909,8443,6/3/2015,5/26/2015,19:58:40,7,27.8,AH0,246,27.8921016,Day,F,L,A,MYSE
151.909,8443,6/3/2015,5/26/2015,19:58:42,7,27.8,AH0,245,27.8921016,Day,F,L,A,MYSE
151.909,8443,6/3/2015,5/25/2015,19:58:44,7,29.3,AH0,255,31.1505081,Day,F,L,A,MYSE
151.909,8443,6/3/2015,5/25/2015,19:58:46,7,29.3,AH0,255,31.1505081,Day,F,L,A,MYSE
151.909,8443,6/3/2015,5/28/2015,19:58:46,7,31.4,AH0,252,34.6618152,Day,F,L,A,MYSE
151.909,8443,6/3/2015,5/29/2015,19:58:46,7,32.8,AH0,254,36.4026816,Day,F,L,A,MYSE
151.909,8443,6/3/2015,5/30/2015,19:58:46,7,32.6,AH0,244,36.1807608,Day,F,L,A,MYSE
151.909,8443,6/3/2015,5/25/2015,19:58:48,7,29.3,AH0,255,31.1505081,Day,F,L,A,MYSE
151.909,8443,6/3/2015,5/28/2015,19:58:48,7,31.4,AH0,250,34.6618152,Day,F,L,A,MYSE
151.909,8443,6/3/2015,5/29/2015,19:58:48,7,32.8,AH0,254,36.4026816,Day,F,L,A,MYSE
151.909,8443,6/3/2015,5/30/2015,19:58:48,7,32.6,AH0,245,36.1807608,Day,F,L,A,MYSE
151.909,8443,6/3/2015,5/25/2015,19:58:50,7,29.3,AH0,255,31.1505081,Day,F,L,A,MYSE
151.909,8443,6/3/2015,5/28/2015,19:58:50,7,31.4,AH0,253,34.6618152,Day,F,L,A,MYSE
151.909,8443,6/3/2015,5/29/2015,19:58:50,7,32.8,AH0,254,36.4026816,Day,F,L,A,MYSE
151.909,8443,6/3/2015,5/30/2015,19:58:50,7,32.6,AH0,245,36.1807608,Day,F,L,A,MYSE
151.909,8443,6/3/2015,5/24/2015,19:58:51,7,32.4,AH0,255,35.9501792,Day,F,L,A,MYSE
151.909,8443,6/3/2015,5/29/2015,19:58:51,7,32.8,AH0,255,36.4026816,Day,F,L,A,MYSE
151.909,8443,6/3/2015,5/28/2015,19:58:52,7,31.4,AH0,253,34.6618152,Day,F,L,A,MYSE
151.909,8443,6/3/2015,5/30/2015,19:58:52,7,32.6,AH0,245,36.1807608,Day,F,L,A,MYSE
151.909,8443,6/3/2015,5/24/2015,19:58:53,7,32.4,AH0,255,35.9501792,Day,F,L,A,MYSE
151.909,8443,6/3/2015,5/29/2015,19:58:53,7,32.8,AH0,253,36.4026816,Day,F,L,A,MYSE
151.909,8443,6/3/2015,5/28/2015,19:58:54,7,31.4,AH0,250,34.6618152,Day,F,L,A,MYSE
151.909,8443,6/3/2015,5/24/2015,19:58:55,7,32.4,AH0,255,35.9501792,Day,F,L,A,MYSE
151.909,8443,6/3/2015,5/24/2015,19:58:57,7,32.4,AH0,255,35.9501792,Day,F,L,A,MYSE
151.909,8443,6/3/2015,5/26/2015,19:58:57,7,27.8,AH0,246,27.8921016,Day,F,L,A,MYSE
151.909,8443,6/3/2015,5/24/2015,19:58:59,7,32.4,AH0,255,35.9501792,Day,F,L,A,MYSE
151.909,8443,6/3/2015,5/26/2015,19:58:59,7,27.8,AH0,248,27.8921016,Day,F,L,A,MYSE
151.909,8443,6/3/2015,5/26/2015,19:59:01,7,27.8,AH0,246,27.8921016,Day,F,L,A,MYSE
151.909,8443,6/3/2015,5/25/2015,19:59:05,7,29.3,AH0,255,31.1505081,Day,F,L,A,MYSE
151.909,8443,6/3/2015,5/29/2015,19:59:06,7,32.8,AH0,254,36.4026816,Day,F,L,A,MYSE
151.909,8443,6/3/2015,5/30/2015,19:59:06,7,32.6,AH0,244,36.1807608,Day,F,L,A,MYSE
151.909,8443,6/3/2015,5/25/2015,19:59:07,7,29.3,AH0,255,31.1505081,Day,F,L,A,MYSE
151.909,8443,6/3/2015,5/28/2015,19:59:07,7,31.6,AH0,255,34.9380768,Day,F,L,A,MYSE
151.909,8443,6/3/2015,5/29/2015,19:59:08,7,32.8,AH0,254,36.4026816,Day,F,L,A,MYSE
151.909,8443,6/3/2015,5/30/2015,19:59:08,7,32.6,AH0,245,36.1807608,Day,F,L,A,MYSE
151.909,8443,6/3/2015,5/25/2015,19:59:09,7,29.3,AH0,255,31.1505081,Day,F,L,A,MYSE
151.909,8443,6/3/2015,5/28/2015,19:59:09,7,31.6,AH0,254,34.9380768,Day,F,L,A,MYSE
151.909,8443,6/3/2015,5/29/2015,19:59:10,7,32.8,AH0,254,36.4026816,Day,F,L,A,MYSE
151.909,8443,6/3/2015,5/30/2015,19:59:10,7,32.6,AH0,244,36.1807608,Day,F,L,A,MYSE
151.909,8443,6/3/2015,5/25/2015,19:59:11,7,29.3,AH0,255,31.1505081,Day,F,L,A,MYSE
151.909,8443,6/3/2015,5/28/2015,19:59:11,7,31.6,AH0,253,34.9380768,Day,F,L,A,MYSE
151.909,8443,6/3/2015,5/24/2015,19:59:12,7,32.4,AH0,255,35.9501792,Day,F,L,A,MYSE
151.909,8443,6/3/2015,5/29/2015,19:59:12,7,32.8,AH0,252,36.4026816,Day,F,L,A,MYSE
151.909,8443,6/3/2015,5/30/2015,19:59:12,7,32.6,AH0,244,36.1807608,Day,F,L,A,MYSE
151.909,8443,6/3/2015,5/28/2015,19:59:13,7,31.6,AH0,254,34.9380768,Day,F,L,A,MYSE
151.909,8443,6/3/2015,5/24/2015,19:59:14,7,32.4,AH0,255,35.9501792,Day,F,L,A,MYSE
151.909,8443,6/3/2015,5/24/2015,19:59:15,7,32.4,AH0,255,35.9501792,Day,F,L,A,MYSE
151.909,8443,6/3/2015,5/26/2015,19:59:16,7,27.8,AH0,247,27.8921016,Day,F,L,A,MYSE
151.909,8443,6/3/2015,5/24/2015,19:59:17,7,32.4,AH0,255,35.9501792,Day,F,L,A,MYSE
151.909,8443,6/3/2015,5/26/2015,19:59:19,7,27.8,AH0,249,27.8921016,Day,F,L,A,MYSE
151.909,8443,6/3/2015,5/26/2015,19:59:21,7,27.8,AH0,246,27.8921016,Day,F,L,A,MYSE
151.909,8443,6/3/2015,5/26/2015,19:59:23,7,27.8,AH0,245,27.8921016,Day,F,L,A,MYSE
151.909,8443,6/3/2015,5/25/2015,19:59:25,7,29.2,AH0,255,30.9537504,Day,F,L,A,MYSE
151.909,8443,6/3/2015,5/30/2015,19:59:25,7,32.6,AH0,245,36.1807608,Day,F,L,A,MYSE
151.909,8443,6/3/2015,5/28/2015,19:59:26,7,31.7,AH0,254,35.0726529,Day,F,L,A,MYSE
151.909,8443,6/3/2015,5/29/2015,19:59:26,7,32.7,AH0,254,36.2927939,Day,F,L,A,MYSE
151.909,8443,6/3/2015,5/25/2015,19:59:27,7,29.2,AH0,255,30.9537504,Day,F,L,A,MYSE
151.909,8443,6/3/2015,5/30/2015,19:59:27,7,32.6,AH0,245,36.1807608,Day,F,L,A,MYSE
151.909,8443,6/3/2015,5/28/2015,19:59:28,7,31.6,AH0,254,34.9380768,Day,F,L,A,MYSE
151.909,8443,6/3/2015,5/29/2015,19:59:28,7,32.7,AH0,255,36.2927939,Day,F,L,A,MYSE
151.909,8443,6/3/2015,5/30/2015,19:59:28,7,32.6,AH0,242,36.1807608,Day,F,L,A,MYSE
151.909,8443,6/3/2015,5/25/2015,19:59:29,7,29.2,AH0,255,30.9537504,Day,F,L,A,MYSE
151.909,8443,6/3/2015,5/28/2015,19:59:30,7,31.6,AH0,254,34.9380768,Day,F,L,A,MYSE
151.909,8443,6/3/2015,5/29/2015,19:59:30,7,32.7,AH0,254,36.2927939,Day,F,L,A,MYSE
151.909,8443,6/3/2015,5/30/2015,19:59:30,7,32.6,AH0,244,36.1807608,Day,F,L,A,MYSE
151.909,8443,6/3/2015,5/25/2015,19:59:31,7,29.2,AH0,255,30.9537504,Day,F,L,A,MYSE
151.909,8443,6/3/2015,5/24/2015,19:59:32,7,32.4,AH0,255,35.9501792,Day,F,L,A,MYSE
151.909,8443,6/3/2015,5/28/2015,19:59:32,7,31.6,AH0,254,34.9380768,Day,F,L,A,MYSE
151.909,8443,6/3/2015,5/29/2015,19:59:32,7,32.8,AH0,254,36.4026816,Day,F,L,A,MYSE
151.909,8443,6/3/2015,5/30/2015,19:59:32,7,32.6,AH0,245,36.1807608,Day,F,L,A,MYSE
151.909,8443,6/3/2015,5/28/2015,19:59:33,7,31.6,AH0,253,34.9380768,Day,F,L,A,MYSE
151.909,8443,6/3/2015,5/24/2015,19:59:34,7,32.4,AH0,255,35.9501792,Day,F,L,A,MYSE
151.909,8443,6/3/2015,5/24/2015,19:59:36,7,32.4,AH0,255,35.9501792,Day,F,L,A,MYSE
151.909,8443,6/3/2015,5/26/2015,19:59:36,7,27.8,AH0,247,27.8921016,Day,F,L,A,MYSE
151.909,8443,6/3/2015,5/24/2015,19:59:38,7,32.4,AH0,255,35.9501792,Day,F,L,A,MYSE
151.909,8443,6/3/2015,5/26/2015,19:59:38,7,27.8,AH0,247,27.8921016,Day,F,L,A,MYSE
151.909,8443,6/3/2015,5/26/2015,19:59:40,7,27.8,AH0,247,27.8921016,Day,F,L,A,MYSE
151.909,8443,6/3/2015,5/26/2015,19:59:42,7,27.8,AH0,245,27.8921016,Day,F,L,A,MYSE
151.909,8443,6/3/2015,5/30/2015,19:59:45,7,32.6,AH0,244,36.1807608,Day,F,L,A,MYSE
151.909,8443,6/3/2015,5/25/2015,19:59:46,7,29.2,AH0,255,30.9537504,Day,F,L,A,MYSE
151.909,8443,6/3/2015,5/29/2015,19:59:46,7,32.7,AH0,253,36.2927939,Day,F,L,A,MYSE
151.909,8443,6/3/2015,5/28/2015,19:59:47,7,31.7,AH0,254,35.0726529,Day,F,L,A,MYSE
151.909,8443,6/3/2015,5/30/2015,19:59:47,7,32.6,AH0,245,36.1807608,Day,F,L,A,MYSE
151.909,8443,6/3/2015,5/25/2015,19:59:48,7,29.3,AH0,255,31.1505081,Day,F,L,A,MYSE
151.909,8443,6/3/2015,5/29/2015,19:59:48,7,32.8,AH0,255,36.4026816,Day,F,L,A,MYSE
151.909,8443,6/3/2015,5/28/2015,19:59:49,7,31.7,AH0,254,35.0726529,Day,F,L,A,MYSE
151.909,8443,6/3/2015,5/30/2015,19:59:49,7,32.6,AH0,244,36.1807608,Day,F,L,A,MYSE
151.909,8443,6/3/2015,5/25/2015,19:59:50,7,29.2,AH0,255,30.9537504,Day,F,L,A,MYSE
151.909,8443,6/3/2015,5/29/2015,19:59:50,7,32.7,AH0,255,36.2927939,Day,F,L,A,MYSE
151.909,8443,6/3/2015,5/30/2015,19:59:50,7,32.6,AH0,245,36.1807608,Day,F,L,A,MYSE
151.909,8443,6/3/2015,5/28/2015,19:59:51,7,31.7,AH0,254,35.0726529,Day,F,L,A,MYSE
151.909,8443,6/3/2015,5/24/2015,19:59:52,7,32.3,AH0,255,35.8315911,Day,F,L,A,MYSE
151.909,8443,6/3/2015,5/25/2015,19:59:52,7,29.3,AH0,255,31.1505081,Day,F,L,A,MYSE
151.909,8443,6/3/2015,5/28/2015,19:59:52,7,31.7,AH0,253,35.0726529,Day,F,L,A,MYSE
151.909,8443,6/3/2015,5/29/2015,19:59:52,7,32.8,AH0,254,36.4026816,Day,F,L,A,MYSE
151.909,8443,6/3/2015,5/30/2015,19:59:52,7,32.6,AH0,241,36.1807608,Day,F,L,A,MYSE
151.909,8443,6/3/2015,5/24/2015,19:59:54,7,32.3,AH0,255,35.8315911,Day,F,L,A,MYSE
151.909,8443,6/3/2015,5/26/2015,19:59:55,7,27.8,AH0,246,27.8921016,Day,F,L,A,MYSE
151.909,8443,6/3/2015,5/24/2015,19:59:56,7,32.3,AH0,255,35.8315911,Day,F,L,A,MYSE
151.909,8443,6/3/2015,5/26/2015,19:59:57,7,27.8,AH0,246,27.8921016,Day,F,L,A,MYSE
151.909,8443,6/3/2015,5/24/2015,19:59:58,7,32.3,AH0,255,35.8315911,Day,F,L,A,MYSE
151.909,8443,6/3/2015,5/26/2015,20:00:00,7,27.7,AH0,249,27.6506889,Day,F,L,A,MYSE
151.909,8443,6/3/2015,5/26/2015,20:00:02,7,27.7,AH0,247,27.6506889,Day,F,L,A,MYSE
151.909,8443,6/3/2015,5/25/2015,20:00:04,7,29.3,AH0,255,31.1505081,Day,F,L,A,MYSE
151.909,8443,6/3/2015,5/30/2015,20:00:05,7,32.6,AH0,244,36.1807608,Day,F,L,A,MYSE
151.909,8443,6/3/2015,5/25/2015,20:00:06,7,29.3,AH0,255,31.1505081,Day,F,L,A,MYSE
151.909,8443,6/3/2015,5/29/2015,20:00:07,7,32.8,AH0,253,36.4026816,Day,F,L,A,MYSE
151.909,8443,6/3/2015,5/30/2015,20:00:07,7,32.6,AH0,244,36.1807608,Day,F,L,A,MYSE
151.909,8443,6/3/2015,5/25/2015,20:00:08,7,29.3,AH0,255,31.1505081,Day,F,L,A,MYSE
151.909,8443,6/3/2015,5/28/2015,20:00:08,7,31.7,AH0,253,35.0726529,Day,F,L,A,MYSE
151.909,8443,6/3/2015,5/29/2015,20:00:08,7,32.8,AH0,254,36.4026816,Day,F,L,A,MYSE
151.909,8443,6/3/2015,5/28/2015,20:00:09,7,31.7,AH0,254,35.0726529,Day,F,L,A,MYSE
151.909,8443,6/3/2015,5/30/2015,20:00:09,7,32.6,AH0,246,36.1807608,Day,F,L,A,MYSE
151.909,8443,6/3/2015,5/25/2015,20:00:10,7,29.3,AH0,255,31.1505081,Day,F,L,A,MYSE
151.909,8443,6/3/2015,5/29/2015,20:00:10,7,32.8,AH0,254,36.4026816,Day,F,L,A,MYSE
151.909,8443,6/3/2015,5/24/2015,20:00:11,7,32.3,AH0,255,35.8315911,Day,F,L,A,MYSE
151.909,8443,6/3/2015,5/28/2015,20:00:11,7,31.7,AH0,254,35.0726529,Day,F,L,A,MYSE
151.909,8443,6/3/2015,5/30/2015,20:00:11,7,32.6,AH0,245,36.1807608,Day,F,L,A,MYSE
151.909,8443,6/3/2015,5/29/2015,20:00:12,7,32.8,AH0,254,36.4026816,Day,F,L,A,MYSE
151.909,8443,6/3/2015,5/24/2015,20:00:13,7,32.3,AH0,255,35.8315911,Day,F,L,A,MYSE
151.909,8443,6/3/2015,5/28/2015,20:00:13,7,31.7,AH0,254,35.0726529,Day,F,L,A,MYSE
151.909,8443,6/3/2015,5/30/2015,20:00:13,7,32.6,AH0,244,36.1807608,Day,F,L,A,MYSE
151.909,8443,6/3/2015,5/24/2015,20:00:15,7,32.3,AH0,255,35.8315911,Day,F,L,A,MYSE
151.909,8443,6/3/2015,5/24/2015,20:00:17,7,32.3,AH0,255,35.8315911,Day,F,L,A,MYSE
151.909,8443,6/3/2015,5/26/2015,20:00:17,7,27.7,AH0,244,27.6506889,Day,F,L,A,MYSE
151.909,8443,6/3/2015,5/24/2015,20:00:18,7,32.3,AH0,255,35.8315911,Day,F,L,A,MYSE
151.909,8443,6/3/2015,5/26/2015,20:00:19,7,27.7,AH0,248,27.6506889,Day,F,L,A,MYSE
151.909,8443,6/3/2015,5/26/2015,20:00:21,7,27.7,AH0,248,27.6506889,Day,F,L,A,MYSE
151.909,8443,6/3/2015,5/25/2015,20:00:25,7,29.3,AH0,255,31.1505081,Day,F,L,A,MYSE
151.909,8443,6/3/2015,5/30/2015,20:00:25,7,32.6,AH0,242,36.1807608,Day,F,L,A,MYSE
151.909,8443,6/3/2015,5/28/2015,20:00:26,7,31.7,AH0,254,35.0726529,Day,F,L,A,MYSE
151.909,8443,6/3/2015,5/25/2015,20:00:27,7,29.3,AH0,255,31.1505081,Day,F,L,A,MYSE
151.909,8443,6/3/2015,5/29/2015,20:00:27,7,32.8,AH0,254,36.4026816,Day,F,L,A,MYSE
151.909,8443,6/3/2015,5/30/2015,20:00:27,7,32.6,AH0,241,36.1807608,Day,F,L,A,MYSE
151.909,8443,6/3/2015,5/28/2015,20:00:28,7,31.7,AH0,252,35.0726529,Day,F,L,A,MYSE
151.909,8443,6/3/2015,5/29/2015,20:00:28,7,32.8,AH0,254,36.4026816,Day,F,L,A,MYSE
151.909,8443,6/3/2015,5/25/2015,20:00:29,7,29.3,AH0,255,31.1505081,Day,F,L,A,MYSE
151.909,8443,6/3/2015,5/30/2015,20:00:29,7,32.6,AH0,245,36.1807608,Day,F,L,A,MYSE
151.909,8443,6/3/2015,5/28/2015,20:00:30,7,31.7,AH0,254,35.0726529,Day,F,L,A,MYSE
151.909,8443,6/3/2015,5/29/2015,20:00:30,7,32.8,AH0,255,36.4026816,Day,F,L,A,MYSE
151.909,8443,6/3/2015,5/24/2015,20:00:31,7,32.3,AH0,255,35.8315911,Day,F,L,A,MYSE
151.909,8443,6/3/2015,5/25/2015,20:00:31,7,29.4,AH0,255,31.3444472,Day,F,L,A,MYSE
151.909,8443,6/3/2015,5/30/2015,20:00:31,7,32.6,AH0,243,36.1807608,Day,F,L,A,MYSE
151.909,8443,6/3/2015,5/28/2015,20:00:32,7,31.7,AH0,254,35.0726529,Day,F,L,A,MYSE
151.909,8443,6/3/2015,5/29/2015,20:00:32,7,32.8,AH0,253,36.4026816,Day,F,L,A,MYSE
151.909,8443,6/3/2015,5/24/2015,20:00:33,7,32.3,AH0,255,35.8315911,Day,F,L,A,MYSE
151.909,8443,6/3/2015,5/24/2015,20:00:35,7,32.3,AH0,255,35.8315911,Day,F,L,A,MYSE
151.909,8443,6/3/2015,5/26/2015,20:00:36,7,27.7,AH0,247,27.6506889,Day,F,L,A,MYSE
151.909,8443,6/3/2015,5/24/2015,20:00:37,7,32.3,AH0,255,35.8315911,Day,F,L,A,MYSE
151.909,8443,6/3/2015,5/24/2015,20:00:39,7,32.3,AH0,255,35.8315911,Day,F,L,A,MYSE
151.909,8443,6/3/2015,5/26/2015,20:00:39,7,27.7,AH0,247,27.6506889,Day,F,L,A,MYSE
151.909,8443,6/3/2015,5/26/2015,20:00:41,7,27.7,AH0,246,27.6506889,Day,F,L,A,MYSE
151.909,8443,6/3/2015,5/26/2015,20:00:43,7,27.7,AH0,246,27.6506889,Day,F,L,A,MYSE
151.909,8443,6/3/2015,5/25/2015,20:00:45,7,29.4,AH0,255,31.3444472,Day,F,L,A,MYSE
151.909,8443,6/3/2015,5/30/2015,20:00:46,7,32.6,AH0,240,36.1807608,Day,F,L,A,MYSE
151.909,8443,6/3/2015,5/25/2015,20:00:47,7,29.4,AH0,255,31.3444472,Day,F,L,A,MYSE
151.909,8443,6/3/2015,5/28/2015,20:00:47,7,31.7,AH0,255,35.0726529,Day,F,L,A,MYSE
151.909,8443,6/3/2015,5/29/2015,20:00:47,7,32.8,AH0,253,36.4026816,Day,F,L,A,MYSE
151.909,8443,6/3/2015,5/30/2015,20:00:47,7,32.6,AH0,244,36.1807608,Day,F,L,A,MYSE
151.909,8443,6/3/2015,5/25/2015,20:00:49,7,29.4,AH0,255,31.3444472,Day,F,L,A,MYSE
151.909,8443,6/3/2015,5/28/2015,20:00:49,7,31.8,AH0,254,35.2048856,Day,F,L,A,MYSE
151.909,8443,6/3/2015,5/29/2015,20:00:49,7,32.8,AH0,254,36.4026816,Day,F,L,A,MYSE
151.909,8443,6/3/2015,5/30/2015,20:00:49,7,32.6,AH0,245,36.1807608,Day,F,L,A,MYSE
151.909,8443,6/3/2015,5/29/2015,20:00:50,7,32.8,AH0,254,36.4026816,Day,F,L,A,MYSE
151.909,8443,6/3/2015,5/25/2015,20:00:51,7,29.4,AH0,255,31.3444472,Day,F,L,A,MYSE
151.909,8443,6/3/2015,5/28/2015,20:00:51,7,31.8,AH0,254,35.2048856,Day,F,L,A,MYSE
151.909,8443,6/3/2015,5/30/2015,20:00:51,7,32.6,AH0,246,36.1807608,Day,F,L,A,MYSE
151.909,8443,6/3/2015,5/24/2015,20:00:52,7,32.2,AH0,255,35.7107784,Day,F,L,A,MYSE
151.909,8443,6/3/2015,5/29/2015,20:00:52,7,32.9,AH0,254,36.5104437,Day,F,L,A,MYSE
151.909,8443,6/3/2015,5/28/2015,20:00:53,7,31.8,AH0,253,35.2048856,Day,F,L,A,MYSE
151.909,8443,6/3/2015,5/24/2015,20:00:54,7,32.2,AH0,255,35.7107784,Day,F,L,A,MYSE
151.909,8443,6/3/2015,5/24/2015,20:00:56,7,32.2,AH0,255,35.7107784,Day,F,L,A,MYSE
151.909,8443,6/3/2015,5/26/2015,20:00:56,7,27.7,AH0,245,27.6506889,Day,F,L,A,MYSE
151.909,8443,6/3/2015,5/24/2015,20:00:58,7,32.2,AH0,255,35.7107784,Day,F,L,A,MYSE
151.909,8443,6/3/2015,5/26/2015,20:00:58,7,27.7,AH0,247,27.6506889,Day,F,L,A,MYSE
151.909,8443,6/3/2015,5/26/2015,20:01:00,7,27.7,AH0,246,27.6506889,Day,F,L,A,MYSE
151.909,8443,6/3/2015,5/26/2015,20:01:02,7,27.7,AH0,247,27.6506889,Day,F,L,A,MYSE
151.909,8443,6/3/2015,5/25/2015,20:01:05,7,29.4,AH0,255,31.3444472,Day,F,L,A,MYSE
151.909,8443,6/3/2015,5/28/2015,20:01:06,7,31.8,AH0,255,35.2048856,Day,F,L,A,MYSE
151.909,8443,6/3/2015,5/30/2015,20:01:06,7,32.6,AH0,243,36.1807608,Day,F,L,A,MYSE
151.909,8443,6/3/2015,5/25/2015,20:01:07,7,29.4,AH0,255,31.3444472,Day,F,L,A,MYSE
151.909,8443,6/3/2015,5/29/2015,20:01:07,7,32.9,AH0,253,36.5104437,Day,F,L,A,MYSE
151.909,8443,6/3/2015,5/28/2015,20:01:08,7,31.8,AH0,254,35.2048856,Day,F,L,A,MYSE
151.909,8443,6/3/2015,5/30/2015,20:01:08,7,32.6,AH0,245,36.1807608,Day,F,L,A,MYSE
151.909,8443,6/3/2015,5/29/2015,20:01:09,7,32.9,AH0,253,36.5104437,Day,F,L,A,MYSE
151.909,8443,6/3/2015,5/25/2015,20:01:10,7,29.4,AH0,255,31.3444472,Day,F,L,A,MYSE
151.909,8443,6/3/2015,5/28/2015,20:01:10,7,31.8,AH0,254,35.2048856,Day,F,L,A,MYSE
151.909,8443,6/3/2015,5/30/2015,20:01:10,7,32.6,AH0,244,36.1807608,Day,F,L,A,MYSE
151.909,8443,6/3/2015,5/29/2015,20:01:11,7,32.9,AH0,254,36.5104437,Day,F,L,A,MYSE
151.909,8443,6/3/2015,5/30/2015,20:01:11,7,32.6,AH0,245,36.1807608,Day,F,L,A,MYSE
151.909,8443,6/3/2015,5/24/2015,20:01:12,7,32.2,AH0,255,35.7107784,Day,F,L,A,MYSE
151.909,8443,6/3/2015,5/25/2015,20:01:12,7,29.4,AH0,255,31.3444472,Day,F,L,A,MYSE
151.909,8443,6/3/2015,5/28/2015,20:01:12,7,31.8,AH0,254,35.2048856,Day,F,L,A,MYSE
151.909,8443,6/3/2015,5/29/2015,20:01:12,7,32.9,AH0,253,36.5104437,Day,F,L,A,MYSE
151.909,8443,6/3/2015,5/24/2015,20:01:14,7,32.2,AH0,255,35.7107784,Day,F,L,A,MYSE
151.909,8443,6/3/2015,5/28/2015,20:01:14,7,31.8,AH0,254,35.2048856,Day,F,L,A,MYSE
151.909,8443,6/3/2015,5/26/2015,20:01:15,7,27.7,AH0,247,27.6506889,Day,F,L,A,MYSE
151.909,8443,6/3/2015,5/24/2015,20:01:16,7,32.2,AH0,255,35.7107784,Day,F,L,A,MYSE
151.909,8443,6/3/2015,5/24/2015,20:01:18,7,32.2,AH0,255,35.7107784,Day,F,L,A,MYSE
151.909,8443,6/3/2015,5/26/2015,20:01:18,7,27.7,AH0,246,27.6506889,Day,F,L,A,MYSE
151.909,8443,6/3/2015,5/26/2015,20:01:20,7,27.7,AH0,246,27.6506889,Day,F,L,A,MYSE
151.909,8443,6/3/2015,5/26/2015,20:01:22,7,27.7,AH0,248,27.6506889,Day,F,L,A,MYSE
151.909,8443,6/3/2015,5/29/2015,20:01:25,7,32.9,AH0,254,36.5104437,Day,F,L,A,MYSE
151.909,8443,6/3/2015,5/25/2015,20:01:26,7,29.4,AH0,255,31.3444472,Day,F,L,A,MYSE
151.909,8443,6/3/2015,5/30/2015,20:01:26,7,32.6,AH0,242,36.1807608,Day,F,L,A,MYSE
151.909,8443,6/3/2015,5/28/2015,20:01:27,7,31.8,AH0,254,35.2048856,Day,F,L,A,MYSE
151.909,8443,6/3/2015,5/29/2015,20:01:27,7,32.9,AH0,253,36.5104437,Day,F,L,A,MYSE
151.909,8443,6/3/2015,5/25/2015,20:01:28,7,29.4,AH0,255,31.3444472,Day,F,L,A,MYSE
151.909,8443,6/3/2015,5/30/2015,20:01:28,7,32.6,AH0,244,36.1807608,Day,F,L,A,MYSE
151.909,8443,6/3/2015,5/28/2015,20:01:29,7,31.8,AH0,254,35.2048856,Day,F,L,A,MYSE
151.909,8443,6/3/2015,5/29/2015,20:01:29,7,32.9,AH0,253,36.5104437,Day,F,L,A,MYSE
151.909,8443,6/3/2015,5/25/2015,20:01:30,7,29.4,AH0,255,31.3444472,Day,F,L,A,MYSE
151.909,8443,6/3/2015,5/30/2015,20:01:30,7,32.6,AH0,242,36.1807608,Day,F,L,A,MYSE
151.909,8443,6/3/2015,5/24/2015,20:01:31,7,32.2,AH0,255,35.7107784,Day,F,L,A,MYSE
151.909,8443,6/3/2015,5/28/2015,20:01:31,7,31.8,AH0,254,35.2048856,Day,F,L,A,MYSE
151.909,8443,6/3/2015,5/29/2015,20:01:31,7,32.9,AH0,253,36.5104437,Day,F,L,A,MYSE
151.909,8443,6/3/2015,5/29/2015,20:01:32,7,32.9,AH0,254,36.5104437,Day,F,L,A,MYSE
151.909,8443,6/3/2015,5/30/2015,20:01:32,7,32.6,AH0,246,36.1807608,Day,F,L,A,MYSE
151.909,8443,6/3/2015,5/24/2015,20:01:33,7,32.2,AH0,255,35.7107784,Day,F,L,A,MYSE
151.909,8443,6/3/2015,5/28/2015,20:01:33,7,31.8,AH0,254,35.2048856,Day,F,L,A,MYSE
151.909,8443,6/3/2015,5/24/2015,20:01:35,7,32.2,AH0,255,35.7107784,Day,F,L,A,MYSE
151.909,8443,6/3/2015,5/24/2015,20:01:37,7,32.2,AH0,255,35.7107784,Day,F,L,A,MYSE
151.909,8443,6/3/2015,5/26/2015,20:01:37,7,27.7,AH0,248,27.6506889,Day,F,L,A,MYSE
151.909,8443,6/3/2015,5/24/2015,20:01:39,7,32.2,AH0,255,35.7107784,Day,F,L,A,MYSE
151.909,8443,6/3/2015,5/26/2015,20:01:39,7,27.7,AH0,246,27.6506889,Day,F,L,A,MYSE
151.909,8443,6/3/2015,5/26/2015,20:01:41,7,27.7,AH0,246,27.6506889,Day,F,L,A,MYSE
151.909,8443,6/3/2015,5/25/2015,20:01:44,7,29.4,AH0,255,31.3444472,Day,F,L,A,MYSE
151.909,8443,6/3/2015,5/29/2015,20:01:45,7,32.9,AH0,255,36.5104437,Day,F,L,A,MYSE
151.909,8443,6/3/2015,5/30/2015,20:01:45,7,32.6,AH0,244,36.1807608,Day,F,L,A,MYSE
151.909,8443,6/3/2015,5/25/2015,20:01:46,7,29.4,AH0,255,31.3444472,Day,F,L,A,MYSE
151.909,8443,6/3/2015,5/28/2015,20:01:46,7,31.8,AH0,254,35.2048856,Day,F,L,A,MYSE
151.909,8443,6/3/2015,5/30/2015,20:01:46,7,32.6,AH0,245,36.1807608,Day,F,L,A,MYSE
151.909,8443,6/3/2015,5/29/2015,20:01:47,7,32.9,AH0,254,36.5104437,Day,F,L,A,MYSE
151.909,8443,6/3/2015,5/25/2015,20:01:48,7,29.4,AH0,255,31.3444472,Day,F,L,A,MYSE
151.909,8443,6/3/2015,5/28/2015,20:01:48,7,31.8,AH0,255,35.2048856,Day,F,L,A,MYSE
151.909,8443,6/3/2015,5/30/2015,20:01:48,7,32.6,AH0,247,36.1807608,Day,F,L,A,MYSE
151.909,8443,6/3/2015,5/29/2015,20:01:49,7,32.9,AH0,254,36.5104437,Day,F,L,A,MYSE
151.909,8443,6/3/2015,5/25/2015,20:01:50,7,29.4,AH0,255,31.3444472,Day,F,L,A,MYSE
151.909,8443,6/3/2015,5/28/2015,20:01:50,7,31.8,AH0,255,35.2048856,Day,F,L,A,MYSE
151.909,8443,6/3/2015,5/30/2015,20:01:50,7,32.6,AH0,243,36.1807608,Day,F,L,A,MYSE
151.909,8443,6/3/2015,5/28/2015,20:01:51,7,31.8,AH0,254,35.2048856,Day,F,L,A,MYSE
151.909,8443,6/3/2015,5/29/2015,20:01:51,7,32.9,AH0,254,36.5104437,Day,F,L,A,MYSE
151.909,8443,6/3/2015,5/24/2015,20:01:52,7,32.2,AH0,255,35.7107784,Day,F,L,A,MYSE
151.909,8443,6/3/2015,5/29/2015,20:01:52,7,32.9,AH0,254,36.5104437,Day,F,L,A,MYSE
151.909,8443,6/3/2015,5/30/2015,20:01:52,7,32.6,AH0,243,36.1807608,Day,F,L,A,MYSE
151.909,8443,6/3/2015,5/24/2015,20:01:53,7,32.2,AH0,255,35.7107784,Day,F,L,A,MYSE
151.909,8443,6/3/2015,5/28/2015,20:01:53,7,31.8,AH0,254,35.2048856,Day,F,L,A,MYSE
151.909,8443,6/3/2015,5/24/2015,20:01:55,7,32.2,AH0,255,35.7107784,Day,F,L,A,MYSE
151.909,8443,6/3/2015,5/24/2015,20:01:57,7,32.2,AH0,255,35.7107784,Day,F,L,A,MYSE
151.909,8443,6/3/2015,5/26/2015,20:01:57,7,27.7,AH0,247,27.6506889,Day,F,L,A,MYSE
151.909,8443,6/3/2015,5/26/2015,20:01:59,7,27.7,AH0,242,27.6506889,Day,F,L,A,MYSE
151.909,8443,6/3/2015,5/26/2015,20:02:01,7,27.7,AH0,242,27.6506889,Day,F,L,A,MYSE
151.909,8443,6/3/2015,5/25/2015,20:02:05,7,29.4,AH0,255,31.3444472,Day,F,L,A,MYSE
151.909,8443,6/3/2015,5/29/2015,20:02:05,7,32.9,AH0,253,36.5104437,Day,F,L,A,MYSE
151.909,8443,6/3/2015,5/30/2015,20:02:05,7,32.6,AH0,244,36.1807608,Day,F,L,A,MYSE
151.909,8443,6/3/2015,5/25/2015,20:02:07,7,29.4,AH0,255,31.3444472,Day,F,L,A,MYSE
151.909,8443,6/3/2015,5/28/2015,20:02:07,7,31.8,AH0,254,35.2048856,Day,F,L,A,MYSE
151.909,8443,6/3/2015,5/29/2015,20:02:07,7,32.9,AH0,254,36.5104437,Day,F,L,A,MYSE
151.909,8443,6/3/2015,5/30/2015,20:02:07,7,32.6,AH0,243,36.1807608,Day,F,L,A,MYSE
151.909,8443,6/3/2015,5/28/2015,20:02:08,7,31.8,AH0,254,35.2048856,Day,F,L,A,MYSE
151.909,8443,6/3/2015,5/30/2015,20:02:08,7,32.6,AH0,243,36.1807608,Day,F,L,A,MYSE
151.909,8443,6/3/2015,5/25/2015,20:02:09,7,29.4,AH0,255,31.3444472,Day,F,L,A,MYSE
151.909,8443,6/3/2015,5/29/2015,20:02:09,7,32.9,AH0,255,36.5104437,Day,F,L,A,MYSE
151.909,8443,6/3/2015,5/28/2015,20:02:10,7,31.8,AH0,254,35.2048856,Day,F,L,A,MYSE
151.909,8443,6/3/2015,5/30/2015,20:02:10,7,32.6,AH0,244,36.1807608,Day,F,L,A,MYSE
151.909,8443,6/3/2015,5/25/2015,20:02:11,7,29.4,AH0,255,31.3444472,Day,F,L,A,MYSE
151.909,8443,6/3/2015,5/29/2015,20:02:11,7,32.9,AH0,254,36.5104437,Day,F,L,A,MYSE
151.909,8443,6/3/2015,5/24/2015,20:02:12,7,32.1,AH0,255,35.5877213,Day,F,L,A,MYSE
151.909,8443,6/3/2015,5/28/2015,20:02:12,7,31.8,AH0,253,35.2048856,Day,F,L,A,MYSE
151.909,8443,6/3/2015,5/30/2015,20:02:12,7,32.6,AH0,243,36.1807608,Day,F,L,A,MYSE
151.909,8443,6/3/2015,5/29/2015,20:02:13,7,32.9,AH0,254,36.5104437,Day,F,L,A,MYSE
151.909,8443,6/3/2015,5/24/2015,20:02:14,7,32.1,AH0,255,35.5877213,Day,F,L,A,MYSE
151.909,8443,6/3/2015,5/24/2015,20:02:16,7,32.1,AH0,255,35.5877213,Day,F,L,A,MYSE
151.909,8443,6/3/2015,5/26/2015,20:02:16,7,27.7,AH0,244,27.6506889,Day,F,L,A,MYSE
151.909,8443,6/3/2015,5/24/2015,20:02:18,7,32.1,AH0,255,35.5877213,Day,F,L,A,MYSE
151.909,8443,6/3/2015,5/26/2015,20:02:18,7,27.7,AH0,244,27.6506889,Day,F,L,A,MYSE
151.909,8443,6/3/2015,5/26/2015,20:02:20,7,27.7,AH0,243,27.6506889,Day,F,L,A,MYSE
151.909,8443,6/3/2015,5/26/2015,20:02:23,7,27.7,AH0,241,27.6506889,Day,F,L,A,MYSE
151.909,8443,6/3/2015,5/25/2015,20:02:25,7,29.4,AH0,255,31.3444472,Day,F,L,A,MYSE
151.909,8443,6/3/2015,5/29/2015,20:02:25,7,32.9,AH0,254,36.5104437,Day,F,L,A,MYSE
151.909,8443,6/3/2015,5/30/2015,20:02:25,7,32.6,AH0,243,36.1807608,Day,F,L,A,MYSE
151.909,8443,6/3/2015,5/25/2015,20:02:27,7,29.4,AH0,255,31.3444472,Day,F,L,A,MYSE
151.909,8443,6/3/2015,5/28/2015,20:02:27,7,31.8,AH0,252,35.2048856,Day,F,L,A,MYSE
151.909,8443,6/3/2015,5/29/2015,20:02:27,7,32.9,AH0,254,36.5104437,Day,F,L,A,MYSE
151.909,8443,6/3/2015,5/30/2015,20:02:27,7,32.6,AH0,244,36.1807608,Day,F,L,A,MYSE
151.909,8443,6/3/2015,5/25/2015,20:02:29,7,29.4,AH0,255,31.3444472,Day,F,L,A,MYSE
151.909,8443,6/3/2015,5/28/2015,20:02:29,7,31.8,AH0,254,35.2048856,Day,F,L,A,MYSE
151.909,8443,6/3/2015,5/29/2015,20:02:29,7,32.9,AH0,254,36.5104437,Day,F,L,A,MYSE
151.909,8443,6/3/2015,5/30/2015,20:02:29,7,32.6,AH0,245,36.1807608,Day,F,L,A,MYSE
151.909,8443,6/3/2015,5/25/2015,20:02:31,7,29.4,AH0,255,31.3444472,Day,F,L,A,MYSE
151.909,8443,6/3/2015,5/28/2015,20:02:31,7,31.8,AH0,254,35.2048856,Day,F,L,A,MYSE
151.909,8443,6/3/2015,5/29/2015,20:02:31,7,32.9,AH0,254,36.5104437,Day,F,L,A,MYSE
151.909,8443,6/3/2015,5/30/2015,20:02:31,7,32.6,AH0,244,36.1807608,Day,F,L,A,MYSE
151.909,8443,6/3/2015,5/30/2015,20:02:32,7,32.6,AH0,244,36.1807608,Day,F,L,A,MYSE
151.909,8443,6/3/2015,5/24/2015,20:02:33,7,32.1,AH0,255,35.5877213,Day,F,L,A,MYSE
151.909,8443,6/3/2015,5/28/2015,20:02:33,7,31.8,AH0,255,35.2048856,Day,F,L,A,MYSE
151.909,8443,6/3/2015,5/29/2015,20:02:33,7,32.9,AH0,254,36.5104437,Day,F,L,A,MYSE
151.909,8443,6/3/2015,5/24/2015,20:02:35,7,32.1,AH0,255,35.5877213,Day,F,L,A,MYSE
151.909,8443,6/3/2015,5/24/2015,20:02:36,7,32.1,AH0,255,35.5877213,Day,F,L,A,MYSE
151.909,8443,6/3/2015,5/26/2015,20:02:36,7,27.6,AH0,235,27.4061408,Day,F,L,A,MYSE
151.909,8443,6/3/2015,5/24/2015,20:02:38,7,32.1,AH0,255,35.5877213,Day,F,L,A,MYSE
151.909,8443,6/3/2015,5/26/2015,20:02:38,7,27.6,AH0,230,27.4061408,Day,F,L,A,MYSE
151.909,8443,6/3/2015,5/26/2015,20:02:40,7,27.6,AH0,234,27.4061408,Day,F,L,A,MYSE
151.909,8443,6/3/2015,5/26/2015,20:02:42,7,27.6,AH0,231,27.4061408,Day,F,L,A,MYSE
151.909,8443,6/3/2015,5/25/2015,20:02:45,7,29.5,AH0,255,31.5355875,Day,F,L,A,MYSE
151.909,8443,6/3/2015,5/29/2015,20:02:45,7,32.9,AH0,254,36.5104437,Day,F,L,A,MYSE
151.909,8443,6/3/2015,5/30/2015,20:02:45,7,32.6,AH0,245,36.1807608,Day,F,L,A,MYSE
151.909,8443,6/3/2015,5/28/2015,20:02:46,7,31.8,AH0,254,35.2048856,Day,F,L,A,MYSE
151.909,8443,6/3/2015,5/25/2015,20:02:47,7,29.4,AH0,255,31.3444472,Day,F,L,A,MYSE
151.909,8443,6/3/2015,5/29/2015,20:02:47,7,32.9,AH0,254,36.5104437,Day,F,L,A,MYSE
151.909,8443,6/3/2015,5/30/2015,20:02:47,7,32.6,AH0,245,36.1807608,Day,F,L,A,MYSE
151.909,8443,6/3/2015,5/28/2015,20:02:48,7,31.8,AH0,253,35.2048856,Day,F,L,A,MYSE
151.909,8443,6/3/2015,5/25/2015,20:02:49,7,29.5,AH0,255,31.5355875,Day,F,L,A,MYSE
151.909,8443,6/3/2015,5/29/2015,20:02:49,7,32.9,AH0,255,36.5104437,Day,F,L,A,MYSE
151.909,8443,6/3/2015,5/30/2015,20:02:49,7,32.6,AH0,246,36.1807608,Day,F,L,A,MYSE
151.909,8443,6/3/2015,5/28/2015,20:02:50,7,31.8,AH0,254,35.2048856,Day,F,L,A,MYSE
151.909,8443,6/3/2015,5/24/2015,20:02:51,7,32.1,AH0,255,35.5877213,Day,F,L,A,MYSE
151.909,8443,6/3/2015,5/29/2015,20:02:51,7,32.9,AH0,254,36.5104437,Day,F,L,A,MYSE
151.909,8443,6/3/2015,5/30/2015,20:02:51,7,32.6,AH0,245,36.1807608,Day,F,L,A,MYSE
151.909,8443,6/3/2015,5/25/2015,20:02:52,7,29.5,AH0,255,31.5355875,Day,F,L,A,MYSE
151.909,8443,6/3/2015,5/28/2015,20:02:52,7,31.8,AH0,254,35.2048856,Day,F,L,A,MYSE
151.909,8443,6/3/2015,5/24/2015,20:02:53,7,32.1,AH0,255,35.5877213,Day,F,L,A,MYSE
151.909,8443,6/3/2015,5/29/2015,20:02:53,7,32.9,AH0,253,36.5104437,Day,F,L,A,MYSE
151.909,8443,6/3/2015,5/24/2015,20:02:55,7,32.1,AH0,255,35.5877213,Day,F,L,A,MYSE
151.909,8443,6/3/2015,5/24/2015,20:02:57,7,32.1,AH0,255,35.5877213,Day,F,L,A,MYSE
151.909,8443,6/3/2015,5/26/2015,20:02:57,7,27.5,AH0,229,27.1584375,Day,F,L,A,MYSE
151.909,8443,6/3/2015,5/24/2015,20:02:59,7,32.1,AH0,255,35.5877213,Day,F,L,A,MYSE
151.909,8443,6/3/2015,5/26/2015,20:02:59,7,27.5,AH0,228,27.1584375,Day,F,L,A,MYSE
151.909,8443,6/3/2015,5/26/2015,20:03:02,7,27.5,AH0,230,27.1584375,Day,F,L,A,MYSE
151.909,8443,6/3/2015,5/29/2015,20:03:05,7,32.9,AH0,253,36.5104437,Day,F,L,A,MYSE
151.909,8443,6/3/2015,5/25/2015,20:03:06,7,29.5,AH0,255,31.5355875,Day,F,L,A,MYSE
151.909,8443,6/3/2015,5/30/2015,20:03:06,7,32.6,AH0,244,36.1807608,Day,F,L,A,MYSE
151.909,8443,6/3/2015,5/28/2015,20:03:07,7,31.8,AH0,254,35.2048856,Day,F,L,A,MYSE
151.909,8443,6/3/2015,5/29/2015,20:03:07,7,32.9,AH0,253,36.5104437,Day,F,L,A,MYSE
151.909,8443,6/3/2015,5/30/2015,20:03:07,7,32.6,AH0,245,36.1807608,Day,F,L,A,MYSE
151.909,8443,6/3/2015,5/25/2015,20:03:08,7,29.5,AH0,255,31.5355875,Day,F,L,A,MYSE
151.909,8443,6/3/2015,5/28/2015,20:03:09,7,31.8,AH0,253,35.2048856,Day,F,L,A,MYSE
151.909,8443,6/3/2015,5/29/2015,20:03:09,7,32.9,AH0,254,36.5104437,Day,F,L,A,MYSE
151.909,8443,6/3/2015,5/30/2015,20:03:09,7,32.6,AH0,244,36.1807608,Day,F,L,A,MYSE
151.909,8443,6/3/2015,5/25/2015,20:03:10,7,29.5,AH0,255,31.5355875,Day,F,L,A,MYSE
151.909,8443,6/3/2015,5/28/2015,20:03:11,7,31.8,AH0,254,35.2048856,Day,F,L,A,MYSE
151.909,8443,6/3/2015,5/29/2015,20:03:11,7,32.9,AH0,253,36.5104437,Day,F,L,A,MYSE
151.909,8443,6/3/2015,5/30/2015,20:03:11,7,32.6,AH0,245,36.1807608,Day,F,L,A,MYSE
151.909,8443,6/3/2015,5/24/2015,20:03:12,7,32,AH0,255,35.4624,Day,F,L,A,MYSE
151.909,8443,6/3/2015,5/28/2015,20:03:13,7,31.8,AH0,253,35.2048856,Day,F,L,A,MYSE
151.909,8443,6/3/2015,5/29/2015,20:03:13,7,32.9,AH0,254,36.5104437,Day,F,L,A,MYSE
151.909,8443,6/3/2015,5/24/2015,20:03:14,7,32,AH0,255,35.4624,Day,F,L,A,MYSE
151.909,8443,6/3/2015,5/24/2015,20:03:16,7,32,AH0,255,35.4624,Day,F,L,A,MYSE
151.909,8443,6/3/2015,5/26/2015,20:03:17,7,27.5,AH0,227,27.1584375,Day,F,L,A,MYSE
151.909,8443,6/3/2015,5/24/2015,20:03:18,7,32,AH0,255,35.4624,Day,F,L,A,MYSE
151.909,8443,6/3/2015,5/26/2015,20:03:19,7,27.5,AH0,230,27.1584375,Day,F,L,A,MYSE
151.909,8443,6/3/2015,5/26/2015,20:03:21,7,27.5,AH0,231,27.1584375,Day,F,L,A,MYSE
151.909,8443,6/3/2015,5/25/2015,20:03:24,7,29.6,AH0,255,31.7239488,Day,F,L,A,MYSE
151.909,8443,6/3/2015,5/25/2015,20:03:26,7,29.6,AH0,255,31.7239488,Day,F,L,A,MYSE
151.909,8443,6/3/2015,5/28/2015,20:03:26,7,31.8,AH0,253,35.2048856,Day,F,L,A,MYSE
151.909,8443,6/3/2015,5/29/2015,20:03:26,7,32.9,AH0,254,36.5104437,Day,F,L,A,MYSE
151.909,8443,6/3/2015,5/30/2015,20:03:26,7,32.6,AH0,244,36.1807608,Day,F,L,A,MYSE
151.909,8443,6/3/2015,5/29/2015,20:03:27,7,32.9,AH0,253,36.5104437,Day,F,L,A,MYSE
151.909,8443,6/3/2015,5/25/2015,20:03:28,7,29.6,AH0,255,31.7239488,Day,F,L,A,MYSE
151.909,8443,6/3/2015,5/28/2015,20:03:28,7,31.8,AH0,253,35.2048856,Day,F,L,A,MYSE
151.909,8443,6/3/2015,5/30/2015,20:03:28,7,32.6,AH0,245,36.1807608,Day,F,L,A,MYSE
151.909,8443,6/3/2015,5/29/2015,20:03:29,7,32.9,AH0,254,36.5104437,Day,F,L,A,MYSE
151.909,8443,6/3/2015,5/30/2015,20:03:29,7,32.6,AH0,244,36.1807608,Day,F,L,A,MYSE
151.909,8443,6/3/2015,5/25/2015,20:03:30,7,29.6,AH0,255,31.7239488,Day,F,L,A,MYSE
151.909,8443,6/3/2015,5/28/2015,20:03:30,7,31.8,AH0,253,35.2048856,Day,F,L,A,MYSE
151.909,8443,6/3/2015,5/28/2015,20:03:31,7,31.8,AH0,254,35.2048856,Day,F,L,A,MYSE
151.909,8443,6/3/2015,5/29/2015,20:03:31,7,32.9,AH0,254,36.5104437,Day,F,L,A,MYSE
151.909,8443,6/3/2015,5/30/2015,20:03:31,7,32.6,AH0,244,36.1807608,Day,F,L,A,MYSE
151.909,8443,6/3/2015,5/24/2015,20:03:33,7,32,AH0,255,35.4624,Day,F,L,A,MYSE
151.909,8443,6/3/2015,5/28/2015,20:03:33,7,31.8,AH0,254,35.2048856,Day,F,L,A,MYSE
151.909,8443,6/3/2015,5/29/2015,20:03:33,7,32.9,AH0,254,36.5104437,Day,F,L,A,MYSE
151.909,8443,6/3/2015,5/24/2015,20:03:34,7,32,AH0,255,35.4624,Day,F,L,A,MYSE
151.909,8443,6/3/2015,5/24/2015,20:03:36,7,32,AH0,255,35.4624,Day,F,L,A,MYSE
151.909,8443,6/3/2015,5/26/2015,20:03:37,7,27.5,AH0,232,27.1584375,Day,F,L,A,MYSE
151.909,8443,6/3/2015,5/24/2015,20:03:38,7,32,AH0,255,35.4624,Day,F,L,A,MYSE
151.909,8443,6/3/2015,5/26/2015,20:03:39,7,27.5,AH0,230,27.1584375,Day,F,L,A,MYSE
151.909,8443,6/3/2015,5/26/2015,20:03:41,7,27.5,AH0,229,27.1584375,Day,F,L,A,MYSE
151.909,8443,6/3/2015,5/25/2015,20:03:44,7,29.6,AH0,255,31.7239488,Day,F,L,A,MYSE
151.909,8443,6/3/2015,5/25/2015,20:03:46,7,29.6,AH0,255,31.7239488,Day,F,L,A,MYSE
151.909,8443,6/3/2015,5/29/2015,20:03:46,7,32.9,AH0,254,36.5104437,Day,F,L,A,MYSE
151.909,8443,6/3/2015,5/30/2015,20:03:46,7,32.6,AH0,244,36.1807608,Day,F,L,A,MYSE
151.909,8443,6/3/2015,5/28/2015,20:03:47,7,31.9,AH0,253,35.3347947,Day,F,L,A,MYSE
151.909,8443,6/3/2015,5/29/2015,20:03:47,7,32.9,AH0,254,36.5104437,Day,F,L,A,MYSE
151.909,8443,6/3/2015,5/25/2015,20:03:48,7,29.6,AH0,255,31.7239488,Day,F,L,A,MYSE
151.909,8443,6/3/2015,5/28/2015,20:03:48,7,31.9,AH0,254,35.3347947,Day,F,L,A,MYSE
151.909,8443,6/3/2015,5/30/2015,20:03:48,7,32.6,AH0,245,36.1807608,Day,F,L,A,MYSE
151.909,8443,6/3/2015,5/29/2015,20:03:49,7,32.9,AH0,253,36.5104437,Day,F,L,A,MYSE
151.909,8443,6/3/2015,5/25/2015,20:03:50,7,29.6,AH0,255,31.7239488,Day,F,L,A,MYSE
151.909,8443,6/3/2015,5/28/2015,20:03:50,7,31.9,AH0,253,35.3347947,Day,F,L,A,MYSE
151.909,8443,6/3/2015,5/30/2015,20:03:50,7,32.6,AH0,246,36.1807608,Day,F,L,A,MYSE
151.909,8443,6/3/2015,5/24/2015,20:03:51,7,32,AH0,255,35.4624,Day,F,L,A,MYSE
151.909,8443,6/3/2015,5/29/2015,20:03:51,7,32.9,AH0,252,36.5104437,Day,F,L,A,MYSE
151.909,8443,6/3/2015,5/28/2015,20:03:52,7,31.8,AH0,253,35.2048856,Day,F,L,A,MYSE
151.909,8443,6/3/2015,5/30/2015,20:03:52,7,32.6,AH0,244,36.1807608,Day,F,L,A,MYSE
151.909,8443,6/3/2015,5/24/2015,20:03:53,7,32,AH0,255,35.4624,Day,F,L,A,MYSE
151.909,8443,6/3/2015,5/29/2015,20:03:53,7,32.9,AH0,254,36.5104437,Day,F,L,A,MYSE
151.909,8443,6/3/2015,5/24/2015,20:03:55,7,32,AH0,255,35.4624,Day,F,L,A,MYSE
151.909,8443,6/3/2015,5/26/2015,20:03:56,7,27.5,AH0,230,27.1584375,Day,F,L,A,MYSE
151.909,8443,6/3/2015,5/24/2015,20:03:57,7,32,AH0,255,35.4624,Day,F,L,A,MYSE
151.909,8443,6/3/2015,5/26/2015,20:03:58,7,27.5,AH0,228,27.1584375,Day,F,L,A,MYSE
151.909,8443,6/3/2015,5/24/2015,20:03:59,7,32,AH0,255,35.4624,Day,F,L,A,MYSE
151.909,8443,6/3/2015,5/26/2015,20:04:01,7,27.5,AH0,233,27.1584375,Day,F,L,A,MYSE
151.909,8443,6/3/2015,5/26/2015,20:04:03,7,27.5,AH0,230,27.1584375,Day,F,L,A,MYSE
151.909,8443,6/3/2015,5/25/2015,20:04:05,7,29.7,AH0,255,31.9095509,Day,F,L,A,MYSE
151.909,8443,6/3/2015,5/29/2015,20:04:06,7,32.9,AH0,253,36.5104437,Day,F,L,A,MYSE
151.909,8443,6/3/2015,5/30/2015,20:04:06,7,32.6,AH0,246,36.1807608,Day,F,L,A,MYSE
151.909,8443,6/3/2015,5/25/2015,20:04:07,7,29.7,AH0,255,31.9095509,Day,F,L,A,MYSE
151.909,8443,6/3/2015,5/28/2015,20:04:07,7,31.9,AH0,253,35.3347947,Day,F,L,A,MYSE
151.909,8443,6/3/2015,5/29/2015,20:04:07,7,32.9,AH0,253,36.5104437,Day,F,L,A,MYSE
151.909,8443,6/3/2015,5/30/2015,20:04:08,7,32.6,AH0,242,36.1807608,Day,F,L,A,MYSE
151.909,8443,6/3/2015,5/25/2015,20:04:09,7,29.7,AH0,255,31.9095509,Day,F,L,A,MYSE
151.909,8443,6/3/2015,5/28/2015,20:04:09,7,31.9,AH0,254,35.3347947,Day,F,L,A,MYSE
151.909,8443,6/3/2015,5/29/2015,20:04:09,7,32.9,AH0,254,36.5104437,Day,F,L,A,MYSE
151.909,8443,6/3/2015,5/30/2015,20:04:10,7,32.6,AH0,245,36.1807608,Day,F,L,A,MYSE
151.909,8443,6/3/2015,5/25/2015,20:04:11,7,29.7,AH0,255,31.9095509,Day,F,L,A,MYSE
151.909,8443,6/3/2015,5/28/2015,20:04:11,7,31.9,AH0,253,35.3347947,Day,F,L,A,MYSE
151.909,8443,6/3/2015,5/29/2015,20:04:11,7,32.9,AH0,255,36.5104437,Day,F,L,A,MYSE
151.909,8443,6/3/2015,5/24/2015,20:04:12,7,32,AH0,255,35.4624,Day,F,L,A,MYSE
151.909,8443,6/3/2015,5/30/2015,20:04:12,7,32.6,AH0,244,36.1807608,Day,F,L,A,MYSE
151.909,8443,6/3/2015,5/28/2015,20:04:13,7,31.9,AH0,254,35.3347947,Day,F,L,A,MYSE
151.909,8443,6/3/2015,5/29/2015,20:04:13,7,32.9,AH0,252,36.5104437,Day,F,L,A,MYSE
151.909,8443,6/3/2015,5/24/2015,20:04:14,7,32,AH0,255,35.4624,Day,F,L,A,MYSE
151.909,8443,6/3/2015,5/24/2015,20:04:16,7,32,AH0,255,35.4624,Day,F,L,A,MYSE
151.909,8443,6/3/2015,5/26/2015,20:04:16,7,27.5,AH0,230,27.1584375,Day,F,L,A,MYSE
151.909,8443,6/3/2015,5/24/2015,20:04:18,7,32,AH0,255,35.4624,Day,F,L,A,MYSE
151.909,8443,6/3/2015,5/26/2015,20:04:18,7,27.5,AH0,231,27.1584375,Day,F,L,A,MYSE
151.909,8443,6/3/2015,5/26/2015,20:04:20,7,27.5,AH0,230,27.1584375,Day,F,L,A,MYSE
151.909,8443,6/3/2015,5/26/2015,20:04:22,7,27.5,AH0,229,27.1584375,Day,F,L,A,MYSE
151.909,8443,6/3/2015,5/25/2015,20:04:25,7,29.7,AH0,255,31.9095509,Day,F,L,A,MYSE
151.909,8443,6/3/2015,5/30/2015,20:04:25,7,32.6,AH0,244,36.1807608,Day,F,L,A,MYSE
151.909,8443,6/3/2015,5/28/2015,20:04:26,7,31.9,AH0,253,35.3347947,Day,F,L,A,MYSE
151.909,8443,6/3/2015,5/29/2015,20:04:26,7,32.9,AH0,254,36.5104437,Day,F,L,A,MYSE
151.909,8443,6/3/2015,5/30/2015,20:04:26,7,32.6,AH0,246,36.1807608,Day,F,L,A,MYSE
151.909,8443,6/3/2015,5/25/2015,20:04:27,7,29.7,AH0,255,31.9095509,Day,F,L,A,MYSE
151.909,8443,6/3/2015,5/28/2015,20:04:28,7,31.9,AH0,253,35.3347947,Day,F,L,A,MYSE
151.909,8443,6/3/2015,5/29/2015,20:04:28,7,32.9,AH0,253,36.5104437,Day,F,L,A,MYSE
151.909,8443,6/3/2015,5/30/2015,20:04:28,7,32.6,AH0,243,36.1807608,Day,F,L,A,MYSE
151.909,8443,6/3/2015,5/25/2015,20:04:29,7,29.7,AH0,255,31.9095509,Day,F,L,A,MYSE
151.909,8443,6/3/2015,5/29/2015,20:04:29,7,32.9,AH0,255,36.5104437,Day,F,L,A,MYSE
151.909,8443,6/3/2015,5/28/2015,20:04:30,7,31.9,AH0,254,35.3347947,Day,F,L,A,MYSE
151.909,8443,6/3/2015,5/30/2015,20:04:30,7,32.6,AH0,244,36.1807608,Day,F,L,A,MYSE
151.909,8443,6/3/2015,5/25/2015,20:04:31,7,29.7,AH0,255,31.9095509,Day,F,L,A,MYSE
151.909,8443,6/3/2015,5/29/2015,20:04:31,7,32.9,AH0,254,36.5104437,Day,F,L,A,MYSE
151.909,8443,6/3/2015,5/28/2015,20:04:32,7,31.9,AH0,254,35.3347947,Day,F,L,A,MYSE
151.909,8443,6/3/2015,5/30/2015,20:04:32,7,32.6,AH0,246,36.1807608,Day,F,L,A,MYSE
151.909,8443,6/3/2015,5/24/2015,20:04:33,7,32,AH0,255,35.4624,Day,F,L,A,MYSE
151.909,8443,6/3/2015,5/29/2015,20:04:33,7,32.9,AH0,254,36.5104437,Day,F,L,A,MYSE
151.909,8443,6/3/2015,5/24/2015,20:04:34,7,32,AH0,255,35.4624,Day,F,L,A,MYSE
151.909,8443,6/3/2015,5/28/2015,20:04:34,7,31.9,AH0,253,35.3347947,Day,F,L,A,MYSE
151.909,8443,6/3/2015,5/24/2015,20:04:36,7,32,AH0,255,35.4624,Day,F,L,A,MYSE
151.909,8443,6/3/2015,5/26/2015,20:04:36,7,27.5,AH0,230,27.1584375,Day,F,L,A,MYSE
151.909,8443,6/3/2015,5/24/2015,20:04:38,7,32,AH0,255,35.4624,Day,F,L,A,MYSE
151.909,8443,6/3/2015,5/26/2015,20:04:38,7,27.5,AH0,230,27.1584375,Day,F,L,A,MYSE
151.909,8443,6/3/2015,5/26/2015,20:04:40,7,27.5,AH0,231,27.1584375,Day,F,L,A,MYSE
151.909,8443,6/3/2015,5/26/2015,20:04:42,7,27.5,AH0,229,27.1584375,Day,F,L,A,MYSE
151.909,8443,6/3/2015,5/25/2015,20:04:45,7,29.7,AH0,255,31.9095509,Day,F,L,A,MYSE
151.909,8443,6/3/2015,5/30/2015,20:04:45,7,32.6,AH0,245,36.1807608,Day,F,L,A,MYSE
151.909,8443,6/3/2015,5/29/2015,20:04:46,7,32.9,AH0,254,36.5104437,Day,F,L,A,MYSE
151.909,8443,6/3/2015,5/25/2015,20:04:47,7,29.6,AH0,255,31.7239488,Day,F,L,A,MYSE
151.909,8443,6/3/2015,5/28/2015,20:04:47,7,31.9,AH0,252,35.3347947,Day,F,L,A,MYSE
151.909,8443,6/3/2015,5/30/2015,20:04:47,7,32.6,AH0,244,36.1807608,Day,F,L,A,MYSE
151.909,8443,6/3/2015,5/29/2015,20:04:48,7,32.9,AH0,253,36.5104437,Day,F,L,A,MYSE
151.909,8443,6/3/2015,5/25/2015,20:04:49,7,29.6,AH0,255,31.7239488,Day,F,L,A,MYSE
151.909,8443,6/3/2015,5/28/2015,20:04:49,7,31.9,AH0,253,35.3347947,Day,F,L,A,MYSE
151.909,8443,6/3/2015,5/29/2015,20:04:49,7,32.9,AH0,253,36.5104437,Day,F,L,A,MYSE
151.909,8443,6/3/2015,5/30/2015,20:04:49,7,32.6,AH0,247,36.1807608,Day,F,L,A,MYSE
151.909,8443,6/3/2015,5/30/2015,20:04:50,7,32.6,AH0,245,36.1807608,Day,F,L,A,MYSE
151.909,8443,6/3/2015,5/24/2015,20:04:51,7,32,AH0,255,35.4624,Day,F,L,A,MYSE
151.909,8443,6/3/2015,5/25/2015,20:04:51,7,29.7,AH0,255,31.9095509,Day,F,L,A,MYSE
151.909,8443,6/3/2015,5/28/2015,20:04:51,7,31.9,AH0,253,35.3347947,Day,F,L,A,MYSE
151.909,8443,6/3/2015,5/29/2015,20:04:51,7,32.9,AH0,254,36.5104437,Day,F,L,A,MYSE
151.909,8443,6/3/2015,5/28/2015,20:04:52,7,31.9,AH0,254,35.3347947,Day,F,L,A,MYSE
151.909,8443,6/3/2015,5/30/2015,20:04:52,7,32.6,AH0,244,36.1807608,Day,F,L,A,MYSE
151.909,8443,6/3/2015,5/24/2015,20:04:53,7,32,AH0,255,35.4624,Day,F,L,A,MYSE
151.909,8443,6/3/2015,5/29/2015,20:04:53,7,32.9,AH0,254,36.5104437,Day,F,L,A,MYSE
151.909,8443,6/3/2015,5/24/2015,20:04:55,7,32,AH0,255,35.4624,Day,F,L,A,MYSE
151.909,8443,6/3/2015,5/26/2015,20:04:55,7,27.4,AH0,226,26.9075592,Day,F,L,A,MYSE
151.909,8443,6/3/2015,5/24/2015,20:04:57,7,32,AH0,255,35.4624,Day,F,L,A,MYSE
151.909,8443,6/3/2015,5/26/2015,20:04:57,7,27.4,AH0,192,26.9075592,Day,F,L,A,MYSE
151.909,8443,6/3/2015,5/24/2015,20:04:59,7,32,AH0,255,35.4624,Day,F,L,A,MYSE
151.909,8443,6/3/2015,5/26/2015,20:05:00,7,27.4,AH0,195,26.9075592,Day,F,L,A,MYSE
151.909,8443,6/3/2015,5/26/2015,20:05:02,7,27.4,AH0,196,26.9075592,Day,F,L,A,MYSE
151.909,8443,6/3/2015,5/25/2015,20:05:05,7,29.6,AH0,255,31.7239488,Day,F,L,A,MYSE
151.909,8443,6/3/2015,5/30/2015,20:05:05,7,32.6,AH0,243,36.1807608,Day,F,L,A,MYSE
151.909,8443,6/3/2015,5/29/2015,20:05:06,7,32.9,AH0,254,36.5104437,Day,F,L,A,MYSE
151.909,8443,6/3/2015,5/25/2015,20:05:07,7,29.6,AH0,255,31.7239488,Day,F,L,A,MYSE
151.909,8443,6/3/2015,5/28/2015,20:05:07,7,31.9,AH0,254,35.3347947,Day,F,L,A,MYSE
151.909,8443,6/3/2015,5/30/2015,20:05:07,7,32.6,AH0,246,36.1807608,Day,F,L,A,MYSE
151.909,8443,6/3/2015,5/29/2015,20:05:08,7,32.9,AH0,253,36.5104437,Day,F,L,A,MYSE
151.909,8443,6/3/2015,5/25/2015,20:05:09,7,29.6,AH0,255,31.7239488,Day,F,L,A,MYSE
151.909,8443,6/3/2015,5/28/2015,20:05:09,7,31.9,AH0,253,35.3347947,Day,F,L,A,MYSE
151.909,8443,6/3/2015,5/29/2015,20:05:09,7,32.9,AH0,255,36.5104437,Day,F,L,A,MYSE
151.909,8443,6/3/2015,5/30/2015,20:05:09,7,32.6,AH0,244,36.1807608,Day,F,L,A,MYSE
151.909,8443,6/3/2015,5/25/2015,20:05:11,7,29.6,AH0,255,31.7239488,Day,F,L,A,MYSE
151.909,8443,6/3/2015,5/28/2015,20:05:11,7,31.9,AH0,253,35.3347947,Day,F,L,A,MYSE
151.909,8443,6/3/2015,5/29/2015,20:05:11,7,32.9,AH0,254,36.5104437,Day,F,L,A,MYSE
151.909,8443,6/3/2015,5/30/2015,20:05:11,7,32.6,AH0,243,36.1807608,Day,F,L,A,MYSE
151.909,8443,6/3/2015,5/24/2015,20:05:12,7,32,AH0,255,35.4624,Day,F,L,A,MYSE
151.909,8443,6/3/2015,5/30/2015,20:05:12,7,32.6,AH0,243,36.1807608,Day,F,L,A,MYSE
151.909,8443,6/3/2015,5/28/2015,20:05:13,7,31.9,AH0,254,35.3347947,Day,F,L,A,MYSE
151.909,8443,6/3/2015,5/29/2015,20:05:13,7,32.9,AH0,253,36.5104437,Day,F,L,A,MYSE
151.909,8443,6/3/2015,5/24/2015,20:05:14,7,32,AH0,255,35.4624,Day,F,L,A,MYSE
151.909,8443,6/3/2015,5/24/2015,20:05:16,7,32,AH0,255,35.4624,Day,F,L,A,MYSE
151.909,8443,6/3/2015,5/24/2015,20:05:17,7,32,AH0,255,35.4624,Day,F,L,A,MYSE
151.909,8443,6/3/2015,5/26/2015,20:05:17,7,27.4,AH0,207,26.9075592,Day,F,L,A,MYSE
151.909,8443,6/3/2015,5/26/2015,20:05:19,7,27.4,AH0,207,26.9075592,Day,F,L,A,MYSE
151.909,8443,6/3/2015,5/26/2015,20:05:21,7,27.4,AH0,201,26.9075592,Day,F,L,A,MYSE
151.909,8443,6/3/2015,5/30/2015,20:05:25,7,32.6,AH0,247,36.1807608,Day,F,L,A,MYSE
151.909,8443,6/3/2015,5/25/2015,20:05:26,7,29.6,AH0,255,31.7239488,Day,F,L,A,MYSE
151.909,8443,6/3/2015,5/28/2015,20:05:26,7,31.9,AH0,252,35.3347947,Day,F,L,A,MYSE
151.909,8443,6/3/2015,5/29/2015,20:05:26,7,32.9,AH0,255,36.5104437,Day,F,L,A,MYSE
151.909,8443,6/3/2015,5/30/2015,20:05:27,7,32.6,AH0,247,36.1807608,Day,F,L,A,MYSE
151.909,8443,6/3/2015,5/25/2015,20:05:28,7,29.6,AH0,255,31.7239488,Day,F,L,A,MYSE
151.909,8443,6/3/2015,5/28/2015,20:05:28,7,31.9,AH0,253,35.3347947,Day,F,L,A,MYSE
151.909,8443,6/3/2015,5/29/2015,20:05:28,7,32.9,AH0,255,36.5104437,Day,F,L,A,MYSE
151.909,8443,6/3/2015,5/30/2015,20:05:29,7,32.6,AH0,246,36.1807608,Day,F,L,A,MYSE
151.909,8443,6/3/2015,5/25/2015,20:05:30,7,29.6,AH0,255,31.7239488,Day,F,L,A,MYSE
151.909,8443,6/3/2015,5/28/2015,20:05:30,7,31.9,AH0,253,35.3347947,Day,F,L,A,MYSE
151.909,8443,6/3/2015,5/29/2015,20:05:30,7,32.9,AH0,254,36.5104437,Day,F,L,A,MYSE
151.909,8443,6/3/2015,5/29/2015,20:05:31,7,32.9,AH0,254,36.5104437,Day,F,L,A,MYSE
151.909,8443,6/3/2015,5/30/2015,20:05:31,7,32.6,AH0,244,36.1807608,Day,F,L,A,MYSE
151.909,8443,6/3/2015,5/25/2015,20:05:32,7,29.6,AH0,255,31.7239488,Day,F,L,A,MYSE
151.909,8443,6/3/2015,5/28/2015,20:05:32,7,31.9,AH0,253,35.3347947,Day,F,L,A,MYSE
151.909,8443,6/3/2015,5/24/2015,20:05:33,7,32,AH0,255,35.4624,Day,F,L,A,MYSE
151.909,8443,6/3/2015,5/24/2015,20:05:34,7,32,AH0,255,35.4624,Day,F,L,A,MYSE
151.909,8443,6/3/2015,5/24/2015,20:05:36,7,32,AH0,255,35.4624,Day,F,L,A,MYSE
151.909,8443,6/3/2015,5/26/2015,20:05:37,7,27.4,AH0,204,26.9075592,Day,F,L,A,MYSE
151.909,8443,6/3/2015,5/24/2015,20:05:38,7,32,AH0,255,35.4624,Day,F,L,A,MYSE
151.909,8443,6/3/2015,5/26/2015,20:05:39,7,27.4,AH0,208,26.9075592,Day,F,L,A,MYSE
151.909,8443,6/3/2015,5/26/2015,20:05:41,7,27.4,AH0,201,26.9075592,Day,F,L,A,MYSE
151.909,8443,6/3/2015,5/25/2015,20:05:46,7,29.5,AH0,255,31.5355875,Day,F,L,A,MYSE
151.909,8443,6/3/2015,5/29/2015,20:05:46,7,32.9,AH0,254,36.5104437,Day,F,L,A,MYSE
151.909,8443,6/3/2015,5/30/2015,20:05:46,7,32.6,AH0,244,36.1807608,Day,F,L,A,MYSE
151.909,8443,6/3/2015,5/28/2015,20:05:47,7,31.9,AH0,253,35.3347947,Day,F,L,A,MYSE
151.909,8443,6/3/2015,5/30/2015,20:05:47,7,32.6,AH0,244,36.1807608,Day,F,L,A,MYSE
151.909,8443,6/3/2015,5/25/2015,20:05:48,7,29.5,AH0,255,31.5355875,Day,F,L,A,MYSE
151.909,8443,6/3/2015,5/29/2015,20:05:48,7,32.9,AH0,254,36.5104437,Day,F,L,A,MYSE
151.909,8443,6/3/2015,5/28/2015,20:05:49,7,31.9,AH0,254,35.3347947,Day,F,L,A,MYSE
151.909,8443,6/3/2015,5/30/2015,20:05:49,7,32.6,AH0,243,36.1807608,Day,F,L,A,MYSE
151.909,8443,6/3/2015,5/25/2015,20:05:50,7,29.5,AH0,255,31.5355875,Day,F,L,A,MYSE
151.909,8443,6/3/2015,5/29/2015,20:05:50,7,32.9,AH0,254,36.5104437,Day,F,L,A,MYSE
151.909,8443,6/3/2015,5/24/2015,20:05:51,7,32,AH0,255,35.4624,Day,F,L,A,MYSE
151.909,8443,6/3/2015,5/28/2015,20:05:51,7,31.9,AH0,254,35.3347947,Day,F,L,A,MYSE
151.909,8443,6/3/2015,5/29/2015,20:05:51,7,32.9,AH0,254,36.5104437,Day,F,L,A,MYSE
151.909,8443,6/3/2015,5/30/2015,20:05:51,7,32.6,AH0,245,36.1807608,Day,F,L,A,MYSE
151.909,8443,6/3/2015,5/24/2015,20:05:53,7,32,AH0,255,35.4624,Day,F,L,A,MYSE
151.909,8443,6/3/2015,5/28/2015,20:05:53,7,31.9,AH0,253,35.3347947,Day,F,L,A,MYSE
151.909,8443,6/3/2015,5/24/2015,20:05:55,7,32,AH0,255,35.4624,Day,F,L,A,MYSE
151.909,8443,6/3/2015,5/24/2015,20:05:57,7,32,AH0,255,35.4624,Day,F,L,A,MYSE
151.909,8443,6/3/2015,5/26/2015,20:05:57,7,27.2,AH0,214,26.3961984,Day,F,L,A,MYSE
151.909,8443,6/3/2015,5/24/2015,20:05:59,7,32,AH0,255,35.4624,Day,F,L,A,MYSE
151.909,8443,6/3/2015,5/26/2015,20:05:59,7,27.3,AH0,234,26.6534861,Day,F,L,A,MYSE
151.909,8443,6/3/2015,5/26/2015,20:06:01,7,27.3,AH0,227,26.6534861,Day,F,L,A,MYSE
151.909,8443,6/3/2015,5/25/2015,20:06:04,7,29.5,AH0,255,31.5355875,Day,F,L,A,MYSE
151.909,8443,6/3/2015,5/25/2015,20:06:06,7,29.5,AH0,255,31.5355875,Day,F,L,A,MYSE
151.909,8443,6/3/2015,5/28/2015,20:06:06,7,31.9,AH0,253,35.3347947,Day,F,L,A,MYSE
151.909,8443,6/3/2015,5/29/2015,20:06:06,7,32.9,AH0,253,36.5104437,Day,F,L,A,MYSE
151.909,8443,6/3/2015,5/30/2015,20:06:06,7,32.6,AH0,244,36.1807608,Day,F,L,A,MYSE
151.909,8443,6/3/2015,5/25/2015,20:06:08,7,29.5,AH0,255,31.5355875,Day,F,L,A,MYSE
151.909,8443,6/3/2015,5/28/2015,20:06:08,7,31.9,AH0,254,35.3347947,Day,F,L,A,MYSE
151.909,8443,6/3/2015,5/29/2015,20:06:08,7,32.9,AH0,253,36.5104437,Day,F,L,A,MYSE
151.909,8443,6/3/2015,5/30/2015,20:06:08,7,32.6,AH0,244,36.1807608,Day,F,L,A,MYSE
151.909,8443,6/3/2015,5/28/2015,20:06:09,7,31.9,AH0,254,35.3347947,Day,F,L,A,MYSE
151.909,8443,6/3/2015,5/25/2015,20:06:10,7,29.5,AH0,255,31.5355875,Day,F,L,A,MYSE
151.909,8443,6/3/2015,5/29/2015,20:06:10,7,32.9,AH0,253,36.5104437,Day,F,L,A,MYSE
151.909,8443,6/3/2015,5/30/2015,20:06:10,7,32.6,AH0,244,36.1807608,Day,F,L,A,MYSE
151.909,8443,6/3/2015,5/28/2015,20:06:11,7,31.9,AH0,254,35.3347947,Day,F,L,A,MYSE
151.909,8443,6/3/2015,5/29/2015,20:06:11,7,32.9,AH0,254,36.5104437,Day,F,L,A,MYSE
151.909,8443,6/3/2015,5/30/2015,20:06:11,7,32.6,AH0,245,36.1807608,Day,F,L,A,MYSE
151.909,8443,6/3/2015,5/24/2015,20:06:12,7,31.9,AH0,255,35.3347947,Day,F,L,A,MYSE
151.909,8443,6/3/2015,5/28/2015,20:06:13,7,31.9,AH0,252,35.3347947,Day,F,L,A,MYSE
151.909,8443,6/3/2015,5/24/2015,20:06:14,7,31.9,AH0,255,35.3347947,Day,F,L,A,MYSE
151.909,8443,6/3/2015,5/24/2015,20:06:16,7,31.9,AH0,255,35.3347947,Day,F,L,A,MYSE
151.909,8443,6/3/2015,5/26/2015,20:06:16,7,27.3,AH0,250,26.6534861,Day,F,L,A,MYSE
151.909,8443,6/3/2015,5/24/2015,20:06:18,7,31.9,AH0,255,35.3347947,Day,F,L,A,MYSE
151.909,8443,6/3/2015,5/26/2015,20:06:18,7,27.3,AH0,250,26.6534861,Day,F,L,A,MYSE
151.909,8443,6/3/2015,5/26/2015,20:06:21,7,27.3,AH0,247,26.6534861,Day,F,L,A,MYSE
151.909,8443,6/3/2015,5/26/2015,20:06:23,7,27.3,AH0,251,26.6534861,Day,F,L,A,MYSE
151.909,8443,6/3/2015,5/25/2015,20:06:25,7,29.5,AH0,255,31.5355875,Day,F,L,A,MYSE
151.909,8443,6/3/2015,5/28/2015,20:06:26,7,31.8,AH0,252,35.2048856,Day,F,L,A,MYSE
151.909,8443,6/3/2015,5/29/2015,20:06:26,7,32.9,AH0,255,36.5104437,Day,F,L,A,MYSE
151.909,8443,6/3/2015,5/30/2015,20:06:26,7,32.6,AH0,244,36.1807608,Day,F,L,A,MYSE
151.909,8443,6/3/2015,5/25/2015,20:06:27,7,29.5,AH0,255,31.5355875,Day,F,L,A,MYSE
151.909,8443,6/3/2015,5/28/2015,20:06:28,7,31.8,AH0,253,35.2048856,Day,F,L,A,MYSE
151.909,8443,6/3/2015,5/29/2015,20:06:28,7,32.9,AH0,254,36.5104437,Day,F,L,A,MYSE
151.909,8443,6/3/2015,5/30/2015,20:06:28,7,32.6,AH0,245,36.1807608,Day,F,L,A,MYSE
151.909,8443,6/3/2015,5/25/2015,20:06:29,7,29.4,AH0,255,31.3444472,Day,F,L,A,MYSE
151.909,8443,6/3/2015,5/28/2015,20:06:30,7,31.8,AH0,252,35.2048856,Day,F,L,A,MYSE
151.909,8443,6/3/2015,5/29/2015,20:06:30,7,32.9,AH0,253,36.5104437,Day,F,L,A,MYSE
151.909,8443,6/3/2015,5/30/2015,20:06:30,7,32.6,AH0,243,36.1807608,Day,F,L,A,MYSE
151.909,8443,6/3/2015,5/25/2015,20:06:31,7,29.4,AH0,255,31.3444472,Day,F,L,A,MYSE
151.909,8443,6/3/2015,5/28/2015,20:06:32,7,31.8,AH0,253,35.2048856,Day,F,L,A,MYSE
151.909,8443,6/3/2015,5/29/2015,20:06:32,7,32.9,AH0,254,36.5104437,Day,F,L,A,MYSE
151.909,8443,6/3/2015,5/30/2015,20:06:32,7,32.6,AH0,242,36.1807608,Day,F,L,A,MYSE
151.909,8443,6/3/2015,5/24/2015,20:06:33,7,31.9,AH0,255,35.3347947,Day,F,L,A,MYSE
151.909,8443,6/3/2015,5/24/2015,20:06:34,7,31.9,AH0,255,35.3347947,Day,F,L,A,MYSE
151.909,8443,6/3/2015,5/24/2015,20:06:36,7,31.9,AH0,255,35.3347947,Day,F,L,A,MYSE
151.909,8443,6/3/2015,5/26/2015,20:06:36,7,27.2,AH0,243,26.3961984,Day,F,L,A,MYSE
151.909,8443,6/3/2015,5/24/2015,20:06:38,7,31.9,AH0,255,35.3347947,Day,F,L,A,MYSE
151.909,8443,6/3/2015,5/26/2015,20:06:38,7,27.2,AH0,245,26.3961984,Day,F,L,A,MYSE
151.909,8443,6/3/2015,5/26/2015,20:06:40,7,27.2,AH0,245,26.3961984,Day,F,L,A,MYSE
151.909,8443,6/3/2015,5/26/2015,20:06:43,7,27.2,AH0,248,26.3961984,Day,F,L,A,MYSE
151.909,8443,6/3/2015,5/25/2015,20:06:45,7,29.4,AH0,255,31.3444472,Day,F,L,A,MYSE
151.909,8443,6/3/2015,5/30/2015,20:06:45,7,32.6,AH0,244,36.1807608,Day,F,L,A,MYSE
151.909,8443,6/3/2015,5/29/2015,20:06:46,7,32.9,AH0,254,36.5104437,Day,F,L,A,MYSE
151.909,8443,6/3/2015,5/30/2015,20:06:46,7,32.6,AH0,245,36.1807608,Day,F,L,A,MYSE
151.909,8443,6/3/2015,5/25/2015,20:06:47,7,29.4,AH0,255,31.3444472,Day,F,L,A,MYSE
151.909,8443,6/3/2015,5/28/2015,20:06:47,7,31.8,AH0,254,35.2048856,Day,F,L,A,MYSE
151.909,8443,6/3/2015,5/29/2015,20:06:48,7,32.9,AH0,253,36.5104437,Day,F,L,A,MYSE
151.909,8443,6/3/2015,5/30/2015,20:06:48,7,32.6,AH0,243,36.1807608,Day,F,L,A,MYSE
151.909,8443,6/3/2015,5/25/2015,20:06:49,7,29.4,AH0,255,31.3444472,Day,F,L,A,MYSE
151.909,8443,6/3/2015,5/28/2015,20:06:49,7,31.8,AH0,254,35.2048856,Day,F,L,A,MYSE
151.909,8443,6/3/2015,5/24/2015,20:06:50,7,31.9,AH0,255,35.3347947,Day,F,L,A,MYSE
151.909,8443,6/3/2015,5/29/2015,20:06:50,7,32.9,AH0,254,36.5104437,Day,F,L,A,MYSE
151.909,8443,6/3/2015,5/30/2015,20:06:50,7,32.6,AH0,243,36.1807608,Day,F,L,A,MYSE
151.909,8443,6/3/2015,5/25/2015,20:06:51,7,29.4,AH0,255,31.3444472,Day,F,L,A,MYSE
151.909,8443,6/3/2015,5/28/2015,20:06:51,7,31.8,AH0,253,35.2048856,Day,F,L,A,MYSE
151.909,8443,6/3/2015,5/24/2015,20:06:52,7,31.9,AH0,255,35.3347947,Day,F,L,A,MYSE
151.909,8443,6/3/2015,5/29/2015,20:06:52,7,32.9,AH0,255,36.5104437,Day,F,L,A,MYSE
151.909,8443,6/3/2015,5/30/2015,20:06:52,7,32.5,AH0,244,36.0665625,Day,F,L,A,MYSE
151.909,8443,6/3/2015,5/28/2015,20:06:53,7,31.8,AH0,254,35.2048856,Day,F,L,A,MYSE
151.909,8443,6/3/2015,5/24/2015,20:06:54,7,31.9,AH0,255,35.3347947,Day,F,L,A,MYSE
151.909,8443,6/3/2015,5/24/2015,20:06:56,7,31.9,AH0,255,35.3347947,Day,F,L,A,MYSE
151.909,8443,6/3/2015,5/26/2015,20:06:56,7,27.2,AH0,252,26.3961984,Day,F,L,A,MYSE
151.909,8443,6/3/2015,5/26/2015,20:06:58,7,27.2,AH0,253,26.3961984,Day,F,L,A,MYSE
151.909,8443,6/3/2015,5/26/2015,20:07:00,7,27.2,AH0,252,26.3961984,Day,F,L,A,MYSE
151.909,8443,6/3/2015,5/26/2015,20:07:03,7,27.2,AH0,253,26.3961984,Day,F,L,A,MYSE
151.909,8443,6/3/2015,5/25/2015,20:07:05,7,29.4,AH0,255,31.3444472,Day,F,L,A,MYSE
151.909,8443,6/3/2015,5/30/2015,20:07:05,7,32.6,AH0,245,36.1807608,Day,F,L,A,MYSE
151.909,8443,6/3/2015,5/28/2015,20:07:06,7,31.8,AH0,254,35.2048856,Day,F,L,A,MYSE
151.909,8443,6/3/2015,5/29/2015,20:07:06,7,32.9,AH0,253,36.5104437,Day,F,L,A,MYSE
151.909,8443,6/3/2015,5/25/2015,20:07:07,7,29.4,AH0,255,31.3444472,Day,F,L,A,MYSE
151.909,8443,6/3/2015,5/30/2015,20:07:07,7,32.6,AH0,245,36.1807608,Day,F,L,A,MYSE
151.909,8443,6/3/2015,5/28/2015,20:07:08,7,31.8,AH0,253,35.2048856,Day,F,L,A,MYSE
151.909,8443,6/3/2015,5/29/2015,20:07:08,7,32.9,AH0,254,36.5104437,Day,F,L,A,MYSE
151.909,8443,6/3/2015,5/25/2015,20:07:09,7,29.4,AH0,255,31.3444472,Day,F,L,A,MYSE
151.909,8443,6/3/2015,5/30/2015,20:07:09,7,32.6,AH0,246,36.1807608,Day,F,L,A,MYSE
151.909,8443,6/3/2015,5/28/2015,20:07:10,7,31.8,AH0,254,35.2048856,Day,F,L,A,MYSE
151.909,8443,6/3/2015,5/29/2015,20:07:10,7,32.9,AH0,254,36.5104437,Day,F,L,A,MYSE
151.909,8443,6/3/2015,5/30/2015,20:07:10,7,32.6,AH0,244,36.1807608,Day,F,L,A,MYSE
151.909,8443,6/3/2015,5/24/2015,20:07:11,7,31.8,AH0,255,35.2048856,Day,F,L,A,MYSE
151.909,8443,6/3/2015,5/25/2015,20:07:11,7,29.4,AH0,255,31.3444472,Day,F,L,A,MYSE
151.909,8443,6/3/2015,5/28/2015,20:07:12,7,31.8,AH0,253,35.2048856,Day,F,L,A,MYSE
151.909,8443,6/3/2015,5/29/2015,20:07:12,7,32.9,AH0,253,36.5104437,Day,F,L,A,MYSE
151.909,8443,6/3/2015,5/30/2015,20:07:12,7,32.6,AH0,245,36.1807608,Day,F,L,A,MYSE
151.909,8443,6/3/2015,5/24/2015,20:07:13,7,31.9,AH0,255,35.3347947,Day,F,L,A,MYSE
151.909,8443,6/3/2015,5/28/2015,20:07:14,7,31.8,AH0,253,35.2048856,Day,F,L,A,MYSE
151.909,8443,6/3/2015,5/24/2015,20:07:15,7,31.9,AH0,255,35.3347947,Day,F,L,A,MYSE
151.909,8443,6/3/2015,5/26/2015,20:07:16,7,27.4,AH0,254,26.9075592,Day,F,L,A,MYSE
151.909,8443,6/3/2015,5/24/2015,20:07:17,7,31.9,AH0,255,35.3347947,Day,F,L,A,MYSE
151.909,8443,6/3/2015,5/26/2015,20:07:18,7,27.4,AH0,255,26.9075592,Day,F,L,A,MYSE
151.909,8443,6/3/2015,5/26/2015,20:07:20,7,27.6,AH0,255,27.4061408,Day,F,L,A,MYSE
151.909,8443,6/3/2015,5/26/2015,20:07:22,7,27.6,AH0,255,27.4061408,Day,F,L,A,MYSE
151.909,8443,6/3/2015,5/30/2015,20:07:25,7,32.6,AH0,242,36.1807608,Day,F,L,A,MYSE
151.909,8443,6/3/2015,5/25/2015,20:07:26,7,29.3,AH0,255,31.1505081,Day,F,L,A,MYSE
151.909,8443,6/3/2015,5/29/2015,20:07:26,7,32.8,AH0,253,36.4026816,Day,F,L,A,MYSE
151.909,8443,6/3/2015,5/28/2015,20:07:27,7,31.8,AH0,253,35.2048856,Day,F,L,A,MYSE
151.909,8443,6/3/2015,5/30/2015,20:07:27,7,32.6,AH0,246,36.1807608,Day,F,L,A,MYSE
151.909,8443,6/3/2015,5/25/2015,20:07:28,7,29.3,AH0,255,31.1505081,Day,F,L,A,MYSE
151.909,8443,6/3/2015,5/29/2015,20:07:28,7,32.8,AH0,253,36.4026816,Day,F,L,A,MYSE
151.909,8443,6/3/2015,5/28/2015,20:07:29,7,31.8,AH0,251,35.2048856,Day,F,L,A,MYSE
151.909,8443,6/3/2015,5/30/2015,20:07:29,7,32.6,AH0,246,36.1807608,Day,F,L,A,MYSE
151.909,8443,6/3/2015,5/24/2015,20:07:30,7,31.8,AH0,255,35.2048856,Day,F,L,A,MYSE
151.909,8443,6/3/2015,5/25/2015,20:07:30,7,29.3,AH0,255,31.1505081,Day,F,L,A,MYSE
151.909,8443,6/3/2015,5/29/2015,20:07:30,7,32.8,AH0,254,36.4026816,Day,F,L,A,MYSE
151.909,8443,6/3/2015,5/28/2015,20:07:31,7,31.8,AH0,253,35.2048856,Day,F,L,A,MYSE
151.909,8443,6/3/2015,5/30/2015,20:07:31,7,32.6,AH0,245,36.1807608,Day,F,L,A,MYSE
151.909,8443,6/3/2015,5/24/2015,20:07:32,7,31.8,AH0,255,35.2048856,Day,F,L,A,MYSE
151.909,8443,6/3/2015,5/28/2015,20:07:32,7,31.8,AH0,252,35.2048856,Day,F,L,A,MYSE
151.909,8443,6/3/2015,5/29/2015,20:07:32,7,32.8,AH0,255,36.4026816,Day,F,L,A,MYSE
151.909,8443,6/3/2015,5/30/2015,20:07:32,7,32.6,AH0,246,36.1807608,Day,F,L,A,MYSE
151.909,8443,6/3/2015,5/24/2015,20:07:34,7,31.8,AH0,255,35.2048856,Day,F,L,A,MYSE
151.909,8443,6/3/2015,5/26/2015,20:07:35,7,28.1,AH0,255,28.5977253,Day,F,L,A,MYSE
151.909,8443,6/3/2015,5/24/2015,20:07:36,7,31.8,AH0,255,35.2048856,Day,F,L,A,MYSE
151.909,8443,6/3/2015,5/26/2015,20:07:37,7,28.1,AH0,255,28.5977253,Day,F,L,A,MYSE
151.909,8443,6/3/2015,5/24/2015,20:07:38,7,31.8,AH0,255,35.2048856,Day,F,L,A,MYSE
151.909,8443,6/3/2015,5/26/2015,20:07:39,7,28.2,AH0,255,28.8267944,Day,F,L,A,MYSE
151.909,8443,6/3/2015,5/26/2015,20:07:42,7,28.2,AH0,255,28.8267944,Day,F,L,A,MYSE
151.909,8443,6/3/2015,5/25/2015,20:07:44,7,29.3,AH0,255,31.1505081,Day,F,L,A,MYSE
151.909,8443,6/3/2015,5/30/2015,20:07:45,7,32.6,AH0,241,36.1807608,Day,F,L,A,MYSE
151.909,8443,6/3/2015,5/25/2015,20:07:46,7,29.3,AH0,255,31.1505081,Day,F,L,A,MYSE
151.909,8443,6/3/2015,5/28/2015,20:07:46,7,31.8,AH0,254,35.2048856,Day,F,L,A,MYSE
151.909,8443,6/3/2015,5/29/2015,20:07:46,7,32.8,AH0,254,36.4026816,Day,F,L,A,MYSE
151.909,8443,6/3/2015,5/30/2015,20:07:47,7,32.6,AH0,246,36.1807608,Day,F,L,A,MYSE
151.909,8443,6/3/2015,5/25/2015,20:07:48,7,29.3,AH0,255,31.1505081,Day,F,L,A,MYSE
151.909,8443,6/3/2015,5/28/2015,20:07:48,7,31.9,AH0,253,35.3347947,Day,F,L,A,MYSE
151.909,8443,6/3/2015,5/29/2015,20:07:48,7,32.8,AH0,255,36.4026816,Day,F,L,A,MYSE
151.909,8443,6/3/2015,5/28/2015,20:07:49,7,31.8,AH0,254,35.2048856,Day,F,L,A,MYSE
151.909,8443,6/3/2015,5/30/2015,20:07:49,7,32.6,AH0,244,36.1807608,Day,F,L,A,MYSE
151.909,8443,6/3/2015,5/25/2015,20:07:50,7,29.3,AH0,255,31.1505081,Day,F,L,A,MYSE
151.909,8443,6/3/2015,5/29/2015,20:07:50,7,32.8,AH0,254,36.4026816,Day,F,L,A,MYSE
151.909,8443,6/3/2015,5/24/2015,20:07:51,7,31.8,AH0,255,35.2048856,Day,F,L,A,MYSE
151.909,8443,6/3/2015,5/28/2015,20:07:51,7,31.9,AH0,254,35.3347947,Day,F,L,A,MYSE
151.909,8443,6/3/2015,5/30/2015,20:07:51,7,32.6,AH0,245,36.1807608,Day,F,L,A,MYSE
151.909,8443,6/3/2015,5/29/2015,20:07:52,7,32.8,AH0,254,36.4026816,Day,F,L,A,MYSE
151.909,8443,6/3/2015,5/24/2015,20:07:53,7,31.8,AH0,255,35.2048856,Day,F,L,A,MYSE
151.909,8443,6/3/2015,5/28/2015,20:07:53,7,31.9,AH0,253,35.3347947,Day,F,L,A,MYSE
151.909,8443,6/3/2015,5/24/2015,20:07:54,7,31.8,AH0,255,35.2048856,Day,F,L,A,MYSE
151.909,8443,6/3/2015,5/24/2015,20:07:56,7,31.8,AH0,255,35.2048856,Day,F,L,A,MYSE
151.909,8443,6/3/2015,5/26/2015,20:07:56,7,28.5,AH0,255,29.4958625,Day,F,L,A,MYSE
151.909,8443,6/3/2015,5/26/2015,20:07:58,7,28.5,AH0,255,29.4958625,Day,F,L,A,MYSE
151.909,8443,6/3/2015,5/26/2015,20:08:01,7,28.6,AH0,255,29.7129048,Day,F,L,A,MYSE
151.909,8443,6/3/2015,5/26/2015,20:08:03,7,28.6,AH0,255,29.7129048,Day,F,L,A,MYSE
151.909,8443,6/3/2015,5/25/2015,20:08:05,7,29.2,AH0,255,30.9537504,Day,F,L,A,MYSE
151.909,8443,6/3/2015,5/28/2015,20:08:06,7,31.9,AH0,254,35.3347947,Day,F,L,A,MYSE
151.909,8443,6/3/2015,5/30/2015,20:08:06,7,32.6,AH0,245,36.1807608,Day,F,L,A,MYSE
151.909,8443,6/3/2015,5/25/2015,20:08:07,7,29.2,AH0,255,30.9537504,Day,F,L,A,MYSE
151.909,8443,6/3/2015,5/29/2015,20:08:07,7,32.8,AH0,253,36.4026816,Day,F,L,A,MYSE
151.909,8443,6/3/2015,5/30/2015,20:08:07,7,32.6,AH0,244,36.1807608,Day,F,L,A,MYSE
151.909,8443,6/3/2015,5/28/2015,20:08:08,7,31.9,AH0,254,35.3347947,Day,F,L,A,MYSE
151.909,8443,6/3/2015,5/29/2015,20:08:08,7,32.8,AH0,254,36.4026816,Day,F,L,A,MYSE
151.909,8443,6/3/2015,5/25/2015,20:08:09,7,29.2,AH0,255,30.9537504,Day,F,L,A,MYSE
151.909,8443,6/3/2015,5/30/2015,20:08:09,7,32.6,AH0,244,36.1807608,Day,F,L,A,MYSE
151.909,8443,6/3/2015,5/28/2015,20:08:10,7,31.9,AH0,254,35.3347947,Day,F,L,A,MYSE
151.909,8443,6/3/2015,5/29/2015,20:08:10,7,32.8,AH0,253,36.4026816,Day,F,L,A,MYSE
151.909,8443,6/3/2015,5/24/2015,20:08:11,7,31.8,AH0,255,35.2048856,Day,F,L,A,MYSE
151.909,8443,6/3/2015,5/25/2015,20:08:11,7,29.2,AH0,255,30.9537504,Day,F,L,A,MYSE
151.909,8443,6/3/2015,5/30/2015,20:08:11,7,32.6,AH0,244,36.1807608,Day,F,L,A,MYSE
151.909,8443,6/3/2015,5/28/2015,20:08:12,7,31.9,AH0,252,35.3347947,Day,F,L,A,MYSE
151.909,8443,6/3/2015,5/29/2015,20:08:12,7,32.8,AH0,253,36.4026816,Day,F,L,A,MYSE
151.909,8443,6/3/2015,5/24/2015,20:08:13,7,31.8,AH0,255,35.2048856,Day,F,L,A,MYSE
151.909,8443,6/3/2015,5/24/2015,20:08:15,7,31.8,AH0,255,35.2048856,Day,F,L,A,MYSE
151.909,8443,6/3/2015,5/26/2015,20:08:15,7,28.6,AH0,255,29.7129048,Day,F,L,A,MYSE
151.909,8443,6/3/2015,5/24/2015,20:08:17,7,31.8,AH0,255,35.2048856,Day,F,L,A,MYSE
151.909,8443,6/3/2015,5/26/2015,20:08:17,7,28.6,AH0,255,29.7129048,Day,F,L,A,MYSE
151.909,8443,6/3/2015,5/26/2015,20:08:19,7,28.5,AH0,255,29.4958625,Day,F,L,A,MYSE
151.909,8443,6/3/2015,5/26/2015,20:08:22,7,28.5,AH0,255,29.4958625,Day,F,L,A,MYSE
151.909,8443,6/3/2015,5/25/2015,20:08:25,7,29.2,AH0,255,30.9537504,Day,F,L,A,MYSE
151.909,8443,6/3/2015,5/30/2015,20:08:26,7,32.6,AH0,241,36.1807608,Day,F,L,A,MYSE
151.909,8443,6/3/2015,5/25/2015,20:08:27,7,29.2,AH0,255,30.9537504,Day,F,L,A,MYSE
151.909,8443,6/3/2015,5/28/2015,20:08:27,7,31.9,AH0,253,35.3347947,Day,F,L,A,MYSE
151.909,8443,6/3/2015,5/29/2015,20:08:27,7,32.8,AH0,254,36.4026816,Day,F,L,A,MYSE
151.909,8443,6/3/2015,5/30/2015,20:08:28,7,32.6,AH0,244,36.1807608,Day,F,L,A,MYSE
151.909,8443,6/3/2015,5/25/2015,20:08:29,7,29.1,AH0,255,30.7541543,Day,F,L,A,MYSE
151.909,8443,6/3/2015,5/28/2015,20:08:29,7,31.9,AH0,254,35.3347947,Day,F,L,A,MYSE
151.909,8443,6/3/2015,5/29/2015,20:08:29,7,32.8,AH0,255,36.4026816,Day,F,L,A,MYSE
151.909,8443,6/3/2015,5/24/2015,20:08:30,7,31.8,AH0,255,35.2048856,Day,F,L,A,MYSE
151.909,8443,6/3/2015,5/29/2015,20:08:30,7,32.8,AH0,254,36.4026816,Day,F,L,A,MYSE
151.909,8443,6/3/2015,5/30/2015,20:08:30,7,32.6,AH0,244,36.1807608,Day,F,L,A,MYSE
151.909,8443,6/3/2015,5/25/2015,20:08:31,7,29.2,AH0,255,30.9537504,Day,F,L,A,MYSE
151.909,8443,6/3/2015,5/28/2015,20:08:31,7,31.9,AH0,254,35.3347947,Day,F,L,A,MYSE
151.909,8443,6/3/2015,5/30/2015,20:08:31,7,32.6,AH0,245,36.1807608,Day,F,L,A,MYSE
151.909,8443,6/3/2015,5/24/2015,20:08:32,7,31.8,AH0,255,35.2048856,Day,F,L,A,MYSE
151.909,8443,6/3/2015,5/29/2015,20:08:32,7,32.8,AH0,254,36.4026816,Day,F,L,A,MYSE
151.909,8443,6/3/2015,5/28/2015,20:08:33,7,31.9,AH0,254,35.3347947,Day,F,L,A,MYSE
151.909,8443,6/3/2015,5/24/2015,20:08:34,7,31.8,AH0,255,35.2048856,Day,F,L,A,MYSE
151.909,8443,6/3/2015,5/24/2015,20:08:36,7,31.8,AH0,255,35.2048856,Day,F,L,A,MYSE
151.909,8443,6/3/2015,5/26/2015,20:08:36,7,28.7,AH0,255,29.9269899,Day,F,L,A,MYSE
151.909,8443,6/3/2015,5/26/2015,20:08:38,7,28.7,AH0,253,29.9269899,Day,F,L,A,MYSE
151.909,8443,6/3/2015,5/26/2015,20:08:40,7,28.8,AH0,254,30.1381376,Day,F,L,A,MYSE
151.909,8443,6/3/2015,5/26/2015,20:08:42,7,28.9,AH0,255,30.3463677,Day,F,L,A,MYSE
151.909,8443,6/3/2015,5/29/2015,20:08:45,7,32.9,AH0,254,36.5104437,Day,F,L,A,MYSE
151.909,8443,6/3/2015,5/25/2015,20:08:46,7,29.1,AH0,255,30.7541543,Day,F,L,A,MYSE
151.909,8443,6/3/2015,5/28/2015,20:08:46,7,32,AH0,254,35.4624,Day,F,L,A,MYSE
151.909,8443,6/3/2015,5/30/2015,20:08:46,7,32.6,AH0,246,36.1807608,Day,F,L,A,MYSE
151.909,8443,6/3/2015,5/29/2015,20:08:47,7,32.9,AH0,254,36.5104437,Day,F,L,A,MYSE
151.909,8443,6/3/2015,5/25/2015,20:08:48,7,29.1,AH0,255,30.7541543,Day,F,L,A,MYSE
151.909,8443,6/3/2015,5/28/2015,20:08:48,7,32,AH0,254,35.4624,Day,F,L,A,MYSE
151.909,8443,6/3/2015,5/30/2015,20:08:48,7,32.6,AH0,246,36.1807608,Day,F,L,A,MYSE
151.909,8443,6/3/2015,5/29/2015,20:08:49,7,32.9,AH0,254,36.5104437,Day,F,L,A,MYSE
151.909,8443,6/3/2015,5/25/2015,20:08:50,7,29.1,AH0,255,30.7541543,Day,F,L,A,MYSE
151.909,8443,6/3/2015,5/28/2015,20:08:50,7,32,AH0,255,35.4624,Day,F,L,A,MYSE
151.909,8443,6/3/2015,5/29/2015,20:08:50,7,32.9,AH0,253,36.5104437,Day,F,L,A,MYSE
151.909,8443,6/3/2015,5/30/2015,20:08:50,7,32.6,AH0,243,36.1807608,Day,F,L,A,MYSE
151.909,8443,6/3/2015,5/24/2015,20:08:51,7,31.7,AH0,255,35.0726529,Day,F,L,A,MYSE
151.909,8443,6/3/2015,5/28/2015,20:08:51,7,32,AH0,255,35.4624,Day,F,L,A,MYSE
151.909,8443,6/3/2015,5/29/2015,20:08:52,7,32.9,AH0,254,36.5104437,Day,F,L,A,MYSE
151.909,8443,6/3/2015,5/30/2015,20:08:52,7,32.6,AH0,247,36.1807608,Day,F,L,A,MYSE
151.909,8443,6/3/2015,5/24/2015,20:08:53,7,31.7,AH0,255,35.0726529,Day,F,L,A,MYSE
151.909,8443,6/3/2015,5/28/2015,20:08:53,7,32,AH0,254,35.4624,Day,F,L,A,MYSE
151.909,8443,6/3/2015,5/24/2015,20:08:55,7,31.7,AH0,255,35.0726529,Day,F,L,A,MYSE
151.909,8443,6/3/2015,5/24/2015,20:08:57,7,31.7,AH0,255,35.0726529,Day,F,L,A,MYSE
151.909,8443,6/3/2015,5/26/2015,20:08:57,7,29.1,AH0,253,30.7541543,Day,F,L,A,MYSE
151.909,8443,6/3/2015,5/26/2015,20:08:59,7,29.1,AH0,255,30.7541543,Day,F,L,A,MYSE
151.909,8443,6/3/2015,5/26/2015,20:09:01,7,29.1,AH0,254,30.7541543,Day,F,L,A,MYSE
151.909,8443,6/3/2015,5/25/2015,20:09:04,7,29.1,AH0,255,30.7541543,Day,F,L,A,MYSE
151.909,8443,6/3/2015,5/29/2015,20:09:05,7,32.9,AH0,254,36.5104437,Day,F,L,A,MYSE
151.909,8443,6/3/2015,5/30/2015,20:09:05,7,32.6,AH0,245,36.1807608,Day,F,L,A,MYSE
151.909,8443,6/3/2015,5/28/2015,20:09:06,7,32,AH0,255,35.4624,Day,F,L,A,MYSE
151.909,8443,6/3/2015,5/30/2015,20:09:06,7,32.6,AH0,246,36.1807608,Day,F,L,A,MYSE
151.909,8443,6/3/2015,5/25/2015,20:09:07,7,29.1,AH0,255,30.7541543,Day,F,L,A,MYSE
151.909,8443,6/3/2015,5/29/2015,20:09:07,7,32.9,AH0,254,36.5104437,Day,F,L,A,MYSE
151.909,8443,6/3/2015,5/28/2015,20:09:08,7,32.1,AH0,255,35.5877213,Day,F,L,A,MYSE
151.909,8443,6/3/2015,5/30/2015,20:09:08,7,32.6,AH0,247,36.1807608,Day,F,L,A,MYSE
151.909,8443,6/3/2015,5/25/2015,20:09:09,7,29.1,AH0,255,30.7541543,Day,F,L,A,MYSE
151.909,8443,6/3/2015,5/29/2015,20:09:09,7,32.9,AH0,255,36.5104437,Day,F,L,A,MYSE
151.909,8443,6/3/2015,5/24/2015,20:09:10,7,31.7,AH0,255,35.0726529,Day,F,L,A,MYSE
151.909,8443,6/3/2015,5/28/2015,20:09:10,7,32.1,AH0,254,35.5877213,Day,F,L,A,MYSE
151.909,8443,6/3/2015,5/30/2015,20:09:10,7,32.6,AH0,245,36.1807608,Day,F,L,A,MYSE
151.909,8443,6/3/2015,5/25/2015,20:09:11,7,29.1,AH0,255,30.7541543,Day,F,L,A,MYSE
151.909,8443,6/3/2015,5/29/2015,20:09:11,7,32.9,AH0,254,36.5104437,Day,F,L,A,MYSE
151.909,8443,6/3/2015,5/24/2015,20:09:12,7,31.7,AH0,255,35.0726529,Day,F,L,A,MYSE
151.909,8443,6/3/2015,5/28/2015,20:09:12,7,32.1,AH0,255,35.5877213,Day,F,L,A,MYSE
151.909,8443,6/3/2015,5/29/2015,20:09:12,7,32.9,AH0,255,36.5104437,Day,F,L,A,MYSE
151.909,8443,6/3/2015,5/30/2015,20:09:12,7,32.6,AH0,244,36.1807608,Day,F,L,A,MYSE
151.909,8443,6/3/2015,5/24/2015,20:09:14,7,31.7,AH0,255,35.0726529,Day,F,L,A,MYSE
151.909,8443,6/3/2015,5/24/2015,20:09:16,7,31.7,AH0,255,35.0726529,Day,F,L,A,MYSE
151.909,8443,6/3/2015,5/26/2015,20:09:16,7,29.2,AH0,255,30.9537504,Day,F,L,A,MYSE
151.909,8443,6/3/2015,5/24/2015,20:09:18,7,31.7,AH0,255,35.0726529,Day,F,L,A,MYSE
151.909,8443,6/3/2015,5/26/2015,20:09:18,7,29.3,AH0,255,31.1505081,Day,F,L,A,MYSE
151.909,8443,6/3/2015,5/26/2015,20:09:20,7,29.3,AH0,254,31.1505081,Day,F,L,A,MYSE
151.909,8443,6/3/2015,5/26/2015,20:09:22,7,29.3,AH0,254,31.1505081,Day,F,L,A,MYSE
151.909,8443,6/3/2015,5/25/2015,20:09:25,7,29,AH0,255,30.5517,Day,F,L,A,MYSE
151.909,8443,6/3/2015,5/29/2015,20:09:25,7,32.8,AH0,254,36.4026816,Day,F,L,A,MYSE
151.909,8443,6/3/2015,5/30/2015,20:09:25,7,32.6,AH0,245,36.1807608,Day,F,L,A,MYSE
151.909,8443,6/3/2015,5/25/2015,20:09:27,7,29,AH0,255,30.5517,Day,F,L,A,MYSE
151.909,8443,6/3/2015,5/28/2015,20:09:27,7,32.1,AH0,255,35.5877213,Day,F,L,A,MYSE
151.909,8443,6/3/2015,5/29/2015,20:09:27,7,32.8,AH0,255,36.4026816,Day,F,L,A,MYSE
151.909,8443,6/3/2015,5/30/2015,20:09:27,7,32.6,AH0,245,36.1807608,Day,F,L,A,MYSE
151.909,8443,6/3/2015,5/30/2015,20:09:28,7,32.6,AH0,245,36.1807608,Day,F,L,A,MYSE
151.909,8443,6/3/2015,5/25/2015,20:09:29,7,29,AH0,255,30.5517,Day,F,L,A,MYSE
151.909,8443,6/3/2015,5/28/2015,20:09:29,7,32.1,AH0,254,35.5877213,Day,F,L,A,MYSE
151.909,8443,6/3/2015,5/29/2015,20:09:29,7,32.8,AH0,254,36.4026816,Day,F,L,A,MYSE
151.909,8443,6/3/2015,5/30/2015,20:09:30,7,32.6,AH0,246,36.1807608,Day,F,L,A,MYSE
151.909,8443,6/3/2015,5/24/2015,20:09:31,7,31.7,AH0,255,35.0726529,Day,F,L,A,MYSE
151.909,8443,6/3/2015,5/25/2015,20:09:31,7,29,AH0,255,30.5517,Day,F,L,A,MYSE
151.909,8443,6/3/2015,5/28/2015,20:09:31,7,32.1,AH0,255,35.5877213,Day,F,L,A,MYSE
151.909,8443,6/3/2015,5/29/2015,20:09:31,7,32.8,AH0,254,36.4026816,Day,F,L,A,MYSE
151.909,8443,6/3/2015,5/29/2015,20:09:32,7,32.8,AH0,253,36.4026816,Day,F,L,A,MYSE
151.909,8443,6/3/2015,5/30/2015,20:09:32,7,32.6,AH0,244,36.1807608,Day,F,L,A,MYSE
151.909,8443,6/3/2015,5/24/2015,20:09:33,7,31.7,AH0,255,35.0726529,Day,F,L,A,MYSE
151.909,8443,6/3/2015,5/28/2015,20:09:33,7,32.1,AH0,254,35.5877213,Day,F,L,A,MYSE
151.909,8443,6/3/2015,5/24/2015,20:09:35,7,31.7,AH0,255,35.0726529,Day,F,L,A,MYSE
151.909,8443,6/3/2015,5/26/2015,20:09:36,7,29.4,AH0,255,31.3444472,Day,F,L,A,MYSE
151.909,8443,6/3/2015,5/24/2015,20:09:37,7,31.7,AH0,255,35.0726529,Day,F,L,A,MYSE
151.909,8443,6/3/2015,5/26/2015,20:09:38,7,29.4,AH0,255,31.3444472,Day,F,L,A,MYSE
151.909,8443,6/3/2015,5/26/2015,20:09:40,7,29.4,AH0,255,31.3444472,Day,F,L,A,MYSE
151.909,8443,6/3/2015,5/26/2015,20:09:42,7,29.4,AH0,255,31.3444472,Day,F,L,A,MYSE
151.909,8443,6/3/2015,5/29/2015,20:09:45,7,32.8,AH0,254,36.4026816,Day,F,L,A,MYSE
151.909,8443,6/3/2015,5/30/2015,20:09:45,7,32.6,AH0,245,36.1807608,Day,F,L,A,MYSE
151.909,8443,6/3/2015,5/25/2015,20:09:46,7,29,AH0,255,30.5517,Day,F,L,A,MYSE
151.909,8443,6/3/2015,5/28/2015,20:09:46,7,32.1,AH0,255,35.5877213,Day,F,L,A,MYSE
151.909,8443,6/3/2015,5/29/2015,20:09:47,7,32.8,AH0,254,36.4026816,Day,F,L,A,MYSE
151.909,8443,6/3/2015,5/30/2015,20:09:47,7,32.6,AH0,246,36.1807608,Day,F,L,A,MYSE
151.909,8443,6/3/2015,5/25/2015,20:09:48,7,29,AH0,255,30.5517,Day,F,L,A,MYSE
151.909,8443,6/3/2015,5/28/2015,20:09:48,7,32.1,AH0,254,35.5877213,Day,F,L,A,MYSE
151.909,8443,6/3/2015,5/28/2015,20:09:49,7,32.1,AH0,254,35.5877213,Day,F,L,A,MYSE
151.909,8443,6/3/2015,5/29/2015,20:09:49,7,32.8,AH0,254,36.4026816,Day,F,L,A,MYSE
151.909,8443,6/3/2015,5/30/2015,20:09:49,7,32.6,AH0,246,36.1807608,Day,F,L,A,MYSE
151.909,8443,6/3/2015,5/24/2015,20:09:50,7,31.7,AH0,255,35.0726529,Day,F,L,A,MYSE
151.909,8443,6/3/2015,5/25/2015,20:09:50,7,29,AH0,255,30.5517,Day,F,L,A,MYSE
151.909,8443,6/3/2015,5/28/2015,20:09:51,7,32.1,AH0,254,35.5877213,Day,F,L,A,MYSE
151.909,8443,6/3/2015,5/29/2015,20:09:51,7,32.8,AH0,255,36.4026816,Day,F,L,A,MYSE
151.909,8443,6/3/2015,5/30/2015,20:09:51,7,32.6,AH0,247,36.1807608,Day,F,L,A,MYSE
151.909,8443,6/3/2015,5/24/2015,20:09:52,7,31.7,AH0,255,35.0726529,Day,F,L,A,MYSE
151.909,8443,6/3/2015,5/30/2015,20:09:52,7,32.6,AH0,247,36.1807608,Day,F,L,A,MYSE
151.909,8443,6/3/2015,5/28/2015,20:09:53,7,32.1,AH0,254,35.5877213,Day,F,L,A,MYSE
151.909,8443,6/3/2015,5/29/2015,20:09:53,7,32.8,AH0,255,36.4026816,Day,F,L,A,MYSE
151.909,8443,6/3/2015,5/24/2015,20:09:54,7,31.7,AH0,255,35.0726529,Day,F,L,A,MYSE
151.909,8443,6/3/2015,5/24/2015,20:09:55,7,31.7,AH0,255,35.0726529,Day,F,L,A,MYSE
151.909,8443,6/3/2015,5/26/2015,20:09:56,7,29.5,AH0,255,31.5355875,Day,F,L,A,MYSE
151.909,8443,6/3/2015,5/24/2015,20:09:57,7,31.7,AH0,255,35.0726529,Day,F,L,A,MYSE
151.909,8443,6/3/2015,5/26/2015,20:09:58,7,29.5,AH0,255,31.5355875,Day,F,L,A,MYSE
151.909,8443,6/3/2015,5/26/2015,20:10:00,7,29.5,AH0,255,31.5355875,Day,F,L,A,MYSE
151.909,8443,6/3/2015,5/26/2015,20:10:02,7,29.5,AH0,255,31.5355875,Day,F,L,A,MYSE
151.909,8443,6/3/2015,5/25/2015,20:10:04,7,29,AH0,255,30.5517,Day,F,L,A,MYSE
151.909,8443,6/3/2015,5/29/2015,20:10:05,7,32.8,AH0,254,36.4026816,Day,F,L,A,MYSE
151.909,8443,6/3/2015,5/30/2015,20:10:05,7,32.6,AH0,246,36.1807608,Day,F,L,A,MYSE
151.909,8443,6/3/2015,5/28/2015,20:10:06,7,32.1,AH0,254,35.5877213,Day,F,L,A,MYSE
151.909,8443,6/3/2015,5/25/2015,20:10:07,7,29,AH0,255,30.5517,Day,F,L,A,MYSE
151.909,8443,6/3/2015,5/29/2015,20:10:07,7,32.8,AH0,254,36.4026816,Day,F,L,A,MYSE
151.909,8443,6/3/2015,5/30/2015,20:10:07,7,32.6,AH0,244,36.1807608,Day,F,L,A,MYSE
151.909,8443,6/3/2015,5/28/2015,20:10:08,7,32.1,AH0,255,35.5877213,Day,F,L,A,MYSE
151.909,8443,6/3/2015,5/25/2015,20:10:09,7,29,AH0,255,30.5517,Day,F,L,A,MYSE
151.909,8443,6/3/2015,5/29/2015,20:10:09,7,32.8,AH0,254,36.4026816,Day,F,L,A,MYSE
151.909,8443,6/3/2015,5/30/2015,20:10:09,7,32.6,AH0,246,36.1807608,Day,F,L,A,MYSE
151.909,8443,6/3/2015,5/28/2015,20:10:10,7,32.2,AH0,254,35.7107784,Day,F,L,A,MYSE
151.909,8443,6/3/2015,5/24/2015,20:10:11,7,31.7,AH0,255,35.0726529,Day,F,L,A,MYSE
151.909,8443,6/3/2015,5/25/2015,20:10:11,7,29,AH0,255,30.5517,Day,F,L,A,MYSE
151.909,8443,6/3/2015,5/29/2015,20:10:11,7,32.8,AH0,254,36.4026816,Day,F,L,A,MYSE
151.909,8443,6/3/2015,5/30/2015,20:10:11,7,32.6,AH0,246,36.1807608,Day,F,L,A,MYSE
151.909,8443,6/3/2015,5/28/2015,20:10:12,7,32.1,AH0,255,35.5877213,Day,F,L,A,MYSE
151.909,8443,6/3/2015,5/24/2015,20:10:13,7,31.7,AH0,255,35.0726529,Day,F,L,A,MYSE
151.909,8443,6/3/2015,5/29/2015,20:10:13,7,32.8,AH0,254,36.4026816,Day,F,L,A,MYSE
151.909,8443,6/3/2015,5/24/2015,20:10:14,7,31.7,AH0,255,35.0726529,Day,F,L,A,MYSE
151.909,8443,6/3/2015,5/24/2015,20:10:16,7,31.7,AH0,255,35.0726529,Day,F,L,A,MYSE
151.909,8443,6/3/2015,5/26/2015,20:10:17,7,29.5,AH0,255,31.5355875,Day,F,L,A,MYSE
151.909,8443,6/3/2015,5/26/2015,20:10:19,7,29.5,AH0,255,31.5355875,Day,F,L,A,MYSE
151.909,8443,6/3/2015,5/26/2015,20:10:21,7,29.5,AH0,254,31.5355875,Day,F,L,A,MYSE
151.909,8443,6/3/2015,5/26/2015,20:10:23,7,29.6,AH0,255,31.7239488,Day,F,L,A,MYSE
151.909,8443,6/3/2015,5/25/2015,20:10:25,7,28.9,AH0,255,30.3463677,Day,F,L,A,MYSE
151.909,8443,6/3/2015,5/30/2015,20:10:25,7,32.7,AH0,245,36.2927939,Day,F,L,A,MYSE
151.909,8443,6/3/2015,5/29/2015,20:10:26,7,32.8,AH0,255,36.4026816,Day,F,L,A,MYSE
151.909,8443,6/3/2015,5/25/2015,20:10:27,7,29,AH0,255,30.5517,Day,F,L,A,MYSE
151.909,8443,6/3/2015,5/28/2015,20:10:27,7,32.2,AH0,255,35.7107784,Day,F,L,A,MYSE
151.909,8443,6/3/2015,5/29/2015,20:10:27,7,32.8,AH0,254,36.4026816,Day,F,L,A,MYSE
151.909,8443,6/3/2015,5/30/2015,20:10:27,7,32.6,AH0,244,36.1807608,Day,F,L,A,MYSE
151.909,8443,6/3/2015,5/25/2015,20:10:29,7,28.9,AH0,255,30.3463677,Day,F,L,A,MYSE
151.909,8443,6/3/2015,5/28/2015,20:10:29,7,32.2,AH0,255,35.7107784,Day,F,L,A,MYSE
151.909,8443,6/3/2015,5/29/2015,20:10:29,7,32.8,AH0,255,36.4026816,Day,F,L,A,MYSE
151.909,8443,6/3/2015,5/30/2015,20:10:29,7,32.7,AH0,245,36.2927939,Day,F,L,A,MYSE
151.909,8443,6/3/2015,5/24/2015,20:10:31,7,31.6,AH0,255,34.9380768,Day,F,L,A,MYSE
151.909,8443,6/3/2015,5/25/2015,20:10:31,7,28.9,AH0,255,30.3463677,Day,F,L,A,MYSE
151.909,8443,6/3/2015,5/28/2015,20:10:31,7,32.1,AH0,255,35.5877213,Day,F,L,A,MYSE
151.909,8443,6/3/2015,5/29/2015,20:10:31,7,32.8,AH0,255,36.4026816,Day,F,L,A,MYSE
151.909,8443,6/3/2015,5/30/2015,20:10:31,7,32.7,AH0,244,36.2927939,Day,F,L,A,MYSE
151.909,8443,6/3/2015,5/28/2015,20:10:32,7,32.2,AH0,255,35.7107784,Day,F,L,A,MYSE
151.909,8443,6/3/2015,5/24/2015,20:10:33,7,31.6,AH0,255,34.9380768,Day,F,L,A,MYSE
151.909,8443,6/3/2015,5/29/2015,20:10:33,7,32.7,AH0,255,36.2927939,Day,F,L,A,MYSE
151.909,8443,6/3/2015,5/24/2015,20:10:35,7,31.6,AH0,255,34.9380768,Day,F,L,A,MYSE
151.909,8443,6/3/2015,5/26/2015,20:10:35,7,29.6,AH0,254,31.7239488,Day,F,L,A,MYSE
151.909,8443,6/3/2015,5/24/2015,20:10:37,7,31.7,AH0,255,35.0726529,Day,F,L,A,MYSE
151.909,8443,6/3/2015,5/26/2015,20:10:37,7,29.6,AH0,254,31.7239488,Day,F,L,A,MYSE
151.909,8443,6/3/2015,5/26/2015,20:10:39,7,29.6,AH0,255,31.7239488,Day,F,L,A,MYSE
151.909,8443,6/3/2015,5/26/2015,20:10:41,7,29.6,AH0,254,31.7239488,Day,F,L,A,MYSE
151.909,8443,6/3/2015,5/25/2015,20:10:44,7,29.1,AH0,255,30.7541543,Day,F,L,A,MYSE
151.909,8443,6/3/2015,5/25/2015,20:10:46,7,28.9,AH0,255,30.3463677,Day,F,L,A,MYSE
151.909,8443,6/3/2015,5/29/2015,20:10:46,7,32.7,AH0,254,36.2927939,Day,F,L,A,MYSE
151.909,8443,6/3/2015,5/30/2015,20:10:46,7,32.6,AH0,247,36.1807608,Day,F,L,A,MYSE
151.909,8443,6/3/2015,5/28/2015,20:10:47,7,32.1,AH0,255,35.5877213,Day,F,L,A,MYSE
151.909,8443,6/3/2015,5/25/2015,20:10:48,7,28.9,AH0,255,30.3463677,Day,F,L,A,MYSE
151.909,8443,6/3/2015,5/29/2015,20:10:48,7,32.7,AH0,255,36.2927939,Day,F,L,A,MYSE
151.909,8443,6/3/2015,5/30/2015,20:10:48,7,32.6,AH0,245,36.1807608,Day,F,L,A,MYSE
151.909,8443,6/3/2015,5/28/2015,20:10:49,7,32.1,AH0,255,35.5877213,Day,F,L,A,MYSE
151.909,8443,6/3/2015,5/29/2015,20:10:49,7,32.7,AH0,255,36.2927939,Day,F,L,A,MYSE
151.909,8443,6/3/2015,5/30/2015,20:10:49,7,32.6,AH0,245,36.1807608,Day,F,L,A,MYSE
151.909,8443,6/3/2015,5/24/2015,20:10:50,7,31.6,AH0,255,34.9380768,Day,F,L,A,MYSE
151.909,8443,6/3/2015,5/25/2015,20:10:50,7,28.9,AH0,255,30.3463677,Day,F,L,A,MYSE
151.909,8443,6/3/2015,5/28/2015,20:10:51,7,32.1,AH0,254,35.5877213,Day,F,L,A,MYSE
151.909,8443,6/3/2015,5/29/2015,20:10:51,7,32.7,AH0,255,36.2927939,Day,F,L,A,MYSE
151.909,8443,6/3/2015,5/30/2015,20:10:51,7,32.6,AH0,245,36.1807608,Day,F,L,A,MYSE
151.909,8443,6/3/2015,5/24/2015,20:10:52,7,31.6,AH0,255,34.9380768,Day,F,L,A,MYSE
151.909,8443,6/3/2015,5/28/2015,20:10:53,7,32.1,AH0,255,35.5877213,Day,F,L,A,MYSE
151.909,8443,6/3/2015,5/29/2015,20:10:53,7,32.7,AH0,255,36.2927939,Day,F,L,A,MYSE
151.909,8443,6/3/2015,5/24/2015,20:10:54,7,31.6,AH0,255,34.9380768,Day,F,L,A,MYSE
151.909,8443,6/3/2015,5/26/2015,20:10:55,7,29.6,AH0,254,31.7239488,Day,F,L,A,MYSE
151.909,8443,6/3/2015,5/24/2015,20:10:56,7,31.6,AH0,255,34.9380768,Day,F,L,A,MYSE
151.909,8443,6/3/2015,5/26/2015,20:10:57,7,29.6,AH0,254,31.7239488,Day,F,L,A,MYSE
151.909,8443,6/3/2015,5/26/2015,20:10:59,7,29.6,AH0,255,31.7239488,Day,F,L,A,MYSE
151.909,8443,6/3/2015,5/26/2015,20:11:01,7,29.6,AH0,255,31.7239488,Day,F,L,A,MYSE
151.909,8443,6/3/2015,5/25/2015,20:11:05,7,28.9,AH0,255,30.3463677,Day,F,L,A,MYSE
151.909,8443,6/3/2015,5/28/2015,20:11:06,7,32.1,AH0,255,35.5877213,Day,F,L,A,MYSE
151.909,8443,6/3/2015,5/29/2015,20:11:06,7,32.7,AH0,255,36.2927939,Day,F,L,A,MYSE
151.909,8443,6/3/2015,5/30/2015,20:11:06,7,32.6,AH0,245,36.1807608,Day,F,L,A,MYSE
151.909,8443,6/3/2015,5/25/2015,20:11:07,7,28.9,AH0,255,30.3463677,Day,F,L,A,MYSE
151.909,8443,6/3/2015,5/28/2015,20:11:08,7,32.1,AH0,254,35.5877213,Day,F,L,A,MYSE
151.909,8443,6/3/2015,5/29/2015,20:11:08,7,32.7,AH0,255,36.2927939,Day,F,L,A,MYSE
151.909,8443,6/3/2015,5/30/2015,20:11:08,7,32.6,AH0,244,36.1807608,Day,F,L,A,MYSE
151.909,8443,6/3/2015,5/25/2015,20:11:09,7,28.9,AH0,255,30.3463677,Day,F,L,A,MYSE
151.909,8443,6/3/2015,5/28/2015,20:11:10,7,32.1,AH0,253,35.5877213,Day,F,L,A,MYSE
151.909,8443,6/3/2015,5/29/2015,20:11:10,7,32.7,AH0,255,36.2927939,Day,F,L,A,MYSE
151.909,8443,6/3/2015,5/30/2015,20:11:10,7,32.6,AH0,246,36.1807608,Day,F,L,A,MYSE
151.909,8443,6/3/2015,5/24/2015,20:11:11,7,31.6,AH0,255,34.9380768,Day,F,L,A,MYSE
151.909,8443,6/3/2015,5/25/2015,20:11:11,7,28.9,AH0,255,30.3463677,Day,F,L,A,MYSE
151.909,8443,6/3/2015,5/29/2015,20:11:11,7,32.7,AH0,254,36.2927939,Day,F,L,A,MYSE
151.909,8443,6/3/2015,5/30/2015,20:11:11,7,32.6,AH0,245,36.1807608,Day,F,L,A,MYSE
151.909,8443,6/3/2015,5/28/2015,20:11:12,7,32.1,AH0,254,35.5877213,Day,F,L,A,MYSE
151.909,8443,6/3/2015,5/24/2015,20:11:13,7,31.6,AH0,255,34.9380768,Day,F,L,A,MYSE
151.909,8443,6/3/2015,5/28/2015,20:11:14,7,32.1,AH0,254,35.5877213,Day,F,L,A,MYSE
151.909,8443,6/3/2015,5/24/2015,20:11:15,7,31.6,AH0,255,34.9380768,Day,F,L,A,MYSE
151.909,8443,6/3/2015,5/26/2015,20:11:16,7,29.6,AH0,255,31.7239488,Day,F,L,A,MYSE
151.909,8443,6/3/2015,5/24/2015,20:11:17,7,31.6,AH0,255,34.9380768,Day,F,L,A,MYSE
151.909,8443,6/3/2015,5/26/2015,20:11:18,7,29.6,AH0,254,31.7239488,Day,F,L,A,MYSE
151.909,8443,6/3/2015,5/26/2015,20:11:20,7,29.6,AH0,254,31.7239488,Day,F,L,A,MYSE
151.909,8443,6/3/2015,5/26/2015,20:11:22,7,29.6,AH0,254,31.7239488,Day,F,L,A,MYSE
151.909,8443,6/3/2015,5/25/2015,20:11:25,7,28.9,AH0,255,30.3463677,Day,F,L,A,MYSE
151.909,8443,6/3/2015,5/29/2015,20:11:26,7,32.7,AH0,254,36.2927939,Day,F,L,A,MYSE
151.909,8443,6/3/2015,5/30/2015,20:11:26,7,32.6,AH0,244,36.1807608,Day,F,L,A,MYSE
151.909,8443,6/3/2015,5/25/2015,20:11:27,7,28.9,AH0,255,30.3463677,Day,F,L,A,MYSE
151.909,8443,6/3/2015,5/28/2015,20:11:27,7,32.1,AH0,255,35.5877213,Day,F,L,A,MYSE
151.909,8443,6/3/2015,5/28/2015,20:11:28,7,32.1,AH0,255,35.5877213,Day,F,L,A,MYSE
151.909,8443,6/3/2015,5/29/2015,20:11:28,7,32.7,AH0,254,36.2927939,Day,F,L,A,MYSE
151.909,8443,6/3/2015,5/30/2015,20:11:28,7,32.6,AH0,245,36.1807608,Day,F,L,A,MYSE
151.909,8443,6/3/2015,5/24/2015,20:11:30,7,31.6,AH0,255,34.9380768,Day,F,L,A,MYSE
151.909,8443,6/3/2015,5/25/2015,20:11:30,7,28.9,AH0,255,30.3463677,Day,F,L,A,MYSE
151.909,8443,6/3/2015,5/28/2015,20:11:30,7,32,AH0,255,35.4624,Day,F,L,A,MYSE
151.909,8443,6/3/2015,5/29/2015,20:11:30,7,32.7,AH0,254,36.2927939,Day,F,L,A,MYSE
151.909,8443,6/3/2015,5/30/2015,20:11:30,7,32.7,AH0,246,36.2927939,Day,F,L,A,MYSE
151.909,8443,6/3/2015,5/24/2015,20:11:32,7,31.6,AH0,255,34.9380768,Day,F,L,A,MYSE
151.909,8443,6/3/2015,5/25/2015,20:11:32,7,28.9,AH0,255,30.3463677,Day,F,L,A,MYSE
151.909,8443,6/3/2015,5/28/2015,20:11:32,7,32,AH0,255,35.4624,Day,F,L,A,MYSE
151.909,8443,6/3/2015,5/29/2015,20:11:32,7,32.7,AH0,255,36.2927939,Day,F,L,A,MYSE
151.909,8443,6/3/2015,5/30/2015,20:11:32,7,32.6,AH0,244,36.1807608,Day,F,L,A,MYSE
151.909,8443,6/3/2015,5/24/2015,20:11:34,7,31.6,AH0,255,34.9380768,Day,F,L,A,MYSE
151.909,8443,6/3/2015,5/24/2015,20:11:36,7,31.6,AH0,255,34.9380768,Day,F,L,A,MYSE
151.909,8443,6/3/2015,5/26/2015,20:11:36,7,29.6,AH0,254,31.7239488,Day,F,L,A,MYSE
151.909,8443,6/3/2015,5/26/2015,20:11:38,7,29.6,AH0,254,31.7239488,Day,F,L,A,MYSE
151.909,8443,6/3/2015,5/26/2015,20:11:40,7,29.6,AH0,254,31.7239488,Day,F,L,A,MYSE
151.909,8443,6/3/2015,5/26/2015,20:11:42,7,29.6,AH0,255,31.7239488,Day,F,L,A,MYSE
151.909,8443,6/3/2015,5/25/2015,20:11:44,7,28.9,AH0,255,30.3463677,Day,F,L,A,MYSE
151.909,8443,6/3/2015,5/30/2015,20:11:45,7,32.7,AH0,245,36.2927939,Day,F,L,A,MYSE
151.909,8443,6/3/2015,5/25/2015,20:11:46,7,28.9,AH0,255,30.3463677,Day,F,L,A,MYSE
151.909,8443,6/3/2015,5/29/2015,20:11:46,7,32.7,AH0,254,36.2927939,Day,F,L,A,MYSE
151.909,8443,6/3/2015,5/30/2015,20:11:46,7,32.7,AH0,244,36.2927939,Day,F,L,A,MYSE
151.909,8443,6/3/2015,5/28/2015,20:11:47,7,32,AH0,255,35.4624,Day,F,L,A,MYSE
151.909,8443,6/3/2015,5/25/2015,20:11:48,7,28.9,AH0,255,30.3463677,Day,F,L,A,MYSE
151.909,8443,6/3/2015,5/29/2015,20:11:48,7,32.7,AH0,254,36.2927939,Day,F,L,A,MYSE
151.909,8443,6/3/2015,5/30/2015,20:11:48,7,32.7,AH0,244,36.2927939,Day,F,L,A,MYSE
151.909,8443,6/3/2015,5/28/2015,20:11:49,7,32,AH0,255,35.4624,Day,F,L,A,MYSE
151.909,8443,6/3/2015,5/25/2015,20:11:50,7,28.9,AH0,255,30.3463677,Day,F,L,A,MYSE
151.909,8443,6/3/2015,5/29/2015,20:11:50,7,32.7,AH0,254,36.2927939,Day,F,L,A,MYSE
151.909,8443,6/3/2015,5/30/2015,20:11:50,7,32.7,AH0,243,36.2927939,Day,F,L,A,MYSE
151.909,8443,6/3/2015,5/24/2015,20:11:51,7,31.6,AH0,255,34.9380768,Day,F,L,A,MYSE
151.909,8443,6/3/2015,5/28/2015,20:11:51,7,32,AH0,255,35.4624,Day,F,L,A,MYSE
151.909,8443,6/3/2015,5/29/2015,20:11:52,7,32.7,AH0,255,36.2927939,Day,F,L,A,MYSE
151.909,8443,6/3/2015,5/30/2015,20:11:52,7,32.7,AH0,245,36.2927939,Day,F,L,A,MYSE
151.909,8443,6/3/2015,5/24/2015,20:11:53,7,31.6,AH0,255,34.9380768,Day,F,L,A,MYSE
151.909,8443,6/3/2015,5/28/2015,20:11:53,7,32,AH0,255,35.4624,Day,F,L,A,MYSE
151.909,8443,6/3/2015,5/24/2015,20:11:55,7,31.6,AH0,255,34.9380768,Day,F,L,A,MYSE
151.909,8443,6/3/2015,5/26/2015,20:11:56,7,29.6,AH0,255,31.7239488,Day,F,L,A,MYSE
151.909,8443,6/3/2015,5/24/2015,20:11:57,7,31.6,AH0,255,34.9380768,Day,F,L,A,MYSE
151.909,8443,6/3/2015,5/26/2015,20:11:58,7,29.6,AH0,253,31.7239488,Day,F,L,A,MYSE
151.909,8443,6/3/2015,5/26/2015,20:12:00,7,29.6,AH0,255,31.7239488,Day,F,L,A,MYSE
151.909,8443,6/3/2015,5/26/2015,20:12:02,7,29.6,AH0,254,31.7239488,Day,F,L,A,MYSE
151.909,8443,6/3/2015,5/25/2015,20:12:05,7,28.8,AH0,255,30.1381376,Day,F,L,A,MYSE
151.909,8443,6/3/2015,5/30/2015,20:12:05,7,32.7,AH0,243,36.2927939,Day,F,L,A,MYSE
151.909,8443,6/3/2015,5/28/2015,20:12:06,7,32,AH0,255,35.4624,Day,F,L,A,MYSE
151.909,8443,6/3/2015,5/29/2015,20:12:06,7,32.7,AH0,255,36.2927939,Day,F,L,A,MYSE
151.909,8443,6/3/2015,5/25/2015,20:12:07,7,28.8,AH0,255,30.1381376,Day,F,L,A,MYSE
151.909,8443,6/3/2015,5/30/2015,20:12:07,7,32.7,AH0,244,36.2927939,Day,F,L,A,MYSE
151.909,8443,6/3/2015,5/28/2015,20:12:08,7,32,AH0,254,35.4624,Day,F,L,A,MYSE
151.909,8443,6/3/2015,5/29/2015,20:12:08,7,32.6,AH0,255,36.1807608,Day,F,L,A,MYSE
151.909,8443,6/3/2015,5/30/2015,20:12:08,7,32.7,AH0,244,36.2927939,Day,F,L,A,MYSE
151.909,8443,6/3/2015,5/25/2015,20:12:09,7,28.8,AH0,255,30.1381376,Day,F,L,A,MYSE
151.909,8443,6/3/2015,5/24/2015,20:12:10,7,31.6,AH0,255,34.9380768,Day,F,L,A,MYSE
151.909,8443,6/3/2015,5/28/2015,20:12:10,7,31.9,AH0,255,35.3347947,Day,F,L,A,MYSE
151.909,8443,6/3/2015,5/29/2015,20:12:10,7,32.6,AH0,254,36.1807608,Day,F,L,A,MYSE
151.909,8443,6/3/2015,5/30/2015,20:12:10,7,32.7,AH0,245,36.2927939,Day,F,L,A,MYSE
151.909,8443,6/3/2015,5/25/2015,20:12:11,7,28.8,AH0,255,30.1381376,Day,F,L,A,MYSE
151.909,8443,6/3/2015,5/24/2015,20:12:12,7,31.6,AH0,255,34.9380768,Day,F,L,A,MYSE
151.909,8443,6/3/2015,5/28/2015,20:12:12,7,31.9,AH0,255,35.3347947,Day,F,L,A,MYSE
151.909,8443,6/3/2015,5/29/2015,20:12:12,7,32.6,AH0,254,36.1807608,Day,F,L,A,MYSE
151.909,8443,6/3/2015,5/30/2015,20:12:12,7,32.7,AH0,245,36.2927939,Day,F,L,A,MYSE
151.909,8443,6/3/2015,5/24/2015,20:12:14,7,31.6,AH0,255,34.9380768,Day,F,L,A,MYSE
151.909,8443,6/3/2015,5/28/2015,20:12:14,7,32,AH0,255,35.4624,Day,F,L,A,MYSE
151.909,8443,6/3/2015,5/24/2015,20:12:16,7,31.6,AH0,255,34.9380768,Day,F,L,A,MYSE
151.909,8443,6/3/2015,5/26/2015,20:12:16,7,29.6,AH0,254,31.7239488,Day,F,L,A,MYSE
151.909,8443,6/3/2015,5/26/2015,20:12:18,7,29.6,AH0,255,31.7239488,Day,F,L,A,MYSE
151.909,8443,6/3/2015,5/26/2015,20:12:20,7,29.6,AH0,254,31.7239488,Day,F,L,A,MYSE
151.909,8443,6/3/2015,5/26/2015,20:12:22,7,29.6,AH0,254,31.7239488,Day,F,L,A,MYSE
151.909,8443,6/3/2015,5/31/2015,20:12:24,7,24.8,AH0,250,19.2054336,Day,F,L,A,MYSE
151.909,8443,6/3/2015,5/29/2015,20:12:25,7,32.9,AH0,254,36.5104437,Day,F,L,A,MYSE
151.909,8443,6/3/2015,5/30/2015,20:12:25,7,32.6,AH0,245,36.1807608,Day,F,L,A,MYSE
151.909,8443,6/3/2015,5/25/2015,20:12:26,7,28.8,AH0,255,30.1381376,Day,F,L,A,MYSE
151.909,8443,6/3/2015,5/31/2015,20:12:26,7,24.8,AH0,252,19.2054336,Day,F,L,A,MYSE
151.909,8443,6/3/2015,5/28/2015,20:12:27,7,31.9,AH0,255,35.3347947,Day,F,L,A,MYSE
151.909,8443,6/3/2015,5/29/2015,20:12:27,7,32.6,AH0,254,36.1807608,Day,F,L,A,MYSE
151.909,8443,6/3/2015,5/30/2015,20:12:27,7,32.6,AH0,244,36.1807608,Day,F,L,A,MYSE
151.909,8443,6/3/2015,5/25/2015,20:12:28,7,28.8,AH0,255,30.1381376,Day,F,L,A,MYSE
151.909,8443,6/3/2015,5/31/2015,20:12:28,7,24.7,AH0,249,18.8613459,Day,F,L,A,MYSE
151.909,8443,6/3/2015,5/28/2015,20:12:29,7,31.9,AH0,255,35.3347947,Day,F,L,A,MYSE
151.909,8443,6/3/2015,5/29/2015,20:12:29,7,32.6,AH0,254,36.1807608,Day,F,L,A,MYSE
151.909,8443,6/3/2015,5/30/2015,20:12:29,7,32.6,AH0,244,36.1807608,Day,F,L,A,MYSE
151.909,8443,6/3/2015,5/25/2015,20:12:30,7,28.8,AH0,255,30.1381376,Day,F,L,A,MYSE
151.909,8443,6/3/2015,5/28/2015,20:12:30,7,31.9,AH0,255,35.3347947,Day,F,L,A,MYSE
151.909,8443,6/3/2015,5/29/2015,20:12:30,7,32.6,AH0,255,36.1807608,Day,F,L,A,MYSE
151.909,8443,6/3/2015,5/30/2015,20:12:30,7,32.6,AH0,246,36.1807608,Day,F,L,A,MYSE
151.909,8443,6/3/2015,5/24/2015,20:12:31,7,31.7,AH0,255,35.0726529,Day,F,L,A,MYSE
151.909,8443,6/3/2015,5/31/2015,20:12:31,7,24.7,AH0,252,18.8613459,Day,F,L,A,MYSE
151.909,8443,6/3/2015,5/28/2015,20:12:32,7,31.9,AH0,255,35.3347947,Day,F,L,A,MYSE
151.909,8443,6/3/2015,5/29/2015,20:12:32,7,32.6,AH0,254,36.1807608,Day,F,L,A,MYSE
151.909,8443,6/3/2015,5/30/2015,20:12:32,7,32.6,AH0,243,36.1807608,Day,F,L,A,MYSE
151.909,8443,6/3/2015,5/24/2015,20:12:33,7,31.7,AH0,255,35.0726529,Day,F,L,A,MYSE
151.909,8443,6/3/2015,5/24/2015,20:12:35,7,31.7,AH0,255,35.0726529,Day,F,L,A,MYSE
151.909,8443,6/3/2015,5/24/2015,20:12:37,7,31.7,AH0,255,35.0726529,Day,F,L,A,MYSE
151.909,8443,6/3/2015,5/26/2015,20:12:37,7,29.6,AH0,254,31.7239488,Day,F,L,A,MYSE
151.909,8443,6/3/2015,5/26/2015,20:12:39,7,29.6,AH0,255,31.7239488,Day,F,L,A,MYSE
151.909,8443,6/3/2015,5/26/2015,20:12:41,7,29.6,AH0,255,31.7239488,Day,F,L,A,MYSE
151.909,8443,6/3/2015,5/26/2015,20:12:43,7,29.6,AH0,255,31.7239488,Day,F,L,A,MYSE
151.909,8443,6/3/2015,5/25/2015,20:12:44,7,28.8,AH0,255,30.1381376,Day,F,L,A,MYSE
151.909,8443,6/3/2015,5/28/2015,20:12:45,7,32.1,AH0,255,35.5877213,Day,F,L,A,MYSE
151.909,8443,6/3/2015,5/29/2015,20:12:45,7,32.6,AH0,253,36.1807608,Day,F,L,A,MYSE
151.909,8443,6/3/2015,5/30/2015,20:12:45,7,32.6,AH0,245,36.1807608,Day,F,L,A,MYSE
151.909,8443,6/3/2015,5/31/2015,20:12:45,7,24.7,AH0,249,18.8613459,Day,F,L,A,MYSE
151.909,8443,6/3/2015,5/25/2015,20:12:47,7,28.8,AH0,255,30.1381376,Day,F,L,A,MYSE
151.909,8443,6/3/2015,5/28/2015,20:12:47,7,31.9,AH0,255,35.3347947,Day,F,L,A,MYSE
151.909,8443,6/3/2015,5/29/2015,20:12:47,7,32.6,AH0,254,36.1807608,Day,F,L,A,MYSE
151.909,8443,6/3/2015,5/30/2015,20:12:47,7,32.6,AH0,245,36.1807608,Day,F,L,A,MYSE
151.909,8443,6/3/2015,5/31/2015,20:12:48,7,24.7,AH0,250,18.8613459,Day,F,L,A,MYSE
151.909,8443,6/3/2015,5/25/2015,20:12:49,7,28.8,AH0,255,30.1381376,Day,F,L,A,MYSE
151.909,8443,6/3/2015,5/28/2015,20:12:49,7,31.8,AH0,255,35.2048856,Day,F,L,A,MYSE
151.909,8443,6/3/2015,5/29/2015,20:12:49,7,32.6,AH0,253,36.1807608,Day,F,L,A,MYSE
151.909,8443,6/3/2015,5/30/2015,20:12:49,7,32.6,AH0,244,36.1807608,Day,F,L,A,MYSE
151.909,8443,6/3/2015,5/24/2015,20:12:50,7,31.7,AH0,255,35.0726529,Day,F,L,A,MYSE
151.909,8443,6/3/2015,5/31/2015,20:12:50,7,24.7,AH0,250,18.8613459,Day,F,L,A,MYSE
151.909,8443,6/3/2015,5/25/2015,20:12:51,7,28.8,AH0,255,30.1381376,Day,F,L,A,MYSE
151.909,8443,6/3/2015,5/28/2015,20:12:51,7,31.8,AH0,255,35.2048856,Day,F,L,A,MYSE
151.909,8443,6/3/2015,5/29/2015,20:12:51,7,32.6,AH0,253,36.1807608,Day,F,L,A,MYSE
151.909,8443,6/3/2015,5/30/2015,20:12:51,7,32.6,AH0,245,36.1807608,Day,F,L,A,MYSE
151.909,8443,6/3/2015,5/24/2015,20:12:52,7,31.7,AH0,255,35.0726529,Day,F,L,A,MYSE
151.909,8443,6/3/2015,5/29/2015,20:12:52,7,32.6,AH0,254,36.1807608,Day,F,L,A,MYSE
151.909,8443,6/3/2015,5/28/2015,20:12:53,7,31.8,AH0,255,35.2048856,Day,F,L,A,MYSE
151.909,8443,6/3/2015,5/24/2015,20:12:54,7,31.7,AH0,255,35.0726529,Day,F,L,A,MYSE
151.909,8443,6/3/2015,5/24/2015,20:12:56,7,31.7,AH0,255,35.0726529,Day,F,L,A,MYSE
151.909,8443,6/3/2015,5/26/2015,20:12:57,7,29.6,AH0,255,31.7239488,Day,F,L,A,MYSE
151.909,8443,6/3/2015,5/24/2015,20:12:58,7,31.7,AH0,255,35.0726529,Day,F,L,A,MYSE
151.909,8443,6/3/2015,5/26/2015,20:12:59,7,29.6,AH0,255,31.7239488,Day,F,L,A,MYSE
151.909,8443,6/3/2015,5/26/2015,20:13:01,7,29.5,AH0,254,31.5355875,Day,F,L,A,MYSE
151.909,8443,6/3/2015,5/25/2015,20:13:05,7,28.7,AH0,255,29.9269899,Day,F,L,A,MYSE
151.909,8443,6/3/2015,5/29/2015,20:13:05,7,32.7,AH0,254,36.2927939,Day,F,L,A,MYSE
151.909,8443,6/3/2015,5/30/2015,20:13:05,7,32.6,AH0,246,36.1807608,Day,F,L,A,MYSE
151.909,8443,6/3/2015,5/31/2015,20:13:05,7,24.7,AH0,249,18.8613459,Day,F,L,A,MYSE
151.909,8443,6/3/2015,5/28/2015,20:13:06,7,31.8,AH0,255,35.2048856,Day,F,L,A,MYSE
151.909,8443,6/3/2015,5/25/2015,20:13:07,7,28.7,AH0,255,29.9269899,Day,F,L,A,MYSE
151.909,8443,6/3/2015,5/29/2015,20:13:07,7,32.6,AH0,254,36.1807608,Day,F,L,A,MYSE
151.909,8443,6/3/2015,5/30/2015,20:13:07,7,32.6,AH0,245,36.1807608,Day,F,L,A,MYSE
151.909,8443,6/3/2015,5/31/2015,20:13:07,7,24.7,AH0,252,18.8613459,Day,F,L,A,MYSE
151.909,8443,6/3/2015,5/28/2015,20:13:08,7,31.8,AH0,255,35.2048856,Day,F,L,A,MYSE
151.909,8443,6/3/2015,5/29/2015,20:13:09,7,32.6,AH0,254,36.1807608,Day,F,L,A,MYSE
151.909,8443,6/3/2015,5/30/2015,20:13:09,7,32.6,AH0,245,36.1807608,Day,F,L,A,MYSE
151.909,8443,6/3/2015,5/25/2015,20:13:10,7,28.7,AH0,255,29.9269899,Day,F,L,A,MYSE
151.909,8443,6/3/2015,5/28/2015,20:13:10,7,31.8,AH0,255,35.2048856,Day,F,L,A,MYSE
151.909,8443,6/3/2015,5/31/2015,20:13:10,7,24.7,AH0,248,18.8613459,Day,F,L,A,MYSE
151.909,8443,6/3/2015,5/24/2015,20:13:11,7,31.7,AH0,255,35.0726529,Day,F,L,A,MYSE
151.909,8443,6/3/2015,5/29/2015,20:13:11,7,32.6,AH0,254,36.1807608,Day,F,L,A,MYSE
151.909,8443,6/3/2015,5/30/2015,20:13:11,7,32.6,AH0,245,36.1807608,Day,F,L,A,MYSE
151.909,8443,6/3/2015,5/25/2015,20:13:12,7,28.7,AH0,255,29.9269899,Day,F,L,A,MYSE
151.909,8443,6/3/2015,5/28/2015,20:13:12,7,31.8,AH0,254,35.2048856,Day,F,L,A,MYSE
151.909,8443,6/3/2015,5/24/2015,20:13:13,7,31.7,AH0,255,35.0726529,Day,F,L,A,MYSE
151.909,8443,6/3/2015,5/29/2015,20:13:13,7,32.6,AH0,254,36.1807608,Day,F,L,A,MYSE
151.909,8443,6/3/2015,5/24/2015,20:13:15,7,31.7,AH0,255,35.0726529,Day,F,L,A,MYSE
151.909,8443,6/3/2015,5/26/2015,20:13:15,7,29,AH0,253,30.5517,Day,F,L,A,MYSE
151.909,8443,6/3/2015,5/24/2015,20:13:17,7,31.7,AH0,255,35.0726529,Day,F,L,A,MYSE
151.909,8443,6/3/2015,5/26/2015,20:13:17,7,29,AH0,255,30.5517,Day,F,L,A,MYSE
151.909,8443,6/3/2015,5/26/2015,20:13:19,7,28.9,AH0,254,30.3463677,Day,F,L,A,MYSE
151.909,8443,6/3/2015,5/26/2015,20:13:22,7,28.8,AH0,254,30.1381376,Day,F,L,A,MYSE
151.909,8443,6/3/2015,5/25/2015,20:13:24,7,28.7,AH0,255,29.9269899,Day,F,L,A,MYSE
151.909,8443,6/3/2015,5/31/2015,20:13:24,7,24.7,AH0,251,18.8613459,Day,F,L,A,MYSE
151.909,8443,6/3/2015,5/25/2015,20:13:26,7,28.7,AH0,255,29.9269899,Day,F,L,A,MYSE
151.909,8443,6/3/2015,5/29/2015,20:13:26,7,32.6,AH0,254,36.1807608,Day,F,L,A,MYSE
151.909,8443,6/3/2015,5/30/2015,20:13:26,7,32.6,AH0,245,36.1807608,Day,F,L,A,MYSE
151.909,8443,6/3/2015,5/28/2015,20:13:27,7,31.8,AH0,255,35.2048856,Day,F,L,A,MYSE
151.909,8443,6/3/2015,5/29/2015,20:13:27,7,32.6,AH0,253,36.1807608,Day,F,L,A,MYSE
151.909,8443,6/3/2015,5/30/2015,20:13:27,7,32.6,AH0,244,36.1807608,Day,F,L,A,MYSE
151.909,8443,6/3/2015,5/31/2015,20:13:27,7,24.8,AH0,250,19.2054336,Day,F,L,A,MYSE
151.909,8443,6/3/2015,5/25/2015,20:13:28,7,28.7,AH0,255,29.9269899,Day,F,L,A,MYSE
151.909,8443,6/3/2015,5/28/2015,20:13:29,7,31.8,AH0,255,35.2048856,Day,F,L,A,MYSE
151.909,8443,6/3/2015,5/29/2015,20:13:29,7,32.6,AH0,253,36.1807608,Day,F,L,A,MYSE
151.909,8443,6/3/2015,5/30/2015,20:13:29,7,32.6,AH0,246,36.1807608,Day,F,L,A,MYSE
151.909,8443,6/3/2015,5/31/2015,20:13:29,7,24.8,AH0,250,19.2054336,Day,F,L,A,MYSE
151.909,8443,6/3/2015,5/24/2015,20:13:30,7,31.7,AH0,255,35.0726529,Day,F,L,A,MYSE
151.909,8443,6/3/2015,5/25/2015,20:13:30,7,28.7,AH0,255,29.9269899,Day,F,L,A,MYSE
151.909,8443,6/3/2015,5/28/2015,20:13:31,7,31.8,AH0,255,35.2048856,Day,F,L,A,MYSE
151.909,8443,6/3/2015,5/29/2015,20:13:31,7,32.6,AH0,254,36.1807608,Day,F,L,A,MYSE
151.909,8443,6/3/2015,5/30/2015,20:13:31,7,32.6,AH0,246,36.1807608,Day,F,L,A,MYSE
151.909,8443,6/3/2015,5/24/2015,20:13:32,7,31.7,AH0,255,35.0726529,Day,F,L,A,MYSE
151.909,8443,6/3/2015,5/28/2015,20:13:33,7,31.7,AH0,255,35.0726529,Day,F,L,A,MYSE
151.909,8443,6/3/2015,5/29/2015,20:13:33,7,32.6,AH0,253,36.1807608,Day,F,L,A,MYSE
151.909,8443,6/3/2015,5/24/2015,20:13:34,7,31.7,AH0,255,35.0726529,Day,F,L,A,MYSE
151.909,8443,6/3/2015,5/24/2015,20:13:35,7,31.7,AH0,255,35.0726529,Day,F,L,A,MYSE
151.909,8443,6/3/2015,5/26/2015,20:13:36,7,28.5,AH0,253,29.4958625,Day,F,L,A,MYSE
151.909,8443,6/3/2015,5/24/2015,20:13:37,7,31.7,AH0,255,35.0726529,Day,F,L,A,MYSE
151.909,8443,6/3/2015,5/26/2015,20:13:38,7,28.4,AH0,254,29.2758432,Day,F,L,A,MYSE
151.909,8443,6/3/2015,5/26/2015,20:13:40,7,28.4,AH0,254,29.2758432,Day,F,L,A,MYSE
151.909,8443,6/3/2015,5/26/2015,20:13:43,7,28.4,AH0,254,29.2758432,Day,F,L,A,MYSE
151.909,8443,6/3/2015,5/31/2015,20:13:44,7,24.8,AH0,249,19.2054336,Day,F,L,A,MYSE
151.909,8443,6/3/2015,5/25/2015,20:13:45,7,28.7,AH0,255,29.9269899,Day,F,L,A,MYSE
151.909,8443,6/3/2015,5/28/2015,20:13:46,7,31.7,AH0,255,35.0726529,Day,F,L,A,MYSE
151.909,8443,6/3/2015,5/29/2015,20:13:46,7,32.6,AH0,254,36.1807608,Day,F,L,A,MYSE
151.909,8443,6/3/2015,5/30/2015,20:13:46,7,32.6,AH0,243,36.1807608,Day,F,L,A,MYSE
151.909,8443,6/3/2015,5/31/2015,20:13:46,7,24.8,AH0,247,19.2054336,Day,F,L,A,MYSE
151.909,8443,6/3/2015,5/25/2015,20:13:47,7,28.7,AH0,255,29.9269899,Day,F,L,A,MYSE
151.909,8443,6/3/2015,5/28/2015,20:13:48,7,31.7,AH0,255,35.0726529,Day,F,L,A,MYSE
151.909,8443,6/3/2015,5/29/2015,20:13:48,7,32.6,AH0,254,36.1807608,Day,F,L,A,MYSE
151.909,8443,6/3/2015,5/30/2015,20:13:48,7,32.6,AH0,244,36.1807608,Day,F,L,A,MYSE
151.909,8443,6/3/2015,5/25/2015,20:13:49,7,28.7,AH0,255,29.9269899,Day,F,L,A,MYSE
151.909,8443,6/3/2015,5/31/2015,20:13:49,7,24.8,AH0,248,19.2054336,Day,F,L,A,MYSE
151.909,8443,6/3/2015,5/28/2015,20:13:50,7,31.7,AH0,254,35.0726529,Day,F,L,A,MYSE
151.909,8443,6/3/2015,5/29/2015,20:13:50,7,32.6,AH0,254,36.1807608,Day,F,L,A,MYSE
151.909,8443,6/3/2015,5/30/2015,20:13:50,7,32.6,AH0,246,36.1807608,Day,F,L,A,MYSE
151.909,8443,6/3/2015,5/24/2015,20:13:51,7,31.7,AH0,255,35.0726529,Day,F,L,A,MYSE
151.909,8443,6/3/2015,5/25/2015,20:13:51,7,28.7,AH0,255,29.9269899,Day,F,L,A,MYSE
151.909,8443,6/3/2015,5/29/2015,20:13:51,7,32.6,AH0,255,36.1807608,Day,F,L,A,MYSE
151.909,8443,6/3/2015,5/30/2015,20:13:51,7,32.6,AH0,248,36.1807608,Day,F,L,A,MYSE
151.909,8443,6/3/2015,5/31/2015,20:13:51,7,24.8,AH0,248,19.2054336,Day,F,L,A,MYSE
151.909,8443,6/3/2015,5/24/2015,20:13:52,7,31.7,AH0,255,35.0726529,Day,F,L,A,MYSE
151.909,8443,6/3/2015,5/28/2015,20:13:52,7,31.7,AH0,255,35.0726529,Day,F,L,A,MYSE
151.909,8443,6/3/2015,5/28/2015,20:13:53,7,31.7,AH0,255,35.0726529,Day,F,L,A,MYSE
151.909,8443,6/3/2015,5/24/2015,20:13:54,7,31.7,AH0,255,35.0726529,Day,F,L,A,MYSE
151.909,8443,6/3/2015,5/26/2015,20:13:55,7,28.2,AH0,254,28.8267944,Day,F,L,A,MYSE
151.909,8443,6/3/2015,5/24/2015,20:13:56,7,31.7,AH0,255,35.0726529,Day,F,L,A,MYSE
151.909,8443,6/3/2015,5/26/2015,20:13:57,7,28.2,AH0,252,28.8267944,Day,F,L,A,MYSE
151.909,8443,6/3/2015,5/26/2015,20:14:00,7,28.2,AH0,254,28.8267944,Day,F,L,A,MYSE
151.909,8443,6/3/2015,5/26/2015,20:14:02,7,28.2,AH0,253,28.8267944,Day,F,L,A,MYSE
151.909,8443,6/3/2015,5/25/2015,20:14:04,7,28.7,AH0,255,29.9269899,Day,F,L,A,MYSE
151.909,8443,6/3/2015,5/25/2015,20:14:06,7,28.7,AH0,255,29.9269899,Day,F,L,A,MYSE
151.909,8443,6/3/2015,5/29/2015,20:14:06,7,32.6,AH0,254,36.1807608,Day,F,L,A,MYSE
151.909,8443,6/3/2015,5/31/2015,20:14:06,7,24.8,AH0,248,19.2054336,Day,F,L,A,MYSE
151.909,8443,6/3/2015,5/28/2015,20:14:07,7,31.7,AH0,254,35.0726529,Day,F,L,A,MYSE
151.909,8443,6/3/2015,5/30/2015,20:14:07,7,32.6,AH0,245,36.1807608,Day,F,L,A,MYSE
151.909,8443,6/3/2015,5/25/2015,20:14:08,7,28.7,AH0,255,29.9269899,Day,F,L,A,MYSE
151.909,8443,6/3/2015,5/29/2015,20:14:08,7,32.6,AH0,254,36.1807608,Day,F,L,A,MYSE
151.909,8443,6/3/2015,5/31/2015,20:14:08,7,24.8,AH0,251,19.2054336,Day,F,L,A,MYSE
151.909,8443,6/3/2015,5/28/2015,20:14:09,7,31.6,AH0,255,34.9380768,Day,F,L,A,MYSE
151.909,8443,6/3/2015,5/30/2015,20:14:09,7,32.6,AH0,246,36.1807608,Day,F,L,A,MYSE
151.909,8443,6/3/2015,5/25/2015,20:14:10,7,28.7,AH0,255,29.9269899,Day,F,L,A,MYSE
151.909,8443,6/3/2015,5/29/2015,20:14:10,7,32.5,AH0,254,36.0665625,Day,F,L,A,MYSE
151.909,8443,6/3/2015,5/31/2015,20:14:10,7,24.8,AH0,249,19.2054336,Day,F,L,A,MYSE
151.909,8443,6/3/2015,5/24/2015,20:14:11,7,31.7,AH0,255,35.0726529,Day,F,L,A,MYSE
151.909,8443,6/3/2015,5/28/2015,20:14:11,7,31.6,AH0,255,34.9380768,Day,F,L,A,MYSE
151.909,8443,6/3/2015,5/30/2015,20:14:11,7,32.6,AH0,245,36.1807608,Day,F,L,A,MYSE
151.909,8443,6/3/2015,5/28/2015,20:14:12,7,31.6,AH0,255,34.9380768,Day,F,L,A,MYSE
151.909,8443,6/3/2015,5/29/2015,20:14:12,7,32.6,AH0,254,36.1807608,Day,F,L,A,MYSE
151.909,8443,6/3/2015,5/24/2015,20:14:13,7,31.7,AH0,255,35.0726529,Day,F,L,A,MYSE
151.909,8443,6/3/2015,5/30/2015,20:14:13,7,32.6,AH0,244,36.1807608,Day,F,L,A,MYSE
151.909,8443,6/3/2015,5/24/2015,20:14:15,7,31.7,AH0,255,35.0726529,Day,F,L,A,MYSE
151.909,8443,6/3/2015,5/24/2015,20:14:17,7,31.7,AH0,255,35.0726529,Day,F,L,A,MYSE
151.909,8443,6/3/2015,5/26/2015,20:14:17,7,28.2,AH0,254,28.8267944,Day,F,L,A,MYSE
151.909,8443,6/3/2015,5/26/2015,20:14:19,7,28.2,AH0,253,28.8267944,Day,F,L,A,MYSE
151.909,8443,6/3/2015,5/26/2015,20:14:21,7,28.2,AH0,254,28.8267944,Day,F,L,A,MYSE
151.909,8443,6/3/2015,5/25/2015,20:14:25,7,28.7,AH0,255,29.9269899,Day,F,L,A,MYSE
151.909,8443,6/3/2015,5/31/2015,20:14:25,7,24.8,AH0,249,19.2054336,Day,F,L,A,MYSE
151.909,8443,6/3/2015,5/28/2015,20:14:26,7,31.6,AH0,255,34.9380768,Day,F,L,A,MYSE
151.909,8443,6/3/2015,5/29/2015,20:14:26,7,32.5,AH0,254,36.0665625,Day,F,L,A,MYSE
151.909,8443,6/3/2015,5/30/2015,20:14:26,7,32.6,AH0,244,36.1807608,Day,F,L,A,MYSE
151.909,8443,6/3/2015,5/25/2015,20:14:27,7,28.7,AH0,255,29.9269899,Day,F,L,A,MYSE
151.909,8443,6/3/2015,5/30/2015,20:14:27,7,32.6,AH0,244,36.1807608,Day,F,L,A,MYSE
151.909,8443,6/3/2015,5/31/2015,20:14:27,7,24.8,AH0,251,19.2054336,Day,F,L,A,MYSE
151.909,8443,6/3/2015,5/28/2015,20:14:28,7,31.6,AH0,255,34.9380768,Day,F,L,A,MYSE
151.909,8443,6/3/2015,5/29/2015,20:14:28,7,32.5,AH0,255,36.0665625,Day,F,L,A,MYSE
151.909,8443,6/3/2015,5/25/2015,20:14:29,7,28.7,AH0,255,29.9269899,Day,F,L,A,MYSE
151.909,8443,6/3/2015,5/30/2015,20:14:29,7,32.6,AH0,244,36.1807608,Day,F,L,A,MYSE
151.909,8443,6/3/2015,5/24/2015,20:14:30,7,31.7,AH0,255,35.0726529,Day,F,L,A,MYSE
151.909,8443,6/3/2015,5/28/2015,20:14:30,7,31.6,AH0,255,34.9380768,Day,F,L,A,MYSE
151.909,8443,6/3/2015,5/29/2015,20:14:30,7,32.5,AH0,253,36.0665625,Day,F,L,A,MYSE
151.909,8443,6/3/2015,5/31/2015,20:14:30,7,24.7,AH0,252,18.8613459,Day,F,L,A,MYSE
151.909,8443,6/3/2015,5/25/2015,20:14:31,7,28.7,AH0,255,29.9269899,Day,F,L,A,MYSE
151.909,8443,6/3/2015,5/28/2015,20:14:31,7,31.6,AH0,255,34.9380768,Day,F,L,A,MYSE
151.909,8443,6/3/2015,5/30/2015,20:14:31,7,32.6,AH0,244,36.1807608,Day,F,L,A,MYSE
151.909,8443,6/3/2015,5/24/2015,20:14:32,7,31.7,AH0,255,35.0726529,Day,F,L,A,MYSE
151.909,8443,6/3/2015,5/29/2015,20:14:32,7,32.5,AH0,253,36.0665625,Day,F,L,A,MYSE
151.909,8443,6/3/2015,5/28/2015,20:14:33,7,31.6,AH0,255,34.9380768,Day,F,L,A,MYSE
151.909,8443,6/3/2015,5/30/2015,20:14:33,7,32.6,AH0,244,36.1807608,Day,F,L,A,MYSE
151.909,8443,6/3/2015,5/24/2015,20:14:34,7,31.7,AH0,255,35.0726529,Day,F,L,A,MYSE
151.909,8443,6/3/2015,5/24/2015,20:14:36,7,31.7,AH0,255,35.0726529,Day,F,L,A,MYSE
151.909,8443,6/3/2015,5/26/2015,20:14:36,7,28.1,AH0,254,28.5977253,Day,F,L,A,MYSE
151.909,8443,6/3/2015,5/26/2015,20:14:38,7,28.1,AH0,248,28.5977253,Day,F,L,A,MYSE
151.909,8443,6/3/2015,5/26/2015,20:14:40,7,28.1,AH0,245,28.5977253,Day,F,L,A,MYSE
151.909,8443,6/3/2015,5/26/2015,20:14:42,7,28.1,AH0,248,28.5977253,Day,F,L,A,MYSE
151.909,8443,6/3/2015,5/31/2015,20:14:44,7,24.8,AH0,250,19.2054336,Day,F,L,A,MYSE
151.909,8443,6/3/2015,5/25/2015,20:14:46,7,28.7,AH0,255,29.9269899,Day,F,L,A,MYSE
151.909,8443,6/3/2015,5/30/2015,20:14:46,7,32.7,AH0,247,36.2927939,Day,F,L,A,MYSE
151.909,8443,6/3/2015,5/28/2015,20:14:47,7,31.5,AH0,255,34.8011375,Day,F,L,A,MYSE
151.909,8443,6/3/2015,5/29/2015,20:14:47,7,32.5,AH0,253,36.0665625,Day,F,L,A,MYSE
151.909,8443,6/3/2015,5/31/2015,20:14:47,7,24.8,AH0,251,19.2054336,Day,F,L,A,MYSE
151.909,8443,6/3/2015,5/25/2015,20:14:48,7,28.7,AH0,255,29.9269899,Day,F,L,A,MYSE
151.909,8443,6/3/2015,5/30/2015,20:14:48,7,32.7,AH0,246,36.2927939,Day,F,L,A,MYSE
151.909,8443,6/3/2015,5/28/2015,20:14:49,7,31.5,AH0,255,34.8011375,Day,F,L,A,MYSE
151.909,8443,6/3/2015,5/29/2015,20:14:49,7,32.5,AH0,253,36.0665625,Day,F,L,A,MYSE
151.909,8443,6/3/2015,5/30/2015,20:14:49,7,32.7,AH0,244,36.2927939,Day,F,L,A,MYSE
151.909,8443,6/3/2015,5/31/2015,20:14:49,7,24.8,AH0,252,19.2054336,Day,F,L,A,MYSE
151.909,8443,6/3/2015,5/25/2015,20:14:50,7,28.7,AH0,255,29.9269899,Day,F,L,A,MYSE
151.909,8443,6/3/2015,5/28/2015,20:14:50,7,31.5,AH0,255,34.8011375,Day,F,L,A,MYSE
151.909,8443,6/3/2015,5/29/2015,20:14:50,7,32.5,AH0,254,36.0665625,Day,F,L,A,MYSE
151.909,8443,6/3/2015,5/24/2015,20:14:51,7,31.7,AH0,255,35.0726529,Day,F,L,A,MYSE
151.909,8443,6/3/2015,5/30/2015,20:14:51,7,32.7,AH0,245,36.2927939,Day,F,L,A,MYSE
151.909,8443,6/3/2015,5/28/2015,20:14:52,7,31.5,AH0,255,34.8011375,Day,F,L,A,MYSE
151.909,8443,6/3/2015,5/29/2015,20:14:52,7,32.5,AH0,252,36.0665625,Day,F,L,A,MYSE
151.909,8443,6/3/2015,5/24/2015,20:14:53,7,31.7,AH0,255,35.0726529,Day,F,L,A,MYSE
151.909,8443,6/3/2015,5/30/2015,20:14:53,7,32.7,AH0,246,36.2927939,Day,F,L,A,MYSE
151.909,8443,6/3/2015,5/24/2015,20:14:55,7,31.7,AH0,255,35.0726529,Day,F,L,A,MYSE
151.909,8443,6/3/2015,5/26/2015,20:14:55,7,28.3,AH0,252,29.0528271,Day,F,L,A,MYSE
151.909,8443,6/3/2015,5/24/2015,20:14:57,7,31.6,AH0,255,34.9380768,Day,F,L,A,MYSE
151.909,8443,6/3/2015,5/26/2015,20:14:57,7,28.1,AH0,250,28.5977253,Day,F,L,A,MYSE
151.909,8443,6/3/2015,5/26/2015,20:14:59,7,28.1,AH0,252,28.5977253,Day,F,L,A,MYSE
151.909,8443,6/3/2015,5/26/2015,20:15:01,7,28.1,AH0,252,28.5977253,Day,F,L,A,MYSE
151.909,8443,6/3/2015,5/31/2015,20:15:04,7,24.8,AH0,251,19.2054336,Day,F,L,A,MYSE
151.909,8443,6/3/2015,5/25/2015,20:15:05,7,28.7,AH0,255,29.9269899,Day,F,L,A,MYSE
151.909,8443,6/3/2015,5/29/2015,20:15:05,7,32.5,AH0,254,36.0665625,Day,F,L,A,MYSE
151.909,8443,6/3/2015,5/28/2015,20:15:06,7,31.5,AH0,255,34.8011375,Day,F,L,A,MYSE
151.909,8443,6/3/2015,5/30/2015,20:15:06,7,32.7,AH0,246,36.2927939,Day,F,L,A,MYSE
151.909,8443,6/3/2015,5/31/2015,20:15:06,7,24.8,AH0,247,19.2054336,Day,F,L,A,MYSE
151.909,8443,6/3/2015,5/25/2015,20:15:07,7,28.7,AH0,255,29.9269899,Day,F,L,A,MYSE
151.909,8443,6/3/2015,5/29/2015,20:15:07,7,32.5,AH0,253,36.0665625,Day,F,L,A,MYSE
151.909,8443,6/3/2015,5/28/2015,20:15:08,7,31.5,AH0,255,34.8011375,Day,F,L,A,MYSE
151.909,8443,6/3/2015,5/30/2015,20:15:08,7,32.7,AH0,245,36.2927939,Day,F,L,A,MYSE
151.909,8443,6/3/2015,5/25/2015,20:15:09,7,28.7,AH0,255,29.9269899,Day,F,L,A,MYSE
151.909,8443,6/3/2015,5/29/2015,20:15:09,7,32.5,AH0,254,36.0665625,Day,F,L,A,MYSE
151.909,8443,6/3/2015,5/31/2015,20:15:09,7,24.8,AH0,248,19.2054336,Day,F,L,A,MYSE
151.909,8443,6/3/2015,5/24/2015,20:15:10,7,31.6,AH0,255,34.9380768,Day,F,L,A,MYSE
151.909,8443,6/3/2015,5/28/2015,20:15:10,7,31.5,AH0,255,34.8011375,Day,F,L,A,MYSE
151.909,8443,6/3/2015,5/30/2015,20:15:10,7,32.7,AH0,245,36.2927939,Day,F,L,A,MYSE
151.909,8443,6/3/2015,5/25/2015,20:15:11,7,28.7,AH0,255,29.9269899,Day,F,L,A,MYSE
151.909,8443,6/3/2015,5/28/2015,20:15:11,7,31.5,AH0,254,34.8011375,Day,F,L,A,MYSE
151.909,8443,6/3/2015,5/29/2015,20:15:11,7,32.5,AH0,253,36.0665625,Day,F,L,A,MYSE
151.909,8443,6/3/2015,5/30/2015,20:15:11,7,32.7,AH0,244,36.2927939,Day,F,L,A,MYSE
151.909,8443,6/3/2015,5/31/2015,20:15:11,7,24.8,AH0,250,19.2054336,Day,F,L,A,MYSE
151.909,8443,6/3/2015,5/24/2015,20:15:12,7,31.6,AH0,255,34.9380768,Day,F,L,A,MYSE
151.909,8443,6/3/2015,5/28/2015,20:15:13,7,31.4,AH0,255,34.6618152,Day,F,L,A,MYSE
151.909,8443,6/3/2015,5/29/2015,20:15:13,7,32.5,AH0,254,36.0665625,Day,F,L,A,MYSE
151.909,8443,6/3/2015,5/30/2015,20:15:13,7,32.8,AH0,244,36.4026816,Day,F,L,A,MYSE
151.909,8443,6/3/2015,5/24/2015,20:15:14,7,31.6,AH0,255,34.9380768,Day,F,L,A,MYSE
151.909,8443,6/3/2015,5/24/2015,20:15:16,7,31.6,AH0,255,34.9380768,Day,F,L,A,MYSE
151.909,8443,6/3/2015,5/26/2015,20:15:16,7,28.1,AH0,248,28.5977253,Day,F,L,A,MYSE
151.909,8443,6/3/2015,5/26/2015,20:15:18,7,28.1,AH0,251,28.5977253,Day,F,L,A,MYSE
151.909,8443,6/3/2015,5/26/2015,20:15:21,7,28.1,AH0,249,28.5977253,Day,F,L,A,MYSE
151.909,8443,6/3/2015,5/26/2015,20:15:23,7,28.1,AH0,249,28.5977253,Day,F,L,A,MYSE
151.909,8443,6/3/2015,5/29/2015,20:15:25,7,32.5,AH0,254,36.0665625,Day,F,L,A,MYSE
151.909,8443,6/3/2015,5/25/2015,20:15:26,7,28.7,AH0,255,29.9269899,Day,F,L,A,MYSE
151.909,8443,6/3/2015,5/30/2015,20:15:26,7,32.8,AH0,246,36.4026816,Day,F,L,A,MYSE
151.909,8443,6/3/2015,5/31/2015,20:15:26,7,24.8,AH0,250,19.2054336,Day,F,L,A,MYSE
151.909,8443,6/3/2015,5/28/2015,20:15:27,7,31.4,AH0,255,34.6618152,Day,F,L,A,MYSE
151.909,8443,6/3/2015,5/29/2015,20:15:27,7,32.5,AH0,254,36.0665625,Day,F,L,A,MYSE
151.909,8443,6/3/2015,5/25/2015,20:15:28,7,28.7,AH0,255,29.9269899,Day,F,L,A,MYSE
151.909,8443,6/3/2015,5/30/2015,20:15:28,7,32.8,AH0,245,36.4026816,Day,F,L,A,MYSE
151.909,8443,6/3/2015,5/31/2015,20:15:28,7,24.8,AH0,249,19.2054336,Day,F,L,A,MYSE
151.909,8443,6/3/2015,5/28/2015,20:15:29,7,31.4,AH0,255,34.6618152,Day,F,L,A,MYSE
151.909,8443,6/3/2015,5/29/2015,20:15:29,7,32.5,AH0,254,36.0665625,Day,F,L,A,MYSE
151.909,8443,6/3/2015,5/25/2015,20:15:30,7,28.7,AH0,255,29.9269899,Day,F,L,A,MYSE
151.909,8443,6/3/2015,5/30/2015,20:15:30,7,32.8,AH0,245,36.4026816,Day,F,L,A,MYSE
151.909,8443,6/3/2015,5/31/2015,20:15:30,7,24.8,AH0,250,19.2054336,Day,F,L,A,MYSE
151.909,8443,6/3/2015,5/24/2015,20:15:31,7,31.6,AH0,255,34.9380768,Day,F,L,A,MYSE
151.909,8443,6/3/2015,5/28/2015,20:15:31,7,31.4,AH0,255,34.6618152,Day,F,L,A,MYSE
151.909,8443,6/3/2015,5/29/2015,20:15:31,7,32.5,AH0,254,36.0665625,Day,F,L,A,MYSE
151.909,8443,6/3/2015,5/28/2015,20:15:32,7,31.4,AH0,255,34.6618152,Day,F,L,A,MYSE
151.909,8443,6/3/2015,5/30/2015,20:15:32,7,32.8,AH0,250,36.4026816,Day,F,L,A,MYSE
151.909,8443,6/3/2015,5/24/2015,20:15:33,7,31.6,AH0,255,34.9380768,Day,F,L,A,MYSE
151.909,8443,6/3/2015,5/29/2015,20:15:33,7,32.5,AH0,254,36.0665625,Day,F,L,A,MYSE
151.909,8443,6/3/2015,5/30/2015,20:15:33,7,32.8,AH0,245,36.4026816,Day,F,L,A,MYSE
151.909,8443,6/3/2015,5/24/2015,20:15:35,7,31.6,AH0,255,34.9380768,Day,F,L,A,MYSE
151.909,8443,6/3/2015,5/26/2015,20:15:36,7,28.1,AH0,246,28.5977253,Day,F,L,A,MYSE
151.909,8443,6/3/2015,5/24/2015,20:15:37,7,31.6,AH0,255,34.9380768,Day,F,L,A,MYSE
151.909,8443,6/3/2015,5/26/2015,20:15:38,7,28.1,AH0,248,28.5977253,Day,F,L,A,MYSE
151.909,8443,6/3/2015,5/26/2015,20:15:40,7,28.1,AH0,249,28.5977253,Day,F,L,A,MYSE
151.909,8443,6/3/2015,5/26/2015,20:15:42,7,28.1,AH0,250,28.5977253,Day,F,L,A,MYSE
151.909,8443,6/3/2015,5/25/2015,20:15:44,7,28.7,AH0,255,29.9269899,Day,F,L,A,MYSE
151.909,8443,6/3/2015,5/31/2015,20:15:45,7,24.8,AH0,251,19.2054336,Day,F,L,A,MYSE
151.909,8443,6/3/2015,5/25/2015,20:15:46,7,28.7,AH0,255,29.9269899,Day,F,L,A,MYSE
151.909,8443,6/3/2015,5/28/2015,20:15:46,7,31.4,AH0,255,34.6618152,Day,F,L,A,MYSE
151.909,8443,6/3/2015,5/29/2015,20:15:46,7,32.5,AH0,254,36.0665625,Day,F,L,A,MYSE
151.909,8443,6/3/2015,5/30/2015,20:15:46,7,32.8,AH0,252,36.4026816,Day,F,L,A,MYSE
151.909,8443,6/3/2015,5/31/2015,20:15:47,7,24.8,AH0,250,19.2054336,Day,F,L,A,MYSE
151.909,8443,6/3/2015,5/28/2015,20:15:48,7,31.4,AH0,255,34.6618152,Day,F,L,A,MYSE
151.909,8443,6/3/2015,5/29/2015,20:15:48,7,32.5,AH0,253,36.0665625,Day,F,L,A,MYSE
151.909,8443,6/3/2015,5/30/2015,20:15:48,7,32.9,AH0,250,36.5104437,Day,F,L,A,MYSE
151.909,8443,6/3/2015,5/25/2015,20:15:49,7,28.7,AH0,255,29.9269899,Day,F,L,A,MYSE
151.909,8443,6/3/2015,5/29/2015,20:15:49,7,32.5,AH0,254,36.0665625,Day,F,L,A,MYSE
151.909,8443,6/3/2015,5/24/2015,20:15:50,7,31.5,AH0,255,34.8011375,Day,F,L,A,MYSE
151.909,8443,6/3/2015,5/28/2015,20:15:50,7,31.4,AH0,254,34.6618152,Day,F,L,A,MYSE
151.909,8443,6/3/2015,5/30/2015,20:15:50,7,32.9,AH0,250,36.5104437,Day,F,L,A,MYSE
151.909,8443,6/3/2015,5/31/2015,20:15:50,7,24.8,AH0,251,19.2054336,Day,F,L,A,MYSE
151.909,8443,6/3/2015,5/25/2015,20:15:51,7,28.7,AH0,255,29.9269899,Day,F,L,A,MYSE
151.909,8443,6/3/2015,5/29/2015,20:15:51,7,32.5,AH0,252,36.0665625,Day,F,L,A,MYSE
151.909,8443,6/3/2015,5/24/2015,20:15:52,7,31.5,AH0,255,34.8011375,Day,F,L,A,MYSE
151.909,8443,6/3/2015,5/28/2015,20:15:52,7,31.4,AH0,255,34.6618152,Day,F,L,A,MYSE
151.909,8443,6/3/2015,5/30/2015,20:15:52,7,32.9,AH0,250,36.5104437,Day,F,L,A,MYSE
151.909,8443,6/3/2015,5/28/2015,20:15:53,7,31.3,AH0,254,34.5200901,Day,F,L,A,MYSE
151.909,8443,6/3/2015,5/24/2015,20:15:54,7,31.5,AH0,255,34.8011375,Day,F,L,A,MYSE
151.909,8443,6/3/2015,5/24/2015,20:15:56,7,31.5,AH0,255,34.8011375,Day,F,L,A,MYSE
151.909,8443,6/3/2015,5/26/2015,20:15:57,7,28.2,AH0,248,28.8267944,Day,F,L,A,MYSE
151.909,8443,6/3/2015,5/24/2015,20:15:58,7,31.5,AH0,255,34.8011375,Day,F,L,A,MYSE
151.909,8443,6/3/2015,5/26/2015,20:15:59,7,28.2,AH0,248,28.8267944,Day,F,L,A,MYSE
151.909,8443,6/3/2015,5/26/2015,20:16:01,7,28.2,AH0,251,28.8267944,Day,F,L,A,MYSE
151.909,8443,6/3/2015,5/31/2015,20:16:04,7,24.8,AH0,251,19.2054336,Day,F,L,A,MYSE
151.909,8443,6/3/2015,5/25/2015,20:16:05,7,28.7,AH0,255,29.9269899,Day,F,L,A,MYSE
151.909,8443,6/3/2015,5/29/2015,20:16:06,7,32.5,AH0,253,36.0665625,Day,F,L,A,MYSE
151.909,8443,6/3/2015,5/30/2015,20:16:06,7,32.9,AH0,247,36.5104437,Day,F,L,A,MYSE
151.909,8443,6/3/2015,5/25/2015,20:16:07,7,28.6,AH0,255,29.7129048,Day,F,L,A,MYSE
151.909,8443,6/3/2015,5/28/2015,20:16:07,7,31.3,AH0,255,34.5200901,Day,F,L,A,MYSE
151.909,8443,6/3/2015,5/31/2015,20:16:07,7,24.8,AH0,252,19.2054336,Day,F,L,A,MYSE
151.909,8443,6/3/2015,5/29/2015,20:16:08,7,32.5,AH0,254,36.0665625,Day,F,L,A,MYSE
151.909,8443,6/3/2015,5/30/2015,20:16:08,7,32.9,AH0,247,36.5104437,Day,F,L,A,MYSE
151.909,8443,6/3/2015,5/25/2015,20:16:09,7,28.7,AH0,255,29.9269899,Day,F,L,A,MYSE
151.909,8443,6/3/2015,5/28/2015,20:16:09,7,31.3,AH0,255,34.5200901,Day,F,L,A,MYSE
151.909,8443,6/3/2015,5/31/2015,20:16:09,7,24.8,AH0,251,19.2054336,Day,F,L,A,MYSE
151.909,8443,6/3/2015,5/29/2015,20:16:10,7,32.5,AH0,254,36.0665625,Day,F,L,A,MYSE
151.909,8443,6/3/2015,5/30/2015,20:16:10,7,32.9,AH0,246,36.5104437,Day,F,L,A,MYSE
151.909,8443,6/3/2015,5/24/2015,20:16:11,7,31.5,AH0,255,34.8011375,Day,F,L,A,MYSE
151.909,8443,6/3/2015,5/28/2015,20:16:11,7,31.3,AH0,253,34.5200901,Day,F,L,A,MYSE
151.909,8443,6/3/2015,5/25/2015,20:16:12,7,28.7,AH0,255,29.9269899,Day,F,L,A,MYSE
151.909,8443,6/3/2015,5/29/2015,20:16:12,7,32.5,AH0,252,36.0665625,Day,F,L,A,MYSE
151.909,8443,6/3/2015,5/30/2015,20:16:12,7,33,AH0,248,36.6161,Day,F,L,A,MYSE
151.909,8443,6/3/2015,5/24/2015,20:16:13,7,31.5,AH0,255,34.8011375,Day,F,L,A,MYSE
151.909,8443,6/3/2015,5/28/2015,20:16:13,7,31.3,AH0,255,34.5200901,Day,F,L,A,MYSE
151.909,8443,6/3/2015,5/24/2015,20:16:15,7,31.5,AH0,255,34.8011375,Day,F,L,A,MYSE
151.909,8443,6/3/2015,5/26/2015,20:16:16,7,28.3,AH0,251,29.0528271,Day,F,L,A,MYSE
151.909,8443,6/3/2015,5/24/2015,20:16:17,7,31.5,AH0,255,34.8011375,Day,F,L,A,MYSE
151.909,8443,6/3/2015,5/26/2015,20:16:18,7,28.3,AH0,248,29.0528271,Day,F,L,A,MYSE
151.909,8443,6/3/2015,5/26/2015,20:16:20,7,28.3,AH0,247,29.0528271,Day,F,L,A,MYSE
151.909,8443,6/3/2015,5/26/2015,20:16:22,7,28.3,AH0,247,29.0528271,Day,F,L,A,MYSE
151.909,8443,6/3/2015,5/25/2015,20:16:24,7,28.6,AH0,255,29.7129048,Day,F,L,A,MYSE
151.909,8443,6/3/2015,5/31/2015,20:16:24,7,24.8,AH0,248,19.2054336,Day,F,L,A,MYSE
151.909,8443,6/3/2015,5/25/2015,20:16:26,7,28.6,AH0,255,29.7129048,Day,F,L,A,MYSE
151.909,8443,6/3/2015,5/28/2015,20:16:26,7,31.3,AH0,255,34.5200901,Day,F,L,A,MYSE
151.909,8443,6/3/2015,5/29/2015,20:16:26,7,32.5,AH0,253,36.0665625,Day,F,L,A,MYSE
151.909,8443,6/3/2015,5/30/2015,20:16:26,7,33,AH0,248,36.6161,Day,F,L,A,MYSE
151.909,8443,6/3/2015,5/31/2015,20:16:26,7,24.8,AH0,248,19.2054336,Day,F,L,A,MYSE
151.909,8443,6/3/2015,5/25/2015,20:16:28,7,28.6,AH0,255,29.7129048,Day,F,L,A,MYSE
151.909,8443,6/3/2015,5/28/2015,20:16:28,7,31.3,AH0,254,34.5200901,Day,F,L,A,MYSE
151.909,8443,6/3/2015,5/29/2015,20:16:28,7,32.5,AH0,254,36.0665625,Day,F,L,A,MYSE
151.909,8443,6/3/2015,5/30/2015,20:16:28,7,33,AH0,248,36.6161,Day,F,L,A,MYSE
151.909,8443,6/3/2015,5/31/2015,20:16:28,7,24.8,AH0,247,19.2054336,Day,F,L,A,MYSE
151.909,8443,6/3/2015,5/24/2015,20:16:30,7,31.5,AH0,255,34.8011375,Day,F,L,A,MYSE
151.909,8443,6/3/2015,5/25/2015,20:16:30,7,28.6,AH0,255,29.7129048,Day,F,L,A,MYSE
151.909,8443,6/3/2015,5/28/2015,20:16:30,7,31.3,AH0,254,34.5200901,Day,F,L,A,MYSE
151.909,8443,6/3/2015,5/29/2015,20:16:30,7,32.5,AH0,253,36.0665625,Day,F,L,A,MYSE
151.909,8443,6/3/2015,5/30/2015,20:16:30,7,33,AH0,247,36.6161,Day,F,L,A,MYSE
151.909,8443,6/3/2015,5/31/2015,20:16:31,7,24.8,AH0,246,19.2054336,Day,F,L,A,MYSE
151.909,8443,6/3/2015,5/24/2015,20:16:32,7,31.5,AH0,255,34.8011375,Day,F,L,A,MYSE
151.909,8443,6/3/2015,5/28/2015,20:16:32,7,31.3,AH0,255,34.5200901,Day,F,L,A,MYSE
151.909,8443,6/3/2015,5/29/2015,20:16:32,7,32.5,AH0,254,36.0665625,Day,F,L,A,MYSE
151.909,8443,6/3/2015,5/30/2015,20:16:32,7,33,AH0,247,36.6161,Day,F,L,A,MYSE
151.909,8443,6/3/2015,5/24/2015,20:16:34,7,31.5,AH0,255,34.8011375,Day,F,L,A,MYSE
151.909,8443,6/3/2015,5/26/2015,20:16:35,7,28.4,AH0,245,29.2758432,Day,F,L,A,MYSE
151.909,8443,6/3/2015,5/24/2015,20:16:36,7,31.5,AH0,255,34.8011375,Day,F,L,A,MYSE
151.909,8443,6/3/2015,5/26/2015,20:16:37,7,28.4,AH0,246,29.2758432,Day,F,L,A,MYSE
151.909,8443,6/3/2015,5/24/2015,20:16:38,7,31.5,AH0,255,34.8011375,Day,F,L,A,MYSE
151.909,8443,6/3/2015,5/26/2015,20:16:39,7,28.4,AH0,249,29.2758432,Day,F,L,A,MYSE
151.909,8443,6/3/2015,5/26/2015,20:16:41,7,28.4,AH0,249,29.2758432,Day,F,L,A,MYSE
151.909,8443,6/3/2015,5/25/2015,20:16:45,7,28.6,AH0,255,29.7129048,Day,F,L,A,MYSE
151.909,8443,6/3/2015,5/29/2015,20:16:45,7,32.5,AH0,254,36.0665625,Day,F,L,A,MYSE
151.909,8443,6/3/2015,5/31/2015,20:16:45,7,24.8,AH0,246,19.2054336,Day,F,L,A,MYSE
151.909,8443,6/3/2015,5/30/2015,20:16:46,7,33.1,AH0,246,36.7196703,Day,F,L,A,MYSE
151.909,8443,6/3/2015,5/25/2015,20:16:47,7,28.6,AH0,255,29.7129048,Day,F,L,A,MYSE
151.909,8443,6/3/2015,5/28/2015,20:16:47,7,31.3,AH0,255,34.5200901,Day,F,L,A,MYSE
151.909,8443,6/3/2015,5/29/2015,20:16:47,7,32.5,AH0,255,36.0665625,Day,F,L,A,MYSE
151.909,8443,6/3/2015,5/30/2015,20:16:48,7,33.1,AH0,247,36.7196703,Day,F,L,A,MYSE
151.909,8443,6/3/2015,5/31/2015,20:16:48,7,24.8,AH0,250,19.2054336,Day,F,L,A,MYSE
151.909,8443,6/3/2015,5/25/2015,20:16:49,7,28.6,AH0,255,29.7129048,Day,F,L,A,MYSE
151.909,8443,6/3/2015,5/28/2015,20:16:49,7,31.3,AH0,255,34.5200901,Day,F,L,A,MYSE
151.909,8443,6/3/2015,5/29/2015,20:16:49,7,32.5,AH0,253,36.0665625,Day,F,L,A,MYSE
151.909,8443,6/3/2015,5/29/2015,20:16:50,7,32.5,AH0,254,36.0665625,Day,F,L,A,MYSE
151.909,8443,6/3/2015,5/30/2015,20:16:50,7,33.1,AH0,247,36.7196703,Day,F,L,A,MYSE
151.909,8443,6/3/2015,5/31/2015,20:16:50,7,24.8,AH0,251,19.2054336,Day,F,L,A,MYSE
151.909,8443,6/3/2015,5/24/2015,20:16:51,7,31.5,AH0,255,34.8011375,Day,F,L,A,MYSE
151.909,8443,6/3/2015,5/25/2015,20:16:51,7,28.6,AH0,255,29.7129048,Day,F,L,A,MYSE
151.909,8443,6/3/2015,5/28/2015,20:16:51,7,31.3,AH0,254,34.5200901,Day,F,L,A,MYSE
151.909,8443,6/3/2015,5/29/2015,20:16:52,7,32.5,AH0,253,36.0665625,Day,F,L,A,MYSE
151.909,8443,6/3/2015,5/30/2015,20:16:52,7,33.1,AH0,244,36.7196703,Day,F,L,A,MYSE
151.909,8443,6/3/2015,5/24/2015,20:16:53,7,31.5,AH0,255,34.8011375,Day,F,L,A,MYSE
151.909,8443,6/3/2015,5/28/2015,20:16:53,7,31.3,AH0,254,34.5200901,Day,F,L,A,MYSE
151.909,8443,6/3/2015,5/24/2015,20:16:55,7,31.5,AH0,255,34.8011375,Day,F,L,A,MYSE
151.909,8443,6/3/2015,5/26/2015,20:16:56,7,28.4,AH0,246,29.2758432,Day,F,L,A,MYSE
151.909,8443,6/3/2015,5/24/2015,20:16:57,7,31.5,AH0,255,34.8011375,Day,F,L,A,MYSE
151.909,8443,6/3/2015,5/26/2015,20:16:58,7,28.4,AH0,250,29.2758432,Day,F,L,A,MYSE
151.909,8443,6/3/2015,5/26/2015,20:17:00,7,28.4,AH0,248,29.2758432,Day,F,L,A,MYSE
151.909,8443,6/3/2015,5/26/2015,20:17:02,7,28.5,AH0,246,29.4958625,Day,F,L,A,MYSE
151.909,8443,6/3/2015,5/25/2015,20:17:04,7,28.6,AH0,255,29.7129048,Day,F,L,A,MYSE
151.909,8443,6/3/2015,5/29/2015,20:17:05,7,32.5,AH0,253,36.0665625,Day,F,L,A,MYSE
151.909,8443,6/3/2015,5/31/2015,20:17:05,7,24.8,AH0,250,19.2054336,Day,F,L,A,MYSE
151.909,8443,6/3/2015,5/25/2015,20:17:06,7,28.6,AH0,255,29.7129048,Day,F,L,A,MYSE
151.909,8443,6/3/2015,5/28/2015,20:17:06,7,31.3,AH0,254,34.5200901,Day,F,L,A,MYSE
151.909,8443,6/3/2015,5/30/2015,20:17:06,7,33.1,AH0,243,36.7196703,Day,F,L,A,MYSE
151.909,8443,6/3/2015,5/29/2015,20:17:07,7,32.5,AH0,254,36.0665625,Day,F,L,A,MYSE
151.909,8443,6/3/2015,5/31/2015,20:17:07,7,24.8,AH0,249,19.2054336,Day,F,L,A,MYSE
151.909,8443,6/3/2015,5/25/2015,20:17:08,7,28.6,AH0,255,29.7129048,Day,F,L,A,MYSE
151.909,8443,6/3/2015,5/28/2015,20:17:08,7,31.3,AH0,255,34.5200901,Day,F,L,A,MYSE
151.909,8443,6/3/2015,5/30/2015,20:17:08,7,33.1,AH0,246,36.7196703,Day,F,L,A,MYSE
151.909,8443,6/3/2015,5/29/2015,20:17:09,7,32.5,AH0,254,36.0665625,Day,F,L,A,MYSE
151.909,8443,6/3/2015,5/24/2015,20:17:10,7,31.5,AH0,255,34.8011375,Day,F,L,A,MYSE
151.909,8443,6/3/2015,5/25/2015,20:17:10,7,28.6,AH0,255,29.7129048,Day,F,L,A,MYSE
151.909,8443,6/3/2015,5/28/2015,20:17:10,7,31.3,AH0,255,34.5200901,Day,F,L,A,MYSE
151.909,8443,6/3/2015,5/30/2015,20:17:10,7,33.1,AH0,246,36.7196703,Day,F,L,A,MYSE
151.909,8443,6/3/2015,5/31/2015,20:17:10,7,24.8,AH0,249,19.2054336,Day,F,L,A,MYSE
151.909,8443,6/3/2015,5/29/2015,20:17:11,7,32.5,AH0,254,36.0665625,Day,F,L,A,MYSE
151.909,8443,6/3/2015,5/24/2015,20:17:12,7,31.5,AH0,255,34.8011375,Day,F,L,A,MYSE
151.909,8443,6/3/2015,5/28/2015,20:17:12,7,31.3,AH0,255,34.5200901,Day,F,L,A,MYSE
151.909,8443,6/3/2015,5/30/2015,20:17:12,7,33.1,AH0,247,36.7196703,Day,F,L,A,MYSE
151.909,8443,6/3/2015,5/29/2015,20:17:13,7,32.5,AH0,254,36.0665625,Day,F,L,A,MYSE
151.909,8443,6/3/2015,5/24/2015,20:17:14,7,31.5,AH0,255,34.8011375,Day,F,L,A,MYSE
151.909,8443,6/3/2015,5/26/2015,20:17:15,7,28.5,AH0,246,29.4958625,Day,F,L,A,MYSE
151.909,8443,6/3/2015,5/24/2015,20:17:16,7,31.6,AH0,255,34.9380768,Day,F,L,A,MYSE
151.909,8443,6/3/2015,5/26/2015,20:17:17,7,28.5,AH0,248,29.4958625,Day,F,L,A,MYSE
151.909,8443,6/3/2015,5/24/2015,20:17:18,7,31.5,AH0,255,34.8011375,Day,F,L,A,MYSE
151.909,8443,6/3/2015,5/26/2015,20:17:19,7,28.5,AH0,249,29.4958625,Day,F,L,A,MYSE
151.909,8443,6/3/2015,5/26/2015,20:17:21,7,28.5,AH0,248,29.4958625,Day,F,L,A,MYSE
151.909,8443,6/3/2015,5/31/2015,20:17:24,7,24.8,AH0,250,19.2054336,Day,F,L,A,MYSE
151.909,8443,6/3/2015,5/25/2015,20:17:25,7,28.6,AH0,255,29.7129048,Day,F,L,A,MYSE
151.909,8443,6/3/2015,5/29/2015,20:17:25,7,32.5,AH0,254,36.0665625,Day,F,L,A,MYSE
151.909,8443,6/3/2015,5/28/2015,20:17:26,7,31.3,AH0,254,34.5200901,Day,F,L,A,MYSE
151.909,8443,6/3/2015,5/30/2015,20:17:26,7,33.2,AH0,246,36.8211744,Day,F,L,A,MYSE
151.909,8443,6/3/2015,5/31/2015,20:17:26,7,24.8,AH0,250,19.2054336,Day,F,L,A,MYSE
151.909,8443,6/3/2015,5/25/2015,20:17:27,7,28.6,AH0,255,29.7129048,Day,F,L,A,MYSE
151.909,8443,6/3/2015,5/28/2015,20:17:27,7,31.3,AH0,255,34.5200901,Day,F,L,A,MYSE
151.909,8443,6/3/2015,5/29/2015,20:17:27,7,32.5,AH0,253,36.0665625,Day,F,L,A,MYSE
151.909,8443,6/3/2015,5/30/2015,20:17:28,7,33.2,AH0,248,36.8211744,Day,F,L,A,MYSE
151.909,8443,6/3/2015,5/25/2015,20:17:29,7,28.6,AH0,255,29.7129048,Day,F,L,A,MYSE
151.909,8443,6/3/2015,5/28/2015,20:17:29,7,31.3,AH0,254,34.5200901,Day,F,L,A,MYSE
151.909,8443,6/3/2015,5/29/2015,20:17:29,7,32.5,AH0,254,36.0665625,Day,F,L,A,MYSE
151.909,8443,6/3/2015,5/31/2015,20:17:29,7,24.8,AH0,249,19.2054336,Day,F,L,A,MYSE
151.909,8443,6/3/2015,5/30/2015,20:17:30,7,33.2,AH0,247,36.8211744,Day,F,L,A,MYSE
151.909,8443,6/3/2015,5/24/2015,20:17:31,7,31.6,AH0,255,34.9380768,Day,F,L,A,MYSE
151.909,8443,6/3/2015,5/25/2015,20:17:31,7,28.6,AH0,255,29.7129048,Day,F,L,A,MYSE
151.909,8443,6/3/2015,5/28/2015,20:17:31,7,31.3,AH0,255,34.5200901,Day,F,L,A,MYSE
151.909,8443,6/3/2015,5/29/2015,20:17:31,7,32.5,AH0,254,36.0665625,Day,F,L,A,MYSE
151.909,8443,6/3/2015,5/30/2015,20:17:32,7,33.2,AH0,247,36.8211744,Day,F,L,A,MYSE
151.909,8443,6/3/2015,5/24/2015,20:17:33,7,31.6,AH0,255,34.9380768,Day,F,L,A,MYSE
151.909,8443,6/3/2015,5/28/2015,20:17:33,7,31.3,AH0,255,34.5200901,Day,F,L,A,MYSE
151.909,8443,6/3/2015,5/29/2015,20:17:33,7,32.5,AH0,254,36.0665625,Day,F,L,A,MYSE
151.909,8443,6/3/2015,5/30/2015,20:17:33,7,33.2,AH0,246,36.8211744,Day,F,L,A,MYSE
151.909,8443,6/3/2015,5/24/2015,20:17:35,7,31.6,AH0,255,34.9380768,Day,F,L,A,MYSE
151.909,8443,6/3/2015,5/26/2015,20:17:36,7,28.5,AH0,248,29.4958625,Day,F,L,A,MYSE
151.909,8443,6/3/2015,5/24/2015,20:17:37,7,31.6,AH0,255,34.9380768,Day,F,L,A,MYSE
151.909,8443,6/3/2015,5/26/2015,20:17:38,7,28.5,AH0,249,29.4958625,Day,F,L,A,MYSE
151.909,8443,6/3/2015,5/26/2015,20:17:40,7,28.5,AH0,249,29.4958625,Day,F,L,A,MYSE
151.909,8443,6/3/2015,5/26/2015,20:17:42,7,28.5,AH0,241,29.4958625,Day,F,L,A,MYSE
151.909,8443,6/3/2015,5/25/2015,20:17:44,7,28.5,AH0,255,29.4958625,Day,F,L,A,MYSE
151.909,8443,6/3/2015,5/25/2015,20:17:46,7,28.5,AH0,255,29.4958625,Day,F,L,A,MYSE
151.909,8443,6/3/2015,5/29/2015,20:17:46,7,32.5,AH0,254,36.0665625,Day,F,L,A,MYSE
151.909,8443,6/3/2015,5/30/2015,20:17:46,7,33.2,AH0,247,36.8211744,Day,F,L,A,MYSE
151.909,8443,6/3/2015,5/31/2015,20:17:46,7,24.8,AH0,250,19.2054336,Day,F,L,A,MYSE
151.909,8443,6/3/2015,5/28/2015,20:17:47,7,31.4,AH0,254,34.6618152,Day,F,L,A,MYSE
151.909,8443,6/3/2015,5/25/2015,20:17:48,7,28.5,AH0,255,29.4958625,Day,F,L,A,MYSE
151.909,8443,6/3/2015,5/29/2015,20:17:48,7,32.5,AH0,254,36.0665625,Day,F,L,A,MYSE
151.909,8443,6/3/2015,5/30/2015,20:17:48,7,33.2,AH0,247,36.8211744,Day,F,L,A,MYSE
151.909,8443,6/3/2015,5/31/2015,20:17:48,7,24.8,AH0,250,19.2054336,Day,F,L,A,MYSE
151.909,8443,6/3/2015,5/28/2015,20:17:49,7,31.3,AH0,254,34.5200901,Day,F,L,A,MYSE
151.909,8443,6/3/2015,5/24/2015,20:17:50,7,31.5,AH0,255,34.8011375,Day,F,L,A,MYSE
151.909,8443,6/3/2015,5/25/2015,20:17:50,7,28.5,AH0,255,29.4958625,Day,F,L,A,MYSE
151.909,8443,6/3/2015,5/28/2015,20:17:50,7,31.4,AH0,255,34.6618152,Day,F,L,A,MYSE
151.909,8443,6/3/2015,5/29/2015,20:17:50,7,32.5,AH0,253,36.0665625,Day,F,L,A,MYSE
151.909,8443,6/3/2015,5/30/2015,20:17:50,7,33.2,AH0,245,36.8211744,Day,F,L,A,MYSE
151.909,8443,6/3/2015,5/29/2015,20:17:51,7,32.5,AH0,254,36.0665625,Day,F,L,A,MYSE
151.909,8443,6/3/2015,5/30/2015,20:17:51,7,33.2,AH0,245,36.8211744,Day,F,L,A,MYSE
151.909,8443,6/3/2015,5/31/2015,20:17:51,7,24.8,AH0,248,19.2054336,Day,F,L,A,MYSE
151.909,8443,6/3/2015,5/24/2015,20:17:52,7,31.6,AH0,255,34.9380768,Day,F,L,A,MYSE
151.909,8443,6/3/2015,5/28/2015,20:17:52,7,31.4,AH0,255,34.6618152,Day,F,L,A,MYSE
151.909,8443,6/3/2015,5/30/2015,20:17:53,7,33.2,AH0,247,36.8211744,Day,F,L,A,MYSE
151.909,8443,6/3/2015,5/24/2015,20:17:54,7,31.6,AH0,255,34.9380768,Day,F,L,A,MYSE
151.909,8443,6/3/2015,5/26/2015,20:17:55,7,28.6,AH0,246,29.7129048,Day,F,L,A,MYSE
151.909,8443,6/3/2015,5/24/2015,20:17:56,7,31.6,AH0,255,34.9380768,Day,F,L,A,MYSE
151.909,8443,6/3/2015,5/26/2015,20:17:57,7,28.6,AH0,246,29.7129048,Day,F,L,A,MYSE
151.909,8443,6/3/2015,5/24/2015,20:17:58,7,31.6,AH0,255,34.9380768,Day,F,L,A,MYSE
151.909,8443,6/3/2015,5/26/2015,20:17:59,7,28.6,AH0,244,29.7129048,Day,F,L,A,MYSE
151.909,8443,6/3/2015,5/26/2015,20:18:01,7,28.6,AH0,245,29.7129048,Day,F,L,A,MYSE
151.909,8443,6/3/2015,5/25/2015,20:18:05,7,28.5,AH0,255,29.4958625,Day,F,L,A,MYSE
151.909,8443,6/3/2015,5/31/2015,20:18:05,7,24.8,AH0,248,19.2054336,Day,F,L,A,MYSE
151.909,8443,6/3/2015,5/28/2015,20:18:06,7,31.4,AH0,254,34.6618152,Day,F,L,A,MYSE
151.909,8443,6/3/2015,5/29/2015,20:18:06,7,32.5,AH0,253,36.0665625,Day,F,L,A,MYSE
151.909,8443,6/3/2015,5/30/2015,20:18:06,7,33.2,AH0,246,36.8211744,Day,F,L,A,MYSE
151.909,8443,6/3/2015,5/25/2015,20:18:07,7,28.5,AH0,255,29.4958625,Day,F,L,A,MYSE
151.909,8443,6/3/2015,5/28/2015,20:18:08,7,31.4,AH0,255,34.6618152,Day,F,L,A,MYSE
151.909,8443,6/3/2015,5/29/2015,20:18:08,7,32.5,AH0,254,36.0665625,Day,F,L,A,MYSE
151.909,8443,6/3/2015,5/30/2015,20:18:08,7,33.2,AH0,247,36.8211744,Day,F,L,A,MYSE
151.909,8443,6/3/2015,5/31/2015,20:18:08,7,24.9,AH0,247,19.5458117,Day,F,L,A,MYSE
151.909,8443,6/3/2015,5/25/2015,20:18:09,7,28.5,AH0,255,29.4958625,Day,F,L,A,MYSE
151.909,8443,6/3/2015,5/28/2015,20:18:10,7,31.4,AH0,254,34.6618152,Day,F,L,A,MYSE
151.909,8443,6/3/2015,5/29/2015,20:18:10,7,32.5,AH0,254,36.0665625,Day,F,L,A,MYSE
151.909,8443,6/3/2015,5/30/2015,20:18:10,7,33.2,AH0,246,36.8211744,Day,F,L,A,MYSE
151.909,8443,6/3/2015,5/31/2015,20:18:10,7,24.9,AH0,248,19.5458117,Day,F,L,A,MYSE
151.909,8443,6/3/2015,5/24/2015,20:18:11,7,31.6,AH0,255,34.9380768,Day,F,L,A,MYSE
151.909,8443,6/3/2015,5/25/2015,20:18:11,7,28.5,AH0,255,29.4958625,Day,F,L,A,MYSE
151.909,8443,6/3/2015,5/28/2015,20:18:11,7,31.4,AH0,254,34.6618152,Day,F,L,A,MYSE
151.909,8443,6/3/2015,5/30/2015,20:18:11,7,33.2,AH0,245,36.8211744,Day,F,L,A,MYSE
151.909,8443,6/3/2015,5/29/2015,20:18:12,7,32.5,AH0,253,36.0665625,Day,F,L,A,MYSE
151.909,8443,6/3/2015,5/24/2015,20:18:13,7,31.6,AH0,255,34.9380768,Day,F,L,A,MYSE
151.909,8443,6/3/2015,5/28/2015,20:18:13,7,31.4,AH0,254,34.6618152,Day,F,L,A,MYSE
151.909,8443,6/3/2015,5/30/2015,20:18:13,7,33.2,AH0,248,36.8211744,Day,F,L,A,MYSE
151.909,8443,6/3/2015,5/24/2015,20:18:15,7,31.5,AH0,255,34.8011375,Day,F,L,A,MYSE
151.909,8443,6/3/2015,5/26/2015,20:18:16,7,28.6,AH0,246,29.7129048,Day,F,L,A,MYSE
151.909,8443,6/3/2015,5/24/2015,20:18:17,7,31.6,AH0,255,34.9380768,Day,F,L,A,MYSE
151.909,8443,6/3/2015,5/26/2015,20:18:18,7,28.5,AH0,254,29.4958625,Day,F,L,A,MYSE
151.909,8443,6/3/2015,5/26/2015,20:18:20,7,28.5,AH0,255,29.4958625,Day,F,L,A,MYSE
151.909,8443,6/3/2015,5/26/2015,20:18:22,7,28.5,AH0,254,29.4958625,Day,F,L,A,MYSE
151.909,8443,6/3/2015,5/25/2015,20:18:24,7,28.5,AH0,255,29.4958625,Day,F,L,A,MYSE
151.909,8443,6/3/2015,5/31/2015,20:18:24,7,24.9,AH0,248,19.5458117,Day,F,L,A,MYSE
151.909,8443,6/3/2015,5/25/2015,20:18:26,7,28.5,AH0,255,29.4958625,Day,F,L,A,MYSE
151.909,8443,6/3/2015,5/29/2015,20:18:26,7,32.4,AH0,253,35.9501792,Day,F,L,A,MYSE
151.909,8443,6/3/2015,5/30/2015,20:18:26,7,33.3,AH0,242,36.9206321,Day,F,L,A,MYSE
151.909,8443,6/3/2015,5/28/2015,20:18:27,7,31.5,AH0,254,34.8011375,Day,F,L,A,MYSE
151.909,8443,6/3/2015,5/31/2015,20:18:27,7,24.9,AH0,249,19.5458117,Day,F,L,A,MYSE
151.909,8443,6/3/2015,5/25/2015,20:18:28,7,28.5,AH0,255,29.4958625,Day,F,L,A,MYSE
151.909,8443,6/3/2015,5/29/2015,20:18:28,7,32.4,AH0,254,35.9501792,Day,F,L,A,MYSE
151.909,8443,6/3/2015,5/30/2015,20:18:28,7,33.3,AH0,246,36.9206321,Day,F,L,A,MYSE
151.909,8443,6/3/2015,5/28/2015,20:18:29,7,31.5,AH0,254,34.8011375,Day,F,L,A,MYSE
151.909,8443,6/3/2015,5/30/2015,20:18:29,7,33.3,AH0,245,36.9206321,Day,F,L,A,MYSE
151.909,8443,6/3/2015,5/31/2015,20:18:29,7,24.9,AH0,249,19.5458117,Day,F,L,A,MYSE
151.909,8443,6/3/2015,5/24/2015,20:18:30,7,31.6,AH0,255,34.9380768,Day,F,L,A,MYSE
151.909,8443,6/3/2015,5/25/2015,20:18:30,7,28.5,AH0,255,29.4958625,Day,F,L,A,MYSE
151.909,8443,6/3/2015,5/29/2015,20:18:30,7,32.4,AH0,254,35.9501792,Day,F,L,A,MYSE
151.909,8443,6/3/2015,5/28/2015,20:18:31,7,31.5,AH0,253,34.8011375,Day,F,L,A,MYSE
151.909,8443,6/3/2015,5/30/2015,20:18:31,7,33.3,AH0,247,36.9206321,Day,F,L,A,MYSE
151.909,8443,6/3/2015,5/24/2015,20:18:32,7,31.6,AH0,255,34.9380768,Day,F,L,A,MYSE
151.909,8443,6/3/2015,5/28/2015,20:18:32,7,31.5,AH0,251,34.8011375,Day,F,L,A,MYSE
151.909,8443,6/3/2015,5/29/2015,20:18:32,7,32.4,AH0,253,35.9501792,Day,F,L,A,MYSE
151.909,8443,6/3/2015,5/30/2015,20:18:33,7,33.3,AH0,247,36.9206321,Day,F,L,A,MYSE
151.909,8443,6/3/2015,5/24/2015,20:18:34,7,31.6,AH0,255,34.9380768,Day,F,L,A,MYSE
151.909,8443,6/3/2015,5/26/2015,20:18:35,7,28.4,AH0,254,29.2758432,Day,F,L,A,MYSE
151.909,8443,6/3/2015,5/24/2015,20:18:36,7,31.6,AH0,255,34.9380768,Day,F,L,A,MYSE
151.909,8443,6/3/2015,5/24/2015,20:18:37,7,31.6,AH0,255,34.9380768,Day,F,L,A,MYSE
151.909,8443,6/3/2015,5/26/2015,20:18:37,7,28.4,AH0,254,29.2758432,Day,F,L,A,MYSE
151.909,8443,6/3/2015,5/26/2015,20:18:39,7,28.3,AH0,254,29.0528271,Day,F,L,A,MYSE
151.909,8443,6/3/2015,5/26/2015,20:18:41,7,28.3,AH0,255,29.0528271,Day,F,L,A,MYSE
151.909,8443,6/3/2015,5/31/2015,20:18:44,7,24.9,AH0,250,19.5458117,Day,F,L,A,MYSE
151.909,8443,6/3/2015,5/25/2015,20:18:45,7,28.5,AH0,255,29.4958625,Day,F,L,A,MYSE
151.909,8443,6/3/2015,5/29/2015,20:18:45,7,32.4,AH0,253,35.9501792,Day,F,L,A,MYSE
151.909,8443,6/3/2015,5/28/2015,20:18:46,7,31.5,AH0,252,34.8011375,Day,F,L,A,MYSE
151.909,8443,6/3/2015,5/30/2015,20:18:46,7,33.3,AH0,246,36.9206321,Day,F,L,A,MYSE
151.909,8443,6/3/2015,5/31/2015,20:18:46,7,24.9,AH0,249,19.5458117,Day,F,L,A,MYSE
151.909,8443,6/3/2015,5/25/2015,20:18:47,7,28.5,AH0,255,29.4958625,Day,F,L,A,MYSE
151.909,8443,6/3/2015,5/29/2015,20:18:47,7,32.4,AH0,253,35.9501792,Day,F,L,A,MYSE
151.909,8443,6/3/2015,5/30/2015,20:18:47,7,33.3,AH0,247,36.9206321,Day,F,L,A,MYSE
151.909,8443,6/3/2015,5/28/2015,20:18:48,7,31.5,AH0,253,34.8011375,Day,F,L,A,MYSE
151.909,8443,6/3/2015,5/25/2015,20:18:49,7,28.5,AH0,255,29.4958625,Day,F,L,A,MYSE
151.909,8443,6/3/2015,5/29/2015,20:18:49,7,32.4,AH0,254,35.9501792,Day,F,L,A,MYSE
151.909,8443,6/3/2015,5/30/2015,20:18:49,7,33.3,AH0,245,36.9206321,Day,F,L,A,MYSE
151.909,8443,6/3/2015,5/31/2015,20:18:49,7,24.9,AH0,250,19.5458117,Day,F,L,A,MYSE
151.909,8443,6/3/2015,5/28/2015,20:18:50,7,31.5,AH0,254,34.8011375,Day,F,L,A,MYSE
151.909,8443,6/3/2015,5/24/2015,20:18:51,7,31.6,AH0,255,34.9380768,Day,F,L,A,MYSE
151.909,8443,6/3/2015,5/25/2015,20:18:51,7,28.5,AH0,255,29.4958625,Day,F,L,A,MYSE
151.909,8443,6/3/2015,5/29/2015,20:18:51,7,32.4,AH0,254,35.9501792,Day,F,L,A,MYSE
151.909,8443,6/3/2015,5/30/2015,20:18:51,7,33.3,AH0,246,36.9206321,Day,F,L,A,MYSE
151.909,8443,6/3/2015,5/31/2015,20:18:51,7,24.9,AH0,247,19.5458117,Day,F,L,A,MYSE
151.909,8443,6/3/2015,5/28/2015,20:18:52,7,31.5,AH0,254,34.8011375,Day,F,L,A,MYSE
151.909,8443,6/3/2015,5/29/2015,20:18:52,7,32.4,AH0,253,35.9501792,Day,F,L,A,MYSE
151.909,8443,6/3/2015,5/24/2015,20:18:53,7,31.6,AH0,255,34.9380768,Day,F,L,A,MYSE
151.909,8443,6/3/2015,5/28/2015,20:18:53,7,31.5,AH0,254,34.8011375,Day,F,L,A,MYSE
151.909,8443,6/3/2015,5/30/2015,20:18:53,7,33.3,AH0,248,36.9206321,Day,F,L,A,MYSE
151.909,8443,6/3/2015,5/24/2015,20:18:55,7,31.6,AH0,255,34.9380768,Day,F,L,A,MYSE
151.909,8443,6/3/2015,5/24/2015,20:18:56,7,31.6,AH0,255,34.9380768,Day,F,L,A,MYSE
151.909,8443,6/3/2015,5/26/2015,20:18:56,7,28.2,AH0,253,28.8267944,Day,F,L,A,MYSE
151.909,8443,6/3/2015,5/26/2015,20:18:58,7,28.1,AH0,248,28.5977253,Day,F,L,A,MYSE
151.909,8443,6/3/2015,5/26/2015,20:19:01,7,28.1,AH0,248,28.5977253,Day,F,L,A,MYSE
151.909,8443,6/3/2015,5/26/2015,20:19:03,7,28.1,AH0,241,28.5977253,Day,F,L,A,MYSE
151.909,8443,6/3/2015,5/25/2015,20:19:04,7,28.4,AH0,255,29.2758432,Day,F,L,A,MYSE
151.909,8443,6/3/2015,5/29/2015,20:19:05,7,32.4,AH0,253,35.9501792,Day,F,L,A,MYSE
151.909,8443,6/3/2015,5/30/2015,20:19:05,7,33.4,AH0,247,37.0180632,Day,F,L,A,MYSE
151.909,8443,6/3/2015,5/31/2015,20:19:05,7,24.9,AH0,248,19.5458117,Day,F,L,A,MYSE
151.909,8443,6/3/2015,5/25/2015,20:19:06,7,28.4,AH0,255,29.2758432,Day,F,L,A,MYSE
151.909,8443,6/3/2015,5/28/2015,20:19:07,7,31.6,AH0,254,34.9380768,Day,F,L,A,MYSE
151.909,8443,6/3/2015,5/29/2015,20:19:07,7,32.4,AH0,254,35.9501792,Day,F,L,A,MYSE
151.909,8443,6/3/2015,5/30/2015,20:19:07,7,33.4,AH0,248,37.0180632,Day,F,L,A,MYSE
151.909,8443,6/3/2015,5/25/2015,20:19:08,7,28.4,AH0,255,29.2758432,Day,F,L,A,MYSE
151.909,8443,6/3/2015,5/31/2015,20:19:08,7,24.9,AH0,251,19.5458117,Day,F,L,A,MYSE
151.909,8443,6/3/2015,5/28/2015,20:19:09,7,31.6,AH0,255,34.9380768,Day,F,L,A,MYSE
151.909,8443,6/3/2015,5/29/2015,20:19:09,7,32.4,AH0,252,35.9501792,Day,F,L,A,MYSE
151.909,8443,6/3/2015,5/30/2015,20:19:09,7,33.4,AH0,247,37.0180632,Day,F,L,A,MYSE
151.909,8443,6/3/2015,5/24/2015,20:19:10,7,31.6,AH0,255,34.9380768,Day,F,L,A,MYSE
151.909,8443,6/3/2015,5/25/2015,20:19:10,7,28.4,AH0,255,29.2758432,Day,F,L,A,MYSE
151.909,8443,6/3/2015,5/31/2015,20:19:10,7,24.9,AH0,248,19.5458117,Day,F,L,A,MYSE
151.909,8443,6/3/2015,5/28/2015,20:19:11,7,31.6,AH0,254,34.9380768,Day,F,L,A,MYSE
151.909,8443,6/3/2015,5/29/2015,20:19:11,7,32.4,AH0,254,35.9501792,Day,F,L,A,MYSE
151.909,8443,6/3/2015,5/30/2015,20:19:11,7,33.4,AH0,247,37.0180632,Day,F,L,A,MYSE
151.909,8443,6/3/2015,5/24/2015,20:19:12,7,31.6,AH0,255,34.9380768,Day,F,L,A,MYSE
151.909,8443,6/3/2015,5/28/2015,20:19:12,7,31.6,AH0,254,34.9380768,Day,F,L,A,MYSE
151.909,8443,6/3/2015,5/29/2015,20:19:13,7,32.4,AH0,254,35.9501792,Day,F,L,A,MYSE
151.909,8443,6/3/2015,5/30/2015,20:19:13,7,33.4,AH0,247,37.0180632,Day,F,L,A,MYSE
151.909,8443,6/3/2015,5/24/2015,20:19:14,7,31.6,AH0,255,34.9380768,Day,F,L,A,MYSE
151.909,8443,6/3/2015,5/24/2015,20:19:15,7,31.6,AH0,255,34.9380768,Day,F,L,A,MYSE
151.909,8443,6/3/2015,5/26/2015,20:19:16,7,28,AH0,246,28.3656,Day,F,L,A,MYSE
151.909,8443,6/3/2015,5/24/2015,20:19:17,7,31.6,AH0,255,34.9380768,Day,F,L,A,MYSE
151.909,8443,6/3/2015,5/26/2015,20:19:18,7,28,AH0,249,28.3656,Day,F,L,A,MYSE
151.909,8443,6/3/2015,5/26/2015,20:19:20,7,28,AH0,247,28.3656,Day,F,L,A,MYSE
151.909,8443,6/3/2015,5/26/2015,20:19:22,7,28,AH0,255,28.3656,Day,F,L,A,MYSE
151.909,8443,6/3/2015,5/25/2015,20:19:25,7,28.4,AH0,255,29.2758432,Day,F,L,A,MYSE
151.909,8443,6/3/2015,5/31/2015,20:19:25,7,24.9,AH0,247,19.5458117,Day,F,L,A,MYSE
151.909,8443,6/3/2015,5/28/2015,20:19:26,7,31.7,AH0,255,35.0726529,Day,F,L,A,MYSE
151.909,8443,6/3/2015,5/29/2015,20:19:26,7,32.4,AH0,252,35.9501792,Day,F,L,A,MYSE
151.909,8443,6/3/2015,5/25/2015,20:19:27,7,28.4,AH0,255,29.2758432,Day,F,L,A,MYSE
151.909,8443,6/3/2015,5/30/2015,20:19:27,7,33.4,AH0,243,37.0180632,Day,F,L,A,MYSE
151.909,8443,6/3/2015,5/31/2015,20:19:27,7,24.9,AH0,249,19.5458117,Day,F,L,A,MYSE
151.909,8443,6/3/2015,5/28/2015,20:19:28,7,31.7,AH0,255,35.0726529,Day,F,L,A,MYSE
151.909,8443,6/3/2015,5/29/2015,20:19:28,7,32.4,AH0,254,35.9501792,Day,F,L,A,MYSE
151.909,8443,6/3/2015,5/25/2015,20:19:29,7,28.4,AH0,255,29.2758432,Day,F,L,A,MYSE
151.909,8443,6/3/2015,5/28/2015,20:19:29,7,31.7,AH0,255,35.0726529,Day,F,L,A,MYSE
151.909,8443,6/3/2015,5/29/2015,20:19:29,7,32.4,AH0,254,35.9501792,Day,F,L,A,MYSE
151.909,8443,6/3/2015,5/30/2015,20:19:29,7,33.4,AH0,244,37.0180632,Day,F,L,A,MYSE
151.909,8443,6/3/2015,5/31/2015,20:19:30,7,24.9,AH0,246,19.5458117,Day,F,L,A,MYSE
151.909,8443,6/3/2015,5/24/2015,20:19:31,7,31.6,AH0,255,34.9380768,Day,F,L,A,MYSE
151.909,8443,6/3/2015,5/25/2015,20:19:31,7,28.4,AH0,255,29.2758432,Day,F,L,A,MYSE
151.909,8443,6/3/2015,5/28/2015,20:19:31,7,31.7,AH0,254,35.0726529,Day,F,L,A,MYSE
151.909,8443,6/3/2015,5/29/2015,20:19:31,7,32.4,AH0,253,35.9501792,Day,F,L,A,MYSE
151.909,8443,6/3/2015,5/30/2015,20:19:31,7,33.4,AH0,248,37.0180632,Day,F,L,A,MYSE
151.909,8443,6/3/2015,5/30/2015,20:19:32,7,33.4,AH0,243,37.0180632,Day,F,L,A,MYSE
151.909,8443,6/3/2015,5/24/2015,20:19:33,7,31.6,AH0,255,34.9380768,Day,F,L,A,MYSE
151.909,8443,6/3/2015,5/28/2015,20:19:33,7,31.7,AH0,255,35.0726529,Day,F,L,A,MYSE
151.909,8443,6/3/2015,5/24/2015,20:19:35,7,31.6,AH0,255,34.9380768,Day,F,L,A,MYSE
151.909,8443,6/3/2015,5/24/2015,20:19:36,7,31.6,AH0,255,34.9380768,Day,F,L,A,MYSE
151.909,8443,6/3/2015,5/26/2015,20:19:37,7,28,AH0,253,28.3656,Day,F,L,A,MYSE
151.909,8443,6/3/2015,5/26/2015,20:19:39,7,28,AH0,254,28.3656,Day,F,L,A,MYSE
151.909,8443,6/3/2015,5/26/2015,20:19:41,7,28,AH0,251,28.3656,Day,F,L,A,MYSE
151.909,8443,6/3/2015,5/25/2015,20:19:44,7,28.4,AH0,255,29.2758432,Day,F,L,A,MYSE
151.909,8443,6/3/2015,5/31/2015,20:19:44,7,24.9,AH0,248,19.5458117,Day,F,L,A,MYSE
151.909,8443,6/3/2015,5/25/2015,20:19:46,7,28.4,AH0,255,29.2758432,Day,F,L,A,MYSE
151.909,8443,6/3/2015,5/29/2015,20:19:46,7,32.4,AH0,253,35.9501792,Day,F,L,A,MYSE
151.909,8443,6/3/2015,5/31/2015,20:19:46,7,24.9,AH0,246,19.5458117,Day,F,L,A,MYSE
151.909,8443,6/3/2015,5/28/2015,20:19:47,7,31.7,AH0,255,35.0726529,Day,F,L,A,MYSE
151.909,8443,6/3/2015,5/30/2015,20:19:47,7,33.4,AH0,246,37.0180632,Day,F,L,A,MYSE
151.909,8443,6/3/2015,5/25/2015,20:19:48,7,28.4,AH0,255,29.2758432,Day,F,L,A,MYSE
151.909,8443,6/3/2015,5/28/2015,20:19:48,7,31.7,AH0,255,35.0726529,Day,F,L,A,MYSE
151.909,8443,6/3/2015,5/29/2015,20:19:48,7,32.4,AH0,254,35.9501792,Day,F,L,A,MYSE
151.909,8443,6/3/2015,5/30/2015,20:19:49,7,33.4,AH0,247,37.0180632,Day,F,L,A,MYSE
151.909,8443,6/3/2015,5/31/2015,20:19:49,7,24.9,AH0,249,19.5458117,Day,F,L,A,MYSE
151.909,8443,6/3/2015,5/24/2015,20:19:50,7,31.6,AH0,255,34.9380768,Day,F,L,A,MYSE
151.909,8443,6/3/2015,5/25/2015,20:19:50,7,28.4,AH0,255,29.2758432,Day,F,L,A,MYSE
151.909,8443,6/3/2015,5/28/2015,20:19:50,7,31.7,AH0,255,35.0726529,Day,F,L,A,MYSE
151.909,8443,6/3/2015,5/29/2015,20:19:50,7,32.4,AH0,254,35.9501792,Day,F,L,A,MYSE
151.909,8443,6/3/2015,5/30/2015,20:19:50,7,33.4,AH0,247,37.0180632,Day,F,L,A,MYSE
151.909,8443,6/3/2015,5/24/2015,20:19:52,7,31.6,AH0,255,34.9380768,Day,F,L,A,MYSE
151.909,8443,6/3/2015,5/28/2015,20:19:52,7,31.7,AH0,255,35.0726529,Day,F,L,A,MYSE
151.909,8443,6/3/2015,5/29/2015,20:19:52,7,32.4,AH0,254,35.9501792,Day,F,L,A,MYSE
151.909,8443,6/3/2015,5/30/2015,20:19:52,7,33.4,AH0,247,37.0180632,Day,F,L,A,MYSE
151.909,8443,6/3/2015,5/24/2015,20:19:54,7,31.6,AH0,255,34.9380768,Day,F,L,A,MYSE
151.909,8443,6/3/2015,5/24/2015,20:19:55,7,31.6,AH0,255,34.9380768,Day,F,L,A,MYSE
151.909,8443,6/3/2015,5/26/2015,20:19:56,7,28,AH0,255,28.3656,Day,F,L,A,MYSE
151.909,8443,6/3/2015,5/24/2015,20:19:57,7,31.6,AH0,255,34.9380768,Day,F,L,A,MYSE
151.909,8443,6/3/2015,5/26/2015,20:19:58,7,28,AH0,254,28.3656,Day,F,L,A,MYSE
151.909,8443,6/3/2015,5/26/2015,20:20:00,7,28,AH0,254,28.3656,Day,F,L,A,MYSE
151.909,8443,6/3/2015,5/26/2015,20:20:03,7,28,AH0,254,28.3656,Day,F,L,A,MYSE
151.909,8443,6/3/2015,5/25/2015,20:20:05,7,28.4,AH0,255,29.2758432,Day,F,L,A,MYSE
151.909,8443,6/3/2015,5/28/2015,20:20:06,7,31.7,AH0,254,35.0726529,Day,F,L,A,MYSE
151.909,8443,6/3/2015,5/29/2015,20:20:06,7,32.4,AH0,254,35.9501792,Day,F,L,A,MYSE
151.909,8443,6/3/2015,5/31/2015,20:20:06,7,24.9,AH0,248,19.5458117,Day,F,L,A,MYSE
151.909,8443,6/3/2015,5/25/2015,20:20:07,7,28.4,AH0,255,29.2758432,Day,F,L,A,MYSE
151.909,8443,6/3/2015,5/30/2015,20:20:07,7,33.4,AH0,245,37.0180632,Day,F,L,A,MYSE
151.909,8443,6/3/2015,5/28/2015,20:20:08,7,31.7,AH0,255,35.0726529,Day,F,L,A,MYSE
151.909,8443,6/3/2015,5/29/2015,20:20:08,7,32.4,AH0,254,35.9501792,Day,F,L,A,MYSE
151.909,8443,6/3/2015,5/30/2015,20:20:08,7,33.4,AH0,247,37.0180632,Day,F,L,A,MYSE
151.909,8443,6/3/2015,5/31/2015,20:20:08,7,24.9,AH0,249,19.5458117,Day,F,L,A,MYSE
151.909,8443,6/3/2015,5/25/2015,20:20:09,7,28.4,AH0,255,29.2758432,Day,F,L,A,MYSE
151.909,8443,6/3/2015,5/28/2015,20:20:10,7,31.7,AH0,255,35.0726529,Day,F,L,A,MYSE
151.909,8443,6/3/2015,5/29/2015,20:20:10,7,32.3,AH0,254,35.8315911,Day,F,L,A,MYSE
151.909,8443,6/3/2015,5/30/2015,20:20:10,7,33.4,AH0,245,37.0180632,Day,F,L,A,MYSE
151.909,8443,6/3/2015,5/24/2015,20:20:11,7,31.5,AH0,255,34.8011375,Day,F,L,A,MYSE
151.909,8443,6/3/2015,5/31/2015,20:20:11,7,24.9,AH0,247,19.5458117,Day,F,L,A,MYSE
151.909,8443,6/3/2015,5/25/2015,20:20:12,7,28.4,AH0,255,29.2758432,Day,F,L,A,MYSE
151.909,8443,6/3/2015,5/28/2015,20:20:12,7,31.7,AH0,254,35.0726529,Day,F,L,A,MYSE
151.909,8443,6/3/2015,5/29/2015,20:20:12,7,32.4,AH0,254,35.9501792,Day,F,L,A,MYSE
151.909,8443,6/3/2015,5/30/2015,20:20:12,7,33.4,AH0,246,37.0180632,Day,F,L,A,MYSE
151.909,8443,6/3/2015,5/24/2015,20:20:13,7,31.5,AH0,255,34.8011375,Day,F,L,A,MYSE
151.909,8443,6/3/2015,5/24/2015,20:20:14,7,31.5,AH0,255,34.8011375,Day,F,L,A,MYSE
151.909,8443,6/3/2015,5/28/2015,20:20:14,7,31.7,AH0,254,35.0726529,Day,F,L,A,MYSE
151.909,8443,6/3/2015,5/24/2015,20:20:16,7,31.5,AH0,255,34.8011375,Day,F,L,A,MYSE
151.909,8443,6/3/2015,5/26/2015,20:20:16,7,27.9,AH0,254,28.1303987,Day,F,L,A,MYSE
151.909,8443,6/3/2015,5/26/2015,20:20:18,7,27.9,AH0,254,28.1303987,Day,F,L,A,MYSE
151.909,8443,6/3/2015,5/26/2015,20:20:20,7,27.9,AH0,254,28.1303987,Day,F,L,A,MYSE
151.909,8443,6/3/2015,5/26/2015,20:20:22,7,27.9,AH0,254,28.1303987,Day,F,L,A,MYSE
151.909,8443,6/3/2015,5/25/2015,20:20:24,7,28.5,AH0,255,29.4958625,Day,F,L,A,MYSE
151.909,8443,6/3/2015,5/29/2015,20:20:25,7,32.3,AH0,254,35.8315911,Day,F,L,A,MYSE
151.909,8443,6/3/2015,5/31/2015,20:20:25,7,24.9,AH0,248,19.5458117,Day,F,L,A,MYSE
151.909,8443,6/3/2015,5/25/2015,20:20:26,7,28.5,AH0,255,29.4958625,Day,F,L,A,MYSE
151.909,8443,6/3/2015,5/30/2015,20:20:26,7,33.4,AH0,244,37.0180632,Day,F,L,A,MYSE
151.909,8443,6/3/2015,5/28/2015,20:20:27,7,31.7,AH0,255,35.0726529,Day,F,L,A,MYSE
151.909,8443,6/3/2015,5/29/2015,20:20:27,7,32.3,AH0,254,35.8315911,Day,F,L,A,MYSE
151.909,8443,6/3/2015,5/25/2015,20:20:28,7,28.5,AH0,255,29.4958625,Day,F,L,A,MYSE
151.909,8443,6/3/2015,5/30/2015,20:20:28,7,33.4,AH0,244,37.0180632,Day,F,L,A,MYSE
151.909,8443,6/3/2015,5/31/2015,20:20:28,7,24.8,AH0,246,19.2054336,Day,F,L,A,MYSE
151.909,8443,6/3/2015,5/28/2015,20:20:29,7,31.7,AH0,254,35.0726529,Day,F,L,A,MYSE
151.909,8443,6/3/2015,5/29/2015,20:20:29,7,32.3,AH0,252,35.8315911,Day,F,L,A,MYSE
151.909,8443,6/3/2015,5/24/2015,20:20:30,7,31.5,AH0,255,34.8011375,Day,F,L,A,MYSE
151.909,8443,6/3/2015,5/25/2015,20:20:30,7,28.5,AH0,255,29.4958625,Day,F,L,A,MYSE
151.909,8443,6/3/2015,5/30/2015,20:20:30,7,33.4,AH0,245,37.0180632,Day,F,L,A,MYSE
151.909,8443,6/3/2015,5/31/2015,20:20:30,7,24.9,AH0,248,19.5458117,Day,F,L,A,MYSE
151.909,8443,6/3/2015,5/28/2015,20:20:31,7,31.7,AH0,253,35.0726529,Day,F,L,A,MYSE
151.909,8443,6/3/2015,5/29/2015,20:20:31,7,32.4,AH0,254,35.9501792,Day,F,L,A,MYSE
151.909,8443,6/3/2015,5/24/2015,20:20:32,7,31.6,AH0,255,34.9380768,Day,F,L,A,MYSE
151.909,8443,6/3/2015,5/29/2015,20:20:32,7,32.4,AH0,254,35.9501792,Day,F,L,A,MYSE
151.909,8443,6/3/2015,5/30/2015,20:20:32,7,33.4,AH0,247,37.0180632,Day,F,L,A,MYSE
151.909,8443,6/3/2015,5/24/2015,20:20:33,7,31.5,AH0,255,34.8011375,Day,F,L,A,MYSE
151.909,8443,6/3/2015,5/28/2015,20:20:33,7,31.7,AH0,255,35.0726529,Day,F,L,A,MYSE
151.909,8443,6/3/2015,5/24/2015,20:20:35,7,31.5,AH0,255,34.8011375,Day,F,L,A,MYSE
151.909,8443,6/3/2015,5/26/2015,20:20:35,7,27.8,AH0,255,27.8921016,Day,F,L,A,MYSE
151.909,8443,6/3/2015,5/24/2015,20:20:37,7,31.5,AH0,255,34.8011375,Day,F,L,A,MYSE
151.909,8443,6/3/2015,5/26/2015,20:20:37,7,27.8,AH0,254,27.8921016,Day,F,L,A,MYSE
151.909,8443,6/3/2015,5/26/2015,20:20:39,7,27.8,AH0,255,27.8921016,Day,F,L,A,MYSE
151.909,8443,6/3/2015,5/26/2015,20:20:41,7,27.8,AH0,255,27.8921016,Day,F,L,A,MYSE
151.909,8443,6/3/2015,5/31/2015,20:20:44,7,24.9,AH0,249,19.5458117,Day,F,L,A,MYSE
151.909,8443,6/3/2015,5/25/2015,20:20:45,7,28.5,AH0,255,29.4958625,Day,F,L,A,MYSE
151.909,8443,6/3/2015,5/29/2015,20:20:45,7,32.3,AH0,255,35.8315911,Day,F,L,A,MYSE
151.909,8443,6/3/2015,5/30/2015,20:20:46,7,33.4,AH0,244,37.0180632,Day,F,L,A,MYSE
151.909,8443,6/3/2015,5/25/2015,20:20:47,7,28.5,AH0,255,29.4958625,Day,F,L,A,MYSE
151.909,8443,6/3/2015,5/29/2015,20:20:47,7,32.3,AH0,253,35.8315911,Day,F,L,A,MYSE
151.909,8443,6/3/2015,5/31/2015,20:20:47,7,24.9,AH0,250,19.5458117,Day,F,L,A,MYSE
151.909,8443,6/3/2015,5/28/2015,20:20:48,7,31.7,AH0,254,35.0726529,Day,F,L,A,MYSE
151.909,8443,6/3/2015,5/30/2015,20:20:48,7,33.4,AH0,245,37.0180632,Day,F,L,A,MYSE
151.909,8443,6/3/2015,5/25/2015,20:20:49,7,28.5,AH0,255,29.4958625,Day,F,L,A,MYSE
151.909,8443,6/3/2015,5/29/2015,20:20:49,7,32.3,AH0,254,35.8315911,Day,F,L,A,MYSE
151.909,8443,6/3/2015,5/31/2015,20:20:49,7,24.9,AH0,248,19.5458117,Day,F,L,A,MYSE
151.909,8443,6/3/2015,5/28/2015,20:20:50,7,31.7,AH0,255,35.0726529,Day,F,L,A,MYSE
151.909,8443,6/3/2015,5/30/2015,20:20:50,7,33.4,AH0,247,37.0180632,Day,F,L,A,MYSE
151.909,8443,6/3/2015,5/24/2015,20:20:51,7,31.5,AH0,255,34.8011375,Day,F,L,A,MYSE
151.909,8443,6/3/2015,5/29/2015,20:20:51,7,32.3,AH0,254,35.8315911,Day,F,L,A,MYSE
151.909,8443,6/3/2015,5/30/2015,20:20:51,7,33.4,AH0,247,37.0180632,Day,F,L,A,MYSE
151.909,8443,6/3/2015,5/24/2015,20:20:52,7,31.6,AH0,255,34.9380768,Day,F,L,A,MYSE
151.909,8443,6/3/2015,5/25/2015,20:20:52,7,28.5,AH0,255,29.4958625,Day,F,L,A,MYSE
151.909,8443,6/3/2015,5/28/2015,20:20:52,7,31.7,AH0,255,35.0726529,Day,F,L,A,MYSE
151.909,8443,6/3/2015,5/29/2015,20:20:53,7,32.3,AH0,253,35.8315911,Day,F,L,A,MYSE
151.909,8443,6/3/2015,5/30/2015,20:20:53,7,33.4,AH0,246,37.0180632,Day,F,L,A,MYSE
151.909,8443,6/3/2015,5/24/2015,20:20:54,7,31.6,AH0,255,34.9380768,Day,F,L,A,MYSE
151.909,8443,6/3/2015,5/28/2015,20:20:54,7,31.7,AH0,252,35.0726529,Day,F,L,A,MYSE
151.909,8443,6/3/2015,5/24/2015,20:20:56,7,31.5,AH0,255,34.8011375,Day,F,L,A,MYSE
151.909,8443,6/3/2015,5/26/2015,20:20:57,7,27.8,AH0,254,27.8921016,Day,F,L,A,MYSE
151.909,8443,6/3/2015,5/26/2015,20:20:59,7,27.8,AH0,255,27.8921016,Day,F,L,A,MYSE
151.909,8443,6/3/2015,5/26/2015,20:21:01,7,27.8,AH0,253,27.8921016,Day,F,L,A,MYSE
151.909,8443,6/3/2015,5/25/2015,20:21:04,7,28.5,AH0,255,29.4958625,Day,F,L,A,MYSE
151.909,8443,6/3/2015,5/31/2015,20:21:04,7,24.9,AH0,250,19.5458117,Day,F,L,A,MYSE
151.909,8443,6/3/2015,5/25/2015,20:21:06,7,28.5,AH0,255,29.4958625,Day,F,L,A,MYSE
151.909,8443,6/3/2015,5/29/2015,20:21:06,7,32.3,AH0,253,35.8315911,Day,F,L,A,MYSE
151.909,8443,6/3/2015,5/30/2015,20:21:06,7,33.4,AH0,245,37.0180632,Day,F,L,A,MYSE
151.909,8443,6/3/2015,5/31/2015,20:21:06,7,24.9,AH0,248,19.5458117,Day,F,L,A,MYSE
151.909,8443,6/3/2015,5/28/2015,20:21:07,7,31.6,AH0,254,34.9380768,Day,F,L,A,MYSE
151.909,8443,6/3/2015,5/25/2015,20:21:08,7,28.5,AH0,255,29.4958625,Day,F,L,A,MYSE
151.909,8443,6/3/2015,5/29/2015,20:21:08,7,32.3,AH0,253,35.8315911,Day,F,L,A,MYSE
151.909,8443,6/3/2015,5/30/2015,20:21:08,7,33.4,AH0,245,37.0180632,Day,F,L,A,MYSE
151.909,8443,6/3/2015,5/28/2015,20:21:09,7,31.7,AH0,254,35.0726529,Day,F,L,A,MYSE
151.909,8443,6/3/2015,5/30/2015,20:21:09,7,33.4,AH0,248,37.0180632,Day,F,L,A,MYSE
151.909,8443,6/3/2015,5/31/2015,20:21:09,7,24.9,AH0,246,19.5458117,Day,F,L,A,MYSE
151.909,8443,6/3/2015,5/24/2015,20:21:10,7,31.5,AH0,255,34.8011375,Day,F,L,A,MYSE
151.909,8443,6/3/2015,5/25/2015,20:21:10,7,28.5,AH0,255,29.4958625,Day,F,L,A,MYSE
151.909,8443,6/3/2015,5/29/2015,20:21:10,7,32.3,AH0,254,35.8315911,Day,F,L,A,MYSE
151.909,8443,6/3/2015,5/28/2015,20:21:11,7,31.6,AH0,255,34.9380768,Day,F,L,A,MYSE
151.909,8443,6/3/2015,5/29/2015,20:21:11,7,32.3,AH0,254,35.8315911,Day,F,L,A,MYSE
151.909,8443,6/3/2015,5/30/2015,20:21:11,7,33.4,AH0,246,37.0180632,Day,F,L,A,MYSE
151.909,8443,6/3/2015,5/31/2015,20:21:11,7,24.9,AH0,246,19.5458117,Day,F,L,A,MYSE
151.909,8443,6/3/2015,5/24/2015,20:21:12,7,31.6,AH0,255,34.9380768,Day,F,L,A,MYSE
151.909,8443,6/3/2015,5/24/2015,20:21:13,7,31.6,AH0,255,34.9380768,Day,F,L,A,MYSE
151.909,8443,6/3/2015,5/28/2015,20:21:13,7,31.7,AH0,254,35.0726529,Day,F,L,A,MYSE
151.909,8443,6/3/2015,5/30/2015,20:21:13,7,33.4,AH0,247,37.0180632,Day,F,L,A,MYSE
151.909,8443,6/3/2015,5/24/2015,20:21:15,7,31.5,AH0,255,34.8011375,Day,F,L,A,MYSE
151.909,8443,6/3/2015,5/26/2015,20:21:16,7,27.7,AH0,255,27.6506889,Day,F,L,A,MYSE
151.909,8443,6/3/2015,5/24/2015,20:21:17,7,31.6,AH0,255,34.9380768,Day,F,L,A,MYSE
151.909,8443,6/3/2015,5/26/2015,20:21:18,7,27.7,AH0,254,27.6506889,Day,F,L,A,MYSE
151.909,8443,6/3/2015,5/26/2015,20:21:20,7,27.7,AH0,254,27.6506889,Day,F,L,A,MYSE
151.909,8443,6/3/2015,5/26/2015,20:21:22,7,27.7,AH0,254,27.6506889,Day,F,L,A,MYSE
151.909,8443,6/3/2015,5/25/2015,20:21:25,7,28.6,AH0,255,29.7129048,Day,F,L,A,MYSE
151.909,8443,6/3/2015,5/31/2015,20:21:25,7,24.9,AH0,249,19.5458117,Day,F,L,A,MYSE
151.909,8443,6/3/2015,5/29/2015,20:21:26,7,32.3,AH0,254,35.8315911,Day,F,L,A,MYSE
151.909,8443,6/3/2015,5/30/2015,20:21:26,7,33.4,AH0,246,37.0180632,Day,F,L,A,MYSE
151.909,8443,6/3/2015,5/25/2015,20:21:27,7,28.6,AH0,255,29.7129048,Day,F,L,A,MYSE
151.909,8443,6/3/2015,5/30/2015,20:21:27,7,33.4,AH0,248,37.0180632,Day,F,L,A,MYSE
151.909,8443,6/3/2015,5/28/2015,20:21:28,7,31.7,AH0,254,35.0726529,Day,F,L,A,MYSE
151.909,8443,6/3/2015,5/29/2015,20:21:28,7,32.3,AH0,254,35.8315911,Day,F,L,A,MYSE
151.909,8443,6/3/2015,5/31/2015,20:21:28,7,24.9,AH0,248,19.5458117,Day,F,L,A,MYSE
151.909,8443,6/3/2015,5/25/2015,20:21:29,7,28.6,AH0,255,29.7129048,Day,F,L,A,MYSE
151.909,8443,6/3/2015,5/30/2015,20:21:29,7,33.4,AH0,248,37.0180632,Day,F,L,A,MYSE
151.909,8443,6/3/2015,5/28/2015,20:21:30,7,31.6,AH0,254,34.9380768,Day,F,L,A,MYSE
151.909,8443,6/3/2015,5/29/2015,20:21:30,7,32.3,AH0,254,35.8315911,Day,F,L,A,MYSE
151.909,8443,6/3/2015,5/31/2015,20:21:30,7,24.9,AH0,249,19.5458117,Day,F,L,A,MYSE
151.909,8443,6/3/2015,5/24/2015,20:21:31,7,31.6,AH0,255,34.9380768,Day,F,L,A,MYSE
151.909,8443,6/3/2015,5/25/2015,20:21:31,7,28.6,AH0,255,29.7129048,Day,F,L,A,MYSE
151.909,8443,6/3/2015,5/30/2015,20:21:31,7,33.4,AH0,249,37.0180632,Day,F,L,A,MYSE
151.909,8443,6/3/2015,5/24/2015,20:21:32,7,31.6,AH0,255,34.9380768,Day,F,L,A,MYSE
151.909,8443,6/3/2015,5/28/2015,20:21:32,7,31.6,AH0,254,34.9380768,Day,F,L,A,MYSE
151.909,8443,6/3/2015,5/29/2015,20:21:32,7,32.3,AH0,254,35.8315911,Day,F,L,A,MYSE
151.909,8443,6/3/2015,5/30/2015,20:21:33,7,33.4,AH0,247,37.0180632,Day,F,L,A,MYSE
151.909,8443,6/3/2015,5/24/2015,20:21:34,7,31.5,AH0,255,34.8011375,Day,F,L,A,MYSE
151.909,8443,6/3/2015,5/28/2015,20:21:34,7,31.6,AH0,254,34.9380768,Day,F,L,A,MYSE
151.909,8443,6/3/2015,5/26/2015,20:21:35,7,27.7,AH0,254,27.6506889,Day,F,L,A,MYSE
151.909,8443,6/3/2015,5/24/2015,20:21:36,7,31.6,AH0,255,34.9380768,Day,F,L,A,MYSE
151.909,8443,6/3/2015,5/26/2015,20:21:38,7,27.7,AH0,254,27.6506889,Day,F,L,A,MYSE
151.909,8443,6/3/2015,5/26/2015,20:21:40,7,27.7,AH0,250,27.6506889,Day,F,L,A,MYSE
151.909,8443,6/3/2015,5/26/2015,20:21:42,7,27.7,AH0,254,27.6506889,Day,F,L,A,MYSE
151.909,8443,6/3/2015,5/25/2015,20:21:44,7,28.7,AH0,255,29.9269899,Day,F,L,A,MYSE
151.909,8443,6/3/2015,5/29/2015,20:21:45,7,32.3,AH0,255,35.8315911,Day,F,L,A,MYSE
151.909,8443,6/3/2015,5/30/2015,20:21:45,7,33.4,AH0,247,37.0180632,Day,F,L,A,MYSE
151.909,8443,6/3/2015,5/31/2015,20:21:45,7,24.9,AH0,247,19.5458117,Day,F,L,A,MYSE
151.909,8443,6/3/2015,5/25/2015,20:21:46,7,28.7,AH0,255,29.9269899,Day,F,L,A,MYSE
151.909,8443,6/3/2015,5/28/2015,20:21:47,7,31.6,AH0,253,34.9380768,Day,F,L,A,MYSE
151.909,8443,6/3/2015,5/29/2015,20:21:47,7,32.3,AH0,255,35.8315911,Day,F,L,A,MYSE
151.909,8443,6/3/2015,5/30/2015,20:21:47,7,33.4,AH0,248,37.0180632,Day,F,L,A,MYSE
151.909,8443,6/3/2015,5/31/2015,20:21:47,7,24.9,AH0,248,19.5458117,Day,F,L,A,MYSE
151.909,8443,6/3/2015,5/25/2015,20:21:48,7,28.7,AH0,255,29.9269899,Day,F,L,A,MYSE
151.909,8443,6/3/2015,5/28/2015,20:21:49,7,31.6,AH0,255,34.9380768,Day,F,L,A,MYSE
151.909,8443,6/3/2015,5/29/2015,20:21:49,7,32.3,AH0,254,35.8315911,Day,F,L,A,MYSE
151.909,8443,6/3/2015,5/30/2015,20:21:49,7,33.4,AH0,245,37.0180632,Day,F,L,A,MYSE
151.909,8443,6/3/2015,5/24/2015,20:21:50,7,31.7,AH0,255,35.0726529,Day,F,L,A,MYSE
151.909,8443,6/3/2015,5/25/2015,20:21:50,7,28.7,AH0,255,29.9269899,Day,F,L,A,MYSE
151.909,8443,6/3/2015,5/29/2015,20:21:50,7,32.3,AH0,254,35.8315911,Day,F,L,A,MYSE
151.909,8443,6/3/2015,5/31/2015,20:21:50,7,24.9,AH0,248,19.5458117,Day,F,L,A,MYSE
151.909,8443,6/3/2015,5/24/2015,20:21:51,7,31.5,AH0,255,34.8011375,Day,F,L,A,MYSE
151.909,8443,6/3/2015,5/28/2015,20:21:51,7,31.6,AH0,254,34.9380768,Day,F,L,A,MYSE
151.909,8443,6/3/2015,5/30/2015,20:21:51,7,33.4,AH0,246,37.0180632,Day,F,L,A,MYSE
151.909,8443,6/3/2015,5/29/2015,20:21:52,7,32.3,AH0,254,35.8315911,Day,F,L,A,MYSE
151.909,8443,6/3/2015,5/30/2015,20:21:52,7,33.4,AH0,246,37.0180632,Day,F,L,A,MYSE
151.909,8443,6/3/2015,5/24/2015,20:21:53,7,31.5,AH0,255,34.8011375,Day,F,L,A,MYSE
151.909,8443,6/3/2015,5/28/2015,20:21:53,7,31.6,AH0,254,34.9380768,Day,F,L,A,MYSE
151.909,8443,6/3/2015,5/24/2015,20:21:55,7,31.5,AH0,255,34.8011375,Day,F,L,A,MYSE
151.909,8443,6/3/2015,5/26/2015,20:21:55,7,27.6,AH0,254,27.4061408,Day,F,L,A,MYSE
151.909,8443,6/3/2015,5/24/2015,20:21:57,7,31.5,AH0,255,34.8011375,Day,F,L,A,MYSE
151.909,8443,6/3/2015,5/26/2015,20:21:57,7,27.6,AH0,254,27.4061408,Day,F,L,A,MYSE
151.909,8443,6/3/2015,5/26/2015,20:21:59,7,27.6,AH0,254,27.4061408,Day,F,L,A,MYSE
151.909,8443,6/3/2015,5/26/2015,20:22:02,7,27.6,AH0,254,27.4061408,Day,F,L,A,MYSE
151.909,8443,6/3/2015,5/31/2015,20:22:04,7,24.9,AH0,248,19.5458117,Day,F,L,A,MYSE
151.909,8443,6/3/2015,5/25/2015,20:22:05,7,28.7,AH0,255,29.9269899,Day,F,L,A,MYSE
151.909,8443,6/3/2015,5/29/2015,20:22:05,7,32.3,AH0,255,35.8315911,Day,F,L,A,MYSE
151.909,8443,6/3/2015,5/31/2015,20:22:06,7,24.9,AH0,249,19.5458117,Day,F,L,A,MYSE
151.909,8443,6/3/2015,5/25/2015,20:22:07,7,28.8,AH0,255,30.1381376,Day,F,L,A,MYSE
151.909,8443,6/3/2015,5/29/2015,20:22:07,7,32.3,AH0,254,35.8315911,Day,F,L,A,MYSE
151.909,8443,6/3/2015,5/30/2015,20:22:07,7,33.4,AH0,247,37.0180632,Day,F,L,A,MYSE
151.909,8443,6/3/2015,5/28/2015,20:22:08,7,31.6,AH0,254,34.9380768,Day,F,L,A,MYSE
151.909,8443,6/3/2015,5/25/2015,20:22:09,7,28.8,AH0,255,30.1381376,Day,F,L,A,MYSE
151.909,8443,6/3/2015,5/29/2015,20:22:09,7,32.3,AH0,254,35.8315911,Day,F,L,A,MYSE
151.909,8443,6/3/2015,5/30/2015,20:22:09,7,33.4,AH0,248,37.0180632,Day,F,L,A,MYSE
151.909,8443,6/3/2015,5/31/2015,20:22:09,7,24.9,AH0,248,19.5458117,Day,F,L,A,MYSE
151.909,8443,6/3/2015,5/24/2015,20:22:10,7,31.5,AH0,255,34.8011375,Day,F,L,A,MYSE
151.909,8443,6/3/2015,5/28/2015,20:22:10,7,31.6,AH0,254,34.9380768,Day,F,L,A,MYSE
151.909,8443,6/3/2015,5/30/2015,20:22:10,7,33.4,AH0,248,37.0180632,Day,F,L,A,MYSE
151.909,8443,6/3/2015,5/25/2015,20:22:11,7,28.8,AH0,255,30.1381376,Day,F,L,A,MYSE
151.909,8443,6/3/2015,5/29/2015,20:22:11,7,32.3,AH0,254,35.8315911,Day,F,L,A,MYSE
151.909,8443,6/3/2015,5/24/2015,20:22:12,7,31.5,AH0,255,34.8011375,Day,F,L,A,MYSE
151.909,8443,6/3/2015,5/28/2015,20:22:12,7,31.6,AH0,253,34.9380768,Day,F,L,A,MYSE
151.909,8443,6/3/2015,5/30/2015,20:22:12,7,33.4,AH0,248,37.0180632,Day,F,L,A,MYSE
151.909,8443,6/3/2015,5/28/2015,20:22:13,7,31.6,AH0,253,34.9380768,Day,F,L,A,MYSE
151.909,8443,6/3/2015,5/29/2015,20:22:13,7,32.3,AH0,254,35.8315911,Day,F,L,A,MYSE
151.909,8443,6/3/2015,5/24/2015,20:22:14,7,31.5,AH0,255,34.8011375,Day,F,L,A,MYSE
151.909,8443,6/3/2015,5/24/2015,20:22:16,7,31.5,AH0,255,34.8011375,Day,F,L,A,MYSE
151.909,8443,6/3/2015,5/26/2015,20:22:17,7,27.5,AH0,255,27.1584375,Day,F,L,A,MYSE
151.909,8443,6/3/2015,5/26/2015,20:22:19,7,27.5,AH0,254,27.1584375,Day,F,L,A,MYSE
151.909,8443,6/3/2015,5/26/2015,20:22:21,7,27.5,AH0,254,27.1584375,Day,F,L,A,MYSE
151.909,8443,6/3/2015,5/25/2015,20:22:24,7,28.8,AH0,255,30.1381376,Day,F,L,A,MYSE
151.909,8443,6/3/2015,5/25/2015,20:22:26,7,28.8,AH0,255,30.1381376,Day,F,L,A,MYSE
151.909,8443,6/3/2015,5/29/2015,20:22:26,7,32.3,AH0,254,35.8315911,Day,F,L,A,MYSE
151.909,8443,6/3/2015,5/31/2015,20:22:26,7,24.9,AH0,247,19.5458117,Day,F,L,A,MYSE
151.909,8443,6/3/2015,5/28/2015,20:22:27,7,31.6,AH0,253,34.9380768,Day,F,L,A,MYSE
151.909,8443,6/3/2015,5/30/2015,20:22:27,7,33.4,AH0,246,37.0180632,Day,F,L,A,MYSE
151.909,8443,6/3/2015,5/25/2015,20:22:28,7,28.8,AH0,255,30.1381376,Day,F,L,A,MYSE
151.909,8443,6/3/2015,5/29/2015,20:22:28,7,32.3,AH0,254,35.8315911,Day,F,L,A,MYSE
151.909,8443,6/3/2015,5/30/2015,20:22:28,7,33.4,AH0,246,37.0180632,Day,F,L,A,MYSE
151.909,8443,6/3/2015,5/31/2015,20:22:28,7,24.9,AH0,246,19.5458117,Day,F,L,A,MYSE
151.909,8443,6/3/2015,5/28/2015,20:22:29,7,31.6,AH0,255,34.9380768,Day,F,L,A,MYSE
151.909,8443,6/3/2015,5/29/2015,20:22:29,7,32.3,AH0,254,35.8315911,Day,F,L,A,MYSE
151.909,8443,6/3/2015,5/25/2015,20:22:30,7,28.8,AH0,255,30.1381376,Day,F,L,A,MYSE
151.909,8443,6/3/2015,5/30/2015,20:22:30,7,33.4,AH0,247,37.0180632,Day,F,L,A,MYSE
151.909,8443,6/3/2015,5/24/2015,20:22:31,7,31.5,AH0,255,34.8011375,Day,F,L,A,MYSE
151.909,8443,6/3/2015,5/28/2015,20:22:31,7,31.6,AH0,252,34.9380768,Day,F,L,A,MYSE
151.909,8443,6/3/2015,5/29/2015,20:22:31,7,32.3,AH0,254,35.8315911,Day,F,L,A,MYSE
151.909,8443,6/3/2015,5/31/2015,20:22:31,7,24.9,AH0,249,19.5458117,Day,F,L,A,MYSE
151.909,8443,6/3/2015,5/28/2015,20:22:32,7,31.6,AH0,255,34.9380768,Day,F,L,A,MYSE
151.909,8443,6/3/2015,5/30/2015,20:22:32,7,33.4,AH0,245,37.0180632,Day,F,L,A,MYSE
151.909,8443,6/3/2015,5/24/2015,20:22:33,7,31.5,AH0,255,34.8011375,Day,F,L,A,MYSE
151.909,8443,6/3/2015,5/28/2015,20:22:34,7,31.6,AH0,255,34.9380768,Day,F,L,A,MYSE
151.909,8443,6/3/2015,5/24/2015,20:22:35,7,31.5,AH0,255,34.8011375,Day,F,L,A,MYSE
151.909,8443,6/3/2015,5/26/2015,20:22:36,7,27.4,AH0,254,26.9075592,Day,F,L,A,MYSE
151.909,8443,6/3/2015,5/24/2015,20:22:37,7,31.5,AH0,255,34.8011375,Day,F,L,A,MYSE
151.909,8443,6/3/2015,5/26/2015,20:22:39,7,27.4,AH0,254,26.9075592,Day,F,L,A,MYSE
151.909,8443,6/3/2015,5/26/2015,20:22:41,7,27.4,AH0,255,26.9075592,Day,F,L,A,MYSE
151.909,8443,6/3/2015,5/25/2015,20:22:45,7,28.9,AH0,255,30.3463677,Day,F,L,A,MYSE
151.909,8443,6/3/2015,5/29/2015,20:22:45,7,32.3,AH0,254,35.8315911,Day,F,L,A,MYSE
151.909,8443,6/3/2015,5/31/2015,20:22:45,7,24.9,AH0,248,19.5458117,Day,F,L,A,MYSE
151.909,8443,6/3/2015,5/30/2015,20:22:46,7,33.4,AH0,246,37.0180632,Day,F,L,A,MYSE
151.909,8443,6/3/2015,5/25/2015,20:22:47,7,28.9,AH0,255,30.3463677,Day,F,L,A,MYSE
151.909,8443,6/3/2015,5/29/2015,20:22:47,7,32.3,AH0,254,35.8315911,Day,F,L,A,MYSE
151.909,8443,6/3/2015,5/31/2015,20:22:47,7,24.9,AH0,248,19.5458117,Day,F,L,A,MYSE
151.909,8443,6/3/2015,5/28/2015,20:22:48,7,31.6,AH0,254,34.9380768,Day,F,L,A,MYSE
151.909,8443,6/3/2015,5/30/2015,20:22:48,7,33.4,AH0,247,37.0180632,Day,F,L,A,MYSE
151.909,8443,6/3/2015,5/25/2015,20:22:49,7,28.9,AH0,255,30.3463677,Day,F,L,A,MYSE
151.909,8443,6/3/2015,5/29/2015,20:22:49,7,32.3,AH0,254,35.8315911,Day,F,L,A,MYSE
151.909,8443,6/3/2015,5/24/2015,20:22:50,7,31.5,AH0,255,34.8011375,Day,F,L,A,MYSE
151.909,8443,6/3/2015,5/28/2015,20:22:50,7,31.6,AH0,255,34.9380768,Day,F,L,A,MYSE
151.909,8443,6/3/2015,5/30/2015,20:22:50,7,33.4,AH0,247,37.0180632,Day,F,L,A,MYSE
151.909,8443,6/3/2015,5/31/2015,20:22:50,7,24.9,AH0,248,19.5458117,Day,F,L,A,MYSE
151.909,8443,6/3/2015,5/25/2015,20:22:51,7,28.9,AH0,255,30.3463677,Day,F,L,A,MYSE
151.909,8443,6/3/2015,5/28/2015,20:22:51,7,31.6,AH0,255,34.9380768,Day,F,L,A,MYSE
151.909,8443,6/3/2015,5/29/2015,20:22:51,7,32.3,AH0,254,35.8315911,Day,F,L,A,MYSE
151.909,8443,6/3/2015,5/24/2015,20:22:52,7,31.5,AH0,255,34.8011375,Day,F,L,A,MYSE
151.909,8443,6/3/2015,5/30/2015,20:22:52,7,33.4,AH0,247,37.0180632,Day,F,L,A,MYSE
151.909,8443,6/3/2015,5/28/2015,20:22:53,7,31.6,AH0,253,34.9380768,Day,F,L,A,MYSE
151.909,8443,6/3/2015,5/24/2015,20:22:54,7,31.5,AH0,255,34.8011375,Day,F,L,A,MYSE
151.909,8443,6/3/2015,5/24/2015,20:22:56,7,31.5,AH0,255,34.8011375,Day,F,L,A,MYSE
151.909,8443,6/3/2015,5/26/2015,20:22:56,7,27.4,AH0,255,26.9075592,Day,F,L,A,MYSE
151.909,8443,6/3/2015,5/26/2015,20:22:58,7,27.4,AH0,255,26.9075592,Day,F,L,A,MYSE
151.909,8443,6/3/2015,5/26/2015,20:23:01,7,27.4,AH0,252,26.9075592,Day,F,L,A,MYSE
151.909,8443,6/3/2015,5/29/2015,20:23:04,7,32.3,AH0,254,35.8315911,Day,F,L,A,MYSE
151.909,8443,6/3/2015,5/31/2015,20:23:04,7,24.8,AH0,249,19.2054336,Day,F,L,A,MYSE
151.909,8443,6/3/2015,5/25/2015,20:23:05,7,29,AH0,255,30.5517,Day,F,L,A,MYSE
151.909,8443,6/3/2015,5/29/2015,20:23:06,7,32.3,AH0,254,35.8315911,Day,F,L,A,MYSE
151.909,8443,6/3/2015,5/30/2015,20:23:06,7,33.4,AH0,245,37.0180632,Day,F,L,A,MYSE
151.909,8443,6/3/2015,5/25/2015,20:23:07,7,29,AH0,255,30.5517,Day,F,L,A,MYSE
151.909,8443,6/3/2015,5/28/2015,20:23:07,7,31.6,AH0,255,34.9380768,Day,F,L,A,MYSE
151.909,8443,6/3/2015,5/31/2015,20:23:07,7,24.8,AH0,247,19.2054336,Day,F,L,A,MYSE
151.909,8443,6/3/2015,5/29/2015,20:23:08,7,32.2,AH0,254,35.7107784,Day,F,L,A,MYSE
151.909,8443,6/3/2015,5/30/2015,20:23:08,7,33.4,AH0,246,37.0180632,Day,F,L,A,MYSE
151.909,8443,6/3/2015,5/25/2015,20:23:09,7,29,AH0,255,30.5517,Day,F,L,A,MYSE
151.909,8443,6/3/2015,5/28/2015,20:23:09,7,31.6,AH0,253,34.9380768,Day,F,L,A,MYSE
151.909,8443,6/3/2015,5/29/2015,20:23:09,7,32.2,AH0,254,35.7107784,Day,F,L,A,MYSE
151.909,8443,6/3/2015,5/31/2015,20:23:09,7,24.8,AH0,250,19.2054336,Day,F,L,A,MYSE
151.909,8443,6/3/2015,5/24/2015,20:23:10,7,31.7,AH0,255,35.0726529,Day,F,L,A,MYSE
151.909,8443,6/3/2015,5/28/2015,20:23:10,7,31.6,AH0,254,34.9380768,Day,F,L,A,MYSE
151.909,8443,6/3/2015,5/30/2015,20:23:10,7,33.4,AH0,245,37.0180632,Day,F,L,A,MYSE
151.909,8443,6/3/2015,5/24/2015,20:23:11,7,31.5,AH0,255,34.8011375,Day,F,L,A,MYSE
151.909,8443,6/3/2015,5/25/2015,20:23:11,7,29,AH0,255,30.5517,Day,F,L,A,MYSE
151.909,8443,6/3/2015,5/29/2015,20:23:11,7,32.3,AH0,254,35.8315911,Day,F,L,A,MYSE
151.909,8443,6/3/2015,5/30/2015,20:23:11,7,33.4,AH0,247,37.0180632,Day,F,L,A,MYSE
151.909,8443,6/3/2015,5/28/2015,20:23:12,7,31.6,AH0,254,34.9380768,Day,F,L,A,MYSE
151.909,8443,6/3/2015,5/24/2015,20:23:13,7,31.5,AH0,255,34.8011375,Day,F,L,A,MYSE
151.909,8443,6/3/2015,5/30/2015,20:23:13,7,33.4,AH0,246,37.0180632,Day,F,L,A,MYSE
151.909,8443,6/3/2015,5/28/2015,20:23:14,7,31.6,AH0,254,34.9380768,Day,F,L,A,MYSE
151.909,8443,6/3/2015,5/24/2015,20:23:15,7,31.5,AH0,255,34.8011375,Day,F,L,A,MYSE
151.909,8443,6/3/2015,5/26/2015,20:23:16,7,27.5,AH0,254,27.1584375,Day,F,L,A,MYSE
151.909,8443,6/3/2015,5/24/2015,20:23:17,7,31.5,AH0,255,34.8011375,Day,F,L,A,MYSE
151.909,8443,6/3/2015,5/26/2015,20:23:18,7,27.5,AH0,254,27.1584375,Day,F,L,A,MYSE
151.909,8443,6/3/2015,5/26/2015,20:23:20,7,27.5,AH0,253,27.1584375,Day,F,L,A,MYSE
151.909,8443,6/3/2015,5/26/2015,20:23:22,7,27.5,AH0,253,27.1584375,Day,F,L,A,MYSE
151.909,8443,6/3/2015,5/25/2015,20:23:24,7,29.1,AH0,255,30.7541543,Day,F,L,A,MYSE
151.909,8443,6/3/2015,5/29/2015,20:23:24,7,32.2,AH0,252,35.7107784,Day,F,L,A,MYSE
151.909,8443,6/3/2015,5/31/2015,20:23:24,7,24.8,AH0,249,19.2054336,Day,F,L,A,MYSE
151.909,8443,6/3/2015,5/25/2015,20:23:26,7,29.1,AH0,255,30.7541543,Day,F,L,A,MYSE
151.909,8443,6/3/2015,5/29/2015,20:23:26,7,32.2,AH0,254,35.7107784,Day,F,L,A,MYSE
151.909,8443,6/3/2015,5/30/2015,20:23:26,7,33.4,AH0,247,37.0180632,Day,F,L,A,MYSE
151.909,8443,6/3/2015,5/31/2015,20:23:26,7,24.8,AH0,250,19.2054336,Day,F,L,A,MYSE
151.909,8443,6/3/2015,5/25/2015,20:23:28,7,29.1,AH0,255,30.7541543,Day,F,L,A,MYSE
151.909,8443,6/3/2015,5/28/2015,20:23:28,7,31.6,AH0,254,34.9380768,Day,F,L,A,MYSE
151.909,8443,6/3/2015,5/29/2015,20:23:28,7,32.2,AH0,254,35.7107784,Day,F,L,A,MYSE
151.909,8443,6/3/2015,5/30/2015,20:23:28,7,33.4,AH0,246,37.0180632,Day,F,L,A,MYSE
151.909,8443,6/3/2015,5/28/2015,20:23:29,7,31.6,AH0,254,34.9380768,Day,F,L,A,MYSE
151.909,8443,6/3/2015,5/30/2015,20:23:29,7,33.4,AH0,248,37.0180632,Day,F,L,A,MYSE
151.909,8443,6/3/2015,5/31/2015,20:23:29,7,24.8,AH0,249,19.2054336,Day,F,L,A,MYSE
151.909,8443,6/3/2015,5/24/2015,20:23:30,7,31.5,AH0,255,34.8011375,Day,F,L,A,MYSE
151.909,8443,6/3/2015,5/25/2015,20:23:30,7,29.1,AH0,255,30.7541543,Day,F,L,A,MYSE
151.909,8443,6/3/2015,5/29/2015,20:23:30,7,32.2,AH0,253,35.7107784,Day,F,L,A,MYSE
151.909,8443,6/3/2015,5/28/2015,20:23:31,7,31.6,AH0,254,34.9380768,Day,F,L,A,MYSE
151.909,8443,6/3/2015,5/30/2015,20:23:31,7,33.4,AH0,247,37.0180632,Day,F,L,A,MYSE
151.909,8443,6/3/2015,5/31/2015,20:23:31,7,24.8,AH0,245,19.2054336,Day,F,L,A,MYSE
151.909,8443,6/3/2015,5/24/2015,20:23:32,7,31.5,AH0,255,34.8011375,Day,F,L,A,MYSE
151.909,8443,6/3/2015,5/29/2015,20:23:32,7,32.2,AH0,252,35.7107784,Day,F,L,A,MYSE
151.909,8443,6/3/2015,5/28/2015,20:23:33,7,31.6,AH0,254,34.9380768,Day,F,L,A,MYSE
151.909,8443,6/3/2015,5/30/2015,20:23:33,7,33.4,AH0,244,37.0180632,Day,F,L,A,MYSE
151.909,8443,6/3/2015,5/24/2015,20:23:34,7,31.5,AH0,255,34.8011375,Day,F,L,A,MYSE
151.909,8443,6/3/2015,5/26/2015,20:23:35,7,27.5,AH0,250,27.1584375,Day,F,L,A,MYSE
151.909,8443,6/3/2015,5/24/2015,20:23:36,7,31.5,AH0,255,34.8011375,Day,F,L,A,MYSE
151.909,8443,6/3/2015,5/26/2015,20:23:38,7,27.5,AH0,253,27.1584375,Day,F,L,A,MYSE
151.909,8443,6/3/2015,5/26/2015,20:23:40,7,27.5,AH0,254,27.1584375,Day,F,L,A,MYSE
151.909,8443,6/3/2015,5/26/2015,20:23:42,7,27.5,AH0,255,27.1584375,Day,F,L,A,MYSE
151.909,8443,6/3/2015,5/25/2015,20:23:44,7,29.2,AH0,255,30.9537504,Day,F,L,A,MYSE
151.909,8443,6/3/2015,5/29/2015,20:23:45,7,32.2,AH0,254,35.7107784,Day,F,L,A,MYSE
151.909,8443,6/3/2015,5/31/2015,20:23:45,7,24.8,AH0,244,19.2054336,Day,F,L,A,MYSE
151.909,8443,6/3/2015,5/25/2015,20:23:46,7,29.2,AH0,255,30.9537504,Day,F,L,A,MYSE
151.909,8443,6/3/2015,5/30/2015,20:23:46,7,33.4,AH0,243,37.0180632,Day,F,L,A,MYSE
151.909,8443,6/3/2015,5/28/2015,20:23:47,7,31.5,AH0,255,34.8011375,Day,F,L,A,MYSE
151.909,8443,6/3/2015,5/29/2015,20:23:47,7,32.2,AH0,254,35.7107784,Day,F,L,A,MYSE
151.909,8443,6/3/2015,5/30/2015,20:23:47,7,33.4,AH0,247,37.0180632,Day,F,L,A,MYSE
151.909,8443,6/3/2015,5/28/2015,20:23:48,7,31.6,AH0,255,34.9380768,Day,F,L,A,MYSE
151.909,8443,6/3/2015,5/29/2015,20:23:48,7,32.2,AH0,254,35.7107784,Day,F,L,A,MYSE
151.909,8443,6/3/2015,5/31/2015,20:23:48,7,24.8,AH0,247,19.2054336,Day,F,L,A,MYSE
151.909,8443,6/3/2015,5/25/2015,20:23:49,7,29.2,AH0,255,30.9537504,Day,F,L,A,MYSE
151.909,8443,6/3/2015,5/30/2015,20:23:49,7,33.4,AH0,246,37.0180632,Day,F,L,A,MYSE
151.909,8443,6/3/2015,5/24/2015,20:23:50,7,31.5,AH0,255,34.8011375,Day,F,L,A,MYSE
151.909,8443,6/3/2015,5/28/2015,20:23:50,7,31.6,AH0,254,34.9380768,Day,F,L,A,MYSE
151.909,8443,6/3/2015,5/29/2015,20:23:50,7,32.2,AH0,254,35.7107784,Day,F,L,A,MYSE
151.909,8443,6/3/2015,5/31/2015,20:23:50,7,24.8,AH0,247,19.2054336,Day,F,L,A,MYSE
151.909,8443,6/3/2015,5/24/2015,20:23:51,7,31.5,AH0,254,34.8011375,Day,F,L,A,MYSE
151.909,8443,6/3/2015,5/25/2015,20:23:51,7,29.2,AH0,255,30.9537504,Day,F,L,A,MYSE
151.909,8443,6/3/2015,5/30/2015,20:23:51,7,33.4,AH0,246,37.0180632,Day,F,L,A,MYSE
151.909,8443,6/3/2015,5/28/2015,20:23:52,7,31.6,AH0,254,34.9380768,Day,F,L,A,MYSE
151.909,8443,6/3/2015,5/24/2015,20:23:53,7,31.5,AH0,255,34.8011375,Day,F,L,A,MYSE
151.909,8443,6/3/2015,5/30/2015,20:23:53,7,33.4,AH0,246,37.0180632,Day,F,L,A,MYSE
151.909,8443,6/3/2015,5/28/2015,20:23:54,7,31.6,AH0,254,34.9380768,Day,F,L,A,MYSE
151.909,8443,6/3/2015,5/24/2015,20:23:55,7,31.5,AH0,254,34.8011375,Day,F,L,A,MYSE
151.909,8443,6/3/2015,5/26/2015,20:23:55,7,27.5,AH0,255,27.1584375,Day,F,L,A,MYSE
151.909,8443,6/3/2015,5/24/2015,20:23:57,7,31.5,AH0,255,34.8011375,Day,F,L,A,MYSE
151.909,8443,6/3/2015,5/26/2015,20:23:57,7,27.5,AH0,255,27.1584375,Day,F,L,A,MYSE
151.909,8443,6/3/2015,5/26/2015,20:23:59,7,27.5,AH0,255,27.1584375,Day,F,L,A,MYSE
151.909,8443,6/3/2015,5/26/2015,20:24:02,7,27.5,AH0,255,27.1584375,Day,F,L,A,MYSE
151.909,8443,6/3/2015,5/25/2015,20:24:05,7,29.3,AH0,255,31.1505081,Day,F,L,A,MYSE
151.909,8443,6/3/2015,5/29/2015,20:24:05,7,32.2,AH0,254,35.7107784,Day,F,L,A,MYSE
151.909,8443,6/3/2015,5/30/2015,20:24:05,7,33.4,AH0,246,37.0180632,Day,F,L,A,MYSE
151.909,8443,6/3/2015,5/31/2015,20:24:05,7,24.8,AH0,249,19.2054336,Day,F,L,A,MYSE
151.909,8443,6/3/2015,5/25/2015,20:24:07,7,29.3,AH0,255,31.1505081,Day,F,L,A,MYSE
151.909,8443,6/3/2015,5/28/2015,20:24:07,7,31.6,AH0,255,34.9380768,Day,F,L,A,MYSE
151.909,8443,6/3/2015,5/29/2015,20:24:07,7,32.2,AH0,254,35.7107784,Day,F,L,A,MYSE
151.909,8443,6/3/2015,5/30/2015,20:24:07,7,33.4,AH0,246,37.0180632,Day,F,L,A,MYSE
151.909,8443,6/3/2015,5/31/2015,20:24:07,7,24.8,AH0,247,19.2054336,Day,F,L,A,MYSE
151.909,8443,6/3/2015,5/25/2015,20:24:09,7,29.3,AH0,255,31.1505081,Day,F,L,A,MYSE
151.909,8443,6/3/2015,5/28/2015,20:24:09,7,31.6,AH0,254,34.9380768,Day,F,L,A,MYSE
151.909,8443,6/3/2015,5/29/2015,20:24:09,7,32.2,AH0,254,35.7107784,Day,F,L,A,MYSE
151.909,8443,6/3/2015,5/30/2015,20:24:09,7,33.4,AH0,247,37.0180632,Day,F,L,A,MYSE
151.909,8443,6/3/2015,5/24/2015,20:24:10,7,31.5,AH0,255,34.8011375,Day,F,L,A,MYSE
151.909,8443,6/3/2015,5/31/2015,20:24:10,7,24.8,AH0,247,19.2054336,Day,F,L,A,MYSE
151.909,8443,6/3/2015,5/25/2015,20:24:11,7,29.4,AH0,255,31.3444472,Day,F,L,A,MYSE
151.909,8443,6/3/2015,5/28/2015,20:24:11,7,31.6,AH0,255,34.9380768,Day,F,L,A,MYSE
151.909,8443,6/3/2015,5/29/2015,20:24:11,7,32.2,AH0,252,35.7107784,Day,F,L,A,MYSE
151.909,8443,6/3/2015,5/30/2015,20:24:11,7,33.4,AH0,247,37.0180632,Day,F,L,A,MYSE
151.909,8443,6/3/2015,5/24/2015,20:24:12,7,31.5,AH0,255,34.8011375,Day,F,L,A,MYSE
151.909,8443,6/3/2015,5/28/2015,20:24:13,7,31.5,AH0,254,34.8011375,Day,F,L,A,MYSE
151.909,8443,6/3/2015,5/30/2015,20:24:13,7,33.4,AH0,249,37.0180632,Day,F,L,A,MYSE
151.909,8443,6/3/2015,5/24/2015,20:24:14,7,31.5,AH0,255,34.8011375,Day,F,L,A,MYSE
151.909,8443,6/3/2015,5/24/2015,20:24:16,7,31.5,AH0,255,34.8011375,Day,F,L,A,MYSE
151.909,8443,6/3/2015,5/26/2015,20:24:17,7,27.5,AH0,254,27.1584375,Day,F,L,A,MYSE
151.909,8443,6/3/2015,5/26/2015,20:24:19,7,27.5,AH0,254,27.1584375,Day,F,L,A,MYSE
151.909,8443,6/3/2015,5/26/2015,20:24:21,7,27.5,AH0,255,27.1584375,Day,F,L,A,MYSE
151.909,8443,6/3/2015,5/29/2015,20:24:24,7,32.2,AH0,254,35.7107784,Day,F,L,A,MYSE
151.909,8443,6/3/2015,5/31/2015,20:24:24,7,24.8,AH0,249,19.2054336,Day,F,L,A,MYSE
151.909,8443,6/3/2015,5/25/2015,20:24:25,7,29.4,AH0,255,31.3444472,Day,F,L,A,MYSE
151.909,8443,6/3/2015,5/30/2015,20:24:25,7,33.6,AH0,245,37.2069248,Day,F,L,A,MYSE
151.909,8443,6/3/2015,5/29/2015,20:24:26,7,32.2,AH0,254,35.7107784,Day,F,L,A,MYSE
151.909,8443,6/3/2015,5/25/2015,20:24:27,7,29.4,AH0,255,31.3444472,Day,F,L,A,MYSE
151.909,8443,6/3/2015,5/28/2015,20:24:27,7,31.6,AH0,254,34.9380768,Day,F,L,A,MYSE
151.909,8443,6/3/2015,5/30/2015,20:24:27,7,33.4,AH0,245,37.0180632,Day,F,L,A,MYSE
151.909,8443,6/3/2015,5/31/2015,20:24:27,7,24.8,AH0,246,19.2054336,Day,F,L,A,MYSE
151.909,8443,6/3/2015,5/28/2015,20:24:28,7,31.5,AH0,253,34.8011375,Day,F,L,A,MYSE
151.909,8443,6/3/2015,5/29/2015,20:24:28,7,32.2,AH0,254,35.7107784,Day,F,L,A,MYSE
151.909,8443,6/3/2015,5/25/2015,20:24:29,7,29.4,AH0,255,31.3444472,Day,F,L,A,MYSE
151.909,8443,6/3/2015,5/29/2015,20:24:29,7,32.2,AH0,253,35.7107784,Day,F,L,A,MYSE
151.909,8443,6/3/2015,5/30/2015,20:24:29,7,33.4,AH0,248,37.0180632,Day,F,L,A,MYSE
151.909,8443,6/3/2015,5/31/2015,20:24:29,7,24.8,AH0,246,19.2054336,Day,F,L,A,MYSE
151.909,8443,6/3/2015,5/24/2015,20:24:30,7,31.7,AH0,255,35.0726529,Day,F,L,A,MYSE
151.909,8443,6/3/2015,5/28/2015,20:24:30,7,31.5,AH0,255,34.8011375,Day,F,L,A,MYSE
151.909,8443,6/3/2015,5/24/2015,20:24:31,7,31.5,AH0,255,34.8011375,Day,F,L,A,MYSE
151.909,8443,6/3/2015,5/29/2015,20:24:31,7,32.2,AH0,254,35.7107784,Day,F,L,A,MYSE
151.909,8443,6/3/2015,5/30/2015,20:24:31,7,33.4,AH0,249,37.0180632,Day,F,L,A,MYSE
151.909,8443,6/3/2015,5/25/2015,20:24:32,7,29.4,AH0,255,31.3444472,Day,F,L,A,MYSE
151.909,8443,6/3/2015,5/28/2015,20:24:32,7,31.6,AH0,255,34.9380768,Day,F,L,A,MYSE
151.909,8443,6/3/2015,5/30/2015,20:24:32,7,33.4,AH0,247,37.0180632,Day,F,L,A,MYSE
151.909,8443,6/3/2015,5/24/2015,20:24:33,7,31.5,AH0,255,34.8011375,Day,F,L,A,MYSE
151.909,8443,6/3/2015,5/28/2015,20:24:34,7,31.5,AH0,254,34.8011375,Day,F,L,A,MYSE
151.909,8443,6/3/2015,5/24/2015,20:24:35,7,31.5,AH0,255,34.8011375,Day,F,L,A,MYSE
151.909,8443,6/3/2015,5/24/2015,20:24:37,7,31.5,AH0,255,34.8011375,Day,F,L,A,MYSE
151.909,8443,6/3/2015,5/26/2015,20:24:37,7,27.5,AH0,254,27.1584375,Day,F,L,A,MYSE
151.909,8443,6/3/2015,5/26/2015,20:24:39,7,27.5,AH0,253,27.1584375,Day,F,L,A,MYSE
151.909,8443,6/3/2015,5/26/2015,20:24:41,7,27.5,AH0,255,27.1584375,Day,F,L,A,MYSE
151.909,8443,6/3/2015,5/25/2015,20:24:44,7,29.4,AH0,255,31.3444472,Day,F,L,A,MYSE
151.909,8443,6/3/2015,5/29/2015,20:24:44,7,32.2,AH0,254,35.7107784,Day,F,L,A,MYSE
151.909,8443,6/3/2015,5/31/2015,20:24:44,7,24.8,AH0,248,19.2054336,Day,F,L,A,MYSE
151.909,8443,6/3/2015,5/25/2015,20:24:46,7,29.4,AH0,255,31.3444472,Day,F,L,A,MYSE
151.909,8443,6/3/2015,5/29/2015,20:24:46,7,32.2,AH0,254,35.7107784,Day,F,L,A,MYSE
151.909,8443,6/3/2015,5/31/2015,20:24:46,7,24.8,AH0,247,19.2054336,Day,F,L,A,MYSE
151.909,8443,6/3/2015,5/28/2015,20:24:47,7,31.5,AH0,254,34.8011375,Day,F,L,A,MYSE
151.909,8443,6/3/2015,5/30/2015,20:24:47,7,33.4,AH0,244,37.0180632,Day,F,L,A,MYSE
151.909,8443,6/3/2015,5/25/2015,20:24:48,7,29.4,AH0,255,31.3444472,Day,F,L,A,MYSE
151.909,8443,6/3/2015,5/29/2015,20:24:48,7,32.2,AH0,252,35.7107784,Day,F,L,A,MYSE
151.909,8443,6/3/2015,5/31/2015,20:24:48,7,24.8,AH0,246,19.2054336,Day,F,L,A,MYSE
151.909,8443,6/3/2015,5/28/2015,20:24:49,7,31.6,AH0,254,34.9380768,Day,F,L,A,MYSE
151.909,8443,6/3/2015,5/30/2015,20:24:49,7,33.4,AH0,245,37.0180632,Day,F,L,A,MYSE
151.909,8443,6/3/2015,5/24/2015,20:24:50,7,31.5,AH0,255,34.8011375,Day,F,L,A,MYSE
151.909,8443,6/3/2015,5/25/2015,20:24:50,7,29.4,AH0,255,31.3444472,Day,F,L,A,MYSE
151.909,8443,6/3/2015,5/29/2015,20:24:50,7,32.2,AH0,254,35.7107784,Day,F,L,A,MYSE
151.909,8443,6/3/2015,5/30/2015,20:24:50,7,33.4,AH0,245,37.0180632,Day,F,L,A,MYSE
151.909,8443,6/3/2015,5/28/2015,20:24:51,7,31.6,AH0,254,34.9380768,Day,F,L,A,MYSE
151.909,8443,6/3/2015,5/31/2015,20:24:51,7,24.8,AH0,245,19.2054336,Day,F,L,A,MYSE
151.909,8443,6/3/2015,5/24/2015,20:24:52,7,31.5,AH0,255,34.8011375,Day,F,L,A,MYSE
151.909,8443,6/3/2015,5/29/2015,20:24:52,7,32.2,AH0,255,35.7107784,Day,F,L,A,MYSE
151.909,8443,6/3/2015,5/30/2015,20:24:52,7,33.4,AH0,245,37.0180632,Day,F,L,A,MYSE
151.909,8443,6/3/2015,5/28/2015,20:24:53,7,31.6,AH0,255,34.9380768,Day,F,L,A,MYSE
151.909,8443,6/3/2015,5/24/2015,20:24:54,7,31.5,AH0,255,34.8011375,Day,F,L,A,MYSE
151.909,8443,6/3/2015,5/24/2015,20:24:56,7,31.5,AH0,255,34.8011375,Day,F,L,A,MYSE
151.909,8443,6/3/2015,5/26/2015,20:24:56,7,27.5,AH0,255,27.1584375,Day,F,L,A,MYSE
151.909,8443,6/3/2015,5/26/2015,20:24:58,7,27.5,AH0,254,27.1584375,Day,F,L,A,MYSE
151.909,8443,6/3/2015,5/26/2015,20:25:01,7,27.5,AH0,254,27.1584375,Day,F,L,A,MYSE
151.909,8443,6/3/2015,5/25/2015,20:25:04,7,29.4,AH0,255,31.3444472,Day,F,L,A,MYSE
151.909,8443,6/3/2015,5/29/2015,20:25:05,7,32.2,AH0,253,35.7107784,Day,F,L,A,MYSE
151.909,8443,6/3/2015,5/31/2015,20:25:05,7,24.8,AH0,246,19.2054336,Day,F,L,A,MYSE
151.909,8443,6/3/2015,5/25/2015,20:25:06,7,29.4,AH0,255,31.3444472,Day,F,L,A,MYSE
151.909,8443,6/3/2015,5/28/2015,20:25:06,7,31.6,AH0,254,34.9380768,Day,F,L,A,MYSE
151.909,8443,6/3/2015,5/30/2015,20:25:06,7,33.4,AH0,248,37.0180632,Day,F,L,A,MYSE
151.909,8443,6/3/2015,5/29/2015,20:25:07,7,32.2,AH0,254,35.7107784,Day,F,L,A,MYSE
151.909,8443,6/3/2015,5/25/2015,20:25:08,7,29.4,AH0,255,31.3444472,Day,F,L,A,MYSE
151.909,8443,6/3/2015,5/28/2015,20:25:08,7,31.6,AH0,254,34.9380768,Day,F,L,A,MYSE
151.909,8443,6/3/2015,5/30/2015,20:25:08,7,33.4,AH0,247,37.0180632,Day,F,L,A,MYSE
151.909,8443,6/3/2015,5/31/2015,20:25:08,7,24.8,AH0,246,19.2054336,Day,F,L,A,MYSE
151.909,8443,6/3/2015,5/29/2015,20:25:09,7,32.2,AH0,254,35.7107784,Day,F,L,A,MYSE
151.909,8443,6/3/2015,5/25/2015,20:25:10,7,29.4,AH0,255,31.3444472,Day,F,L,A,MYSE
151.909,8443,6/3/2015,5/28/2015,20:25:10,7,31.6,AH0,254,34.9380768,Day,F,L,A,MYSE
151.909,8443,6/3/2015,5/29/2015,20:25:10,7,32.2,AH0,253,35.7107784,Day,F,L,A,MYSE
151.909,8443,6/3/2015,5/30/2015,20:25:10,7,33.4,AH0,246,37.0180632,Day,F,L,A,MYSE
151.909,8443,6/3/2015,5/31/2015,20:25:10,7,24.8,AH0,244,19.2054336,Day,F,L,A,MYSE
151.909,8443,6/3/2015,5/24/2015,20:25:11,7,31.5,AH0,255,34.8011375,Day,F,L,A,MYSE
151.909,8443,6/3/2015,5/28/2015,20:25:12,7,31.6,AH0,254,34.9380768,Day,F,L,A,MYSE
151.909,8443,6/3/2015,5/30/2015,20:25:12,7,33.4,AH0,247,37.0180632,Day,F,L,A,MYSE
151.909,8443,6/3/2015,5/24/2015,20:25:13,7,31.6,AH0,255,34.9380768,Day,F,L,A,MYSE
151.909,8443,6/3/2015,5/28/2015,20:25:14,7,31.6,AH0,253,34.9380768,Day,F,L,A,MYSE
151.909,8443,6/3/2015,5/24/2015,20:25:15,7,31.5,AH0,255,34.8011375,Day,F,L,A,MYSE
151.909,8443,6/3/2015,5/26/2015,20:25:16,7,27.5,AH0,255,27.1584375,Day,F,L,A,MYSE
151.909,8443,6/3/2015,5/24/2015,20:25:17,7,31.5,AH0,255,34.8011375,Day,F,L,A,MYSE
151.909,8443,6/3/2015,5/26/2015,20:25:18,7,27.5,AH0,255,27.1584375,Day,F,L,A,MYSE
151.909,8443,6/3/2015,5/26/2015,20:25:20,7,27.5,AH0,255,27.1584375,Day,F,L,A,MYSE
151.909,8443,6/3/2015,5/26/2015,20:25:22,7,27.5,AH0,254,27.1584375,Day,F,L,A,MYSE
151.909,8443,6/3/2015,5/25/2015,20:25:25,7,29.4,AH0,255,31.3444472,Day,F,L,A,MYSE
151.909,8443,6/3/2015,5/29/2015,20:25:25,7,32.2,AH0,253,35.7107784,Day,F,L,A,MYSE
151.909,8443,6/3/2015,5/31/2015,20:25:25,7,24.8,AH0,248,19.2054336,Day,F,L,A,MYSE
151.909,8443,6/3/2015,5/30/2015,20:25:26,7,33.4,AH0,244,37.0180632,Day,F,L,A,MYSE
151.909,8443,6/3/2015,5/25/2015,20:25:27,7,29.4,AH0,255,31.3444472,Day,F,L,A,MYSE
151.909,8443,6/3/2015,5/28/2015,20:25:27,7,31.6,AH0,254,34.9380768,Day,F,L,A,MYSE
151.909,8443,6/3/2015,5/29/2015,20:25:27,7,32.2,AH0,254,35.7107784,Day,F,L,A,MYSE
151.909,8443,6/3/2015,5/31/2015,20:25:27,7,24.8,AH0,247,19.2054336,Day,F,L,A,MYSE
151.909,8443,6/3/2015,5/30/2015,20:25:28,7,33.4,AH0,247,37.0180632,Day,F,L,A,MYSE
151.909,8443,6/3/2015,5/25/2015,20:25:29,7,29.4,AH0,255,31.3444472,Day,F,L,A,MYSE
151.909,8443,6/3/2015,5/28/2015,20:25:29,7,31.6,AH0,254,34.9380768,Day,F,L,A,MYSE
151.909,8443,6/3/2015,5/29/2015,20:25:29,7,32.2,AH0,254,35.7107784,Day,F,L,A,MYSE
151.909,8443,6/3/2015,5/24/2015,20:25:30,7,31.5,AH0,255,34.8011375,Day,F,L,A,MYSE
151.909,8443,6/3/2015,5/30/2015,20:25:30,7,33.4,AH0,246,37.0180632,Day,F,L,A,MYSE
151.909,8443,6/3/2015,5/31/2015,20:25:30,7,24.8,AH0,246,19.2054336,Day,F,L,A,MYSE
151.909,8443,6/3/2015,5/25/2015,20:25:31,7,29.4,AH0,255,31.3444472,Day,F,L,A,MYSE
151.909,8443,6/3/2015,5/28/2015,20:25:31,7,31.5,AH0,254,34.8011375,Day,F,L,A,MYSE
151.909,8443,6/3/2015,5/29/2015,20:25:31,7,32.3,AH0,254,35.8315911,Day,F,L,A,MYSE
151.909,8443,6/3/2015,5/24/2015,20:25:32,7,31.5,AH0,255,34.8011375,Day,F,L,A,MYSE
151.909,8443,6/3/2015,5/30/2015,20:25:32,7,33.4,AH0,247,37.0180632,Day,F,L,A,MYSE
151.909,8443,6/3/2015,5/28/2015,20:25:33,7,31.5,AH0,255,34.8011375,Day,F,L,A,MYSE
151.909,8443,6/3/2015,5/24/2015,20:25:34,7,31.5,AH0,255,34.8011375,Day,F,L,A,MYSE
151.909,8443,6/3/2015,5/24/2015,20:25:36,7,31.5,AH0,255,34.8011375,Day,F,L,A,MYSE
151.909,8443,6/3/2015,5/26/2015,20:25:36,7,27.5,AH0,255,27.1584375,Day,F,L,A,MYSE
151.909,8443,6/3/2015,5/26/2015,20:25:38,7,27.5,AH0,254,27.1584375,Day,F,L,A,MYSE
151.909,8443,6/3/2015,5/26/2015,20:25:40,7,27.5,AH0,254,27.1584375,Day,F,L,A,MYSE
151.909,8443,6/3/2015,5/26/2015,20:25:42,7,27.5,AH0,254,27.1584375,Day,F,L,A,MYSE
151.909,8443,6/3/2015,5/29/2015,20:25:44,7,32.3,AH0,254,35.8315911,Day,F,L,A,MYSE
151.909,8443,6/3/2015,5/31/2015,20:25:44,7,24.8,AH0,247,19.2054336,Day,F,L,A,MYSE
151.909,8443,6/3/2015,5/25/2015,20:25:45,7,29.4,AH0,255,31.3444472,Day,F,L,A,MYSE
151.909,8443,6/3/2015,5/28/2015,20:25:46,7,31.6,AH0,255,34.9380768,Day,F,L,A,MYSE
151.909,8443,6/3/2015,5/29/2015,20:25:46,7,32.3,AH0,254,35.8315911,Day,F,L,A,MYSE
151.909,8443,6/3/2015,5/30/2015,20:25:46,7,33.4,AH0,246,37.0180632,Day,F,L,A,MYSE
151.909,8443,6/3/2015,5/31/2015,20:25:46,7,24.8,AH0,247,19.2054336,Day,F,L,A,MYSE
151.909,8443,6/3/2015,5/25/2015,20:25:47,7,29.4,AH0,255,31.3444472,Day,F,L,A,MYSE
151.909,8443,6/3/2015,5/28/2015,20:25:48,7,31.5,AH0,254,34.8011375,Day,F,L,A,MYSE
151.909,8443,6/3/2015,5/29/2015,20:25:48,7,32.3,AH0,253,35.8315911,Day,F,L,A,MYSE
151.909,8443,6/3/2015,5/30/2015,20:25:48,7,33.4,AH0,246,37.0180632,Day,F,L,A,MYSE
151.909,8443,6/3/2015,5/25/2015,20:25:49,7,29.4,AH0,255,31.3444472,Day,F,L,A,MYSE
151.909,8443,6/3/2015,5/29/2015,20:25:49,7,32.3,AH0,254,35.8315911,Day,F,L,A,MYSE
151.909,8443,6/3/2015,5/31/2015,20:25:49,7,24.8,AH0,248,19.2054336,Day,F,L,A,MYSE
151.909,8443,6/3/2015,5/28/2015,20:25:50,7,31.5,AH0,255,34.8011375,Day,F,L,A,MYSE
151.909,8443,6/3/2015,5/30/2015,20:25:50,7,33.4,AH0,246,37.0180632,Day,F,L,A,MYSE
151.909,8443,6/3/2015,5/24/2015,20:25:51,7,31.5,AH0,255,34.8011375,Day,F,L,A,MYSE
151.909,8443,6/3/2015,5/25/2015,20:25:51,7,29.4,AH0,255,31.3444472,Day,F,L,A,MYSE
151.909,8443,6/3/2015,5/29/2015,20:25:51,7,32.3,AH0,254,35.8315911,Day,F,L,A,MYSE
151.909,8443,6/3/2015,5/30/2015,20:25:51,7,33.4,AH0,247,37.0180632,Day,F,L,A,MYSE
151.909,8443,6/3/2015,5/28/2015,20:25:52,7,31.5,AH0,255,34.8011375,Day,F,L,A,MYSE
151.909,8443,6/3/2015,5/24/2015,20:25:53,7,31.5,AH0,255,34.8011375,Day,F,L,A,MYSE
151.909,8443,6/3/2015,5/30/2015,20:25:53,7,33.4,AH0,245,37.0180632,Day,F,L,A,MYSE
151.909,8443,6/3/2015,5/28/2015,20:25:54,7,31.5,AH0,254,34.8011375,Day,F,L,A,MYSE
151.909,8443,6/3/2015,5/24/2015,20:25:55,7,31.5,AH0,255,34.8011375,Day,F,L,A,MYSE
151.909,8443,6/3/2015,5/26/2015,20:25:55,7,27.5,AH0,255,27.1584375,Day,F,L,A,MYSE
151.909,8443,6/3/2015,5/24/2015,20:25:57,7,31.5,AH0,255,34.8011375,Day,F,L,A,MYSE
151.909,8443,6/3/2015,5/26/2015,20:25:57,7,27.5,AH0,255,27.1584375,Day,F,L,A,MYSE
151.909,8443,6/3/2015,5/26/2015,20:26:00,7,27.5,AH0,255,27.1584375,Day,F,L,A,MYSE
151.909,8443,6/3/2015,5/26/2015,20:26:02,7,27.5,AH0,254,27.1584375,Day,F,L,A,MYSE
151.909,8443,6/3/2015,5/31/2015,20:26:03,7,24.9,AH0,248,19.5458117,Day,F,L,A,MYSE
151.909,8443,6/3/2015,5/29/2015,20:26:04,7,32.3,AH0,254,35.8315911,Day,F,L,A,MYSE
151.909,8443,6/3/2015,5/25/2015,20:26:05,7,29.4,AH0,255,31.3444472,Day,F,L,A,MYSE
151.909,8443,6/3/2015,5/29/2015,20:26:06,7,32.3,AH0,254,35.8315911,Day,F,L,A,MYSE
151.909,8443,6/3/2015,5/30/2015,20:26:06,7,33.4,AH0,248,37.0180632,Day,F,L,A,MYSE
151.909,8443,6/3/2015,5/31/2015,20:26:06,7,24.8,AH0,248,19.2054336,Day,F,L,A,MYSE
151.909,8443,6/3/2015,5/25/2015,20:26:07,7,29.4,AH0,255,31.3444472,Day,F,L,A,MYSE
151.909,8443,6/3/2015,5/28/2015,20:26:07,7,31.6,AH0,253,34.9380768,Day,F,L,A,MYSE
151.909,8443,6/3/2015,5/29/2015,20:26:08,7,32.3,AH0,253,35.8315911,Day,F,L,A,MYSE
151.909,8443,6/3/2015,5/30/2015,20:26:08,7,33.4,AH0,247,37.0180632,Day,F,L,A,MYSE
151.909,8443,6/3/2015,5/31/2015,20:26:08,7,24.8,AH0,247,19.2054336,Day,F,L,A,MYSE
151.909,8443,6/3/2015,5/25/2015,20:26:09,7,29.5,AH0,255,31.5355875,Day,F,L,A,MYSE
151.909,8443,6/3/2015,5/28/2015,20:26:09,7,31.5,AH0,254,34.8011375,Day,F,L,A,MYSE
151.909,8443,6/3/2015,5/30/2015,20:26:09,7,33.4,AH0,246,37.0180632,Day,F,L,A,MYSE
151.909,8443,6/3/2015,5/24/2015,20:26:10,7,31.5,AH0,255,34.8011375,Day,F,L,A,MYSE
151.909,8443,6/3/2015,5/29/2015,20:26:10,7,32.3,AH0,254,35.8315911,Day,F,L,A,MYSE
151.909,8443,6/3/2015,5/25/2015,20:26:11,7,29.5,AH0,255,31.5355875,Day,F,L,A,MYSE
151.909,8443,6/3/2015,5/28/2015,20:26:11,7,31.5,AH0,254,34.8011375,Day,F,L,A,MYSE
151.909,8443,6/3/2015,5/30/2015,20:26:11,7,33.4,AH0,248,37.0180632,Day,F,L,A,MYSE
151.909,8443,6/3/2015,5/31/2015,20:26:11,7,24.8,AH0,247,19.2054336,Day,F,L,A,MYSE
151.909,8443,6/3/2015,5/24/2015,20:26:12,7,31.5,AH0,255,34.8011375,Day,F,L,A,MYSE
151.909,8443,6/3/2015,5/29/2015,20:26:12,7,32.3,AH0,254,35.8315911,Day,F,L,A,MYSE
151.909,8443,6/3/2015,5/28/2015,20:26:13,7,31.5,AH0,253,34.8011375,Day,F,L,A,MYSE
151.909,8443,6/3/2015,5/30/2015,20:26:13,7,33.4,AH0,247,37.0180632,Day,F,L,A,MYSE
151.909,8443,6/3/2015,5/24/2015,20:26:14,7,31.5,AH0,255,34.8011375,Day,F,L,A,MYSE
151.909,8443,6/3/2015,5/26/2015,20:26:15,7,27.5,AH0,255,27.1584375,Day,F,L,A,MYSE
151.909,8443,6/3/2015,5/24/2015,20:26:16,7,31.5,AH0,255,34.8011375,Day,F,L,A,MYSE
151.909,8443,6/3/2015,5/26/2015,20:26:17,7,27.5,AH0,254,27.1584375,Day,F,L,A,MYSE
151.909,8443,6/3/2015,5/26/2015,20:26:19,7,27.5,AH0,254,27.1584375,Day,F,L,A,MYSE
151.909,8443,6/3/2015,5/26/2015,20:26:21,7,27.5,AH0,255,27.1584375,Day,F,L,A,MYSE
151.909,8443,6/3/2015,5/25/2015,20:26:24,7,29.4,AH0,255,31.3444472,Day,F,L,A,MYSE
151.909,8443,6/3/2015,5/29/2015,20:26:25,7,32.3,AH0,254,35.8315911,Day,F,L,A,MYSE
151.909,8443,6/3/2015,5/31/2015,20:26:25,7,24.8,AH0,243,19.2054336,Day,F,L,A,MYSE
151.909,8443,6/3/2015,5/25/2015,20:26:26,7,29.4,AH0,255,31.3444472,Day,F,L,A,MYSE
151.909,8443,6/3/2015,5/30/2015,20:26:26,7,33.4,AH0,247,37.0180632,Day,F,L,A,MYSE
151.909,8443,6/3/2015,5/29/2015,20:26:27,7,32.3,AH0,254,35.8315911,Day,F,L,A,MYSE
151.909,8443,6/3/2015,5/30/2015,20:26:27,7,33.4,AH0,247,37.0180632,Day,F,L,A,MYSE
151.909,8443,6/3/2015,5/25/2015,20:26:28,7,29.4,AH0,255,31.3444472,Day,F,L,A,MYSE
151.909,8443,6/3/2015,5/28/2015,20:26:28,7,31.5,AH0,254,34.8011375,Day,F,L,A,MYSE
151.909,8443,6/3/2015,5/31/2015,20:26:28,7,24.8,AH0,243,19.2054336,Day,F,L,A,MYSE
151.909,8443,6/3/2015,5/29/2015,20:26:29,7,32.3,AH0,254,35.8315911,Day,F,L,A,MYSE
151.909,8443,6/3/2015,5/30/2015,20:26:29,7,33.4,AH0,245,37.0180632,Day,F,L,A,MYSE
151.909,8443,6/3/2015,5/25/2015,20:26:30,7,29.4,AH0,255,31.3444472,Day,F,L,A,MYSE
151.909,8443,6/3/2015,5/28/2015,20:26:30,7,31.5,AH0,254,34.8011375,Day,F,L,A,MYSE
151.909,8443,6/3/2015,5/29/2015,20:26:30,7,32.3,AH0,252,35.8315911,Day,F,L,A,MYSE
151.909,8443,6/3/2015,5/31/2015,20:26:30,7,24.8,AH0,243,19.2054336,Day,F,L,A,MYSE
151.909,8443,6/3/2015,5/24/2015,20:26:31,7,31.5,AH0,255,34.8011375,Day,F,L,A,MYSE
151.909,8443,6/3/2015,5/30/2015,20:26:31,7,33.4,AH0,248,37.0180632,Day,F,L,A,MYSE
151.909,8443,6/3/2015,5/28/2015,20:26:32,7,31.5,AH0,254,34.8011375,Day,F,L,A,MYSE
151.909,8443,6/3/2015,5/24/2015,20:26:33,7,31.5,AH0,255,34.8011375,Day,F,L,A,MYSE
151.909,8443,6/3/2015,5/30/2015,20:26:33,7,33.4,AH0,247,37.0180632,Day,F,L,A,MYSE
151.909,8443,6/3/2015,5/28/2015,20:26:34,7,31.5,AH0,255,34.8011375,Day,F,L,A,MYSE
151.909,8443,6/3/2015,5/24/2015,20:26:35,7,31.5,AH0,255,34.8011375,Day,F,L,A,MYSE
151.909,8443,6/3/2015,5/24/2015,20:26:37,7,31.5,AH0,255,34.8011375,Day,F,L,A,MYSE
151.909,8443,6/3/2015,5/26/2015,20:26:37,7,27.5,AH0,254,27.1584375,Day,F,L,A,MYSE
151.909,8443,6/3/2015,5/26/2015,20:26:39,7,27.5,AH0,255,27.1584375,Day,F,L,A,MYSE
151.909,8443,6/3/2015,5/26/2015,20:26:41,7,27.5,AH0,255,27.1584375,Day,F,L,A,MYSE
151.909,8443,6/3/2015,5/25/2015,20:26:44,7,29.4,AH0,255,31.3444472,Day,F,L,A,MYSE
151.909,8443,6/3/2015,5/29/2015,20:26:45,7,32.2,AH0,254,35.7107784,Day,F,L,A,MYSE
151.909,8443,6/3/2015,5/30/2015,20:26:45,7,33.4,AH0,244,37.0180632,Day,F,L,A,MYSE
151.909,8443,6/3/2015,5/31/2015,20:26:45,7,24.8,AH0,246,19.2054336,Day,F,L,A,MYSE
151.909,8443,6/3/2015,5/25/2015,20:26:46,7,29.4,AH0,255,31.3444472,Day,F,L,A,MYSE
151.909,8443,6/3/2015,5/28/2015,20:26:47,7,31.4,AH0,255,34.6618152,Day,F,L,A,MYSE
151.909,8443,6/3/2015,5/29/2015,20:26:47,7,32.2,AH0,254,35.7107784,Day,F,L,A,MYSE
151.909,8443,6/3/2015,5/30/2015,20:26:47,7,33.4,AH0,246,37.0180632,Day,F,L,A,MYSE
151.909,8443,6/3/2015,5/31/2015,20:26:47,7,24.8,AH0,248,19.2054336,Day,F,L,A,MYSE
151.909,8443,6/3/2015,5/25/2015,20:26:48,7,29.4,AH0,255,31.3444472,Day,F,L,A,MYSE
151.909,8443,6/3/2015,5/28/2015,20:26:49,7,31.4,AH0,254,34.6618152,Day,F,L,A,MYSE
151.909,8443,6/3/2015,5/29/2015,20:26:49,7,32.2,AH0,253,35.7107784,Day,F,L,A,MYSE
151.909,8443,6/3/2015,5/30/2015,20:26:49,7,33.4,AH0,247,37.0180632,Day,F,L,A,MYSE
151.909,8443,6/3/2015,5/31/2015,20:26:49,7,24.8,AH0,247,19.2054336,Day,F,L,A,MYSE
151.909,8443,6/3/2015,5/24/2015,20:26:50,7,31.5,AH0,255,34.8011375,Day,F,L,A,MYSE
151.909,8443,6/3/2015,5/25/2015,20:26:50,7,29.5,AH0,255,31.5355875,Day,F,L,A,MYSE
151.909,8443,6/3/2015,5/28/2015,20:26:51,7,31.4,AH0,254,34.6618152,Day,F,L,A,MYSE
151.909,8443,6/3/2015,5/29/2015,20:26:51,7,32.2,AH0,254,35.7107784,Day,F,L,A,MYSE
151.909,8443,6/3/2015,5/30/2015,20:26:51,7,33.4,AH0,246,37.0180632,Day,F,L,A,MYSE
151.909,8443,6/3/2015,5/24/2015,20:26:52,7,31.5,AH0,255,34.8011375,Day,F,L,A,MYSE
151.909,8443,6/3/2015,5/28/2015,20:26:53,7,31.4,AH0,254,34.6618152,Day,F,L,A,MYSE
151.909,8443,6/3/2015,5/30/2015,20:26:53,7,33.4,AH0,246,37.0180632,Day,F,L,A,MYSE
151.909,8443,6/3/2015,5/24/2015,20:26:54,7,31.5,AH0,255,34.8011375,Day,F,L,A,MYSE
151.909,8443,6/3/2015,5/24/2015,20:26:56,7,31.5,AH0,255,34.8011375,Day,F,L,A,MYSE
151.909,8443,6/3/2015,5/26/2015,20:26:56,7,27.5,AH0,255,27.1584375,Day,F,L,A,MYSE
151.909,8443,6/3/2015,5/26/2015,20:26:59,7,27.5,AH0,255,27.1584375,Day,F,L,A,MYSE
151.909,8443,6/3/2015,5/26/2015,20:27:01,7,27.5,AH0,255,27.1584375,Day,F,L,A,MYSE
151.909,8443,6/3/2015,5/25/2015,20:27:04,7,29.4,AH0,255,31.3444472,Day,F,L,A,MYSE
151.909,8443,6/3/2015,5/29/2015,20:27:04,7,32.2,AH0,253,35.7107784,Day,F,L,A,MYSE
151.909,8443,6/3/2015,5/31/2015,20:27:04,7,24.8,AH0,248,19.2054336,Day,F,L,A,MYSE
151.909,8443,6/3/2015,5/30/2015,20:27:05,7,33.7,AH0,247,37.2983949,Day,F,L,A,MYSE
151.909,8443,6/3/2015,5/25/2015,20:27:06,7,29.5,AH0,255,31.5355875,Day,F,L,A,MYSE
151.909,8443,6/3/2015,5/28/2015,20:27:06,7,31.4,AH0,254,34.6618152,Day,F,L,A,MYSE
151.909,8443,6/3/2015,5/29/2015,20:27:06,7,32.2,AH0,255,35.7107784,Day,F,L,A,MYSE
151.909,8443,6/3/2015,5/31/2015,20:27:06,7,24.8,AH0,246,19.2054336,Day,F,L,A,MYSE
151.909,8443,6/3/2015,5/30/2015,20:27:07,7,33.4,AH0,247,37.0180632,Day,F,L,A,MYSE
151.909,8443,6/3/2015,5/28/2015,20:27:08,7,31.4,AH0,255,34.6618152,Day,F,L,A,MYSE
151.909,8443,6/3/2015,5/29/2015,20:27:08,7,32.2,AH0,254,35.7107784,Day,F,L,A,MYSE
151.909,8443,6/3/2015,5/25/2015,20:27:09,7,29.5,AH0,255,31.5355875,Day,F,L,A,MYSE
151.909,8443,6/3/2015,5/30/2015,20:27:09,7,33.4,AH0,245,37.0180632,Day,F,L,A,MYSE
151.909,8443,6/3/2015,5/31/2015,20:27:09,7,24.8,AH0,247,19.2054336,Day,F,L,A,MYSE
151.909,8443,6/3/2015,5/28/2015,20:27:10,7,31.4,AH0,254,34.6618152,Day,F,L,A,MYSE
151.909,8443,6/3/2015,5/29/2015,20:27:10,7,32.2,AH0,254,35.7107784,Day,F,L,A,MYSE
151.909,8443,6/3/2015,5/30/2015,20:27:10,7,33.4,AH0,246,37.0180632,Day,F,L,A,MYSE
151.909,8443,6/3/2015,5/24/2015,20:27:11,7,31.5,AH0,255,34.8011375,Day,F,L,A,MYSE
151.909,8443,6/3/2015,5/25/2015,20:27:11,7,29.5,AH0,255,31.5355875,Day,F,L,A,MYSE
151.909,8443,6/3/2015,5/29/2015,20:27:11,7,32.2,AH0,254,35.7107784,Day,F,L,A,MYSE
151.909,8443,6/3/2015,5/28/2015,20:27:12,7,31.4,AH0,254,34.6618152,Day,F,L,A,MYSE
151.909,8443,6/3/2015,5/30/2015,20:27:12,7,33.4,AH0,247,37.0180632,Day,F,L,A,MYSE
151.909,8443,6/3/2015,5/24/2015,20:27:13,7,31.5,AH0,255,34.8011375,Day,F,L,A,MYSE
151.909,8443,6/3/2015,5/28/2015,20:27:14,7,31.4,AH0,254,34.6618152,Day,F,L,A,MYSE
151.909,8443,6/3/2015,5/24/2015,20:27:15,7,31.5,AH0,255,34.8011375,Day,F,L,A,MYSE
151.909,8443,6/3/2015,5/26/2015,20:27:16,7,27.4,AH0,255,26.9075592,Day,F,L,A,MYSE
151.909,8443,6/3/2015,5/24/2015,20:27:17,7,31.5,AH0,255,34.8011375,Day,F,L,A,MYSE
151.909,8443,6/3/2015,5/26/2015,20:27:18,7,27.4,AH0,255,26.9075592,Day,F,L,A,MYSE
151.909,8443,6/3/2015,5/26/2015,20:27:20,7,27.4,AH0,255,26.9075592,Day,F,L,A,MYSE
151.909,8443,6/3/2015,5/29/2015,20:27:24,7,32.2,AH0,252,35.7107784,Day,F,L,A,MYSE
151.909,8443,6/3/2015,5/25/2015,20:27:25,7,29.5,AH0,255,31.5355875,Day,F,L,A,MYSE
151.909,8443,6/3/2015,5/29/2015,20:27:26,7,32.2,AH0,253,35.7107784,Day,F,L,A,MYSE
151.909,8443,6/3/2015,5/31/2015,20:27:26,7,24.9,AH0,247,19.5458117,Day,F,L,A,MYSE
151.909,8443,6/3/2015,5/25/2015,20:27:27,7,29.5,AH0,255,31.5355875,Day,F,L,A,MYSE
151.909,8443,6/3/2015,5/28/2015,20:27:27,7,31.3,AH0,254,34.5200901,Day,F,L,A,MYSE
151.909,8443,6/3/2015,5/30/2015,20:27:27,7,33.4,AH0,248,37.0180632,Day,F,L,A,MYSE
151.909,8443,6/3/2015,5/29/2015,20:27:28,7,32.2,AH0,254,35.7107784,Day,F,L,A,MYSE
151.909,8443,6/3/2015,5/30/2015,20:27:28,7,33.4,AH0,247,37.0180632,Day,F,L,A,MYSE
151.909,8443,6/3/2015,5/31/2015,20:27:28,7,24.9,AH0,245,19.5458117,Day,F,L,A,MYSE
151.909,8443,6/3/2015,5/25/2015,20:27:29,7,29.5,AH0,255,31.5355875,Day,F,L,A,MYSE
151.909,8443,6/3/2015,5/28/2015,20:27:29,7,31.3,AH0,255,34.5200901,Day,F,L,A,MYSE
151.909,8443,6/3/2015,5/24/2015,20:27:30,7,31.5,AH0,255,34.8011375,Day,F,L,A,MYSE
151.909,8443,6/3/2015,5/29/2015,20:27:30,7,32.2,AH0,254,35.7107784,Day,F,L,A,MYSE
151.909,8443,6/3/2015,5/30/2015,20:27:30,7,33.4,AH0,246,37.0180632,Day,F,L,A,MYSE
151.909,8443,6/3/2015,5/31/2015,20:27:30,7,24.9,AH0,247,19.5458117,Day,F,L,A,MYSE
151.909,8443,6/3/2015,5/25/2015,20:27:31,7,29.5,AH0,255,31.5355875,Day,F,L,A,MYSE
151.909,8443,6/3/2015,5/28/2015,20:27:31,7,31.3,AH0,253,34.5200901,Day,F,L,A,MYSE
151.909,8443,6/3/2015,5/24/2015,20:27:32,7,31.5,AH0,255,34.8011375,Day,F,L,A,MYSE
151.909,8443,6/3/2015,5/30/2015,20:27:32,7,33.4,AH0,245,37.0180632,Day,F,L,A,MYSE
151.909,8443,6/3/2015,5/28/2015,20:27:33,7,31.3,AH0,254,34.5200901,Day,F,L,A,MYSE
151.909,8443,6/3/2015,5/24/2015,20:27:34,7,31.5,AH0,255,34.8011375,Day,F,L,A,MYSE
151.909,8443,6/3/2015,5/24/2015,20:27:36,7,31.5,AH0,255,34.8011375,Day,F,L,A,MYSE
151.909,8443,6/3/2015,5/26/2015,20:27:36,7,27.4,AH0,255,26.9075592,Day,F,L,A,MYSE
151.909,8443,6/3/2015,5/26/2015,20:27:38,7,27.4,AH0,254,26.9075592,Day,F,L,A,MYSE
151.909,8443,6/3/2015,5/26/2015,20:27:40,7,27.4,AH0,253,26.9075592,Day,F,L,A,MYSE
151.909,8443,6/3/2015,5/26/2015,20:27:42,7,27.4,AH0,255,26.9075592,Day,F,L,A,MYSE
151.909,8443,6/3/2015,5/25/2015,20:27:45,7,29.5,AH0,255,31.5355875,Day,F,L,A,MYSE
151.909,8443,6/3/2015,5/29/2015,20:27:45,7,32.2,AH0,254,35.7107784,Day,F,L,A,MYSE
151.909,8443,6/3/2015,5/31/2015,20:27:45,7,24.9,AH0,244,19.5458117,Day,F,L,A,MYSE
151.909,8443,6/3/2015,5/30/2015,20:27:46,7,33.4,AH0,248,37.0180632,Day,F,L,A,MYSE
151.909,8443,6/3/2015,5/25/2015,20:27:47,7,29.5,AH0,255,31.5355875,Day,F,L,A,MYSE
151.909,8443,6/3/2015,5/28/2015,20:27:47,7,31.3,AH0,255,34.5200901,Day,F,L,A,MYSE
151.909,8443,6/3/2015,5/29/2015,20:27:47,7,32.2,AH0,254,35.7107784,Day,F,L,A,MYSE
151.909,8443,6/3/2015,5/31/2015,20:27:47,7,24.9,AH0,246,19.5458117,Day,F,L,A,MYSE
151.909,8443,6/3/2015,5/28/2015,20:27:48,7,31.3,AH0,254,34.5200901,Day,F,L,A,MYSE
151.909,8443,6/3/2015,5/30/2015,20:27:48,7,33.4,AH0,245,37.0180632,Day,F,L,A,MYSE
151.909,8443,6/3/2015,5/25/2015,20:27:49,7,29.5,AH0,255,31.5355875,Day,F,L,A,MYSE
151.909,8443,6/3/2015,5/29/2015,20:27:49,7,32.2,AH0,254,35.7107784,Day,F,L,A,MYSE
151.909,8443,6/3/2015,5/28/2015,20:27:50,7,31.3,AH0,255,34.5200901,Day,F,L,A,MYSE
151.909,8443,6/3/2015,5/29/2015,20:27:50,7,32.2,AH0,254,35.7107784,Day,F,L,A,MYSE
151.909,8443,6/3/2015,5/30/2015,20:27:50,7,33.4,AH0,247,37.0180632,Day,F,L,A,MYSE
151.909,8443,6/3/2015,5/31/2015,20:27:50,7,24.9,AH0,246,19.5458117,Day,F,L,A,MYSE
151.909,8443,6/3/2015,5/24/2015,20:27:51,7,31.5,AH0,255,34.8011375,Day,F,L,A,MYSE
151.909,8443,6/3/2015,5/25/2015,20:27:51,7,29.5,AH0,255,31.5355875,Day,F,L,A,MYSE
151.909,8443,6/3/2015,5/28/2015,20:27:52,7,31.3,AH0,254,34.5200901,Day,F,L,A,MYSE
151.909,8443,6/3/2015,5/30/2015,20:27:52,7,33.4,AH0,248,37.0180632,Day,F,L,A,MYSE
151.909,8443,6/3/2015,5/24/2015,20:27:53,7,31.5,AH0,255,34.8011375,Day,F,L,A,MYSE
151.909,8443,6/3/2015,5/28/2015,20:27:54,7,31.3,AH0,254,34.5200901,Day,F,L,A,MYSE
151.909,8443,6/3/2015,5/24/2015,20:27:55,7,31.5,AH0,255,34.8011375,Day,F,L,A,MYSE
151.909,8443,6/3/2015,5/26/2015,20:27:55,7,27.4,AH0,255,26.9075592,Day,F,L,A,MYSE
151.909,8443,6/3/2015,5/24/2015,20:27:57,7,31.5,AH0,255,34.8011375,Day,F,L,A,MYSE
151.909,8443,6/3/2015,5/26/2015,20:27:58,7,27.4,AH0,255,26.9075592,Day,F,L,A,MYSE
151.909,8443,6/3/2015,5/26/2015,20:28:00,7,27.4,AH0,255,26.9075592,Day,F,L,A,MYSE
151.909,8443,6/3/2015,5/26/2015,20:28:02,7,27.4,AH0,254,26.9075592,Day,F,L,A,MYSE
151.909,8443,6/3/2015,5/31/2015,20:28:04,7,24.9,AH0,247,19.5458117,Day,F,L,A,MYSE
151.909,8443,6/3/2015,5/29/2015,20:28:05,7,32.2,AH0,254,35.7107784,Day,F,L,A,MYSE
151.909,8443,6/3/2015,5/25/2015,20:28:06,7,29.5,AH0,255,31.5355875,Day,F,L,A,MYSE
151.909,8443,6/3/2015,5/30/2015,20:28:06,7,33.4,AH0,248,37.0180632,Day,F,L,A,MYSE
151.909,8443,6/3/2015,5/29/2015,20:28:07,7,32.2,AH0,255,35.7107784,Day,F,L,A,MYSE
151.909,8443,6/3/2015,5/31/2015,20:28:07,7,24.9,AH0,248,19.5458117,Day,F,L,A,MYSE
151.909,8443,6/3/2015,5/25/2015,20:28:08,7,29.4,AH0,255,31.3444472,Day,F,L,A,MYSE
151.909,8443,6/3/2015,5/28/2015,20:28:08,7,31.3,AH0,255,34.5200901,Day,F,L,A,MYSE
151.909,8443,6/3/2015,5/30/2015,20:28:08,7,33.4,AH0,247,37.0180632,Day,F,L,A,MYSE
151.909,8443,6/3/2015,5/29/2015,20:28:09,7,32.2,AH0,253,35.7107784,Day,F,L,A,MYSE
151.909,8443,6/3/2015,5/31/2015,20:28:09,7,24.9,AH0,247,19.5458117,Day,F,L,A,MYSE
151.909,8443,6/3/2015,5/24/2015,20:28:10,7,31.5,AH0,255,34.8011375,Day,F,L,A,MYSE
151.909,8443,6/3/2015,5/25/2015,20:28:10,7,29.4,AH0,255,31.3444472,Day,F,L,A,MYSE
151.909,8443,6/3/2015,5/28/2015,20:28:10,7,31.3,AH0,255,34.5200901,Day,F,L,A,MYSE
151.909,8443,6/3/2015,5/30/2015,20:28:10,7,33.4,AH0,246,37.0180632,Day,F,L,A,MYSE
151.909,8443,6/3/2015,5/29/2015,20:28:11,7,32.2,AH0,254,35.7107784,Day,F,L,A,MYSE
151.909,8443,6/3/2015,5/24/2015,20:28:12,7,31.5,AH0,255,34.8011375,Day,F,L,A,MYSE
151.909,8443,6/3/2015,5/28/2015,20:28:12,7,31.3,AH0,254,34.5200901,Day,F,L,A,MYSE
151.909,8443,6/3/2015,5/30/2015,20:28:12,7,33.4,AH0,247,37.0180632,Day,F,L,A,MYSE
151.909,8443,6/3/2015,5/28/2015,20:28:13,7,31.3,AH0,254,34.5200901,Day,F,L,A,MYSE
151.909,8443,6/3/2015,5/24/2015,20:28:14,7,31.5,AH0,255,34.8011375,Day,F,L,A,MYSE
151.909,8443,6/3/2015,5/26/2015,20:28:15,7,27.3,AH0,254,26.6534861,Day,F,L,A,MYSE
151.909,8443,6/3/2015,5/24/2015,20:28:16,7,31.5,AH0,255,34.8011375,Day,F,L,A,MYSE
151.909,8443,6/3/2015,5/26/2015,20:28:17,7,27.3,AH0,253,26.6534861,Day,F,L,A,MYSE
151.909,8443,6/3/2015,5/26/2015,20:28:20,7,27.2,AH0,252,26.3961984,Day,F,L,A,MYSE
151.909,8443,6/3/2015,5/26/2015,20:28:22,7,27.2,AH0,253,26.3961984,Day,F,L,A,MYSE
151.909,8443,6/3/2015,5/25/2015,20:28:24,7,29.4,AH0,255,31.3444472,Day,F,L,A,MYSE
151.909,8443,6/3/2015,5/29/2015,20:28:24,7,32.2,AH0,254,35.7107784,Day,F,L,A,MYSE
151.909,8443,6/3/2015,5/31/2015,20:28:24,7,24.9,AH0,247,19.5458117,Day,F,L,A,MYSE
151.909,8443,6/3/2015,5/25/2015,20:28:26,7,29.4,AH0,255,31.3444472,Day,F,L,A,MYSE
151.909,8443,6/3/2015,5/29/2015,20:28:26,7,32.2,AH0,254,35.7107784,Day,F,L,A,MYSE
151.909,8443,6/3/2015,5/30/2015,20:28:26,7,33.4,AH0,245,37.0180632,Day,F,L,A,MYSE
151.909,8443,6/3/2015,5/31/2015,20:28:26,7,24.9,AH0,247,19.5458117,Day,F,L,A,MYSE
151.909,8443,6/3/2015,5/28/2015,20:28:27,7,31.3,AH0,254,34.5200901,Day,F,L,A,MYSE
151.909,8443,6/3/2015,5/25/2015,20:28:28,7,29.4,AH0,255,31.3444472,Day,F,L,A,MYSE
151.909,8443,6/3/2015,5/29/2015,20:28:28,7,32.2,AH0,254,35.7107784,Day,F,L,A,MYSE
151.909,8443,6/3/2015,5/30/2015,20:28:28,7,33.4,AH0,246,37.0180632,Day,F,L,A,MYSE
151.909,8443,6/3/2015,5/31/2015,20:28:28,7,24.9,AH0,243,19.5458117,Day,F,L,A,MYSE
151.909,8443,6/3/2015,5/28/2015,20:28:29,7,31.3,AH0,254,34.5200901,Day,F,L,A,MYSE
151.909,8443,6/3/2015,5/25/2015,20:28:30,7,29.4,AH0,255,31.3444472,Day,F,L,A,MYSE
151.909,8443,6/3/2015,5/29/2015,20:28:30,7,32.2,AH0,254,35.7107784,Day,F,L,A,MYSE
151.909,8443,6/3/2015,5/30/2015,20:28:30,7,33.4,AH0,244,37.0180632,Day,F,L,A,MYSE
151.909,8443,6/3/2015,5/24/2015,20:28:31,7,31.5,AH0,255,34.8011375,Day,F,L,A,MYSE
151.909,8443,6/3/2015,5/28/2015,20:28:31,7,31.3,AH0,254,34.5200901,Day,F,L,A,MYSE
151.909,8443,6/3/2015,5/30/2015,20:28:31,7,33.4,AH0,245,37.0180632,Day,F,L,A,MYSE
151.909,8443,6/3/2015,5/31/2015,20:28:31,7,24.9,AH0,248,19.5458117,Day,F,L,A,MYSE
151.909,8443,6/3/2015,5/29/2015,20:28:32,7,32.2,AH0,252,35.7107784,Day,F,L,A,MYSE
151.909,8443,6/3/2015,5/24/2015,20:28:33,7,31.5,AH0,255,34.8011375,Day,F,L,A,MYSE
151.909,8443,6/3/2015,5/28/2015,20:28:33,7,31.3,AH0,254,34.5200901,Day,F,L,A,MYSE
151.909,8443,6/3/2015,5/30/2015,20:28:33,7,33.3,AH0,248,36.9206321,Day,F,L,A,MYSE
151.909,8443,6/3/2015,5/24/2015,20:28:35,7,31.5,AH0,255,34.8011375,Day,F,L,A,MYSE
151.909,8443,6/3/2015,5/26/2015,20:28:35,7,27.2,AH0,252,26.3961984,Day,F,L,A,MYSE
151.909,8443,6/3/2015,5/24/2015,20:28:37,7,31.5,AH0,255,34.8011375,Day,F,L,A,MYSE
151.909,8443,6/3/2015,5/26/2015,20:28:37,7,27.2,AH0,250,26.3961984,Day,F,L,A,MYSE
151.909,8443,6/3/2015,5/26/2015,20:28:39,7,27.1,AH0,253,26.1356763,Day,F,L,A,MYSE
151.909,8443,6/3/2015,5/26/2015,20:28:42,7,27.1,AH0,251,26.1356763,Day,F,L,A,MYSE
151.909,8443,6/3/2015,5/25/2015,20:28:44,7,29.4,AH0,255,31.3444472,Day,F,L,A,MYSE
151.909,8443,6/3/2015,5/29/2015,20:28:45,7,32.2,AH0,254,35.7107784,Day,F,L,A,MYSE
151.909,8443,6/3/2015,5/31/2015,20:28:45,7,24.9,AH0,244,19.5458117,Day,F,L,A,MYSE
151.909,8443,6/3/2015,5/25/2015,20:28:46,7,29.4,AH0,255,31.3444472,Day,F,L,A,MYSE
151.909,8443,6/3/2015,5/29/2015,20:28:46,7,32.2,AH0,254,35.7107784,Day,F,L,A,MYSE
151.909,8443,6/3/2015,5/30/2015,20:28:46,7,33.3,AH0,246,36.9206321,Day,F,L,A,MYSE
151.909,8443,6/3/2015,5/25/2015,20:28:48,7,29.4,AH0,255,31.3444472,Day,F,L,A,MYSE
151.909,8443,6/3/2015,5/28/2015,20:28:48,7,31.3,AH0,254,34.5200901,Day,F,L,A,MYSE
151.909,8443,6/3/2015,5/29/2015,20:28:48,7,32.2,AH0,254,35.7107784,Day,F,L,A,MYSE
151.909,8443,6/3/2015,5/30/2015,20:28:48,7,33.3,AH0,246,36.9206321,Day,F,L,A,MYSE
151.909,8443,6/3/2015,5/31/2015,20:28:48,7,24.9,AH0,246,19.5458117,Day,F,L,A,MYSE
151.909,8443,6/3/2015,5/30/2015,20:28:49,7,33.3,AH0,247,36.9206321,Day,F,L,A,MYSE
151.909,8443,6/3/2015,5/24/2015,20:28:50,7,31.5,AH0,255,34.8011375,Day,F,L,A,MYSE
151.909,8443,6/3/2015,5/25/2015,20:28:50,7,29.4,AH0,255,31.3444472,Day,F,L,A,MYSE
151.909,8443,6/3/2015,5/28/2015,20:28:50,7,31.3,AH0,254,34.5200901,Day,F,L,A,MYSE
151.909,8443,6/3/2015,5/29/2015,20:28:50,7,32.2,AH0,254,35.7107784,Day,F,L,A,MYSE
151.909,8443,6/3/2015,5/31/2015,20:28:50,7,24.9,AH0,244,19.5458117,Day,F,L,A,MYSE
151.909,8443,6/3/2015,5/30/2015,20:28:51,7,33.3,AH0,246,36.9206321,Day,F,L,A,MYSE
151.909,8443,6/3/2015,5/24/2015,20:28:52,7,31.5,AH0,255,34.8011375,Day,F,L,A,MYSE
151.909,8443,6/3/2015,5/28/2015,20:28:52,7,31.3,AH0,254,34.5200901,Day,F,L,A,MYSE
151.909,8443,6/3/2015,5/30/2015,20:28:53,7,33.3,AH0,246,36.9206321,Day,F,L,A,MYSE
151.909,8443,6/3/2015,5/24/2015,20:28:54,7,31.5,AH0,255,34.8011375,Day,F,L,A,MYSE
151.909,8443,6/3/2015,5/28/2015,20:28:54,7,31.3,AH0,255,34.5200901,Day,F,L,A,MYSE
151.909,8443,6/3/2015,5/26/2015,20:28:55,7,27.1,AH0,243,26.1356763,Day,F,L,A,MYSE
151.909,8443,6/3/2015,5/24/2015,20:28:56,7,31.5,AH0,255,34.8011375,Day,F,L,A,MYSE
151.909,8443,6/3/2015,5/26/2015,20:28:57,7,27.1,AH0,242,26.1356763,Day,F,L,A,MYSE
151.909,8443,6/3/2015,5/26/2015,20:28:59,7,27.1,AH0,241,26.1356763,Day,F,L,A,MYSE
151.909,8443,6/3/2015,5/26/2015,20:29:02,7,27.1,AH0,237,26.1356763,Day,F,L,A,MYSE
151.909,8443,6/3/2015,5/29/2015,20:29:05,7,32.2,AH0,254,35.7107784,Day,F,L,A,MYSE
151.909,8443,6/3/2015,5/31/2015,20:29:05,7,24.9,AH0,247,19.5458117,Day,F,L,A,MYSE
151.909,8443,6/3/2015,5/25/2015,20:29:06,7,29.4,AH0,255,31.3444472,Day,F,L,A,MYSE
151.909,8443,6/3/2015,5/30/2015,20:29:06,7,33.3,AH0,249,36.9206321,Day,F,L,A,MYSE
151.909,8443,6/3/2015,5/28/2015,20:29:07,7,31.3,AH0,255,34.5200901,Day,F,L,A,MYSE
151.909,8443,6/3/2015,5/29/2015,20:29:07,7,32.2,AH0,253,35.7107784,Day,F,L,A,MYSE
151.909,8443,6/3/2015,5/30/2015,20:29:07,7,33.3,AH0,247,36.9206321,Day,F,L,A,MYSE
151.909,8443,6/3/2015,5/31/2015,20:29:07,7,24.9,AH0,248,19.5458117,Day,F,L,A,MYSE
151.909,8443,6/3/2015,5/25/2015,20:29:08,7,29.4,AH0,255,31.3444472,Day,F,L,A,MYSE
151.909,8443,6/3/2015,5/28/2015,20:29:09,7,31.3,AH0,254,34.5200901,Day,F,L,A,MYSE
151.909,8443,6/3/2015,5/29/2015,20:29:09,7,32.2,AH0,255,35.7107784,Day,F,L,A,MYSE
151.909,8443,6/3/2015,5/30/2015,20:29:09,7,33.3,AH0,248,36.9206321,Day,F,L,A,MYSE
151.909,8443,6/3/2015,5/31/2015,20:29:09,7,24.9,AH0,244,19.5458117,Day,F,L,A,MYSE
151.909,8443,6/3/2015,5/25/2015,20:29:10,7,29.4,AH0,255,31.3444472,Day,F,L,A,MYSE
151.909,8443,6/3/2015,5/24/2015,20:29:11,7,31.5,AH0,255,34.8011375,Day,F,L,A,MYSE
151.909,8443,6/3/2015,5/28/2015,20:29:11,7,31.3,AH0,255,34.5200901,Day,F,L,A,MYSE
151.909,8443,6/3/2015,5/29/2015,20:29:11,7,32.2,AH0,254,35.7107784,Day,F,L,A,MYSE
151.909,8443,6/3/2015,5/30/2015,20:29:11,7,33.3,AH0,250,36.9206321,Day,F,L,A,MYSE
151.909,8443,6/3/2015,5/25/2015,20:29:12,7,29.4,AH0,255,31.3444472,Day,F,L,A,MYSE
151.909,8443,6/3/2015,5/24/2015,20:29:13,7,31.5,AH0,255,34.8011375,Day,F,L,A,MYSE
151.909,8443,6/3/2015,5/28/2015,20:29:13,7,31.3,AH0,254,34.5200901,Day,F,L,A,MYSE
151.909,8443,6/3/2015,5/30/2015,20:29:13,7,33.3,AH0,248,36.9206321,Day,F,L,A,MYSE
151.909,8443,6/3/2015,5/24/2015,20:29:15,7,31.5,AH0,255,34.8011375,Day,F,L,A,MYSE
151.909,8443,6/3/2015,5/26/2015,20:29:15,7,27.1,AH0,236,26.1356763,Day,F,L,A,MYSE
151.909,8443,6/3/2015,5/24/2015,20:29:17,7,31.5,AH0,255,34.8011375,Day,F,L,A,MYSE
151.909,8443,6/3/2015,5/26/2015,20:29:17,7,27.1,AH0,244,26.1356763,Day,F,L,A,MYSE
151.909,8443,6/3/2015,5/26/2015,20:29:19,7,27.1,AH0,244,26.1356763,Day,F,L,A,MYSE
151.909,8443,6/3/2015,5/26/2015,20:29:22,7,27.1,AH0,243,26.1356763,Day,F,L,A,MYSE
151.909,8443,6/3/2015,5/29/2015,20:29:24,7,32.1,AH0,253,35.5877213,Day,F,L,A,MYSE
151.909,8443,6/3/2015,5/31/2015,20:29:24,7,24.9,AH0,244,19.5458117,Day,F,L,A,MYSE
151.909,8443,6/3/2015,5/28/2015,20:29:25,7,31.3,AH0,254,34.5200901,Day,F,L,A,MYSE
151.909,8443,6/3/2015,5/30/2015,20:29:25,7,33.3,AH0,247,36.9206321,Day,F,L,A,MYSE
151.909,8443,6/3/2015,5/25/2015,20:29:26,7,29.4,AH0,255,31.3444472,Day,F,L,A,MYSE
151.909,8443,6/3/2015,5/29/2015,20:29:26,7,32.2,AH0,254,35.7107784,Day,F,L,A,MYSE
151.909,8443,6/3/2015,5/31/2015,20:29:26,7,24.9,AH0,248,19.5458117,Day,F,L,A,MYSE
151.909,8443,6/3/2015,5/28/2015,20:29:27,7,31.3,AH0,254,34.5200901,Day,F,L,A,MYSE
151.909,8443,6/3/2015,5/29/2015,20:29:27,7,32.1,AH0,254,35.5877213,Day,F,L,A,MYSE
151.909,8443,6/3/2015,5/30/2015,20:29:27,7,33.3,AH0,249,36.9206321,Day,F,L,A,MYSE
151.909,8443,6/3/2015,5/25/2015,20:29:28,7,29.4,AH0,255,31.3444472,Day,F,L,A,MYSE
151.909,8443,6/3/2015,5/28/2015,20:29:29,7,31.3,AH0,254,34.5200901,Day,F,L,A,MYSE
151.909,8443,6/3/2015,5/29/2015,20:29:29,7,32.2,AH0,254,35.7107784,Day,F,L,A,MYSE
151.909,8443,6/3/2015,5/30/2015,20:29:29,7,33.3,AH0,246,36.9206321,Day,F,L,A,MYSE
151.909,8443,6/3/2015,5/31/2015,20:29:29,7,24.9,AH0,247,19.5458117,Day,F,L,A,MYSE
151.909,8443,6/3/2015,5/24/2015,20:29:30,7,31.5,AH0,255,34.8011375,Day,F,L,A,MYSE
151.909,8443,6/3/2015,5/25/2015,20:29:30,7,29.4,AH0,255,31.3444472,Day,F,L,A,MYSE
151.909,8443,6/3/2015,5/28/2015,20:29:31,7,31.3,AH0,254,34.5200901,Day,F,L,A,MYSE
151.909,8443,6/3/2015,5/29/2015,20:29:31,7,32.2,AH0,254,35.7107784,Day,F,L,A,MYSE
151.909,8443,6/3/2015,5/30/2015,20:29:31,7,33.3,AH0,248,36.9206321,Day,F,L,A,MYSE
151.909,8443,6/3/2015,5/24/2015,20:29:32,7,31.5,AH0,255,34.8011375,Day,F,L,A,MYSE
151.909,8443,6/3/2015,5/25/2015,20:29:32,7,29.4,AH0,255,31.3444472,Day,F,L,A,MYSE
151.909,8443,6/3/2015,5/28/2015,20:29:33,7,31.3,AH0,253,34.5200901,Day,F,L,A,MYSE
151.909,8443,6/3/2015,5/30/2015,20:29:33,7,33.3,AH0,246,36.9206321,Day,F,L,A,MYSE
151.909,8443,6/3/2015,5/24/2015,20:29:34,7,31.5,AH0,255,34.8011375,Day,F,L,A,MYSE
151.909,8443,6/3/2015,5/26/2015,20:29:35,7,27.1,AH0,243,26.1356763,Day,F,L,A,MYSE
151.909,8443,6/3/2015,5/24/2015,20:29:36,7,31.5,AH0,255,34.8011375,Day,F,L,A,MYSE
151.909,8443,6/3/2015,5/26/2015,20:29:37,7,27.1,AH0,241,26.1356763,Day,F,L,A,MYSE
151.909,8443,6/3/2015,5/26/2015,20:29:39,7,27.1,AH0,242,26.1356763,Day,F,L,A,MYSE
151.909,8443,6/3/2015,5/26/2015,20:29:41,7,27.1,AH0,242,26.1356763,Day,F,L,A,MYSE
151.909,8443,6/3/2015,5/29/2015,20:29:44,7,32.1,AH0,254,35.5877213,Day,F,L,A,MYSE
151.909,8443,6/3/2015,5/30/2015,20:29:45,7,33.3,AH0,247,36.9206321,Day,F,L,A,MYSE
151.909,8443,6/3/2015,5/25/2015,20:29:46,7,29.4,AH0,255,31.3444472,Day,F,L,A,MYSE
151.909,8443,6/3/2015,5/28/2015,20:29:46,7,31.3,AH0,255,34.5200901,Day,F,L,A,MYSE
151.909,8443,6/3/2015,5/29/2015,20:29:46,7,32.1,AH0,254,35.5877213,Day,F,L,A,MYSE
151.909,8443,6/3/2015,5/31/2015,20:29:46,7,24.9,AH0,248,19.5458117,Day,F,L,A,MYSE
151.909,8443,6/3/2015,5/30/2015,20:29:47,7,33.2,AH0,246,36.8211744,Day,F,L,A,MYSE
151.909,8443,6/3/2015,5/25/2015,20:29:48,7,29.4,AH0,255,31.3444472,Day,F,L,A,MYSE
151.909,8443,6/3/2015,5/28/2015,20:29:48,7,31.3,AH0,254,34.5200901,Day,F,L,A,MYSE
151.909,8443,6/3/2015,5/29/2015,20:29:48,7,32.1,AH0,254,35.5877213,Day,F,L,A,MYSE
151.909,8443,6/3/2015,5/31/2015,20:29:48,7,24.9,AH0,247,19.5458117,Day,F,L,A,MYSE
151.909,8443,6/3/2015,5/24/2015,20:29:49,7,31.5,AH0,255,34.8011375,Day,F,L,A,MYSE
151.909,8443,6/3/2015,5/30/2015,20:29:49,7,33.2,AH0,246,36.8211744,Day,F,L,A,MYSE
151.909,8443,6/3/2015,5/28/2015,20:29:50,7,31.3,AH0,254,34.5200901,Day,F,L,A,MYSE
151.909,8443,6/3/2015,5/29/2015,20:29:50,7,32.1,AH0,254,35.5877213,Day,F,L,A,MYSE
151.909,8443,6/3/2015,5/31/2015,20:29:50,7,24.9,AH0,246,19.5458117,Day,F,L,A,MYSE
151.909,8443,6/3/2015,5/24/2015,20:29:51,7,31.5,AH0,255,34.8011375,Day,F,L,A,MYSE
151.909,8443,6/3/2015,5/25/2015,20:29:51,7,29.4,AH0,255,31.3444472,Day,F,L,A,MYSE
151.909,8443,6/3/2015,5/30/2015,20:29:51,7,33.2,AH0,247,36.8211744,Day,F,L,A,MYSE
151.909,8443,6/3/2015,5/28/2015,20:29:52,7,31.3,AH0,254,34.5200901,Day,F,L,A,MYSE
151.909,8443,6/3/2015,5/24/2015,20:29:53,7,31.5,AH0,255,34.8011375,Day,F,L,A,MYSE
151.909,8443,6/3/2015,5/30/2015,20:29:53,7,33.2,AH0,249,36.8211744,Day,F,L,A,MYSE
151.909,8443,6/3/2015,5/24/2015,20:29:55,7,31.5,AH0,255,34.8011375,Day,F,L,A,MYSE
151.909,8443,6/3/2015,5/26/2015,20:29:55,7,27.1,AH0,244,26.1356763,Day,F,L,A,MYSE
151.909,8443,6/3/2015,5/24/2015,20:29:57,7,31.5,AH0,255,34.8011375,Day,F,L,A,MYSE
151.909,8443,6/3/2015,5/26/2015,20:29:57,7,27.1,AH0,244,26.1356763,Day,F,L,A,MYSE
151.909,8443,6/3/2015,5/26/2015,20:29:59,7,27.1,AH0,239,26.1356763,Day,F,L,A,MYSE
151.909,8443,6/3/2015,5/26/2015,20:30:01,7,27.1,AH0,242,26.1356763,Day,F,L,A,MYSE
151.909,8443,6/3/2015,5/25/2015,20:30:05,7,29.4,AH0,255,31.3444472,Day,F,L,A,MYSE
151.909,8443,6/3/2015,5/29/2015,20:30:05,7,32.1,AH0,253,35.5877213,Day,F,L,A,MYSE
151.909,8443,6/3/2015,5/30/2015,20:30:05,7,33.2,AH0,245,36.8211744,Day,F,L,A,MYSE
151.909,8443,6/3/2015,5/31/2015,20:30:05,7,24.9,AH0,246,19.5458117,Day,F,L,A,MYSE
151.909,8443,6/3/2015,5/28/2015,20:30:06,7,31.3,AH0,254,34.5200901,Day,F,L,A,MYSE
151.909,8443,6/3/2015,5/25/2015,20:30:07,7,29.4,AH0,255,31.3444472,Day,F,L,A,MYSE
151.909,8443,6/3/2015,5/29/2015,20:30:07,7,32.1,AH0,254,35.5877213,Day,F,L,A,MYSE
151.909,8443,6/3/2015,5/30/2015,20:30:07,7,33.2,AH0,247,36.8211744,Day,F,L,A,MYSE
151.909,8443,6/3/2015,5/31/2015,20:30:07,7,24.9,AH0,244,19.5458117,Day,F,L,A,MYSE
151.909,8443,6/3/2015,5/28/2015,20:30:08,7,31.3,AH0,254,34.5200901,Day,F,L,A,MYSE
151.909,8443,6/3/2015,5/25/2015,20:30:09,7,29.4,AH0,255,31.3444472,Day,F,L,A,MYSE
151.909,8443,6/3/2015,5/29/2015,20:30:09,7,32.1,AH0,254,35.5877213,Day,F,L,A,MYSE
151.909,8443,6/3/2015,5/30/2015,20:30:09,7,33.2,AH0,246,36.8211744,Day,F,L,A,MYSE
151.909,8443,6/3/2015,5/24/2015,20:30:10,7,31.5,AH0,255,34.8011375,Day,F,L,A,MYSE
151.909,8443,6/3/2015,5/28/2015,20:30:10,7,31.3,AH0,254,34.5200901,Day,F,L,A,MYSE
151.909,8443,6/3/2015,5/29/2015,20:30:10,7,32.1,AH0,254,35.5877213,Day,F,L,A,MYSE
151.909,8443,6/3/2015,5/31/2015,20:30:10,7,24.9,AH0,248,19.5458117,Day,F,L,A,MYSE
151.909,8443,6/3/2015,5/25/2015,20:30:11,7,29.4,AH0,255,31.3444472,Day,F,L,A,MYSE
151.909,8443,6/3/2015,5/28/2015,20:30:11,7,31.3,AH0,255,34.5200901,Day,F,L,A,MYSE
151.909,8443,6/3/2015,5/30/2015,20:30:11,7,33.2,AH0,248,36.8211744,Day,F,L,A,MYSE
151.909,8443,6/3/2015,5/24/2015,20:30:12,7,31.5,AH0,255,34.8011375,Day,F,L,A,MYSE
151.909,8443,6/3/2015,5/30/2015,20:30:12,7,33.2,AH0,247,36.8211744,Day,F,L,A,MYSE
151.909,8443,6/3/2015,5/24/2015,20:30:14,7,31.5,AH0,255,34.8011375,Day,F,L,A,MYSE
151.909,8443,6/3/2015,5/26/2015,20:30:15,7,27.3,AH0,242,26.6534861,Day,F,L,A,MYSE
151.909,8443,6/3/2015,5/24/2015,20:30:16,7,31.5,AH0,255,34.8011375,Day,F,L,A,MYSE
151.909,8443,6/3/2015,5/26/2015,20:30:17,7,27.1,AH0,240,26.1356763,Day,F,L,A,MYSE
151.909,8443,6/3/2015,5/26/2015,20:30:19,7,27.1,AH0,242,26.1356763,Day,F,L,A,MYSE
151.909,8443,6/3/2015,5/26/2015,20:30:21,7,27.1,AH0,240,26.1356763,Day,F,L,A,MYSE
151.909,8443,6/3/2015,5/31/2015,20:30:24,7,24.9,AH0,248,19.5458117,Day,F,L,A,MYSE
151.909,8443,6/3/2015,5/25/2015,20:30:25,7,29.4,AH0,255,31.3444472,Day,F,L,A,MYSE
151.909,8443,6/3/2015,5/29/2015,20:30:25,7,32.1,AH0,254,35.5877213,Day,F,L,A,MYSE
151.909,8443,6/3/2015,5/30/2015,20:30:25,7,33.5,AH0,245,37.1134875,Day,F,L,A,MYSE
151.909,8443,6/3/2015,5/25/2015,20:30:27,7,29.4,AH0,255,31.3444472,Day,F,L,A,MYSE
151.909,8443,6/3/2015,5/28/2015,20:30:27,7,31.3,AH0,255,34.5200901,Day,F,L,A,MYSE
151.909,8443,6/3/2015,5/29/2015,20:30:27,7,32.1,AH0,254,35.5877213,Day,F,L,A,MYSE
151.909,8443,6/3/2015,5/30/2015,20:30:27,7,33.2,AH0,248,36.8211744,Day,F,L,A,MYSE
151.909,8443,6/3/2015,5/31/2015,20:30:27,7,24.9,AH0,248,19.5458117,Day,F,L,A,MYSE
151.909,8443,6/3/2015,5/25/2015,20:30:29,7,29.4,AH0,255,31.3444472,Day,F,L,A,MYSE
151.909,8443,6/3/2015,5/28/2015,20:30:29,7,31.2,AH0,253,34.3759424,Day,F,L,A,MYSE
151.909,8443,6/3/2015,5/29/2015,20:30:29,7,32.1,AH0,253,35.5877213,Day,F,L,A,MYSE
151.909,8443,6/3/2015,5/30/2015,20:30:29,7,33.2,AH0,246,36.8211744,Day,F,L,A,MYSE
151.909,8443,6/3/2015,5/31/2015,20:30:29,7,24.9,AH0,244,19.5458117,Day,F,L,A,MYSE
151.909,8443,6/3/2015,5/24/2015,20:30:30,7,31.4,AH0,255,34.6618152,Day,F,L,A,MYSE
151.909,8443,6/3/2015,5/30/2015,20:30:30,7,33.2,AH0,249,36.8211744,Day,F,L,A,MYSE
151.909,8443,6/3/2015,5/24/2015,20:30:31,7,31.4,AH0,255,34.6618152,Day,F,L,A,MYSE
151.909,8443,6/3/2015,5/25/2015,20:30:31,7,29.4,AH0,255,31.3444472,Day,F,L,A,MYSE
151.909,8443,6/3/2015,5/28/2015,20:30:31,7,31.3,AH0,254,34.5200901,Day,F,L,A,MYSE
151.909,8443,6/3/2015,5/29/2015,20:30:31,7,32.1,AH0,254,35.5877213,Day,F,L,A,MYSE
151.909,8443,6/3/2015,5/30/2015,20:30:32,7,33.2,AH0,248,36.8211744,Day,F,L,A,MYSE
151.909,8443,6/3/2015,5/24/2015,20:30:33,7,31.4,AH0,255,34.6618152,Day,F,L,A,MYSE
151.909,8443,6/3/2015,5/28/2015,20:30:33,7,31.2,AH0,255,34.3759424,Day,F,L,A,MYSE
151.909,8443,6/3/2015,5/24/2015,20:30:35,7,31.4,AH0,255,34.6618152,Day,F,L,A,MYSE
151.909,8443,6/3/2015,5/24/2015,20:30:37,7,31.4,AH0,255,34.6618152,Day,F,L,A,MYSE
151.909,8443,6/3/2015,5/26/2015,20:30:37,7,27,AH0,244,25.8719,Day,F,L,A,MYSE
151.909,8443,6/3/2015,5/26/2015,20:30:39,7,27,AH0,239,25.8719,Day,F,L,A,MYSE
151.909,8443,6/3/2015,5/26/2015,20:30:41,7,27,AH0,240,25.8719,Day,F,L,A,MYSE
151.909,8443,6/3/2015,5/31/2015,20:30:43,7,24.9,AH0,245,19.5458117,Day,F,L,A,MYSE
151.909,8443,6/3/2015,5/29/2015,20:30:44,7,32.1,AH0,253,35.5877213,Day,F,L,A,MYSE
151.909,8443,6/3/2015,5/25/2015,20:30:46,7,29.4,AH0,255,31.3444472,Day,F,L,A,MYSE
151.909,8443,6/3/2015,5/28/2015,20:30:46,7,31.2,AH0,253,34.3759424,Day,F,L,A,MYSE
151.909,8443,6/3/2015,5/29/2015,20:30:46,7,32.1,AH0,254,35.5877213,Day,F,L,A,MYSE
151.909,8443,6/3/2015,5/31/2015,20:30:46,7,24.9,AH0,245,19.5458117,Day,F,L,A,MYSE
151.909,8443,6/3/2015,5/30/2015,20:30:47,7,33.1,AH0,247,36.7196703,Day,F,L,A,MYSE
151.909,8443,6/3/2015,5/25/2015,20:30:48,7,29.4,AH0,255,31.3444472,Day,F,L,A,MYSE
151.909,8443,6/3/2015,5/28/2015,20:30:48,7,31.2,AH0,254,34.3759424,Day,F,L,A,MYSE
151.909,8443,6/3/2015,5/29/2015,20:30:48,7,32.1,AH0,254,35.5877213,Day,F,L,A,MYSE
151.909,8443,6/3/2015,5/31/2015,20:30:48,7,24.9,AH0,247,19.5458117,Day,F,L,A,MYSE
151.909,8443,6/3/2015,5/30/2015,20:30:49,7,33.1,AH0,248,36.7196703,Day,F,L,A,MYSE
151.909,8443,6/3/2015,5/25/2015,20:30:50,7,29.4,AH0,255,31.3444472,Day,F,L,A,MYSE
151.909,8443,6/3/2015,5/28/2015,20:30:50,7,31.2,AH0,254,34.3759424,Day,F,L,A,MYSE
151.909,8443,6/3/2015,5/29/2015,20:30:50,7,32.1,AH0,255,35.5877213,Day,F,L,A,MYSE
151.909,8443,6/3/2015,5/30/2015,20:30:50,7,33.1,AH0,246,36.7196703,Day,F,L,A,MYSE
151.909,8443,6/3/2015,5/31/2015,20:30:51,7,24.9,AH0,244,19.5458117,Day,F,L,A,MYSE
151.909,8443,6/3/2015,5/24/2015,20:30:52,7,31.4,AH0,255,34.6618152,Day,F,L,A,MYSE
151.909,8443,6/3/2015,5/25/2015,20:30:52,7,29.4,AH0,255,31.3444472,Day,F,L,A,MYSE
151.909,8443,6/3/2015,5/28/2015,20:30:52,7,31.2,AH0,254,34.3759424,Day,F,L,A,MYSE
151.909,8443,6/3/2015,5/29/2015,20:30:52,7,32.1,AH0,254,35.5877213,Day,F,L,A,MYSE
151.909,8443,6/3/2015,5/30/2015,20:30:52,7,33.1,AH0,248,36.7196703,Day,F,L,A,MYSE
151.909,8443,6/3/2015,5/24/2015,20:30:53,7,31.4,AH0,255,34.6618152,Day,F,L,A,MYSE
151.909,8443,6/3/2015,5/24/2015,20:30:55,7,31.4,AH0,255,34.6618152,Day,F,L,A,MYSE
151.909,8443,6/3/2015,5/24/2015,20:30:57,7,31.4,AH0,255,34.6618152,Day,F,L,A,MYSE
151.909,8443,6/3/2015,5/26/2015,20:30:57,7,27,AH0,237,25.8719,Day,F,L,A,MYSE
151.909,8443,6/3/2015,5/26/2015,20:30:59,7,27,AH0,238,25.8719,Day,F,L,A,MYSE
151.909,8443,6/3/2015,5/26/2015,20:31:01,7,27,AH0,240,25.8719,Day,F,L,A,MYSE
151.909,8443,6/3/2015,5/29/2015,20:31:05,7,32.1,AH0,255,35.5877213,Day,F,L,A,MYSE
151.909,8443,6/3/2015,5/31/2015,20:31:05,7,24.9,AH0,244,19.5458117,Day,F,L,A,MYSE
151.909,8443,6/3/2015,5/25/2015,20:31:06,7,29.4,AH0,255,31.3444472,Day,F,L,A,MYSE
151.909,8443,6/3/2015,5/28/2015,20:31:07,7,31.2,AH0,254,34.3759424,Day,F,L,A,MYSE
151.909,8443,6/3/2015,5/29/2015,20:31:07,7,32.1,AH0,254,35.5877213,Day,F,L,A,MYSE
151.909,8443,6/3/2015,5/30/2015,20:31:07,7,33.1,AH0,248,36.7196703,Day,F,L,A,MYSE
151.909,8443,6/3/2015,5/31/2015,20:31:07,7,24.9,AH0,246,19.5458117,Day,F,L,A,MYSE
151.909,8443,6/3/2015,5/25/2015,20:31:08,7,29.4,AH0,255,31.3444472,Day,F,L,A,MYSE
151.909,8443,6/3/2015,5/29/2015,20:31:08,7,32.1,AH0,255,35.5877213,Day,F,L,A,MYSE
151.909,8443,6/3/2015,5/30/2015,20:31:08,7,33.1,AH0,246,36.7196703,Day,F,L,A,MYSE
151.909,8443,6/3/2015,5/28/2015,20:31:09,7,31.2,AH0,254,34.3759424,Day,F,L,A,MYSE
151.909,8443,6/3/2015,5/25/2015,20:31:10,7,29.4,AH0,255,31.3444472,Day,F,L,A,MYSE
151.909,8443,6/3/2015,5/29/2015,20:31:10,7,32.1,AH0,254,35.5877213,Day,F,L,A,MYSE
151.909,8443,6/3/2015,5/30/2015,20:31:10,7,33.1,AH0,246,36.7196703,Day,F,L,A,MYSE
151.909,8443,6/3/2015,5/31/2015,20:31:10,7,24.9,AH0,244,19.5458117,Day,F,L,A,MYSE
151.909,8443,6/3/2015,5/24/2015,20:31:11,7,31.4,AH0,255,34.6618152,Day,F,L,A,MYSE
151.909,8443,6/3/2015,5/28/2015,20:31:11,7,31.2,AH0,255,34.3759424,Day,F,L,A,MYSE
151.909,8443,6/3/2015,5/25/2015,20:31:12,7,29.4,AH0,255,31.3444472,Day,F,L,A,MYSE
151.909,8443,6/3/2015,5/30/2015,20:31:12,7,33.1,AH0,249,36.7196703,Day,F,L,A,MYSE
151.909,8443,6/3/2015,5/24/2015,20:31:13,7,31.4,AH0,255,34.6618152,Day,F,L,A,MYSE
151.909,8443,6/3/2015,5/28/2015,20:31:13,7,31.2,AH0,253,34.3759424,Day,F,L,A,MYSE
151.909,8443,6/3/2015,5/24/2015,20:31:14,7,31.4,AH0,255,34.6618152,Day,F,L,A,MYSE
151.909,8443,6/3/2015,5/24/2015,20:31:16,7,31.4,AH0,255,34.6618152,Day,F,L,A,MYSE
151.909,8443,6/3/2015,5/26/2015,20:31:17,7,27,AH0,237,25.8719,Day,F,L,A,MYSE
151.909,8443,6/3/2015,5/24/2015,20:31:18,7,31.4,AH0,255,34.6618152,Day,F,L,A,MYSE
151.909,8443,6/3/2015,5/26/2015,20:31:19,7,27,AH0,235,25.8719,Day,F,L,A,MYSE
151.909,8443,6/3/2015,5/26/2015,20:31:21,7,27,AH0,230,25.8719,Day,F,L,A,MYSE
151.909,8443,6/3/2015,5/31/2015,20:31:24,7,24.9,AH0,248,19.5458117,Day,F,L,A,MYSE
151.909,8443,6/3/2015,5/29/2015,20:31:25,7,32.1,AH0,254,35.5877213,Day,F,L,A,MYSE
151.909,8443,6/3/2015,5/25/2015,20:31:26,7,29.4,AH0,255,31.3444472,Day,F,L,A,MYSE
151.909,8443,6/3/2015,5/28/2015,20:31:26,7,31.2,AH0,254,34.3759424,Day,F,L,A,MYSE
151.909,8443,6/3/2015,5/29/2015,20:31:27,7,32.1,AH0,254,35.5877213,Day,F,L,A,MYSE
151.909,8443,6/3/2015,5/30/2015,20:31:27,7,33.1,AH0,250,36.7196703,Day,F,L,A,MYSE
151.909,8443,6/3/2015,5/31/2015,20:31:27,7,24.9,AH0,245,19.5458117,Day,F,L,A,MYSE
151.909,8443,6/3/2015,5/25/2015,20:31:28,7,29.4,AH0,255,31.3444472,Day,F,L,A,MYSE
151.909,8443,6/3/2015,5/28/2015,20:31:28,7,31.2,AH0,254,34.3759424,Day,F,L,A,MYSE
151.909,8443,6/3/2015,5/30/2015,20:31:28,7,33.1,AH0,250,36.7196703,Day,F,L,A,MYSE
151.909,8443,6/3/2015,5/29/2015,20:31:29,7,32.1,AH0,254,35.5877213,Day,F,L,A,MYSE
151.909,8443,6/3/2015,5/31/2015,20:31:29,7,24.9,AH0,248,19.5458117,Day,F,L,A,MYSE
151.909,8443,6/3/2015,5/28/2015,20:31:30,7,31.2,AH0,254,34.3759424,Day,F,L,A,MYSE
151.909,8443,6/3/2015,5/30/2015,20:31:30,7,33.2,AH0,248,36.8211744,Day,F,L,A,MYSE
151.909,8443,6/3/2015,5/25/2015,20:31:31,7,29.4,AH0,255,31.3444472,Day,F,L,A,MYSE
151.909,8443,6/3/2015,5/29/2015,20:31:31,7,32.1,AH0,254,35.5877213,Day,F,L,A,MYSE
151.909,8443,6/3/2015,5/24/2015,20:31:32,7,31.4,AH0,255,34.6618152,Day,F,L,A,MYSE
151.909,8443,6/3/2015,5/28/2015,20:31:32,7,31.2,AH0,254,34.3759424,Day,F,L,A,MYSE
151.909,8443,6/3/2015,5/30/2015,20:31:32,7,33.2,AH0,248,36.8211744,Day,F,L,A,MYSE
151.909,8443,6/3/2015,5/24/2015,20:31:34,7,31.4,AH0,255,34.6618152,Day,F,L,A,MYSE
151.909,8443,6/3/2015,5/24/2015,20:31:35,7,31.4,AH0,255,34.6618152,Day,F,L,A,MYSE
151.909,8443,6/3/2015,5/24/2015,20:31:37,7,31.4,AH0,255,34.6618152,Day,F,L,A,MYSE
151.909,8443,6/3/2015,5/26/2015,20:31:37,7,27,AH0,244,25.8719,Day,F,L,A,MYSE
151.909,8443,6/3/2015,5/26/2015,20:31:39,7,27,AH0,247,25.8719,Day,F,L,A,MYSE
151.909,8443,6/3/2015,5/26/2015,20:31:41,7,27,AH0,254,25.8719,Day,F,L,A,MYSE
151.909,8443,6/3/2015,5/29/2015,20:31:44,7,32.1,AH0,255,35.5877213,Day,F,L,A,MYSE
151.909,8443,6/3/2015,5/31/2015,20:31:44,7,24.9,AH0,247,19.5458117,Day,F,L,A,MYSE
151.909,8443,6/3/2015,5/25/2015,20:31:45,7,29.4,AH0,255,31.3444472,Day,F,L,A,MYSE
151.909,8443,6/3/2015,5/28/2015,20:31:46,7,31.2,AH0,254,34.3759424,Day,F,L,A,MYSE
151.909,8443,6/3/2015,5/29/2015,20:31:46,7,32.1,AH0,253,35.5877213,Day,F,L,A,MYSE
151.909,8443,6/3/2015,5/30/2015,20:31:46,7,33.2,AH0,250,36.8211744,Day,F,L,A,MYSE
151.909,8443,6/3/2015,5/31/2015,20:31:46,7,24.9,AH0,246,19.5458117,Day,F,L,A,MYSE
151.909,8443,6/3/2015,5/25/2015,20:31:47,7,29.4,AH0,255,31.3444472,Day,F,L,A,MYSE
151.909,8443,6/3/2015,5/28/2015,20:31:48,7,31.2,AH0,254,34.3759424,Day,F,L,A,MYSE
151.909,8443,6/3/2015,5/29/2015,20:31:48,7,32.1,AH0,253,35.5877213,Day,F,L,A,MYSE
151.909,8443,6/3/2015,5/30/2015,20:31:48,7,33.2,AH0,249,36.8211744,Day,F,L,A,MYSE
151.909,8443,6/3/2015,5/31/2015,20:31:48,7,24.9,AH0,245,19.5458117,Day,F,L,A,MYSE
151.909,8443,6/3/2015,5/25/2015,20:31:49,7,29.4,AH0,255,31.3444472,Day,F,L,A,MYSE
151.909,8443,6/3/2015,5/28/2015,20:31:49,7,31.2,AH0,254,34.3759424,Day,F,L,A,MYSE
151.909,8443,6/3/2015,5/29/2015,20:31:50,7,32.1,AH0,255,35.5877213,Day,F,L,A,MYSE
151.909,8443,6/3/2015,5/30/2015,20:31:50,7,33.2,AH0,249,36.8211744,Day,F,L,A,MYSE
151.909,8443,6/3/2015,5/24/2015,20:31:51,7,31.4,AH0,255,34.6618152,Day,F,L,A,MYSE
151.909,8443,6/3/2015,5/25/2015,20:31:51,7,29.4,AH0,255,31.3444472,Day,F,L,A,MYSE
151.909,8443,6/3/2015,5/28/2015,20:31:51,7,31.2,AH0,253,34.3759424,Day,F,L,A,MYSE
151.909,8443,6/3/2015,5/29/2015,20:31:51,7,32.1,AH0,254,35.5877213,Day,F,L,A,MYSE
151.909,8443,6/3/2015,5/31/2015,20:31:51,7,24.9,AH0,246,19.5458117,Day,F,L,A,MYSE
151.909,8443,6/3/2015,5/30/2015,20:31:52,7,33.2,AH0,248,36.8211744,Day,F,L,A,MYSE
151.909,8443,6/3/2015,5/24/2015,20:31:53,7,31.4,AH0,255,34.6618152,Day,F,L,A,MYSE
151.909,8443,6/3/2015,5/24/2015,20:31:55,7,31.4,AH0,255,34.6618152,Day,F,L,A,MYSE
151.909,8443,6/3/2015,5/26/2015,20:31:55,7,27.1,AH0,254,26.1356763,Day,F,L,A,MYSE
151.909,8443,6/3/2015,5/24/2015,20:31:56,7,31.4,AH0,255,34.6618152,Day,F,L,A,MYSE
151.909,8443,6/3/2015,5/26/2015,20:31:57,7,27,AH0,253,25.8719,Day,F,L,A,MYSE
151.909,8443,6/3/2015,5/24/2015,20:31:58,7,31.4,AH0,255,34.6618152,Day,F,L,A,MYSE
151.909,8443,6/3/2015,5/26/2015,20:31:59,7,27,AH0,252,25.8719,Day,F,L,A,MYSE
151.909,8443,6/3/2015,5/26/2015,20:32:01,7,27,AH0,253,25.8719,Day,F,L,A,MYSE
151.909,8443,6/3/2015,5/29/2015,20:32:04,7,32.1,AH0,254,35.5877213,Day,F,L,A,MYSE
151.909,8443,6/3/2015,5/25/2015,20:32:05,7,29.4,AH0,255,31.3444472,Day,F,L,A,MYSE
151.909,8443,6/3/2015,5/31/2015,20:32:05,7,24.9,AH0,245,19.5458117,Day,F,L,A,MYSE
151.909,8443,6/3/2015,5/29/2015,20:32:06,7,32.1,AH0,254,35.5877213,Day,F,L,A,MYSE
151.909,8443,6/3/2015,5/30/2015,20:32:06,7,33.2,AH0,249,36.8211744,Day,F,L,A,MYSE
151.909,8443,6/3/2015,5/25/2015,20:32:07,7,29.4,AH0,255,31.3444472,Day,F,L,A,MYSE
151.909,8443,6/3/2015,5/28/2015,20:32:07,7,31.2,AH0,254,34.3759424,Day,F,L,A,MYSE
151.909,8443,6/3/2015,5/29/2015,20:32:08,7,32.1,AH0,254,35.5877213,Day,F,L,A,MYSE
151.909,8443,6/3/2015,5/30/2015,20:32:08,7,33.2,AH0,249,36.8211744,Day,F,L,A,MYSE
151.909,8443,6/3/2015,5/31/2015,20:32:08,7,24.9,AH0,246,19.5458117,Day,F,L,A,MYSE
151.909,8443,6/3/2015,5/25/2015,20:32:09,7,29.4,AH0,255,31.3444472,Day,F,L,A,MYSE
151.909,8443,6/3/2015,5/28/2015,20:32:09,7,31.2,AH0,253,34.3759424,Day,F,L,A,MYSE
151.909,8443,6/3/2015,5/29/2015,20:32:10,7,32.1,AH0,254,35.5877213,Day,F,L,A,MYSE
151.909,8443,6/3/2015,5/30/2015,20:32:10,7,33.2,AH0,247,36.8211744,Day,F,L,A,MYSE
151.909,8443,6/3/2015,5/31/2015,20:32:10,7,24.9,AH0,245,19.5458117,Day,F,L,A,MYSE
151.909,8443,6/3/2015,5/25/2015,20:32:11,7,29.4,AH0,255,31.3444472,Day,F,L,A,MYSE
151.909,8443,6/3/2015,5/28/2015,20:32:11,7,31.2,AH0,254,34.3759424,Day,F,L,A,MYSE
151.909,8443,6/3/2015,5/24/2015,20:32:12,7,31.4,AH0,255,34.6618152,Day,F,L,A,MYSE
151.909,8443,6/3/2015,5/30/2015,20:32:12,7,33.2,AH0,247,36.8211744,Day,F,L,A,MYSE
151.909,8443,6/3/2015,5/28/2015,20:32:13,7,31.2,AH0,254,34.3759424,Day,F,L,A,MYSE
151.909,8443,6/3/2015,5/24/2015,20:32:14,7,31.4,AH0,255,34.6618152,Day,F,L,A,MYSE
151.909,8443,6/3/2015,5/26/2015,20:32:15,7,27,AH0,252,25.8719,Day,F,L,A,MYSE
151.909,8443,6/3/2015,5/24/2015,20:32:16,7,31.4,AH0,255,34.6618152,Day,F,L,A,MYSE
151.909,8443,6/3/2015,5/24/2015,20:32:17,7,31.4,AH0,255,34.6618152,Day,F,L,A,MYSE
151.909,8443,6/3/2015,5/26/2015,20:32:17,7,27,AH0,253,25.8719,Day,F,L,A,MYSE
151.909,8443,6/3/2015,5/26/2015,20:32:19,7,27,AH0,253,25.8719,Day,F,L,A,MYSE
151.909,8443,6/3/2015,5/26/2015,20:32:21,7,27,AH0,254,25.8719,Day,F,L,A,MYSE
151.909,8443,6/3/2015,5/29/2015,20:32:25,7,32.1,AH0,254,35.5877213,Day,F,L,A,MYSE
151.909,8443,6/3/2015,5/31/2015,20:32:25,7,24.9,AH0,246,19.5458117,Day,F,L,A,MYSE
151.909,8443,6/3/2015,5/25/2015,20:32:26,7,29.4,AH0,255,31.3444472,Day,F,L,A,MYSE
151.909,8443,6/3/2015,5/28/2015,20:32:26,7,31.2,AH0,254,34.3759424,Day,F,L,A,MYSE
151.909,8443,6/3/2015,5/30/2015,20:32:26,7,33.2,AH0,248,36.8211744,Day,F,L,A,MYSE
151.909,8443,6/3/2015,5/29/2015,20:32:27,7,32.1,AH0,254,35.5877213,Day,F,L,A,MYSE
151.909,8443,6/3/2015,5/31/2015,20:32:27,7,24.9,AH0,244,19.5458117,Day,F,L,A,MYSE
151.909,8443,6/3/2015,5/25/2015,20:32:28,7,29.4,AH0,255,31.3444472,Day,F,L,A,MYSE
151.909,8443,6/3/2015,5/28/2015,20:32:28,7,31.2,AH0,254,34.3759424,Day,F,L,A,MYSE
151.909,8443,6/3/2015,5/30/2015,20:32:28,7,33.2,AH0,248,36.8211744,Day,F,L,A,MYSE
151.909,8443,6/3/2015,5/29/2015,20:32:29,7,32.1,AH0,253,35.5877213,Day,F,L,A,MYSE
151.909,8443,6/3/2015,5/31/2015,20:32:29,7,24.9,AH0,245,19.5458117,Day,F,L,A,MYSE
151.909,8443,6/3/2015,5/25/2015,20:32:30,7,29.4,AH0,255,31.3444472,Day,F,L,A,MYSE
151.909,8443,6/3/2015,5/28/2015,20:32:30,7,31.2,AH0,254,34.3759424,Day,F,L,A,MYSE
151.909,8443,6/3/2015,5/30/2015,20:32:30,7,33.2,AH0,249,36.8211744,Day,F,L,A,MYSE
151.909,8443,6/3/2015,5/24/2015,20:32:31,7,31.4,AH0,255,34.6618152,Day,F,L,A,MYSE
151.909,8443,6/3/2015,5/29/2015,20:32:31,7,32.1,AH0,254,35.5877213,Day,F,L,A,MYSE
151.909,8443,6/3/2015,5/25/2015,20:32:32,7,29.4,AH0,255,31.3444472,Day,F,L,A,MYSE
151.909,8443,6/3/2015,5/28/2015,20:32:32,7,31.2,AH0,253,34.3759424,Day,F,L,A,MYSE
151.909,8443,6/3/2015,5/30/2015,20:32:32,7,33.2,AH0,248,36.8211744,Day,F,L,A,MYSE
151.909,8443,6/3/2015,5/24/2015,20:32:33,7,31.4,AH0,255,34.6618152,Day,F,L,A,MYSE
151.909,8443,6/3/2015,5/24/2015,20:32:35,7,31.4,AH0,255,34.6618152,Day,F,L,A,MYSE
151.909,8443,6/3/2015,5/26/2015,20:32:35,7,27,AH0,254,25.8719,Day,F,L,A,MYSE
151.909,8443,6/3/2015,5/24/2015,20:32:37,7,31.4,AH0,255,34.6618152,Day,F,L,A,MYSE
151.909,8443,6/3/2015,5/26/2015,20:32:37,7,27,AH0,254,25.8719,Day,F,L,A,MYSE
151.909,8443,6/3/2015,5/26/2015,20:32:39,7,27,AH0,253,25.8719,Day,F,L,A,MYSE
151.909,8443,6/3/2015,5/26/2015,20:32:41,7,27,AH0,254,25.8719,Day,F,L,A,MYSE
151.909,8443,6/3/2015,5/29/2015,20:32:44,7,32.1,AH0,254,35.5877213,Day,F,L,A,MYSE
151.909,8443,6/3/2015,5/31/2015,20:32:44,7,24.9,AH0,245,19.5458117,Day,F,L,A,MYSE
151.909,8443,6/3/2015,5/28/2015,20:32:45,7,31.2,AH0,254,34.3759424,Day,F,L,A,MYSE
151.909,8443,6/3/2015,5/25/2015,20:32:46,7,29.4,AH0,255,31.3444472,Day,F,L,A,MYSE
151.909,8443,6/3/2015,5/29/2015,20:32:46,7,32.1,AH0,254,35.5877213,Day,F,L,A,MYSE
151.909,8443,6/3/2015,5/30/2015,20:32:46,7,33.2,AH0,248,36.8211744,Day,F,L,A,MYSE
151.909,8443,6/3/2015,5/31/2015,20:32:46,7,24.9,AH0,246,19.5458117,Day,F,L,A,MYSE
151.909,8443,6/3/2015,5/28/2015,20:32:47,7,31.2,AH0,254,34.3759424,Day,F,L,A,MYSE
151.909,8443,6/3/2015,5/25/2015,20:32:48,7,29.4,AH0,255,31.3444472,Day,F,L,A,MYSE
151.909,8443,6/3/2015,5/29/2015,20:32:48,7,32.1,AH0,254,35.5877213,Day,F,L,A,MYSE
151.909,8443,6/3/2015,5/30/2015,20:32:48,7,33.2,AH0,249,36.8211744,Day,F,L,A,MYSE
151.909,8443,6/3/2015,5/28/2015,20:32:49,7,31.2,AH0,254,34.3759424,Day,F,L,A,MYSE
151.909,8443,6/3/2015,5/29/2015,20:32:49,7,32.1,AH0,253,35.5877213,Day,F,L,A,MYSE
151.909,8443,6/3/2015,5/31/2015,20:32:49,7,24.9,AH0,247,19.5458117,Day,F,L,A,MYSE
151.909,8443,6/3/2015,5/25/2015,20:32:50,7,29.4,AH0,255,31.3444472,Day,F,L,A,MYSE
151.909,8443,6/3/2015,5/30/2015,20:32:50,7,33.3,AH0,247,36.9206321,Day,F,L,A,MYSE
151.909,8443,6/3/2015,5/28/2015,20:32:51,7,31.2,AH0,255,34.3759424,Day,F,L,A,MYSE
151.909,8443,6/3/2015,5/29/2015,20:32:51,7,32.1,AH0,254,35.5877213,Day,F,L,A,MYSE
151.909,8443,6/3/2015,5/24/2015,20:32:52,7,31.5,AH0,255,34.8011375,Day,F,L,A,MYSE
151.909,8443,6/3/2015,5/25/2015,20:32:52,7,29.4,AH0,255,31.3444472,Day,F,L,A,MYSE
151.909,8443,6/3/2015,5/30/2015,20:32:52,7,33.2,AH0,249,36.8211744,Day,F,L,A,MYSE
151.909,8443,6/3/2015,5/28/2015,20:32:53,7,31.2,AH0,253,34.3759424,Day,F,L,A,MYSE
151.909,8443,6/3/2015,5/24/2015,20:32:54,7,31.5,AH0,255,34.8011375,Day,F,L,A,MYSE
151.909,8443,6/3/2015,5/26/2015,20:32:55,7,27,AH0,254,25.8719,Day,F,L,A,MYSE
151.909,8443,6/3/2015,5/24/2015,20:32:56,7,31.5,AH0,255,34.8011375,Day,F,L,A,MYSE
151.909,8443,6/3/2015,5/26/2015,20:32:57,7,27,AH0,254,25.8719,Day,F,L,A,MYSE
151.909,8443,6/3/2015,5/24/2015,20:32:58,7,31.5,AH0,255,34.8011375,Day,F,L,A,MYSE
151.909,8443,6/3/2015,5/26/2015,20:32:59,7,27,AH0,253,25.8719,Day,F,L,A,MYSE
151.909,8443,6/3/2015,5/26/2015,20:33:01,7,27,AH0,254,25.8719,Day,F,L,A,MYSE
151.909,8443,6/3/2015,5/29/2015,20:33:04,7,32.1,AH0,254,35.5877213,Day,F,L,A,MYSE
151.909,8443,6/3/2015,5/25/2015,20:33:06,7,29.4,AH0,255,31.3444472,Day,F,L,A,MYSE
151.909,8443,6/3/2015,5/28/2015,20:33:06,7,31.2,AH0,254,34.3759424,Day,F,L,A,MYSE
151.909,8443,6/3/2015,5/29/2015,20:33:06,7,32.1,AH0,253,35.5877213,Day,F,L,A,MYSE
151.909,8443,6/3/2015,5/30/2015,20:33:06,7,33.2,AH0,248,36.8211744,Day,F,L,A,MYSE
151.909,8443,6/3/2015,5/31/2015,20:33:06,7,24.9,AH0,246,19.5458117,Day,F,L,A,MYSE
151.909,8443,6/3/2015,5/28/2015,20:33:08,7,31.2,AH0,254,34.3759424,Day,F,L,A,MYSE
151.909,8443,6/3/2015,5/29/2015,20:33:08,7,32.1,AH0,253,35.5877213,Day,F,L,A,MYSE
151.909,8443,6/3/2015,5/30/2015,20:33:08,7,33.2,AH0,251,36.8211744,Day,F,L,A,MYSE
151.909,8443,6/3/2015,5/31/2015,20:33:08,7,24.9,AH0,245,19.5458117,Day,F,L,A,MYSE
151.909,8443,6/3/2015,5/25/2015,20:33:09,7,29.4,AH0,255,31.3444472,Day,F,L,A,MYSE
151.909,8443,6/3/2015,5/28/2015,20:33:10,7,31.2,AH0,253,34.3759424,Day,F,L,A,MYSE
151.909,8443,6/3/2015,5/29/2015,20:33:10,7,32.1,AH0,253,35.5877213,Day,F,L,A,MYSE
151.909,8443,6/3/2015,5/30/2015,20:33:10,7,33.2,AH0,250,36.8211744,Day,F,L,A,MYSE
151.909,8443,6/3/2015,5/31/2015,20:33:10,7,24.9,AH0,246,19.5458117,Day,F,L,A,MYSE
151.909,8443,6/3/2015,5/24/2015,20:33:11,7,31.5,AH0,255,34.8011375,Day,F,L,A,MYSE
151.909,8443,6/3/2015,5/25/2015,20:33:11,7,29.4,AH0,255,31.3444472,Day,F,L,A,MYSE
151.909,8443,6/3/2015,5/30/2015,20:33:11,7,33.2,AH0,249,36.8211744,Day,F,L,A,MYSE
151.909,8443,6/3/2015,5/28/2015,20:33:12,7,31.2,AH0,254,34.3759424,Day,F,L,A,MYSE
151.909,8443,6/3/2015,5/24/2015,20:33:13,7,31.5,AH0,255,34.8011375,Day,F,L,A,MYSE
151.909,8443,6/3/2015,5/24/2015,20:33:15,7,31.5,AH0,255,34.8011375,Day,F,L,A,MYSE
151.909,8443,6/3/2015,5/26/2015,20:33:16,7,27,AH0,253,25.8719,Day,F,L,A,MYSE
151.909,8443,6/3/2015,5/24/2015,20:33:17,7,31.5,AH0,255,34.8011375,Day,F,L,A,MYSE
151.909,8443,6/3/2015,5/26/2015,20:33:18,7,27,AH0,254,25.8719,Day,F,L,A,MYSE
151.909,8443,6/3/2015,5/26/2015,20:33:20,7,27,AH0,254,25.8719,Day,F,L,A,MYSE
151.909,8443,6/3/2015,5/26/2015,20:33:22,7,27,AH0,253,25.8719,Day,F,L,A,MYSE
151.909,8443,6/3/2015,5/25/2015,20:33:25,7,29.4,AH0,255,31.3444472,Day,F,L,A,MYSE
151.909,8443,6/3/2015,5/29/2015,20:33:25,7,32.1,AH0,254,35.5877213,Day,F,L,A,MYSE
151.909,8443,6/3/2015,5/31/2015,20:33:25,7,24.9,AH0,244,19.5458117,Day,F,L,A,MYSE
151.909,8443,6/3/2015,5/28/2015,20:33:26,7,31.2,AH0,254,34.3759424,Day,F,L,A,MYSE
151.909,8443,6/3/2015,5/30/2015,20:33:26,7,33.2,AH0,250,36.8211744,Day,F,L,A,MYSE
151.909,8443,6/3/2015,5/25/2015,20:33:27,7,29.4,AH0,255,31.3444472,Day,F,L,A,MYSE
151.909,8443,6/3/2015,5/29/2015,20:33:27,7,32.1,AH0,255,35.5877213,Day,F,L,A,MYSE
151.909,8443,6/3/2015,5/31/2015,20:33:27,7,24.9,AH0,247,19.5458117,Day,F,L,A,MYSE
151.909,8443,6/3/2015,5/28/2015,20:33:28,7,31.2,AH0,254,34.3759424,Day,F,L,A,MYSE
151.909,8443,6/3/2015,5/30/2015,20:33:28,7,33.3,AH0,251,36.9206321,Day,F,L,A,MYSE
151.909,8443,6/3/2015,5/25/2015,20:33:29,7,29.4,AH0,255,31.3444472,Day,F,L,A,MYSE
151.909,8443,6/3/2015,5/29/2015,20:33:29,7,32.1,AH0,255,35.5877213,Day,F,L,A,MYSE
151.909,8443,6/3/2015,5/30/2015,20:33:29,7,33.3,AH0,247,36.9206321,Day,F,L,A,MYSE
151.909,8443,6/3/2015,5/28/2015,20:33:30,7,31.2,AH0,254,34.3759424,Day,F,L,A,MYSE
151.909,8443,6/3/2015,5/31/2015,20:33:30,7,24.9,AH0,246,19.5458117,Day,F,L,A,MYSE
151.909,8443,6/3/2015,5/25/2015,20:33:31,7,29.4,AH0,255,31.3444472,Day,F,L,A,MYSE
151.909,8443,6/3/2015,5/28/2015,20:33:31,7,31.1,AH0,254,34.2293523,Day,F,L,A,MYSE
151.909,8443,6/3/2015,5/29/2015,20:33:31,7,32.1,AH0,254,35.5877213,Day,F,L,A,MYSE
151.909,8443,6/3/2015,5/30/2015,20:33:31,7,33.2,AH0,246,36.8211744,Day,F,L,A,MYSE
151.909,8443,6/3/2015,5/24/2015,20:33:32,7,31.5,AH0,255,34.8011375,Day,F,L,A,MYSE
151.909,8443,6/3/2015,5/30/2015,20:33:33,7,33.3,AH0,251,36.9206321,Day,F,L,A,MYSE
151.909,8443,6/3/2015,5/24/2015,20:33:34,7,31.5,AH0,255,34.8011375,Day,F,L,A,MYSE
151.909,8443,6/3/2015,5/24/2015,20:33:36,7,31.5,AH0,255,34.8011375,Day,F,L,A,MYSE
151.909,8443,6/3/2015,5/26/2015,20:33:36,7,27,AH0,254,25.8719,Day,F,L,A,MYSE
151.909,8443,6/3/2015,5/24/2015,20:33:38,7,31.5,AH0,255,34.8011375,Day,F,L,A,MYSE
151.909,8443,6/3/2015,5/26/2015,20:33:38,7,27,AH0,253,25.8719,Day,F,L,A,MYSE
151.909,8443,6/3/2015,5/26/2015,20:33:40,7,27,AH0,254,25.8719,Day,F,L,A,MYSE
151.909,8443,6/3/2015,5/26/2015,20:33:42,7,27,AH0,253,25.8719,Day,F,L,A,MYSE
151.909,8443,6/3/2015,5/29/2015,20:33:44,7,32.1,AH0,254,35.5877213,Day,F,L,A,MYSE
151.909,8443,6/3/2015,5/31/2015,20:33:44,7,24.9,AH0,246,19.5458117,Day,F,L,A,MYSE
151.909,8443,6/3/2015,5/25/2015,20:33:45,7,29.4,AH0,255,31.3444472,Day,F,L,A,MYSE
151.909,8443,6/3/2015,5/29/2015,20:33:45,7,32.1,AH0,254,35.5877213,Day,F,L,A,MYSE
151.909,8443,6/3/2015,5/30/2015,20:33:46,7,33.2,AH0,249,36.8211744,Day,F,L,A,MYSE
151.909,8443,6/3/2015,5/31/2015,20:33:46,7,24.9,AH0,248,19.5458117,Day,F,L,A,MYSE
151.909,8443,6/3/2015,5/25/2015,20:33:47,7,29.4,AH0,255,31.3444472,Day,F,L,A,MYSE
151.909,8443,6/3/2015,5/28/2015,20:33:47,7,31.1,AH0,254,34.2293523,Day,F,L,A,MYSE
151.909,8443,6/3/2015,5/29/2015,20:33:47,7,32.1,AH0,254,35.5877213,Day,F,L,A,MYSE
151.909,8443,6/3/2015,5/30/2015,20:33:47,7,33.2,AH0,250,36.8211744,Day,F,L,A,MYSE
151.909,8443,6/3/2015,5/25/2015,20:33:49,7,29.4,AH0,255,31.3444472,Day,F,L,A,MYSE
151.909,8443,6/3/2015,5/28/2015,20:33:49,7,31.1,AH0,253,34.2293523,Day,F,L,A,MYSE
151.909,8443,6/3/2015,5/29/2015,20:33:49,7,32.1,AH0,253,35.5877213,Day,F,L,A,MYSE
151.909,8443,6/3/2015,5/30/2015,20:33:49,7,33.2,AH0,250,36.8211744,Day,F,L,A,MYSE
151.909,8443,6/3/2015,5/31/2015,20:33:49,7,24.9,AH0,245,19.5458117,Day,F,L,A,MYSE
151.909,8443,6/3/2015,5/24/2015,20:33:51,7,31.5,AH0,255,34.8011375,Day,F,L,A,MYSE
151.909,8443,6/3/2015,5/25/2015,20:33:51,7,29.4,AH0,255,31.3444472,Day,F,L,A,MYSE
151.909,8443,6/3/2015,5/28/2015,20:33:51,7,31.1,AH0,253,34.2293523,Day,F,L,A,MYSE
151.909,8443,6/3/2015,5/29/2015,20:33:51,7,32.1,AH0,254,35.5877213,Day,F,L,A,MYSE
151.909,8443,6/3/2015,5/30/2015,20:33:51,7,33.2,AH0,248,36.8211744,Day,F,L,A,MYSE
151.909,8443,6/3/2015,5/24/2015,20:33:53,7,31.5,AH0,255,34.8011375,Day,F,L,A,MYSE
151.909,8443,6/3/2015,5/28/2015,20:33:53,7,31.1,AH0,254,34.2293523,Day,F,L,A,MYSE
151.909,8443,6/3/2015,5/30/2015,20:33:53,7,33.2,AH0,249,36.8211744,Day,F,L,A,MYSE
151.909,8443,6/3/2015,5/24/2015,20:33:55,7,31.5,AH0,255,34.8011375,Day,F,L,A,MYSE
151.909,8443,6/3/2015,5/26/2015,20:33:56,7,27.1,AH0,255,26.1356763,Day,F,L,A,MYSE
151.909,8443,6/3/2015,5/24/2015,20:33:57,7,31.5,AH0,255,34.8011375,Day,F,L,A,MYSE
151.909,8443,6/3/2015,5/26/2015,20:33:58,7,27.1,AH0,254,26.1356763,Day,F,L,A,MYSE
151.909,8443,6/3/2015,5/26/2015,20:34:00,7,27.1,AH0,254,26.1356763,Day,F,L,A,MYSE
151.909,8443,6/3/2015,5/26/2015,20:34:02,7,27.1,AH0,254,26.1356763,Day,F,L,A,MYSE
151.909,8443,6/3/2015,5/31/2015,20:34:03,7,24.9,AH0,247,19.5458117,Day,F,L,A,MYSE
151.909,8443,6/3/2015,5/29/2015,20:34:04,7,32.1,AH0,254,35.5877213,Day,F,L,A,MYSE
151.909,8443,6/3/2015,5/25/2015,20:34:06,7,29.4,AH0,255,31.3444472,Day,F,L,A,MYSE
151.909,8443,6/3/2015,5/28/2015,20:34:06,7,31.1,AH0,253,34.2293523,Day,F,L,A,MYSE
151.909,8443,6/3/2015,5/29/2015,20:34:06,7,32.1,AH0,253,35.5877213,Day,F,L,A,MYSE
151.909,8443,6/3/2015,5/30/2015,20:34:06,7,33.2,AH0,250,36.8211744,Day,F,L,A,MYSE
151.909,8443,6/3/2015,5/31/2015,20:34:06,7,24.9,AH0,248,19.5458117,Day,F,L,A,MYSE
151.909,8443,6/3/2015,5/30/2015,20:34:07,7,33.2,AH0,249,36.8211744,Day,F,L,A,MYSE
151.909,8443,6/3/2015,5/25/2015,20:34:08,7,29.4,AH0,255,31.3444472,Day,F,L,A,MYSE
151.909,8443,6/3/2015,5/28/2015,20:34:08,7,31.1,AH0,254,34.2293523,Day,F,L,A,MYSE
151.909,8443,6/3/2015,5/29/2015,20:34:08,7,32.1,AH0,254,35.5877213,Day,F,L,A,MYSE
151.909,8443,6/3/2015,5/31/2015,20:34:08,7,24.9,AH0,247,19.5458117,Day,F,L,A,MYSE
151.909,8443,6/3/2015,5/30/2015,20:34:09,7,33.2,AH0,248,36.8211744,Day,F,L,A,MYSE
151.909,8443,6/3/2015,5/25/2015,20:34:10,7,29.4,AH0,255,31.3444472,Day,F,L,A,MYSE
151.909,8443,6/3/2015,5/28/2015,20:34:10,7,31.1,AH0,254,34.2293523,Day,F,L,A,MYSE
151.909,8443,6/3/2015,5/29/2015,20:34:10,7,32.1,AH0,254,35.5877213,Day,F,L,A,MYSE
151.909,8443,6/3/2015,5/30/2015,20:34:11,7,33.2,AH0,248,36.8211744,Day,F,L,A,MYSE
151.909,8443,6/3/2015,5/31/2015,20:34:11,7,24.9,AH0,247,19.5458117,Day,F,L,A,MYSE
151.909,8443,6/3/2015,5/24/2015,20:34:12,7,31.1,AH0,255,34.2293523,Day,F,L,A,MYSE
151.909,8443,6/3/2015,5/25/2015,20:34:12,7,29.4,AH0,255,31.3444472,Day,F,L,A,MYSE
151.909,8443,6/3/2015,5/28/2015,20:34:12,7,31.1,AH0,253,34.2293523,Day,F,L,A,MYSE
151.909,8443,6/3/2015,5/30/2015,20:34:13,7,33.2,AH0,247,36.8211744,Day,F,L,A,MYSE
151.909,8443,6/3/2015,5/24/2015,20:34:14,7,31,AH0,255,34.0803,Day,F,L,A,MYSE
151.909,8443,6/3/2015,5/24/2015,20:34:16,7,30.9,AH0,255,33.9287657,Day,F,L,A,MYSE
151.909,8443,6/3/2015,5/24/2015,20:34:18,7,30.7,AH0,255,33.6181719,Day,F,L,A,MYSE
151.909,8443,6/3/2015,5/26/2015,20:34:18,7,27.1,AH0,254,26.1356763,Day,F,L,A,MYSE
151.909,8443,6/3/2015,5/26/2015,20:34:20,7,27.1,AH0,254,26.1356763,Day,F,L,A,MYSE
151.909,8443,6/3/2015,5/26/2015,20:34:22,7,27.1,AH0,254,26.1356763,Day,F,L,A,MYSE
151.909,8443,6/3/2015,5/29/2015,20:34:25,7,32.1,AH0,255,35.5877213,Day,F,L,A,MYSE
151.909,8443,6/3/2015,5/30/2015,20:34:25,7,33.2,AH0,249,36.8211744,Day,F,L,A,MYSE
151.909,8443,6/3/2015,5/31/2015,20:34:25,7,24.9,AH0,244,19.5458117,Day,F,L,A,MYSE
151.909,8443,6/3/2015,5/25/2015,20:34:26,7,29.4,AH0,255,31.3444472,Day,F,L,A,MYSE
151.909,8443,6/3/2015,5/28/2015,20:34:26,7,31,AH0,254,34.0803,Day,F,L,A,MYSE
151.909,8443,6/3/2015,5/28/2015,20:34:27,7,31,AH0,255,34.0803,Day,F,L,A,MYSE
151.909,8443,6/3/2015,5/29/2015,20:34:27,7,32.1,AH0,254,35.5877213,Day,F,L,A,MYSE
151.909,8443,6/3/2015,5/30/2015,20:34:27,7,33.2,AH0,250,36.8211744,Day,F,L,A,MYSE
151.909,8443,6/3/2015,5/31/2015,20:34:27,7,24.9,AH0,246,19.5458117,Day,F,L,A,MYSE
151.909,8443,6/3/2015,5/25/2015,20:34:28,7,29.4,AH0,255,31.3444472,Day,F,L,A,MYSE
151.909,8443,6/3/2015,5/28/2015,20:34:29,7,31,AH0,251,34.0803,Day,F,L,A,MYSE
151.909,8443,6/3/2015,5/29/2015,20:34:29,7,32.1,AH0,254,35.5877213,Day,F,L,A,MYSE
151.909,8443,6/3/2015,5/30/2015,20:34:29,7,33.2,AH0,248,36.8211744,Day,F,L,A,MYSE
151.909,8443,6/3/2015,5/25/2015,20:34:30,7,29.4,AH0,255,31.3444472,Day,F,L,A,MYSE
151.909,8443,6/3/2015,5/29/2015,20:34:30,7,32.1,AH0,254,35.5877213,Day,F,L,A,MYSE
151.909,8443,6/3/2015,5/31/2015,20:34:30,7,24.9,AH0,248,19.5458117,Day,F,L,A,MYSE
151.909,8443,6/3/2015,5/28/2015,20:34:31,7,31,AH0,254,34.0803,Day,F,L,A,MYSE
151.909,8443,6/3/2015,5/30/2015,20:34:31,7,33.2,AH0,251,36.8211744,Day,F,L,A,MYSE
151.909,8443,6/3/2015,5/24/2015,20:34:32,7,30.2,AH0,255,32.7968664,Day,F,L,A,MYSE
151.909,8443,6/3/2015,5/25/2015,20:34:32,7,29.4,AH0,255,31.3444472,Day,F,L,A,MYSE
151.909,8443,6/3/2015,5/30/2015,20:34:33,7,33.2,AH0,252,36.8211744,Day,F,L,A,MYSE
151.909,8443,6/3/2015,5/24/2015,20:34:34,7,30.1,AH0,255,32.6247633,Day,F,L,A,MYSE
151.909,8443,6/3/2015,5/24/2015,20:34:36,7,30,AH0,255,32.45,Day,F,L,A,MYSE
151.909,8443,6/3/2015,5/24/2015,20:34:38,7,30,AH0,255,32.45,Day,F,L,A,MYSE
151.909,8443,6/3/2015,5/26/2015,20:34:38,7,27.1,AH0,253,26.1356763,Day,F,L,A,MYSE
151.909,8443,6/3/2015,5/26/2015,20:34:40,7,27.1,AH0,254,26.1356763,Day,F,L,A,MYSE
151.909,8443,6/3/2015,5/26/2015,20:34:42,7,27.1,AH0,254,26.1356763,Day,F,L,A,MYSE
151.909,8443,6/3/2015,5/31/2015,20:34:44,7,24.9,AH0,247,19.5458117,Day,F,L,A,MYSE
151.909,8443,6/3/2015,5/25/2015,20:34:45,7,29.4,AH0,255,31.3444472,Day,F,L,A,MYSE
151.909,8443,6/3/2015,5/29/2015,20:34:45,7,32,AH0,254,35.4624,Day,F,L,A,MYSE
151.909,8443,6/3/2015,5/30/2015,20:34:45,7,33.2,AH0,248,36.8211744,Day,F,L,A,MYSE
151.909,8443,6/3/2015,5/25/2015,20:34:47,7,29.3,AH0,255,31.1505081,Day,F,L,A,MYSE
151.909,8443,6/3/2015,5/28/2015,20:34:47,7,30.9,AH0,253,33.9287657,Day,F,L,A,MYSE
151.909,8443,6/3/2015,5/29/2015,20:34:47,7,32,AH0,253,35.4624,Day,F,L,A,MYSE
151.909,8443,6/3/2015,5/30/2015,20:34:47,7,33.2,AH0,251,36.8211744,Day,F,L,A,MYSE
151.909,8443,6/3/2015,5/31/2015,20:34:47,7,24.9,AH0,246,19.5458117,Day,F,L,A,MYSE
151.909,8443,6/3/2015,5/25/2015,20:34:49,7,29.3,AH0,255,31.1505081,Day,F,L,A,MYSE
151.909,8443,6/3/2015,5/28/2015,20:34:49,7,30.9,AH0,253,33.9287657,Day,F,L,A,MYSE
151.909,8443,6/3/2015,5/29/2015,20:34:49,7,32,AH0,254,35.4624,Day,F,L,A,MYSE
151.909,8443,6/3/2015,5/30/2015,20:34:49,7,33.2,AH0,251,36.8211744,Day,F,L,A,MYSE
151.909,8443,6/3/2015,5/31/2015,20:34:49,7,24.9,AH0,245,19.5458117,Day,F,L,A,MYSE
151.909,8443,6/3/2015,5/25/2015,20:34:51,7,29.4,AH0,255,31.3444472,Day,F,L,A,MYSE
151.909,8443,6/3/2015,5/28/2015,20:34:51,7,30.9,AH0,254,33.9287657,Day,F,L,A,MYSE
151.909,8443,6/3/2015,5/29/2015,20:34:51,7,32,AH0,254,35.4624,Day,F,L,A,MYSE
151.909,8443,6/3/2015,5/30/2015,20:34:51,7,33.2,AH0,252,36.8211744,Day,F,L,A,MYSE
151.909,8443,6/3/2015,5/24/2015,20:34:52,7,29.7,AH0,255,31.9095509,Day,F,L,A,MYSE
151.909,8443,6/3/2015,5/28/2015,20:34:53,7,30.9,AH0,253,33.9287657,Day,F,L,A,MYSE
151.909,8443,6/3/2015,5/30/2015,20:34:53,7,33.2,AH0,251,36.8211744,Day,F,L,A,MYSE
151.909,8443,6/3/2015,5/24/2015,20:34:54,7,29.6,AH0,255,31.7239488,Day,F,L,A,MYSE
151.909,8443,6/3/2015,5/24/2015,20:34:56,7,29.6,AH0,255,31.7239488,Day,F,L,A,MYSE
151.909,8443,6/3/2015,5/24/2015,20:34:58,7,29.6,AH0,255,31.7239488,Day,F,L,A,MYSE
151.909,8443,6/3/2015,5/26/2015,20:34:58,7,27.1,AH0,254,26.1356763,Day,F,L,A,MYSE
151.909,8443,6/3/2015,5/26/2015,20:35:00,7,27.1,AH0,254,26.1356763,Day,F,L,A,MYSE
151.909,8443,6/3/2015,5/26/2015,20:35:02,7,27.2,AH0,253,26.3961984,Day,F,L,A,MYSE
151.909,8443,6/3/2015,5/31/2015,20:35:03,7,24.9,AH0,247,19.5458117,Day,F,L,A,MYSE
151.909,8443,6/3/2015,5/29/2015,20:35:04,7,32,AH0,254,35.4624,Day,F,L,A,MYSE
151.909,8443,6/3/2015,5/25/2015,20:35:05,7,29.3,AH0,255,31.1505081,Day,F,L,A,MYSE
151.909,8443,6/3/2015,5/30/2015,20:35:05,7,33.2,AH0,250,36.8211744,Day,F,L,A,MYSE
151.909,8443,6/3/2015,5/28/2015,20:35:06,7,30.9,AH0,252,33.9287657,Day,F,L,A,MYSE
151.909,8443,6/3/2015,5/29/2015,20:35:06,7,32,AH0,254,35.4624,Day,F,L,A,MYSE
151.909,8443,6/3/2015,5/31/2015,20:35:06,7,24.9,AH0,247,19.5458117,Day,F,L,A,MYSE
151.909,8443,6/3/2015,5/25/2015,20:35:07,7,29.3,AH0,255,31.1505081,Day,F,L,A,MYSE
151.909,8443,6/3/2015,5/30/2015,20:35:07,7,33.2,AH0,248,36.8211744,Day,F,L,A,MYSE
151.909,8443,6/3/2015,5/28/2015,20:35:08,7,30.9,AH0,253,33.9287657,Day,F,L,A,MYSE
151.909,8443,6/3/2015,5/29/2015,20:35:08,7,32,AH0,255,35.4624,Day,F,L,A,MYSE
151.909,8443,6/3/2015,5/31/2015,20:35:08,7,24.9,AH0,248,19.5458117,Day,F,L,A,MYSE
151.909,8443,6/3/2015,5/25/2015,20:35:09,7,29.3,AH0,255,31.1505081,Day,F,L,A,MYSE
151.909,8443,6/3/2015,5/30/2015,20:35:09,7,33.2,AH0,249,36.8211744,Day,F,L,A,MYSE
151.909,8443,6/3/2015,5/28/2015,20:35:10,7,30.9,AH0,253,33.9287657,Day,F,L,A,MYSE
151.909,8443,6/3/2015,5/29/2015,20:35:10,7,32,AH0,254,35.4624,Day,F,L,A,MYSE
151.909,8443,6/3/2015,5/25/2015,20:35:11,7,29.3,AH0,255,31.1505081,Day,F,L,A,MYSE
151.909,8443,6/3/2015,5/30/2015,20:35:11,7,33.2,AH0,249,36.8211744,Day,F,L,A,MYSE
151.909,8443,6/3/2015,5/31/2015,20:35:11,7,24.9,AH0,246,19.5458117,Day,F,L,A,MYSE
151.909,8443,6/3/2015,5/24/2015,20:35:12,7,29.5,AH0,255,31.5355875,Day,F,L,A,MYSE
151.909,8443,6/3/2015,5/28/2015,20:35:12,7,30.9,AH0,254,33.9287657,Day,F,L,A,MYSE
151.909,8443,6/3/2015,5/29/2015,20:35:12,7,32,AH0,254,35.4624,Day,F,L,A,MYSE
151.909,8443,6/3/2015,5/30/2015,20:35:12,7,33.2,AH0,249,36.8211744,Day,F,L,A,MYSE
151.909,8443,6/3/2015,5/24/2015,20:35:14,7,29.5,AH0,255,31.5355875,Day,F,L,A,MYSE
151.909,8443,6/3/2015,5/24/2015,20:35:16,7,29.4,AH0,255,31.3444472,Day,F,L,A,MYSE
151.909,8443,6/3/2015,5/24/2015,20:35:18,7,29.4,AH0,255,31.3444472,Day,F,L,A,MYSE
151.909,8443,6/3/2015,5/26/2015,20:35:18,7,27.2,AH0,254,26.3961984,Day,F,L,A,MYSE
151.909,8443,6/3/2015,5/26/2015,20:35:20,7,27.2,AH0,254,26.3961984,Day,F,L,A,MYSE
151.909,8443,6/3/2015,5/26/2015,20:35:22,7,27.2,AH0,254,26.3961984,Day,F,L,A,MYSE
151.909,8443,6/3/2015,5/25/2015,20:35:25,7,29.3,AH0,255,31.1505081,Day,F,L,A,MYSE
151.909,8443,6/3/2015,5/29/2015,20:35:25,7,32,AH0,255,35.4624,Day,F,L,A,MYSE
151.909,8443,6/3/2015,5/30/2015,20:35:25,7,33.3,AH0,247,36.9206321,Day,F,L,A,MYSE
151.909,8443,6/3/2015,5/31/2015,20:35:25,7,24.9,AH0,247,19.5458117,Day,F,L,A,MYSE
151.909,8443,6/3/2015,5/28/2015,20:35:26,7,30.9,AH0,254,33.9287657,Day,F,L,A,MYSE
151.909,8443,6/3/2015,5/29/2015,20:35:27,7,32,AH0,254,35.4624,Day,F,L,A,MYSE
151.909,8443,6/3/2015,5/30/2015,20:35:27,7,33.3,AH0,249,36.9206321,Day,F,L,A,MYSE
151.909,8443,6/3/2015,5/25/2015,20:35:28,7,29.3,AH0,255,31.1505081,Day,F,L,A,MYSE
151.909,8443,6/3/2015,5/28/2015,20:35:28,7,30.9,AH0,253,33.9287657,Day,F,L,A,MYSE
151.909,8443,6/3/2015,5/31/2015,20:35:28,7,24.9,AH0,248,19.5458117,Day,F,L,A,MYSE
151.909,8443,6/3/2015,5/29/2015,20:35:29,7,32,AH0,254,35.4624,Day,F,L,A,MYSE
151.909,8443,6/3/2015,5/30/2015,20:35:29,7,33.3,AH0,251,36.9206321,Day,F,L,A,MYSE
151.909,8443,6/3/2015,5/25/2015,20:35:30,7,29.3,AH0,255,31.1505081,Day,F,L,A,MYSE
151.909,8443,6/3/2015,5/28/2015,20:35:30,7,30.9,AH0,254,33.9287657,Day,F,L,A,MYSE
151.909,8443,6/3/2015,5/29/2015,20:35:30,7,32,AH0,255,35.4624,Day,F,L,A,MYSE
151.909,8443,6/3/2015,5/30/2015,20:35:30,7,33.3,AH0,247,36.9206321,Day,F,L,A,MYSE
151.909,8443,6/3/2015,5/31/2015,20:35:30,7,24.9,AH0,246,19.5458117,Day,F,L,A,MYSE
151.909,8443,6/3/2015,5/24/2015,20:35:32,7,29.4,AH0,255,31.3444472,Day,F,L,A,MYSE
151.909,8443,6/3/2015,5/25/2015,20:35:32,7,29.3,AH0,255,31.1505081,Day,F,L,A,MYSE
151.909,8443,6/3/2015,5/28/2015,20:35:32,7,30.9,AH0,253,33.9287657,Day,F,L,A,MYSE
151.909,8443,6/3/2015,5/30/2015,20:35:32,7,33.3,AH0,249,36.9206321,Day,F,L,A,MYSE
151.909,8443,6/3/2015,5/24/2015,20:35:34,7,29.4,AH0,255,31.3444472,Day,F,L,A,MYSE
151.909,8443,6/3/2015,5/24/2015,20:35:36,7,29.4,AH0,255,31.3444472,Day,F,L,A,MYSE
151.909,8443,6/3/2015,5/26/2015,20:35:37,7,27.2,AH0,252,26.3961984,Day,F,L,A,MYSE
151.909,8443,6/3/2015,5/26/2015,20:35:40,7,27.2,AH0,254,26.3961984,Day,F,L,A,MYSE
151.909,8443,6/3/2015,5/26/2015,20:35:42,7,27.2,AH0,254,26.3961984,Day,F,L,A,MYSE
151.909,8443,6/3/2015,5/31/2015,20:35:44,7,24.9,AH0,244,19.5458117,Day,F,L,A,MYSE
151.909,8443,6/3/2015,5/29/2015,20:35:45,7,32,AH0,254,35.4624,Day,F,L,A,MYSE
151.909,8443,6/3/2015,5/25/2015,20:35:46,7,29.3,AH0,255,31.1505081,Day,F,L,A,MYSE
151.909,8443,6/3/2015,5/28/2015,20:35:47,7,30.9,AH0,254,33.9287657,Day,F,L,A,MYSE
151.909,8443,6/3/2015,5/29/2015,20:35:47,7,32,AH0,255,35.4624,Day,F,L,A,MYSE
151.909,8443,6/3/2015,5/30/2015,20:35:47,7,33.3,AH0,250,36.9206321,Day,F,L,A,MYSE
151.909,8443,6/3/2015,5/31/2015,20:35:47,7,24.9,AH0,246,19.5458117,Day,F,L,A,MYSE
151.909,8443,6/3/2015,5/25/2015,20:35:48,7,29.3,AH0,255,31.1505081,Day,F,L,A,MYSE
151.909,8443,6/3/2015,5/30/2015,20:35:48,7,33.3,AH0,249,36.9206321,Day,F,L,A,MYSE
151.909,8443,6/3/2015,5/28/2015,20:35:49,7,30.9,AH0,253,33.9287657,Day,F,L,A,MYSE
151.909,8443,6/3/2015,5/29/2015,20:35:49,7,32,AH0,253,35.4624,Day,F,L,A,MYSE
151.909,8443,6/3/2015,5/31/2015,20:35:49,7,24.9,AH0,245,19.5458117,Day,F,L,A,MYSE
151.909,8443,6/3/2015,5/25/2015,20:35:50,7,29.3,AH0,255,31.1505081,Day,F,L,A,MYSE
151.909,8443,6/3/2015,5/30/2015,20:35:50,7,33.3,AH0,249,36.9206321,Day,F,L,A,MYSE
151.909,8443,6/3/2015,5/24/2015,20:35:51,7,29.4,AH0,255,31.3444472,Day,F,L,A,MYSE
151.909,8443,6/3/2015,5/28/2015,20:35:51,7,30.9,AH0,255,33.9287657,Day,F,L,A,MYSE
151.909,8443,6/3/2015,5/29/2015,20:35:51,7,32,AH0,253,35.4624,Day,F,L,A,MYSE
151.909,8443,6/3/2015,5/25/2015,20:35:52,7,29.3,AH0,255,31.1505081,Day,F,L,A,MYSE
151.909,8443,6/3/2015,5/30/2015,20:35:52,7,33.3,AH0,249,36.9206321,Day,F,L,A,MYSE
151.909,8443,6/3/2015,5/24/2015,20:35:53,7,29.4,AH0,255,31.3444472,Day,F,L,A,MYSE
151.909,8443,6/3/2015,5/28/2015,20:35:53,7,30.9,AH0,254,33.9287657,Day,F,L,A,MYSE
151.909,8443,6/3/2015,5/24/2015,20:35:55,7,29.4,AH0,255,31.3444472,Day,F,L,A,MYSE
151.909,8443,6/3/2015,5/24/2015,20:35:57,7,29.4,AH0,255,31.3444472,Day,F,L,A,MYSE
151.909,8443,6/3/2015,5/26/2015,20:35:57,7,27.2,AH0,253,26.3961984,Day,F,L,A,MYSE
151.909,8443,6/3/2015,5/26/2015,20:36:00,7,27.2,AH0,254,26.3961984,Day,F,L,A,MYSE
151.909,8443,6/3/2015,5/26/2015,20:36:02,7,27.2,AH0,254,26.3961984,Day,F,L,A,MYSE
151.909,8443,6/3/2015,5/31/2015,20:36:03,7,42.8,AH0,20,39.9568416,Day,F,L,A,MYSE
151.909,8443,6/3/2015,5/29/2015,20:36:04,7,32,AH0,255,35.4624,Day,F,L,A,MYSE
151.909,8443,6/3/2015,5/31/2015,20:36:04,7,59.8,AH0,245,53.2602936,Day,F,L,A,MYSE
151.909,8443,6/3/2015,5/25/2015,20:36:06,7,29.3,AH0,255,31.1505081,Day,F,L,A,MYSE
151.909,8443,6/3/2015,5/28/2015,20:36:06,7,31,AH0,253,34.0803,Day,F,L,A,MYSE
151.909,8443,6/3/2015,5/29/2015,20:36:06,7,32,AH0,254,35.4624,Day,F,L,A,MYSE
151.909,8443,6/3/2015,5/30/2015,20:36:06,7,33.4,AH0,248,37.0180632,Day,F,L,A,MYSE
151.909,8443,6/3/2015,5/31/2015,20:36:06,7,24.9,AH0,247,19.5458117,Day,F,L,A,MYSE
151.909,8443,6/3/2015,5/25/2015,20:36:08,7,29.3,AH0,255,31.1505081,Day,F,L,A,MYSE
151.909,8443,6/3/2015,5/28/2015,20:36:08,7,31,AH0,254,34.0803,Day,F,L,A,MYSE
151.909,8443,6/3/2015,5/29/2015,20:36:08,7,32,AH0,253,35.4624,Day,F,L,A,MYSE
151.909,8443,6/3/2015,5/30/2015,20:36:08,7,33.4,AH0,250,37.0180632,Day,F,L,A,MYSE
151.909,8443,6/3/2015,5/31/2015,20:36:08,7,24.9,AH0,245,19.5458117,Day,F,L,A,MYSE
151.909,8443,6/3/2015,5/28/2015,20:36:10,7,31,AH0,254,34.0803,Day,F,L,A,MYSE
151.909,8443,6/3/2015,5/29/2015,20:36:10,7,32,AH0,254,35.4624,Day,F,L,A,MYSE
151.909,8443,6/3/2015,5/30/2015,20:36:10,7,33.4,AH0,248,37.0180632,Day,F,L,A,MYSE
151.909,8443,6/3/2015,5/24/2015,20:36:11,7,29.4,AH0,255,31.3444472,Day,F,L,A,MYSE
151.909,8443,6/3/2015,5/25/2015,20:36:11,7,29.3,AH0,255,31.1505081,Day,F,L,A,MYSE
151.909,8443,6/3/2015,5/28/2015,20:36:12,7,31,AH0,254,34.0803,Day,F,L,A,MYSE
151.909,8443,6/3/2015,5/30/2015,20:36:12,7,33.4,AH0,249,37.0180632,Day,F,L,A,MYSE
151.909,8443,6/3/2015,5/24/2015,20:36:13,7,29.4,AH0,255,31.3444472,Day,F,L,A,MYSE
151.909,8443,6/3/2015,5/24/2015,20:36:15,7,29.4,AH0,255,31.3444472,Day,F,L,A,MYSE
151.909,8443,6/3/2015,5/24/2015,20:36:17,7,29.4,AH0,255,31.3444472,Day,F,L,A,MYSE
151.909,8443,6/3/2015,5/26/2015,20:36:17,7,27.3,AH0,254,26.6534861,Day,F,L,A,MYSE
151.909,8443,6/3/2015,5/26/2015,20:36:19,7,27.3,AH0,255,26.6534861,Day,F,L,A,MYSE
151.909,8443,6/3/2015,5/26/2015,20:36:22,7,27.2,AH0,255,26.3961984,Day,F,L,A,MYSE
151.909,8443,6/3/2015,5/25/2015,20:36:25,7,29.3,AH0,255,31.1505081,Day,F,L,A,MYSE
151.909,8443,6/3/2015,5/29/2015,20:36:25,7,31.9,AH0,253,35.3347947,Day,F,L,A,MYSE
151.909,8443,6/3/2015,5/31/2015,20:36:25,7,24.9,AH0,245,19.5458117,Day,F,L,A,MYSE
151.909,8443,6/3/2015,5/28/2015,20:36:26,7,31,AH0,254,34.0803,Day,F,L,A,MYSE
151.909,8443,6/3/2015,5/30/2015,20:36:26,7,33.4,AH0,249,37.0180632,Day,F,L,A,MYSE
151.909,8443,6/3/2015,5/25/2015,20:36:27,7,29.3,AH0,255,31.1505081,Day,F,L,A,MYSE
151.909,8443,6/3/2015,5/29/2015,20:36:27,7,31.9,AH0,254,35.3347947,Day,F,L,A,MYSE
151.909,8443,6/3/2015,5/28/2015,20:36:28,7,31,AH0,254,34.0803,Day,F,L,A,MYSE
151.909,8443,6/3/2015,5/30/2015,20:36:28,7,33.4,AH0,250,37.0180632,Day,F,L,A,MYSE
151.909,8443,6/3/2015,5/31/2015,20:36:28,7,24.9,AH0,247,19.5458117,Day,F,L,A,MYSE
151.909,8443,6/3/2015,5/25/2015,20:36:29,7,29.3,AH0,255,31.1505081,Day,F,L,A,MYSE
151.909,8443,6/3/2015,5/29/2015,20:36:29,7,31.9,AH0,255,35.3347947,Day,F,L,A,MYSE
151.909,8443,6/3/2015,5/28/2015,20:36:30,7,31,AH0,254,34.0803,Day,F,L,A,MYSE
151.909,8443,6/3/2015,5/29/2015,20:36:30,7,31.9,AH0,254,35.3347947,Day,F,L,A,MYSE
151.909,8443,6/3/2015,5/30/2015,20:36:30,7,33.4,AH0,249,37.0180632,Day,F,L,A,MYSE
151.909,8443,6/3/2015,5/31/2015,20:36:30,7,24.9,AH0,245,19.5458117,Day,F,L,A,MYSE
151.909,8443,6/3/2015,5/25/2015,20:36:31,7,29.3,AH0,255,31.1505081,Day,F,L,A,MYSE
151.909,8443,6/3/2015,5/24/2015,20:36:32,7,29.5,AH0,255,31.5355875,Day,F,L,A,MYSE
151.909,8443,6/3/2015,5/28/2015,20:36:32,7,31,AH0,253,34.0803,Day,F,L,A,MYSE
151.909,8443,6/3/2015,5/30/2015,20:36:32,7,33.4,AH0,250,37.0180632,Day,F,L,A,MYSE
151.909,8443,6/3/2015,5/24/2015,20:36:34,7,29.5,AH0,255,31.5355875,Day,F,L,A,MYSE
151.909,8443,6/3/2015,5/24/2015,20:36:36,7,29.5,AH0,255,31.5355875,Day,F,L,A,MYSE
151.909,8443,6/3/2015,5/26/2015,20:36:37,7,27.3,AH0,253,26.6534861,Day,F,L,A,MYSE
151.909,8443,6/3/2015,5/24/2015,20:36:38,7,29.5,AH0,255,31.5355875,Day,F,L,A,MYSE
151.909,8443,6/3/2015,5/26/2015,20:36:39,7,27.3,AH0,255,26.6534861,Day,F,L,A,MYSE
151.909,8443,6/3/2015,5/26/2015,20:36:41,7,27.3,AH0,254,26.6534861,Day,F,L,A,MYSE
151.909,8443,6/3/2015,5/29/2015,20:36:44,7,31.9,AH0,254,35.3347947,Day,F,L,A,MYSE
151.909,8443,6/3/2015,5/25/2015,20:36:45,7,29.2,AH0,255,30.9537504,Day,F,L,A,MYSE
151.909,8443,6/3/2015,5/28/2015,20:36:45,7,31.2,AH0,254,34.3759424,Day,F,L,A,MYSE
151.909,8443,6/3/2015,5/29/2015,20:36:45,7,31.9,AH0,255,35.3347947,Day,F,L,A,MYSE
151.909,8443,6/3/2015,5/31/2015,20:36:45,7,24.9,AH0,247,19.5458117,Day,F,L,A,MYSE
151.909,8443,6/3/2015,5/30/2015,20:36:46,7,33.4,AH0,249,37.0180632,Day,F,L,A,MYSE
151.909,8443,6/3/2015,5/25/2015,20:36:47,7,29.2,AH0,255,30.9537504,Day,F,L,A,MYSE
151.909,8443,6/3/2015,5/28/2015,20:36:47,7,31.1,AH0,252,34.2293523,Day,F,L,A,MYSE
151.909,8443,6/3/2015,5/29/2015,20:36:47,7,31.9,AH0,254,35.3347947,Day,F,L,A,MYSE
151.909,8443,6/3/2015,5/31/2015,20:36:47,7,24.9,AH0,246,19.5458117,Day,F,L,A,MYSE
151.909,8443,6/3/2015,5/30/2015,20:36:48,7,33.4,AH0,249,37.0180632,Day,F,L,A,MYSE
151.909,8443,6/3/2015,5/28/2015,20:36:49,7,31.1,AH0,253,34.2293523,Day,F,L,A,MYSE
151.909,8443,6/3/2015,5/29/2015,20:36:49,7,31.9,AH0,253,35.3347947,Day,F,L,A,MYSE
151.909,8443,6/3/2015,5/31/2015,20:36:49,7,24.9,AH0,247,19.5458117,Day,F,L,A,MYSE
151.909,8443,6/3/2015,5/25/2015,20:36:50,7,29.2,AH0,255,30.9537504,Day,F,L,A,MYSE
151.909,8443,6/3/2015,5/30/2015,20:36:50,7,33.4,AH0,248,37.0180632,Day,F,L,A,MYSE
151.909,8443,6/3/2015,5/28/2015,20:36:51,7,31.1,AH0,253,34.2293523,Day,F,L,A,MYSE
151.909,8443,6/3/2015,5/29/2015,20:36:51,7,31.9,AH0,253,35.3347947,Day,F,L,A,MYSE
151.909,8443,6/3/2015,5/30/2015,20:36:51,7,33.4,AH0,249,37.0180632,Day,F,L,A,MYSE
151.909,8443,6/3/2015,5/24/2015,20:36:52,7,29.6,AH0,255,31.7239488,Day,F,L,A,MYSE
151.909,8443,6/3/2015,5/25/2015,20:36:52,7,29.2,AH0,255,30.9537504,Day,F,L,A,MYSE
151.909,8443,6/3/2015,5/28/2015,20:36:53,7,31.1,AH0,253,34.2293523,Day,F,L,A,MYSE
151.909,8443,6/3/2015,5/24/2015,20:36:54,7,29.6,AH0,255,31.7239488,Day,F,L,A,MYSE
151.909,8443,6/3/2015,5/24/2015,20:36:56,7,29.6,AH0,255,31.7239488,Day,F,L,A,MYSE
151.909,8443,6/3/2015,5/26/2015,20:36:57,7,27.3,AH0,254,26.6534861,Day,F,L,A,MYSE
151.909,8443,6/3/2015,5/24/2015,20:36:58,7,29.6,AH0,255,31.7239488,Day,F,L,A,MYSE
151.909,8443,6/3/2015,5/26/2015,20:36:59,7,27.3,AH0,254,26.6534861,Day,F,L,A,MYSE
151.909,8443,6/3/2015,5/26/2015,20:37:01,7,27.3,AH0,254,26.6534861,Day,F,L,A,MYSE
151.909,8443,6/3/2015,5/26/2015,20:37:03,7,27.3,AH0,254,26.6534861,Day,F,L,A,MYSE
151.909,8443,6/3/2015,5/29/2015,20:37:04,7,31.9,AH0,254,35.3347947,Day,F,L,A,MYSE
151.909,8443,6/3/2015,5/31/2015,20:37:04,7,24.9,AH0,248,19.5458117,Day,F,L,A,MYSE
151.909,8443,6/3/2015,5/25/2015,20:37:06,7,29.2,AH0,255,30.9537504,Day,F,L,A,MYSE
151.909,8443,6/3/2015,5/28/2015,20:37:06,7,31.1,AH0,253,34.2293523,Day,F,L,A,MYSE
151.909,8443,6/3/2015,5/29/2015,20:37:06,7,31.9,AH0,253,35.3347947,Day,F,L,A,MYSE
151.909,8443,6/3/2015,5/30/2015,20:37:06,7,33.4,AH0,247,37.0180632,Day,F,L,A,MYSE
151.909,8443,6/3/2015,5/31/2015,20:37:06,7,24.9,AH0,248,19.5458117,Day,F,L,A,MYSE
151.909,8443,6/3/2015,5/25/2015,20:37:08,7,29.2,AH0,255,30.9537504,Day,F,L,A,MYSE
151.909,8443,6/3/2015,5/28/2015,20:37:08,7,31.1,AH0,252,34.2293523,Day,F,L,A,MYSE
151.909,8443,6/3/2015,5/29/2015,20:37:08,7,31.9,AH0,254,35.3347947,Day,F,L,A,MYSE
151.909,8443,6/3/2015,5/30/2015,20:37:08,7,33.4,AH0,247,37.0180632,Day,F,L,A,MYSE
151.909,8443,6/3/2015,5/30/2015,20:37:09,7,33.4,AH0,250,37.0180632,Day,F,L,A,MYSE
151.909,8443,6/3/2015,5/31/2015,20:37:09,7,24.9,AH0,247,19.5458117,Day,F,L,A,MYSE
151.909,8443,6/3/2015,5/25/2015,20:37:10,7,29.2,AH0,255,30.9537504,Day,F,L,A,MYSE
151.909,8443,6/3/2015,5/28/2015,20:37:10,7,31.1,AH0,252,34.2293523,Day,F,L,A,MYSE
151.909,8443,6/3/2015,5/29/2015,20:37:10,7,31.9,AH0,255,35.3347947,Day,F,L,A,MYSE
151.909,8443,6/3/2015,5/30/2015,20:37:11,7,33.4,AH0,250,37.0180632,Day,F,L,A,MYSE
151.909,8443,6/3/2015,5/24/2015,20:37:12,7,29.7,AH0,255,31.9095509,Day,F,L,A,MYSE
151.909,8443,6/3/2015,5/25/2015,20:37:12,7,29.2,AH0,255,30.9537504,Day,F,L,A,MYSE
151.909,8443,6/3/2015,5/28/2015,20:37:12,7,31.1,AH0,254,34.2293523,Day,F,L,A,MYSE
151.909,8443,6/3/2015,5/30/2015,20:37:13,7,33.4,AH0,248,37.0180632,Day,F,L,A,MYSE
151.909,8443,6/3/2015,5/24/2015,20:37:14,7,29.7,AH0,255,31.9095509,Day,F,L,A,MYSE
151.909,8443,6/3/2015,5/24/2015,20:37:16,7,29.8,AH0,255,32.0924136,Day,F,L,A,MYSE
151.909,8443,6/3/2015,5/26/2015,20:37:17,7,27.3,AH0,254,26.6534861,Day,F,L,A,MYSE
151.909,8443,6/3/2015,5/24/2015,20:37:18,7,29.8,AH0,255,32.0924136,Day,F,L,A,MYSE
151.909,8443,6/3/2015,5/26/2015,20:37:19,7,27.3,AH0,254,26.6534861,Day,F,L,A,MYSE
151.909,8443,6/3/2015,5/26/2015,20:37:21,7,27.3,AH0,254,26.6534861,Day,F,L,A,MYSE
151.909,8443,6/3/2015,5/26/2015,20:37:23,7,27.4,AH0,253,26.9075592,Day,F,L,A,MYSE
151.909,8443,6/3/2015,5/25/2015,20:37:24,7,29.2,AH0,255,30.9537504,Day,F,L,A,MYSE
151.909,8443,6/3/2015,5/29/2015,20:37:25,7,31.9,AH0,254,35.3347947,Day,F,L,A,MYSE
151.909,8443,6/3/2015,5/25/2015,20:37:26,7,29.2,AH0,255,30.9537504,Day,F,L,A,MYSE
151.909,8443,6/3/2015,5/28/2015,20:37:26,7,31.1,AH0,254,34.2293523,Day,F,L,A,MYSE
151.909,8443,6/3/2015,5/30/2015,20:37:26,7,33.4,AH0,248,37.0180632,Day,F,L,A,MYSE
151.909,8443,6/3/2015,5/31/2015,20:37:26,7,24.9,AH0,248,19.5458117,Day,F,L,A,MYSE
151.909,8443,6/3/2015,5/29/2015,20:37:27,7,31.9,AH0,254,35.3347947,Day,F,L,A,MYSE
151.909,8443,6/3/2015,5/30/2015,20:37:27,7,33.4,AH0,249,37.0180632,Day,F,L,A,MYSE
151.909,8443,6/3/2015,5/28/2015,20:37:28,7,31.1,AH0,253,34.2293523,Day,F,L,A,MYSE
151.909,8443,6/3/2015,5/31/2015,20:37:28,7,24.9,AH0,246,19.5458117,Day,F,L,A,MYSE
151.909,8443,6/3/2015,5/25/2015,20:37:29,7,29.2,AH0,255,30.9537504,Day,F,L,A,MYSE
151.909,8443,6/3/2015,5/29/2015,20:37:29,7,31.9,AH0,255,35.3347947,Day,F,L,A,MYSE
151.909,8443,6/3/2015,5/30/2015,20:37:29,7,33.4,AH0,246,37.0180632,Day,F,L,A,MYSE
151.909,8443,6/3/2015,5/28/2015,20:37:30,7,31.1,AH0,254,34.2293523,Day,F,L,A,MYSE
151.909,8443,6/3/2015,5/31/2015,20:37:30,7,24.9,AH0,247,19.5458117,Day,F,L,A,MYSE
151.909,8443,6/3/2015,5/25/2015,20:37:31,7,29.2,AH0,255,30.9537504,Day,F,L,A,MYSE
151.909,8443,6/3/2015,5/28/2015,20:37:31,7,31.1,AH0,254,34.2293523,Day,F,L,A,MYSE
151.909,8443,6/3/2015,5/29/2015,20:37:31,7,31.9,AH0,254,35.3347947,Day,F,L,A,MYSE
151.909,8443,6/3/2015,5/30/2015,20:37:31,7,33.4,AH0,250,37.0180632,Day,F,L,A,MYSE
151.909,8443,6/3/2015,5/24/2015,20:37:32,7,29.9,AH0,255,32.2725567,Day,F,L,A,MYSE
151.909,8443,6/3/2015,5/30/2015,20:37:33,7,33.4,AH0,249,37.0180632,Day,F,L,A,MYSE
151.909,8443,6/3/2015,5/24/2015,20:37:34,7,29.9,AH0,255,32.2725567,Day,F,L,A,MYSE
151.909,8443,6/3/2015,5/24/2015,20:37:36,7,29.9,AH0,255,32.2725567,Day,F,L,A,MYSE
151.909,8443,6/3/2015,5/26/2015,20:37:36,7,27.4,AH0,254,26.9075592,Day,F,L,A,MYSE
151.909,8443,6/3/2015,5/24/2015,20:37:38,7,29.9,AH0,255,32.2725567,Day,F,L,A,MYSE
151.909,8443,6/3/2015,5/26/2015,20:37:38,7,27.4,AH0,253,26.9075592,Day,F,L,A,MYSE
151.909,8443,6/3/2015,5/26/2015,20:37:41,7,27.4,AH0,255,26.9075592,Day,F,L,A,MYSE
151.909,8443,6/3/2015,5/26/2015,20:37:43,7,27.4,AH0,254,26.9075592,Day,F,L,A,MYSE
151.909,8443,6/3/2015,5/29/2015,20:37:44,7,31.9,AH0,254,35.3347947,Day,F,L,A,MYSE
151.909,8443,6/3/2015,5/25/2015,20:37:45,7,29.2,AH0,255,30.9537504,Day,F,L,A,MYSE
151.909,8443,6/3/2015,5/30/2015,20:37:45,7,33.4,AH0,248,37.0180632,Day,F,L,A,MYSE
151.909,8443,6/3/2015,5/31/2015,20:37:45,7,24.9,AH0,247,19.5458117,Day,F,L,A,MYSE
151.909,8443,6/3/2015,5/29/2015,20:37:46,7,31.9,AH0,254,35.3347947,Day,F,L,A,MYSE
151.909,8443,6/3/2015,5/25/2015,20:37:47,7,29.2,AH0,255,30.9537504,Day,F,L,A,MYSE
151.909,8443,6/3/2015,5/28/2015,20:37:47,7,31.1,AH0,254,34.2293523,Day,F,L,A,MYSE
151.909,8443,6/3/2015,5/30/2015,20:37:47,7,33.4,AH0,248,37.0180632,Day,F,L,A,MYSE
151.909,8443,6/3/2015,5/31/2015,20:37:47,7,24.9,AH0,246,19.5458117,Day,F,L,A,MYSE
151.909,8443,6/3/2015,5/29/2015,20:37:48,7,31.9,AH0,254,35.3347947,Day,F,L,A,MYSE
151.909,8443,6/3/2015,5/25/2015,20:37:49,7,29.2,AH0,255,30.9537504,Day,F,L,A,MYSE
151.909,8443,6/3/2015,5/28/2015,20:37:49,7,31.1,AH0,254,34.2293523,Day,F,L,A,MYSE
151.909,8443,6/3/2015,5/29/2015,20:37:49,7,31.9,AH0,254,35.3347947,Day,F,L,A,MYSE
151.909,8443,6/3/2015,5/30/2015,20:37:49,7,33.4,AH0,247,37.0180632,Day,F,L,A,MYSE
151.909,8443,6/3/2015,5/31/2015,20:37:50,7,24.9,AH0,245,19.5458117,Day,F,L,A,MYSE
151.909,8443,6/3/2015,5/25/2015,20:37:51,7,29.2,AH0,255,30.9537504,Day,F,L,A,MYSE
151.909,8443,6/3/2015,5/28/2015,20:37:51,7,31.1,AH0,253,34.2293523,Day,F,L,A,MYSE
151.909,8443,6/3/2015,5/29/2015,20:37:51,7,31.9,AH0,255,35.3347947,Day,F,L,A,MYSE
151.909,8443,6/3/2015,5/30/2015,20:37:51,7,33.4,AH0,248,37.0180632,Day,F,L,A,MYSE
151.909,8443,6/3/2015,5/24/2015,20:37:52,7,30,AH0,255,32.45,Day,F,L,A,MYSE
151.909,8443,6/3/2015,5/30/2015,20:37:52,7,33.4,AH0,247,37.0180632,Day,F,L,A,MYSE
151.909,8443,6/3/2015,5/28/2015,20:37:53,7,31.1,AH0,252,34.2293523,Day,F,L,A,MYSE
151.909,8443,6/3/2015,5/24/2015,20:37:54,7,30,AH0,255,32.45,Day,F,L,A,MYSE
151.909,8443,6/3/2015,5/24/2015,20:37:56,7,30,AH0,255,32.45,Day,F,L,A,MYSE
151.909,8443,6/3/2015,5/26/2015,20:37:56,7,27.4,AH0,254,26.9075592,Day,F,L,A,MYSE
151.909,8443,6/3/2015,5/24/2015,20:37:58,7,30,AH0,255,32.45,Day,F,L,A,MYSE
151.909,8443,6/3/2015,5/26/2015,20:37:58,7,27.4,AH0,255,26.9075592,Day,F,L,A,MYSE
151.909,8443,6/3/2015,5/26/2015,20:38:00,7,27.4,AH0,254,26.9075592,Day,F,L,A,MYSE
151.909,8443,6/3/2015,5/26/2015,20:38:03,7,27.4,AH0,254,26.9075592,Day,F,L,A,MYSE
151.909,8443,6/3/2015,5/29/2015,20:38:04,7,31.9,AH0,254,35.3347947,Day,F,L,A,MYSE
151.909,8443,6/3/2015,5/31/2015,20:38:04,7,24.9,AH0,245,19.5458117,Day,F,L,A,MYSE
151.909,8443,6/3/2015,5/30/2015,20:38:05,7,33.5,AH0,249,37.1134875,Day,F,L,A,MYSE
151.909,8443,6/3/2015,5/25/2015,20:38:06,7,29.2,AH0,255,30.9537504,Day,F,L,A,MYSE
151.909,8443,6/3/2015,5/28/2015,20:38:06,7,31.1,AH0,254,34.2293523,Day,F,L,A,MYSE
151.909,8443,6/3/2015,5/29/2015,20:38:06,7,31.9,AH0,255,35.3347947,Day,F,L,A,MYSE
151.909,8443,6/3/2015,5/30/2015,20:38:07,7,33.5,AH0,248,37.1134875,Day,F,L,A,MYSE
151.909,8443,6/3/2015,5/31/2015,20:38:07,7,24.9,AH0,246,19.5458117,Day,F,L,A,MYSE
151.909,8443,6/3/2015,5/25/2015,20:38:08,7,29.2,AH0,255,30.9537504,Day,F,L,A,MYSE
151.909,8443,6/3/2015,5/28/2015,20:38:08,7,31.1,AH0,254,34.2293523,Day,F,L,A,MYSE
151.909,8443,6/3/2015,5/29/2015,20:38:08,7,31.9,AH0,253,35.3347947,Day,F,L,A,MYSE
151.909,8443,6/3/2015,5/30/2015,20:38:09,7,33.5,AH0,248,37.1134875,Day,F,L,A,MYSE
151.909,8443,6/3/2015,5/31/2015,20:38:09,7,24.9,AH0,247,19.5458117,Day,F,L,A,MYSE
151.909,8443,6/3/2015,5/25/2015,20:38:10,7,29.2,AH0,255,30.9537504,Day,F,L,A,MYSE
151.909,8443,6/3/2015,5/28/2015,20:38:10,7,31.1,AH0,254,34.2293523,Day,F,L,A,MYSE
151.909,8443,6/3/2015,5/29/2015,20:38:10,7,31.9,AH0,254,35.3347947,Day,F,L,A,MYSE
151.909,8443,6/3/2015,5/30/2015,20:38:10,7,33.5,AH0,248,37.1134875,Day,F,L,A,MYSE
151.909,8443,6/3/2015,5/24/2015,20:38:12,7,30.1,AH0,255,32.6247633,Day,F,L,A,MYSE
151.909,8443,6/3/2015,5/25/2015,20:38:12,7,29.2,AH0,255,30.9537504,Day,F,L,A,MYSE
151.909,8443,6/3/2015,5/28/2015,20:38:12,7,31.1,AH0,254,34.2293523,Day,F,L,A,MYSE
151.909,8443,6/3/2015,5/30/2015,20:38:12,7,33.5,AH0,247,37.1134875,Day,F,L,A,MYSE
151.909,8443,6/3/2015,5/24/2015,20:38:14,7,30.1,AH0,255,32.6247633,Day,F,L,A,MYSE
151.909,8443,6/3/2015,5/24/2015,20:38:16,7,30.1,AH0,255,32.6247633,Day,F,L,A,MYSE
151.909,8443,6/3/2015,5/26/2015,20:38:16,7,27.5,AH0,254,27.1584375,Day,F,L,A,MYSE
151.909,8443,6/3/2015,5/24/2015,20:38:18,7,30.1,AH0,255,32.6247633,Day,F,L,A,MYSE
151.909,8443,6/3/2015,5/26/2015,20:38:18,7,27.5,AH0,254,27.1584375,Day,F,L,A,MYSE
151.909,8443,6/3/2015,5/26/2015,20:38:20,7,27.5,AH0,254,27.1584375,Day,F,L,A,MYSE
151.909,8443,6/3/2015,5/26/2015,20:38:22,7,27.5,AH0,254,27.1584375,Day,F,L,A,MYSE
151.909,8443,6/3/2015,5/31/2015,20:38:23,7,24.9,AH0,246,19.5458117,Day,F,L,A,MYSE
151.909,8443,6/3/2015,5/28/2015,20:38:25,7,31.1,AH0,254,34.2293523,Day,F,L,A,MYSE
151.909,8443,6/3/2015,5/29/2015,20:38:25,7,32,AH0,253,35.4624,Day,F,L,A,MYSE
151.909,8443,6/3/2015,5/25/2015,20:38:26,7,29.1,AH0,255,30.7541543,Day,F,L,A,MYSE
151.909,8443,6/3/2015,5/31/2015,20:38:26,7,24.9,AH0,247,19.5458117,Day,F,L,A,MYSE
151.909,8443,6/3/2015,5/28/2015,20:38:27,7,31.1,AH0,254,34.2293523,Day,F,L,A,MYSE
151.909,8443,6/3/2015,5/29/2015,20:38:27,7,31.9,AH0,255,35.3347947,Day,F,L,A,MYSE
151.909,8443,6/3/2015,5/30/2015,20:38:27,7,33.5,AH0,248,37.1134875,Day,F,L,A,MYSE
151.909,8443,6/3/2015,5/25/2015,20:38:28,7,29.1,AH0,255,30.7541543,Day,F,L,A,MYSE
151.909,8443,6/3/2015,5/30/2015,20:38:28,7,33.5,AH0,247,37.1134875,Day,F,L,A,MYSE
151.909,8443,6/3/2015,5/31/2015,20:38:28,7,24.9,AH0,247,19.5458117,Day,F,L,A,MYSE
151.909,8443,6/3/2015,5/28/2015,20:38:29,7,31.1,AH0,253,34.2293523,Day,F,L,A,MYSE
151.909,8443,6/3/2015,5/29/2015,20:38:29,7,32,AH0,252,35.4624,Day,F,L,A,MYSE
151.909,8443,6/3/2015,5/25/2015,20:38:30,7,29.1,AH0,255,30.7541543,Day,F,L,A,MYSE
151.909,8443,6/3/2015,5/30/2015,20:38:30,7,33.5,AH0,249,37.1134875,Day,F,L,A,MYSE
151.909,8443,6/3/2015,5/28/2015,20:38:31,7,31.1,AH0,254,34.2293523,Day,F,L,A,MYSE
151.909,8443,6/3/2015,5/29/2015,20:38:31,7,32,AH0,253,35.4624,Day,F,L,A,MYSE
151.909,8443,6/3/2015,5/31/2015,20:38:31,7,24.9,AH0,247,19.5458117,Day,F,L,A,MYSE
151.909,8443,6/3/2015,5/24/2015,20:38:32,7,30.2,AH0,255,32.7968664,Day,F,L,A,MYSE
151.909,8443,6/3/2015,5/30/2015,20:38:32,7,33.5,AH0,247,37.1134875,Day,F,L,A,MYSE
151.909,8443,6/3/2015,5/24/2015,20:38:34,7,30.2,AH0,255,32.7968664,Day,F,L,A,MYSE
151.909,8443,6/3/2015,5/24/2015,20:38:36,7,30.2,AH0,255,32.7968664,Day,F,L,A,MYSE
151.909,8443,6/3/2015,5/26/2015,20:38:37,7,27.5,AH0,254,27.1584375,Day,F,L,A,MYSE
151.909,8443,6/3/2015,5/24/2015,20:38:38,7,30.2,AH0,255,32.7968664,Day,F,L,A,MYSE
151.909,8443,6/3/2015,5/26/2015,20:38:40,7,27.5,AH0,253,27.1584375,Day,F,L,A,MYSE
151.909,8443,6/3/2015,5/26/2015,20:38:42,7,27.5,AH0,253,27.1584375,Day,F,L,A,MYSE
151.909,8443,6/3/2015,5/29/2015,20:38:44,7,32,AH0,254,35.4624,Day,F,L,A,MYSE
151.909,8443,6/3/2015,5/25/2015,20:38:45,7,29.1,AH0,255,30.7541543,Day,F,L,A,MYSE
151.909,8443,6/3/2015,5/31/2015,20:38:45,7,24.9,AH0,246,19.5458117,Day,F,L,A,MYSE
151.909,8443,6/3/2015,5/29/2015,20:38:46,7,32,AH0,254,35.4624,Day,F,L,A,MYSE
151.909,8443,6/3/2015,5/30/2015,20:38:46,7,33.5,AH0,246,37.1134875,Day,F,L,A,MYSE
151.909,8443,6/3/2015,5/25/2015,20:38:47,7,29.1,AH0,255,30.7541543,Day,F,L,A,MYSE
151.909,8443,6/3/2015,5/28/2015,20:38:47,7,31.1,AH0,255,34.2293523,Day,F,L,A,MYSE
151.909,8443,6/3/2015,5/29/2015,20:38:48,7,32,AH0,254,35.4624,Day,F,L,A,MYSE
151.909,8443,6/3/2015,5/30/2015,20:38:48,7,33.5,AH0,247,37.1134875,Day,F,L,A,MYSE
151.909,8443,6/3/2015,5/31/2015,20:38:48,7,24.9,AH0,248,19.5458117,Day,F,L,A,MYSE
151.909,8443,6/3/2015,5/25/2015,20:38:49,7,29.1,AH0,255,30.7541543,Day,F,L,A,MYSE
151.909,8443,6/3/2015,5/28/2015,20:38:49,7,31.1,AH0,255,34.2293523,Day,F,L,A,MYSE
151.909,8443,6/3/2015,5/29/2015,20:38:49,7,32,AH0,254,35.4624,Day,F,L,A,MYSE
151.909,8443,6/3/2015,5/30/2015,20:38:50,7,33.5,AH0,248,37.1134875,Day,F,L,A,MYSE
151.909,8443,6/3/2015,5/31/2015,20:38:50,7,24.9,AH0,245,19.5458117,Day,F,L,A,MYSE
151.909,8443,6/3/2015,5/25/2015,20:38:51,7,29.1,AH0,255,30.7541543,Day,F,L,A,MYSE
151.909,8443,6/3/2015,5/28/2015,20:38:51,7,31.1,AH0,254,34.2293523,Day,F,L,A,MYSE
151.909,8443,6/3/2015,5/29/2015,20:38:51,7,32,AH0,253,35.4624,Day,F,L,A,MYSE
151.909,8443,6/3/2015,5/24/2015,20:38:52,7,30.3,AH0,255,32.9663291,Day,F,L,A,MYSE
151.909,8443,6/3/2015,5/28/2015,20:38:52,7,31.1,AH0,254,34.2293523,Day,F,L,A,MYSE
151.909,8443,6/3/2015,5/30/2015,20:38:52,7,33.5,AH0,248,37.1134875,Day,F,L,A,MYSE
151.909,8443,6/3/2015,5/24/2015,20:38:54,7,30.3,AH0,255,32.9663291,Day,F,L,A,MYSE
151.909,8443,6/3/2015,5/24/2015,20:38:56,7,30.3,AH0,255,32.9663291,Day,F,L,A,MYSE
151.909,8443,6/3/2015,5/26/2015,20:38:57,7,27.5,AH0,254,27.1584375,Day,F,L,A,MYSE
151.909,8443,6/3/2015,5/24/2015,20:38:58,7,30.3,AH0,255,32.9663291,Day,F,L,A,MYSE
151.909,8443,6/3/2015,5/26/2015,20:38:59,7,27.5,AH0,255,27.1584375,Day,F,L,A,MYSE
151.909,8443,6/3/2015,5/26/2015,20:39:01,7,27.5,AH0,254,27.1584375,Day,F,L,A,MYSE
151.909,8443,6/3/2015,5/29/2015,20:39:04,7,32,AH0,254,35.4624,Day,F,L,A,MYSE
151.909,8443,6/3/2015,5/31/2015,20:39:04,7,24.9,AH0,246,19.5458117,Day,F,L,A,MYSE
151.909,8443,6/3/2015,5/25/2015,20:39:05,7,29.1,AH0,255,30.7541543,Day,F,L,A,MYSE
151.909,8443,6/3/2015,5/28/2015,20:39:06,7,31.1,AH0,254,34.2293523,Day,F,L,A,MYSE
151.909,8443,6/3/2015,5/29/2015,20:39:06,7,32,AH0,253,35.4624,Day,F,L,A,MYSE
151.909,8443,6/3/2015,5/30/2015,20:39:06,7,33.5,AH0,247,37.1134875,Day,F,L,A,MYSE
151.909,8443,6/3/2015,5/25/2015,20:39:07,7,29.1,AH0,255,30.7541543,Day,F,L,A,MYSE
151.909,8443,6/3/2015,5/31/2015,20:39:07,7,24.9,AH0,243,19.5458117,Day,F,L,A,MYSE
151.909,8443,6/3/2015,5/28/2015,20:39:08,7,31.1,AH0,252,34.2293523,Day,F,L,A,MYSE
151.909,8443,6/3/2015,5/29/2015,20:39:08,7,32,AH0,254,35.4624,Day,F,L,A,MYSE
151.909,8443,6/3/2015,5/30/2015,20:39:08,7,33.5,AH0,248,37.1134875,Day,F,L,A,MYSE
151.909,8443,6/3/2015,5/25/2015,20:39:09,7,29.1,AH0,255,30.7541543,Day,F,L,A,MYSE
151.909,8443,6/3/2015,5/31/2015,20:39:09,7,24.9,AH0,245,19.5458117,Day,F,L,A,MYSE
151.909,8443,6/3/2015,5/28/2015,20:39:10,7,31.1,AH0,254,34.2293523,Day,F,L,A,MYSE
151.909,8443,6/3/2015,5/29/2015,20:39:10,7,32,AH0,254,35.4624,Day,F,L,A,MYSE
151.909,8443,6/3/2015,5/30/2015,20:39:10,7,33.5,AH0,247,37.1134875,Day,F,L,A,MYSE
151.909,8443,6/3/2015,5/30/2015,20:39:11,7,33.5,AH0,249,37.1134875,Day,F,L,A,MYSE
151.909,8443,6/3/2015,5/24/2015,20:39:12,7,30.4,AH0,255,33.1331712,Day,F,L,A,MYSE
151.909,8443,6/3/2015,5/25/2015,20:39:12,7,29.1,AH0,255,30.7541543,Day,F,L,A,MYSE
151.909,8443,6/3/2015,5/28/2015,20:39:12,7,31.1,AH0,254,34.2293523,Day,F,L,A,MYSE
151.909,8443,6/3/2015,5/24/2015,20:39:14,7,30.4,AH0,255,33.1331712,Day,F,L,A,MYSE
151.909,8443,6/3/2015,5/24/2015,20:39:16,7,30.4,AH0,255,33.1331712,Day,F,L,A,MYSE
151.909,8443,6/3/2015,5/26/2015,20:39:17,7,27.5,AH0,254,27.1584375,Day,F,L,A,MYSE
151.909,8443,6/3/2015,5/24/2015,20:39:18,7,30.5,AH0,255,33.2974125,Day,F,L,A,MYSE
151.909,8443,6/3/2015,5/26/2015,20:39:19,7,27.5,AH0,255,27.1584375,Day,F,L,A,MYSE
151.909,8443,6/3/2015,5/26/2015,20:39:21,7,27.5,AH0,254,27.1584375,Day,F,L,A,MYSE
151.909,8443,6/3/2015,5/26/2015,20:39:23,7,27.6,AH0,255,27.4061408,Day,F,L,A,MYSE
151.909,8443,6/3/2015,5/31/2015,20:39:24,7,24.9,AH0,246,19.5458117,Day,F,L,A,MYSE
151.909,8443,6/3/2015,5/28/2015,20:39:25,7,31.1,AH0,253,34.2293523,Day,F,L,A,MYSE
151.909,8443,6/3/2015,5/29/2015,20:39:25,7,32,AH0,254,35.4624,Day,F,L,A,MYSE
151.909,8443,6/3/2015,5/25/2015,20:39:26,7,29.1,AH0,255,30.7541543,Day,F,L,A,MYSE
151.909,8443,6/3/2015,5/30/2015,20:39:26,7,33.5,AH0,245,37.1134875,Day,F,L,A,MYSE
151.909,8443,6/3/2015,5/31/2015,20:39:26,7,24.9,AH0,244,19.5458117,Day,F,L,A,MYSE
151.909,8443,6/3/2015,5/28/2015,20:39:27,7,31.1,AH0,254,34.2293523,Day,F,L,A,MYSE
151.909,8443,6/3/2015,5/29/2015,20:39:27,7,32,AH0,255,35.4624,Day,F,L,A,MYSE
151.909,8443,6/3/2015,5/25/2015,20:39:28,7,29.1,AH0,255,30.7541543,Day,F,L,A,MYSE
151.909,8443,6/3/2015,5/30/2015,20:39:28,7,33.4,AH0,246,37.0180632,Day,F,L,A,MYSE
151.909,8443,6/3/2015,5/28/2015,20:39:29,7,31.1,AH0,254,34.2293523,Day,F,L,A,MYSE
151.909,8443,6/3/2015,5/29/2015,20:39:29,7,32,AH0,254,35.4624,Day,F,L,A,MYSE
151.909,8443,6/3/2015,5/30/2015,20:39:29,7,33.5,AH0,248,37.1134875,Day,F,L,A,MYSE
151.909,8443,6/3/2015,5/31/2015,20:39:29,7,24.9,AH0,245,19.5458117,Day,F,L,A,MYSE
151.909,8443,6/3/2015,5/25/2015,20:39:30,7,29.1,AH0,255,30.7541543,Day,F,L,A,MYSE
151.909,8443,6/3/2015,5/24/2015,20:39:31,7,30.5,AH0,255,33.2974125,Day,F,L,A,MYSE
151.909,8443,6/3/2015,5/28/2015,20:39:31,7,31.1,AH0,253,34.2293523,Day,F,L,A,MYSE
151.909,8443,6/3/2015,5/29/2015,20:39:31,7,32,AH0,255,35.4624,Day,F,L,A,MYSE
151.909,8443,6/3/2015,5/30/2015,20:39:31,7,33.5,AH0,248,37.1134875,Day,F,L,A,MYSE
151.909,8443,6/3/2015,5/25/2015,20:39:32,7,29.1,AH0,255,30.7541543,Day,F,L,A,MYSE
151.909,8443,6/3/2015,5/24/2015,20:39:33,7,30.5,AH0,255,33.2974125,Day,F,L,A,MYSE
151.909,8443,6/3/2015,5/28/2015,20:39:33,7,31.1,AH0,254,34.2293523,Day,F,L,A,MYSE
151.909,8443,6/3/2015,5/30/2015,20:39:33,7,33.5,AH0,247,37.1134875,Day,F,L,A,MYSE
151.909,8443,6/3/2015,5/24/2015,20:39:35,7,30.5,AH0,255,33.2974125,Day,F,L,A,MYSE
151.909,8443,6/3/2015,5/26/2015,20:39:36,7,27.6,AH0,254,27.4061408,Day,F,L,A,MYSE
151.909,8443,6/3/2015,5/24/2015,20:39:37,7,30.6,AH0,255,33.4590728,Day,F,L,A,MYSE
151.909,8443,6/3/2015,5/26/2015,20:39:39,7,27.6,AH0,254,27.4061408,Day,F,L,A,MYSE
151.909,8443,6/3/2015,5/26/2015,20:39:41,7,27.6,AH0,255,27.4061408,Day,F,L,A,MYSE
151.909,8443,6/3/2015,5/26/2015,20:39:43,7,27.6,AH0,254,27.4061408,Day,F,L,A,MYSE
151.909,8443,6/3/2015,5/25/2015,20:39:44,7,29.2,AH0,255,30.9537504,Day,F,L,A,MYSE
151.909,8443,6/3/2015,5/29/2015,20:39:44,7,32,AH0,254,35.4624,Day,F,L,A,MYSE
151.909,8443,6/3/2015,5/30/2015,20:39:45,7,33.4,AH0,253,37.0180632,Day,F,L,A,MYSE
151.909,8443,6/3/2015,5/29/2015,20:39:46,7,32,AH0,254,35.4624,Day,F,L,A,MYSE
151.909,8443,6/3/2015,5/31/2015,20:39:46,7,24.9,AH0,246,19.5458117,Day,F,L,A,MYSE
151.909,8443,6/3/2015,5/25/2015,20:39:47,7,29.2,AH0,255,30.9537504,Day,F,L,A,MYSE
151.909,8443,6/3/2015,5/28/2015,20:39:47,7,31.1,AH0,253,34.2293523,Day,F,L,A,MYSE
151.909,8443,6/3/2015,5/30/2015,20:39:47,7,33.4,AH0,251,37.0180632,Day,F,L,A,MYSE
151.909,8443,6/3/2015,5/28/2015,20:39:48,7,31.1,AH0,253,34.2293523,Day,F,L,A,MYSE
151.909,8443,6/3/2015,5/29/2015,20:39:48,7,32,AH0,255,35.4624,Day,F,L,A,MYSE
151.909,8443,6/3/2015,5/31/2015,20:39:48,7,24.9,AH0,243,19.5458117,Day,F,L,A,MYSE
151.909,8443,6/3/2015,5/25/2015,20:39:49,7,29.2,AH0,255,30.9537504,Day,F,L,A,MYSE
151.909,8443,6/3/2015,5/29/2015,20:39:49,7,32,AH0,254,35.4624,Day,F,L,A,MYSE
151.909,8443,6/3/2015,5/30/2015,20:39:49,7,33.4,AH0,253,37.0180632,Day,F,L,A,MYSE
151.909,8443,6/3/2015,5/28/2015,20:39:50,7,31.1,AH0,253,34.2293523,Day,F,L,A,MYSE
151.909,8443,6/3/2015,5/31/2015,20:39:50,7,24.9,AH0,244,19.5458117,Day,F,L,A,MYSE
151.909,8443,6/3/2015,5/24/2015,20:39:51,7,30.6,AH0,255,33.4590728,Day,F,L,A,MYSE
151.909,8443,6/3/2015,5/25/2015,20:39:51,7,29.2,AH0,255,30.9537504,Day,F,L,A,MYSE
151.909,8443,6/3/2015,5/29/2015,20:39:51,7,32,AH0,254,35.4624,Day,F,L,A,MYSE
151.909,8443,6/3/2015,5/30/2015,20:39:51,7,33.4,AH0,250,37.0180632,Day,F,L,A,MYSE
151.909,8443,6/3/2015,5/28/2015,20:39:52,7,31.1,AH0,254,34.2293523,Day,F,L,A,MYSE
151.909,8443,6/3/2015,5/24/2015,20:39:53,7,30.6,AH0,255,33.4590728,Day,F,L,A,MYSE
151.909,8443,6/3/2015,5/30/2015,20:39:53,7,33.4,AH0,252,37.0180632,Day,F,L,A,MYSE
151.909,8443,6/3/2015,5/24/2015,20:39:55,7,30.7,AH0,255,33.6181719,Day,F,L,A,MYSE
151.909,8443,6/3/2015,5/26/2015,20:39:56,7,27.6,AH0,255,27.4061408,Day,F,L,A,MYSE
151.909,8443,6/3/2015,5/24/2015,20:39:57,7,30.7,AH0,255,33.6181719,Day,F,L,A,MYSE
151.909,8443,6/3/2015,5/26/2015,20:39:58,7,27.6,AH0,255,27.4061408,Day,F,L,A,MYSE
151.909,8443,6/3/2015,5/26/2015,20:40:00,7,27.6,AH0,255,27.4061408,Day,F,L,A,MYSE
151.909,8443,6/3/2015,5/26/2015,20:40:02,7,27.6,AH0,254,27.4061408,Day,F,L,A,MYSE
151.909,8443,6/3/2015,5/25/2015,20:40:05,7,29.2,AH0,255,30.9537504,Day,F,L,A,MYSE
151.909,8443,6/3/2015,5/29/2015,20:40:05,7,31.9,AH0,255,35.3347947,Day,F,L,A,MYSE
151.909,8443,6/3/2015,5/30/2015,20:40:05,7,33.5,AH0,251,37.1134875,Day,F,L,A,MYSE
151.909,8443,6/3/2015,5/31/2015,20:40:05,7,24.9,AH0,244,19.5458117,Day,F,L,A,MYSE
151.909,8443,6/3/2015,5/28/2015,20:40:06,7,31.1,AH0,253,34.2293523,Day,F,L,A,MYSE
151.909,8443,6/3/2015,5/29/2015,20:40:06,7,31.9,AH0,254,35.3347947,Day,F,L,A,MYSE
151.909,8443,6/3/2015,5/25/2015,20:40:07,7,29.2,AH0,255,30.9537504,Day,F,L,A,MYSE
151.909,8443,6/3/2015,5/30/2015,20:40:07,7,33.4,AH0,250,37.0180632,Day,F,L,A,MYSE
151.909,8443,6/3/2015,5/31/2015,20:40:07,7,24.9,AH0,246,19.5458117,Day,F,L,A,MYSE
151.909,8443,6/3/2015,5/28/2015,20:40:08,7,31.1,AH0,254,34.2293523,Day,F,L,A,MYSE
151.909,8443,6/3/2015,5/29/2015,20:40:08,7,31.9,AH0,255,35.3347947,Day,F,L,A,MYSE
151.909,8443,6/3/2015,5/25/2015,20:40:09,7,29.2,AH0,255,30.9537504,Day,F,L,A,MYSE
151.909,8443,6/3/2015,5/30/2015,20:40:09,7,33.5,AH0,252,37.1134875,Day,F,L,A,MYSE
151.909,8443,6/3/2015,5/28/2015,20:40:10,7,31.1,AH0,252,34.2293523,Day,F,L,A,MYSE
151.909,8443,6/3/2015,5/29/2015,20:40:10,7,31.9,AH0,255,35.3347947,Day,F,L,A,MYSE
151.909,8443,6/3/2015,5/31/2015,20:40:10,7,24.9,AH0,245,19.5458117,Day,F,L,A,MYSE
151.909,8443,6/3/2015,5/24/2015,20:40:11,7,30.8,AH0,255,33.7747296,Day,F,L,A,MYSE
151.909,8443,6/3/2015,5/25/2015,20:40:11,7,29.2,AH0,255,30.9537504,Day,F,L,A,MYSE
151.909,8443,6/3/2015,5/30/2015,20:40:11,7,33.4,AH0,251,37.0180632,Day,F,L,A,MYSE
151.909,8443,6/3/2015,5/28/2015,20:40:12,7,31.1,AH0,253,34.2293523,Day,F,L,A,MYSE
151.909,8443,6/3/2015,5/30/2015,20:40:12,7,33.5,AH0,251,37.1134875,Day,F,L,A,MYSE
151.909,8443,6/3/2015,5/24/2015,20:40:13,7,30.8,AH0,255,33.7747296,Day,F,L,A,MYSE
151.909,8443,6/3/2015,5/24/2015,20:40:15,7,30.8,AH0,255,33.7747296,Day,F,L,A,MYSE
151.909,8443,6/3/2015,5/24/2015,20:40:16,7,30.8,AH0,255,33.7747296,Day,F,L,A,MYSE
151.909,8443,6/3/2015,5/26/2015,20:40:18,7,27.6,AH0,254,27.4061408,Day,F,L,A,MYSE
151.909,8443,6/3/2015,5/26/2015,20:40:20,7,27.6,AH0,254,27.4061408,Day,F,L,A,MYSE
151.909,8443,6/3/2015,5/26/2015,20:40:22,7,27.6,AH0,255,27.4061408,Day,F,L,A,MYSE
151.909,8443,6/3/2015,5/31/2015,20:40:24,7,24.9,AH0,247,19.5458117,Day,F,L,A,MYSE
151.909,8443,6/3/2015,5/28/2015,20:40:25,7,31.1,AH0,254,34.2293523,Day,F,L,A,MYSE
151.909,8443,6/3/2015,5/29/2015,20:40:25,7,31.9,AH0,253,35.3347947,Day,F,L,A,MYSE
151.909,8443,6/3/2015,5/30/2015,20:40:25,7,33.4,AH0,251,37.0180632,Day,F,L,A,MYSE
151.909,8443,6/3/2015,5/25/2015,20:40:26,7,29.3,AH0,255,31.1505081,Day,F,L,A,MYSE
151.909,8443,6/3/2015,5/28/2015,20:40:27,7,31.1,AH0,254,34.2293523,Day,F,L,A,MYSE
151.909,8443,6/3/2015,5/29/2015,20:40:27,7,31.9,AH0,255,35.3347947,Day,F,L,A,MYSE
151.909,8443,6/3/2015,5/30/2015,20:40:27,7,33.5,AH0,252,37.1134875,Day,F,L,A,MYSE
151.909,8443,6/3/2015,5/31/2015,20:40:27,7,24.9,AH0,245,19.5458117,Day,F,L,A,MYSE
151.909,8443,6/3/2015,5/25/2015,20:40:28,7,29.3,AH0,255,31.1505081,Day,F,L,A,MYSE
151.909,8443,6/3/2015,5/28/2015,20:40:29,7,31.1,AH0,253,34.2293523,Day,F,L,A,MYSE
151.909,8443,6/3/2015,5/29/2015,20:40:29,7,31.9,AH0,254,35.3347947,Day,F,L,A,MYSE
151.909,8443,6/3/2015,5/30/2015,20:40:29,7,33.5,AH0,249,37.1134875,Day,F,L,A,MYSE
151.909,8443,6/3/2015,5/31/2015,20:40:29,7,24.8,AH0,246,19.2054336,Day,F,L,A,MYSE
151.909,8443,6/3/2015,5/25/2015,20:40:30,7,29.3,AH0,255,31.1505081,Day,F,L,A,MYSE
151.909,8443,6/3/2015,5/30/2015,20:40:30,7,33.5,AH0,252,37.1134875,Day,F,L,A,MYSE
151.909,8443,6/3/2015,5/28/2015,20:40:31,7,31.1,AH0,254,34.2293523,Day,F,L,A,MYSE
151.909,8443,6/3/2015,5/29/2015,20:40:31,7,31.9,AH0,255,35.3347947,Day,F,L,A,MYSE
151.909,8443,6/3/2015,5/24/2015,20:40:32,7,30.9,AH0,255,33.9287657,Day,F,L,A,MYSE
151.909,8443,6/3/2015,5/25/2015,20:40:32,7,29.3,AH0,255,31.1505081,Day,F,L,A,MYSE
151.909,8443,6/3/2015,5/30/2015,20:40:32,7,33.4,AH0,251,37.0180632,Day,F,L,A,MYSE
151.909,8443,6/3/2015,5/28/2015,20:40:33,7,31.1,AH0,254,34.2293523,Day,F,L,A,MYSE
151.909,8443,6/3/2015,5/24/2015,20:40:34,7,31,AH0,255,34.0803,Day,F,L,A,MYSE
151.909,8443,6/3/2015,5/24/2015,20:40:36,7,31,AH0,255,34.0803,Day,F,L,A,MYSE
151.909,8443,6/3/2015,5/26/2015,20:40:37,7,27.7,AH0,254,27.6506889,Day,F,L,A,MYSE
151.909,8443,6/3/2015,5/24/2015,20:40:38,7,31,AH0,255,34.0803,Day,F,L,A,MYSE
151.909,8443,6/3/2015,5/26/2015,20:40:39,7,27.7,AH0,254,27.6506889,Day,F,L,A,MYSE
151.909,8443,6/3/2015,5/26/2015,20:40:42,7,27.7,AH0,255,27.6506889,Day,F,L,A,MYSE
151.909,8443,6/3/2015,5/31/2015,20:40:43,7,24.8,AH0,246,19.2054336,Day,F,L,A,MYSE
151.909,8443,6/3/2015,5/29/2015,20:40:44,7,31.9,AH0,255,35.3347947,Day,F,L,A,MYSE
151.909,8443,6/3/2015,5/25/2015,20:40:46,7,29.3,AH0,255,31.1505081,Day,F,L,A,MYSE
151.909,8443,6/3/2015,5/28/2015,20:40:46,7,31.2,AH0,254,34.3759424,Day,F,L,A,MYSE
151.909,8443,6/3/2015,5/29/2015,20:40:46,7,31.9,AH0,255,35.3347947,Day,F,L,A,MYSE
151.909,8443,6/3/2015,5/30/2015,20:40:46,7,33.4,AH0,252,37.0180632,Day,F,L,A,MYSE
151.909,8443,6/3/2015,5/31/2015,20:40:46,7,24.8,AH0,248,19.2054336,Day,F,L,A,MYSE
151.909,8443,6/3/2015,5/25/2015,20:40:48,7,29.3,AH0,255,31.1505081,Day,F,L,A,MYSE
151.909,8443,6/3/2015,5/28/2015,20:40:48,7,31.2,AH0,255,34.3759424,Day,F,L,A,MYSE
151.909,8443,6/3/2015,5/29/2015,20:40:48,7,31.9,AH0,254,35.3347947,Day,F,L,A,MYSE
151.909,8443,6/3/2015,5/30/2015,20:40:48,7,33.5,AH0,248,37.1134875,Day,F,L,A,MYSE
151.909,8443,6/3/2015,5/31/2015,20:40:48,7,24.8,AH0,243,19.2054336,Day,F,L,A,MYSE
151.909,8443,6/3/2015,5/25/2015,20:40:50,7,29.3,AH0,255,31.1505081,Day,F,L,A,MYSE
151.909,8443,6/3/2015,5/28/2015,20:40:50,7,31.2,AH0,253,34.3759424,Day,F,L,A,MYSE
151.909,8443,6/3/2015,5/29/2015,20:40:50,7,31.9,AH0,255,35.3347947,Day,F,L,A,MYSE
151.909,8443,6/3/2015,5/30/2015,20:40:50,7,33.5,AH0,252,37.1134875,Day,F,L,A,MYSE
151.909,8443,6/3/2015,5/24/2015,20:40:51,7,31.2,AH0,255,34.3759424,Day,F,L,A,MYSE
151.909,8443,6/3/2015,5/31/2015,20:40:51,7,24.8,AH0,248,19.2054336,Day,F,L,A,MYSE
151.909,8443,6/3/2015,5/25/2015,20:40:52,7,29.3,AH0,255,31.1505081,Day,F,L,A,MYSE
151.909,8443,6/3/2015,5/28/2015,20:40:52,7,31.2,AH0,252,34.3759424,Day,F,L,A,MYSE
151.909,8443,6/3/2015,5/29/2015,20:40:52,7,31.9,AH0,255,35.3347947,Day,F,L,A,MYSE
151.909,8443,6/3/2015,5/30/2015,20:40:52,7,33.4,AH0,252,37.0180632,Day,F,L,A,MYSE
151.909,8443,6/3/2015,5/24/2015,20:40:53,7,31.2,AH0,255,34.3759424,Day,F,L,A,MYSE
151.909,8443,6/3/2015,5/24/2015,20:40:55,7,31.2,AH0,255,34.3759424,Day,F,L,A,MYSE
151.909,8443,6/3/2015,5/24/2015,20:40:57,7,31.2,AH0,255,34.3759424,Day,F,L,A,MYSE
151.909,8443,6/3/2015,5/26/2015,20:40:57,7,27.6,AH0,255,27.4061408,Day,F,L,A,MYSE
151.909,8443,6/3/2015,5/26/2015,20:40:59,7,27.6,AH0,255,27.4061408,Day,F,L,A,MYSE
151.909,8443,6/3/2015,5/26/2015,20:41:01,7,27.7,AH0,254,27.6506889,Day,F,L,A,MYSE
151.909,8443,6/3/2015,5/26/2015,20:41:03,7,27.6,AH0,255,27.4061408,Day,F,L,A,MYSE
151.909,8443,6/3/2015,5/25/2015,20:41:04,7,29.3,AH0,255,31.1505081,Day,F,L,A,MYSE
151.909,8443,6/3/2015,5/29/2015,20:41:05,7,31.9,AH0,254,35.3347947,Day,F,L,A,MYSE
151.909,8443,6/3/2015,5/31/2015,20:41:05,7,24.8,AH0,247,19.2054336,Day,F,L,A,MYSE
151.909,8443,6/3/2015,5/28/2015,20:41:06,7,31.2,AH0,253,34.3759424,Day,F,L,A,MYSE
151.909,8443,6/3/2015,5/30/2015,20:41:06,7,33.5,AH0,253,37.1134875,Day,F,L,A,MYSE
151.909,8443,6/3/2015,5/25/2015,20:41:07,7,29.3,AH0,255,31.1505081,Day,F,L,A,MYSE
151.909,8443,6/3/2015,5/29/2015,20:41:07,7,31.9,AH0,254,35.3347947,Day,F,L,A,MYSE
151.909,8443,6/3/2015,5/28/2015,20:41:08,7,31.2,AH0,253,34.3759424,Day,F,L,A,MYSE
151.909,8443,6/3/2015,5/29/2015,20:41:08,7,31.9,AH0,255,35.3347947,Day,F,L,A,MYSE
151.909,8443,6/3/2015,5/30/2015,20:41:08,7,33.4,AH0,250,37.0180632,Day,F,L,A,MYSE
151.909,8443,6/3/2015,5/31/2015,20:41:08,7,24.8,AH0,248,19.2054336,Day,F,L,A,MYSE
151.909,8443,6/3/2015,5/25/2015,20:41:09,7,29.3,AH0,255,31.1505081,Day,F,L,A,MYSE
151.909,8443,6/3/2015,5/28/2015,20:41:09,7,31.2,AH0,254,34.3759424,Day,F,L,A,MYSE
151.909,8443,6/3/2015,5/29/2015,20:41:10,7,31.9,AH0,255,35.3347947,Day,F,L,A,MYSE
151.909,8443,6/3/2015,5/30/2015,20:41:10,7,33.4,AH0,252,37.0180632,Day,F,L,A,MYSE
151.909,8443,6/3/2015,5/31/2015,20:41:10,7,24.8,AH0,243,19.2054336,Day,F,L,A,MYSE
151.909,8443,6/3/2015,5/24/2015,20:41:11,7,31.5,AH0,255,34.8011375,Day,F,L,A,MYSE
151.909,8443,6/3/2015,5/25/2015,20:41:11,7,29.4,AH0,255,31.3444472,Day,F,L,A,MYSE
151.909,8443,6/3/2015,5/28/2015,20:41:11,7,31.2,AH0,254,34.3759424,Day,F,L,A,MYSE
151.909,8443,6/3/2015,5/24/2015,20:41:12,7,31.5,AH0,255,34.8011375,Day,F,L,A,MYSE
151.909,8443,6/3/2015,5/30/2015,20:41:12,7,33.4,AH0,252,37.0180632,Day,F,L,A,MYSE
151.909,8443,6/3/2015,5/24/2015,20:41:14,7,31.5,AH0,255,34.8011375,Day,F,L,A,MYSE
151.909,8443,6/3/2015,5/24/2015,20:41:16,7,31.5,AH0,255,34.8011375,Day,F,L,A,MYSE
151.909,8443,6/3/2015,5/26/2015,20:41:16,7,27.6,AH0,254,27.4061408,Day,F,L,A,MYSE
151.909,8443,6/3/2015,5/24/2015,20:41:18,7,31.5,AH0,255,34.8011375,Day,F,L,A,MYSE
151.909,8443,6/3/2015,5/26/2015,20:41:18,7,27.6,AH0,254,27.4061408,Day,F,L,A,MYSE
151.909,8443,6/3/2015,5/26/2015,20:41:21,7,27.6,AH0,255,27.4061408,Day,F,L,A,MYSE
151.909,8443,6/3/2015,5/26/2015,20:41:23,7,27.6,AH0,255,27.4061408,Day,F,L,A,MYSE
151.909,8443,6/3/2015,5/29/2015,20:41:24,7,31.9,AH0,254,35.3347947,Day,F,L,A,MYSE
151.909,8443,6/3/2015,5/25/2015,20:41:25,7,29.4,AH0,255,31.3444472,Day,F,L,A,MYSE
151.909,8443,6/3/2015,5/29/2015,20:41:25,7,32,AH0,254,35.4624,Day,F,L,A,MYSE
151.909,8443,6/3/2015,5/31/2015,20:41:25,7,24.8,AH0,246,19.2054336,Day,F,L,A,MYSE
151.909,8443,6/3/2015,5/30/2015,20:41:26,7,33.4,AH0,248,37.0180632,Day,F,L,A,MYSE
151.909,8443,6/3/2015,5/25/2015,20:41:27,7,29.4,AH0,255,31.3444472,Day,F,L,A,MYSE
151.909,8443,6/3/2015,5/28/2015,20:41:27,7,31.3,AH0,254,34.5200901,Day,F,L,A,MYSE
151.909,8443,6/3/2015,5/29/2015,20:41:27,7,32,AH0,255,35.4624,Day,F,L,A,MYSE
151.909,8443,6/3/2015,5/31/2015,20:41:27,7,24.8,AH0,246,19.2054336,Day,F,L,A,MYSE
151.909,8443,6/3/2015,5/30/2015,20:41:28,7,33.4,AH0,251,37.0180632,Day,F,L,A,MYSE
151.909,8443,6/3/2015,5/25/2015,20:41:29,7,29.4,AH0,255,31.3444472,Day,F,L,A,MYSE
151.909,8443,6/3/2015,5/28/2015,20:41:29,7,31.3,AH0,254,34.5200901,Day,F,L,A,MYSE
151.909,8443,6/3/2015,5/29/2015,20:41:29,7,32,AH0,255,35.4624,Day,F,L,A,MYSE
151.909,8443,6/3/2015,5/31/2015,20:41:29,7,24.8,AH0,245,19.2054336,Day,F,L,A,MYSE
151.909,8443,6/3/2015,5/30/2015,20:41:30,7,33.4,AH0,249,37.0180632,Day,F,L,A,MYSE
151.909,8443,6/3/2015,5/24/2015,20:41:31,7,31.6,AH0,255,34.9380768,Day,F,L,A,MYSE
151.909,8443,6/3/2015,5/25/2015,20:41:31,7,29.4,AH0,255,31.3444472,Day,F,L,A,MYSE
151.909,8443,6/3/2015,5/28/2015,20:41:31,7,31.3,AH0,254,34.5200901,Day,F,L,A,MYSE
151.909,8443,6/3/2015,5/29/2015,20:41:31,7,32,AH0,253,35.4624,Day,F,L,A,MYSE
151.909,8443,6/3/2015,5/30/2015,20:41:31,7,33.4,AH0,250,37.0180632,Day,F,L,A,MYSE
151.909,8443,6/3/2015,5/24/2015,20:41:33,7,31.7,AH0,255,35.0726529,Day,F,L,A,MYSE
151.909,8443,6/3/2015,5/28/2015,20:41:33,7,31.3,AH0,254,34.5200901,Day,F,L,A,MYSE
151.909,8443,6/3/2015,5/24/2015,20:41:35,7,31.7,AH0,255,35.0726529,Day,F,L,A,MYSE
151.909,8443,6/3/2015,5/26/2015,20:41:36,7,27.6,AH0,255,27.4061408,Day,F,L,A,MYSE
151.909,8443,6/3/2015,5/24/2015,20:41:37,7,31.7,AH0,255,35.0726529,Day,F,L,A,MYSE
151.909,8443,6/3/2015,5/26/2015,20:41:38,7,27.6,AH0,254,27.4061408,Day,F,L,A,MYSE
151.909,8443,6/3/2015,5/26/2015,20:41:40,7,27.6,AH0,255,27.4061408,Day,F,L,A,MYSE
151.909,8443,6/3/2015,5/26/2015,20:41:42,7,27.6,AH0,255,27.4061408,Day,F,L,A,MYSE
151.909,8443,6/3/2015,5/29/2015,20:41:44,7,32.1,AH0,254,35.5877213,Day,F,L,A,MYSE
151.909,8443,6/3/2015,5/31/2015,20:41:44,7,24.9,AH0,246,19.5458117,Day,F,L,A,MYSE
151.909,8443,6/3/2015,5/25/2015,20:41:45,7,29.4,AH0,255,31.3444472,Day,F,L,A,MYSE
151.909,8443,6/3/2015,5/28/2015,20:41:46,7,31.3,AH0,253,34.5200901,Day,F,L,A,MYSE
151.909,8443,6/3/2015,5/29/2015,20:41:46,7,32.1,AH0,253,35.5877213,Day,F,L,A,MYSE
151.909,8443,6/3/2015,5/30/2015,20:41:46,7,33.4,AH0,252,37.0180632,Day,F,L,A,MYSE
151.909,8443,6/3/2015,5/31/2015,20:41:46,7,24.8,AH0,246,19.2054336,Day,F,L,A,MYSE
151.909,8443,6/3/2015,5/25/2015,20:41:47,7,29.4,AH0,255,31.3444472,Day,F,L,A,MYSE
151.909,8443,6/3/2015,5/30/2015,20:41:47,7,33.4,AH0,249,37.0180632,Day,F,L,A,MYSE
151.909,8443,6/3/2015,5/28/2015,20:41:48,7,31.3,AH0,254,34.5200901,Day,F,L,A,MYSE
151.909,8443,6/3/2015,5/29/2015,20:41:48,7,32.1,AH0,254,35.5877213,Day,F,L,A,MYSE
151.909,8443,6/3/2015,5/25/2015,20:41:49,7,29.4,AH0,255,31.3444472,Day,F,L,A,MYSE
151.909,8443,6/3/2015,5/30/2015,20:41:49,7,33.4,AH0,250,37.0180632,Day,F,L,A,MYSE
151.909,8443,6/3/2015,5/31/2015,20:41:49,7,24.9,AH0,244,19.5458117,Day,F,L,A,MYSE
151.909,8443,6/3/2015,5/24/2015,20:41:50,7,31.8,AH0,255,35.2048856,Day,F,L,A,MYSE
151.909,8443,6/3/2015,5/28/2015,20:41:50,7,31.3,AH0,253,34.5200901,Day,F,L,A,MYSE
151.909,8443,6/3/2015,5/29/2015,20:41:50,7,32.1,AH0,254,35.5877213,Day,F,L,A,MYSE
151.909,8443,6/3/2015,5/25/2015,20:41:51,7,29.4,AH0,255,31.3444472,Day,F,L,A,MYSE
151.909,8443,6/3/2015,5/30/2015,20:41:51,7,33.4,AH0,249,37.0180632,Day,F,L,A,MYSE
151.909,8443,6/3/2015,5/24/2015,20:41:52,7,31.9,AH0,255,35.3347947,Day,F,L,A,MYSE
151.909,8443,6/3/2015,5/28/2015,20:41:52,7,31.3,AH0,254,34.5200901,Day,F,L,A,MYSE
151.909,8443,6/3/2015,5/30/2015,20:41:53,7,33.4,AH0,250,37.0180632,Day,F,L,A,MYSE
151.909,8443,6/3/2015,5/24/2015,20:41:54,7,31.9,AH0,255,35.3347947,Day,F,L,A,MYSE
151.909,8443,6/3/2015,5/24/2015,20:41:56,7,31.9,AH0,255,35.3347947,Day,F,L,A,MYSE
151.909,8443,6/3/2015,5/24/2015,20:41:58,7,31.8,AH0,255,35.2048856,Day,F,L,A,MYSE
151.909,8443,6/3/2015,5/26/2015,20:41:58,7,27.7,AH0,254,27.6506889,Day,F,L,A,MYSE
151.909,8443,6/3/2015,5/26/2015,20:42:00,7,27.7,AH0,254,27.6506889,Day,F,L,A,MYSE
151.909,8443,6/3/2015,5/26/2015,20:42:02,7,27.7,AH0,254,27.6506889,Day,F,L,A,MYSE
151.909,8443,6/3/2015,5/31/2015,20:42:03,7,25,AH0,247,19.8825,Day,F,L,A,MYSE
151.909,8443,6/3/2015,5/28/2015,20:42:05,7,31.3,AH0,254,34.5200901,Day,F,L,A,MYSE
151.909,8443,6/3/2015,5/29/2015,20:42:05,7,32.1,AH0,254,35.5877213,Day,F,L,A,MYSE
151.909,8443,6/3/2015,5/30/2015,20:42:05,7,33.4,AH0,252,37.0180632,Day,F,L,A,MYSE
151.909,8443,6/3/2015,5/25/2015,20:42:06,7,29.4,AH0,255,31.3444472,Day,F,L,A,MYSE
151.909,8443,6/3/2015,5/31/2015,20:42:06,7,24.9,AH0,247,19.5458117,Day,F,L,A,MYSE
151.909,8443,6/3/2015,5/28/2015,20:42:07,7,31.3,AH0,253,34.5200901,Day,F,L,A,MYSE
151.909,8443,6/3/2015,5/29/2015,20:42:07,7,32.1,AH0,253,35.5877213,Day,F,L,A,MYSE
151.909,8443,6/3/2015,5/30/2015,20:42:07,7,33.4,AH0,251,37.0180632,Day,F,L,A,MYSE
151.909,8443,6/3/2015,5/25/2015,20:42:08,7,29.4,AH0,255,31.3444472,Day,F,L,A,MYSE
151.909,8443,6/3/2015,5/29/2015,20:42:08,7,32.1,AH0,254,35.5877213,Day,F,L,A,MYSE
151.909,8443,6/3/2015,5/31/2015,20:42:08,7,24.9,AH0,245,19.5458117,Day,F,L,A,MYSE
151.909,8443,6/3/2015,5/28/2015,20:42:09,7,31.3,AH0,255,34.5200901,Day,F,L,A,MYSE
151.909,8443,6/3/2015,5/30/2015,20:42:09,7,33.4,AH0,248,37.0180632,Day,F,L,A,MYSE
151.909,8443,6/3/2015,5/25/2015,20:42:10,7,29.4,AH0,255,31.3444472,Day,F,L,A,MYSE
151.909,8443,6/3/2015,5/29/2015,20:42:10,7,32.1,AH0,254,35.5877213,Day,F,L,A,MYSE
151.909,8443,6/3/2015,5/31/2015,20:42:10,7,24.9,AH0,244,19.5458117,Day,F,L,A,MYSE
151.909,8443,6/3/2015,5/24/2015,20:42:11,7,31.9,AH0,255,35.3347947,Day,F,L,A,MYSE
151.909,8443,6/3/2015,5/28/2015,20:42:11,7,31.3,AH0,254,34.5200901,Day,F,L,A,MYSE
151.909,8443,6/3/2015,5/30/2015,20:42:11,7,33.4,AH0,251,37.0180632,Day,F,L,A,MYSE
151.909,8443,6/3/2015,5/25/2015,20:42:12,7,29.4,AH0,255,31.3444472,Day,F,L,A,MYSE
151.909,8443,6/3/2015,5/24/2015,20:42:13,7,31.9,AH0,255,35.3347947,Day,F,L,A,MYSE
151.909,8443,6/3/2015,5/28/2015,20:42:13,7,31.4,AH0,254,34.6618152,Day,F,L,A,MYSE
151.909,8443,6/3/2015,5/30/2015,20:42:13,7,33.4,AH0,250,37.0180632,Day,F,L,A,MYSE
151.909,8443,6/3/2015,5/24/2015,20:42:15,7,31.9,AH0,255,35.3347947,Day,F,L,A,MYSE
151.909,8443,6/3/2015,5/24/2015,20:42:17,7,31.9,AH0,255,35.3347947,Day,F,L,A,MYSE
151.909,8443,6/3/2015,5/26/2015,20:42:17,7,27.7,AH0,255,27.6506889,Day,F,L,A,MYSE
151.909,8443,6/3/2015,5/26/2015,20:42:19,7,27.7,AH0,255,27.6506889,Day,F,L,A,MYSE
151.909,8443,6/3/2015,5/26/2015,20:42:21,7,27.7,AH0,254,27.6506889,Day,F,L,A,MYSE
151.909,8443,6/3/2015,5/30/2015,20:42:24,7,33.4,AH0,251,37.0180632,Day,F,L,A,MYSE
151.909,8443,6/3/2015,5/29/2015,20:42:25,7,32.2,AH0,253,35.7107784,Day,F,L,A,MYSE
151.909,8443,6/3/2015,5/31/2015,20:42:25,7,24.9,AH0,246,19.5458117,Day,F,L,A,MYSE
151.909,8443,6/3/2015,5/25/2015,20:42:26,7,29.5,AH0,255,31.5355875,Day,F,L,A,MYSE
151.909,8443,6/3/2015,5/28/2015,20:42:26,7,31.4,AH0,255,34.6618152,Day,F,L,A,MYSE
151.909,8443,6/3/2015,5/30/2015,20:42:26,7,33.4,AH0,251,37.0180632,Day,F,L,A,MYSE
151.909,8443,6/3/2015,5/29/2015,20:42:27,7,32.2,AH0,253,35.7107784,Day,F,L,A,MYSE
151.909,8443,6/3/2015,5/31/2015,20:42:27,7,24.9,AH0,245,19.5458117,Day,F,L,A,MYSE
151.909,8443,6/3/2015,5/25/2015,20:42:28,7,29.5,AH0,255,31.5355875,Day,F,L,A,MYSE
151.909,8443,6/3/2015,5/28/2015,20:42:28,7,31.4,AH0,254,34.6618152,Day,F,L,A,MYSE
151.909,8443,6/3/2015,5/30/2015,20:42:28,7,33.4,AH0,252,37.0180632,Day,F,L,A,MYSE
151.909,8443,6/3/2015,5/29/2015,20:42:29,7,32.2,AH0,253,35.7107784,Day,F,L,A,MYSE
151.909,8443,6/3/2015,5/25/2015,20:42:30,7,29.5,AH0,255,31.5355875,Day,F,L,A,MYSE
151.909,8443,6/3/2015,5/28/2015,20:42:30,7,31.4,AH0,254,34.6618152,Day,F,L,A,MYSE
151.909,8443,6/3/2015,5/30/2015,20:42:30,7,33.4,AH0,250,37.0180632,Day,F,L,A,MYSE
151.909,8443,6/3/2015,5/31/2015,20:42:30,7,24.9,AH0,248,19.5458117,Day,F,L,A,MYSE
151.909,8443,6/3/2015,5/29/2015,20:42:31,7,32.2,AH0,254,35.7107784,Day,F,L,A,MYSE
151.909,8443,6/3/2015,5/30/2015,20:42:31,7,33.4,AH0,248,37.0180632,Day,F,L,A,MYSE
151.909,8443,6/3/2015,5/24/2015,20:42:32,7,32.1,AH0,255,35.5877213,Day,F,L,A,MYSE
151.909,8443,6/3/2015,5/25/2015,20:42:32,7,29.5,AH0,255,31.5355875,Day,F,L,A,MYSE
151.909,8443,6/3/2015,5/28/2015,20:42:32,7,31.4,AH0,254,34.6618152,Day,F,L,A,MYSE
151.909,8443,6/3/2015,5/24/2015,20:42:34,7,32.1,AH0,255,35.5877213,Day,F,L,A,MYSE
151.909,8443,6/3/2015,5/24/2015,20:42:35,7,32.1,AH0,255,35.5877213,Day,F,L,A,MYSE
151.909,8443,6/3/2015,5/24/2015,20:42:37,7,32.2,AH0,255,35.7107784,Day,F,L,A,MYSE
151.909,8443,6/3/2015,5/26/2015,20:42:37,7,27.7,AH0,255,27.6506889,Day,F,L,A,MYSE
151.909,8443,6/3/2015,5/26/2015,20:42:39,7,27.7,AH0,255,27.6506889,Day,F,L,A,MYSE
151.909,8443,6/3/2015,5/26/2015,20:42:41,7,27.7,AH0,255,27.6506889,Day,F,L,A,MYSE
151.909,8443,6/3/2015,5/26/2015,20:42:43,7,27.7,AH0,255,27.6506889,Day,F,L,A,MYSE
151.909,8443,6/3/2015,5/25/2015,20:42:44,7,29.5,AH0,255,31.5355875,Day,F,L,A,MYSE
151.909,8443,6/3/2015,5/29/2015,20:42:44,7,32.2,AH0,252,35.7107784,Day,F,L,A,MYSE
151.909,8443,6/3/2015,5/30/2015,20:42:44,7,33.4,AH0,251,37.0180632,Day,F,L,A,MYSE
151.909,8443,6/3/2015,5/31/2015,20:42:44,7,24.9,AH0,249,19.5458117,Day,F,L,A,MYSE
151.909,8443,6/3/2015,5/28/2015,20:42:45,7,31.4,AH0,254,34.6618152,Day,F,L,A,MYSE
151.909,8443,6/3/2015,5/25/2015,20:42:46,7,29.5,AH0,255,31.5355875,Day,F,L,A,MYSE
151.909,8443,6/3/2015,5/29/2015,20:42:46,7,32.2,AH0,254,35.7107784,Day,F,L,A,MYSE
151.909,8443,6/3/2015,5/30/2015,20:42:46,7,33.4,AH0,250,37.0180632,Day,F,L,A,MYSE
151.909,8443,6/3/2015,5/28/2015,20:42:47,7,31.4,AH0,253,34.6618152,Day,F,L,A,MYSE
151.909,8443,6/3/2015,5/30/2015,20:42:47,7,33.4,AH0,251,37.0180632,Day,F,L,A,MYSE
151.909,8443,6/3/2015,5/31/2015,20:42:47,7,24.9,AH0,246,19.5458117,Day,F,L,A,MYSE
151.909,8443,6/3/2015,5/25/2015,20:42:48,7,29.5,AH0,255,31.5355875,Day,F,L,A,MYSE
151.909,8443,6/3/2015,5/29/2015,20:42:48,7,32.2,AH0,254,35.7107784,Day,F,L,A,MYSE
151.909,8443,6/3/2015,5/28/2015,20:42:49,7,31.4,AH0,254,34.6618152,Day,F,L,A,MYSE
151.909,8443,6/3/2015,5/29/2015,20:42:49,7,32.2,AH0,254,35.7107784,Day,F,L,A,MYSE
151.909,8443,6/3/2015,5/30/2015,20:42:49,7,33.4,AH0,248,37.0180632,Day,F,L,A,MYSE
151.909,8443,6/3/2015,5/31/2015,20:42:49,7,24.9,AH0,245,19.5458117,Day,F,L,A,MYSE
151.909,8443,6/3/2015,5/24/2015,20:42:50,7,32.3,AH0,255,35.8315911,Day,F,L,A,MYSE
151.909,8443,6/3/2015,5/25/2015,20:42:51,7,29.5,AH0,255,31.5355875,Day,F,L,A,MYSE
151.909,8443,6/3/2015,5/28/2015,20:42:51,7,31.4,AH0,254,34.6618152,Day,F,L,A,MYSE
151.909,8443,6/3/2015,5/29/2015,20:42:51,7,32.3,AH0,254,35.8315911,Day,F,L,A,MYSE
151.909,8443,6/3/2015,5/30/2015,20:42:51,7,33.4,AH0,249,37.0180632,Day,F,L,A,MYSE
151.909,8443,6/3/2015,5/24/2015,20:42:52,7,32.3,AH0,255,35.8315911,Day,F,L,A,MYSE
151.909,8443,6/3/2015,5/28/2015,20:42:53,7,31.5,AH0,255,34.8011375,Day,F,L,A,MYSE
151.909,8443,6/3/2015,5/24/2015,20:42:54,7,32.3,AH0,255,35.8315911,Day,F,L,A,MYSE
151.909,8443,6/3/2015,5/24/2015,20:42:56,7,32.3,AH0,255,35.8315911,Day,F,L,A,MYSE
151.909,8443,6/3/2015,5/26/2015,20:42:56,7,27.6,AH0,255,27.4061408,Day,F,L,A,MYSE
151.909,8443,6/3/2015,5/24/2015,20:42:58,7,32.3,AH0,255,35.8315911,Day,F,L,A,MYSE
151.909,8443,6/3/2015,5/26/2015,20:42:58,7,27.6,AH0,255,27.4061408,Day,F,L,A,MYSE
151.909,8443,6/3/2015,5/26/2015,20:43:00,7,27.7,AH0,255,27.6506889,Day,F,L,A,MYSE
151.909,8443,6/3/2015,5/26/2015,20:43:03,7,27.7,AH0,255,27.6506889,Day,F,L,A,MYSE
151.909,8443,6/3/2015,5/31/2015,20:43:03,7,24.9,AH0,246,19.5458117,Day,F,L,A,MYSE
151.909,8443,6/3/2015,5/29/2015,20:43:04,7,32.3,AH0,254,35.8315911,Day,F,L,A,MYSE
151.909,8443,6/3/2015,5/25/2015,20:43:05,7,29.6,AH0,255,31.7239488,Day,F,L,A,MYSE
151.909,8443,6/3/2015,5/30/2015,20:43:05,7,33.4,AH0,245,37.0180632,Day,F,L,A,MYSE
151.909,8443,6/3/2015,5/28/2015,20:43:06,7,31.6,AH0,254,34.9380768,Day,F,L,A,MYSE
151.909,8443,6/3/2015,5/29/2015,20:43:06,7,32.3,AH0,254,35.8315911,Day,F,L,A,MYSE
151.909,8443,6/3/2015,5/31/2015,20:43:06,7,24.9,AH0,246,19.5458117,Day,F,L,A,MYSE
151.909,8443,6/3/2015,5/25/2015,20:43:07,7,29.6,AH0,255,31.7239488,Day,F,L,A,MYSE
151.909,8443,6/3/2015,5/30/2015,20:43:07,7,33.4,AH0,246,37.0180632,Day,F,L,A,MYSE
151.909,8443,6/3/2015,5/28/2015,20:43:08,7,31.5,AH0,253,34.8011375,Day,F,L,A,MYSE
151.909,8443,6/3/2015,5/29/2015,20:43:08,7,32.3,AH0,253,35.8315911,Day,F,L,A,MYSE
151.909,8443,6/3/2015,5/31/2015,20:43:08,7,24.9,AH0,243,19.5458117,Day,F,L,A,MYSE
151.909,8443,6/3/2015,5/25/2015,20:43:09,7,29.6,AH0,255,31.7239488,Day,F,L,A,MYSE
151.909,8443,6/3/2015,5/30/2015,20:43:09,7,33.4,AH0,251,37.0180632,Day,F,L,A,MYSE
151.909,8443,6/3/2015,5/28/2015,20:43:10,7,31.4,AH0,253,34.6618152,Day,F,L,A,MYSE
151.909,8443,6/3/2015,5/29/2015,20:43:10,7,32.3,AH0,254,35.8315911,Day,F,L,A,MYSE
151.909,8443,6/3/2015,5/24/2015,20:43:11,7,32.4,AH0,255,35.9501792,Day,F,L,A,MYSE
151.909,8443,6/3/2015,5/25/2015,20:43:11,7,29.6,AH0,255,31.7239488,Day,F,L,A,MYSE
151.909,8443,6/3/2015,5/30/2015,20:43:11,7,33.4,AH0,250,37.0180632,Day,F,L,A,MYSE
151.909,8443,6/3/2015,5/31/2015,20:43:11,7,24.9,AH0,246,19.5458117,Day,F,L,A,MYSE
151.909,8443,6/3/2015,5/28/2015,20:43:12,7,31.4,AH0,254,34.6618152,Day,F,L,A,MYSE
151.909,8443,6/3/2015,5/24/2015,20:43:13,7,32.3,AH0,255,35.8315911,Day,F,L,A,MYSE
151.909,8443,6/3/2015,5/24/2015,20:43:14,7,32.3,AH0,255,35.8315911,Day,F,L,A,MYSE
151.909,8443,6/3/2015,5/24/2015,20:43:16,7,32.3,AH0,255,35.8315911,Day,F,L,A,MYSE
151.909,8443,6/3/2015,5/26/2015,20:43:16,7,27.7,AH0,255,27.6506889,Day,F,L,A,MYSE
151.909,8443,6/3/2015,5/24/2015,20:43:18,7,32.3,AH0,255,35.8315911,Day,F,L,A,MYSE
151.909,8443,6/3/2015,5/26/2015,20:43:18,7,27.7,AH0,255,27.6506889,Day,F,L,A,MYSE
151.909,8443,6/3/2015,5/26/2015,20:43:20,7,27.7,AH0,255,27.6506889,Day,F,L,A,MYSE
151.909,8443,6/3/2015,5/26/2015,20:43:22,7,27.7,AH0,255,27.6506889,Day,F,L,A,MYSE
151.909,8443,6/3/2015,5/25/2015,20:43:25,7,29.6,AH0,255,31.7239488,Day,F,L,A,MYSE
151.909,8443,6/3/2015,5/28/2015,20:43:25,7,31.3,AH0,254,34.5200901,Day,F,L,A,MYSE
151.909,8443,6/3/2015,5/29/2015,20:43:25,7,32.4,AH0,253,35.9501792,Day,F,L,A,MYSE
151.909,8443,6/3/2015,5/30/2015,20:43:25,7,33.3,AH0,248,36.9206321,Day,F,L,A,MYSE
151.909,8443,6/3/2015,5/31/2015,20:43:25,7,24.9,AH0,246,19.5458117,Day,F,L,A,MYSE
151.909,8443,6/3/2015,5/25/2015,20:43:27,7,29.6,AH0,255,31.7239488,Day,F,L,A,MYSE
151.909,8443,6/3/2015,5/28/2015,20:43:27,7,31.3,AH0,254,34.5200901,Day,F,L,A,MYSE
151.909,8443,6/3/2015,5/29/2015,20:43:27,7,32.4,AH0,254,35.9501792,Day,F,L,A,MYSE
151.909,8443,6/3/2015,5/30/2015,20:43:27,7,33.3,AH0,251,36.9206321,Day,F,L,A,MYSE
151.909,8443,6/3/2015,5/29/2015,20:43:28,7,32.4,AH0,252,35.9501792,Day,F,L,A,MYSE
151.909,8443,6/3/2015,5/31/2015,20:43:28,7,24.9,AH0,245,19.5458117,Day,F,L,A,MYSE
151.909,8443,6/3/2015,5/25/2015,20:43:29,7,29.6,AH0,255,31.7239488,Day,F,L,A,MYSE
151.909,8443,6/3/2015,5/28/2015,20:43:29,7,31.3,AH0,254,34.5200901,Day,F,L,A,MYSE
151.909,8443,6/3/2015,5/30/2015,20:43:29,7,33.3,AH0,251,36.9206321,Day,F,L,A,MYSE
151.909,8443,6/3/2015,5/29/2015,20:43:30,7,32.4,AH0,254,35.9501792,Day,F,L,A,MYSE
151.909,8443,6/3/2015,5/31/2015,20:43:30,7,24.9,AH0,244,19.5458117,Day,F,L,A,MYSE
151.909,8443,6/3/2015,5/24/2015,20:43:31,7,32,AH0,255,35.4624,Day,F,L,A,MYSE
151.909,8443,6/3/2015,5/25/2015,20:43:31,7,29.6,AH0,255,31.7239488,Day,F,L,A,MYSE
151.909,8443,6/3/2015,5/28/2015,20:43:31,7,31.3,AH0,252,34.5200901,Day,F,L,A,MYSE
151.909,8443,6/3/2015,5/30/2015,20:43:31,7,33.3,AH0,249,36.9206321,Day,F,L,A,MYSE
151.909,8443,6/3/2015,5/24/2015,20:43:33,7,32,AH0,255,35.4624,Day,F,L,A,MYSE
151.909,8443,6/3/2015,5/28/2015,20:43:33,7,31.3,AH0,254,34.5200901,Day,F,L,A,MYSE
151.909,8443,6/3/2015,5/24/2015,20:43:35,7,32,AH0,255,35.4624,Day,F,L,A,MYSE
151.909,8443,6/3/2015,5/24/2015,20:43:37,7,32,AH0,255,35.4624,Day,F,L,A,MYSE
151.909,8443,6/3/2015,5/26/2015,20:43:37,7,27.8,AH0,255,27.8921016,Day,F,L,A,MYSE
151.909,8443,6/3/2015,5/26/2015,20:43:39,7,27.8,AH0,254,27.8921016,Day,F,L,A,MYSE
151.909,8443,6/3/2015,5/26/2015,20:43:42,7,27.8,AH0,255,27.8921016,Day,F,L,A,MYSE
151.909,8443,6/3/2015,5/31/2015,20:43:44,7,24.9,AH0,248,19.5458117,Day,F,L,A,MYSE
151.909,8443,6/3/2015,5/25/2015,20:43:45,7,29.6,AH0,255,31.7239488,Day,F,L,A,MYSE
151.909,8443,6/3/2015,5/29/2015,20:43:45,7,32.5,AH0,253,36.0665625,Day,F,L,A,MYSE
151.909,8443,6/3/2015,5/30/2015,20:43:45,7,33.2,AH0,248,36.8211744,Day,F,L,A,MYSE
151.909,8443,6/3/2015,5/25/2015,20:43:47,7,29.7,AH0,255,31.9095509,Day,F,L,A,MYSE
151.909,8443,6/3/2015,5/28/2015,20:43:47,7,31.1,AH0,254,34.2293523,Day,F,L,A,MYSE
151.909,8443,6/3/2015,5/29/2015,20:43:47,7,32.5,AH0,254,36.0665625,Day,F,L,A,MYSE
151.909,8443,6/3/2015,5/30/2015,20:43:47,7,33.2,AH0,246,36.8211744,Day,F,L,A,MYSE
151.909,8443,6/3/2015,5/31/2015,20:43:47,7,24.9,AH0,247,19.5458117,Day,F,L,A,MYSE
151.909,8443,6/3/2015,5/28/2015,20:43:48,7,31.1,AH0,253,34.2293523,Day,F,L,A,MYSE
151.909,8443,6/3/2015,5/25/2015,20:43:49,7,29.7,AH0,255,31.9095509,Day,F,L,A,MYSE
151.909,8443,6/3/2015,5/29/2015,20:43:49,7,32.5,AH0,253,36.0665625,Day,F,L,A,MYSE
151.909,8443,6/3/2015,5/30/2015,20:43:49,7,33.2,AH0,252,36.8211744,Day,F,L,A,MYSE
151.909,8443,6/3/2015,5/31/2015,20:43:49,7,24.9,AH0,244,19.5458117,Day,F,L,A,MYSE
151.909,8443,6/3/2015,5/28/2015,20:43:50,7,31.1,AH0,253,34.2293523,Day,F,L,A,MYSE
151.909,8443,6/3/2015,5/25/2015,20:43:51,7,29.6,AH0,255,31.7239488,Day,F,L,A,MYSE
151.909,8443,6/3/2015,5/29/2015,20:43:51,7,32.5,AH0,254,36.0665625,Day,F,L,A,MYSE
151.909,8443,6/3/2015,5/30/2015,20:43:51,7,33.2,AH0,250,36.8211744,Day,F,L,A,MYSE
151.909,8443,6/3/2015,5/24/2015,20:43:52,7,31.9,AH0,255,35.3347947,Day,F,L,A,MYSE
151.909,8443,6/3/2015,5/28/2015,20:43:52,7,31.1,AH0,253,34.2293523,Day,F,L,A,MYSE
151.909,8443,6/3/2015,5/24/2015,20:43:54,7,31.9,AH0,255,35.3347947,Day,F,L,A,MYSE
151.909,8443,6/3/2015,5/24/2015,20:43:56,7,31.9,AH0,255,35.3347947,Day,F,L,A,MYSE
151.909,8443,6/3/2015,5/26/2015,20:43:57,7,27.7,AH0,255,27.6506889,Day,F,L,A,MYSE
151.909,8443,6/3/2015,5/24/2015,20:43:58,7,32,AH0,255,35.4624,Day,F,L,A,MYSE
151.909,8443,6/3/2015,5/26/2015,20:43:59,7,27.7,AH0,254,27.6506889,Day,F,L,A,MYSE
151.909,8443,6/3/2015,5/26/2015,20:44:01,7,27.7,AH0,255,27.6506889,Day,F,L,A,MYSE
151.909,8443,6/3/2015,5/26/2015,20:44:03,7,27.7,AH0,254,27.6506889,Day,F,L,A,MYSE
151.909,8443,6/3/2015,5/29/2015,20:44:04,7,32.5,AH0,254,36.0665625,Day,F,L,A,MYSE
151.909,8443,6/3/2015,5/31/2015,20:44:04,7,24.9,AH0,245,19.5458117,Day,F,L,A,MYSE
151.909,8443,6/3/2015,5/29/2015,20:44:05,7,32.5,AH0,254,36.0665625,Day,F,L,A,MYSE
151.909,8443,6/3/2015,5/30/2015,20:44:05,7,33.2,AH0,246,36.8211744,Day,F,L,A,MYSE
151.909,8443,6/3/2015,5/25/2015,20:44:06,7,29.7,AH0,255,31.9095509,Day,F,L,A,MYSE
151.909,8443,6/3/2015,5/28/2015,20:44:06,7,31.1,AH0,252,34.2293523,Day,F,L,A,MYSE
151.909,8443,6/3/2015,5/31/2015,20:44:06,7,24.9,AH0,246,19.5458117,Day,F,L,A,MYSE
151.909,8443,6/3/2015,5/29/2015,20:44:07,7,32.5,AH0,254,36.0665625,Day,F,L,A,MYSE
151.909,8443,6/3/2015,5/30/2015,20:44:07,7,33.2,AH0,247,36.8211744,Day,F,L,A,MYSE
151.909,8443,6/3/2015,5/25/2015,20:44:08,7,29.7,AH0,255,31.9095509,Day,F,L,A,MYSE
151.909,8443,6/3/2015,5/28/2015,20:44:08,7,31,AH0,254,34.0803,Day,F,L,A,MYSE
151.909,8443,6/3/2015,5/29/2015,20:44:09,7,32.5,AH0,253,36.0665625,Day,F,L,A,MYSE
151.909,8443,6/3/2015,5/30/2015,20:44:09,7,33.2,AH0,246,36.8211744,Day,F,L,A,MYSE
151.909,8443,6/3/2015,5/31/2015,20:44:09,7,24.9,AH0,248,19.5458117,Day,F,L,A,MYSE
151.909,8443,6/3/2015,5/25/2015,20:44:10,7,29.7,AH0,255,31.9095509,Day,F,L,A,MYSE
151.909,8443,6/3/2015,5/28/2015,20:44:10,7,31,AH0,253,34.0803,Day,F,L,A,MYSE
151.909,8443,6/3/2015,5/30/2015,20:44:10,7,33.2,AH0,244,36.8211744,Day,F,L,A,MYSE
151.909,8443,6/3/2015,5/24/2015,20:44:11,7,32.1,AH0,255,35.5877213,Day,F,L,A,MYSE
151.909,8443,6/3/2015,5/29/2015,20:44:11,7,32.5,AH0,255,36.0665625,Day,F,L,A,MYSE
151.909,8443,6/3/2015,5/25/2015,20:44:12,7,29.7,AH0,255,31.9095509,Day,F,L,A,MYSE
151.909,8443,6/3/2015,5/28/2015,20:44:12,7,31.1,AH0,254,34.2293523,Day,F,L,A,MYSE
151.909,8443,6/3/2015,5/24/2015,20:44:13,7,32.1,AH0,255,35.5877213,Day,F,L,A,MYSE
151.909,8443,6/3/2015,5/24/2015,20:44:14,7,32.1,AH0,255,35.5877213,Day,F,L,A,MYSE
151.909,8443,6/3/2015,5/24/2015,20:44:16,7,32.1,AH0,255,35.5877213,Day,F,L,A,MYSE
151.909,8443,6/3/2015,5/26/2015,20:44:16,7,27.6,AH0,255,27.4061408,Day,F,L,A,MYSE
151.909,8443,6/3/2015,5/24/2015,20:44:18,7,32.2,AH0,255,35.7107784,Day,F,L,A,MYSE
151.909,8443,6/3/2015,5/26/2015,20:44:18,7,27.6,AH0,255,27.4061408,Day,F,L,A,MYSE
151.909,8443,6/3/2015,5/26/2015,20:44:21,7,27.6,AH0,252,27.4061408,Day,F,L,A,MYSE
151.909,8443,6/3/2015,5/26/2015,20:44:23,7,27.6,AH0,254,27.4061408,Day,F,L,A,MYSE
151.909,8443,6/3/2015,5/29/2015,20:44:24,7,32.5,AH0,254,36.0665625,Day,F,L,A,MYSE
151.909,8443,6/3/2015,5/28/2015,20:44:25,7,31.1,AH0,252,34.2293523,Day,F,L,A,MYSE
151.909,8443,6/3/2015,5/30/2015,20:44:25,7,33.2,AH0,250,36.8211744,Day,F,L,A,MYSE
151.909,8443,6/3/2015,5/31/2015,20:44:25,7,24.9,AH0,248,19.5458117,Day,F,L,A,MYSE
151.909,8443,6/3/2015,5/25/2015,20:44:26,7,29.7,AH0,255,31.9095509,Day,F,L,A,MYSE
151.909,8443,6/3/2015,5/29/2015,20:44:26,7,32.5,AH0,254,36.0665625,Day,F,L,A,MYSE
151.909,8443,6/3/2015,5/28/2015,20:44:27,7,31,AH0,252,34.0803,Day,F,L,A,MYSE
151.909,8443,6/3/2015,5/30/2015,20:44:27,7,33.2,AH0,249,36.8211744,Day,F,L,A,MYSE
151.909,8443,6/3/2015,5/25/2015,20:44:28,7,29.7,AH0,255,31.9095509,Day,F,L,A,MYSE
151.909,8443,6/3/2015,5/29/2015,20:44:28,7,32.6,AH0,254,36.1807608,Day,F,L,A,MYSE
151.909,8443,6/3/2015,5/31/2015,20:44:28,7,24.9,AH0,245,19.5458117,Day,F,L,A,MYSE
151.909,8443,6/3/2015,5/28/2015,20:44:29,7,31.1,AH0,251,34.2293523,Day,F,L,A,MYSE
151.909,8443,6/3/2015,5/29/2015,20:44:29,7,32.6,AH0,253,36.1807608,Day,F,L,A,MYSE
151.909,8443,6/3/2015,5/30/2015,20:44:29,7,33.2,AH0,248,36.8211744,Day,F,L,A,MYSE
151.909,8443,6/3/2015,5/25/2015,20:44:30,7,29.7,AH0,255,31.9095509,Day,F,L,A,MYSE
151.909,8443,6/3/2015,5/30/2015,20:44:30,7,33.2,AH0,248,36.8211744,Day,F,L,A,MYSE
151.909,8443,6/3/2015,5/31/2015,20:44:30,7,24.9,AH0,245,19.5458117,Day,F,L,A,MYSE
151.909,8443,6/3/2015,5/24/2015,20:44:31,7,32.1,AH0,255,35.5877213,Day,F,L,A,MYSE
151.909,8443,6/3/2015,5/28/2015,20:44:31,7,31,AH0,251,34.0803,Day,F,L,A,MYSE
151.909,8443,6/3/2015,5/29/2015,20:44:31,7,32.5,AH0,252,36.0665625,Day,F,L,A,MYSE
151.909,8443,6/3/2015,5/25/2015,20:44:32,7,29.7,AH0,255,31.9095509,Day,F,L,A,MYSE
151.909,8443,6/3/2015,5/24/2015,20:44:33,7,32.1,AH0,255,35.5877213,Day,F,L,A,MYSE
151.909,8443,6/3/2015,5/28/2015,20:44:33,7,31.1,AH0,252,34.2293523,Day,F,L,A,MYSE
151.909,8443,6/3/2015,5/24/2015,20:44:35,7,32.1,AH0,255,35.5877213,Day,F,L,A,MYSE
151.909,8443,6/3/2015,5/26/2015,20:44:36,7,27.6,AH0,255,27.4061408,Day,F,L,A,MYSE
151.909,8443,6/3/2015,5/24/2015,20:44:37,7,32.1,AH0,255,35.5877213,Day,F,L,A,MYSE
151.909,8443,6/3/2015,5/26/2015,20:44:38,7,27.6,AH0,254,27.4061408,Day,F,L,A,MYSE
151.909,8443,6/3/2015,5/26/2015,20:44:40,7,27.6,AH0,253,27.4061408,Day,F,L,A,MYSE
151.909,8443,6/3/2015,5/26/2015,20:44:42,7,27.6,AH0,254,27.4061408,Day,F,L,A,MYSE
151.909,8443,6/3/2015,5/29/2015,20:44:44,7,32.6,AH0,254,36.1807608,Day,F,L,A,MYSE
151.909,8443,6/3/2015,5/30/2015,20:44:45,7,33.2,AH0,249,36.8211744,Day,F,L,A,MYSE
151.909,8443,6/3/2015,5/31/2015,20:44:45,7,24.9,AH0,245,19.5458117,Day,F,L,A,MYSE
151.909,8443,6/3/2015,5/25/2015,20:44:46,7,29.8,AH0,255,32.0924136,Day,F,L,A,MYSE
151.909,8443,6/3/2015,5/28/2015,20:44:46,7,31.1,AH0,250,34.2293523,Day,F,L,A,MYSE
151.909,8443,6/3/2015,5/29/2015,20:44:46,7,32.6,AH0,255,36.1807608,Day,F,L,A,MYSE
151.909,8443,6/3/2015,5/30/2015,20:44:47,7,33.2,AH0,247,36.8211744,Day,F,L,A,MYSE
151.909,8443,6/3/2015,5/31/2015,20:44:47,7,24.9,AH0,246,19.5458117,Day,F,L,A,MYSE
151.909,8443,6/3/2015,5/25/2015,20:44:48,7,29.8,AH0,255,32.0924136,Day,F,L,A,MYSE
151.909,8443,6/3/2015,5/28/2015,20:44:48,7,31.1,AH0,252,34.2293523,Day,F,L,A,MYSE
151.909,8443,6/3/2015,5/29/2015,20:44:48,7,32.6,AH0,254,36.1807608,Day,F,L,A,MYSE
151.909,8443,6/3/2015,5/30/2015,20:44:48,7,33.2,AH0,249,36.8211744,Day,F,L,A,MYSE
151.909,8443,6/3/2015,5/31/2015,20:44:49,7,24.9,AH0,244,19.5458117,Day,F,L,A,MYSE
151.909,8443,6/3/2015,5/25/2015,20:44:50,7,29.8,AH0,255,32.0924136,Day,F,L,A,MYSE
151.909,8443,6/3/2015,5/28/2015,20:44:50,7,31.1,AH0,253,34.2293523,Day,F,L,A,MYSE
151.909,8443,6/3/2015,5/29/2015,20:44:50,7,32.6,AH0,253,36.1807608,Day,F,L,A,MYSE
151.909,8443,6/3/2015,5/30/2015,20:44:50,7,33.2,AH0,248,36.8211744,Day,F,L,A,MYSE
151.909,8443,6/3/2015,5/29/2015,20:44:51,7,32.6,AH0,254,36.1807608,Day,F,L,A,MYSE
151.909,8443,6/3/2015,5/24/2015,20:44:52,7,32.1,AH0,255,35.5877213,Day,F,L,A,MYSE
151.909,8443,6/3/2015,5/25/2015,20:44:52,7,29.8,AH0,255,32.0924136,Day,F,L,A,MYSE
151.909,8443,6/3/2015,5/28/2015,20:44:52,7,31.1,AH0,252,34.2293523,Day,F,L,A,MYSE
151.909,8443,6/3/2015,5/24/2015,20:44:54,7,32.1,AH0,255,35.5877213,Day,F,L,A,MYSE
151.909,8443,6/3/2015,5/24/2015,20:44:56,7,32.1,AH0,255,35.5877213,Day,F,L,A,MYSE
151.909,8443,6/3/2015,5/24/2015,20:44:57,7,32.1,AH0,255,35.5877213,Day,F,L,A,MYSE
151.909,8443,6/3/2015,5/26/2015,20:44:57,7,27.6,AH0,254,27.4061408,Day,F,L,A,MYSE
151.909,8443,6/3/2015,5/26/2015,20:45:00,7,27.6,AH0,251,27.4061408,Day,F,L,A,MYSE
151.909,8443,6/3/2015,5/26/2015,20:45:02,7,27.6,AH0,255,27.4061408,Day,F,L,A,MYSE
151.909,8443,6/3/2015,5/29/2015,20:45:04,7,32.6,AH0,255,36.1807608,Day,F,L,A,MYSE
151.909,8443,6/3/2015,5/31/2015,20:45:04,7,24.9,AH0,246,19.5458117,Day,F,L,A,MYSE
151.909,8443,6/3/2015,5/30/2015,20:45:05,7,33.3,AH0,248,36.9206321,Day,F,L,A,MYSE
151.909,8443,6/3/2015,5/25/2015,20:45:06,7,29.8,AH0,255,32.0924136,Day,F,L,A,MYSE
151.909,8443,6/3/2015,5/28/2015,20:45:06,7,31.1,AH0,251,34.2293523,Day,F,L,A,MYSE
151.909,8443,6/3/2015,5/29/2015,20:45:06,7,32.6,AH0,254,36.1807608,Day,F,L,A,MYSE
151.909,8443,6/3/2015,5/30/2015,20:45:06,7,33.3,AH0,250,36.9206321,Day,F,L,A,MYSE
151.909,8443,6/3/2015,5/31/2015,20:45:06,7,24.9,AH0,248,19.5458117,Day,F,L,A,MYSE
151.909,8443,6/3/2015,5/25/2015,20:45:08,7,29.8,AH0,255,32.0924136,Day,F,L,A,MYSE
151.909,8443,6/3/2015,5/28/2015,20:45:08,7,31.1,AH0,252,34.2293523,Day,F,L,A,MYSE
151.909,8443,6/3/2015,5/29/2015,20:45:08,7,32.6,AH0,253,36.1807608,Day,F,L,A,MYSE
151.909,8443,6/3/2015,5/30/2015,20:45:08,7,33.3,AH0,247,36.9206321,Day,F,L,A,MYSE
151.909,8443,6/3/2015,5/31/2015,20:45:09,7,24.9,AH0,246,19.5458117,Day,F,L,A,MYSE
151.909,8443,6/3/2015,5/24/2015,20:45:10,7,32.2,AH0,255,35.7107784,Day,F,L,A,MYSE
151.909,8443,6/3/2015,5/25/2015,20:45:10,7,29.8,AH0,255,32.0924136,Day,F,L,A,MYSE
151.909,8443,6/3/2015,5/28/2015,20:45:10,7,31.2,AH0,251,34.3759424,Day,F,L,A,MYSE
151.909,8443,6/3/2015,5/29/2015,20:45:10,7,32.6,AH0,253,36.1807608,Day,F,L,A,MYSE
151.909,8443,6/3/2015,5/30/2015,20:45:10,7,33.3,AH0,248,36.9206321,Day,F,L,A,MYSE
151.909,8443,6/3/2015,5/28/2015,20:45:11,7,31.2,AH0,251,34.3759424,Day,F,L,A,MYSE
151.909,8443,6/3/2015,5/24/2015,20:45:12,7,32.2,AH0,255,35.7107784,Day,F,L,A,MYSE
151.909,8443,6/3/2015,5/25/2015,20:45:12,7,29.8,AH0,255,32.0924136,Day,F,L,A,MYSE
151.909,8443,6/3/2015,5/30/2015,20:45:12,7,33.3,AH0,250,36.9206321,Day,F,L,A,MYSE
151.909,8443,6/3/2015,5/24/2015,20:45:14,7,32.2,AH0,255,35.7107784,Day,F,L,A,MYSE
151.909,8443,6/3/2015,5/24/2015,20:45:16,7,32.2,AH0,255,35.7107784,Day,F,L,A,MYSE
151.909,8443,6/3/2015,5/26/2015,20:45:17,7,27.6,AH0,255,27.4061408,Day,F,L,A,MYSE
151.909,8443,6/3/2015,5/24/2015,20:45:18,7,32.2,AH0,255,35.7107784,Day,F,L,A,MYSE
151.909,8443,6/3/2015,5/26/2015,20:45:19,7,27.6,AH0,255,27.4061408,Day,F,L,A,MYSE
151.909,8443,6/3/2015,5/26/2015,20:45:21,7,27.6,AH0,255,27.4061408,Day,F,L,A,MYSE
151.909,8443,6/3/2015,5/31/2015,20:45:23,7,24.9,AH0,245,19.5458117,Day,F,L,A,MYSE
151.909,8443,6/3/2015,5/30/2015,20:45:24,7,33.3,AH0,248,36.9206321,Day,F,L,A,MYSE
151.909,8443,6/3/2015,5/29/2015,20:45:25,7,32.6,AH0,254,36.1807608,Day,F,L,A,MYSE
151.909,8443,6/3/2015,5/25/2015,20:45:26,7,29.8,AH0,255,32.0924136,Day,F,L,A,MYSE
151.909,8443,6/3/2015,5/29/2015,20:45:26,7,32.6,AH0,253,36.1807608,Day,F,L,A,MYSE
151.909,8443,6/3/2015,5/30/2015,20:45:26,7,33.3,AH0,250,36.9206321,Day,F,L,A,MYSE
151.909,8443,6/3/2015,5/31/2015,20:45:26,7,24.9,AH0,248,19.5458117,Day,F,L,A,MYSE
151.909,8443,6/3/2015,5/28/2015,20:45:27,7,31.2,AH0,252,34.3759424,Day,F,L,A,MYSE
151.909,8443,6/3/2015,5/25/2015,20:45:28,7,29.8,AH0,255,32.0924136,Day,F,L,A,MYSE
151.909,8443,6/3/2015,5/29/2015,20:45:28,7,32.6,AH0,254,36.1807608,Day,F,L,A,MYSE
151.909,8443,6/3/2015,5/30/2015,20:45:28,7,33.3,AH0,250,36.9206321,Day,F,L,A,MYSE
151.909,8443,6/3/2015,5/31/2015,20:45:28,7,24.9,AH0,246,19.5458117,Day,F,L,A,MYSE
151.909,8443,6/3/2015,5/28/2015,20:45:29,7,31.3,AH0,252,34.5200901,Day,F,L,A,MYSE
151.909,8443,6/3/2015,5/25/2015,20:45:30,7,29.8,AH0,255,32.0924136,Day,F,L,A,MYSE
151.909,8443,6/3/2015,5/29/2015,20:45:30,7,32.6,AH0,254,36.1807608,Day,F,L,A,MYSE
151.909,8443,6/3/2015,5/30/2015,20:45:30,7,33.3,AH0,245,36.9206321,Day,F,L,A,MYSE
151.909,8443,6/3/2015,5/31/2015,20:45:30,7,24.9,AH0,248,19.5458117,Day,F,L,A,MYSE
151.909,8443,6/3/2015,5/24/2015,20:45:31,7,32.2,AH0,255,35.7107784,Day,F,L,A,MYSE
151.909,8443,6/3/2015,5/28/2015,20:45:31,7,31.3,AH0,252,34.5200901,Day,F,L,A,MYSE
151.909,8443,6/3/2015,5/30/2015,20:45:32,7,33.3,AH0,249,36.9206321,Day,F,L,A,MYSE
151.909,8443,6/3/2015,5/24/2015,20:45:33,7,32.2,AH0,255,35.7107784,Day,F,L,A,MYSE
151.909,8443,6/3/2015,5/28/2015,20:45:33,7,31.3,AH0,250,34.5200901,Day,F,L,A,MYSE
151.909,8443,6/3/2015,5/24/2015,20:45:35,7,32.2,AH0,255,35.7107784,Day,F,L,A,MYSE
151.909,8443,6/3/2015,5/24/2015,20:45:37,7,32.2,AH0,255,35.7107784,Day,F,L,A,MYSE
151.909,8443,6/3/2015,5/26/2015,20:45:37,7,27.7,AH0,255,27.6506889,Day,F,L,A,MYSE
151.909,8443,6/3/2015,5/26/2015,20:45:39,7,27.7,AH0,255,27.6506889,Day,F,L,A,MYSE
151.909,8443,6/3/2015,5/26/2015,20:45:41,7,27.7,AH0,255,27.6506889,Day,F,L,A,MYSE
151.909,8443,6/3/2015,5/26/2015,20:45:43,7,27.8,AH0,255,27.8921016,Day,F,L,A,MYSE
151.909,8443,6/3/2015,5/25/2015,20:45:44,7,29.8,AH0,255,32.0924136,Day,F,L,A,MYSE
151.909,8443,6/3/2015,5/30/2015,20:45:44,7,33.3,AH0,245,36.9206321,Day,F,L,A,MYSE
151.909,8443,6/3/2015,5/29/2015,20:45:45,7,32.6,AH0,254,36.1807608,Day,F,L,A,MYSE
151.909,8443,6/3/2015,5/31/2015,20:45:45,7,24.9,AH0,248,19.5458117,Day,F,L,A,MYSE
151.909,8443,6/3/2015,5/25/2015,20:45:46,7,29.8,AH0,255,32.0924136,Day,F,L,A,MYSE
151.909,8443,6/3/2015,5/28/2015,20:45:46,7,31.3,AH0,252,34.5200901,Day,F,L,A,MYSE
151.909,8443,6/3/2015,5/30/2015,20:45:46,7,33.3,AH0,249,36.9206321,Day,F,L,A,MYSE
151.909,8443,6/3/2015,5/29/2015,20:45:47,7,32.6,AH0,254,36.1807608,Day,F,L,A,MYSE
151.909,8443,6/3/2015,5/31/2015,20:45:47,7,24.9,AH0,247,19.5458117,Day,F,L,A,MYSE
151.909,8443,6/3/2015,5/25/2015,20:45:48,7,29.8,AH0,255,32.0924136,Day,F,L,A,MYSE
151.909,8443,6/3/2015,5/28/2015,20:45:48,7,31.3,AH0,248,34.5200901,Day,F,L,A,MYSE
151.909,8443,6/3/2015,5/30/2015,20:45:48,7,33.3,AH0,248,36.9206321,Day,F,L,A,MYSE
151.909,8443,6/3/2015,5/29/2015,20:45:49,7,32.6,AH0,254,36.1807608,Day,F,L,A,MYSE
151.909,8443,6/3/2015,5/25/2015,20:45:50,7,29.8,AH0,255,32.0924136,Day,F,L,A,MYSE
151.909,8443,6/3/2015,5/28/2015,20:45:50,7,31.4,AH0,250,34.6618152,Day,F,L,A,MYSE
151.909,8443,6/3/2015,5/29/2015,20:45:50,7,32.6,AH0,254,36.1807608,Day,F,L,A,MYSE
151.909,8443,6/3/2015,5/30/2015,20:45:50,7,33.3,AH0,246,36.9206321,Day,F,L,A,MYSE
151.909,8443,6/3/2015,5/31/2015,20:45:50,7,24.9,AH0,246,19.5458117,Day,F,L,A,MYSE
151.909,8443,6/3/2015,5/24/2015,20:45:51,7,32.2,AH0,255,35.7107784,Day,F,L,A,MYSE
151.909,8443,6/3/2015,5/30/2015,20:45:51,7,33.3,AH0,246,36.9206321,Day,F,L,A,MYSE
151.909,8443,6/3/2015,5/28/2015,20:45:52,7,31.4,AH0,247,34.6618152,Day,F,L,A,MYSE
151.909,8443,6/3/2015,5/24/2015,20:45:53,7,32.2,AH0,255,35.7107784,Day,F,L,A,MYSE
151.909,8443,6/3/2015,5/24/2015,20:45:55,7,32.3,AH0,255,35.8315911,Day,F,L,A,MYSE
151.909,8443,6/3/2015,5/26/2015,20:45:56,7,27.8,AH0,255,27.8921016,Day,F,L,A,MYSE
151.909,8443,6/3/2015,5/24/2015,20:45:57,7,32.4,AH0,255,35.9501792,Day,F,L,A,MYSE
151.909,8443,6/3/2015,5/26/2015,20:45:58,7,27.8,AH0,255,27.8921016,Day,F,L,A,MYSE
151.909,8443,6/3/2015,5/26/2015,20:46:00,7,27.8,AH0,254,27.8921016,Day,F,L,A,MYSE
151.909,8443,6/3/2015,5/26/2015,20:46:02,7,27.8,AH0,255,27.8921016,Day,F,L,A,MYSE
151.909,8443,6/3/2015,5/25/2015,20:46:04,7,29.8,AH0,255,32.0924136,Day,F,L,A,MYSE
151.909,8443,6/3/2015,5/30/2015,20:46:04,7,33.4,AH0,245,37.0180632,Day,F,L,A,MYSE
151.909,8443,6/3/2015,5/31/2015,20:46:04,7,24.9,AH0,248,19.5458117,Day,F,L,A,MYSE
151.909,8443,6/3/2015,5/28/2015,20:46:05,7,31.4,AH0,250,34.6618152,Day,F,L,A,MYSE
151.909,8443,6/3/2015,5/29/2015,20:46:05,7,32.6,AH0,254,36.1807608,Day,F,L,A,MYSE
151.909,8443,6/3/2015,5/25/2015,20:46:06,7,29.8,AH0,255,32.0924136,Day,F,L,A,MYSE
151.909,8443,6/3/2015,5/30/2015,20:46:06,7,33.4,AH0,244,37.0180632,Day,F,L,A,MYSE
151.909,8443,6/3/2015,5/31/2015,20:46:06,7,24.9,AH0,247,19.5458117,Day,F,L,A,MYSE
151.909,8443,6/3/2015,5/28/2015,20:46:07,7,31.4,AH0,252,34.6618152,Day,F,L,A,MYSE
151.909,8443,6/3/2015,5/29/2015,20:46:07,7,32.6,AH0,254,36.1807608,Day,F,L,A,MYSE
151.909,8443,6/3/2015,5/25/2015,20:46:08,7,29.8,AH0,255,32.0924136,Day,F,L,A,MYSE
151.909,8443,6/3/2015,5/30/2015,20:46:08,7,33.4,AH0,246,37.0180632,Day,F,L,A,MYSE
151.909,8443,6/3/2015,5/28/2015,20:46:09,7,31.4,AH0,252,34.6618152,Day,F,L,A,MYSE
151.909,8443,6/3/2015,5/29/2015,20:46:09,7,32.6,AH0,255,36.1807608,Day,F,L,A,MYSE
151.909,8443,6/3/2015,5/30/2015,20:46:09,7,33.4,AH0,247,37.0180632,Day,F,L,A,MYSE
151.909,8443,6/3/2015,5/31/2015,20:46:09,7,24.9,AH0,247,19.5458117,Day,F,L,A,MYSE
151.909,8443,6/3/2015,5/25/2015,20:46:10,7,29.8,AH0,255,32.0924136,Day,F,L,A,MYSE
151.909,8443,6/3/2015,5/28/2015,20:46:11,7,31.5,AH0,251,34.8011375,Day,F,L,A,MYSE
151.909,8443,6/3/2015,5/29/2015,20:46:11,7,32.6,AH0,254,36.1807608,Day,F,L,A,MYSE
151.909,8443,6/3/2015,5/30/2015,20:46:11,7,33.4,AH0,246,37.0180632,Day,F,L,A,MYSE
151.909,8443,6/3/2015,5/24/2015,20:46:12,7,32.1,AH0,255,35.5877213,Day,F,L,A,MYSE
151.909,8443,6/3/2015,5/28/2015,20:46:13,7,31.5,AH0,248,34.8011375,Day,F,L,A,MYSE
151.909,8443,6/3/2015,5/24/2015,20:46:14,7,32.1,AH0,255,35.5877213,Day,F,L,A,MYSE
151.909,8443,6/3/2015,5/24/2015,20:46:16,7,32,AH0,255,35.4624,Day,F,L,A,MYSE
151.909,8443,6/3/2015,5/24/2015,20:46:18,7,32,AH0,231,35.4624,Day,F,L,A,MYSE
151.909,8443,6/3/2015,5/26/2015,20:46:18,7,27.8,AH0,254,27.8921016,Day,F,L,A,MYSE
151.909,8443,6/3/2015,5/26/2015,20:46:20,7,27.9,AH0,254,28.1303987,Day,F,L,A,MYSE
151.909,8443,6/3/2015,5/26/2015,20:46:22,7,27.9,AH0,253,28.1303987,Day,F,L,A,MYSE
151.909,8443,6/3/2015,5/29/2015,20:46:23,7,32.7,AH0,255,36.2927939,Day,F,L,A,MYSE
151.909,8443,6/3/2015,5/31/2015,20:46:23,7,25,AH0,243,19.8825,Day,F,L,A,MYSE
151.909,8443,6/3/2015,5/30/2015,20:46:24,7,33.4,AH0,246,37.0180632,Day,F,L,A,MYSE
151.909,8443,6/3/2015,5/25/2015,20:46:25,7,29.9,AH0,255,32.2725567,Day,F,L,A,MYSE
151.909,8443,6/3/2015,5/29/2015,20:46:25,7,32.7,AH0,255,36.2927939,Day,F,L,A,MYSE
151.909,8443,6/3/2015,5/28/2015,20:46:26,7,31.4,AH0,254,34.6618152,Day,F,L,A,MYSE
151.909,8443,6/3/2015,5/30/2015,20:46:26,7,33.4,AH0,247,37.0180632,Day,F,L,A,MYSE
151.909,8443,6/3/2015,5/31/2015,20:46:26,7,25,AH0,247,19.8825,Day,F,L,A,MYSE
151.909,8443,6/3/2015,5/25/2015,20:46:27,7,29.8,AH0,255,32.0924136,Day,F,L,A,MYSE
151.909,8443,6/3/2015,5/29/2015,20:46:27,7,32.7,AH0,254,36.2927939,Day,F,L,A,MYSE
151.909,8443,6/3/2015,5/30/2015,20:46:27,7,33.4,AH0,246,37.0180632,Day,F,L,A,MYSE
151.909,8443,6/3/2015,5/28/2015,20:46:28,7,31.4,AH0,253,34.6618152,Day,F,L,A,MYSE
151.909,8443,6/3/2015,5/31/2015,20:46:28,7,25,AH0,246,19.8825,Day,F,L,A,MYSE
151.909,8443,6/3/2015,5/25/2015,20:46:29,7,29.9,AH0,255,32.2725567,Day,F,L,A,MYSE
151.909,8443,6/3/2015,5/29/2015,20:46:29,7,32.7,AH0,255,36.2927939,Day,F,L,A,MYSE
151.909,8443,6/3/2015,5/30/2015,20:46:29,7,33.4,AH0,245,37.0180632,Day,F,L,A,MYSE
151.909,8443,6/3/2015,5/28/2015,20:46:30,7,31.4,AH0,254,34.6618152,Day,F,L,A,MYSE
151.909,8443,6/3/2015,5/31/2015,20:46:30,7,24.9,AH0,247,19.5458117,Day,F,L,A,MYSE
151.909,8443,6/3/2015,5/24/2015,20:46:31,7,32,AH0,255,35.4624,Day,F,L,A,MYSE
151.909,8443,6/3/2015,5/25/2015,20:46:31,7,29.9,AH0,255,32.2725567,Day,F,L,A,MYSE
151.909,8443,6/3/2015,5/29/2015,20:46:31,7,32.7,AH0,255,36.2927939,Day,F,L,A,MYSE
151.909,8443,6/3/2015,5/30/2015,20:46:31,7,33.5,AH0,245,37.1134875,Day,F,L,A,MYSE
151.909,8443,6/3/2015,5/28/2015,20:46:32,7,31.5,AH0,254,34.8011375,Day,F,L,A,MYSE
151.909,8443,6/3/2015,5/24/2015,20:46:33,7,32,AH0,255,35.4624,Day,F,L,A,MYSE
151.909,8443,6/3/2015,5/24/2015,20:46:34,7,32.2,AH0,255,35.7107784,Day,F,L,A,MYSE
151.909,8443,6/3/2015,5/24/2015,20:46:36,7,32.3,AH0,255,35.8315911,Day,F,L,A,MYSE
151.909,8443,6/3/2015,5/26/2015,20:46:37,7,27.9,AH0,254,28.1303987,Day,F,L,A,MYSE
151.909,8443,6/3/2015,5/24/2015,20:46:38,7,32.4,AH0,255,35.9501792,Day,F,L,A,MYSE
151.909,8443,6/3/2015,5/26/2015,20:46:39,7,27.9,AH0,255,28.1303987,Day,F,L,A,MYSE
151.909,8443,6/3/2015,5/26/2015,20:46:41,7,27.9,AH0,255,28.1303987,Day,F,L,A,MYSE
151.909,8443,6/3/2015,5/29/2015,20:46:44,7,32.6,AH0,255,36.1807608,Day,F,L,A,MYSE
151.909,8443,6/3/2015,5/25/2015,20:46:45,7,29.9,AH0,255,32.2725567,Day,F,L,A,MYSE
151.909,8443,6/3/2015,5/28/2015,20:46:45,7,31.5,AH0,254,34.8011375,Day,F,L,A,MYSE
151.909,8443,6/3/2015,5/30/2015,20:46:45,7,33.4,AH0,246,37.0180632,Day,F,L,A,MYSE
151.909,8443,6/3/2015,5/31/2015,20:46:45,7,24.9,AH0,247,19.5458117,Day,F,L,A,MYSE
151.909,8443,6/3/2015,5/29/2015,20:46:46,7,32.6,AH0,255,36.1807608,Day,F,L,A,MYSE
151.909,8443,6/3/2015,5/25/2015,20:46:47,7,29.9,AH0,255,32.2725567,Day,F,L,A,MYSE
151.909,8443,6/3/2015,5/28/2015,20:46:47,7,31.5,AH0,253,34.8011375,Day,F,L,A,MYSE
151.909,8443,6/3/2015,5/29/2015,20:46:47,7,32.6,AH0,255,36.1807608,Day,F,L,A,MYSE
151.909,8443,6/3/2015,5/30/2015,20:46:47,7,33.4,AH0,245,37.0180632,Day,F,L,A,MYSE
151.909,8443,6/3/2015,5/31/2015,20:46:47,7,24.9,AH0,247,19.5458117,Day,F,L,A,MYSE
151.909,8443,6/3/2015,5/25/2015,20:46:49,7,30,AH0,255,32.45,Day,F,L,A,MYSE
151.909,8443,6/3/2015,5/28/2015,20:46:49,7,31.5,AH0,255,34.8011375,Day,F,L,A,MYSE
151.909,8443,6/3/2015,5/29/2015,20:46:49,7,32.6,AH0,254,36.1807608,Day,F,L,A,MYSE
151.909,8443,6/3/2015,5/30/2015,20:46:49,7,33.4,AH0,242,37.0180632,Day,F,L,A,MYSE
151.909,8443,6/3/2015,5/31/2015,20:46:50,7,24.9,AH0,247,19.5458117,Day,F,L,A,MYSE
151.909,8443,6/3/2015,5/24/2015,20:46:51,7,32.9,AH0,255,36.5104437,Day,F,L,A,MYSE
151.909,8443,6/3/2015,5/25/2015,20:46:51,7,30,AH0,255,32.45,Day,F,L,A,MYSE
151.909,8443,6/3/2015,5/28/2015,20:46:51,7,31.6,AH0,254,34.9380768,Day,F,L,A,MYSE
151.909,8443,6/3/2015,5/29/2015,20:46:51,7,32.6,AH0,255,36.1807608,Day,F,L,A,MYSE
151.909,8443,6/3/2015,5/30/2015,20:46:51,7,33.4,AH0,241,37.0180632,Day,F,L,A,MYSE
151.909,8443,6/3/2015,5/24/2015,20:46:53,7,33,AH0,255,36.6161,Day,F,L,A,MYSE
151.909,8443,6/3/2015,5/28/2015,20:46:53,7,31.6,AH0,255,34.9380768,Day,F,L,A,MYSE
151.909,8443,6/3/2015,5/24/2015,20:46:55,7,33,AH0,255,36.6161,Day,F,L,A,MYSE
151.909,8443,6/3/2015,5/24/2015,20:46:56,7,32.9,AH0,255,36.5104437,Day,F,L,A,MYSE
151.909,8443,6/3/2015,5/26/2015,20:46:56,7,28,AH0,255,28.3656,Day,F,L,A,MYSE
151.909,8443,6/3/2015,5/26/2015,20:46:58,7,28,AH0,255,28.3656,Day,F,L,A,MYSE
151.909,8443,6/3/2015,5/26/2015,20:47:01,7,28,AH0,254,28.3656,Day,F,L,A,MYSE
151.909,8443,6/3/2015,5/26/2015,20:47:03,7,28,AH0,255,28.3656,Day,F,L,A,MYSE
151.909,8443,6/3/2015,5/29/2015,20:47:04,7,32.6,AH0,254,36.1807608,Day,F,L,A,MYSE
151.909,8443,6/3/2015,5/31/2015,20:47:04,7,24.9,AH0,244,19.5458117,Day,F,L,A,MYSE
151.909,8443,6/3/2015,5/25/2015,20:47:05,7,30,AH0,255,32.45,Day,F,L,A,MYSE
151.909,8443,6/3/2015,5/30/2015,20:47:05,7,33.4,AH0,248,37.0180632,Day,F,L,A,MYSE
151.909,8443,6/3/2015,5/28/2015,20:47:06,7,31.6,AH0,254,34.9380768,Day,F,L,A,MYSE
151.909,8443,6/3/2015,5/29/2015,20:47:06,7,32.6,AH0,253,36.1807608,Day,F,L,A,MYSE
151.909,8443,6/3/2015,5/25/2015,20:47:07,7,30,AH0,255,32.45,Day,F,L,A,MYSE
151.909,8443,6/3/2015,5/30/2015,20:47:07,7,33.4,AH0,248,37.0180632,Day,F,L,A,MYSE
151.909,8443,6/3/2015,5/31/2015,20:47:07,7,24.9,AH0,243,19.5458117,Day,F,L,A,MYSE
151.909,8443,6/3/2015,5/28/2015,20:47:08,7,31.6,AH0,255,34.9380768,Day,F,L,A,MYSE
151.909,8443,6/3/2015,5/29/2015,20:47:08,7,32.6,AH0,254,36.1807608,Day,F,L,A,MYSE
151.909,8443,6/3/2015,5/25/2015,20:47:09,7,30,AH0,255,32.45,Day,F,L,A,MYSE
151.909,8443,6/3/2015,5/29/2015,20:47:09,7,32.6,AH0,255,36.1807608,Day,F,L,A,MYSE
151.909,8443,6/3/2015,5/30/2015,20:47:09,7,33.5,AH0,252,37.1134875,Day,F,L,A,MYSE
151.909,8443,6/3/2015,5/31/2015,20:47:09,7,24.9,AH0,244,19.5458117,Day,F,L,A,MYSE
151.909,8443,6/3/2015,5/28/2015,20:47:10,7,31.6,AH0,255,34.9380768,Day,F,L,A,MYSE
151.909,8443,6/3/2015,5/24/2015,20:47:11,7,32.4,AH0,255,35.9501792,Day,F,L,A,MYSE
151.909,8443,6/3/2015,5/25/2015,20:47:11,7,30,AH0,255,32.45,Day,F,L,A,MYSE
151.909,8443,6/3/2015,5/29/2015,20:47:11,7,32.6,AH0,254,36.1807608,Day,F,L,A,MYSE
151.909,8443,6/3/2015,5/30/2015,20:47:11,7,33.5,AH0,253,37.1134875,Day,F,L,A,MYSE
151.909,8443,6/3/2015,5/28/2015,20:47:12,7,31.5,AH0,255,34.8011375,Day,F,L,A,MYSE
151.909,8443,6/3/2015,5/24/2015,20:47:13,7,32.4,AH0,255,35.9501792,Day,F,L,A,MYSE
151.909,8443,6/3/2015,5/24/2015,20:47:15,7,32.3,AH0,255,35.8315911,Day,F,L,A,MYSE
151.909,8443,6/3/2015,5/26/2015,20:47:16,7,27.9,AH0,255,28.1303987,Day,F,L,A,MYSE
151.909,8443,6/3/2015,5/24/2015,20:47:17,7,32.3,AH0,255,35.8315911,Day,F,L,A,MYSE
151.909,8443,6/3/2015,5/26/2015,20:47:18,7,27.9,AH0,255,28.1303987,Day,F,L,A,MYSE
151.909,8443,6/3/2015,5/26/2015,20:47:20,7,27.9,AH0,255,28.1303987,Day,F,L,A,MYSE
151.909,8443,6/3/2015,5/26/2015,20:47:22,7,27.9,AH0,255,28.1303987,Day,F,L,A,MYSE
151.909,8443,6/3/2015,5/31/2015,20:47:23,7,24.9,AH0,244,19.5458117,Day,F,L,A,MYSE
151.909,8443,6/3/2015,5/29/2015,20:47:24,7,32.6,AH0,254,36.1807608,Day,F,L,A,MYSE
151.909,8443,6/3/2015,5/25/2015,20:47:25,7,30.1,AH0,255,32.6247633,Day,F,L,A,MYSE
151.909,8443,6/3/2015,5/28/2015,20:47:25,7,31.5,AH0,254,34.8011375,Day,F,L,A,MYSE
151.909,8443,6/3/2015,5/30/2015,20:47:25,7,33.7,AH0,247,37.2983949,Day,F,L,A,MYSE
151.909,8443,6/3/2015,5/29/2015,20:47:26,7,32.6,AH0,254,36.1807608,Day,F,L,A,MYSE
151.909,8443,6/3/2015,5/31/2015,20:47:26,7,24.9,AH0,243,19.5458117,Day,F,L,A,MYSE
151.909,8443,6/3/2015,5/25/2015,20:47:27,7,30.1,AH0,255,32.6247633,Day,F,L,A,MYSE
151.909,8443,6/3/2015,5/28/2015,20:47:27,7,31.5,AH0,254,34.8011375,Day,F,L,A,MYSE
151.909,8443,6/3/2015,5/30/2015,20:47:27,7,33.8,AH0,250,37.3879176,Day,F,L,A,MYSE
151.909,8443,6/3/2015,5/29/2015,20:47:28,7,32.6,AH0,253,36.1807608,Day,F,L,A,MYSE
151.909,8443,6/3/2015,5/30/2015,20:47:28,7,33.8,AH0,250,37.3879176,Day,F,L,A,MYSE
151.909,8443,6/3/2015,5/31/2015,20:47:28,7,24.9,AH0,248,19.5458117,Day,F,L,A,MYSE
151.909,8443,6/3/2015,5/25/2015,20:47:29,7,30.1,AH0,255,32.6247633,Day,F,L,A,MYSE
151.909,8443,6/3/2015,5/28/2015,20:47:29,7,31.5,AH0,254,34.8011375,Day,F,L,A,MYSE
151.909,8443,6/3/2015,5/29/2015,20:47:30,7,32.6,AH0,254,36.1807608,Day,F,L,A,MYSE
151.909,8443,6/3/2015,5/30/2015,20:47:30,7,33.7,AH0,250,37.2983949,Day,F,L,A,MYSE
151.909,8443,6/3/2015,5/25/2015,20:47:31,7,30.1,AH0,255,32.6247633,Day,F,L,A,MYSE
151.909,8443,6/3/2015,5/28/2015,20:47:31,7,31.5,AH0,254,34.8011375,Day,F,L,A,MYSE
151.909,8443,6/3/2015,5/24/2015,20:47:32,7,32,AH0,255,35.4624,Day,F,L,A,MYSE
151.909,8443,6/3/2015,5/30/2015,20:47:32,7,33.7,AH0,252,37.2983949,Day,F,L,A,MYSE
151.909,8443,6/3/2015,5/28/2015,20:47:33,7,31.5,AH0,254,34.8011375,Day,F,L,A,MYSE
151.909,8443,6/3/2015,5/24/2015,20:47:34,7,32,AH0,255,35.4624,Day,F,L,A,MYSE
151.909,8443,6/3/2015,5/24/2015,20:47:35,7,31.9,AH0,255,35.3347947,Day,F,L,A,MYSE
151.909,8443,6/3/2015,5/24/2015,20:47:37,7,31.9,AH0,255,35.3347947,Day,F,L,A,MYSE
151.909,8443,6/3/2015,5/26/2015,20:47:37,7,27.9,AH0,255,28.1303987,Day,F,L,A,MYSE
151.909,8443,6/3/2015,5/26/2015,20:47:39,7,27.9,AH0,255,28.1303987,Day,F,L,A,MYSE
151.909,8443,6/3/2015,5/26/2015,20:47:41,7,27.9,AH0,255,28.1303987,Day,F,L,A,MYSE
151.909,8443,6/3/2015,5/30/2015,20:47:44,7,33.5,AH0,236,37.1134875,Day,F,L,A,MYSE
151.909,8443,6/3/2015,5/25/2015,20:47:45,7,30.1,AH0,255,32.6247633,Day,F,L,A,MYSE
151.909,8443,6/3/2015,5/29/2015,20:47:45,7,32.7,AH0,254,36.2927939,Day,F,L,A,MYSE
151.909,8443,6/3/2015,5/31/2015,20:47:45,7,24.9,AH0,244,19.5458117,Day,F,L,A,MYSE
151.909,8443,6/3/2015,5/28/2015,20:47:46,7,31.5,AH0,254,34.8011375,Day,F,L,A,MYSE
151.909,8443,6/3/2015,5/30/2015,20:47:46,7,33.4,AH0,236,37.0180632,Day,F,L,A,MYSE
151.909,8443,6/3/2015,5/25/2015,20:47:47,7,30.1,AH0,255,32.6247633,Day,F,L,A,MYSE
151.909,8443,6/3/2015,5/29/2015,20:47:47,7,32.7,AH0,254,36.2927939,Day,F,L,A,MYSE
151.909,8443,6/3/2015,5/28/2015,20:47:48,7,31.5,AH0,253,34.8011375,Day,F,L,A,MYSE
151.909,8443,6/3/2015,5/30/2015,20:47:48,7,33.4,AH0,237,37.0180632,Day,F,L,A,MYSE
151.909,8443,6/3/2015,5/31/2015,20:47:48,7,24.9,AH0,247,19.5458117,Day,F,L,A,MYSE
151.909,8443,6/3/2015,5/25/2015,20:47:49,7,30.1,AH0,255,32.6247633,Day,F,L,A,MYSE
151.909,8443,6/3/2015,5/29/2015,20:47:49,7,32.7,AH0,255,36.2927939,Day,F,L,A,MYSE
151.909,8443,6/3/2015,5/28/2015,20:47:50,7,31.5,AH0,255,34.8011375,Day,F,L,A,MYSE
151.909,8443,6/3/2015,5/30/2015,20:47:50,7,33.3,AH0,237,36.9206321,Day,F,L,A,MYSE
151.909,8443,6/3/2015,5/31/2015,20:47:50,7,24.9,AH0,246,19.5458117,Day,F,L,A,MYSE
151.909,8443,6/3/2015,5/24/2015,20:47:51,7,31.5,AH0,255,34.8011375,Day,F,L,A,MYSE
151.909,8443,6/3/2015,5/25/2015,20:47:51,7,30.1,AH0,255,32.6247633,Day,F,L,A,MYSE
151.909,8443,6/3/2015,5/29/2015,20:47:51,7,32.7,AH0,254,36.2927939,Day,F,L,A,MYSE
151.909,8443,6/3/2015,5/28/2015,20:47:52,7,31.5,AH0,255,34.8011375,Day,F,L,A,MYSE
151.909,8443,6/3/2015,5/30/2015,20:47:52,7,33.3,AH0,238,36.9206321,Day,F,L,A,MYSE
151.909,8443,6/3/2015,5/24/2015,20:47:53,7,31.5,AH0,255,34.8011375,Day,F,L,A,MYSE
151.909,8443,6/3/2015,5/24/2015,20:47:54,7,31.4,AH0,255,34.6618152,Day,F,L,A,MYSE
151.909,8443,6/3/2015,5/24/2015,20:47:56,7,31.4,AH0,255,34.6618152,Day,F,L,A,MYSE
151.909,8443,6/3/2015,5/26/2015,20:47:56,7,27.9,AH0,254,28.1303987,Day,F,L,A,MYSE
151.909,8443,6/3/2015,5/26/2015,20:47:59,7,27.9,AH0,255,28.1303987,Day,F,L,A,MYSE
151.909,8443,6/3/2015,5/26/2015,20:48:01,7,27.9,AH0,254,28.1303987,Day,F,L,A,MYSE
151.909,8443,6/3/2015,5/26/2015,20:48:03,7,27.9,AH0,255,28.1303987,Day,F,L,A,MYSE
151.909,8443,6/3/2015,5/25/2015,20:48:04,7,30.2,AH0,255,32.7968664,Day,F,L,A,MYSE
151.909,8443,6/3/2015,5/30/2015,20:48:04,7,33.1,AH0,244,36.7196703,Day,F,L,A,MYSE
151.909,8443,6/3/2015,5/31/2015,20:48:04,7,24.9,AH0,246,19.5458117,Day,F,L,A,MYSE
151.909,8443,6/3/2015,5/28/2015,20:48:05,7,31.4,AH0,254,34.6618152,Day,F,L,A,MYSE
151.909,8443,6/3/2015,5/25/2015,20:48:06,7,30.2,AH0,255,32.7968664,Day,F,L,A,MYSE
151.909,8443,6/3/2015,5/29/2015,20:48:06,7,32.7,AH0,253,36.2927939,Day,F,L,A,MYSE
151.909,8443,6/3/2015,5/30/2015,20:48:06,7,33,AH0,249,36.6161,Day,F,L,A,MYSE
151.909,8443,6/3/2015,5/28/2015,20:48:07,7,31.4,AH0,253,34.6618152,Day,F,L,A,MYSE
151.909,8443,6/3/2015,5/29/2015,20:48:07,7,32.7,AH0,254,36.2927939,Day,F,L,A,MYSE
151.909,8443,6/3/2015,5/31/2015,20:48:07,7,24.9,AH0,247,19.5458117,Day,F,L,A,MYSE
151.909,8443,6/3/2015,5/25/2015,20:48:08,7,30.2,AH0,255,32.7968664,Day,F,L,A,MYSE
151.909,8443,6/3/2015,5/30/2015,20:48:08,7,33,AH0,239,36.6161,Day,F,L,A,MYSE
151.909,8443,6/3/2015,5/28/2015,20:48:09,7,31.4,AH0,254,34.6618152,Day,F,L,A,MYSE
151.909,8443,6/3/2015,5/29/2015,20:48:09,7,32.7,AH0,254,36.2927939,Day,F,L,A,MYSE
151.909,8443,6/3/2015,5/31/2015,20:48:09,7,24.9,AH0,244,19.5458117,Day,F,L,A,MYSE
151.909,8443,6/3/2015,5/25/2015,20:48:10,7,30.2,AH0,255,32.7968664,Day,F,L,A,MYSE
151.909,8443,6/3/2015,5/30/2015,20:48:10,7,33,AH0,249,36.6161,Day,F,L,A,MYSE
151.909,8443,6/3/2015,5/28/2015,20:48:11,7,31.4,AH0,254,34.6618152,Day,F,L,A,MYSE
151.909,8443,6/3/2015,5/29/2015,20:48:11,7,32.7,AH0,254,36.2927939,Day,F,L,A,MYSE
151.909,8443,6/3/2015,5/24/2015,20:48:12,7,31.2,AH0,255,34.3759424,Day,F,L,A,MYSE
151.909,8443,6/3/2015,5/30/2015,20:48:12,7,32.9,AH0,247,36.5104437,Day,F,L,A,MYSE
151.909,8443,6/3/2015,5/28/2015,20:48:13,7,31.4,AH0,254,34.6618152,Day,F,L,A,MYSE
151.909,8443,6/3/2015,5/24/2015,20:48:14,7,31.2,AH0,255,34.3759424,Day,F,L,A,MYSE
151.909,8443,6/3/2015,5/24/2015,20:48:16,7,31.2,AH0,255,34.3759424,Day,F,L,A,MYSE
151.909,8443,6/3/2015,5/26/2015,20:48:16,7,27.9,AH0,254,28.1303987,Day,F,L,A,MYSE
151.909,8443,6/3/2015,5/24/2015,20:48:17,7,31.2,AH0,255,34.3759424,Day,F,L,A,MYSE
151.909,8443,6/3/2015,5/26/2015,20:48:18,7,27.9,AH0,254,28.1303987,Day,F,L,A,MYSE
151.909,8443,6/3/2015,5/26/2015,20:48:20,7,27.8,AH0,255,27.8921016,Day,F,L,A,MYSE
151.909,8443,6/3/2015,5/26/2015,20:48:22,7,27.8,AH0,255,27.8921016,Day,F,L,A,MYSE
151.909,8443,6/3/2015,5/25/2015,20:48:24,7,30.4,AH0,255,33.1331712,Day,F,L,A,MYSE
151.909,8443,6/3/2015,5/30/2015,20:48:24,7,32.6,AH0,251,36.1807608,Day,F,L,A,MYSE
151.909,8443,6/3/2015,5/31/2015,20:48:24,7,24.9,AH0,247,19.5458117,Day,F,L,A,MYSE
151.909,8443,6/3/2015,5/25/2015,20:48:26,7,30.4,AH0,255,33.1331712,Day,F,L,A,MYSE
151.909,8443,6/3/2015,5/28/2015,20:48:26,7,31.4,AH0,254,34.6618152,Day,F,L,A,MYSE
151.909,8443,6/3/2015,5/29/2015,20:48:26,7,32.8,AH0,255,36.4026816,Day,F,L,A,MYSE
151.909,8443,6/3/2015,5/30/2015,20:48:26,7,32.6,AH0,251,36.1807608,Day,F,L,A,MYSE
151.909,8443,6/3/2015,5/31/2015,20:48:26,7,24.9,AH0,247,19.5458117,Day,F,L,A,MYSE
151.909,8443,6/3/2015,5/25/2015,20:48:28,7,30.5,AH0,255,33.2974125,Day,F,L,A,MYSE
151.909,8443,6/3/2015,5/28/2015,20:48:28,7,31.4,AH0,254,34.6618152,Day,F,L,A,MYSE
151.909,8443,6/3/2015,5/29/2015,20:48:28,7,32.7,AH0,254,36.2927939,Day,F,L,A,MYSE
151.909,8443,6/3/2015,5/30/2015,20:48:28,7,32.5,AH0,249,36.0665625,Day,F,L,A,MYSE
151.909,8443,6/3/2015,5/31/2015,20:48:28,7,24.9,AH0,248,19.5458117,Day,F,L,A,MYSE
151.909,8443,6/3/2015,5/29/2015,20:48:29,7,32.7,AH0,254,36.2927939,Day,F,L,A,MYSE
151.909,8443,6/3/2015,5/25/2015,20:48:30,7,30.5,AH0,255,33.2974125,Day,F,L,A,MYSE
151.909,8443,6/3/2015,5/28/2015,20:48:30,7,31.4,AH0,254,34.6618152,Day,F,L,A,MYSE
151.909,8443,6/3/2015,5/30/2015,20:48:30,7,32.5,AH0,251,36.0665625,Day,F,L,A,MYSE
151.909,8443,6/3/2015,5/24/2015,20:48:31,7,31,AH0,255,34.0803,Day,F,L,A,MYSE
151.909,8443,6/3/2015,5/29/2015,20:48:31,7,32.7,AH0,254,36.2927939,Day,F,L,A,MYSE
151.909,8443,6/3/2015,5/28/2015,20:48:32,7,31.4,AH0,255,34.6618152,Day,F,L,A,MYSE
151.909,8443,6/3/2015,5/30/2015,20:48:32,7,32.5,AH0,249,36.0665625,Day,F,L,A,MYSE
151.909,8443,6/3/2015,5/24/2015,20:48:33,7,31,AH0,255,34.0803,Day,F,L,A,MYSE
151.909,8443,6/3/2015,5/24/2015,20:48:35,7,31,AH0,255,34.0803,Day,F,L,A,MYSE
151.909,8443,6/3/2015,5/24/2015,20:48:37,7,31,AH0,255,34.0803,Day,F,L,A,MYSE
151.909,8443,6/3/2015,5/26/2015,20:48:37,7,27.8,AH0,254,27.8921016,Day,F,L,A,MYSE
151.909,8443,6/3/2015,5/26/2015,20:48:40,7,27.8,AH0,255,27.8921016,Day,F,L,A,MYSE
151.909,8443,6/3/2015,5/26/2015,20:48:42,7,27.8,AH0,255,27.8921016,Day,F,L,A,MYSE
151.909,8443,6/3/2015,5/28/2015,20:48:45,7,31.4,AH0,255,34.6618152,Day,F,L,A,MYSE
151.909,8443,6/3/2015,5/30/2015,20:48:45,7,32.3,AH0,249,35.8315911,Day,F,L,A,MYSE
151.909,8443,6/3/2015,5/31/2015,20:48:45,7,24.9,AH0,245,19.5458117,Day,F,L,A,MYSE
151.909,8443,6/3/2015,5/25/2015,20:48:46,7,30.7,AH0,255,33.6181719,Day,F,L,A,MYSE
151.909,8443,6/3/2015,5/29/2015,20:48:46,7,32.7,AH0,253,36.2927939,Day,F,L,A,MYSE
151.909,8443,6/3/2015,5/28/2015,20:48:47,7,31.4,AH0,254,34.6618152,Day,F,L,A,MYSE
151.909,8443,6/3/2015,5/30/2015,20:48:47,7,32.3,AH0,248,35.8315911,Day,F,L,A,MYSE
151.909,8443,6/3/2015,5/25/2015,20:48:48,7,30.7,AH0,255,33.6181719,Day,F,L,A,MYSE
151.909,8443,6/3/2015,5/29/2015,20:48:48,7,32.7,AH0,254,36.2927939,Day,F,L,A,MYSE
151.909,8443,6/3/2015,5/30/2015,20:48:48,7,32.3,AH0,251,35.8315911,Day,F,L,A,MYSE
151.909,8443,6/3/2015,5/31/2015,20:48:48,7,24.9,AH0,247,19.5458117,Day,F,L,A,MYSE
151.909,8443,6/3/2015,5/28/2015,20:48:49,7,31.4,AH0,253,34.6618152,Day,F,L,A,MYSE
151.909,8443,6/3/2015,5/24/2015,20:48:50,7,31,AH0,255,34.0803,Day,F,L,A,MYSE
151.909,8443,6/3/2015,5/25/2015,20:48:50,7,30.7,AH0,255,33.6181719,Day,F,L,A,MYSE
151.909,8443,6/3/2015,5/29/2015,20:48:50,7,32.7,AH0,254,36.2927939,Day,F,L,A,MYSE
151.909,8443,6/3/2015,5/30/2015,20:48:50,7,32.3,AH0,250,35.8315911,Day,F,L,A,MYSE
151.909,8443,6/3/2015,5/31/2015,20:48:50,7,24.9,AH0,246,19.5458117,Day,F,L,A,MYSE
151.909,8443,6/3/2015,5/28/2015,20:48:51,7,31.4,AH0,254,34.6618152,Day,F,L,A,MYSE
151.909,8443,6/3/2015,5/29/2015,20:48:51,7,32.7,AH0,253,36.2927939,Day,F,L,A,MYSE
151.909,8443,6/3/2015,5/24/2015,20:48:52,7,31,AH0,255,34.0803,Day,F,L,A,MYSE
151.909,8443,6/3/2015,5/25/2015,20:48:52,7,30.7,AH0,255,33.6181719,Day,F,L,A,MYSE
151.909,8443,6/3/2015,5/28/2015,20:48:53,7,31.4,AH0,254,34.6618152,Day,F,L,A,MYSE
151.909,8443,6/3/2015,5/24/2015,20:48:54,7,31,AH0,255,34.0803,Day,F,L,A,MYSE
151.909,8443,6/3/2015,5/24/2015,20:48:56,7,31,AH0,255,34.0803,Day,F,L,A,MYSE
151.909,8443,6/3/2015,5/26/2015,20:48:57,7,27.7,AH0,255,27.6506889,Day,F,L,A,MYSE
151.909,8443,6/3/2015,5/24/2015,20:48:58,7,31,AH0,255,34.0803,Day,F,L,A,MYSE
151.909,8443,6/3/2015,5/26/2015,20:48:59,7,27.7,AH0,254,27.6506889,Day,F,L,A,MYSE
151.909,8443,6/3/2015,5/26/2015,20:49:01,7,27.7,AH0,255,27.6506889,Day,F,L,A,MYSE
151.909,8443,6/3/2015,5/29/2015,20:49:04,7,32.7,AH0,253,36.2927939,Day,F,L,A,MYSE
151.909,8443,6/3/2015,5/25/2015,20:49:05,7,30.8,AH0,255,33.7747296,Day,F,L,A,MYSE
151.909,8443,6/3/2015,5/30/2015,20:49:05,7,32.2,AH0,251,35.7107784,Day,F,L,A,MYSE
151.909,8443,6/3/2015,5/31/2015,20:49:05,7,24.9,AH0,246,19.5458117,Day,F,L,A,MYSE
151.909,8443,6/3/2015,5/28/2015,20:49:06,7,31.4,AH0,253,34.6618152,Day,F,L,A,MYSE
151.909,8443,6/3/2015,5/29/2015,20:49:06,7,32.7,AH0,253,36.2927939,Day,F,L,A,MYSE
151.909,8443,6/3/2015,5/25/2015,20:49:07,7,30.8,AH0,255,33.7747296,Day,F,L,A,MYSE
151.909,8443,6/3/2015,5/30/2015,20:49:07,7,32.2,AH0,252,35.7107784,Day,F,L,A,MYSE
151.909,8443,6/3/2015,5/31/2015,20:49:07,7,24.9,AH0,245,19.5458117,Day,F,L,A,MYSE
151.909,8443,6/3/2015,5/28/2015,20:49:08,7,31.4,AH0,253,34.6618152,Day,F,L,A,MYSE
151.909,8443,6/3/2015,5/29/2015,20:49:08,7,32.7,AH0,254,36.2927939,Day,F,L,A,MYSE
151.909,8443,6/3/2015,5/25/2015,20:49:09,7,30.8,AH0,255,33.7747296,Day,F,L,A,MYSE
151.909,8443,6/3/2015,5/30/2015,20:49:09,7,32.2,AH0,250,35.7107784,Day,F,L,A,MYSE
151.909,8443,6/3/2015,5/31/2015,20:49:09,7,24.9,AH0,245,19.5458117,Day,F,L,A,MYSE
151.909,8443,6/3/2015,5/28/2015,20:49:10,7,31.4,AH0,254,34.6618152,Day,F,L,A,MYSE
151.909,8443,6/3/2015,5/29/2015,20:49:10,7,32.7,AH0,254,36.2927939,Day,F,L,A,MYSE
151.909,8443,6/3/2015,5/25/2015,20:49:11,7,30.8,AH0,255,33.7747296,Day,F,L,A,MYSE
151.909,8443,6/3/2015,5/30/2015,20:49:11,7,32.2,AH0,248,35.7107784,Day,F,L,A,MYSE
151.909,8443,6/3/2015,5/24/2015,20:49:12,7,31.3,AH0,255,34.5200901,Day,F,L,A,MYSE
151.909,8443,6/3/2015,5/28/2015,20:49:12,7,31.4,AH0,255,34.6618152,Day,F,L,A,MYSE
151.909,8443,6/3/2015,5/29/2015,20:49:12,7,32.7,AH0,253,36.2927939,Day,F,L,A,MYSE
151.909,8443,6/3/2015,5/24/2015,20:49:14,7,31.3,AH0,255,34.5200901,Day,F,L,A,MYSE
151.909,8443,6/3/2015,5/24/2015,20:49:15,7,31.3,AH0,255,34.5200901,Day,F,L,A,MYSE
151.909,8443,6/3/2015,5/26/2015,20:49:16,7,27.7,AH0,254,27.6506889,Day,F,L,A,MYSE
151.909,8443,6/3/2015,5/24/2015,20:49:17,7,31.4,AH0,251,34.6618152,Day,F,L,A,MYSE
151.909,8443,6/3/2015,5/26/2015,20:49:19,7,27.7,AH0,255,27.6506889,Day,F,L,A,MYSE
151.909,8443,6/3/2015,5/26/2015,20:49:21,7,27.6,AH0,255,27.4061408,Day,F,L,A,MYSE
151.909,8443,6/3/2015,5/26/2015,20:49:23,7,27.6,AH0,253,27.4061408,Day,F,L,A,MYSE
151.909,8443,6/3/2015,5/29/2015,20:49:24,7,32.8,AH0,253,36.4026816,Day,F,L,A,MYSE
151.909,8443,6/3/2015,5/30/2015,20:49:24,7,32,AH0,244,35.4624,Day,F,L,A,MYSE
151.909,8443,6/3/2015,5/31/2015,20:49:24,7,24.9,AH0,245,19.5458117,Day,F,L,A,MYSE
151.909,8443,6/3/2015,5/25/2015,20:49:25,7,30.9,AH0,255,33.9287657,Day,F,L,A,MYSE
151.909,8443,6/3/2015,5/28/2015,20:49:25,7,31.4,AH0,254,34.6618152,Day,F,L,A,MYSE
151.909,8443,6/3/2015,5/29/2015,20:49:26,7,32.8,AH0,254,36.4026816,Day,F,L,A,MYSE
151.909,8443,6/3/2015,5/30/2015,20:49:26,7,31.9,AH0,252,35.3347947,Day,F,L,A,MYSE
151.909,8443,6/3/2015,5/31/2015,20:49:26,7,24.9,AH0,245,19.5458117,Day,F,L,A,MYSE
151.909,8443,6/3/2015,5/25/2015,20:49:27,7,31,AH0,255,34.0803,Day,F,L,A,MYSE
151.909,8443,6/3/2015,5/28/2015,20:49:27,7,31.4,AH0,254,34.6618152,Day,F,L,A,MYSE
151.909,8443,6/3/2015,5/29/2015,20:49:28,7,32.8,AH0,254,36.4026816,Day,F,L,A,MYSE
151.909,8443,6/3/2015,5/30/2015,20:49:28,7,31.9,AH0,243,35.3347947,Day,F,L,A,MYSE
151.909,8443,6/3/2015,5/25/2015,20:49:29,7,31,AH0,255,34.0803,Day,F,L,A,MYSE
151.909,8443,6/3/2015,5/28/2015,20:49:29,7,31.4,AH0,254,34.6618152,Day,F,L,A,MYSE
151.909,8443,6/3/2015,5/31/2015,20:49:29,7,24.9,AH0,246,19.5458117,Day,F,L,A,MYSE
151.909,8443,6/3/2015,5/29/2015,20:49:30,7,32.8,AH0,254,36.4026816,Day,F,L,A,MYSE
151.909,8443,6/3/2015,5/30/2015,20:49:30,7,31.9,AH0,246,35.3347947,Day,F,L,A,MYSE
151.909,8443,6/3/2015,5/25/2015,20:49:31,7,31,AH0,255,34.0803,Day,F,L,A,MYSE
151.909,8443,6/3/2015,5/28/2015,20:49:31,7,31.4,AH0,255,34.6618152,Day,F,L,A,MYSE
151.909,8443,6/3/2015,5/30/2015,20:49:31,7,31.8,AH0,241,35.2048856,Day,F,L,A,MYSE
151.909,8443,6/3/2015,5/29/2015,20:49:32,7,32.8,AH0,254,36.4026816,Day,F,L,A,MYSE
151.909,8443,6/3/2015,5/24/2015,20:49:33,7,31.6,AH0,217,34.9380768,Day,F,L,A,MYSE
151.909,8443,6/3/2015,5/24/2015,20:49:36,7,15.8,AH0,254,-29.0248104,Day,F,L,A,MYSE
151.909,8443,6/3/2015,5/26/2015,20:49:36,7,27.6,AH0,255,27.4061408,Day,F,L,A,MYSE
151.909,8443,6/3/2015,5/26/2015,20:49:38,7,27.6,AH0,255,27.4061408,Day,F,L,A,MYSE
151.909,8443,6/3/2015,5/26/2015,20:49:40,7,27.6,AH0,255,27.4061408,Day,F,L,A,MYSE
151.909,8443,6/3/2015,5/26/2015,20:49:42,7,27.6,AH0,255,27.4061408,Day,F,L,A,MYSE
151.909,8443,6/3/2015,5/31/2015,20:49:43,7,25.1,AH0,246,20.2155183,Day,F,L,A,MYSE
151.909,8443,6/3/2015,5/25/2015,20:49:44,7,31.1,AH0,255,34.2293523,Day,F,L,A,MYSE
151.909,8443,6/3/2015,5/29/2015,20:49:45,7,32.8,AH0,253,36.4026816,Day,F,L,A,MYSE
151.909,8443,6/3/2015,5/30/2015,20:49:45,7,31.6,AH0,203,34.9380768,Day,F,L,A,MYSE
151.909,8443,6/3/2015,5/31/2015,20:49:45,7,24.9,AH0,245,19.5458117,Day,F,L,A,MYSE
151.909,8443,6/3/2015,5/25/2015,20:49:46,7,31.1,AH0,255,34.2293523,Day,F,L,A,MYSE
151.909,8443,6/3/2015,5/28/2015,20:49:46,7,31.5,AH0,255,34.8011375,Day,F,L,A,MYSE
151.909,8443,6/3/2015,5/29/2015,20:49:46,7,32.8,AH0,254,36.4026816,Day,F,L,A,MYSE
151.909,8443,6/3/2015,5/30/2015,20:49:47,7,31.5,AH0,234,34.8011375,Day,F,L,A,MYSE
151.909,8443,6/3/2015,5/25/2015,20:49:48,7,31.1,AH0,255,34.2293523,Day,F,L,A,MYSE
151.909,8443,6/3/2015,5/28/2015,20:49:48,7,31.5,AH0,254,34.8011375,Day,F,L,A,MYSE
151.909,8443,6/3/2015,5/29/2015,20:49:48,7,32.8,AH0,250,36.4026816,Day,F,L,A,MYSE
151.909,8443,6/3/2015,5/31/2015,20:49:48,7,24.9,AH0,247,19.5458117,Day,F,L,A,MYSE
151.909,8443,6/3/2015,5/30/2015,20:49:49,7,31.5,AH0,223,34.8011375,Day,F,L,A,MYSE
151.909,8443,6/3/2015,5/25/2015,20:49:50,7,31.1,AH0,255,34.2293523,Day,F,L,A,MYSE
151.909,8443,6/3/2015,5/28/2015,20:49:50,7,31.5,AH0,255,34.8011375,Day,F,L,A,MYSE
151.909,8443,6/3/2015,5/29/2015,20:49:50,7,32.8,AH0,254,36.4026816,Day,F,L,A,MYSE
151.909,8443,6/3/2015,5/30/2015,20:49:50,7,31.4,AH0,150,34.6618152,Day,F,L,A,MYSE
151.909,8443,6/3/2015,5/31/2015,20:49:50,7,24.9,AH0,246,19.5458117,Day,F,L,A,MYSE
151.909,8443,6/3/2015,5/25/2015,20:49:52,7,31.1,AH0,255,34.2293523,Day,F,L,A,MYSE
151.909,8443,6/3/2015,5/28/2015,20:49:52,7,31.4,AH0,254,34.6618152,Day,F,L,A,MYSE
151.909,8443,6/3/2015,5/29/2015,20:49:52,7,32.8,AH0,254,36.4026816,Day,F,L,A,MYSE
151.909,8443,6/3/2015,5/24/2015,20:49:53,7,31.8,AH0,74,35.2048856,Day,F,L,A,MYSE
151.909,8443,6/3/2015,5/24/2015,20:49:55,7,31.7,AH0,47,35.0726529,Day,F,L,A,MYSE
151.909,8443,6/3/2015,5/26/2015,20:49:55,7,27.6,AH0,255,27.4061408,Day,F,L,A,MYSE
151.909,8443,6/3/2015,5/24/2015,20:49:57,7,32,AH0,80,35.4624,Day,F,L,A,MYSE
151.909,8443,6/3/2015,5/26/2015,20:49:58,7,27.6,AH0,255,27.4061408,Day,F,L,A,MYSE
151.909,8443,6/3/2015,5/26/2015,20:50:00,7,27.6,AH0,255,27.4061408,Day,F,L,A,MYSE
151.909,8443,6/3/2015,5/26/2015,20:50:02,7,27.6,AH0,255,27.4061408,Day,F,L,A,MYSE
151.909,8443,6/3/2015,5/30/2015,20:50:04,7,30.7,AH0,255,33.6181719,Day,F,L,A,MYSE
151.909,8443,6/3/2015,5/25/2015,20:50:05,7,31.2,AH0,255,34.3759424,Day,F,L,A,MYSE
151.909,8443,6/3/2015,5/29/2015,20:50:05,7,32.7,AH0,254,36.2927939,Day,F,L,A,MYSE
151.909,8443,6/3/2015,5/31/2015,20:50:05,7,24.9,AH0,245,19.5458117,Day,F,L,A,MYSE
151.909,8443,6/3/2015,5/28/2015,20:50:06,7,31.3,AH0,253,34.5200901,Day,F,L,A,MYSE
151.909,8443,6/3/2015,5/30/2015,20:50:06,7,30.6,AH0,255,33.4590728,Day,F,L,A,MYSE
151.909,8443,6/3/2015,5/25/2015,20:50:07,7,31.2,AH0,255,34.3759424,Day,F,L,A,MYSE
151.909,8443,6/3/2015,5/28/2015,20:50:07,7,31.3,AH0,252,34.5200901,Day,F,L,A,MYSE
151.909,8443,6/3/2015,5/29/2015,20:50:07,7,32.7,AH0,254,36.2927939,Day,F,L,A,MYSE
151.909,8443,6/3/2015,5/31/2015,20:50:07,7,24.9,AH0,245,19.5458117,Day,F,L,A,MYSE
151.909,8443,6/3/2015,5/29/2015,20:50:08,7,32.7,AH0,254,36.2927939,Day,F,L,A,MYSE
151.909,8443,6/3/2015,5/30/2015,20:50:08,7,30.5,AH0,255,33.2974125,Day,F,L,A,MYSE
151.909,8443,6/3/2015,5/25/2015,20:50:09,7,31.2,AH0,255,34.3759424,Day,F,L,A,MYSE
151.909,8443,6/3/2015,5/28/2015,20:50:09,7,31.3,AH0,253,34.5200901,Day,F,L,A,MYSE
151.909,8443,6/3/2015,5/24/2015,20:50:10,7,32,AH0,79,35.4624,Day,F,L,A,MYSE
151.909,8443,6/3/2015,5/29/2015,20:50:10,7,32.6,AH0,254,36.1807608,Day,F,L,A,MYSE
151.909,8443,6/3/2015,5/30/2015,20:50:10,7,30.4,AH0,255,33.1331712,Day,F,L,A,MYSE
151.909,8443,6/3/2015,5/31/2015,20:50:10,7,24.9,AH0,247,19.5458117,Day,F,L,A,MYSE
151.909,8443,6/3/2015,5/25/2015,20:50:11,7,31.2,AH0,255,34.3759424,Day,F,L,A,MYSE
151.909,8443,6/3/2015,5/28/2015,20:50:11,7,31.3,AH0,254,34.5200901,Day,F,L,A,MYSE
151.909,8443,6/3/2015,5/29/2015,20:50:12,7,32.6,AH0,255,36.1807608,Day,F,L,A,MYSE
151.909,8443,6/3/2015,5/30/2015,20:50:12,7,30.3,AH0,255,32.9663291,Day,F,L,A,MYSE
151.909,8443,6/3/2015,5/24/2015,20:50:14,7,16,AH0,56,-27.5232,Day,F,L,A,MYSE
151.909,8443,6/3/2015,5/26/2015,20:50:17,7,27.5,AH0,255,27.1584375,Day,F,L,A,MYSE
151.909,8443,6/3/2015,5/26/2015,20:50:19,7,27.5,AH0,254,27.1584375,Day,F,L,A,MYSE
151.909,8443,6/3/2015,5/26/2015,20:50:22,7,27.5,AH0,255,27.1584375,Day,F,L,A,MYSE
151.909,8443,6/3/2015,5/31/2015,20:50:24,7,24.9,AH0,245,19.5458117,Day,F,L,A,MYSE
151.909,8443,6/3/2015,5/25/2015,20:50:25,7,31.3,AH0,255,34.5200901,Day,F,L,A,MYSE
151.909,8443,6/3/2015,5/29/2015,20:50:25,7,32.5,AH0,254,36.0665625,Day,F,L,A,MYSE
151.909,8443,6/3/2015,5/30/2015,20:50:26,7,29.8,AH0,82,32.0924136,Day,F,L,A,MYSE
151.909,8443,6/3/2015,5/31/2015,20:50:26,7,24.9,AH0,246,19.5458117,Day,F,L,A,MYSE
151.909,8443,6/3/2015,5/25/2015,20:50:27,7,31.3,AH0,255,34.5200901,Day,F,L,A,MYSE
151.909,8443,6/3/2015,5/28/2015,20:50:27,7,31.3,AH0,254,34.5200901,Day,F,L,A,MYSE
151.909,8443,6/3/2015,5/29/2015,20:50:27,7,32.5,AH0,253,36.0665625,Day,F,L,A,MYSE
151.909,8443,6/3/2015,5/25/2015,20:50:28,7,31.3,AH0,255,34.5200901,Day,F,L,A,MYSE
151.909,8443,6/3/2015,5/30/2015,20:50:28,7,29.8,AH0,253,32.0924136,Day,F,L,A,MYSE
151.909,8443,6/3/2015,5/28/2015,20:50:29,7,31.3,AH0,253,34.5200901,Day,F,L,A,MYSE
151.909,8443,6/3/2015,5/29/2015,20:50:29,7,32.5,AH0,254,36.0665625,Day,F,L,A,MYSE
151.909,8443,6/3/2015,5/31/2015,20:50:29,7,24.9,AH0,247,19.5458117,Day,F,L,A,MYSE
151.909,8443,6/3/2015,5/25/2015,20:50:30,7,31.3,AH0,255,34.5200901,Day,F,L,A,MYSE
151.909,8443,6/3/2015,5/28/2015,20:50:30,7,31.3,AH0,254,34.5200901,Day,F,L,A,MYSE
151.909,8443,6/3/2015,5/30/2015,20:50:30,7,29.6,AH0,251,31.7239488,Day,F,L,A,MYSE
151.909,8443,6/3/2015,5/29/2015,20:50:31,7,32.5,AH0,253,36.0665625,Day,F,L,A,MYSE
151.909,8443,6/3/2015,5/28/2015,20:50:32,7,31.3,AH0,254,34.5200901,Day,F,L,A,MYSE
151.909,8443,6/3/2015,5/29/2015,20:50:32,7,32.4,AH0,254,35.9501792,Day,F,L,A,MYSE
151.909,8443,6/3/2015,5/26/2015,20:50:37,7,27.5,AH0,255,27.1584375,Day,F,L,A,MYSE
151.909,8443,6/3/2015,5/26/2015,20:50:39,7,27.5,AH0,255,27.1584375,Day,F,L,A,MYSE
151.909,8443,6/3/2015,5/26/2015,20:50:41,7,27.5,AH0,253,27.1584375,Day,F,L,A,MYSE
151.909,8443,6/3/2015,5/31/2015,20:50:43,7,24.9,AH0,248,19.5458117,Day,F,L,A,MYSE
151.909,8443,6/3/2015,5/30/2015,20:50:44,7,29.5,AH0,241,31.5355875,Day,F,L,A,MYSE
151.909,8443,6/3/2015,5/29/2015,20:50:45,7,32.3,AH0,253,35.8315911,Day,F,L,A,MYSE
151.909,8443,6/3/2015,5/25/2015,20:50:46,7,31.5,AH0,255,34.8011375,Day,F,L,A,MYSE
151.909,8443,6/3/2015,5/28/2015,20:50:46,7,31,AH0,252,34.0803,Day,F,L,A,MYSE
151.909,8443,6/3/2015,5/30/2015,20:50:46,7,29.4,AH0,139,31.3444472,Day,F,L,A,MYSE
151.909,8443,6/3/2015,5/31/2015,20:50:46,7,24.9,AH0,247,19.5458117,Day,F,L,A,MYSE
151.909,8443,6/3/2015,5/29/2015,20:50:47,7,32.3,AH0,254,35.8315911,Day,F,L,A,MYSE
151.909,8443,6/3/2015,5/25/2015,20:50:48,7,31.5,AH0,255,34.8011375,Day,F,L,A,MYSE
151.909,8443,6/3/2015,5/28/2015,20:50:48,7,31,AH0,254,34.0803,Day,F,L,A,MYSE
151.909,8443,6/3/2015,5/30/2015,20:50:48,7,29.4,AH0,211,31.3444472,Day,F,L,A,MYSE
151.909,8443,6/3/2015,5/31/2015,20:50:48,7,24.9,AH0,246,19.5458117,Day,F,L,A,MYSE
151.909,8443,6/3/2015,5/25/2015,20:50:49,7,31.5,AH0,255,34.8011375,Day,F,L,A,MYSE
151.909,8443,6/3/2015,5/29/2015,20:50:49,7,32.3,AH0,254,35.8315911,Day,F,L,A,MYSE
151.909,8443,6/3/2015,5/28/2015,20:50:50,7,31,AH0,253,34.0803,Day,F,L,A,MYSE
151.909,8443,6/3/2015,5/30/2015,20:50:50,7,29.3,AH0,223,31.1505081,Day,F,L,A,MYSE
151.909,8443,6/3/2015,5/25/2015,20:50:51,7,31.6,AH0,255,34.9380768,Day,F,L,A,MYSE
151.909,8443,6/3/2015,5/29/2015,20:50:51,7,32.3,AH0,253,35.8315911,Day,F,L,A,MYSE
151.909,8443,6/3/2015,5/31/2015,20:50:51,7,24.9,AH0,248,19.5458117,Day,F,L,A,MYSE
151.909,8443,6/3/2015,5/28/2015,20:50:52,7,31,AH0,254,34.0803,Day,F,L,A,MYSE
151.909,8443,6/3/2015,5/26/2015,20:50:56,7,27.6,AH0,254,27.4061408,Day,F,L,A,MYSE
151.909,8443,6/3/2015,5/26/2015,20:50:59,7,27.6,AH0,255,27.4061408,Day,F,L,A,MYSE
151.909,8443,6/3/2015,5/26/2015,20:51:01,7,27.6,AH0,255,27.4061408,Day,F,L,A,MYSE
151.909,8443,6/3/2015,5/26/2015,20:51:03,7,27.6,AH0,254,27.4061408,Day,F,L,A,MYSE
151.909,8443,6/3/2015,5/25/2015,20:51:05,7,31.8,AH0,255,35.2048856,Day,F,L,A,MYSE
151.909,8443,6/3/2015,5/28/2015,20:51:05,7,31,AH0,254,34.0803,Day,F,L,A,MYSE
151.909,8443,6/3/2015,5/31/2015,20:51:05,7,24.9,AH0,247,19.5458117,Day,F,L,A,MYSE
151.909,8443,6/3/2015,5/29/2015,20:51:06,7,32.3,AH0,251,35.8315911,Day,F,L,A,MYSE
151.909,8443,6/3/2015,5/25/2015,20:51:07,7,31.9,AH0,255,35.3347947,Day,F,L,A,MYSE
151.909,8443,6/3/2015,5/28/2015,20:51:07,7,31,AH0,254,34.0803,Day,F,L,A,MYSE
151.909,8443,6/3/2015,5/30/2015,20:51:07,7,14.5,AH0,73,-39.3277875,Day,F,L,A,MYSE
151.909,8443,6/3/2015,5/31/2015,20:51:07,7,24.9,AH0,247,19.5458117,Day,F,L,A,MYSE
151.909,8443,6/3/2015,5/25/2015,20:51:08,7,31.9,AH0,255,35.3347947,Day,F,L,A,MYSE
151.909,8443,6/3/2015,5/29/2015,20:51:08,7,32.3,AH0,252,35.8315911,Day,F,L,A,MYSE
151.909,8443,6/3/2015,5/28/2015,20:51:09,7,31,AH0,254,34.0803,Day,F,L,A,MYSE
151.909,8443,6/3/2015,5/29/2015,20:51:09,7,32.4,AH0,253,35.9501792,Day,F,L,A,MYSE
151.909,8443,6/3/2015,5/30/2015,20:51:09,7,29.1,AH0,151,30.7541543,Day,F,L,A,MYSE
151.909,8443,6/3/2015,5/25/2015,20:51:10,7,31.9,AH0,255,35.3347947,Day,F,L,A,MYSE
151.909,8443,6/3/2015,5/31/2015,20:51:10,7,24.9,AH0,246,19.5458117,Day,F,L,A,MYSE
151.909,8443,6/3/2015,5/28/2015,20:51:11,7,31,AH0,253,34.0803,Day,F,L,A,MYSE
151.909,8443,6/3/2015,5/29/2015,20:51:11,7,32.4,AH0,254,35.9501792,Day,F,L,A,MYSE
151.909,8443,6/3/2015,5/30/2015,20:51:11,7,29.1,AH0,114,30.7541543,Day,F,L,A,MYSE
151.909,8443,6/3/2015,5/26/2015,20:51:16,7,27.6,AH0,254,27.4061408,Day,F,L,A,MYSE
151.909,8443,6/3/2015,5/26/2015,20:51:18,7,27.6,AH0,254,27.4061408,Day,F,L,A,MYSE
151.909,8443,6/3/2015,5/26/2015,20:51:20,7,27.6,AH0,255,27.4061408,Day,F,L,A,MYSE
151.909,8443,6/3/2015,5/26/2015,20:51:23,7,27.6,AH0,255,27.4061408,Day,F,L,A,MYSE
151.909,8443,6/3/2015,5/29/2015,20:51:24,7,32.8,AH0,254,36.4026816,Day,F,L,A,MYSE
151.909,8443,6/3/2015,5/31/2015,20:51:24,7,24.9,AH0,245,19.5458117,Day,F,L,A,MYSE
151.909,8443,6/3/2015,5/25/2015,20:51:25,7,32.1,AH0,255,35.5877213,Day,F,L,A,MYSE
151.909,8443,6/3/2015,5/30/2015,20:51:25,7,29.2,AH0,133,30.9537504,Day,F,L,A,MYSE
151.909,8443,6/3/2015,5/29/2015,20:51:26,7,32.6,AH0,252,36.1807608,Day,F,L,A,MYSE
151.909,8443,6/3/2015,5/25/2015,20:51:27,7,32.1,AH0,255,35.5877213,Day,F,L,A,MYSE
151.909,8443,6/3/2015,5/28/2015,20:51:27,7,31,AH0,253,34.0803,Day,F,L,A,MYSE
151.909,8443,6/3/2015,5/30/2015,20:51:27,7,29.2,AH0,40,30.9537504,Day,F,L,A,MYSE
151.909,8443,6/3/2015,5/31/2015,20:51:27,7,24.9,AH0,245,19.5458117,Day,F,L,A,MYSE
151.909,8443,6/3/2015,5/29/2015,20:51:28,7,32.5,AH0,252,36.0665625,Day,F,L,A,MYSE
151.909,8443,6/3/2015,5/25/2015,20:51:29,7,32.1,AH0,255,35.5877213,Day,F,L,A,MYSE
151.909,8443,6/3/2015,5/28/2015,20:51:29,7,31,AH0,254,34.0803,Day,F,L,A,MYSE
151.909,8443,6/3/2015,5/30/2015,20:51:29,7,29.5,AH0,94,31.5355875,Day,F,L,A,MYSE
151.909,8443,6/3/2015,5/31/2015,20:51:29,7,24.9,AH0,247,19.5458117,Day,F,L,A,MYSE
151.909,8443,6/3/2015,5/28/2015,20:51:30,7,31,AH0,254,34.0803,Day,F,L,A,MYSE
151.909,8443,6/3/2015,5/29/2015,20:51:30,7,32.5,AH0,254,36.0665625,Day,F,L,A,MYSE
151.909,8443,6/3/2015,5/25/2015,20:51:31,7,32.1,AH0,255,35.5877213,Day,F,L,A,MYSE
151.909,8443,6/3/2015,5/30/2015,20:51:31,7,29.3,AH0,82,31.1505081,Day,F,L,A,MYSE
151.909,8443,6/3/2015,5/28/2015,20:51:32,7,31,AH0,249,34.0803,Day,F,L,A,MYSE
151.909,8443,6/3/2015,5/29/2015,20:51:32,7,32.5,AH0,252,36.0665625,Day,F,L,A,MYSE
151.909,8443,6/3/2015,5/26/2015,20:51:36,7,27.6,AH0,254,27.4061408,Day,F,L,A,MYSE
151.909,8443,6/3/2015,5/26/2015,20:51:38,7,27.6,AH0,253,27.4061408,Day,F,L,A,MYSE
151.909,8443,6/3/2015,5/26/2015,20:51:40,7,27.6,AH0,255,27.4061408,Day,F,L,A,MYSE
151.909,8443,6/3/2015,5/26/2015,20:51:42,7,27.6,AH0,254,27.4061408,Day,F,L,A,MYSE
151.909,8443,6/3/2015,5/31/2015,20:51:44,7,24.9,AH0,244,19.5458117,Day,F,L,A,MYSE
151.909,8443,6/3/2015,5/29/2015,20:51:45,7,32.3,AH0,253,35.8315911,Day,F,L,A,MYSE
151.909,8443,6/3/2015,5/25/2015,20:51:46,7,32.2,AH0,255,35.7107784,Day,F,L,A,MYSE
151.909,8443,6/3/2015,5/28/2015,20:51:46,7,31.1,AH0,244,34.2293523,Day,F,L,A,MYSE
151.909,8443,6/3/2015,5/29/2015,20:51:46,7,32.3,AH0,253,35.8315911,Day,F,L,A,MYSE
151.909,8443,6/3/2015,5/30/2015,20:51:46,7,29.4,AH0,172,31.3444472,Day,F,L,A,MYSE
151.909,8443,6/3/2015,5/31/2015,20:51:46,7,24.9,AH0,245,19.5458117,Day,F,L,A,MYSE
151.909,8443,6/3/2015,5/25/2015,20:51:48,7,32.2,AH0,255,35.7107784,Day,F,L,A,MYSE
151.909,8443,6/3/2015,5/28/2015,20:51:48,7,31.1,AH0,242,34.2293523,Day,F,L,A,MYSE
151.909,8443,6/3/2015,5/29/2015,20:51:48,7,32.3,AH0,254,35.8315911,Day,F,L,A,MYSE
151.909,8443,6/3/2015,5/30/2015,20:51:48,7,29.4,AH0,167,31.3444472,Day,F,L,A,MYSE
151.909,8443,6/3/2015,5/31/2015,20:51:48,7,24.9,AH0,242,19.5458117,Day,F,L,A,MYSE
151.909,8443,6/3/2015,5/25/2015,20:51:50,7,32.3,AH0,255,35.8315911,Day,F,L,A,MYSE
151.909,8443,6/3/2015,5/28/2015,20:51:50,7,31.2,AH0,244,34.3759424,Day,F,L,A,MYSE
151.909,8443,6/3/2015,5/29/2015,20:51:50,7,32.3,AH0,252,35.8315911,Day,F,L,A,MYSE
151.909,8443,6/3/2015,5/25/2015,20:51:51,7,32.3,AH0,255,35.8315911,Day,F,L,A,MYSE
151.909,8443,6/3/2015,5/28/2015,20:51:52,7,31.2,AH0,242,34.3759424,Day,F,L,A,MYSE
151.909,8443,6/3/2015,5/29/2015,20:51:52,7,32.4,AH0,253,35.9501792,Day,F,L,A,MYSE
151.909,8443,6/3/2015,5/30/2015,20:51:52,7,14.7,AH0,181,-37.6805641,Day,F,L,A,MYSE
151.909,8443,6/3/2015,5/26/2015,20:51:56,7,27.6,AH0,254,27.4061408,Day,F,L,A,MYSE
151.909,8443,6/3/2015,5/26/2015,20:51:59,7,27.6,AH0,253,27.4061408,Day,F,L,A,MYSE
151.909,8443,6/3/2015,5/26/2015,20:52:01,7,27.6,AH0,253,27.4061408,Day,F,L,A,MYSE
151.909,8443,6/3/2015,5/25/2015,20:52:04,7,32.3,AH0,255,35.8315911,Day,F,L,A,MYSE
151.909,8443,6/3/2015,5/30/2015,20:52:04,7,29.5,AH0,203,31.5355875,Day,F,L,A,MYSE
151.909,8443,6/3/2015,5/28/2015,20:52:05,7,31.3,AH0,242,34.5200901,Day,F,L,A,MYSE
151.909,8443,6/3/2015,5/29/2015,20:52:05,7,32.2,AH0,253,35.7107784,Day,F,L,A,MYSE
151.909,8443,6/3/2015,5/31/2015,20:52:05,7,24.9,AH0,244,19.5458117,Day,F,L,A,MYSE
151.909,8443,6/3/2015,5/25/2015,20:52:06,7,32.3,AH0,255,35.8315911,Day,F,L,A,MYSE
151.909,8443,6/3/2015,5/30/2015,20:52:06,7,29.4,AH0,179,31.3444472,Day,F,L,A,MYSE
151.909,8443,6/3/2015,5/28/2015,20:52:07,7,31.3,AH0,246,34.5200901,Day,F,L,A,MYSE
151.909,8443,6/3/2015,5/29/2015,20:52:07,7,32.2,AH0,252,35.7107784,Day,F,L,A,MYSE
151.909,8443,6/3/2015,5/25/2015,20:52:08,7,32.3,AH0,255,35.8315911,Day,F,L,A,MYSE
151.909,8443,6/3/2015,5/30/2015,20:52:08,7,29.4,AH0,203,31.3444472,Day,F,L,A,MYSE
151.909,8443,6/3/2015,5/31/2015,20:52:08,7,24.9,AH0,244,19.5458117,Day,F,L,A,MYSE
151.909,8443,6/3/2015,5/28/2015,20:52:09,7,31.3,AH0,237,34.5200901,Day,F,L,A,MYSE
151.909,8443,6/3/2015,5/29/2015,20:52:09,7,32.1,AH0,252,35.5877213,Day,F,L,A,MYSE
151.909,8443,6/3/2015,5/25/2015,20:52:10,7,32.3,AH0,255,35.8315911,Day,F,L,A,MYSE
151.909,8443,6/3/2015,5/30/2015,20:52:10,7,29.5,AH0,163,31.5355875,Day,F,L,A,MYSE
151.909,8443,6/3/2015,5/31/2015,20:52:10,7,24.9,AH0,245,19.5458117,Day,F,L,A,MYSE
151.909,8443,6/3/2015,5/28/2015,20:52:11,7,31.3,AH0,236,34.5200901,Day,F,L,A,MYSE
151.909,8443,6/3/2015,5/29/2015,20:52:11,7,32.1,AH0,253,35.5877213,Day,F,L,A,MYSE
151.909,8443,6/3/2015,5/25/2015,20:52:12,7,32.3,AH0,255,35.8315911,Day,F,L,A,MYSE
151.909,8443,6/3/2015,5/28/2015,20:52:13,7,31.4,AH0,242,34.6618152,Day,F,L,A,MYSE
151.909,8443,6/3/2015,5/26/2015,20:52:16,7,27.6,AH0,255,27.4061408,Day,F,L,A,MYSE
151.909,8443,6/3/2015,5/26/2015,20:52:18,7,27.6,AH0,254,27.4061408,Day,F,L,A,MYSE
151.909,8443,6/3/2015,5/26/2015,20:52:20,7,27.6,AH0,255,27.4061408,Day,F,L,A,MYSE
151.909,8443,6/3/2015,5/30/2015,20:52:24,7,29.3,AH0,52,31.1505081,Day,F,L,A,MYSE
151.909,8443,6/3/2015,5/25/2015,20:52:25,7,32.3,AH0,255,35.8315911,Day,F,L,A,MYSE
151.909,8443,6/3/2015,5/31/2015,20:52:25,7,24.9,AH0,249,19.5458117,Day,F,L,A,MYSE
151.909,8443,6/3/2015,5/28/2015,20:52:26,7,31.4,AH0,244,34.6618152,Day,F,L,A,MYSE
151.909,8443,6/3/2015,5/29/2015,20:52:26,7,32.1,AH0,251,35.5877213,Day,F,L,A,MYSE
151.909,8443,6/3/2015,5/25/2015,20:52:27,7,32.3,AH0,255,35.8315911,Day,F,L,A,MYSE
151.909,8443,6/3/2015,5/29/2015,20:52:27,7,32.1,AH0,252,35.5877213,Day,F,L,A,MYSE
151.909,8443,6/3/2015,5/30/2015,20:52:27,7,29.4,AH0,52,31.3444472,Day,F,L,A,MYSE
151.909,8443,6/3/2015,5/31/2015,20:52:27,7,24.9,AH0,246,19.5458117,Day,F,L,A,MYSE
151.909,8443,6/3/2015,5/28/2015,20:52:28,7,31.5,AH0,243,34.8011375,Day,F,L,A,MYSE
151.909,8443,6/3/2015,5/25/2015,20:52:29,7,32.3,AH0,255,35.8315911,Day,F,L,A,MYSE
151.909,8443,6/3/2015,5/29/2015,20:52:29,7,32.1,AH0,252,35.5877213,Day,F,L,A,MYSE
151.909,8443,6/3/2015,5/30/2015,20:52:29,7,29.4,AH0,55,31.3444472,Day,F,L,A,MYSE
151.909,8443,6/3/2015,5/31/2015,20:52:29,7,24.9,AH0,245,19.5458117,Day,F,L,A,MYSE
151.909,8443,6/3/2015,5/25/2015,20:52:30,7,32.3,AH0,255,35.8315911,Day,F,L,A,MYSE
151.909,8443,6/3/2015,5/28/2015,20:52:30,7,31.5,AH0,243,34.8011375,Day,F,L,A,MYSE
151.909,8443,6/3/2015,5/29/2015,20:52:31,7,32.1,AH0,249,35.5877213,Day,F,L,A,MYSE
151.909,8443,6/3/2015,5/30/2015,20:52:31,7,29.4,AH0,52,31.3444472,Day,F,L,A,MYSE
151.909,8443,6/3/2015,5/28/2015,20:52:32,7,31.5,AH0,243,34.8011375,Day,F,L,A,MYSE
151.909,8443,6/3/2015,5/26/2015,20:52:36,7,27.5,AH0,255,27.1584375,Day,F,L,A,MYSE
151.909,8443,6/3/2015,5/26/2015,20:52:38,7,27.5,AH0,255,27.1584375,Day,F,L,A,MYSE
151.909,8443,6/3/2015,5/26/2015,20:52:40,7,27.5,AH0,253,27.1584375,Day,F,L,A,MYSE
151.909,8443,6/3/2015,5/26/2015,20:52:42,7,27.5,AH0,254,27.1584375,Day,F,L,A,MYSE
151.909,8443,6/3/2015,5/29/2015,20:52:44,7,32,AH0,252,35.4624,Day,F,L,A,MYSE
151.909,8443,6/3/2015,5/31/2015,20:52:44,7,24.9,AH0,246,19.5458117,Day,F,L,A,MYSE
151.909,8443,6/3/2015,5/25/2015,20:52:45,7,32.3,AH0,255,35.8315911,Day,F,L,A,MYSE
151.909,8443,6/3/2015,5/28/2015,20:52:45,7,31.6,AH0,244,34.9380768,Day,F,L,A,MYSE
151.909,8443,6/3/2015,5/29/2015,20:52:46,7,32,AH0,250,35.4624,Day,F,L,A,MYSE
151.909,8443,6/3/2015,5/31/2015,20:52:46,7,24.9,AH0,248,19.5458117,Day,F,L,A,MYSE
151.909,8443,6/3/2015,5/25/2015,20:52:47,7,32.3,AH0,255,35.8315911,Day,F,L,A,MYSE
151.909,8443,6/3/2015,5/28/2015,20:52:47,7,33.7,AH0,245,37.2983949,Day,F,L,A,MYSE
151.909,8443,6/3/2015,5/30/2015,20:52:47,7,14.6,AH0,97,-38.5013112,Day,F,L,A,MYSE
151.909,8443,6/3/2015,5/29/2015,20:52:48,7,32,AH0,252,35.4624,Day,F,L,A,MYSE
151.909,8443,6/3/2015,5/25/2015,20:52:49,7,32.3,AH0,255,35.8315911,Day,F,L,A,MYSE
151.909,8443,6/3/2015,5/28/2015,20:52:49,7,30.7,AH0,243,33.6181719,Day,F,L,A,MYSE
151.909,8443,6/3/2015,5/30/2015,20:52:49,7,29.2,AH0,124,30.9537504,Day,F,L,A,MYSE
151.909,8443,6/3/2015,5/31/2015,20:52:49,7,24.9,AH0,246,19.5458117,Day,F,L,A,MYSE
151.909,8443,6/3/2015,5/29/2015,20:52:50,7,32,AH0,252,35.4624,Day,F,L,A,MYSE
151.909,8443,6/3/2015,5/25/2015,20:52:51,7,32.3,AH0,255,35.8315911,Day,F,L,A,MYSE
151.909,8443,6/3/2015,5/28/2015,20:52:51,7,31.5,AH0,236,34.8011375,Day,F,L,A,MYSE
151.909,8443,6/3/2015,5/30/2015,20:52:51,7,29.1,AH0,43,30.7541543,Day,F,L,A,MYSE
151.909,8443,6/3/2015,5/29/2015,20:52:52,7,31.9,AH0,253,35.3347947,Day,F,L,A,MYSE
151.909,8443,6/3/2015,5/28/2015,20:52:53,7,31.6,AH0,226,34.9380768,Day,F,L,A,MYSE
151.909,8443,6/3/2015,5/26/2015,20:52:55,7,27.4,AH0,254,26.9075592,Day,F,L,A,MYSE
151.909,8443,6/3/2015,5/26/2015,20:52:57,7,27.4,AH0,253,26.9075592,Day,F,L,A,MYSE
151.909,8443,6/3/2015,5/26/2015,20:53:00,7,27.4,AH0,253,26.9075592,Day,F,L,A,MYSE
151.909,8443,6/3/2015,5/26/2015,20:53:02,7,27.5,AH0,254,27.1584375,Day,F,L,A,MYSE
151.909,8443,6/3/2015,5/31/2015,20:53:03,7,24.9,AH0,245,19.5458117,Day,F,L,A,MYSE
151.909,8443,6/3/2015,5/29/2015,20:53:05,7,31.9,AH0,252,35.3347947,Day,F,L,A,MYSE
151.909,8443,6/3/2015,5/30/2015,20:53:05,7,29.2,AH0,32,30.9537504,Day,F,L,A,MYSE
151.909,8443,6/3/2015,5/25/2015,20:53:06,7,32.1,AH0,255,35.5877213,Day,F,L,A,MYSE
151.909,8443,6/3/2015,5/28/2015,20:53:06,7,31.7,AH0,224,35.0726529,Day,F,L,A,MYSE
151.909,8443,6/3/2015,5/31/2015,20:53:06,7,24.9,AH0,247,19.5458117,Day,F,L,A,MYSE
151.909,8443,6/3/2015,5/29/2015,20:53:07,7,31.8,AH0,250,35.2048856,Day,F,L,A,MYSE
151.909,8443,6/3/2015,5/25/2015,20:53:08,7,32.1,AH0,255,35.5877213,Day,F,L,A,MYSE
151.909,8443,6/3/2015,5/28/2015,20:53:08,7,31.7,AH0,205,35.0726529,Day,F,L,A,MYSE
151.909,8443,6/3/2015,5/30/2015,20:53:08,7,29.1,AH0,38,30.7541543,Day,F,L,A,MYSE
151.909,8443,6/3/2015,5/31/2015,20:53:08,7,24.9,AH0,245,19.5458117,Day,F,L,A,MYSE
151.909,8443,6/3/2015,5/25/2015,20:53:09,7,32.1,AH0,255,35.5877213,Day,F,L,A,MYSE
151.909,8443,6/3/2015,5/29/2015,20:53:09,7,31.8,AH0,253,35.2048856,Day,F,L,A,MYSE
151.909,8443,6/3/2015,5/28/2015,20:53:10,7,31.7,AH0,169,35.0726529,Day,F,L,A,MYSE
151.909,8443,6/3/2015,5/30/2015,20:53:10,7,29.5,AH0,100,31.5355875,Day,F,L,A,MYSE
151.909,8443,6/3/2015,5/31/2015,20:53:10,7,24.9,AH0,248,19.5458117,Day,F,L,A,MYSE
151.909,8443,6/3/2015,5/25/2015,20:53:11,7,32.1,AH0,255,35.5877213,Day,F,L,A,MYSE
151.909,8443,6/3/2015,5/29/2015,20:53:11,7,31.8,AH0,250,35.2048856,Day,F,L,A,MYSE
151.909,8443,6/3/2015,5/28/2015,20:53:12,7,31.7,AH0,204,35.0726529,Day,F,L,A,MYSE
151.909,8443,6/3/2015,5/30/2015,20:53:12,7,29.2,AH0,111,30.9537504,Day,F,L,A,MYSE
151.909,8443,6/3/2015,5/26/2015,20:53:15,7,27.5,AH0,254,27.1584375,Day,F,L,A,MYSE
151.909,8443,6/3/2015,5/26/2015,20:53:17,7,27.5,AH0,253,27.1584375,Day,F,L,A,MYSE
151.909,8443,6/3/2015,5/26/2015,20:53:19,7,27.6,AH0,252,27.4061408,Day,F,L,A,MYSE
151.909,8443,6/3/2015,5/26/2015,20:53:21,7,27.6,AH0,252,27.4061408,Day,F,L,A,MYSE
151.909,8443,6/3/2015,5/25/2015,20:53:23,7,32.2,AH0,255,35.7107784,Day,F,L,A,MYSE
151.909,8443,6/3/2015,5/30/2015,20:53:24,7,29.2,AH0,180,30.9537504,Day,F,L,A,MYSE
151.909,8443,6/3/2015,5/25/2015,20:53:25,7,32.2,AH0,255,35.7107784,Day,F,L,A,MYSE
151.909,8443,6/3/2015,5/28/2015,20:53:25,7,31.5,AH0,218,34.8011375,Day,F,L,A,MYSE
151.909,8443,6/3/2015,5/31/2015,20:53:25,7,24.9,AH0,246,19.5458117,Day,F,L,A,MYSE
151.909,8443,6/3/2015,5/29/2015,20:53:26,7,31.7,AH0,251,35.0726529,Day,F,L,A,MYSE
151.909,8443,6/3/2015,5/30/2015,20:53:26,7,29.2,AH0,154,30.9537504,Day,F,L,A,MYSE
151.909,8443,6/3/2015,5/25/2015,20:53:27,7,32.2,AH0,255,35.7107784,Day,F,L,A,MYSE
151.909,8443,6/3/2015,5/28/2015,20:53:27,7,31.5,AH0,178,34.8011375,Day,F,L,A,MYSE
151.909,8443,6/3/2015,5/31/2015,20:53:27,7,24.9,AH0,246,19.5458117,Day,F,L,A,MYSE
151.909,8443,6/3/2015,5/29/2015,20:53:28,7,31.6,AH0,253,34.9380768,Day,F,L,A,MYSE
151.909,8443,6/3/2015,5/30/2015,20:53:28,7,29.2,AH0,165,30.9537504,Day,F,L,A,MYSE
151.909,8443,6/3/2015,5/25/2015,20:53:29,7,32.2,AH0,255,35.7107784,Day,F,L,A,MYSE
151.909,8443,6/3/2015,5/28/2015,20:53:29,7,31.4,AH0,182,34.6618152,Day,F,L,A,MYSE
151.909,8443,6/3/2015,5/29/2015,20:53:30,7,31.6,AH0,251,34.9380768,Day,F,L,A,MYSE
151.909,8443,6/3/2015,5/30/2015,20:53:30,7,29.2,AH0,122,30.9537504,Day,F,L,A,MYSE
151.909,8443,6/3/2015,5/31/2015,20:53:30,7,24.9,AH0,246,19.5458117,Day,F,L,A,MYSE
151.909,8443,6/3/2015,5/25/2015,20:53:31,7,32.2,AH0,255,35.7107784,Day,F,L,A,MYSE
151.909,8443,6/3/2015,5/28/2015,20:53:31,7,31.4,AH0,186,34.6618152,Day,F,L,A,MYSE
151.909,8443,6/3/2015,5/29/2015,20:53:31,7,31.6,AH0,250,34.9380768,Day,F,L,A,MYSE
151.909,8443,6/3/2015,5/28/2015,20:53:33,7,31.4,AH0,211,34.6618152,Day,F,L,A,MYSE
151.909,8443,6/3/2015,5/26/2015,20:53:34,7,27.7,AH0,253,27.6506889,Day,F,L,A,MYSE
151.909,8443,6/3/2015,5/26/2015,20:53:37,7,27.7,AH0,253,27.6506889,Day,F,L,A,MYSE
151.909,8443,6/3/2015,5/26/2015,20:53:39,7,27.7,AH0,248,27.6506889,Day,F,L,A,MYSE
151.909,8443,6/3/2015,5/26/2015,20:53:41,7,27.7,AH0,252,27.6506889,Day,F,L,A,MYSE
151.909,8443,6/3/2015,5/25/2015,20:53:44,7,32.2,AH0,255,35.7107784,Day,F,L,A,MYSE
151.909,8443,6/3/2015,5/31/2015,20:53:44,7,24.9,AH0,246,19.5458117,Day,F,L,A,MYSE
151.909,8443,6/3/2015,5/29/2015,20:53:45,7,31.6,AH0,253,34.9380768,Day,F,L,A,MYSE
151.909,8443,6/3/2015,5/30/2015,20:53:45,7,29.2,AH0,196,30.9537504,Day,F,L,A,MYSE
151.909,8443,6/3/2015,5/25/2015,20:53:46,7,32.2,AH0,255,35.7107784,Day,F,L,A,MYSE
151.909,8443,6/3/2015,5/28/2015,20:53:46,7,31.4,AH0,89,34.6618152,Day,F,L,A,MYSE
151.909,8443,6/3/2015,5/29/2015,20:53:47,7,31.6,AH0,251,34.9380768,Day,F,L,A,MYSE
151.909,8443,6/3/2015,5/30/2015,20:53:47,7,29.2,AH0,192,30.9537504,Day,F,L,A,MYSE
151.909,8443,6/3/2015,5/31/2015,20:53:47,7,24.9,AH0,246,19.5458117,Day,F,L,A,MYSE
151.909,8443,6/3/2015,5/25/2015,20:53:48,7,32.2,AH0,255,35.7107784,Day,F,L,A,MYSE
151.909,8443,6/3/2015,5/28/2015,20:53:48,7,31.4,AH0,125,34.6618152,Day,F,L,A,MYSE
151.909,8443,6/3/2015,5/25/2015,20:53:49,7,32.2,AH0,255,35.7107784,Day,F,L,A,MYSE
151.909,8443,6/3/2015,5/29/2015,20:53:49,7,31.6,AH0,253,34.9380768,Day,F,L,A,MYSE
151.909,8443,6/3/2015,5/30/2015,20:53:49,7,29.3,AH0,127,31.1505081,Day,F,L,A,MYSE
151.909,8443,6/3/2015,5/31/2015,20:53:49,7,24.9,AH0,247,19.5458117,Day,F,L,A,MYSE
151.909,8443,6/3/2015,5/28/2015,20:53:50,7,31.4,AH0,145,34.6618152,Day,F,L,A,MYSE
151.909,8443,6/3/2015,5/29/2015,20:53:50,7,31.6,AH0,253,34.9380768,Day,F,L,A,MYSE
151.909,8443,6/3/2015,5/30/2015,20:53:51,7,29.3,AH0,143,31.1505081,Day,F,L,A,MYSE
151.909,8443,6/3/2015,5/28/2015,20:53:52,7,31.4,AH0,54,34.6618152,Day,F,L,A,MYSE
151.909,8443,6/3/2015,5/29/2015,20:53:52,7,31.6,AH0,252,34.9380768,Day,F,L,A,MYSE
151.909,8443,6/3/2015,5/26/2015,20:53:56,7,27.8,AH0,251,27.8921016,Day,F,L,A,MYSE
151.909,8443,6/3/2015,5/26/2015,20:53:58,7,27.8,AH0,252,27.8921016,Day,F,L,A,MYSE
151.909,8443,6/3/2015,5/26/2015,20:54:00,7,27.9,AH0,253,28.1303987,Day,F,L,A,MYSE
151.909,8443,6/3/2015,5/25/2015,20:54:04,7,32.1,AH0,255,35.5877213,Day,F,L,A,MYSE
151.909,8443,6/3/2015,5/31/2015,20:54:04,7,24.9,AH0,246,19.5458117,Day,F,L,A,MYSE
151.909,8443,6/3/2015,5/28/2015,20:54:05,7,31.5,AH0,199,34.8011375,Day,F,L,A,MYSE
151.909,8443,6/3/2015,5/25/2015,20:54:06,7,32.1,AH0,255,35.5877213,Day,F,L,A,MYSE
151.909,8443,6/3/2015,5/29/2015,20:54:06,7,31.6,AH0,252,34.9380768,Day,F,L,A,MYSE
151.909,8443,6/3/2015,5/31/2015,20:54:06,7,24.9,AH0,247,19.5458117,Day,F,L,A,MYSE
151.909,8443,6/3/2015,5/28/2015,20:54:07,7,31.5,AH0,244,34.8011375,Day,F,L,A,MYSE
151.909,8443,6/3/2015,5/30/2015,20:54:07,7,29.5,AH0,119,31.5355875,Day,F,L,A,MYSE
151.909,8443,6/3/2015,5/25/2015,20:54:08,7,32.1,AH0,255,35.5877213,Day,F,L,A,MYSE
151.909,8443,6/3/2015,5/29/2015,20:54:08,7,31.6,AH0,251,34.9380768,Day,F,L,A,MYSE
151.909,8443,6/3/2015,5/31/2015,20:54:08,7,24.9,AH0,244,19.5458117,Day,F,L,A,MYSE
151.909,8443,6/3/2015,5/28/2015,20:54:09,7,31.5,AH0,246,34.8011375,Day,F,L,A,MYSE
151.909,8443,6/3/2015,5/29/2015,20:54:09,7,31.6,AH0,250,34.9380768,Day,F,L,A,MYSE
151.909,8443,6/3/2015,5/30/2015,20:54:09,7,29.4,AH0,63,31.3444472,Day,F,L,A,MYSE
151.909,8443,6/3/2015,5/25/2015,20:54:10,7,32.1,AH0,255,35.5877213,Day,F,L,A,MYSE
151.909,8443,6/3/2015,5/28/2015,20:54:11,7,31.5,AH0,247,34.8011375,Day,F,L,A,MYSE
151.909,8443,6/3/2015,5/29/2015,20:54:11,7,31.6,AH0,253,34.9380768,Day,F,L,A,MYSE
151.909,8443,6/3/2015,5/30/2015,20:54:11,7,29.4,AH0,151,31.3444472,Day,F,L,A,MYSE
151.909,8443,6/3/2015,5/28/2015,20:54:13,7,31.5,AH0,219,34.8011375,Day,F,L,A,MYSE
151.909,8443,6/3/2015,5/26/2015,20:54:15,7,27.9,AH0,251,28.1303987,Day,F,L,A,MYSE
151.909,8443,6/3/2015,5/26/2015,20:54:18,7,28,AH0,250,28.3656,Day,F,L,A,MYSE
151.909,8443,6/3/2015,5/26/2015,20:54:20,7,28,AH0,252,28.3656,Day,F,L,A,MYSE
151.909,8443,6/3/2015,5/26/2015,20:54:22,7,28,AH0,252,28.3656,Day,F,L,A,MYSE
151.909,8443,6/3/2015,5/25/2015,20:54:23,7,32,AH0,255,35.4624,Day,F,L,A,MYSE
151.909,8443,6/3/2015,5/25/2015,20:54:25,7,32.1,AH0,255,35.5877213,Day,F,L,A,MYSE
151.909,8443,6/3/2015,5/29/2015,20:54:25,7,31.6,AH0,252,34.9380768,Day,F,L,A,MYSE
151.909,8443,6/3/2015,5/31/2015,20:54:25,7,24.9,AH0,247,19.5458117,Day,F,L,A,MYSE
151.909,8443,6/3/2015,5/28/2015,20:54:26,7,31.6,AH0,105,34.9380768,Day,F,L,A,MYSE
151.909,8443,6/3/2015,5/25/2015,20:54:27,7,32,AH0,255,35.4624,Day,F,L,A,MYSE
151.909,8443,6/3/2015,5/29/2015,20:54:27,7,31.6,AH0,252,34.9380768,Day,F,L,A,MYSE
151.909,8443,6/3/2015,5/28/2015,20:54:28,7,31.7,AH0,208,35.0726529,Day,F,L,A,MYSE
151.909,8443,6/3/2015,5/29/2015,20:54:28,7,31.6,AH0,249,34.9380768,Day,F,L,A,MYSE
151.909,8443,6/3/2015,5/31/2015,20:54:28,7,24.9,AH0,246,19.5458117,Day,F,L,A,MYSE
151.909,8443,6/3/2015,5/25/2015,20:54:29,7,32,AH0,255,35.4624,Day,F,L,A,MYSE
151.909,8443,6/3/2015,5/30/2015,20:54:29,7,29.6,AH0,43,31.7239488,Day,F,L,A,MYSE
151.909,8443,6/3/2015,5/28/2015,20:54:30,7,31.7,AH0,161,35.0726529,Day,F,L,A,MYSE
151.909,8443,6/3/2015,5/29/2015,20:54:30,7,31.7,AH0,251,35.0726529,Day,F,L,A,MYSE
151.909,8443,6/3/2015,5/31/2015,20:54:30,7,24.8,AH0,247,19.2054336,Day,F,L,A,MYSE
151.909,8443,6/3/2015,5/25/2015,20:54:31,7,32,AH0,255,35.4624,Day,F,L,A,MYSE
151.909,8443,6/3/2015,5/30/2015,20:54:31,7,29.4,AH0,31,31.3444472,Day,F,L,A,MYSE
151.909,8443,6/3/2015,5/28/2015,20:54:32,7,31.7,AH0,140,35.0726529,Day,F,L,A,MYSE
151.909,8443,6/3/2015,5/29/2015,20:54:32,7,31.6,AH0,252,34.9380768,Day,F,L,A,MYSE
151.909,8443,6/3/2015,5/26/2015,20:54:35,7,28.1,AH0,250,28.5977253,Day,F,L,A,MYSE
151.909,8443,6/3/2015,5/26/2015,20:54:37,7,28.1,AH0,254,28.5977253,Day,F,L,A,MYSE
151.909,8443,6/3/2015,5/26/2015,20:54:39,7,28.1,AH0,253,28.5977253,Day,F,L,A,MYSE
151.909,8443,6/3/2015,5/26/2015,20:54:41,7,28.2,AH0,254,28.8267944,Day,F,L,A,MYSE
151.909,8443,6/3/2015,5/25/2015,20:54:44,7,31.9,AH0,255,35.3347947,Day,F,L,A,MYSE
151.909,8443,6/3/2015,5/28/2015,20:54:45,7,31.8,AH0,193,35.2048856,Day,F,L,A,MYSE
151.909,8443,6/3/2015,5/29/2015,20:54:45,7,31.7,AH0,252,35.0726529,Day,F,L,A,MYSE
151.909,8443,6/3/2015,5/31/2015,20:54:45,7,24.8,AH0,246,19.2054336,Day,F,L,A,MYSE
151.909,8443,6/3/2015,5/25/2015,20:54:46,7,31.9,AH0,255,35.3347947,Day,F,L,A,MYSE
151.909,8443,6/3/2015,5/30/2015,20:54:46,7,29.6,AH0,102,31.7239488,Day,F,L,A,MYSE
151.909,8443,6/3/2015,5/28/2015,20:54:47,7,31.8,AH0,163,35.2048856,Day,F,L,A,MYSE
151.909,8443,6/3/2015,5/29/2015,20:54:47,7,31.7,AH0,249,35.0726529,Day,F,L,A,MYSE
151.909,8443,6/3/2015,5/31/2015,20:54:47,7,24.8,AH0,248,19.2054336,Day,F,L,A,MYSE
151.909,8443,6/3/2015,5/25/2015,20:54:48,7,31.9,AH0,255,35.3347947,Day,F,L,A,MYSE
151.909,8443,6/3/2015,5/30/2015,20:54:48,7,29.6,AH0,51,31.7239488,Day,F,L,A,MYSE
151.909,8443,6/3/2015,5/25/2015,20:54:49,7,31.9,AH0,255,35.3347947,Day,F,L,A,MYSE
151.909,8443,6/3/2015,5/28/2015,20:54:49,7,31.7,AH0,121,35.0726529,Day,F,L,A,MYSE
151.909,8443,6/3/2015,5/29/2015,20:54:49,7,31.7,AH0,250,35.0726529,Day,F,L,A,MYSE
151.909,8443,6/3/2015,5/31/2015,20:54:49,7,24.8,AH0,248,19.2054336,Day,F,L,A,MYSE
151.909,8443,6/3/2015,5/28/2015,20:54:51,7,31.7,AH0,98,35.0726529,Day,F,L,A,MYSE
151.909,8443,6/3/2015,5/29/2015,20:54:51,7,31.7,AH0,251,35.0726529,Day,F,L,A,MYSE
151.909,8443,6/3/2015,5/26/2015,20:54:56,7,28.3,AH0,254,29.0528271,Day,F,L,A,MYSE
151.909,8443,6/3/2015,5/26/2015,20:54:58,7,28.3,AH0,254,29.0528271,Day,F,L,A,MYSE
151.909,8443,6/3/2015,5/26/2015,20:55:00,7,28.3,AH0,254,29.0528271,Day,F,L,A,MYSE
151.909,8443,6/3/2015,5/25/2015,20:55:04,7,32.1,AH0,241,35.5877213,Day,F,L,A,MYSE
151.909,8443,6/3/2015,5/29/2015,20:55:04,7,31.8,AH0,249,35.2048856,Day,F,L,A,MYSE
151.909,8443,6/3/2015,5/31/2015,20:55:04,7,24.8,AH0,247,19.2054336,Day,F,L,A,MYSE
151.909,8443,6/3/2015,5/25/2015,20:55:06,7,32,AH0,255,35.4624,Day,F,L,A,MYSE
151.909,8443,6/3/2015,5/28/2015,20:55:06,7,31.9,AH0,214,35.3347947,Day,F,L,A,MYSE
151.909,8443,6/3/2015,5/29/2015,20:55:06,7,31.8,AH0,251,35.2048856,Day,F,L,A,MYSE
151.909,8443,6/3/2015,5/30/2015,20:55:06,7,29.5,AH0,100,31.5355875,Day,F,L,A,MYSE
151.909,8443,6/3/2015,5/31/2015,20:55:06,7,24.8,AH0,248,19.2054336,Day,F,L,A,MYSE
151.909,8443,6/3/2015,5/25/2015,20:55:08,7,32.1,AH0,254,35.5877213,Day,F,L,A,MYSE
151.909,8443,6/3/2015,5/28/2015,20:55:08,7,31.9,AH0,130,35.3347947,Day,F,L,A,MYSE
151.909,8443,6/3/2015,5/29/2015,20:55:08,7,31.9,AH0,248,35.3347947,Day,F,L,A,MYSE
151.909,8443,6/3/2015,5/30/2015,20:55:08,7,29.5,AH0,100,31.5355875,Day,F,L,A,MYSE
151.909,8443,6/3/2015,5/28/2015,20:55:09,7,31.9,AH0,193,35.3347947,Day,F,L,A,MYSE
151.909,8443,6/3/2015,5/31/2015,20:55:09,7,24.8,AH0,246,19.2054336,Day,F,L,A,MYSE
151.909,8443,6/3/2015,5/25/2015,20:55:10,7,32.1,AH0,240,35.5877213,Day,F,L,A,MYSE
151.909,8443,6/3/2015,5/29/2015,20:55:10,7,31.9,AH0,248,35.3347947,Day,F,L,A,MYSE
151.909,8443,6/3/2015,5/30/2015,20:55:10,7,29.4,AH0,104,31.3444472,Day,F,L,A,MYSE
151.909,8443,6/3/2015,5/28/2015,20:55:11,7,31.9,AH0,121,35.3347947,Day,F,L,A,MYSE
151.909,8443,6/3/2015,5/29/2015,20:55:12,7,32,AH0,245,35.4624,Day,F,L,A,MYSE
151.909,8443,6/3/2015,5/26/2015,20:55:15,7,28.4,AH0,253,29.2758432,Day,F,L,A,MYSE
151.909,8443,6/3/2015,5/26/2015,20:55:17,7,28.4,AH0,254,29.2758432,Day,F,L,A,MYSE
151.909,8443,6/3/2015,5/26/2015,20:55:19,7,28.5,AH0,254,29.4958625,Day,F,L,A,MYSE
151.909,8443,6/3/2015,5/26/2015,20:55:21,7,28.5,AH0,254,29.4958625,Day,F,L,A,MYSE
151.909,8443,6/3/2015,5/25/2015,20:55:23,7,32.2,AH0,176,35.7107784,Day,F,L,A,MYSE
151.909,8443,6/3/2015,5/31/2015,20:55:23,7,24.8,AH0,246,19.2054336,Day,F,L,A,MYSE
151.909,8443,6/3/2015,5/30/2015,20:55:24,7,29.4,AH0,96,31.3444472,Day,F,L,A,MYSE
151.909,8443,6/3/2015,5/25/2015,20:55:25,7,32.3,AH0,243,35.8315911,Day,F,L,A,MYSE
151.909,8443,6/3/2015,5/29/2015,20:55:25,7,32,AH0,249,35.4624,Day,F,L,A,MYSE
151.909,8443,6/3/2015,5/30/2015,20:55:26,7,29.5,AH0,94,31.5355875,Day,F,L,A,MYSE
151.909,8443,6/3/2015,5/31/2015,20:55:26,7,24.8,AH0,247,19.2054336,Day,F,L,A,MYSE
151.909,8443,6/3/2015,5/25/2015,20:55:27,7,32.3,AH0,216,35.8315911,Day,F,L,A,MYSE
151.909,8443,6/3/2015,5/29/2015,20:55:27,7,32,AH0,239,35.4624,Day,F,L,A,MYSE
151.909,8443,6/3/2015,5/28/2015,20:55:28,7,16.1,AH0,148,-26.7805827,Day,F,L,A,MYSE
151.909,8443,6/3/2015,5/30/2015,20:55:28,7,29.5,AH0,89,31.5355875,Day,F,L,A,MYSE
151.909,8443,6/3/2015,5/31/2015,20:55:28,7,24.8,AH0,245,19.2054336,Day,F,L,A,MYSE
151.909,8443,6/3/2015,5/25/2015,20:55:29,7,32.2,AH0,213,35.7107784,Day,F,L,A,MYSE
151.909,8443,6/3/2015,5/29/2015,20:55:29,7,32,AH0,240,35.4624,Day,F,L,A,MYSE
151.909,8443,6/3/2015,5/28/2015,20:55:30,7,32.2,AH0,86,35.7107784,Day,F,L,A,MYSE
151.909,8443,6/3/2015,5/30/2015,20:55:30,7,29.5,AH0,96,31.5355875,Day,F,L,A,MYSE
151.909,8443,6/3/2015,5/25/2015,20:55:31,7,32.3,AH0,235,35.8315911,Day,F,L,A,MYSE
151.909,8443,6/3/2015,5/29/2015,20:55:31,7,32,AH0,233,35.4624,Day,F,L,A,MYSE
151.909,8443,6/3/2015,5/31/2015,20:55:31,7,24.8,AH0,246,19.2054336,Day,F,L,A,MYSE
151.909,8443,6/3/2015,5/28/2015,20:55:32,7,32.3,AH0,144,35.8315911,Day,F,L,A,MYSE
151.909,8443,6/3/2015,5/26/2015,20:55:36,7,28.6,AH0,253,29.7129048,Day,F,L,A,MYSE
151.909,8443,6/3/2015,5/26/2015,20:55:38,7,28.6,AH0,254,29.7129048,Day,F,L,A,MYSE
151.909,8443,6/3/2015,5/26/2015,20:55:40,7,28.6,AH0,254,29.7129048,Day,F,L,A,MYSE
151.909,8443,6/3/2015,5/25/2015,20:55:44,7,32.4,AH0,182,35.9501792,Day,F,L,A,MYSE
151.909,8443,6/3/2015,5/25/2015,20:55:45,7,32.4,AH0,240,35.9501792,Day,F,L,A,MYSE
151.909,8443,6/3/2015,5/28/2015,20:55:45,7,32.4,AH0,118,35.9501792,Day,F,L,A,MYSE
151.909,8443,6/3/2015,5/30/2015,20:55:45,7,29.5,AH0,74,31.5355875,Day,F,L,A,MYSE
151.909,8443,6/3/2015,5/31/2015,20:55:45,7,24.8,AH0,246,19.2054336,Day,F,L,A,MYSE
151.909,8443,6/3/2015,5/29/2015,20:55:46,7,32,AH0,236,35.4624,Day,F,L,A,MYSE
151.909,8443,6/3/2015,5/25/2015,20:55:47,7,32.4,AH0,250,35.9501792,Day,F,L,A,MYSE
151.909,8443,6/3/2015,5/28/2015,20:55:47,7,32.4,AH0,180,35.9501792,Day,F,L,A,MYSE
151.909,8443,6/3/2015,5/30/2015,20:55:47,7,29.5,AH0,69,31.5355875,Day,F,L,A,MYSE
151.909,8443,6/3/2015,5/31/2015,20:55:47,7,24.8,AH0,246,19.2054336,Day,F,L,A,MYSE
151.909,8443,6/3/2015,5/29/2015,20:55:48,7,32,AH0,239,35.4624,Day,F,L,A,MYSE
151.909,8443,6/3/2015,5/25/2015,20:55:49,7,32.5,AH0,189,36.0665625,Day,F,L,A,MYSE
151.909,8443,6/3/2015,5/28/2015,20:55:49,7,32.3,AH0,93,35.8315911,Day,F,L,A,MYSE
151.909,8443,6/3/2015,5/29/2015,20:55:49,7,32,AH0,238,35.4624,Day,F,L,A,MYSE
151.909,8443,6/3/2015,5/30/2015,20:55:49,7,29.5,AH0,74,31.5355875,Day,F,L,A,MYSE
151.909,8443,6/3/2015,5/28/2015,20:55:50,7,32.4,AH0,160,35.9501792,Day,F,L,A,MYSE
151.909,8443,6/3/2015,5/31/2015,20:55:50,7,24.8,AH0,243,19.2054336,Day,F,L,A,MYSE
151.909,8443,6/3/2015,5/25/2015,20:55:51,7,32.5,AH0,251,36.0665625,Day,F,L,A,MYSE
151.909,8443,6/3/2015,5/29/2015,20:55:51,7,31.9,AH0,243,35.3347947,Day,F,L,A,MYSE
151.909,8443,6/3/2015,5/30/2015,20:55:51,7,29.5,AH0,61,31.5355875,Day,F,L,A,MYSE
151.909,8443,6/3/2015,5/28/2015,20:55:52,7,32.4,AH0,135,35.9501792,Day,F,L,A,MYSE
151.909,8443,6/3/2015,5/26/2015,20:55:55,7,28.6,AH0,253,29.7129048,Day,F,L,A,MYSE
151.909,8443,6/3/2015,5/26/2015,20:55:57,7,28.7,AH0,253,29.9269899,Day,F,L,A,MYSE
151.909,8443,6/3/2015,5/26/2015,20:55:59,7,28.7,AH0,254,29.9269899,Day,F,L,A,MYSE
151.909,8443,6/3/2015,5/26/2015,20:56:01,7,28.7,AH0,253,29.9269899,Day,F,L,A,MYSE
151.909,8443,6/3/2015,5/25/2015,20:56:04,7,32.7,AH0,224,36.2927939,Day,F,L,A,MYSE
151.909,8443,6/3/2015,5/29/2015,20:56:04,7,31.8,AH0,239,35.2048856,Day,F,L,A,MYSE
151.909,8443,6/3/2015,5/31/2015,20:56:04,7,24.8,AH0,244,19.2054336,Day,F,L,A,MYSE
151.909,8443,6/3/2015,5/28/2015,20:56:05,7,32.4,AH0,81,35.9501792,Day,F,L,A,MYSE
151.909,8443,6/3/2015,5/30/2015,20:56:05,7,29.5,AH0,69,31.5355875,Day,F,L,A,MYSE
151.909,8443,6/3/2015,5/25/2015,20:56:06,7,32.7,AH0,105,36.2927939,Day,F,L,A,MYSE
151.909,8443,6/3/2015,5/29/2015,20:56:06,7,31.8,AH0,238,35.2048856,Day,F,L,A,MYSE
151.909,8443,6/3/2015,5/25/2015,20:56:07,7,32.8,AH0,251,36.4026816,Day,F,L,A,MYSE
151.909,8443,6/3/2015,5/30/2015,20:56:07,7,29.5,AH0,70,31.5355875,Day,F,L,A,MYSE
151.909,8443,6/3/2015,5/31/2015,20:56:07,7,24.8,AH0,246,19.2054336,Day,F,L,A,MYSE
151.909,8443,6/3/2015,5/29/2015,20:56:08,7,31.7,AH0,238,35.0726529,Day,F,L,A,MYSE
151.909,8443,6/3/2015,5/25/2015,20:56:09,7,32.8,AH0,255,36.4026816,Day,F,L,A,MYSE
151.909,8443,6/3/2015,5/28/2015,20:56:09,7,16.2,AH0,127,-26.0433976,Day,F,L,A,MYSE
151.909,8443,6/3/2015,5/30/2015,20:56:09,7,29.5,AH0,64,31.5355875,Day,F,L,A,MYSE
151.909,8443,6/3/2015,5/31/2015,20:56:09,7,24.8,AH0,246,19.2054336,Day,F,L,A,MYSE
151.909,8443,6/3/2015,5/29/2015,20:56:10,7,31.7,AH0,239,35.0726529,Day,F,L,A,MYSE
151.909,8443,6/3/2015,5/28/2015,20:56:11,7,32.5,AH0,164,36.0665625,Day,F,L,A,MYSE
151.909,8443,6/3/2015,5/30/2015,20:56:11,7,29.5,AH0,67,31.5355875,Day,F,L,A,MYSE
151.909,8443,6/3/2015,5/29/2015,20:56:12,7,31.7,AH0,237,35.0726529,Day,F,L,A,MYSE
151.909,8443,6/3/2015,5/28/2015,20:56:13,7,32.5,AH0,172,36.0665625,Day,F,L,A,MYSE
151.909,8443,6/3/2015,5/26/2015,20:56:16,7,28.8,AH0,251,30.1381376,Day,F,L,A,MYSE
151.909,8443,6/3/2015,5/26/2015,20:56:18,7,28.8,AH0,251,30.1381376,Day,F,L,A,MYSE
151.909,8443,6/3/2015,5/26/2015,20:56:20,7,28.8,AH0,254,30.1381376,Day,F,L,A,MYSE
151.909,8443,6/3/2015,5/26/2015,20:56:22,7,28.8,AH0,253,30.1381376,Day,F,L,A,MYSE
151.909,8443,6/3/2015,5/25/2015,20:56:24,7,32.7,AH0,137,36.2927939,Day,F,L,A,MYSE
151.909,8443,6/3/2015,5/31/2015,20:56:24,7,24.8,AH0,246,19.2054336,Day,F,L,A,MYSE
151.909,8443,6/3/2015,5/29/2015,20:56:25,7,31.6,AH0,226,34.9380768,Day,F,L,A,MYSE
151.909,8443,6/3/2015,5/30/2015,20:56:25,7,29.5,AH0,99,31.5355875,Day,F,L,A,MYSE
151.909,8443,6/3/2015,5/25/2015,20:56:26,7,32.7,AH0,201,36.2927939,Day,F,L,A,MYSE
151.909,8443,6/3/2015,5/28/2015,20:56:26,7,32.5,AH0,205,36.0665625,Day,F,L,A,MYSE
151.909,8443,6/3/2015,5/31/2015,20:56:26,7,29.9,AH0,246,32.2725567,Day,F,L,A,MYSE
151.909,8443,6/3/2015,5/28/2015,20:56:27,7,32.5,AH0,232,36.0665625,Day,F,L,A,MYSE
151.909,8443,6/3/2015,5/29/2015,20:56:27,7,31.6,AH0,237,34.9380768,Day,F,L,A,MYSE
151.909,8443,6/3/2015,5/25/2015,20:56:28,7,32.7,AH0,174,36.2927939,Day,F,L,A,MYSE
151.909,8443,6/3/2015,5/28/2015,20:56:29,7,32.4,AH0,221,35.9501792,Day,F,L,A,MYSE
151.909,8443,6/3/2015,5/29/2015,20:56:29,7,31.6,AH0,238,34.9380768,Day,F,L,A,MYSE
151.909,8443,6/3/2015,5/30/2015,20:56:29,7,14.8,AH0,80,-36.8655264,Day,F,L,A,MYSE
151.909,8443,6/3/2015,5/31/2015,20:56:29,7,24.8,AH0,246,19.2054336,Day,F,L,A,MYSE
151.909,8443,6/3/2015,5/25/2015,20:56:30,7,32.7,AH0,189,36.2927939,Day,F,L,A,MYSE
151.909,8443,6/3/2015,5/28/2015,20:56:31,7,32.4,AH0,139,35.9501792,Day,F,L,A,MYSE
151.909,8443,6/3/2015,5/29/2015,20:56:31,7,31.6,AH0,237,34.9380768,Day,F,L,A,MYSE
151.909,8443,6/3/2015,5/30/2015,20:56:31,7,29.6,AH0,87,31.7239488,Day,F,L,A,MYSE
151.909,8443,6/3/2015,5/26/2015,20:56:35,7,28.9,AH0,253,30.3463677,Day,F,L,A,MYSE
151.909,8443,6/3/2015,5/26/2015,20:56:37,7,28.9,AH0,254,30.3463677,Day,F,L,A,MYSE
151.909,8443,6/3/2015,5/26/2015,20:56:39,7,28.9,AH0,253,30.3463677,Day,F,L,A,MYSE
151.909,8443,6/3/2015,5/26/2015,20:56:41,7,29,AH0,252,30.5517,Day,F,L,A,MYSE
151.909,8443,6/3/2015,5/31/2015,20:56:43,7,24.9,AH0,245,19.5458117,Day,F,L,A,MYSE
151.909,8443,6/3/2015,5/25/2015,20:56:44,7,32.8,AH0,211,36.4026816,Day,F,L,A,MYSE
151.909,8443,6/3/2015,5/29/2015,20:56:44,7,31.7,AH0,240,35.0726529,Day,F,L,A,MYSE
151.909,8443,6/3/2015,5/31/2015,20:56:45,7,24.9,AH0,243,19.5458117,Day,F,L,A,MYSE
151.909,8443,6/3/2015,5/25/2015,20:56:46,7,32.8,AH0,231,36.4026816,Day,F,L,A,MYSE
151.909,8443,6/3/2015,5/28/2015,20:56:46,7,32.4,AH0,194,35.9501792,Day,F,L,A,MYSE
151.909,8443,6/3/2015,5/29/2015,20:56:46,7,31.7,AH0,238,35.0726529,Day,F,L,A,MYSE
151.909,8443,6/3/2015,5/30/2015,20:56:46,7,29.6,AH0,75,31.7239488,Day,F,L,A,MYSE
151.909,8443,6/3/2015,5/25/2015,20:56:48,7,32.8,AH0,193,36.4026816,Day,F,L,A,MYSE
151.909,8443,6/3/2015,5/28/2015,20:56:48,7,32.3,AH0,109,35.8315911,Day,F,L,A,MYSE
151.909,8443,6/3/2015,5/29/2015,20:56:48,7,31.7,AH0,238,35.0726529,Day,F,L,A,MYSE
151.909,8443,6/3/2015,5/30/2015,20:56:48,7,29.6,AH0,83,31.7239488,Day,F,L,A,MYSE
151.909,8443,6/3/2015,5/31/2015,20:56:48,7,24.9,AH0,244,19.5458117,Day,F,L,A,MYSE
151.909,8443,6/3/2015,5/25/2015,20:56:50,7,32.9,AH0,230,36.5104437,Day,F,L,A,MYSE
151.909,8443,6/3/2015,5/28/2015,20:56:50,7,32.4,AH0,200,35.9501792,Day,F,L,A,MYSE
151.909,8443,6/3/2015,5/29/2015,20:56:50,7,31.8,AH0,237,35.2048856,Day,F,L,A,MYSE
151.909,8443,6/3/2015,5/30/2015,20:56:50,7,29.6,AH0,79,31.7239488,Day,F,L,A,MYSE
151.909,8443,6/3/2015,5/31/2015,20:56:50,7,24.9,AH0,240,19.5458117,Day,F,L,A,MYSE
151.909,8443,6/3/2015,5/29/2015,20:56:52,7,31.8,AH0,238,35.2048856,Day,F,L,A,MYSE
151.909,8443,6/3/2015,5/30/2015,20:56:52,7,29.6,AH0,78,31.7239488,Day,F,L,A,MYSE
151.909,8443,6/3/2015,5/26/2015,20:56:55,7,29,AH0,251,30.5517,Day,F,L,A,MYSE
151.909,8443,6/3/2015,5/26/2015,20:56:57,7,29,AH0,253,30.5517,Day,F,L,A,MYSE
151.909,8443,6/3/2015,5/26/2015,20:56:59,7,29,AH0,250,30.5517,Day,F,L,A,MYSE
151.909,8443,6/3/2015,5/26/2015,20:57:01,7,29,AH0,254,30.5517,Day,F,L,A,MYSE
151.909,8443,6/3/2015,5/25/2015,20:57:04,7,33,AH0,164,36.6161,Day,F,L,A,MYSE
151.909,8443,6/3/2015,5/30/2015,20:57:04,7,29.7,AH0,89,31.9095509,Day,F,L,A,MYSE
151.909,8443,6/3/2015,5/29/2015,20:57:05,7,31.8,AH0,240,35.2048856,Day,F,L,A,MYSE
151.909,8443,6/3/2015,5/31/2015,20:57:05,7,24.9,AH0,244,19.5458117,Day,F,L,A,MYSE
151.909,8443,6/3/2015,5/25/2015,20:57:06,7,33,AH0,134,36.6161,Day,F,L,A,MYSE
151.909,8443,6/3/2015,5/28/2015,20:57:06,7,33.1,AH0,146,36.7196703,Day,F,L,A,MYSE
151.909,8443,6/3/2015,5/30/2015,20:57:06,7,29.6,AH0,96,31.7239488,Day,F,L,A,MYSE
151.909,8443,6/3/2015,5/29/2015,20:57:07,7,31.8,AH0,239,35.2048856,Day,F,L,A,MYSE
151.909,8443,6/3/2015,5/31/2015,20:57:07,7,24.9,AH0,248,19.5458117,Day,F,L,A,MYSE
151.909,8443,6/3/2015,5/25/2015,20:57:08,7,33,AH0,90,36.6161,Day,F,L,A,MYSE
151.909,8443,6/3/2015,5/28/2015,20:57:08,7,32.8,AH0,174,36.4026816,Day,F,L,A,MYSE
151.909,8443,6/3/2015,5/30/2015,20:57:08,7,29.6,AH0,90,31.7239488,Day,F,L,A,MYSE
151.909,8443,6/3/2015,5/29/2015,20:57:09,7,31.8,AH0,240,35.2048856,Day,F,L,A,MYSE
151.909,8443,6/3/2015,5/25/2015,20:57:10,7,32.9,AH0,207,36.5104437,Day,F,L,A,MYSE
151.909,8443,6/3/2015,5/28/2015,20:57:10,7,32.8,AH0,188,36.4026816,Day,F,L,A,MYSE
151.909,8443,6/3/2015,5/30/2015,20:57:10,7,29.6,AH0,90,31.7239488,Day,F,L,A,MYSE
151.909,8443,6/3/2015,5/31/2015,20:57:10,7,24.9,AH0,246,19.5458117,Day,F,L,A,MYSE
151.909,8443,6/3/2015,5/29/2015,20:57:11,7,31.8,AH0,238,35.2048856,Day,F,L,A,MYSE
151.909,8443,6/3/2015,5/28/2015,20:57:12,7,32.8,AH0,91,36.4026816,Day,F,L,A,MYSE
151.909,8443,6/3/2015,5/26/2015,20:57:16,7,29.1,AH0,253,30.7541543,Day,F,L,A,MYSE
151.909,8443,6/3/2015,5/26/2015,20:57:18,7,29.1,AH0,253,30.7541543,Day,F,L,A,MYSE
151.909,8443,6/3/2015,5/26/2015,20:57:20,7,29.1,AH0,253,30.7541543,Day,F,L,A,MYSE
151.909,8443,6/3/2015,5/26/2015,20:57:22,7,29.1,AH0,254,30.7541543,Day,F,L,A,MYSE
151.909,8443,6/3/2015,5/25/2015,20:57:24,7,33,AH0,223,36.6161,Day,F,L,A,MYSE
151.909,8443,6/3/2015,5/31/2015,20:57:24,7,24.9,AH0,247,19.5458117,Day,F,L,A,MYSE
151.909,8443,6/3/2015,5/25/2015,20:57:26,7,33,AH0,225,36.6161,Day,F,L,A,MYSE
151.909,8443,6/3/2015,5/28/2015,20:57:26,7,33.2,AH0,141,36.8211744,Day,F,L,A,MYSE
151.909,8443,6/3/2015,5/29/2015,20:57:26,7,31.9,AH0,233,35.3347947,Day,F,L,A,MYSE
151.909,8443,6/3/2015,5/31/2015,20:57:26,7,24.9,AH0,247,19.5458117,Day,F,L,A,MYSE
151.909,8443,6/3/2015,5/25/2015,20:57:28,7,33,AH0,255,36.6161,Day,F,L,A,MYSE
151.909,8443,6/3/2015,5/28/2015,20:57:28,7,32.9,AH0,138,36.5104437,Day,F,L,A,MYSE
151.909,8443,6/3/2015,5/29/2015,20:57:28,7,31.9,AH0,237,35.3347947,Day,F,L,A,MYSE
151.909,8443,6/3/2015,5/31/2015,20:57:29,7,24.9,AH0,244,19.5458117,Day,F,L,A,MYSE
151.909,8443,6/3/2015,5/25/2015,20:57:30,7,33,AH0,255,36.6161,Day,F,L,A,MYSE
151.909,8443,6/3/2015,5/28/2015,20:57:30,7,32.9,AH0,106,36.5104437,Day,F,L,A,MYSE
151.909,8443,6/3/2015,5/29/2015,20:57:30,7,32,AH0,235,35.4624,Day,F,L,A,MYSE
151.909,8443,6/3/2015,5/29/2015,20:57:31,7,32,AH0,236,35.4624,Day,F,L,A,MYSE
151.909,8443,6/3/2015,5/28/2015,20:57:32,7,32.9,AH0,162,36.5104437,Day,F,L,A,MYSE
151.909,8443,6/3/2015,5/26/2015,20:57:34,7,29.1,AH0,253,30.7541543,Day,F,L,A,MYSE
151.909,8443,6/3/2015,5/26/2015,20:57:36,7,29.2,AH0,252,30.9537504,Day,F,L,A,MYSE
151.909,8443,6/3/2015,5/26/2015,20:57:39,7,29.2,AH0,252,30.9537504,Day,F,L,A,MYSE
151.909,8443,6/3/2015,5/26/2015,20:57:41,7,29.2,AH0,253,30.9537504,Day,F,L,A,MYSE
151.909,8443,6/3/2015,5/31/2015,20:57:43,7,24.9,AH0,246,19.5458117,Day,F,L,A,MYSE
151.909,8443,6/3/2015,5/25/2015,20:57:44,7,32.9,AH0,255,36.5104437,Day,F,L,A,MYSE
151.909,8443,6/3/2015,5/29/2015,20:57:45,7,32,AH0,247,35.4624,Day,F,L,A,MYSE
151.909,8443,6/3/2015,5/25/2015,20:57:46,7,33,AH0,255,36.6161,Day,F,L,A,MYSE
151.909,8443,6/3/2015,5/28/2015,20:57:46,7,32.9,AH0,216,36.5104437,Day,F,L,A,MYSE
151.909,8443,6/3/2015,5/29/2015,20:57:46,7,32,AH0,243,35.4624,Day,F,L,A,MYSE
151.909,8443,6/3/2015,5/31/2015,20:57:46,7,24.9,AH0,247,19.5458117,Day,F,L,A,MYSE
151.909,8443,6/3/2015,5/25/2015,20:57:48,7,33,AH0,251,36.6161,Day,F,L,A,MYSE
151.909,8443,6/3/2015,5/28/2015,20:57:48,7,32.9,AH0,111,36.5104437,Day,F,L,A,MYSE
151.909,8443,6/3/2015,5/29/2015,20:57:48,7,32,AH0,244,35.4624,Day,F,L,A,MYSE
151.909,8443,6/3/2015,5/31/2015,20:57:48,7,24.9,AH0,246,19.5458117,Day,F,L,A,MYSE
151.909,8443,6/3/2015,5/25/2015,20:57:50,7,33,AH0,223,36.6161,Day,F,L,A,MYSE
151.909,8443,6/3/2015,5/28/2015,20:57:50,7,33,AH0,182,36.6161,Day,F,L,A,MYSE
151.909,8443,6/3/2015,5/29/2015,20:57:50,7,32,AH0,243,35.4624,Day,F,L,A,MYSE
151.909,8443,6/3/2015,5/30/2015,20:57:51,7,29.6,AH0,64,31.7239488,Day,F,L,A,MYSE
151.909,8443,6/3/2015,5/28/2015,20:57:52,7,33,AH0,125,36.6161,Day,F,L,A,MYSE
151.909,8443,6/3/2015,5/29/2015,20:57:52,7,32.1,AH0,245,35.5877213,Day,F,L,A,MYSE
151.909,8443,6/3/2015,5/26/2015,20:57:55,7,29.2,AH0,252,30.9537504,Day,F,L,A,MYSE
151.909,8443,6/3/2015,5/26/2015,20:57:57,7,29.2,AH0,254,30.9537504,Day,F,L,A,MYSE
151.909,8443,6/3/2015,5/26/2015,20:57:59,7,29.2,AH0,254,30.9537504,Day,F,L,A,MYSE
151.909,8443,6/3/2015,5/26/2015,20:58:01,7,29.2,AH0,252,30.9537504,Day,F,L,A,MYSE
151.909,8443,6/3/2015,5/25/2015,20:58:04,7,33.2,AH0,204,36.8211744,Day,F,L,A,MYSE
151.909,8443,6/3/2015,5/29/2015,20:58:05,7,32.1,AH0,243,35.5877213,Day,F,L,A,MYSE
151.909,8443,6/3/2015,5/31/2015,20:58:05,7,24.9,AH0,245,19.5458117,Day,F,L,A,MYSE
151.909,8443,6/3/2015,5/25/2015,20:58:06,7,33.3,AH0,222,36.9206321,Day,F,L,A,MYSE
151.909,8443,6/3/2015,5/28/2015,20:58:06,7,33,AH0,181,36.6161,Day,F,L,A,MYSE
151.909,8443,6/3/2015,5/29/2015,20:58:07,7,32.1,AH0,244,35.5877213,Day,F,L,A,MYSE
151.909,8443,6/3/2015,5/31/2015,20:58:07,7,24.9,AH0,244,19.5458117,Day,F,L,A,MYSE
151.909,8443,6/3/2015,5/25/2015,20:58:08,7,33.3,AH0,237,36.9206321,Day,F,L,A,MYSE
151.909,8443,6/3/2015,5/28/2015,20:58:08,7,33,AH0,188,36.6161,Day,F,L,A,MYSE
151.909,8443,6/3/2015,5/29/2015,20:58:09,7,32.1,AH0,233,35.5877213,Day,F,L,A,MYSE
151.909,8443,6/3/2015,5/30/2015,20:58:09,7,29.8,AH0,46,32.0924136,Day,F,L,A,MYSE
151.909,8443,6/3/2015,5/25/2015,20:58:10,7,33.3,AH0,236,36.9206321,Day,F,L,A,MYSE
151.909,8443,6/3/2015,5/28/2015,20:58:10,7,32.9,AH0,164,36.5104437,Day,F,L,A,MYSE
151.909,8443,6/3/2015,5/31/2015,20:58:10,7,24.9,AH0,245,19.5458117,Day,F,L,A,MYSE
151.909,8443,6/3/2015,5/29/2015,20:58:11,7,32.1,AH0,239,35.5877213,Day,F,L,A,MYSE
151.909,8443,6/3/2015,5/28/2015,20:58:12,7,32.9,AH0,202,36.5104437,Day,F,L,A,MYSE
151.909,8443,6/3/2015,5/26/2015,20:58:16,7,29.2,AH0,254,30.9537504,Day,F,L,A,MYSE
151.909,8443,6/3/2015,5/26/2015,20:58:18,7,29.2,AH0,254,30.9537504,Day,F,L,A,MYSE
151.909,8443,6/3/2015,5/26/2015,20:58:20,7,29.2,AH0,253,30.9537504,Day,F,L,A,MYSE
151.909,8443,6/3/2015,5/26/2015,20:58:22,7,29.2,AH0,253,30.9537504,Day,F,L,A,MYSE
151.909,8443,6/3/2015,5/25/2015,20:58:24,7,33.4,AH0,253,37.0180632,Day,F,L,A,MYSE
151.909,8443,6/3/2015,5/31/2015,20:58:24,7,24.9,AH0,247,19.5458117,Day,F,L,A,MYSE
151.909,8443,6/3/2015,5/25/2015,20:58:26,7,33.4,AH0,196,37.0180632,Day,F,L,A,MYSE
151.909,8443,6/3/2015,5/28/2015,20:58:26,7,33,AH0,209,36.6161,Day,F,L,A,MYSE
151.909,8443,6/3/2015,5/29/2015,20:58:26,7,32.1,AH0,240,35.5877213,Day,F,L,A,MYSE
151.909,8443,6/3/2015,5/31/2015,20:58:27,7,24.9,AH0,247,19.5458117,Day,F,L,A,MYSE
151.909,8443,6/3/2015,5/25/2015,20:58:28,7,33.4,AH0,228,37.0180632,Day,F,L,A,MYSE
151.909,8443,6/3/2015,5/28/2015,20:58:28,7,32.9,AH0,184,36.5104437,Day,F,L,A,MYSE
151.909,8443,6/3/2015,5/29/2015,20:58:28,7,32.1,AH0,242,35.5877213,Day,F,L,A,MYSE
151.909,8443,6/3/2015,5/25/2015,20:58:29,7,33.4,AH0,212,37.0180632,Day,F,L,A,MYSE
151.909,8443,6/3/2015,5/29/2015,20:58:29,7,32.1,AH0,238,35.5877213,Day,F,L,A,MYSE
151.909,8443,6/3/2015,5/31/2015,20:58:29,7,24.9,AH0,244,19.5458117,Day,F,L,A,MYSE
151.909,8443,6/3/2015,5/28/2015,20:58:30,7,32.9,AH0,63,36.5104437,Day,F,L,A,MYSE
151.909,8443,6/3/2015,5/29/2015,20:58:31,7,32.1,AH0,242,35.5877213,Day,F,L,A,MYSE
151.909,8443,6/3/2015,5/28/2015,20:58:32,7,33.3,AH0,111,36.9206321,Day,F,L,A,MYSE
151.909,8443,6/3/2015,5/26/2015,20:58:36,7,29.3,AH0,253,31.1505081,Day,F,L,A,MYSE
151.909,8443,6/3/2015,5/26/2015,20:58:38,7,29.3,AH0,253,31.1505081,Day,F,L,A,MYSE
151.909,8443,6/3/2015,5/26/2015,20:58:40,7,29.3,AH0,252,31.1505081,Day,F,L,A,MYSE
151.909,8443,6/3/2015,5/25/2015,20:58:44,7,33.6,AH0,255,37.2069248,Day,F,L,A,MYSE
151.909,8443,6/3/2015,5/29/2015,20:58:44,7,32.1,AH0,243,35.5877213,Day,F,L,A,MYSE
151.909,8443,6/3/2015,5/31/2015,20:58:44,7,24.9,AH0,244,19.5458117,Day,F,L,A,MYSE
151.909,8443,6/3/2015,5/30/2015,20:58:45,7,30.3,AH0,58,32.9663291,Day,F,L,A,MYSE
151.909,8443,6/3/2015,5/25/2015,20:58:46,7,33.6,AH0,255,37.2069248,Day,F,L,A,MYSE
151.909,8443,6/3/2015,5/28/2015,20:58:46,7,33.1,AH0,192,36.7196703,Day,F,L,A,MYSE
151.909,8443,6/3/2015,5/29/2015,20:58:46,7,32.1,AH0,241,35.5877213,Day,F,L,A,MYSE
151.909,8443,6/3/2015,5/31/2015,20:58:46,7,24.9,AH0,247,19.5458117,Day,F,L,A,MYSE
151.909,8443,6/3/2015,5/25/2015,20:58:47,7,33.7,AH0,215,37.2983949,Day,F,L,A,MYSE
151.909,8443,6/3/2015,5/28/2015,20:58:48,7,33.1,AH0,138,36.7196703,Day,F,L,A,MYSE
151.909,8443,6/3/2015,5/29/2015,20:58:48,7,32.1,AH0,243,35.5877213,Day,F,L,A,MYSE
151.909,8443,6/3/2015,5/31/2015,20:58:48,7,24.9,AH0,245,19.5458117,Day,F,L,A,MYSE
151.909,8443,6/3/2015,5/25/2015,20:58:49,7,33.7,AH0,249,37.2983949,Day,F,L,A,MYSE
151.909,8443,6/3/2015,5/28/2015,20:58:50,7,33.1,AH0,77,36.7196703,Day,F,L,A,MYSE
151.909,8443,6/3/2015,5/29/2015,20:58:50,7,32.1,AH0,239,35.5877213,Day,F,L,A,MYSE
151.909,8443,6/3/2015,5/25/2015,20:58:51,7,33.7,AH0,248,37.2983949,Day,F,L,A,MYSE
151.909,8443,6/3/2015,5/28/2015,20:58:52,7,33.2,AH0,170,36.8211744,Day,F,L,A,MYSE
151.909,8443,6/3/2015,5/29/2015,20:58:52,7,32.2,AH0,239,35.7107784,Day,F,L,A,MYSE
151.909,8443,6/3/2015,5/26/2015,20:58:54,7,29.4,AH0,254,31.3444472,Day,F,L,A,MYSE
151.909,8443,6/3/2015,5/26/2015,20:58:57,7,29.4,AH0,253,31.3444472,Day,F,L,A,MYSE
151.909,8443,6/3/2015,5/26/2015,20:58:59,7,29.4,AH0,254,31.3444472,Day,F,L,A,MYSE
151.909,8443,6/3/2015,5/26/2015,20:59:01,7,29.4,AH0,253,31.3444472,Day,F,L,A,MYSE
151.909,8443,6/3/2015,5/25/2015,20:59:03,7,33.9,AH0,182,37.4755127,Day,F,L,A,MYSE
151.909,8443,6/3/2015,5/25/2015,20:59:05,7,33.8,AH0,149,37.3879176,Day,F,L,A,MYSE
151.909,8443,6/3/2015,5/29/2015,20:59:05,7,32.3,AH0,241,35.8315911,Day,F,L,A,MYSE
151.909,8443,6/3/2015,5/28/2015,20:59:06,7,33,AH0,152,36.6161,Day,F,L,A,MYSE
151.909,8443,6/3/2015,5/31/2015,20:59:06,7,24.9,AH0,247,19.5458117,Day,F,L,A,MYSE
151.909,8443,6/3/2015,5/25/2015,20:59:07,7,33.9,AH0,241,37.4755127,Day,F,L,A,MYSE
151.909,8443,6/3/2015,5/29/2015,20:59:07,7,32.3,AH0,242,35.8315911,Day,F,L,A,MYSE
151.909,8443,6/3/2015,5/30/2015,20:59:07,7,15.1,AH0,61,-34.4544717,Day,F,L,A,MYSE
151.909,8443,6/3/2015,5/28/2015,20:59:08,7,33,AH0,119,36.6161,Day,F,L,A,MYSE
151.909,8443,6/3/2015,5/25/2015,20:59:09,7,33.8,AH0,238,37.3879176,Day,F,L,A,MYSE
151.909,8443,6/3/2015,5/29/2015,20:59:09,7,32.3,AH0,244,35.8315911,Day,F,L,A,MYSE
151.909,8443,6/3/2015,5/31/2015,20:59:09,7,24.9,AH0,245,19.5458117,Day,F,L,A,MYSE
151.909,8443,6/3/2015,5/25/2015,20:59:10,7,33.8,AH0,217,37.3879176,Day,F,L,A,MYSE
151.909,8443,6/3/2015,5/28/2015,20:59:10,7,32.9,AH0,93,36.5104437,Day,F,L,A,MYSE
151.909,8443,6/3/2015,5/29/2015,20:59:10,7,32.3,AH0,243,35.8315911,Day,F,L,A,MYSE
151.909,8443,6/3/2015,5/30/2015,20:59:11,7,15.1,AH0,54,-34.4544717,Day,F,L,A,MYSE
151.909,8443,6/3/2015,5/31/2015,20:59:11,7,24.9,AH0,245,19.5458117,Day,F,L,A,MYSE
151.909,8443,6/3/2015,5/28/2015,20:59:12,7,32.9,AH0,161,36.5104437,Day,F,L,A,MYSE
151.909,8443,6/3/2015,5/29/2015,20:59:12,7,32.3,AH0,248,35.8315911,Day,F,L,A,MYSE
151.909,8443,6/3/2015,5/26/2015,20:59:15,7,29.4,AH0,254,31.3444472,Day,F,L,A,MYSE
151.909,8443,6/3/2015,5/26/2015,20:59:17,7,29.4,AH0,253,31.3444472,Day,F,L,A,MYSE
151.909,8443,6/3/2015,5/26/2015,20:59:19,7,29.4,AH0,254,31.3444472,Day,F,L,A,MYSE
151.909,8443,6/3/2015,5/26/2015,20:59:21,7,29.4,AH0,254,31.3444472,Day,F,L,A,MYSE
151.909,8443,6/3/2015,5/25/2015,20:59:23,7,33.9,AH0,236,37.4755127,Day,F,L,A,MYSE
151.909,8443,6/3/2015,5/25/2015,20:59:25,7,33.7,AH0,238,37.2983949,Day,F,L,A,MYSE
151.909,8443,6/3/2015,5/29/2015,20:59:25,7,32.1,AH0,244,35.5877213,Day,F,L,A,MYSE
151.909,8443,6/3/2015,5/31/2015,20:59:25,7,24.9,AH0,246,19.5458117,Day,F,L,A,MYSE
151.909,8443,6/3/2015,5/25/2015,20:59:26,7,33.7,AH0,237,37.2983949,Day,F,L,A,MYSE
151.909,8443,6/3/2015,5/28/2015,20:59:26,7,33.1,AH0,140,36.7196703,Day,F,L,A,MYSE
151.909,8443,6/3/2015,5/29/2015,20:59:27,7,32.1,AH0,245,35.5877213,Day,F,L,A,MYSE
151.909,8443,6/3/2015,5/25/2015,20:59:28,7,33.7,AH0,237,37.2983949,Day,F,L,A,MYSE
151.909,8443,6/3/2015,5/28/2015,20:59:28,7,33,AH0,86,36.6161,Day,F,L,A,MYSE
151.909,8443,6/3/2015,5/30/2015,20:59:28,7,15.3,AH0,65,-32.8752859,Day,F,L,A,MYSE
151.909,8443,6/3/2015,5/31/2015,20:59:28,7,24.9,AH0,247,19.5458117,Day,F,L,A,MYSE
151.909,8443,6/3/2015,5/29/2015,20:59:29,7,32,AH0,244,35.4624,Day,F,L,A,MYSE
151.909,8443,6/3/2015,5/25/2015,20:59:30,7,33.7,AH0,236,37.2983949,Day,F,L,A,MYSE
151.909,8443,6/3/2015,5/28/2015,20:59:30,7,33.1,AH0,168,36.7196703,Day,F,L,A,MYSE
151.909,8443,6/3/2015,5/31/2015,20:59:30,7,24.9,AH0,243,19.5458117,Day,F,L,A,MYSE
151.909,8443,6/3/2015,5/29/2015,20:59:31,7,32,AH0,245,35.4624,Day,F,L,A,MYSE
151.909,8443,6/3/2015,5/28/2015,20:59:32,7,33.1,AH0,200,36.7196703,Day,F,L,A,MYSE
151.909,8443,6/3/2015,5/26/2015,20:59:35,7,29.5,AH0,252,31.5355875,Day,F,L,A,MYSE
151.909,8443,6/3/2015,5/26/2015,20:59:37,7,29.5,AH0,253,31.5355875,Day,F,L,A,MYSE
151.909,8443,6/3/2015,5/26/2015,20:59:39,7,29.5,AH0,254,31.5355875,Day,F,L,A,MYSE
151.909,8443,6/3/2015,5/26/2015,20:59:41,7,29.5,AH0,253,31.5355875,Day,F,L,A,MYSE
151.909,8443,6/3/2015,5/25/2015,20:59:44,7,33.6,AH0,238,37.2069248,Day,F,L,A,MYSE
151.909,8443,6/3/2015,5/30/2015,20:59:44,7,30.6,AH0,51,33.4590728,Day,F,L,A,MYSE
151.909,8443,6/3/2015,5/31/2015,20:59:45,7,24.9,AH0,247,19.5458117,Day,F,L,A,MYSE
151.909,8443,6/3/2015,5/25/2015,20:59:46,7,33.6,AH0,238,37.2069248,Day,F,L,A,MYSE
151.909,8443,6/3/2015,5/28/2015,20:59:46,7,33,AH0,201,36.6161,Day,F,L,A,MYSE
151.909,8443,6/3/2015,5/29/2015,20:59:46,7,31.9,AH0,246,35.3347947,Day,F,L,A,MYSE
151.909,8443,6/3/2015,5/31/2015,20:59:47,7,24.9,AH0,247,19.5458117,Day,F,L,A,MYSE
151.909,8443,6/3/2015,5/25/2015,20:59:48,7,33.6,AH0,237,37.2069248,Day,F,L,A,MYSE
151.909,8443,6/3/2015,5/28/2015,20:59:48,7,33,AH0,221,36.6161,Day,F,L,A,MYSE
151.909,8443,6/3/2015,5/29/2015,20:59:48,7,32,AH0,242,35.4624,Day,F,L,A,MYSE
151.909,8443,6/3/2015,5/30/2015,20:59:48,7,15.3,AH0,64,-32.8752859,Day,F,L,A,MYSE
151.909,8443,6/3/2015,5/25/2015,20:59:50,7,33.6,AH0,237,37.2069248,Day,F,L,A,MYSE
151.909,8443,6/3/2015,5/28/2015,20:59:50,7,33,AH0,177,36.6161,Day,F,L,A,MYSE
151.909,8443,6/3/2015,5/29/2015,20:59:50,7,32,AH0,245,35.4624,Day,F,L,A,MYSE
151.909,8443,6/3/2015,5/31/2015,20:59:50,7,24.9,AH0,245,19.5458117,Day,F,L,A,MYSE
151.909,8443,6/3/2015,5/28/2015,20:59:52,7,32.9,AH0,206,36.5104437,Day,F,L,A,MYSE
151.909,8443,6/3/2015,5/29/2015,20:59:52,7,32,AH0,242,35.4624,Day,F,L,A,MYSE
151.909,8443,6/3/2015,5/26/2015,20:59:56,7,29.5,AH0,254,31.5355875,Day,F,L,A,MYSE
151.909,8443,6/3/2015,5/26/2015,20:59:58,7,29.5,AH0,252,31.5355875,Day,F,L,A,MYSE
151.909,8443,6/3/2015,5/26/2015,21:00:00,7,29.5,AH0,254,31.5355875,Night,F,L,A,MYSE
151.909,8443,6/3/2015,5/26/2015,21:00:02,7,29.5,AH0,253,31.5355875,Night,F,L,A,MYSE
151.909,8443,6/3/2015,5/25/2015,21:00:04,7,33.5,AH0,236,37.1134875,Night,F,L,A,MYSE
151.909,8443,6/3/2015,5/31/2015,21:00:04,7,24.9,AH0,247,19.5458117,Night,F,L,A,MYSE
151.909,8443,6/3/2015,5/29/2015,21:00:05,7,32.2,AH0,242,35.7107784,Night,F,L,A,MYSE
151.909,8443,6/3/2015,5/25/2015,21:00:06,7,33.4,AH0,234,37.0180632,Night,F,L,A,MYSE
151.909,8443,6/3/2015,5/28/2015,21:00:06,7,33.2,AH0,153,36.8211744,Night,F,L,A,MYSE
151.909,8443,6/3/2015,5/31/2015,21:00:06,7,24.9,AH0,246,19.5458117,Night,F,L,A,MYSE
151.909,8443,6/3/2015,5/25/2015,21:00:07,7,33.4,AH0,233,37.0180632,Night,F,L,A,MYSE
151.909,8443,6/3/2015,5/29/2015,21:00:07,7,32.2,AH0,242,35.7107784,Night,F,L,A,MYSE
151.909,8443,6/3/2015,5/28/2015,21:00:08,7,33.2,AH0,129,36.8211744,Night,F,L,A,MYSE
151.909,8443,6/3/2015,5/29/2015,21:00:08,7,32.2,AH0,245,35.7107784,Night,F,L,A,MYSE
151.909,8443,6/3/2015,5/25/2015,21:00:09,7,33.4,AH0,237,37.0180632,Night,F,L,A,MYSE
151.909,8443,6/3/2015,5/31/2015,21:00:09,7,24.9,AH0,247,19.5458117,Night,F,L,A,MYSE
151.909,8443,6/3/2015,5/28/2015,21:00:10,7,33.2,AH0,216,36.8211744,Night,F,L,A,MYSE
151.909,8443,6/3/2015,5/29/2015,21:00:10,7,32.2,AH0,244,35.7107784,Night,F,L,A,MYSE
151.909,8443,6/3/2015,5/31/2015,21:00:11,7,24.9,AH0,245,19.5458117,Night,F,L,A,MYSE
151.909,8443,6/3/2015,5/28/2015,21:00:12,7,33.2,AH0,98,36.8211744,Night,F,L,A,MYSE
151.909,8443,6/3/2015,5/29/2015,21:00:12,7,32.2,AH0,244,35.7107784,Night,F,L,A,MYSE
151.909,8443,6/3/2015,5/26/2015,21:00:16,7,29.5,AH0,253,31.5355875,Night,F,L,A,MYSE
151.909,8443,6/3/2015,5/26/2015,21:00:18,7,29.5,AH0,252,31.5355875,Night,F,L,A,MYSE
151.909,8443,6/3/2015,5/26/2015,21:00:20,7,29.5,AH0,254,31.5355875,Night,F,L,A,MYSE
151.909,8443,6/3/2015,5/25/2015,21:00:24,7,33.3,AH0,235,36.9206321,Night,F,L,A,MYSE
151.909,8443,6/3/2015,5/25/2015,21:00:25,7,33.3,AH0,234,36.9206321,Night,F,L,A,MYSE
151.909,8443,6/3/2015,5/29/2015,21:00:25,7,32.1,AH0,243,35.5877213,Night,F,L,A,MYSE
151.909,8443,6/3/2015,5/28/2015,21:00:26,7,33.2,AH0,171,36.8211744,Night,F,L,A,MYSE
151.909,8443,6/3/2015,5/31/2015,21:00:26,7,24.9,AH0,243,19.5458117,Night,F,L,A,MYSE
151.909,8443,6/3/2015,5/25/2015,21:00:27,7,33.3,AH0,235,36.9206321,Night,F,L,A,MYSE
151.909,8443,6/3/2015,5/29/2015,21:00:27,7,32.1,AH0,244,35.5877213,Night,F,L,A,MYSE
151.909,8443,6/3/2015,5/28/2015,21:00:28,7,33.2,AH0,176,36.8211744,Night,F,L,A,MYSE
151.909,8443,6/3/2015,5/31/2015,21:00:28,7,24.9,AH0,245,19.5458117,Night,F,L,A,MYSE
151.909,8443,6/3/2015,5/25/2015,21:00:29,7,33.3,AH0,235,36.9206321,Night,F,L,A,MYSE
151.909,8443,6/3/2015,5/29/2015,21:00:29,7,32.1,AH0,241,35.5877213,Night,F,L,A,MYSE
151.909,8443,6/3/2015,5/28/2015,21:00:30,7,33.2,AH0,181,36.8211744,Night,F,L,A,MYSE
151.909,8443,6/3/2015,5/31/2015,21:00:30,7,24.9,AH0,246,19.5458117,Night,F,L,A,MYSE
151.909,8443,6/3/2015,5/25/2015,21:00:31,7,33.3,AH0,236,36.9206321,Night,F,L,A,MYSE
151.909,8443,6/3/2015,5/29/2015,21:00:31,7,32.1,AH0,237,35.5877213,Night,F,L,A,MYSE
151.909,8443,6/3/2015,5/28/2015,21:00:32,7,33.2,AH0,105,36.8211744,Night,F,L,A,MYSE
151.909,8443,6/3/2015,5/26/2015,21:00:34,7,29.6,AH0,253,31.7239488,Night,F,L,A,MYSE
151.909,8443,6/3/2015,5/26/2015,21:00:36,7,29.6,AH0,253,31.7239488,Night,F,L,A,MYSE
151.909,8443,6/3/2015,5/26/2015,21:00:38,7,29.6,AH0,253,31.7239488,Night,F,L,A,MYSE
151.909,8443,6/3/2015,5/26/2015,21:00:40,7,29.6,AH0,254,31.7239488,Night,F,L,A,MYSE
151.909,8443,6/3/2015,5/25/2015,21:00:44,7,33.2,AH0,236,36.8211744,Night,F,L,A,MYSE
151.909,8443,6/3/2015,5/25/2015,21:00:45,7,33.2,AH0,236,36.8211744,Night,F,L,A,MYSE
151.909,8443,6/3/2015,5/31/2015,21:00:45,7,24.9,AH0,246,19.5458117,Night,F,L,A,MYSE
151.909,8443,6/3/2015,5/28/2015,21:00:46,7,33.3,AH0,148,36.9206321,Night,F,L,A,MYSE
151.909,8443,6/3/2015,5/29/2015,21:00:46,7,32,AH0,239,35.4624,Night,F,L,A,MYSE
151.909,8443,6/3/2015,5/25/2015,21:00:47,7,33.1,AH0,233,36.7196703,Night,F,L,A,MYSE
151.909,8443,6/3/2015,5/30/2015,21:00:47,7,15.2,AH0,51,-33.6620736,Night,F,L,A,MYSE
151.909,8443,6/3/2015,5/31/2015,21:00:47,7,24.9,AH0,244,19.5458117,Night,F,L,A,MYSE
151.909,8443,6/3/2015,5/28/2015,21:00:48,7,33.3,AH0,201,36.9206321,Night,F,L,A,MYSE
151.909,8443,6/3/2015,5/29/2015,21:00:48,7,32,AH0,238,35.4624,Night,F,L,A,MYSE
151.909,8443,6/3/2015,5/25/2015,21:00:49,7,33.1,AH0,235,36.7196703,Night,F,L,A,MYSE
151.909,8443,6/3/2015,5/28/2015,21:00:50,7,33.2,AH0,166,36.8211744,Night,F,L,A,MYSE
151.909,8443,6/3/2015,5/29/2015,21:00:50,7,32,AH0,240,35.4624,Night,F,L,A,MYSE
151.909,8443,6/3/2015,5/31/2015,21:00:50,7,24.9,AH0,245,19.5458117,Night,F,L,A,MYSE
151.909,8443,6/3/2015,5/25/2015,21:00:51,7,33.1,AH0,238,36.7196703,Night,F,L,A,MYSE
151.909,8443,6/3/2015,5/29/2015,21:00:51,7,32.1,AH0,240,35.5877213,Night,F,L,A,MYSE
151.909,8443,6/3/2015,5/28/2015,21:00:52,7,33.2,AH0,148,36.8211744,Night,F,L,A,MYSE
151.909,8443,6/3/2015,5/26/2015,21:00:54,7,29.8,AH0,253,32.0924136,Night,F,L,A,MYSE
151.909,8443,6/3/2015,5/26/2015,21:00:57,7,29.8,AH0,254,32.0924136,Night,F,L,A,MYSE
151.909,8443,6/3/2015,5/26/2015,21:00:59,7,29.8,AH0,253,32.0924136,Night,F,L,A,MYSE
151.909,8443,6/3/2015,5/26/2015,21:01:01,7,29.8,AH0,253,32.0924136,Night,F,L,A,MYSE
151.909,8443,6/3/2015,5/25/2015,21:01:03,7,33.2,AH0,238,36.8211744,Night,F,L,A,MYSE
151.909,8443,6/3/2015,5/29/2015,21:01:04,7,32.4,AH0,235,35.9501792,Night,F,L,A,MYSE
151.909,8443,6/3/2015,5/31/2015,21:01:04,7,24.9,AH0,247,19.5458117,Night,F,L,A,MYSE
151.909,8443,6/3/2015,5/25/2015,21:01:05,7,33.2,AH0,238,36.8211744,Night,F,L,A,MYSE
151.909,8443,6/3/2015,5/30/2015,21:01:05,7,30.5,AH0,56,33.2974125,Night,F,L,A,MYSE
151.909,8443,6/3/2015,5/28/2015,21:01:06,7,33.3,AH0,142,36.9206321,Night,F,L,A,MYSE
151.909,8443,6/3/2015,5/29/2015,21:01:06,7,32.4,AH0,238,35.9501792,Night,F,L,A,MYSE
151.909,8443,6/3/2015,5/25/2015,21:01:07,7,33.2,AH0,236,36.8211744,Night,F,L,A,MYSE
151.909,8443,6/3/2015,5/30/2015,21:01:07,7,30.5,AH0,42,33.2974125,Night,F,L,A,MYSE
151.909,8443,6/3/2015,5/31/2015,21:01:07,7,24.9,AH0,244,19.5458117,Night,F,L,A,MYSE
151.909,8443,6/3/2015,5/28/2015,21:01:08,7,33.4,AH0,72,37.0180632,Night,F,L,A,MYSE
151.909,8443,6/3/2015,5/29/2015,21:01:08,7,32.5,AH0,233,36.0665625,Night,F,L,A,MYSE
151.909,8443,6/3/2015,5/25/2015,21:01:09,7,33.2,AH0,234,36.8211744,Night,F,L,A,MYSE
151.909,8443,6/3/2015,5/31/2015,21:01:09,7,24.9,AH0,243,19.5458117,Night,F,L,A,MYSE
151.909,8443,6/3/2015,5/28/2015,21:01:10,7,33.4,AH0,145,37.0180632,Night,F,L,A,MYSE
151.909,8443,6/3/2015,5/29/2015,21:01:10,7,32.5,AH0,235,36.0665625,Night,F,L,A,MYSE
151.909,8443,6/3/2015,5/25/2015,21:01:11,7,33.2,AH0,234,36.8211744,Night,F,L,A,MYSE
151.909,8443,6/3/2015,5/28/2015,21:01:11,7,33.4,AH0,99,37.0180632,Night,F,L,A,MYSE
151.909,8443,6/3/2015,5/30/2015,21:01:11,7,15.4,AH0,39,-32.0940888,Night,F,L,A,MYSE
151.909,8443,6/3/2015,5/31/2015,21:01:11,7,24.9,AH0,244,19.5458117,Night,F,L,A,MYSE
151.909,8443,6/3/2015,5/29/2015,21:01:12,7,32.5,AH0,235,36.0665625,Night,F,L,A,MYSE
151.909,8443,6/3/2015,5/26/2015,21:01:15,7,29.9,AH0,253,32.2725567,Night,F,L,A,MYSE
151.909,8443,6/3/2015,5/26/2015,21:01:17,7,29.9,AH0,251,32.2725567,Night,F,L,A,MYSE
151.909,8443,6/3/2015,5/26/2015,21:01:19,7,29.9,AH0,255,32.2725567,Night,F,L,A,MYSE
151.909,8443,6/3/2015,5/26/2015,21:01:21,7,29.9,AH0,253,32.2725567,Night,F,L,A,MYSE
151.909,8443,6/3/2015,5/25/2015,21:01:23,7,33.1,AH0,236,36.7196703,Night,F,L,A,MYSE
151.909,8443,6/3/2015,5/25/2015,21:01:25,7,33.1,AH0,235,36.7196703,Night,F,L,A,MYSE
151.909,8443,6/3/2015,5/29/2015,21:01:25,7,32.8,AH0,234,36.4026816,Night,F,L,A,MYSE
151.909,8443,6/3/2015,5/31/2015,21:01:26,7,24.9,AH0,245,19.5458117,Night,F,L,A,MYSE
151.909,8443,6/3/2015,5/25/2015,21:01:27,7,33.1,AH0,235,36.7196703,Night,F,L,A,MYSE
151.909,8443,6/3/2015,5/29/2015,21:01:27,7,32.8,AH0,234,36.4026816,Night,F,L,A,MYSE
151.909,8443,6/3/2015,5/29/2015,21:01:28,7,32.8,AH0,235,36.4026816,Night,F,L,A,MYSE
151.909,8443,6/3/2015,5/31/2015,21:01:28,7,24.9,AH0,245,19.5458117,Night,F,L,A,MYSE
151.909,8443,6/3/2015,5/25/2015,21:01:29,7,33.1,AH0,237,36.7196703,Night,F,L,A,MYSE
151.909,8443,6/3/2015,5/29/2015,21:01:30,7,32.8,AH0,235,36.4026816,Night,F,L,A,MYSE
151.909,8443,6/3/2015,5/25/2015,21:01:31,7,33.1,AH0,235,36.7196703,Night,F,L,A,MYSE
151.909,8443,6/3/2015,5/31/2015,21:01:31,7,24.9,AH0,245,19.5458117,Night,F,L,A,MYSE
151.909,8443,6/3/2015,5/29/2015,21:01:32,7,32.9,AH0,235,36.5104437,Night,F,L,A,MYSE
151.909,8443,6/3/2015,5/26/2015,21:01:35,7,30,AH0,254,32.45,Night,F,L,A,MYSE
151.909,8443,6/3/2015,5/26/2015,21:01:37,7,30,AH0,254,32.45,Night,F,L,A,MYSE
151.909,8443,6/3/2015,5/26/2015,21:01:39,7,30,AH0,253,32.45,Night,F,L,A,MYSE
151.909,8443,6/3/2015,5/26/2015,21:01:41,7,30,AH0,254,32.45,Night,F,L,A,MYSE
151.909,8443,6/3/2015,5/25/2015,21:01:43,7,33.2,AH0,245,36.8211744,Night,F,L,A,MYSE
151.909,8443,6/3/2015,5/25/2015,21:01:45,7,33.2,AH0,181,36.8211744,Night,F,L,A,MYSE
151.909,8443,6/3/2015,5/29/2015,21:01:45,7,32.8,AH0,232,36.4026816,Night,F,L,A,MYSE
151.909,8443,6/3/2015,5/31/2015,21:01:45,7,24.8,AH0,247,19.2054336,Night,F,L,A,MYSE
151.909,8443,6/3/2015,5/25/2015,21:01:47,7,33.3,AH0,252,36.9206321,Night,F,L,A,MYSE
151.909,8443,6/3/2015,5/29/2015,21:01:47,7,32.8,AH0,224,36.4026816,Night,F,L,A,MYSE
151.909,8443,6/3/2015,5/29/2015,21:01:48,7,32.7,AH0,218,36.2927939,Night,F,L,A,MYSE
151.909,8443,6/3/2015,5/31/2015,21:01:48,7,24.8,AH0,245,19.2054336,Night,F,L,A,MYSE
151.909,8443,6/3/2015,5/25/2015,21:01:49,7,33.2,AH0,197,36.8211744,Night,F,L,A,MYSE
151.909,8443,6/3/2015,5/25/2015,21:01:50,7,33.2,AH0,209,36.8211744,Night,F,L,A,MYSE
151.909,8443,6/3/2015,5/29/2015,21:01:50,7,32.7,AH0,234,36.2927939,Night,F,L,A,MYSE
151.909,8443,6/3/2015,5/31/2015,21:01:50,7,24.8,AH0,245,19.2054336,Night,F,L,A,MYSE
151.909,8443,6/3/2015,5/29/2015,21:01:52,7,32.6,AH0,236,36.1807608,Night,F,L,A,MYSE
151.909,8443,6/3/2015,5/26/2015,21:01:55,7,30.4,AH0,252,33.1331712,Night,F,L,A,MYSE
151.909,8443,6/3/2015,5/26/2015,21:01:57,7,30.4,AH0,252,33.1331712,Night,F,L,A,MYSE
151.909,8443,6/3/2015,5/26/2015,21:01:59,7,30.5,AH0,255,33.2974125,Night,F,L,A,MYSE
151.909,8443,6/3/2015,5/26/2015,21:02:00,7,30.5,AH0,250,33.2974125,Night,F,L,A,MYSE
151.909,8443,6/3/2015,5/25/2015,21:02:03,7,33.2,AH0,223,36.8211744,Night,F,L,A,MYSE
151.909,8443,6/3/2015,5/31/2015,21:02:04,7,24.8,AH0,246,19.2054336,Night,F,L,A,MYSE
151.909,8443,6/3/2015,5/25/2015,21:02:05,7,33.2,AH0,244,36.8211744,Night,F,L,A,MYSE
151.909,8443,6/3/2015,5/29/2015,21:02:05,7,32.4,AH0,175,35.9501792,Night,F,L,A,MYSE
151.909,8443,6/3/2015,5/30/2015,21:02:06,7,30.4,AH0,102,33.1331712,Night,F,L,A,MYSE
151.909,8443,6/3/2015,5/25/2015,21:02:07,7,33.2,AH0,244,36.8211744,Night,F,L,A,MYSE
151.909,8443,6/3/2015,5/29/2015,21:02:07,7,32.4,AH0,144,35.9501792,Night,F,L,A,MYSE
151.909,8443,6/3/2015,5/31/2015,21:02:07,7,24.8,AH0,244,19.2054336,Night,F,L,A,MYSE
151.909,8443,6/3/2015,5/30/2015,21:02:08,7,30.3,AH0,100,32.9663291,Night,F,L,A,MYSE
151.909,8443,6/3/2015,5/25/2015,21:02:09,7,33.2,AH0,241,36.8211744,Night,F,L,A,MYSE
151.909,8443,6/3/2015,5/29/2015,21:02:09,7,32.3,AH0,85,35.8315911,Night,F,L,A,MYSE
151.909,8443,6/3/2015,5/31/2015,21:02:09,7,24.8,AH0,244,19.2054336,Night,F,L,A,MYSE
151.909,8443,6/3/2015,5/25/2015,21:02:10,7,33.2,AH0,234,36.8211744,Night,F,L,A,MYSE
151.909,8443,6/3/2015,5/30/2015,21:02:10,7,30.2,AH0,95,32.7968664,Night,F,L,A,MYSE
151.909,8443,6/3/2015,5/29/2015,21:02:11,7,32.2,AH0,201,35.7107784,Night,F,L,A,MYSE
151.909,8443,6/3/2015,5/30/2015,21:02:12,7,30.2,AH0,93,32.7968664,Night,F,L,A,MYSE
151.909,8443,6/3/2015,5/26/2015,21:02:14,7,30.6,AH0,242,33.4590728,Night,F,L,A,MYSE
151.909,8443,6/3/2015,5/26/2015,21:02:16,7,30.6,AH0,244,33.4590728,Night,F,L,A,MYSE
151.909,8443,6/3/2015,5/26/2015,21:02:18,7,30.6,AH0,255,33.4590728,Night,F,L,A,MYSE
151.909,8443,6/3/2015,5/26/2015,21:02:20,7,30.6,AH0,253,33.4590728,Night,F,L,A,MYSE
151.909,8443,6/3/2015,5/25/2015,21:02:23,7,33.4,AH0,254,37.0180632,Night,F,L,A,MYSE
151.909,8443,6/3/2015,5/25/2015,21:02:25,7,33.4,AH0,242,37.0180632,Night,F,L,A,MYSE
151.909,8443,6/3/2015,5/29/2015,21:02:26,7,32,AH0,144,35.4624,Night,F,L,A,MYSE
151.909,8443,6/3/2015,5/31/2015,21:02:26,7,24.8,AH0,245,19.2054336,Night,F,L,A,MYSE
151.909,8443,6/3/2015,5/25/2015,21:02:27,7,33.4,AH0,169,37.0180632,Night,F,L,A,MYSE
151.909,8443,6/3/2015,5/29/2015,21:02:27,7,32.1,AH0,94,35.5877213,Night,F,L,A,MYSE
151.909,8443,6/3/2015,5/25/2015,21:02:28,7,33.4,AH0,220,37.0180632,Night,F,L,A,MYSE
151.909,8443,6/3/2015,5/29/2015,21:02:29,7,32.1,AH0,171,35.5877213,Night,F,L,A,MYSE
151.909,8443,6/3/2015,5/31/2015,21:02:29,7,24.8,AH0,243,19.2054336,Night,F,L,A,MYSE
151.909,8443,6/3/2015,5/25/2015,21:02:30,7,33.5,AH0,244,37.1134875,Night,F,L,A,MYSE
151.909,8443,6/3/2015,5/29/2015,21:02:31,7,32,AH0,188,35.4624,Night,F,L,A,MYSE
151.909,8443,6/3/2015,5/31/2015,21:02:31,7,24.8,AH0,246,19.2054336,Night,F,L,A,MYSE
151.909,8443,6/3/2015,5/26/2015,21:02:36,7,30.5,AH0,254,33.2974125,Night,F,L,A,MYSE
151.909,8443,6/3/2015,5/26/2015,21:02:38,7,30.4,AH0,247,33.1331712,Night,F,L,A,MYSE
151.909,8443,6/3/2015,5/26/2015,21:02:40,7,30.4,AH0,248,33.1331712,Night,F,L,A,MYSE
151.909,8443,6/3/2015,5/26/2015,21:02:42,7,30.4,AH0,247,33.1331712,Night,F,L,A,MYSE
151.909,8443,6/3/2015,5/25/2015,21:02:44,7,33.6,AH0,255,37.2069248,Night,F,L,A,MYSE
151.909,8443,6/3/2015,5/29/2015,21:02:44,7,31.8,AH0,210,35.2048856,Night,F,L,A,MYSE
151.909,8443,6/3/2015,5/25/2015,21:02:46,7,33.7,AH0,255,37.2983949,Night,F,L,A,MYSE
151.909,8443,6/3/2015,5/29/2015,21:02:46,7,31.8,AH0,212,35.2048856,Night,F,L,A,MYSE
151.909,8443,6/3/2015,5/31/2015,21:02:46,7,24.8,AH0,246,19.2054336,Night,F,L,A,MYSE
151.909,8443,6/3/2015,5/25/2015,21:02:48,7,33.7,AH0,255,37.2983949,Night,F,L,A,MYSE
151.909,8443,6/3/2015,5/29/2015,21:02:48,7,31.8,AH0,214,35.2048856,Night,F,L,A,MYSE
151.909,8443,6/3/2015,5/31/2015,21:02:48,7,24.8,AH0,246,19.2054336,Night,F,L,A,MYSE
151.909,8443,6/3/2015,5/25/2015,21:02:50,7,33.7,AH0,246,37.2983949,Night,F,L,A,MYSE
151.909,8443,6/3/2015,5/29/2015,21:02:50,7,31.8,AH0,183,35.2048856,Night,F,L,A,MYSE
151.909,8443,6/3/2015,5/31/2015,21:02:50,7,24.8,AH0,245,19.2054336,Night,F,L,A,MYSE
151.909,8443,6/3/2015,5/29/2015,21:02:52,7,31.8,AH0,176,35.2048856,Night,F,L,A,MYSE
151.909,8443,6/3/2015,5/26/2015,21:02:56,7,30.2,AH0,246,32.7968664,Night,F,L,A,MYSE
151.909,8443,6/3/2015,5/26/2015,21:02:58,7,30.2,AH0,250,32.7968664,Night,F,L,A,MYSE
151.909,8443,6/3/2015,5/26/2015,21:03:00,7,30.2,AH0,251,32.7968664,Night,F,L,A,MYSE
151.909,8443,6/3/2015,5/26/2015,21:03:02,7,30.2,AH0,251,32.7968664,Night,F,L,A,MYSE
151.909,8443,6/3/2015,5/25/2015,21:03:04,7,33.8,AH0,244,37.3879176,Night,F,L,A,MYSE
151.909,8443,6/3/2015,5/29/2015,21:03:05,7,32,AH0,128,35.4624,Night,F,L,A,MYSE
151.909,8443,6/3/2015,5/31/2015,21:03:05,7,24.8,AH0,247,19.2054336,Night,F,L,A,MYSE
151.909,8443,6/3/2015,5/25/2015,21:03:06,7,33.8,AH0,240,37.3879176,Night,F,L,A,MYSE
151.909,8443,6/3/2015,5/29/2015,21:03:07,7,32,AH0,112,35.4624,Night,F,L,A,MYSE
151.909,8443,6/3/2015,5/31/2015,21:03:07,7,24.8,AH0,246,19.2054336,Night,F,L,A,MYSE
151.909,8443,6/3/2015,5/25/2015,21:03:08,7,33.8,AH0,255,37.3879176,Night,F,L,A,MYSE
151.909,8443,6/3/2015,5/25/2015,21:03:09,7,33.8,AH0,254,37.3879176,Night,F,L,A,MYSE
151.909,8443,6/3/2015,5/29/2015,21:03:09,7,32,AH0,83,35.4624,Night,F,L,A,MYSE
151.909,8443,6/3/2015,5/31/2015,21:03:10,7,24.8,AH0,247,19.2054336,Night,F,L,A,MYSE
151.909,8443,6/3/2015,5/29/2015,21:03:11,7,32.1,AH0,163,35.5877213,Night,F,L,A,MYSE
151.909,8443,6/3/2015,5/26/2015,21:03:16,7,30.1,AH0,249,32.6247633,Night,F,L,A,MYSE
151.909,8443,6/3/2015,5/26/2015,21:03:18,7,30.1,AH0,252,32.6247633,Night,F,L,A,MYSE
151.909,8443,6/3/2015,5/26/2015,21:03:20,7,30.1,AH0,251,32.6247633,Night,F,L,A,MYSE
151.909,8443,6/3/2015,5/26/2015,21:03:22,7,30.1,AH0,253,32.6247633,Night,F,L,A,MYSE
151.909,8443,6/3/2015,5/25/2015,21:03:24,7,33.9,AH0,255,37.4755127,Night,F,L,A,MYSE
151.909,8443,6/3/2015,5/31/2015,21:03:24,7,24.8,AH0,245,19.2054336,Night,F,L,A,MYSE
151.909,8443,6/3/2015,5/25/2015,21:03:25,7,33.9,AH0,254,37.4755127,Night,F,L,A,MYSE
151.909,8443,6/3/2015,5/25/2015,21:03:27,7,34,AH0,255,37.5612,Night,F,L,A,MYSE
151.909,8443,6/3/2015,5/29/2015,21:03:27,7,32.6,AH0,134,36.1807608,Night,F,L,A,MYSE
151.909,8443,6/3/2015,5/31/2015,21:03:27,7,24.8,AH0,246,19.2054336,Night,F,L,A,MYSE
151.909,8443,6/3/2015,5/25/2015,21:03:29,7,34,AH0,255,37.5612,Night,F,L,A,MYSE
151.909,8443,6/3/2015,5/29/2015,21:03:29,7,32.4,AH0,178,35.9501792,Night,F,L,A,MYSE
151.909,8443,6/3/2015,5/31/2015,21:03:29,7,24.8,AH0,247,19.2054336,Night,F,L,A,MYSE
151.909,8443,6/3/2015,5/25/2015,21:03:31,7,33.9,AH0,255,37.4755127,Night,F,L,A,MYSE
151.909,8443,6/3/2015,5/29/2015,21:03:31,7,32.4,AH0,153,35.9501792,Night,F,L,A,MYSE
151.909,8443,6/3/2015,5/26/2015,21:03:35,7,30.2,AH0,246,32.7968664,Night,F,L,A,MYSE
151.909,8443,6/3/2015,5/26/2015,21:03:37,7,30.2,AH0,243,32.7968664,Night,F,L,A,MYSE
151.909,8443,6/3/2015,5/26/2015,21:03:39,7,30.2,AH0,245,32.7968664,Night,F,L,A,MYSE
151.909,8443,6/3/2015,5/26/2015,21:03:41,7,30,AH0,247,32.45,Night,F,L,A,MYSE
151.909,8443,6/3/2015,5/25/2015,21:03:43,7,33.8,AH0,255,37.3879176,Night,F,L,A,MYSE
151.909,8443,6/3/2015,5/29/2015,21:03:44,7,32.8,AH0,195,36.4026816,Night,F,L,A,MYSE
151.909,8443,6/3/2015,5/25/2015,21:03:45,7,33.8,AH0,255,37.3879176,Night,F,L,A,MYSE
151.909,8443,6/3/2015,5/29/2015,21:03:46,7,32.5,AH0,147,36.0665625,Night,F,L,A,MYSE
151.909,8443,6/3/2015,5/31/2015,21:03:46,7,24.8,AH0,245,19.2054336,Night,F,L,A,MYSE
151.909,8443,6/3/2015,5/25/2015,21:03:47,7,33.8,AH0,255,37.3879176,Night,F,L,A,MYSE
151.909,8443,6/3/2015,5/25/2015,21:03:48,7,33.8,AH0,255,37.3879176,Night,F,L,A,MYSE
151.909,8443,6/3/2015,5/29/2015,21:03:48,7,32.5,AH0,203,36.0665625,Night,F,L,A,MYSE
151.909,8443,6/3/2015,5/31/2015,21:03:49,7,24.8,AH0,246,19.2054336,Night,F,L,A,MYSE
151.909,8443,6/3/2015,5/25/2015,21:03:50,7,33.8,AH0,255,37.3879176,Night,F,L,A,MYSE
151.909,8443,6/3/2015,5/29/2015,21:03:50,7,32.5,AH0,188,36.0665625,Night,F,L,A,MYSE
151.909,8443,6/3/2015,5/29/2015,21:03:51,7,32.5,AH0,65,36.0665625,Night,F,L,A,MYSE
151.909,8443,6/3/2015,5/31/2015,21:03:51,7,24.8,AH0,247,19.2054336,Night,F,L,A,MYSE
151.909,8443,6/3/2015,5/26/2015,21:03:56,7,29.8,AH0,252,32.0924136,Night,F,L,A,MYSE
151.909,8443,6/3/2015,5/26/2015,21:03:58,7,29.7,AH0,252,31.9095509,Night,F,L,A,MYSE
151.909,8443,6/3/2015,5/26/2015,21:04:00,7,29.7,AH0,252,31.9095509,Night,F,L,A,MYSE
151.909,8443,6/3/2015,5/26/2015,21:04:02,7,29.7,AH0,252,31.9095509,Night,F,L,A,MYSE
151.909,8443,6/3/2015,5/25/2015,21:04:04,7,33.8,AH0,255,37.3879176,Night,F,L,A,MYSE
151.909,8443,6/3/2015,5/29/2015,21:04:04,7,32.6,AH0,117,36.1807608,Night,F,L,A,MYSE
151.909,8443,6/3/2015,5/31/2015,21:04:05,7,24.8,AH0,245,19.2054336,Night,F,L,A,MYSE
151.909,8443,6/3/2015,5/25/2015,21:04:06,7,33.8,AH0,255,37.3879176,Night,F,L,A,MYSE
151.909,8443,6/3/2015,5/29/2015,21:04:06,7,32.7,AH0,161,36.2927939,Night,F,L,A,MYSE
151.909,8443,6/3/2015,5/25/2015,21:04:08,7,33.7,AH0,255,37.2983949,Night,F,L,A,MYSE
151.909,8443,6/3/2015,5/29/2015,21:04:08,7,32.7,AH0,137,36.2927939,Night,F,L,A,MYSE
151.909,8443,6/3/2015,5/31/2015,21:04:08,7,24.8,AH0,244,19.2054336,Night,F,L,A,MYSE
151.909,8443,6/3/2015,5/25/2015,21:04:10,7,33.7,AH0,255,37.2983949,Night,F,L,A,MYSE
151.909,8443,6/3/2015,5/29/2015,21:04:10,7,32.6,AH0,195,36.1807608,Night,F,L,A,MYSE
151.909,8443,6/3/2015,5/31/2015,21:04:10,7,24.8,AH0,244,19.2054336,Night,F,L,A,MYSE
151.909,8443,6/3/2015,5/29/2015,21:04:12,7,32.6,AH0,123,36.1807608,Night,F,L,A,MYSE
151.909,8443,6/3/2015,5/26/2015,21:04:16,7,29.5,AH0,242,31.5355875,Night,F,L,A,MYSE
151.909,8443,6/3/2015,5/26/2015,21:04:18,7,29.5,AH0,243,31.5355875,Night,F,L,A,MYSE
151.909,8443,6/3/2015,5/26/2015,21:04:20,7,29.4,AH0,238,31.3444472,Night,F,L,A,MYSE
151.909,8443,6/3/2015,5/26/2015,21:04:22,7,29.4,AH0,254,31.3444472,Night,F,L,A,MYSE
151.909,8443,6/3/2015,5/25/2015,21:04:24,7,33.6,AH0,255,37.2069248,Night,F,L,A,MYSE
151.909,8443,6/3/2015,5/29/2015,21:04:25,7,32.7,AH0,130,36.2927939,Night,F,L,A,MYSE
151.909,8443,6/3/2015,5/31/2015,21:04:25,7,24.8,AH0,247,19.2054336,Night,F,L,A,MYSE
151.909,8443,6/3/2015,5/25/2015,21:04:26,7,33.6,AH0,255,37.2069248,Night,F,L,A,MYSE
151.909,8443,6/3/2015,5/29/2015,21:04:26,7,32.7,AH0,216,36.2927939,Night,F,L,A,MYSE
151.909,8443,6/3/2015,5/31/2015,21:04:27,7,24.8,AH0,245,19.2054336,Night,F,L,A,MYSE
151.909,8443,6/3/2015,5/25/2015,21:04:28,7,33.5,AH0,255,37.1134875,Night,F,L,A,MYSE
151.909,8443,6/3/2015,5/29/2015,21:04:28,7,32.7,AH0,202,36.2927939,Night,F,L,A,MYSE
151.909,8443,6/3/2015,5/25/2015,21:04:29,7,33.5,AH0,255,37.1134875,Night,F,L,A,MYSE
151.909,8443,6/3/2015,5/29/2015,21:04:30,7,32.7,AH0,221,36.2927939,Night,F,L,A,MYSE
151.909,8443,6/3/2015,5/31/2015,21:04:30,7,24.8,AH0,245,19.2054336,Night,F,L,A,MYSE
151.909,8443,6/3/2015,5/29/2015,21:04:32,7,32.8,AH0,84,36.4026816,Night,F,L,A,MYSE
151.909,8443,6/3/2015,5/26/2015,21:04:34,7,28.9,AH0,252,30.3463677,Night,F,L,A,MYSE
151.909,8443,6/3/2015,5/26/2015,21:04:36,7,28.9,AH0,253,30.3463677,Night,F,L,A,MYSE
151.909,8443,6/3/2015,5/26/2015,21:04:38,7,28.9,AH0,254,30.3463677,Night,F,L,A,MYSE
151.909,8443,6/3/2015,5/26/2015,21:04:41,7,28.8,AH0,253,30.1381376,Night,F,L,A,MYSE
151.909,8443,6/3/2015,5/25/2015,21:04:44,7,33.4,AH0,255,37.0180632,Night,F,L,A,MYSE
151.909,8443,6/3/2015,5/31/2015,21:04:44,7,24.8,AH0,245,19.2054336,Night,F,L,A,MYSE
151.909,8443,6/3/2015,5/25/2015,21:04:45,7,33.4,AH0,255,37.0180632,Night,F,L,A,MYSE
151.909,8443,6/3/2015,5/29/2015,21:04:45,7,32.7,AH0,171,36.2927939,Night,F,L,A,MYSE
151.909,8443,6/3/2015,5/30/2015,21:04:45,7,29.3,AH0,38,31.1505081,Night,F,L,A,MYSE
151.909,8443,6/3/2015,5/25/2015,21:04:47,7,33.4,AH0,255,37.0180632,Night,F,L,A,MYSE
151.909,8443,6/3/2015,5/29/2015,21:04:47,7,32.8,AH0,148,36.4026816,Night,F,L,A,MYSE
151.909,8443,6/3/2015,5/30/2015,21:04:47,7,29.5,AH0,40,31.5355875,Night,F,L,A,MYSE
151.909,8443,6/3/2015,5/31/2015,21:04:47,7,24.8,AH0,245,19.2054336,Night,F,L,A,MYSE
151.909,8443,6/3/2015,5/29/2015,21:04:48,7,32.8,AH0,165,36.4026816,Night,F,L,A,MYSE
151.909,8443,6/3/2015,5/25/2015,21:04:49,7,33.4,AH0,255,37.0180632,Night,F,L,A,MYSE
151.909,8443,6/3/2015,5/30/2015,21:04:49,7,29.4,AH0,39,31.3444472,Night,F,L,A,MYSE
151.909,8443,6/3/2015,5/31/2015,21:04:49,7,24.8,AH0,246,19.2054336,Night,F,L,A,MYSE
151.909,8443,6/3/2015,5/29/2015,21:04:50,7,32.8,AH0,181,36.4026816,Night,F,L,A,MYSE
151.909,8443,6/3/2015,5/25/2015,21:04:51,7,33.4,AH0,255,37.0180632,Night,F,L,A,MYSE
151.909,8443,6/3/2015,5/30/2015,21:04:51,7,29.4,AH0,40,31.3444472,Night,F,L,A,MYSE
151.909,8443,6/3/2015,5/29/2015,21:04:52,7,32.8,AH0,225,36.4026816,Night,F,L,A,MYSE
151.909,8443,6/3/2015,5/26/2015,21:04:55,7,29.5,AH0,255,31.5355875,Night,F,L,A,MYSE
151.909,8443,6/3/2015,5/26/2015,21:04:57,7,29.4,AH0,255,31.3444472,Night,F,L,A,MYSE
151.909,8443,6/3/2015,5/26/2015,21:04:59,7,29.4,AH0,255,31.3444472,Night,F,L,A,MYSE
151.909,8443,6/3/2015,5/26/2015,21:05:01,7,29.4,AH0,255,31.3444472,Night,F,L,A,MYSE
151.909,8443,6/3/2015,5/25/2015,21:05:03,7,33.2,AH0,255,36.8211744,Night,F,L,A,MYSE
151.909,8443,6/3/2015,5/25/2015,21:05:05,7,33.2,AH0,255,36.8211744,Night,F,L,A,MYSE
151.909,8443,6/3/2015,5/29/2015,21:05:05,7,33,AH0,175,36.6161,Night,F,L,A,MYSE
151.909,8443,6/3/2015,5/31/2015,21:05:06,7,24.8,AH0,247,19.2054336,Night,F,L,A,MYSE
151.909,8443,6/3/2015,5/25/2015,21:05:07,7,33.2,AH0,255,36.8211744,Night,F,L,A,MYSE
151.909,8443,6/3/2015,5/29/2015,21:05:07,7,32.9,AH0,193,36.5104437,Night,F,L,A,MYSE
151.909,8443,6/3/2015,5/31/2015,21:05:08,7,24.8,AH0,246,19.2054336,Night,F,L,A,MYSE
151.909,8443,6/3/2015,5/25/2015,21:05:09,7,33.2,AH0,255,36.8211744,Night,F,L,A,MYSE
151.909,8443,6/3/2015,5/29/2015,21:05:09,7,32.9,AH0,199,36.5104437,Night,F,L,A,MYSE
151.909,8443,6/3/2015,5/29/2015,21:05:10,7,32.7,AH0,183,36.2927939,Night,F,L,A,MYSE
151.909,8443,6/3/2015,5/25/2015,21:05:11,7,33.2,AH0,255,36.8211744,Night,F,L,A,MYSE
151.909,8443,6/3/2015,5/31/2015,21:05:11,7,24.8,AH0,244,19.2054336,Night,F,L,A,MYSE
151.909,8443,6/3/2015,5/29/2015,21:05:12,7,32.7,AH0,183,36.2927939,Night,F,L,A,MYSE
151.909,8443,6/3/2015,5/26/2015,21:05:15,7,29.4,AH0,139,31.3444472,Night,F,L,A,MYSE
151.909,8443,6/3/2015,5/26/2015,21:05:17,7,29.4,AH0,242,31.3444472,Night,F,L,A,MYSE
151.909,8443,6/3/2015,5/26/2015,21:05:19,7,29.4,AH0,237,31.3444472,Night,F,L,A,MYSE
151.909,8443,6/3/2015,5/26/2015,21:05:21,7,29.3,AH0,172,31.1505081,Night,F,L,A,MYSE
151.909,8443,6/3/2015,5/25/2015,21:05:23,7,33.1,AH0,255,36.7196703,Night,F,L,A,MYSE
151.909,8443,6/3/2015,5/30/2015,21:05:24,7,28.9,AH0,34,30.3463677,Night,F,L,A,MYSE
151.909,8443,6/3/2015,5/25/2015,21:05:25,7,33.1,AH0,255,36.7196703,Night,F,L,A,MYSE
151.909,8443,6/3/2015,5/29/2015,21:05:25,7,32.8,AH0,203,36.4026816,Night,F,L,A,MYSE
151.909,8443,6/3/2015,5/31/2015,21:05:25,7,24.8,AH0,246,19.2054336,Night,F,L,A,MYSE
151.909,8443,6/3/2015,5/30/2015,21:05:26,7,29.1,AH0,35,30.7541543,Night,F,L,A,MYSE
151.909,8443,6/3/2015,5/25/2015,21:05:27,7,33.1,AH0,255,36.7196703,Night,F,L,A,MYSE
151.909,8443,6/3/2015,5/29/2015,21:05:27,7,32.8,AH0,192,36.4026816,Night,F,L,A,MYSE
151.909,8443,6/3/2015,5/30/2015,21:05:28,7,29,AH0,35,30.5517,Night,F,L,A,MYSE
151.909,8443,6/3/2015,5/31/2015,21:05:28,7,24.8,AH0,244,19.2054336,Night,F,L,A,MYSE
151.909,8443,6/3/2015,5/25/2015,21:05:29,7,33.1,AH0,255,36.7196703,Night,F,L,A,MYSE
151.909,8443,6/3/2015,5/29/2015,21:05:29,7,32.8,AH0,157,36.4026816,Night,F,L,A,MYSE
151.909,8443,6/3/2015,5/31/2015,21:05:30,7,24.8,AH0,245,19.2054336,Night,F,L,A,MYSE
151.909,8443,6/3/2015,5/25/2015,21:05:31,7,33,AH0,255,36.6161,Night,F,L,A,MYSE
151.909,8443,6/3/2015,5/29/2015,21:05:31,7,32.8,AH0,156,36.4026816,Night,F,L,A,MYSE
151.909,8443,6/3/2015,5/30/2015,21:05:31,7,29.1,AH0,22,30.7541543,Night,F,L,A,MYSE
151.909,8443,6/3/2015,5/26/2015,21:05:36,7,29.2,AH0,190,30.9537504,Night,F,L,A,MYSE
151.909,8443,6/3/2015,5/26/2015,21:05:38,7,29.2,AH0,217,30.9537504,Night,F,L,A,MYSE
151.909,8443,6/3/2015,5/26/2015,21:05:40,7,29.3,AH0,228,31.1505081,Night,F,L,A,MYSE
151.909,8443,6/3/2015,5/26/2015,21:05:42,7,29.3,AH0,189,31.1505081,Night,F,L,A,MYSE
151.909,8443,6/3/2015,5/25/2015,21:05:43,7,33,AH0,255,36.6161,Night,F,L,A,MYSE
151.909,8443,6/3/2015,5/25/2015,21:05:45,7,32.9,AH0,255,36.5104437,Night,F,L,A,MYSE
151.909,8443,6/3/2015,5/29/2015,21:05:45,7,32.8,AH0,122,36.4026816,Night,F,L,A,MYSE
151.909,8443,6/3/2015,5/30/2015,21:05:45,7,29,AH0,31,30.5517,Night,F,L,A,MYSE
151.909,8443,6/3/2015,5/31/2015,21:05:45,7,24.8,AH0,246,19.2054336,Night,F,L,A,MYSE
151.909,8443,6/3/2015,5/25/2015,21:05:47,7,32.9,AH0,255,36.5104437,Night,F,L,A,MYSE
151.909,8443,6/3/2015,5/29/2015,21:05:47,7,32.8,AH0,98,36.4026816,Night,F,L,A,MYSE
151.909,8443,6/3/2015,5/31/2015,21:05:47,7,24.8,AH0,246,19.2054336,Night,F,L,A,MYSE
151.909,8443,6/3/2015,5/25/2015,21:05:49,7,32.9,AH0,255,36.5104437,Night,F,L,A,MYSE
151.909,8443,6/3/2015,5/29/2015,21:05:49,7,32.8,AH0,100,36.4026816,Night,F,L,A,MYSE
151.909,8443,6/3/2015,5/30/2015,21:05:49,7,14.5,AH0,34,-39.3277875,Night,F,L,A,MYSE
151.909,8443,6/3/2015,5/31/2015,21:05:50,7,24.8,AH0,243,19.2054336,Night,F,L,A,MYSE
151.909,8443,6/3/2015,5/25/2015,21:05:51,7,32.9,AH0,255,36.5104437,Night,F,L,A,MYSE
151.909,8443,6/3/2015,5/29/2015,21:05:51,7,32.8,AH0,171,36.4026816,Night,F,L,A,MYSE
151.909,8443,6/3/2015,5/30/2015,21:05:51,7,29.1,AH0,32,30.7541543,Night,F,L,A,MYSE
151.909,8443,6/3/2015,5/26/2015,21:05:56,7,29.2,AH0,105,30.9537504,Night,F,L,A,MYSE
151.909,8443,6/3/2015,5/26/2015,21:05:58,7,29.1,AH0,100,30.7541543,Night,F,L,A,MYSE
151.909,8443,6/3/2015,5/26/2015,21:06:00,7,29.1,AH0,101,30.7541543,Night,F,L,A,MYSE
151.909,8443,6/3/2015,5/25/2015,21:06:03,7,32.7,AH0,255,36.2927939,Night,F,L,A,MYSE
151.909,8443,6/3/2015,5/31/2015,21:06:04,7,24.8,AH0,243,19.2054336,Night,F,L,A,MYSE
151.909,8443,6/3/2015,5/25/2015,21:06:05,7,32.6,AH0,255,36.1807608,Night,F,L,A,MYSE
151.909,8443,6/3/2015,5/29/2015,21:06:05,7,32.8,AH0,98,36.4026816,Night,F,L,A,MYSE
151.909,8443,6/3/2015,5/31/2015,21:06:06,7,24.8,AH0,244,19.2054336,Night,F,L,A,MYSE
151.909,8443,6/3/2015,5/25/2015,21:06:07,7,32.6,AH0,255,36.1807608,Night,F,L,A,MYSE
151.909,8443,6/3/2015,5/29/2015,21:06:07,7,32.8,AH0,138,36.4026816,Night,F,L,A,MYSE
151.909,8443,6/3/2015,5/30/2015,21:06:08,7,28.9,AH0,32,30.3463677,Night,F,L,A,MYSE
151.909,8443,6/3/2015,5/25/2015,21:06:09,7,32.6,AH0,255,36.1807608,Night,F,L,A,MYSE
151.909,8443,6/3/2015,5/29/2015,21:06:09,7,32.7,AH0,152,36.2927939,Night,F,L,A,MYSE
151.909,8443,6/3/2015,5/31/2015,21:06:09,7,24.8,AH0,242,19.2054336,Night,F,L,A,MYSE
151.909,8443,6/3/2015,5/25/2015,21:06:11,7,32.6,AH0,255,36.1807608,Night,F,L,A,MYSE
151.909,8443,6/3/2015,5/29/2015,21:06:11,7,32.7,AH0,134,36.2927939,Night,F,L,A,MYSE
151.909,8443,6/3/2015,5/31/2015,21:06:11,7,24.8,AH0,244,19.2054336,Night,F,L,A,MYSE
151.909,8443,6/3/2015,5/26/2015,21:06:15,7,29,AH0,101,30.5517,Night,F,L,A,MYSE
151.909,8443,6/3/2015,5/26/2015,21:06:17,7,29,AH0,102,30.5517,Night,F,L,A,MYSE
151.909,8443,6/3/2015,5/26/2015,21:06:19,7,29,AH0,103,30.5517,Night,F,L,A,MYSE
151.909,8443,6/3/2015,5/26/2015,21:06:21,7,29,AH0,97,30.5517,Night,F,L,A,MYSE
151.909,8443,6/3/2015,5/25/2015,21:06:24,7,32.6,AH0,255,36.1807608,Night,F,L,A,MYSE
151.909,8443,6/3/2015,5/25/2015,21:06:26,7,32.6,AH0,255,36.1807608,Night,F,L,A,MYSE
151.909,8443,6/3/2015,5/29/2015,21:06:26,7,32.6,AH0,139,36.1807608,Night,F,L,A,MYSE
151.909,8443,6/3/2015,5/31/2015,21:06:26,7,24.8,AH0,243,19.2054336,Night,F,L,A,MYSE
151.909,8443,6/3/2015,5/25/2015,21:06:27,7,32.6,AH0,255,36.1807608,Night,F,L,A,MYSE
151.909,8443,6/3/2015,5/29/2015,21:06:27,7,32.6,AH0,105,36.1807608,Night,F,L,A,MYSE
151.909,8443,6/3/2015,5/31/2015,21:06:28,7,24.8,AH0,246,19.2054336,Night,F,L,A,MYSE
151.909,8443,6/3/2015,5/25/2015,21:06:29,7,32.6,AH0,255,36.1807608,Night,F,L,A,MYSE
151.909,8443,6/3/2015,5/29/2015,21:06:29,7,32.6,AH0,193,36.1807608,Night,F,L,A,MYSE
151.909,8443,6/3/2015,5/29/2015,21:06:31,7,32.6,AH0,162,36.1807608,Night,F,L,A,MYSE
151.909,8443,6/3/2015,5/31/2015,21:06:31,7,24.8,AH0,244,19.2054336,Night,F,L,A,MYSE
151.909,8443,6/3/2015,5/26/2015,21:06:40,7,28.8,AH0,46,30.1381376,Night,F,L,A,MYSE
151.909,8443,6/3/2015,5/26/2015,21:06:42,7,28.8,AH0,38,30.1381376,Night,F,L,A,MYSE
151.909,8443,6/3/2015,5/25/2015,21:06:44,7,32.6,AH0,255,36.1807608,Night,F,L,A,MYSE
151.909,8443,6/3/2015,5/31/2015,21:06:45,7,24.8,AH0,247,19.2054336,Night,F,L,A,MYSE
151.909,8443,6/3/2015,5/25/2015,21:06:46,7,32.6,AH0,255,36.1807608,Night,F,L,A,MYSE
151.909,8443,6/3/2015,5/29/2015,21:06:46,7,32.4,AH0,187,35.9501792,Night,F,L,A,MYSE
151.909,8443,6/3/2015,5/25/2015,21:06:48,7,32.6,AH0,255,36.1807608,Night,F,L,A,MYSE
151.909,8443,6/3/2015,5/29/2015,21:06:48,7,32.4,AH0,97,35.9501792,Night,F,L,A,MYSE
151.909,8443,6/3/2015,5/31/2015,21:06:48,7,24.8,AH0,244,19.2054336,Night,F,L,A,MYSE
151.909,8443,6/3/2015,5/29/2015,21:06:49,7,32.5,AH0,111,36.0665625,Night,F,L,A,MYSE
151.909,8443,6/3/2015,5/25/2015,21:06:50,7,32.6,AH0,255,36.1807608,Night,F,L,A,MYSE
151.909,8443,6/3/2015,5/31/2015,21:06:50,7,24.8,AH0,243,19.2054336,Night,F,L,A,MYSE
151.909,8443,6/3/2015,5/29/2015,21:06:51,7,32.6,AH0,126,36.1807608,Night,F,L,A,MYSE
151.909,8443,6/3/2015,5/25/2015,21:07:04,7,32.6,AH0,255,36.1807608,Night,F,L,A,MYSE
151.909,8443,6/3/2015,5/29/2015,21:07:04,7,32.8,AH0,151,36.4026816,Night,F,L,A,MYSE
151.909,8443,6/3/2015,5/31/2015,21:07:04,7,24.8,AH0,245,19.2054336,Night,F,L,A,MYSE
151.909,8443,6/3/2015,5/25/2015,21:07:06,7,32.6,AH0,255,36.1807608,Night,F,L,A,MYSE
151.909,8443,6/3/2015,5/29/2015,21:07:06,7,32.8,AH0,181,36.4026816,Night,F,L,A,MYSE
151.909,8443,6/3/2015,5/31/2015,21:07:06,7,24.8,AH0,243,19.2054336,Night,F,L,A,MYSE
151.909,8443,6/3/2015,5/25/2015,21:07:08,7,32.6,AH0,255,36.1807608,Night,F,L,A,MYSE
151.909,8443,6/3/2015,5/29/2015,21:07:08,7,32.8,AH0,189,36.4026816,Night,F,L,A,MYSE
151.909,8443,6/3/2015,5/31/2015,21:07:08,7,24.8,AH0,243,19.2054336,Night,F,L,A,MYSE
151.909,8443,6/3/2015,5/25/2015,21:07:10,7,32.6,AH0,255,36.1807608,Night,F,L,A,MYSE
151.909,8443,6/3/2015,5/29/2015,21:07:10,7,32.7,AH0,190,36.2927939,Night,F,L,A,MYSE
151.909,8443,6/3/2015,5/29/2015,21:07:12,7,32.8,AH0,208,36.4026816,Night,F,L,A,MYSE
151.909,8443,6/3/2015,5/31/2015,21:07:23,7,24.8,AH0,243,19.2054336,Night,F,L,A,MYSE
151.909,8443,6/3/2015,5/29/2015,21:07:24,7,32.8,AH0,143,36.4026816,Night,F,L,A,MYSE
151.909,8443,6/3/2015,5/25/2015,21:07:25,7,32.5,AH0,255,36.0665625,Night,F,L,A,MYSE
151.909,8443,6/3/2015,5/31/2015,21:07:25,7,24.8,AH0,243,19.2054336,Night,F,L,A,MYSE
151.909,8443,6/3/2015,5/25/2015,21:07:26,7,32.5,AH0,255,36.0665625,Night,F,L,A,MYSE
151.909,8443,6/3/2015,5/29/2015,21:07:26,7,32.8,AH0,172,36.4026816,Night,F,L,A,MYSE
151.909,8443,6/3/2015,5/25/2015,21:07:28,7,32.5,AH0,255,36.0665625,Night,F,L,A,MYSE
151.909,8443,6/3/2015,5/29/2015,21:07:28,7,32.8,AH0,158,36.4026816,Night,F,L,A,MYSE
151.909,8443,6/3/2015,5/31/2015,21:07:28,7,24.7,AH0,247,18.8613459,Night,F,L,A,MYSE
151.909,8443,6/3/2015,5/25/2015,21:07:30,7,32.5,AH0,255,36.0665625,Night,F,L,A,MYSE
151.909,8443,6/3/2015,5/29/2015,21:07:30,7,32.8,AH0,168,36.4026816,Night,F,L,A,MYSE
151.909,8443,6/3/2015,5/31/2015,21:07:30,7,24.7,AH0,243,18.8613459,Night,F,L,A,MYSE
151.909,8443,6/3/2015,5/29/2015,21:07:32,7,32.8,AH0,183,36.4026816,Night,F,L,A,MYSE
151.909,8443,6/3/2015,5/26/2015,21:07:38,7,14.5,AH0,73,-39.3277875,Night,F,L,A,MYSE
151.909,8443,6/3/2015,5/26/2015,21:07:40,7,29.1,AH0,79,30.7541543,Night,F,L,A,MYSE
151.909,8443,6/3/2015,5/26/2015,21:07:42,7,29,AH0,69,30.5517,Night,F,L,A,MYSE
151.909,8443,6/3/2015,5/25/2015,21:07:43,7,32.4,AH0,253,35.9501792,Night,F,L,A,MYSE
151.909,8443,6/3/2015,5/25/2015,21:07:45,7,32.4,AH0,245,35.9501792,Night,F,L,A,MYSE
151.909,8443,6/3/2015,5/30/2015,21:07:45,7,29.1,AH0,33,30.7541543,Night,F,L,A,MYSE
151.909,8443,6/3/2015,5/31/2015,21:07:45,7,24.8,AH0,241,19.2054336,Night,F,L,A,MYSE
151.909,8443,6/3/2015,5/29/2015,21:07:46,7,16.4,AH0,193,-24.5852448,Night,F,L,A,MYSE
151.909,8443,6/3/2015,5/25/2015,21:07:47,7,32.4,AH0,239,35.9501792,Night,F,L,A,MYSE
151.909,8443,6/3/2015,5/30/2015,21:07:47,7,29,AH0,35,30.5517,Night,F,L,A,MYSE
151.909,8443,6/3/2015,5/31/2015,21:07:47,7,24.7,AH0,245,18.8613459,Night,F,L,A,MYSE
151.909,8443,6/3/2015,5/29/2015,21:07:48,7,32.9,AH0,127,36.5104437,Night,F,L,A,MYSE
151.909,8443,6/3/2015,5/25/2015,21:07:49,7,32.4,AH0,243,35.9501792,Night,F,L,A,MYSE
151.909,8443,6/3/2015,5/30/2015,21:07:49,7,29,AH0,34,30.5517,Night,F,L,A,MYSE
151.909,8443,6/3/2015,5/25/2015,21:07:50,7,32.4,AH0,246,35.9501792,Night,F,L,A,MYSE
151.909,8443,6/3/2015,5/31/2015,21:07:50,7,24.8,AH0,244,19.2054336,Night,F,L,A,MYSE
151.909,8443,6/3/2015,5/30/2015,21:07:51,7,29.1,AH0,31,30.7541543,Night,F,L,A,MYSE
151.909,8443,6/3/2015,5/29/2015,21:07:52,7,16.5,AH0,51,-23.8642375,Night,F,L,A,MYSE
151.909,8443,6/3/2015,5/26/2015,21:07:54,7,28.9,AH0,78,30.3463677,Night,F,L,A,MYSE
151.909,8443,6/3/2015,5/26/2015,21:07:56,7,28.9,AH0,77,30.3463677,Night,F,L,A,MYSE
151.909,8443,6/3/2015,5/26/2015,21:07:58,7,28.9,AH0,75,30.3463677,Night,F,L,A,MYSE
151.909,8443,6/3/2015,5/26/2015,21:08:01,7,28.9,AH0,75,30.3463677,Night,F,L,A,MYSE
151.909,8443,6/3/2015,5/25/2015,21:08:03,7,32.3,AH0,254,35.8315911,Night,F,L,A,MYSE
151.909,8443,6/3/2015,5/29/2015,21:08:04,7,32.9,AH0,129,36.5104437,Night,F,L,A,MYSE
151.909,8443,6/3/2015,5/31/2015,21:08:04,7,24.8,AH0,243,19.2054336,Night,F,L,A,MYSE
151.909,8443,6/3/2015,5/25/2015,21:08:05,7,32.2,AH0,254,35.7107784,Night,F,L,A,MYSE
151.909,8443,6/3/2015,5/29/2015,21:08:06,7,32.8,AH0,134,36.4026816,Night,F,L,A,MYSE
151.909,8443,6/3/2015,5/25/2015,21:08:07,7,32.2,AH0,254,35.7107784,Night,F,L,A,MYSE
151.909,8443,6/3/2015,5/31/2015,21:08:07,7,24.7,AH0,244,18.8613459,Night,F,L,A,MYSE
151.909,8443,6/3/2015,5/29/2015,21:08:08,7,32.7,AH0,140,36.2927939,Night,F,L,A,MYSE
151.909,8443,6/3/2015,5/25/2015,21:08:09,7,32.2,AH0,255,35.7107784,Night,F,L,A,MYSE
151.909,8443,6/3/2015,5/31/2015,21:08:09,7,24.8,AH0,244,19.2054336,Night,F,L,A,MYSE
151.909,8443,6/3/2015,5/29/2015,21:08:10,7,32.6,AH0,144,36.1807608,Night,F,L,A,MYSE
151.909,8443,6/3/2015,5/25/2015,21:08:11,7,32.2,AH0,254,35.7107784,Night,F,L,A,MYSE
151.909,8443,6/3/2015,5/29/2015,21:08:12,7,32.6,AH0,142,36.1807608,Night,F,L,A,MYSE
151.909,8443,6/3/2015,5/26/2015,21:08:15,7,28.9,AH0,72,30.3463677,Night,F,L,A,MYSE
151.909,8443,6/3/2015,5/26/2015,21:08:17,7,28.9,AH0,70,30.3463677,Night,F,L,A,MYSE
151.909,8443,6/3/2015,5/26/2015,21:08:19,7,28.9,AH0,75,30.3463677,Night,F,L,A,MYSE
151.909,8443,6/3/2015,5/26/2015,21:08:21,7,28.9,AH0,79,30.3463677,Night,F,L,A,MYSE
151.909,8443,6/3/2015,5/25/2015,21:08:24,7,32.2,AH0,255,35.7107784,Night,F,L,A,MYSE
151.909,8443,6/3/2015,5/31/2015,21:08:24,7,24.8,AH0,245,19.2054336,Night,F,L,A,MYSE
151.909,8443,6/3/2015,5/29/2015,21:08:25,7,32.5,AH0,146,36.0665625,Night,F,L,A,MYSE
151.909,8443,6/3/2015,5/25/2015,21:08:26,7,32.2,AH0,255,35.7107784,Night,F,L,A,MYSE
151.909,8443,6/3/2015,5/31/2015,21:08:26,7,24.7,AH0,241,18.8613459,Night,F,L,A,MYSE
151.909,8443,6/3/2015,5/29/2015,21:08:27,7,32.4,AH0,134,35.9501792,Night,F,L,A,MYSE
151.909,8443,6/3/2015,5/25/2015,21:08:28,7,32.2,AH0,255,35.7107784,Night,F,L,A,MYSE
151.909,8443,6/3/2015,5/29/2015,21:08:28,7,32.4,AH0,138,35.9501792,Night,F,L,A,MYSE
151.909,8443,6/3/2015,5/25/2015,21:08:29,7,32.2,AH0,255,35.7107784,Night,F,L,A,MYSE
151.909,8443,6/3/2015,5/31/2015,21:08:29,7,24.8,AH0,245,19.2054336,Night,F,L,A,MYSE
151.909,8443,6/3/2015,5/29/2015,21:08:30,7,32.4,AH0,138,35.9501792,Night,F,L,A,MYSE
151.909,8443,6/3/2015,5/29/2015,21:08:32,7,32.4,AH0,136,35.9501792,Night,F,L,A,MYSE
151.909,8443,6/3/2015,5/26/2015,21:08:36,7,28.9,AH0,77,30.3463677,Night,F,L,A,MYSE
151.909,8443,6/3/2015,5/26/2015,21:08:38,7,28.9,AH0,73,30.3463677,Night,F,L,A,MYSE
151.909,8443,6/3/2015,5/26/2015,21:08:40,7,28.9,AH0,73,30.3463677,Night,F,L,A,MYSE
151.909,8443,6/3/2015,5/31/2015,21:08:43,7,24.7,AH0,243,18.8613459,Night,F,L,A,MYSE
151.909,8443,6/3/2015,5/25/2015,21:08:44,7,32.2,AH0,255,35.7107784,Night,F,L,A,MYSE
151.909,8443,6/3/2015,5/29/2015,21:08:45,7,32.5,AH0,67,36.0665625,Night,F,L,A,MYSE
151.909,8443,6/3/2015,5/31/2015,21:08:45,7,24.8,AH0,245,19.2054336,Night,F,L,A,MYSE
151.909,8443,6/3/2015,5/25/2015,21:08:46,7,32.2,AH0,255,35.7107784,Night,F,L,A,MYSE
151.909,8443,6/3/2015,5/29/2015,21:08:47,7,32.6,AH0,51,36.1807608,Night,F,L,A,MYSE
151.909,8443,6/3/2015,5/25/2015,21:08:48,7,32.2,AH0,255,35.7107784,Night,F,L,A,MYSE
151.909,8443,6/3/2015,5/31/2015,21:08:48,7,24.7,AH0,245,18.8613459,Night,F,L,A,MYSE
151.909,8443,6/3/2015,5/29/2015,21:08:49,7,32.8,AH0,81,36.4026816,Night,F,L,A,MYSE
151.909,8443,6/3/2015,5/25/2015,21:08:50,7,32.2,AH0,255,35.7107784,Night,F,L,A,MYSE
151.909,8443,6/3/2015,5/26/2015,21:08:54,7,29,AH0,75,30.5517,Night,F,L,A,MYSE
151.909,8443,6/3/2015,5/26/2015,21:08:57,7,29,AH0,72,30.5517,Night,F,L,A,MYSE
151.909,8443,6/3/2015,5/26/2015,21:08:59,7,29,AH0,72,30.5517,Night,F,L,A,MYSE
151.909,8443,6/3/2015,5/26/2015,21:09:01,7,29,AH0,81,30.5517,Night,F,L,A,MYSE
151.909,8443,6/3/2015,5/25/2015,21:09:03,7,32.1,AH0,255,35.5877213,Night,F,L,A,MYSE
151.909,8443,6/3/2015,5/25/2015,21:09:05,7,32.1,AH0,255,35.5877213,Night,F,L,A,MYSE
151.909,8443,6/3/2015,5/31/2015,21:09:05,7,24.8,AH0,246,19.2054336,Night,F,L,A,MYSE
151.909,8443,6/3/2015,5/25/2015,21:09:07,7,32.1,AH0,255,35.5877213,Night,F,L,A,MYSE
151.909,8443,6/3/2015,5/31/2015,21:09:07,7,24.8,AH0,245,19.2054336,Night,F,L,A,MYSE
151.909,8443,6/3/2015,5/25/2015,21:09:09,7,32.1,AH0,255,35.5877213,Night,F,L,A,MYSE
151.909,8443,6/3/2015,5/31/2015,21:09:10,7,24.8,AH0,244,19.2054336,Night,F,L,A,MYSE
151.909,8443,6/3/2015,5/25/2015,21:09:11,7,32.1,AH0,255,35.5877213,Night,F,L,A,MYSE
151.909,8443,6/3/2015,5/26/2015,21:09:15,7,29,AH0,74,30.5517,Night,F,L,A,MYSE
151.909,8443,6/3/2015,5/26/2015,21:09:17,7,29,AH0,72,30.5517,Night,F,L,A,MYSE
151.909,8443,6/3/2015,5/26/2015,21:09:19,7,29,AH0,74,30.5517,Night,F,L,A,MYSE
151.909,8443,6/3/2015,5/26/2015,21:09:21,7,29.1,AH0,71,30.7541543,Night,F,L,A,MYSE
151.909,8443,6/3/2015,5/25/2015,21:09:24,7,32.1,AH0,234,35.5877213,Night,F,L,A,MYSE
151.909,8443,6/3/2015,5/31/2015,21:09:24,7,24.8,AH0,242,19.2054336,Night,F,L,A,MYSE
151.909,8443,6/3/2015,5/25/2015,21:09:25,7,32.2,AH0,255,35.7107784,Night,F,L,A,MYSE
151.909,8443,6/3/2015,5/25/2015,21:09:27,7,32.3,AH0,253,35.8315911,Night,F,L,A,MYSE
151.909,8443,6/3/2015,5/31/2015,21:09:27,7,24.8,AH0,242,19.2054336,Night,F,L,A,MYSE
151.909,8443,6/3/2015,5/25/2015,21:09:29,7,32.3,AH0,246,35.8315911,Night,F,L,A,MYSE
151.909,8443,6/3/2015,5/31/2015,21:09:29,7,24.7,AH0,244,18.8613459,Night,F,L,A,MYSE
151.909,8443,6/3/2015,5/26/2015,21:09:36,7,29.1,AH0,80,30.7541543,Night,F,L,A,MYSE
151.909,8443,6/3/2015,5/26/2015,21:09:38,7,29.1,AH0,72,30.7541543,Night,F,L,A,MYSE
151.909,8443,6/3/2015,5/26/2015,21:09:40,7,29.1,AH0,80,30.7541543,Night,F,L,A,MYSE
151.909,8443,6/3/2015,5/25/2015,21:09:44,7,32.8,AH0,239,36.4026816,Night,F,L,A,MYSE
151.909,8443,6/3/2015,5/31/2015,21:09:44,7,24.7,AH0,241,18.8613459,Night,F,L,A,MYSE
151.909,8443,6/3/2015,5/25/2015,21:09:46,7,32.8,AH0,252,36.4026816,Night,F,L,A,MYSE
151.909,8443,6/3/2015,5/31/2015,21:09:46,7,24.7,AH0,244,18.8613459,Night,F,L,A,MYSE
151.909,8443,6/3/2015,5/25/2015,21:09:48,7,32.8,AH0,255,36.4026816,Night,F,L,A,MYSE
151.909,8443,6/3/2015,5/25/2015,21:09:49,7,32.9,AH0,231,36.5104437,Night,F,L,A,MYSE
151.909,8443,6/3/2015,5/31/2015,21:09:49,7,24.7,AH0,243,18.8613459,Night,F,L,A,MYSE
151.909,8443,6/3/2015,5/30/2015,21:09:51,7,14.1,AH0,31,-42.6913807,Night,F,L,A,MYSE
151.909,8443,6/3/2015,5/26/2015,21:09:54,7,29.1,AH0,69,30.7541543,Night,F,L,A,MYSE
151.909,8443,6/3/2015,5/26/2015,21:09:56,7,29.1,AH0,74,30.7541543,Night,F,L,A,MYSE
151.909,8443,6/3/2015,5/26/2015,21:09:59,7,29.1,AH0,75,30.7541543,Night,F,L,A,MYSE
151.909,8443,6/3/2015,5/26/2015,21:10:01,7,29.1,AH0,73,30.7541543,Night,F,L,A,MYSE
151.909,8443,6/3/2015,5/31/2015,21:10:03,7,24.8,AH0,243,19.2054336,Night,F,L,A,MYSE
151.909,8443,6/3/2015,5/25/2015,21:10:04,7,33.1,AH0,217,36.7196703,Night,F,L,A,MYSE
151.909,8443,6/3/2015,5/31/2015,21:10:05,7,24.8,AH0,243,19.2054336,Night,F,L,A,MYSE
151.909,8443,6/3/2015,5/25/2015,21:10:06,7,33.1,AH0,255,36.7196703,Night,F,L,A,MYSE
151.909,8443,6/3/2015,5/25/2015,21:10:08,7,33.1,AH0,255,36.7196703,Night,F,L,A,MYSE
151.909,8443,6/3/2015,5/31/2015,21:10:08,7,24.8,AH0,242,19.2054336,Night,F,L,A,MYSE
151.909,8443,6/3/2015,5/25/2015,21:10:09,7,33.2,AH0,197,36.8211744,Night,F,L,A,MYSE
151.909,8443,6/3/2015,5/26/2015,21:10:15,7,29.2,AH0,71,30.9537504,Night,F,L,A,MYSE
151.909,8443,6/3/2015,5/26/2015,21:10:17,7,29.2,AH0,70,30.9537504,Night,F,L,A,MYSE
151.909,8443,6/3/2015,5/26/2015,21:10:19,7,29.2,AH0,70,30.9537504,Night,F,L,A,MYSE
151.909,8443,6/3/2015,5/26/2015,21:10:21,7,29.2,AH0,73,30.9537504,Night,F,L,A,MYSE
151.909,8443,6/3/2015,5/25/2015,21:10:24,7,33.5,AH0,237,37.1134875,Night,F,L,A,MYSE
151.909,8443,6/3/2015,5/31/2015,21:10:25,7,24.8,AH0,243,19.2054336,Night,F,L,A,MYSE
151.909,8443,6/3/2015,5/25/2015,21:10:26,7,33.6,AH0,237,37.2069248,Night,F,L,A,MYSE
151.909,8443,6/3/2015,5/25/2015,21:10:27,7,33.6,AH0,254,37.2069248,Night,F,L,A,MYSE
151.909,8443,6/3/2015,5/31/2015,21:10:27,7,24.8,AH0,244,19.2054336,Night,F,L,A,MYSE
151.909,8443,6/3/2015,5/25/2015,21:10:29,7,33.6,AH0,254,37.2069248,Night,F,L,A,MYSE
151.909,8443,6/3/2015,5/31/2015,21:10:30,7,24.8,AH0,242,19.2054336,Night,F,L,A,MYSE
151.909,8443,6/3/2015,5/26/2015,21:10:36,7,29.2,AH0,70,30.9537504,Night,F,L,A,MYSE
151.909,8443,6/3/2015,5/26/2015,21:10:38,7,29.2,AH0,74,30.9537504,Night,F,L,A,MYSE
151.909,8443,6/3/2015,5/26/2015,21:10:40,7,29.2,AH0,69,30.9537504,Night,F,L,A,MYSE
151.909,8443,6/3/2015,5/26/2015,21:10:42,7,29.2,AH0,74,30.9537504,Night,F,L,A,MYSE
151.909,8443,6/3/2015,5/25/2015,21:10:43,7,33.6,AH0,255,37.2069248,Night,F,L,A,MYSE
151.909,8443,6/3/2015,5/31/2015,21:10:44,7,24.8,AH0,242,19.2054336,Night,F,L,A,MYSE
151.909,8443,6/3/2015,5/25/2015,21:10:45,7,33.7,AH0,255,37.2983949,Night,F,L,A,MYSE
151.909,8443,6/3/2015,5/25/2015,21:10:47,7,33.7,AH0,217,37.2983949,Night,F,L,A,MYSE
151.909,8443,6/3/2015,5/31/2015,21:10:47,7,24.8,AH0,242,19.2054336,Night,F,L,A,MYSE
151.909,8443,6/3/2015,5/25/2015,21:10:49,7,33.7,AH0,255,37.2983949,Night,F,L,A,MYSE
151.909,8443,6/3/2015,5/31/2015,21:10:49,7,24.8,AH0,244,19.2054336,Night,F,L,A,MYSE
151.909,8443,6/3/2015,5/25/2015,21:10:51,7,33.7,AH0,233,37.2983949,Night,F,L,A,MYSE
151.909,8443,6/3/2015,5/26/2015,21:10:54,7,29.2,AH0,78,30.9537504,Night,F,L,A,MYSE
151.909,8443,6/3/2015,5/26/2015,21:10:56,7,29.2,AH0,62,30.9537504,Night,F,L,A,MYSE
151.909,8443,6/3/2015,5/26/2015,21:10:58,7,29.2,AH0,76,30.9537504,Night,F,L,A,MYSE
151.909,8443,6/3/2015,5/26/2015,21:11:00,7,29.2,AH0,70,30.9537504,Night,F,L,A,MYSE
151.909,8443,6/3/2015,5/25/2015,21:11:03,7,33.8,AH0,254,37.3879176,Night,F,L,A,MYSE
151.909,8443,6/3/2015,5/31/2015,21:11:04,7,24.8,AH0,244,19.2054336,Night,F,L,A,MYSE
151.909,8443,6/3/2015,5/25/2015,21:11:05,7,33.9,AH0,255,37.4755127,Night,F,L,A,MYSE
151.909,8443,6/3/2015,5/31/2015,21:11:06,7,24.8,AH0,242,19.2054336,Night,F,L,A,MYSE
151.909,8443,6/3/2015,5/25/2015,21:11:07,7,33.9,AH0,118,37.4755127,Night,F,L,A,MYSE
151.909,8443,6/3/2015,5/25/2015,21:11:08,7,34,AH0,254,37.5612,Night,F,L,A,MYSE
151.909,8443,6/3/2015,5/31/2015,21:11:09,7,24.8,AH0,242,19.2054336,Night,F,L,A,MYSE
151.909,8443,6/3/2015,5/25/2015,21:11:10,7,34,AH0,255,37.5612,Night,F,L,A,MYSE
151.909,8443,6/3/2015,5/26/2015,21:11:15,7,29.2,AH0,80,30.9537504,Night,F,L,A,MYSE
151.909,8443,6/3/2015,5/26/2015,21:11:17,7,29.2,AH0,70,30.9537504,Night,F,L,A,MYSE
151.909,8443,6/3/2015,5/26/2015,21:11:19,7,29.2,AH0,75,30.9537504,Night,F,L,A,MYSE
151.909,8443,6/3/2015,5/26/2015,21:11:21,7,29.2,AH0,69,30.9537504,Night,F,L,A,MYSE
151.909,8443,6/3/2015,5/31/2015,21:11:23,7,24.8,AH0,244,19.2054336,Night,F,L,A,MYSE
151.909,8443,6/3/2015,5/25/2015,21:11:24,7,34.1,AH0,248,37.6449993,Night,F,L,A,MYSE
151.909,8443,6/3/2015,5/31/2015,21:11:25,7,24.8,AH0,243,19.2054336,Night,F,L,A,MYSE
151.909,8443,6/3/2015,5/25/2015,21:11:26,7,34.1,AH0,233,37.6449993,Night,F,L,A,MYSE
151.909,8443,6/3/2015,5/25/2015,21:11:28,7,34.1,AH0,213,37.6449993,Night,F,L,A,MYSE
151.909,8443,6/3/2015,5/31/2015,21:11:28,7,24.8,AH0,244,19.2054336,Night,F,L,A,MYSE
151.909,8443,6/3/2015,5/25/2015,21:11:29,7,34.1,AH0,255,37.6449993,Night,F,L,A,MYSE
151.909,8443,6/3/2015,5/26/2015,21:11:35,7,29.2,AH0,70,30.9537504,Night,F,L,A,MYSE
151.909,8443,6/3/2015,5/26/2015,21:11:37,7,29.2,AH0,67,30.9537504,Night,F,L,A,MYSE
151.909,8443,6/3/2015,5/26/2015,21:11:39,7,29.2,AH0,71,30.9537504,Night,F,L,A,MYSE
151.909,8443,6/3/2015,5/26/2015,21:11:41,7,29.2,AH0,74,30.9537504,Night,F,L,A,MYSE
151.909,8443,6/3/2015,5/25/2015,21:11:44,7,34.2,AH0,226,37.7269304,Night,F,L,A,MYSE
151.909,8443,6/3/2015,5/25/2015,21:11:45,7,34.1,AH0,248,37.6449993,Night,F,L,A,MYSE
151.909,8443,6/3/2015,5/31/2015,21:11:45,7,24.8,AH0,243,19.2054336,Night,F,L,A,MYSE
151.909,8443,6/3/2015,5/25/2015,21:11:47,7,34.1,AH0,254,37.6449993,Night,F,L,A,MYSE
151.909,8443,6/3/2015,5/31/2015,21:11:47,7,24.8,AH0,246,19.2054336,Night,F,L,A,MYSE
151.909,8443,6/3/2015,5/25/2015,21:11:49,7,34.1,AH0,206,37.6449993,Night,F,L,A,MYSE
151.909,8443,6/3/2015,5/31/2015,21:11:50,7,24.8,AH0,241,19.2054336,Night,F,L,A,MYSE
151.909,8443,6/3/2015,5/25/2015,21:11:51,7,34.1,AH0,226,37.6449993,Night,F,L,A,MYSE
151.909,8443,6/3/2015,5/26/2015,21:11:56,7,29.3,AH0,78,31.1505081,Night,F,L,A,MYSE
151.909,8443,6/3/2015,5/26/2015,21:11:58,7,29.3,AH0,46,31.1505081,Night,F,L,A,MYSE
151.909,8443,6/3/2015,5/26/2015,21:12:00,7,29.3,AH0,65,31.1505081,Night,F,L,A,MYSE
151.909,8443,6/3/2015,5/25/2015,21:12:03,7,33.8,AH0,199,37.3879176,Night,F,L,A,MYSE
151.909,8443,6/3/2015,5/31/2015,21:12:04,7,24.8,AH0,245,19.2054336,Night,F,L,A,MYSE
151.909,8443,6/3/2015,5/25/2015,21:12:05,7,33.8,AH0,222,37.3879176,Night,F,L,A,MYSE
151.909,8443,6/3/2015,5/25/2015,21:12:07,7,33.8,AH0,192,37.3879176,Night,F,L,A,MYSE
151.909,8443,6/3/2015,5/31/2015,21:12:07,7,24.8,AH0,244,19.2054336,Night,F,L,A,MYSE
151.909,8443,6/3/2015,5/25/2015,21:12:08,7,33.7,AH0,193,37.2983949,Night,F,L,A,MYSE
151.909,8443,6/3/2015,5/31/2015,21:12:09,7,24.8,AH0,245,19.2054336,Night,F,L,A,MYSE
151.909,8443,6/3/2015,5/25/2015,21:12:10,7,33.7,AH0,199,37.2983949,Night,F,L,A,MYSE
151.909,8443,6/3/2015,5/26/2015,21:12:14,7,29.3,AH0,62,31.1505081,Night,F,L,A,MYSE
151.909,8443,6/3/2015,5/26/2015,21:12:16,7,29.3,AH0,57,31.1505081,Night,F,L,A,MYSE
151.909,8443,6/3/2015,5/26/2015,21:12:18,7,29.2,AH0,54,30.9537504,Night,F,L,A,MYSE
151.909,8443,6/3/2015,5/26/2015,21:12:20,7,29.2,AH0,57,30.9537504,Night,F,L,A,MYSE
151.909,8443,6/3/2015,5/25/2015,21:12:24,7,33.6,AH0,200,37.2069248,Night,F,L,A,MYSE
151.909,8443,6/3/2015,5/31/2015,21:12:24,7,24.8,AH0,244,19.2054336,Night,F,L,A,MYSE
151.909,8443,6/3/2015,5/25/2015,21:12:26,7,33.6,AH0,183,37.2069248,Night,F,L,A,MYSE
151.909,8443,6/3/2015,5/31/2015,21:12:26,7,24.8,AH0,244,19.2054336,Night,F,L,A,MYSE
151.909,8443,6/3/2015,5/25/2015,21:12:28,7,33.6,AH0,201,37.2069248,Night,F,L,A,MYSE
151.909,8443,6/3/2015,5/31/2015,21:12:28,7,24.8,AH0,244,19.2054336,Night,F,L,A,MYSE
151.909,8443,6/3/2015,5/25/2015,21:12:30,7,33.6,AH0,212,37.2069248,Night,F,L,A,MYSE
151.909,8443,6/3/2015,5/26/2015,21:12:35,7,29.2,AH0,78,30.9537504,Night,F,L,A,MYSE
151.909,8443,6/3/2015,5/26/2015,21:12:37,7,29.1,AH0,100,30.7541543,Night,F,L,A,MYSE
151.909,8443,6/3/2015,5/26/2015,21:12:39,7,29.1,AH0,42,30.7541543,Night,F,L,A,MYSE
151.909,8443,6/3/2015,5/31/2015,21:12:43,7,24.8,AH0,244,19.2054336,Night,F,L,A,MYSE
151.909,8443,6/3/2015,5/25/2015,21:12:44,7,33.6,AH0,231,37.2069248,Night,F,L,A,MYSE
151.909,8443,6/3/2015,5/31/2015,21:12:45,7,24.8,AH0,243,19.2054336,Night,F,L,A,MYSE
151.909,8443,6/3/2015,5/25/2015,21:12:46,7,33.7,AH0,177,37.2983949,Night,F,L,A,MYSE
151.909,8443,6/3/2015,5/25/2015,21:12:48,7,33.7,AH0,224,37.2983949,Night,F,L,A,MYSE
151.909,8443,6/3/2015,5/31/2015,21:12:48,7,24.8,AH0,245,19.2054336,Night,F,L,A,MYSE
151.909,8443,6/3/2015,5/25/2015,21:12:49,7,33.6,AH0,214,37.2069248,Night,F,L,A,MYSE
151.909,8443,6/3/2015,5/25/2015,21:13:04,7,33.5,AH0,214,37.1134875,Night,F,L,A,MYSE
151.909,8443,6/3/2015,5/25/2015,21:13:05,7,33.5,AH0,220,37.1134875,Night,F,L,A,MYSE
151.909,8443,6/3/2015,5/31/2015,21:13:05,7,24.8,AH0,244,19.2054336,Night,F,L,A,MYSE
151.909,8443,6/3/2015,5/25/2015,21:13:07,7,33.5,AH0,216,37.1134875,Night,F,L,A,MYSE
151.909,8443,6/3/2015,5/31/2015,21:13:07,7,24.8,AH0,244,19.2054336,Night,F,L,A,MYSE
151.909,8443,6/3/2015,5/25/2015,21:13:09,7,33.5,AH0,214,37.1134875,Night,F,L,A,MYSE
151.909,8443,6/3/2015,5/31/2015,21:13:10,7,24.8,AH0,245,19.2054336,Night,F,L,A,MYSE
151.909,8443,6/3/2015,5/25/2015,21:13:23,7,33.4,AH0,218,37.0180632,Night,F,L,A,MYSE
151.909,8443,6/3/2015,5/31/2015,21:13:24,7,24.8,AH0,242,19.2054336,Night,F,L,A,MYSE
151.909,8443,6/3/2015,5/25/2015,21:13:25,7,33.4,AH0,220,37.0180632,Night,F,L,A,MYSE
151.909,8443,6/3/2015,5/25/2015,21:13:27,7,33.4,AH0,219,37.0180632,Night,F,L,A,MYSE
151.909,8443,6/3/2015,5/31/2015,21:13:27,7,24.8,AH0,245,19.2054336,Night,F,L,A,MYSE
151.909,8443,6/3/2015,5/25/2015,21:13:29,7,33.4,AH0,220,37.0180632,Night,F,L,A,MYSE
151.909,8443,6/3/2015,5/31/2015,21:13:29,7,24.8,AH0,241,19.2054336,Night,F,L,A,MYSE
151.909,8443,6/3/2015,5/25/2015,21:13:31,7,33.4,AH0,218,37.0180632,Night,F,L,A,MYSE
151.909,8443,6/3/2015,5/25/2015,21:13:43,7,33.4,AH0,165,37.0180632,Night,F,L,A,MYSE
151.909,8443,6/3/2015,5/31/2015,21:13:44,7,24.8,AH0,244,19.2054336,Night,F,L,A,MYSE
151.909,8443,6/3/2015,5/25/2015,21:13:45,7,33.4,AH0,173,37.0180632,Night,F,L,A,MYSE
151.909,8443,6/3/2015,5/31/2015,21:13:46,7,24.8,AH0,243,19.2054336,Night,F,L,A,MYSE
151.909,8443,6/3/2015,5/25/2015,21:13:47,7,33.3,AH0,196,36.9206321,Night,F,L,A,MYSE
151.909,8443,6/3/2015,5/31/2015,21:13:48,7,24.8,AH0,242,19.2054336,Night,F,L,A,MYSE
151.909,8443,6/3/2015,5/25/2015,21:13:49,7,33.2,AH0,214,36.8211744,Night,F,L,A,MYSE
151.909,8443,6/3/2015,5/25/2015,21:13:50,7,33.1,AH0,172,36.7196703,Night,F,L,A,MYSE
151.909,8443,6/3/2015,5/25/2015,21:14:03,7,32.9,AH0,252,36.5104437,Night,F,L,A,MYSE
151.909,8443,6/3/2015,5/31/2015,21:14:03,7,24.8,AH0,245,19.2054336,Night,F,L,A,MYSE
151.909,8443,6/3/2015,5/25/2015,21:14:05,7,32.9,AH0,251,36.5104437,Night,F,L,A,MYSE
151.909,8443,6/3/2015,5/31/2015,21:14:05,7,24.8,AH0,244,19.2054336,Night,F,L,A,MYSE
151.909,8443,6/3/2015,5/25/2015,21:14:07,7,33,AH0,245,36.6161,Night,F,L,A,MYSE
151.909,8443,6/3/2015,5/31/2015,21:14:08,7,24.8,AH0,242,19.2054336,Night,F,L,A,MYSE
151.909,8443,6/3/2015,5/25/2015,21:14:09,7,33,AH0,246,36.6161,Night,F,L,A,MYSE
151.909,8443,6/3/2015,5/25/2015,21:14:10,7,33,AH0,253,36.6161,Night,F,L,A,MYSE
151.909,8443,6/3/2015,5/25/2015,21:14:23,7,32.9,AH0,254,36.5104437,Night,F,L,A,MYSE
151.909,8443,6/3/2015,5/25/2015,21:14:25,7,32.9,AH0,254,36.5104437,Night,F,L,A,MYSE
151.909,8443,6/3/2015,5/31/2015,21:14:25,7,24.8,AH0,243,19.2054336,Night,F,L,A,MYSE
151.909,8443,6/3/2015,5/25/2015,21:14:27,7,32.9,AH0,255,36.5104437,Night,F,L,A,MYSE
151.909,8443,6/3/2015,5/31/2015,21:14:27,7,24.8,AH0,246,19.2054336,Night,F,L,A,MYSE
151.909,8443,6/3/2015,5/25/2015,21:14:29,7,32.9,AH0,254,36.5104437,Night,F,L,A,MYSE
151.909,8443,6/3/2015,5/25/2015,21:14:30,7,32.9,AH0,254,36.5104437,Night,F,L,A,MYSE
151.909,8443,6/3/2015,5/31/2015,21:14:30,7,24.8,AH0,241,19.2054336,Night,F,L,A,MYSE
151.909,8443,6/3/2015,5/25/2015,21:14:43,7,32.8,AH0,218,36.4026816,Night,F,L,A,MYSE
151.909,8443,6/3/2015,5/31/2015,21:14:44,7,24.8,AH0,244,19.2054336,Night,F,L,A,MYSE
151.909,8443,6/3/2015,5/25/2015,21:14:45,7,32.8,AH0,237,36.4026816,Night,F,L,A,MYSE
151.909,8443,6/3/2015,5/25/2015,21:14:47,7,32.8,AH0,238,36.4026816,Night,F,L,A,MYSE
151.909,8443,6/3/2015,5/31/2015,21:14:47,7,24.8,AH0,244,19.2054336,Night,F,L,A,MYSE
151.909,8443,6/3/2015,5/25/2015,21:14:49,7,32.8,AH0,248,36.4026816,Night,F,L,A,MYSE
151.909,8443,6/3/2015,5/31/2015,21:14:49,7,24.8,AH0,243,19.2054336,Night,F,L,A,MYSE
151.909,8443,6/3/2015,5/25/2015,21:14:50,7,32.8,AH0,254,36.4026816,Night,F,L,A,MYSE
151.909,8443,6/3/2015,5/25/2015,21:15:03,7,32.8,AH0,254,36.4026816,Night,F,L,A,MYSE
151.909,8443,6/3/2015,5/31/2015,21:15:04,7,24.8,AH0,244,19.2054336,Night,F,L,A,MYSE
151.909,8443,6/3/2015,5/25/2015,21:15:05,7,32.8,AH0,254,36.4026816,Night,F,L,A,MYSE
151.909,8443,6/3/2015,5/31/2015,21:15:06,7,24.8,AH0,244,19.2054336,Night,F,L,A,MYSE
151.909,8443,6/3/2015,5/25/2015,21:15:07,7,32.8,AH0,253,36.4026816,Night,F,L,A,MYSE
151.909,8443,6/3/2015,5/31/2015,21:15:08,7,24.8,AH0,242,19.2054336,Night,F,L,A,MYSE
151.909,8443,6/3/2015,5/25/2015,21:15:09,7,32.8,AH0,252,36.4026816,Night,F,L,A,MYSE
151.909,8443,6/3/2015,5/25/2015,21:15:11,7,32.7,AH0,252,36.2927939,Night,F,L,A,MYSE
151.909,8443,6/3/2015,5/25/2015,21:15:23,7,32.7,AH0,255,36.2927939,Night,F,L,A,MYSE
151.909,8443,6/3/2015,5/31/2015,21:15:23,7,24.8,AH0,245,19.2054336,Night,F,L,A,MYSE
151.909,8443,6/3/2015,5/25/2015,21:15:25,7,32.7,AH0,255,36.2927939,Night,F,L,A,MYSE
151.909,8443,6/3/2015,5/31/2015,21:15:25,7,24.8,AH0,245,19.2054336,Night,F,L,A,MYSE
151.909,8443,6/3/2015,5/25/2015,21:15:27,7,32.7,AH0,254,36.2927939,Night,F,L,A,MYSE
151.909,8443,6/3/2015,5/31/2015,21:15:28,7,24.8,AH0,246,19.2054336,Night,F,L,A,MYSE
151.909,8443,6/3/2015,5/25/2015,21:15:29,7,32.7,AH0,253,36.2927939,Night,F,L,A,MYSE
151.909,8443,6/3/2015,5/31/2015,21:15:30,7,24.8,AH0,245,19.2054336,Night,F,L,A,MYSE
151.909,8443,6/3/2015,5/25/2015,21:15:44,7,32.6,AH0,254,36.1807608,Night,F,L,A,MYSE
151.909,8443,6/3/2015,5/31/2015,21:15:45,7,24.8,AH0,241,19.2054336,Night,F,L,A,MYSE
151.909,8443,6/3/2015,5/25/2015,21:15:46,7,32.6,AH0,254,36.1807608,Night,F,L,A,MYSE
151.909,8443,6/3/2015,5/25/2015,21:15:47,7,32.6,AH0,254,36.1807608,Night,F,L,A,MYSE
151.909,8443,6/3/2015,5/31/2015,21:15:47,7,24.8,AH0,245,19.2054336,Night,F,L,A,MYSE
151.909,8443,6/3/2015,5/25/2015,21:15:49,7,32.6,AH0,255,36.1807608,Night,F,L,A,MYSE
151.909,8443,6/3/2015,5/31/2015,21:15:49,7,24.8,AH0,245,19.2054336,Night,F,L,A,MYSE
151.909,8443,6/3/2015,5/25/2015,21:16:04,7,32.7,AH0,197,36.2927939,Night,F,L,A,MYSE
151.909,8443,6/3/2015,5/31/2015,21:16:04,7,24.8,AH0,244,19.2054336,Night,F,L,A,MYSE
151.909,8443,6/3/2015,5/25/2015,21:16:06,7,32.7,AH0,197,36.2927939,Night,F,L,A,MYSE
151.909,8443,6/3/2015,5/31/2015,21:16:06,7,24.8,AH0,246,19.2054336,Night,F,L,A,MYSE
151.909,8443,6/3/2015,5/25/2015,21:16:08,7,32.7,AH0,253,36.2927939,Night,F,L,A,MYSE
151.909,8443,6/3/2015,5/25/2015,21:16:09,7,32.7,AH0,253,36.2927939,Night,F,L,A,MYSE
151.909,8443,6/3/2015,5/31/2015,21:16:09,7,24.8,AH0,244,19.2054336,Night,F,L,A,MYSE
151.909,8443,6/3/2015,5/31/2015,21:16:23,7,24.8,AH0,244,19.2054336,Night,F,L,A,MYSE
151.909,8443,6/3/2015,5/25/2015,21:16:24,7,32.6,AH0,255,36.1807608,Night,F,L,A,MYSE
151.909,8443,6/3/2015,5/25/2015,21:16:26,7,32.6,AH0,253,36.1807608,Night,F,L,A,MYSE
151.909,8443,6/3/2015,5/31/2015,21:16:26,7,24.9,AH0,242,19.5458117,Night,F,L,A,MYSE
151.909,8443,6/3/2015,5/25/2015,21:16:28,7,32.5,AH0,254,36.0665625,Night,F,L,A,MYSE
151.909,8443,6/3/2015,5/31/2015,21:16:28,7,24.8,AH0,244,19.2054336,Night,F,L,A,MYSE
151.909,8443,6/3/2015,5/25/2015,21:16:30,7,32.5,AH0,254,36.0665625,Night,F,L,A,MYSE
151.909,8443,6/3/2015,5/25/2015,21:16:44,7,32.5,AH0,194,36.0665625,Night,F,L,A,MYSE
151.909,8443,6/3/2015,5/31/2015,21:16:45,7,24.9,AH0,245,19.5458117,Night,F,L,A,MYSE
151.909,8443,6/3/2015,5/25/2015,21:16:46,7,32.5,AH0,204,36.0665625,Night,F,L,A,MYSE
151.909,8443,6/3/2015,5/31/2015,21:16:47,7,24.9,AH0,245,19.5458117,Night,F,L,A,MYSE
151.909,8443,6/3/2015,5/25/2015,21:16:48,7,32.5,AH0,162,36.0665625,Night,F,L,A,MYSE
151.909,8443,6/3/2015,5/25/2015,21:16:50,7,32.5,AH0,232,36.0665625,Night,F,L,A,MYSE
151.909,8443,6/3/2015,5/31/2015,21:16:50,7,24.9,AH0,245,19.5458117,Night,F,L,A,MYSE
151.909,8443,6/3/2015,5/25/2015,21:17:03,7,32.3,AH0,252,35.8315911,Night,F,L,A,MYSE
151.909,8443,6/3/2015,5/31/2015,21:17:04,7,24.9,AH0,246,19.5458117,Night,F,L,A,MYSE
151.909,8443,6/3/2015,5/25/2015,21:17:05,7,32.3,AH0,208,35.8315911,Night,F,L,A,MYSE
151.909,8443,6/3/2015,5/25/2015,21:17:07,7,32.2,AH0,200,35.7107784,Night,F,L,A,MYSE
151.909,8443,6/3/2015,5/31/2015,21:17:07,7,24.8,AH0,246,19.2054336,Night,F,L,A,MYSE
151.909,8443,6/3/2015,5/25/2015,21:17:09,7,32.2,AH0,145,35.7107784,Night,F,L,A,MYSE
151.909,8443,6/3/2015,5/31/2015,21:17:09,7,24.9,AH0,245,19.5458117,Night,F,L,A,MYSE
151.909,8443,6/3/2015,5/25/2015,21:17:10,7,32.2,AH0,182,35.7107784,Night,F,L,A,MYSE
151.909,8443,6/3/2015,5/25/2015,21:17:23,7,32.1,AH0,238,35.5877213,Night,F,L,A,MYSE
151.909,8443,6/3/2015,5/31/2015,21:17:24,7,24.9,AH0,243,19.5458117,Night,F,L,A,MYSE
151.909,8443,6/3/2015,5/25/2015,21:17:25,7,32.1,AH0,234,35.5877213,Night,F,L,A,MYSE
151.909,8443,6/3/2015,5/31/2015,21:17:26,7,24.9,AH0,241,19.5458117,Night,F,L,A,MYSE
151.909,8443,6/3/2015,5/25/2015,21:17:27,7,32.1,AH0,234,35.5877213,Night,F,L,A,MYSE
151.909,8443,6/3/2015,5/31/2015,21:17:28,7,24.9,AH0,244,19.5458117,Night,F,L,A,MYSE
151.909,8443,6/3/2015,5/25/2015,21:17:29,7,32.1,AH0,231,35.5877213,Night,F,L,A,MYSE
151.909,8443,6/3/2015,5/31/2015,21:17:43,7,24.9,AH0,243,19.5458117,Night,F,L,A,MYSE
151.909,8443,6/3/2015,5/25/2015,21:17:44,7,31.9,AH0,172,35.3347947,Night,F,L,A,MYSE
151.909,8443,6/3/2015,5/31/2015,21:17:45,7,24.9,AH0,245,19.5458117,Night,F,L,A,MYSE
151.909,8443,6/3/2015,5/25/2015,21:17:46,7,31.9,AH0,207,35.3347947,Night,F,L,A,MYSE
151.909,8443,6/3/2015,5/25/2015,21:17:48,7,31.9,AH0,245,35.3347947,Night,F,L,A,MYSE
151.909,8443,6/3/2015,5/31/2015,21:17:48,7,24.9,AH0,246,19.5458117,Night,F,L,A,MYSE
151.909,8443,6/3/2015,5/25/2015,21:17:50,7,31.8,AH0,252,35.2048856,Night,F,L,A,MYSE
151.909,8443,6/3/2015,5/25/2015,21:18:03,7,31.8,AH0,153,35.2048856,Night,F,L,A,MYSE
151.909,8443,6/3/2015,5/25/2015,21:18:05,7,31.8,AH0,195,35.2048856,Night,F,L,A,MYSE
151.909,8443,6/3/2015,5/31/2015,21:18:05,7,24.9,AH0,244,19.5458117,Night,F,L,A,MYSE
151.909,8443,6/3/2015,5/25/2015,21:18:07,7,31.8,AH0,180,35.2048856,Night,F,L,A,MYSE
151.909,8443,6/3/2015,5/31/2015,21:18:07,7,24.9,AH0,247,19.5458117,Night,F,L,A,MYSE
151.909,8443,6/3/2015,5/25/2015,21:18:09,7,31.8,AH0,238,35.2048856,Night,F,L,A,MYSE
151.909,8443,6/3/2015,5/25/2015,21:18:10,7,31.8,AH0,253,35.2048856,Night,F,L,A,MYSE
151.909,8443,6/3/2015,5/31/2015,21:18:10,7,24.9,AH0,246,19.5458117,Night,F,L,A,MYSE
151.909,8443,6/3/2015,5/25/2015,21:18:24,7,31.7,AH0,241,35.0726529,Night,F,L,A,MYSE
151.909,8443,6/3/2015,5/31/2015,21:18:24,7,24.9,AH0,243,19.5458117,Night,F,L,A,MYSE
151.909,8443,6/3/2015,5/25/2015,21:18:26,7,31.7,AH0,229,35.0726529,Night,F,L,A,MYSE
151.909,8443,6/3/2015,5/31/2015,21:18:26,7,24.9,AH0,243,19.5458117,Night,F,L,A,MYSE
151.909,8443,6/3/2015,5/25/2015,21:18:27,7,31.7,AH0,157,35.0726529,Night,F,L,A,MYSE
151.909,8443,6/3/2015,5/25/2015,21:18:29,7,31.7,AH0,243,35.0726529,Night,F,L,A,MYSE
151.909,8443,6/3/2015,5/31/2015,21:18:29,7,24.9,AH0,247,19.5458117,Night,F,L,A,MYSE
151.909,8443,6/3/2015,5/25/2015,21:18:43,7,31.7,AH0,150,35.0726529,Night,F,L,A,MYSE
151.909,8443,6/3/2015,5/31/2015,21:18:43,7,24.9,AH0,246,19.5458117,Night,F,L,A,MYSE
151.909,8443,6/3/2015,5/25/2015,21:18:45,7,31.7,AH0,162,35.0726529,Night,F,L,A,MYSE
151.909,8443,6/3/2015,5/25/2015,21:18:46,7,31.7,AH0,152,35.0726529,Night,F,L,A,MYSE
151.909,8443,6/3/2015,5/31/2015,21:18:46,7,24.9,AH0,244,19.5458117,Night,F,L,A,MYSE
151.909,8443,6/3/2015,5/25/2015,21:18:48,7,31.7,AH0,231,35.0726529,Night,F,L,A,MYSE
151.909,8443,6/3/2015,5/31/2015,21:18:48,7,24.9,AH0,246,19.5458117,Night,F,L,A,MYSE
151.909,8443,6/3/2015,5/25/2015,21:18:50,7,31.7,AH0,250,35.0726529,Night,F,L,A,MYSE
151.909,8443,6/3/2015,5/31/2015,21:19:03,7,24.9,AH0,245,19.5458117,Night,F,L,A,MYSE
151.909,8443,6/3/2015,5/25/2015,21:19:04,7,31.5,AH0,176,34.8011375,Night,F,L,A,MYSE
151.909,8443,6/3/2015,5/25/2015,21:19:05,7,31.5,AH0,123,34.8011375,Night,F,L,A,MYSE
151.909,8443,6/3/2015,5/31/2015,21:19:05,7,24.9,AH0,245,19.5458117,Night,F,L,A,MYSE
151.909,8443,6/3/2015,5/25/2015,21:19:07,7,31.5,AH0,166,34.8011375,Night,F,L,A,MYSE
151.909,8443,6/3/2015,5/31/2015,21:19:07,7,24.9,AH0,245,19.5458117,Night,F,L,A,MYSE
151.909,8443,6/3/2015,5/25/2015,21:19:09,7,31.5,AH0,174,34.8011375,Night,F,L,A,MYSE
151.909,8443,6/3/2015,5/31/2015,21:19:10,7,24.9,AH0,243,19.5458117,Night,F,L,A,MYSE
151.909,8443,6/3/2015,5/25/2015,21:19:24,7,31.6,AH0,214,34.9380768,Night,F,L,A,MYSE
151.909,8443,6/3/2015,5/31/2015,21:19:24,7,24.9,AH0,244,19.5458117,Night,F,L,A,MYSE
151.909,8443,6/3/2015,5/25/2015,21:19:26,7,31.7,AH0,239,35.0726529,Night,F,L,A,MYSE
151.909,8443,6/3/2015,5/31/2015,21:19:27,7,24.9,AH0,245,19.5458117,Night,F,L,A,MYSE
151.909,8443,6/3/2015,5/25/2015,21:19:28,7,31.7,AH0,253,35.0726529,Night,F,L,A,MYSE
151.909,8443,6/3/2015,5/31/2015,21:19:29,7,24.9,AH0,247,19.5458117,Night,F,L,A,MYSE
151.909,8443,6/3/2015,5/25/2015,21:19:30,7,31.7,AH0,250,35.0726529,Night,F,L,A,MYSE
151.909,8443,6/3/2015,5/25/2015,21:19:43,7,31.7,AH0,101,35.0726529,Night,F,L,A,MYSE
151.909,8443,6/3/2015,5/31/2015,21:19:44,7,24.9,AH0,240,19.5458117,Night,F,L,A,MYSE
151.909,8443,6/3/2015,5/25/2015,21:19:45,7,31.7,AH0,209,35.0726529,Night,F,L,A,MYSE
151.909,8443,6/3/2015,5/31/2015,21:19:46,7,24.9,AH0,245,19.5458117,Night,F,L,A,MYSE
151.909,8443,6/3/2015,5/25/2015,21:19:47,7,31.7,AH0,224,35.0726529,Night,F,L,A,MYSE
151.909,8443,6/3/2015,5/31/2015,21:19:48,7,24.9,AH0,242,19.5458117,Night,F,L,A,MYSE
151.909,8443,6/3/2015,5/25/2015,21:19:49,7,31.6,AH0,240,34.9380768,Night,F,L,A,MYSE
151.909,8443,6/3/2015,5/31/2015,21:20:03,7,24.8,AH0,244,19.2054336,Night,F,L,A,MYSE
151.909,8443,6/3/2015,5/25/2015,21:20:04,7,31.6,AH0,195,34.9380768,Night,F,L,A,MYSE
151.909,8443,6/3/2015,5/31/2015,21:20:05,7,24.9,AH0,242,19.5458117,Night,F,L,A,MYSE
151.909,8443,6/3/2015,5/25/2015,21:20:06,7,31.6,AH0,254,34.9380768,Night,F,L,A,MYSE
151.909,8443,6/3/2015,5/25/2015,21:20:08,7,31.6,AH0,252,34.9380768,Night,F,L,A,MYSE
151.909,8443,6/3/2015,5/31/2015,21:20:08,7,24.8,AH0,245,19.2054336,Night,F,L,A,MYSE
151.909,8443,6/3/2015,5/25/2015,21:20:10,7,31.6,AH0,255,34.9380768,Night,F,L,A,MYSE
151.909,8443,6/3/2015,5/25/2015,21:20:23,7,31.7,AH0,247,35.0726529,Night,F,L,A,MYSE
151.909,8443,6/3/2015,5/25/2015,21:20:25,7,31.7,AH0,245,35.0726529,Night,F,L,A,MYSE
151.909,8443,6/3/2015,5/31/2015,21:20:25,7,24.9,AH0,244,19.5458117,Night,F,L,A,MYSE
151.909,8443,6/3/2015,5/25/2015,21:20:27,7,31.7,AH0,235,35.0726529,Night,F,L,A,MYSE
151.909,8443,6/3/2015,5/31/2015,21:20:27,7,24.9,AH0,243,19.5458117,Night,F,L,A,MYSE
151.909,8443,6/3/2015,5/25/2015,21:20:29,7,31.7,AH0,208,35.0726529,Night,F,L,A,MYSE
151.909,8443,6/3/2015,5/31/2015,21:20:30,7,24.9,AH0,242,19.5458117,Night,F,L,A,MYSE
151.909,8443,6/3/2015,5/25/2015,21:20:44,7,31.9,AH0,211,35.3347947,Night,F,L,A,MYSE
151.909,8443,6/3/2015,5/31/2015,21:20:44,7,24.9,AH0,245,19.5458117,Night,F,L,A,MYSE
151.909,8443,6/3/2015,5/25/2015,21:20:46,7,31.8,AH0,203,35.2048856,Night,F,L,A,MYSE
151.909,8443,6/3/2015,5/31/2015,21:20:46,7,24.9,AH0,243,19.5458117,Night,F,L,A,MYSE
151.909,8443,6/3/2015,5/25/2015,21:20:48,7,31.8,AH0,210,35.2048856,Night,F,L,A,MYSE
151.909,8443,6/3/2015,5/31/2015,21:20:49,7,24.8,AH0,243,19.2054336,Night,F,L,A,MYSE
151.909,8443,6/3/2015,5/25/2015,21:20:50,7,31.8,AH0,204,35.2048856,Night,F,L,A,MYSE
151.909,8443,6/3/2015,5/25/2015,21:21:03,7,31.7,AH0,232,35.0726529,Night,F,L,A,MYSE
151.909,8443,6/3/2015,5/31/2015,21:21:03,7,24.9,AH0,245,19.5458117,Night,F,L,A,MYSE
151.909,8443,6/3/2015,5/25/2015,21:21:05,7,31.7,AH0,216,35.0726529,Night,F,L,A,MYSE
151.909,8443,6/3/2015,5/31/2015,21:21:06,7,24.9,AH0,244,19.5458117,Night,F,L,A,MYSE
151.909,8443,6/3/2015,5/25/2015,21:21:07,7,31.7,AH0,230,35.0726529,Night,F,L,A,MYSE
151.909,8443,6/3/2015,5/31/2015,21:21:08,7,24.8,AH0,244,19.2054336,Night,F,L,A,MYSE
151.909,8443,6/3/2015,5/25/2015,21:21:09,7,31.7,AH0,208,35.0726529,Night,F,L,A,MYSE
151.909,8443,6/3/2015,5/25/2015,21:21:10,7,31.7,AH0,162,35.0726529,Night,F,L,A,MYSE
151.909,8443,6/3/2015,5/31/2015,21:21:23,7,24.8,AH0,243,19.2054336,Night,F,L,A,MYSE
151.909,8443,6/3/2015,5/25/2015,21:21:24,7,31.8,AH0,236,35.2048856,Night,F,L,A,MYSE
151.909,8443,6/3/2015,5/31/2015,21:21:25,7,24.8,AH0,244,19.2054336,Night,F,L,A,MYSE
151.909,8443,6/3/2015,5/25/2015,21:21:26,7,31.8,AH0,210,35.2048856,Night,F,L,A,MYSE
151.909,8443,6/3/2015,5/25/2015,21:21:27,7,31.8,AH0,187,35.2048856,Night,F,L,A,MYSE
151.909,8443,6/3/2015,5/31/2015,21:21:27,7,24.8,AH0,245,19.2054336,Night,F,L,A,MYSE
151.909,8443,6/3/2015,5/25/2015,21:21:29,7,31.8,AH0,208,35.2048856,Night,F,L,A,MYSE
151.909,8443,6/3/2015,5/31/2015,21:21:30,7,24.8,AH0,244,19.2054336,Night,F,L,A,MYSE
151.909,8443,6/3/2015,5/25/2015,21:21:44,7,31.9,AH0,179,35.3347947,Night,F,L,A,MYSE
151.909,8443,6/3/2015,5/31/2015,21:21:44,7,24.8,AH0,245,19.2054336,Night,F,L,A,MYSE
151.909,8443,6/3/2015,5/25/2015,21:21:46,7,31.9,AH0,161,35.3347947,Night,F,L,A,MYSE
151.909,8443,6/3/2015,5/31/2015,21:21:47,7,24.8,AH0,244,19.2054336,Night,F,L,A,MYSE
151.909,8443,6/3/2015,5/25/2015,21:21:48,7,31.9,AH0,144,35.3347947,Night,F,L,A,MYSE
151.909,8443,6/3/2015,5/31/2015,21:21:49,7,24.8,AH0,246,19.2054336,Night,F,L,A,MYSE
151.909,8443,6/3/2015,5/25/2015,21:21:50,7,31.9,AH0,219,35.3347947,Night,F,L,A,MYSE
151.909,8443,6/3/2015,5/25/2015,21:22:03,7,32,AH0,227,35.4624,Night,F,L,A,MYSE
151.909,8443,6/3/2015,5/31/2015,21:22:04,7,24.8,AH0,246,19.2054336,Night,F,L,A,MYSE
151.909,8443,6/3/2015,5/25/2015,21:22:05,7,32,AH0,228,35.4624,Night,F,L,A,MYSE
151.909,8443,6/3/2015,5/31/2015,21:22:06,7,24.8,AH0,245,19.2054336,Night,F,L,A,MYSE
151.909,8443,6/3/2015,5/25/2015,21:22:07,7,32.1,AH0,230,35.5877213,Night,F,L,A,MYSE
151.909,8443,6/3/2015,5/25/2015,21:22:09,7,32.1,AH0,226,35.5877213,Night,F,L,A,MYSE
151.909,8443,6/3/2015,5/31/2015,21:22:09,7,24.8,AH0,240,19.2054336,Night,F,L,A,MYSE
151.909,8443,6/3/2015,5/31/2015,21:22:23,7,24.8,AH0,245,19.2054336,Night,F,L,A,MYSE
151.909,8443,6/3/2015,5/25/2015,21:22:24,7,32.1,AH0,230,35.5877213,Night,F,L,A,MYSE
151.909,8443,6/3/2015,5/31/2015,21:22:25,7,24.8,AH0,245,19.2054336,Night,F,L,A,MYSE
151.909,8443,6/3/2015,5/25/2015,21:22:26,7,32,AH0,226,35.4624,Night,F,L,A,MYSE
151.909,8443,6/3/2015,5/25/2015,21:22:27,7,32,AH0,245,35.4624,Night,F,L,A,MYSE
151.909,8443,6/3/2015,5/31/2015,21:22:28,7,24.9,AH0,244,19.5458117,Night,F,L,A,MYSE
151.909,8443,6/3/2015,5/25/2015,21:22:29,7,32,AH0,236,35.4624,Night,F,L,A,MYSE
151.909,8443,6/3/2015,5/25/2015,21:22:44,7,32,AH0,254,35.4624,Night,F,L,A,MYSE
151.909,8443,6/3/2015,5/31/2015,21:22:45,7,24.9,AH0,245,19.5458117,Night,F,L,A,MYSE
151.909,8443,6/3/2015,5/25/2015,21:22:46,7,32,AH0,242,35.4624,Night,F,L,A,MYSE
151.909,8443,6/3/2015,5/31/2015,21:22:47,7,24.8,AH0,245,19.2054336,Night,F,L,A,MYSE
151.909,8443,6/3/2015,5/25/2015,21:22:48,7,32,AH0,254,35.4624,Night,F,L,A,MYSE
151.909,8443,6/3/2015,5/25/2015,21:22:50,7,32,AH0,252,35.4624,Night,F,L,A,MYSE
151.909,8443,6/3/2015,5/31/2015,21:22:50,7,24.9,AH0,247,19.5458117,Night,F,L,A,MYSE
151.909,8443,6/3/2015,5/25/2015,21:23:03,7,31.9,AH0,239,35.3347947,Night,F,L,A,MYSE
151.909,8443,6/3/2015,5/31/2015,21:23:04,7,24.8,AH0,247,19.2054336,Night,F,L,A,MYSE
151.909,8443,6/3/2015,5/25/2015,21:23:05,7,32,AH0,198,35.4624,Night,F,L,A,MYSE
151.909,8443,6/3/2015,5/25/2015,21:23:07,7,32,AH0,115,35.4624,Night,F,L,A,MYSE
151.909,8443,6/3/2015,5/31/2015,21:23:07,7,24.9,AH0,241,19.5458117,Night,F,L,A,MYSE
151.909,8443,6/3/2015,5/25/2015,21:23:09,7,32,AH0,180,35.4624,Night,F,L,A,MYSE
151.909,8443,6/3/2015,5/31/2015,21:23:09,7,24.8,AH0,246,19.2054336,Night,F,L,A,MYSE
151.909,8443,6/3/2015,5/31/2015,21:23:23,7,24.8,AH0,243,19.2054336,Night,F,L,A,MYSE
151.909,8443,6/3/2015,5/25/2015,21:23:24,7,32.1,AH0,211,35.5877213,Night,F,L,A,MYSE
151.909,8443,6/3/2015,5/25/2015,21:23:26,7,32.1,AH0,195,35.5877213,Night,F,L,A,MYSE
151.909,8443,6/3/2015,5/31/2015,21:23:26,7,24.8,AH0,248,19.2054336,Night,F,L,A,MYSE
151.909,8443,6/3/2015,5/25/2015,21:23:27,7,32.1,AH0,162,35.5877213,Night,F,L,A,MYSE
151.909,8443,6/3/2015,5/31/2015,21:23:28,7,24.8,AH0,245,19.2054336,Night,F,L,A,MYSE
151.909,8443,6/3/2015,5/25/2015,21:23:29,7,32.1,AH0,185,35.5877213,Night,F,L,A,MYSE
151.909,8443,6/3/2015,5/31/2015,21:23:43,7,24.8,AH0,249,19.2054336,Night,F,L,A,MYSE
151.909,8443,6/3/2015,5/25/2015,21:23:44,7,32.2,AH0,255,35.7107784,Night,F,L,A,MYSE
151.909,8443,6/3/2015,5/31/2015,21:23:45,7,24.8,AH0,246,19.2054336,Night,F,L,A,MYSE
151.909,8443,6/3/2015,5/25/2015,21:23:46,7,32.2,AH0,198,35.7107784,Night,F,L,A,MYSE
151.909,8443,6/3/2015,5/25/2015,21:23:48,7,32.2,AH0,205,35.7107784,Night,F,L,A,MYSE
151.909,8443,6/3/2015,5/31/2015,21:23:48,7,24.8,AH0,247,19.2054336,Night,F,L,A,MYSE
151.909,8443,6/3/2015,5/25/2015,21:23:50,7,32.2,AH0,216,35.7107784,Night,F,L,A,MYSE
151.909,8443,6/3/2015,5/31/2015,21:23:50,7,24.8,AH0,246,19.2054336,Night,F,L,A,MYSE
151.909,8443,6/3/2015,5/25/2015,21:24:03,7,32.2,AH0,201,35.7107784,Night,F,L,A,MYSE
151.909,8443,6/3/2015,5/25/2015,21:24:05,7,32.1,AH0,195,35.5877213,Night,F,L,A,MYSE
151.909,8443,6/3/2015,5/31/2015,21:24:05,7,24.8,AH0,244,19.2054336,Night,F,L,A,MYSE
151.909,8443,6/3/2015,5/25/2015,21:24:07,7,32.1,AH0,192,35.5877213,Night,F,L,A,MYSE
151.909,8443,6/3/2015,5/31/2015,21:24:07,7,24.8,AH0,246,19.2054336,Night,F,L,A,MYSE
151.909,8443,6/3/2015,5/25/2015,21:24:09,7,32.1,AH0,224,35.5877213,Night,F,L,A,MYSE
151.909,8443,6/3/2015,5/31/2015,21:24:09,7,24.8,AH0,248,19.2054336,Night,F,L,A,MYSE
151.909,8443,6/3/2015,5/25/2015,21:24:10,7,32.1,AH0,249,35.5877213,Night,F,L,A,MYSE
151.909,8443,6/3/2015,5/25/2015,21:24:23,7,32.1,AH0,161,35.5877213,Night,F,L,A,MYSE
151.909,8443,6/3/2015,5/31/2015,21:24:24,7,24.8,AH0,246,19.2054336,Night,F,L,A,MYSE
151.909,8443,6/3/2015,5/25/2015,21:24:25,7,32.2,AH0,129,35.7107784,Night,F,L,A,MYSE
151.909,8443,6/3/2015,5/31/2015,21:24:26,7,24.8,AH0,246,19.2054336,Night,F,L,A,MYSE
151.909,8443,6/3/2015,5/25/2015,21:24:27,7,32.2,AH0,155,35.7107784,Night,F,L,A,MYSE
151.909,8443,6/3/2015,5/25/2015,21:24:29,7,32.1,AH0,140,35.5877213,Night,F,L,A,MYSE
151.909,8443,6/3/2015,5/31/2015,21:24:29,7,24.8,AH0,246,19.2054336,Night,F,L,A,MYSE
151.909,8443,6/3/2015,5/31/2015,21:24:43,7,24.8,AH0,246,19.2054336,Night,F,L,A,MYSE
151.909,8443,6/3/2015,5/25/2015,21:24:44,7,32.1,AH0,201,35.5877213,Night,F,L,A,MYSE
151.909,8443,6/3/2015,5/25/2015,21:24:46,7,32,AH0,205,35.4624,Night,F,L,A,MYSE
151.909,8443,6/3/2015,5/31/2015,21:24:46,7,24.8,AH0,245,19.2054336,Night,F,L,A,MYSE
151.909,8443,6/3/2015,5/25/2015,21:24:48,7,32,AH0,169,35.4624,Night,F,L,A,MYSE
151.909,8443,6/3/2015,5/31/2015,21:24:48,7,24.8,AH0,244,19.2054336,Night,F,L,A,MYSE
151.909,8443,6/3/2015,5/25/2015,21:24:50,7,31.9,AH0,235,35.3347947,Night,F,L,A,MYSE
151.909,8443,6/3/2015,5/25/2015,21:25:03,7,31.8,AH0,160,35.2048856,Night,F,L,A,MYSE
151.909,8443,6/3/2015,5/31/2015,21:25:03,7,24.8,AH0,248,19.2054336,Night,F,L,A,MYSE
151.909,8443,6/3/2015,5/25/2015,21:25:05,7,31.8,AH0,156,35.2048856,Night,F,L,A,MYSE
151.909,8443,6/3/2015,5/31/2015,21:25:05,7,24.8,AH0,241,19.2054336,Night,F,L,A,MYSE
151.909,8443,6/3/2015,5/25/2015,21:25:07,7,31.8,AH0,158,35.2048856,Night,F,L,A,MYSE
151.909,8443,6/3/2015,5/31/2015,21:25:07,7,24.8,AH0,245,19.2054336,Night,F,L,A,MYSE
151.909,8443,6/3/2015,5/25/2015,21:25:09,7,31.8,AH0,205,35.2048856,Night,F,L,A,MYSE
151.909,8443,6/3/2015,5/25/2015,21:25:10,7,31.9,AH0,237,35.3347947,Night,F,L,A,MYSE
151.909,8443,6/3/2015,5/31/2015,21:25:10,7,24.8,AH0,247,19.2054336,Night,F,L,A,MYSE
151.909,8443,6/3/2015,5/25/2015,21:25:24,7,31.9,AH0,216,35.3347947,Night,F,L,A,MYSE
151.909,8443,6/3/2015,5/31/2015,21:25:24,7,24.8,AH0,248,19.2054336,Night,F,L,A,MYSE
151.909,8443,6/3/2015,5/25/2015,21:25:25,7,32,AH0,188,35.4624,Night,F,L,A,MYSE
151.909,8443,6/3/2015,5/25/2015,21:25:27,7,32,AH0,202,35.4624,Night,F,L,A,MYSE
151.909,8443,6/3/2015,5/31/2015,21:25:27,7,24.8,AH0,247,19.2054336,Night,F,L,A,MYSE
151.909,8443,6/3/2015,5/25/2015,21:25:29,7,32.1,AH0,198,35.5877213,Night,F,L,A,MYSE
151.909,8443,6/3/2015,5/31/2015,21:25:29,7,24.8,AH0,247,19.2054336,Night,F,L,A,MYSE
151.909,8443,6/3/2015,5/25/2015,21:25:44,7,32.2,AH0,174,35.7107784,Night,F,L,A,MYSE
151.909,8443,6/3/2015,5/31/2015,21:25:44,7,24.8,AH0,246,19.2054336,Night,F,L,A,MYSE
151.909,8443,6/3/2015,5/25/2015,21:25:46,7,32.2,AH0,213,35.7107784,Night,F,L,A,MYSE
151.909,8443,6/3/2015,5/31/2015,21:25:46,7,24.8,AH0,246,19.2054336,Night,F,L,A,MYSE
151.909,8443,6/3/2015,5/25/2015,21:25:48,7,32.2,AH0,157,35.7107784,Night,F,L,A,MYSE
151.909,8443,6/3/2015,5/31/2015,21:25:49,7,24.8,AH0,244,19.2054336,Night,F,L,A,MYSE
151.909,8443,6/3/2015,5/25/2015,21:25:50,7,32.2,AH0,177,35.7107784,Night,F,L,A,MYSE
151.909,8443,6/3/2015,5/25/2015,21:26:03,7,32.8,AH0,247,36.4026816,Night,F,L,A,MYSE
151.909,8443,6/3/2015,5/31/2015,21:26:03,7,24.8,AH0,245,19.2054336,Night,F,L,A,MYSE
151.909,8443,6/3/2015,5/25/2015,21:26:05,7,32.5,AH0,222,36.0665625,Night,F,L,A,MYSE
151.909,8443,6/3/2015,5/25/2015,21:26:06,7,32.6,AH0,142,36.1807608,Night,F,L,A,MYSE
151.909,8443,6/3/2015,5/31/2015,21:26:06,7,24.8,AH0,247,19.2054336,Night,F,L,A,MYSE
151.909,8443,6/3/2015,5/25/2015,21:26:08,7,32.6,AH0,240,36.1807608,Night,F,L,A,MYSE
151.909,8443,6/3/2015,5/31/2015,21:26:08,7,24.8,AH0,245,19.2054336,Night,F,L,A,MYSE
151.909,8443,6/3/2015,5/25/2015,21:26:10,7,32.6,AH0,221,36.1807608,Night,F,L,A,MYSE
151.909,8443,6/3/2015,5/25/2015,21:26:23,7,32.8,AH0,222,36.4026816,Night,F,L,A,MYSE
151.909,8443,6/3/2015,5/31/2015,21:26:23,7,24.8,AH0,245,19.2054336,Night,F,L,A,MYSE
151.909,8443,6/3/2015,5/25/2015,21:26:25,7,32.8,AH0,224,36.4026816,Night,F,L,A,MYSE
151.909,8443,6/3/2015,5/31/2015,21:26:25,7,24.8,AH0,246,19.2054336,Night,F,L,A,MYSE
151.909,8443,6/3/2015,5/25/2015,21:26:27,7,32.8,AH0,222,36.4026816,Night,F,L,A,MYSE
151.909,8443,6/3/2015,5/31/2015,21:26:27,7,24.8,AH0,248,19.2054336,Night,F,L,A,MYSE
151.909,8443,6/3/2015,5/25/2015,21:26:28,7,32.8,AH0,182,36.4026816,Night,F,L,A,MYSE
151.909,8443,6/3/2015,5/25/2015,21:26:30,7,32.8,AH0,227,36.4026816,Night,F,L,A,MYSE
151.909,8443,6/3/2015,5/31/2015,21:26:30,7,24.8,AH0,245,19.2054336,Night,F,L,A,MYSE
151.909,8443,6/3/2015,5/31/2015,21:26:44,7,24.8,AH0,245,19.2054336,Night,F,L,A,MYSE
151.909,8443,6/3/2015,5/31/2015,21:26:47,7,24.8,AH0,246,19.2054336,Night,F,L,A,MYSE
151.909,8443,6/3/2015,5/31/2015,21:26:49,7,24.8,AH0,243,19.2054336,Night,F,L,A,MYSE
151.909,8443,6/3/2015,5/31/2015,21:27:04,7,24.8,AH0,246,19.2054336,Night,F,L,A,MYSE
151.909,8443,6/3/2015,5/31/2015,21:27:06,7,24.8,AH0,244,19.2054336,Night,F,L,A,MYSE
151.909,8443,6/3/2015,5/31/2015,21:27:08,7,24.8,AH0,247,19.2054336,Night,F,L,A,MYSE
151.909,8443,6/3/2015,5/31/2015,21:27:23,7,24.8,AH0,247,19.2054336,Night,F,L,A,MYSE
151.909,8443,6/3/2015,5/31/2015,21:27:25,7,24.8,AH0,245,19.2054336,Night,F,L,A,MYSE
151.909,8443,6/3/2015,5/31/2015,21:27:28,7,24.8,AH0,245,19.2054336,Night,F,L,A,MYSE
151.909,8443,6/3/2015,5/31/2015,21:27:45,7,24.8,AH0,243,19.2054336,Night,F,L,A,MYSE
151.909,8443,6/3/2015,5/31/2015,21:27:47,7,24.8,AH0,246,19.2054336,Night,F,L,A,MYSE
151.909,8443,6/3/2015,5/31/2015,21:27:50,7,24.8,AH0,246,19.2054336,Night,F,L,A,MYSE
151.909,8443,6/3/2015,5/31/2015,21:28:04,7,24.8,AH0,245,19.2054336,Night,F,L,A,MYSE
151.909,8443,6/3/2015,5/31/2015,21:28:07,7,24.8,AH0,245,19.2054336,Night,F,L,A,MYSE
151.909,8443,6/3/2015,5/31/2015,21:28:09,7,24.8,AH0,245,19.2054336,Night,F,L,A,MYSE
151.909,8443,6/3/2015,5/31/2015,21:28:23,7,24.8,AH0,244,19.2054336,Night,F,L,A,MYSE
151.909,8443,6/3/2015,5/31/2015,21:28:26,7,24.8,AH0,244,19.2054336,Night,F,L,A,MYSE
151.909,8443,6/3/2015,5/31/2015,21:28:28,7,24.8,AH0,243,19.2054336,Night,F,L,A,MYSE
151.909,8443,6/3/2015,5/31/2015,21:28:43,7,24.8,AH0,246,19.2054336,Night,F,L,A,MYSE
151.909,8443,6/3/2015,5/31/2015,21:28:45,7,24.8,AH0,247,19.2054336,Night,F,L,A,MYSE
151.909,8443,6/3/2015,5/31/2015,21:28:48,7,24.8,AH0,247,19.2054336,Night,F,L,A,MYSE
151.909,8443,6/3/2015,5/31/2015,21:29:05,7,24.8,AH0,245,19.2054336,Night,F,L,A,MYSE
151.909,8443,6/3/2015,5/31/2015,21:29:07,7,24.8,AH0,244,19.2054336,Night,F,L,A,MYSE
151.909,8443,6/3/2015,5/31/2015,21:29:09,7,24.8,AH0,245,19.2054336,Night,F,L,A,MYSE
151.909,8443,6/3/2015,5/31/2015,21:29:24,7,24.8,AH0,242,19.2054336,Night,F,L,A,MYSE
151.909,8443,6/3/2015,5/31/2015,21:29:26,7,24.8,AH0,244,19.2054336,Night,F,L,A,MYSE
151.909,8443,6/3/2015,5/31/2015,21:29:29,7,24.8,AH0,244,19.2054336,Night,F,L,A,MYSE
151.909,8443,6/3/2015,5/31/2015,21:29:43,7,24.8,AH0,244,19.2054336,Night,F,L,A,MYSE
151.909,8443,6/3/2015,5/31/2015,21:29:46,7,24.8,AH0,243,19.2054336,Night,F,L,A,MYSE
151.909,8443,6/3/2015,5/31/2015,21:29:48,7,24.8,AH0,245,19.2054336,Night,F,L,A,MYSE
151.909,8443,6/3/2015,5/31/2015,21:30:03,7,24.8,AH0,244,19.2054336,Night,F,L,A,MYSE
151.909,8443,6/3/2015,5/31/2015,21:30:05,7,24.8,AH0,248,19.2054336,Night,F,L,A,MYSE
151.909,8443,6/3/2015,5/31/2015,21:30:08,7,24.8,AH0,246,19.2054336,Night,F,L,A,MYSE
151.909,8443,6/3/2015,5/31/2015,21:30:10,7,24.8,AH0,246,19.2054336,Night,F,L,A,MYSE
151.909,8443,6/3/2015,5/31/2015,21:30:24,7,24.8,AH0,246,19.2054336,Night,F,L,A,MYSE
151.909,8443,6/3/2015,5/31/2015,21:30:27,7,24.8,AH0,244,19.2054336,Night,F,L,A,MYSE
151.909,8443,6/3/2015,5/31/2015,21:30:29,7,24.8,AH0,247,19.2054336,Night,F,L,A,MYSE
151.909,8443,6/3/2015,5/31/2015,21:30:44,7,24.8,AH0,246,19.2054336,Night,F,L,A,MYSE
151.909,8443,6/3/2015,5/31/2015,21:30:46,7,24.8,AH0,246,19.2054336,Night,F,L,A,MYSE
151.909,8443,6/3/2015,5/31/2015,21:30:49,7,24.8,AH0,247,19.2054336,Night,F,L,A,MYSE
151.909,8443,6/3/2015,5/31/2015,21:31:03,7,24.8,AH0,243,19.2054336,Night,F,L,A,MYSE
151.909,8443,6/3/2015,5/31/2015,21:31:06,7,24.8,AH0,244,19.2054336,Night,F,L,A,MYSE
151.909,8443,6/3/2015,5/31/2015,21:31:08,7,24.8,AH0,245,19.2054336,Night,F,L,A,MYSE
151.909,8443,6/3/2015,5/31/2015,21:31:22,7,24.8,AH0,244,19.2054336,Night,F,L,A,MYSE
151.909,8443,6/3/2015,5/31/2015,21:31:25,7,24.9,AH0,245,19.5458117,Night,F,L,A,MYSE
151.909,8443,6/3/2015,5/31/2015,21:31:27,7,24.8,AH0,242,19.2054336,Night,F,L,A,MYSE
151.909,8443,6/3/2015,5/31/2015,21:31:30,7,24.9,AH0,246,19.5458117,Night,F,L,A,MYSE
151.909,8443,6/3/2015,5/31/2015,21:31:44,7,24.9,AH0,246,19.5458117,Night,F,L,A,MYSE
151.909,8443,6/3/2015,5/31/2015,21:31:47,7,24.9,AH0,245,19.5458117,Night,F,L,A,MYSE
151.909,8443,6/3/2015,5/31/2015,21:31:49,7,24.9,AH0,245,19.5458117,Night,F,L,A,MYSE
151.909,8443,6/3/2015,5/31/2015,21:32:03,7,24.9,AH0,242,19.5458117,Night,F,L,A,MYSE
151.909,8443,6/3/2015,5/31/2015,21:32:06,7,24.9,AH0,245,19.5458117,Night,F,L,A,MYSE
151.909,8443,6/3/2015,5/31/2015,21:32:08,7,24.9,AH0,243,19.5458117,Night,F,L,A,MYSE
151.909,8443,6/3/2015,5/31/2015,21:32:23,7,24.9,AH0,247,19.5458117,Night,F,L,A,MYSE
151.909,8443,6/3/2015,5/31/2015,21:32:25,7,24.9,AH0,246,19.5458117,Night,F,L,A,MYSE
151.909,8443,6/3/2015,5/31/2015,21:32:28,7,24.9,AH0,244,19.5458117,Night,F,L,A,MYSE
151.909,8443,6/3/2015,5/31/2015,21:32:44,7,24.9,AH0,243,19.5458117,Night,F,L,A,MYSE
151.909,8443,6/3/2015,5/31/2015,21:32:47,7,24.9,AH0,245,19.5458117,Night,F,L,A,MYSE
151.909,8443,6/3/2015,5/31/2015,21:32:49,7,24.9,AH0,245,19.5458117,Night,F,L,A,MYSE
151.909,8443,6/3/2015,5/31/2015,21:33:04,7,24.9,AH0,243,19.5458117,Night,F,L,A,MYSE
151.909,8443,6/3/2015,5/31/2015,21:33:06,7,24.9,AH0,244,19.5458117,Night,F,L,A,MYSE
151.909,8443,6/3/2015,5/31/2015,21:33:09,7,24.9,AH0,243,19.5458117,Night,F,L,A,MYSE
151.909,8443,6/3/2015,5/31/2015,21:33:23,7,24.9,AH0,243,19.5458117,Night,F,L,A,MYSE
151.909,8443,6/3/2015,5/31/2015,21:33:26,7,24.8,AH0,245,19.2054336,Night,F,L,A,MYSE
151.909,8443,6/3/2015,5/31/2015,21:33:28,7,24.9,AH0,245,19.5458117,Night,F,L,A,MYSE
151.909,8443,6/3/2015,5/31/2015,21:33:42,7,24.9,AH0,244,19.5458117,Night,F,L,A,MYSE
151.909,8443,6/3/2015,5/31/2015,21:33:45,7,24.8,AH0,242,19.2054336,Night,F,L,A,MYSE
151.909,8443,6/3/2015,5/31/2015,21:33:47,7,24.8,AH0,242,19.2054336,Night,F,L,A,MYSE
151.909,8443,6/3/2015,5/31/2015,21:33:50,7,24.8,AH0,244,19.2054336,Night,F,L,A,MYSE
151.909,8443,6/3/2015,5/31/2015,21:34:04,7,24.8,AH0,245,19.2054336,Night,F,L,A,MYSE
151.909,8443,6/3/2015,5/31/2015,21:34:07,7,24.8,AH0,244,19.2054336,Night,F,L,A,MYSE
151.909,8443,6/3/2015,5/31/2015,21:34:09,7,24.8,AH0,244,19.2054336,Night,F,L,A,MYSE
151.909,8443,6/3/2015,5/31/2015,21:34:24,7,24.8,AH0,242,19.2054336,Night,F,L,A,MYSE
151.909,8443,6/3/2015,5/31/2015,21:34:26,7,24.8,AH0,245,19.2054336,Night,F,L,A,MYSE
151.909,8443,6/3/2015,5/31/2015,21:34:28,7,24.8,AH0,244,19.2054336,Night,F,L,A,MYSE
151.909,8443,6/3/2015,5/31/2015,21:34:43,7,24.8,AH0,245,19.2054336,Night,F,L,A,MYSE
151.909,8443,6/3/2015,5/31/2015,21:34:45,7,24.8,AH0,244,19.2054336,Night,F,L,A,MYSE
151.909,8443,6/3/2015,5/31/2015,21:34:48,7,24.8,AH0,242,19.2054336,Night,F,L,A,MYSE
151.909,8443,6/3/2015,5/31/2015,21:35:05,7,24.8,AH0,245,19.2054336,Night,F,L,A,MYSE
151.909,8443,6/3/2015,5/31/2015,21:35:07,7,24.8,AH0,245,19.2054336,Night,F,L,A,MYSE
151.909,8443,6/3/2015,5/31/2015,21:35:10,7,24.8,AH0,244,19.2054336,Night,F,L,A,MYSE
151.909,8443,6/3/2015,5/31/2015,21:35:24,7,24.8,AH0,244,19.2054336,Night,F,L,A,MYSE
151.909,8443,6/3/2015,5/31/2015,21:35:26,7,24.8,AH0,243,19.2054336,Night,F,L,A,MYSE
151.909,8443,6/3/2015,5/31/2015,21:35:29,7,24.8,AH0,245,19.2054336,Night,F,L,A,MYSE
151.909,8443,6/3/2015,5/31/2015,21:35:43,7,24.8,AH0,246,19.2054336,Night,F,L,A,MYSE
151.909,8443,6/3/2015,5/31/2015,21:35:46,7,24.8,AH0,243,19.2054336,Night,F,L,A,MYSE
151.909,8443,6/3/2015,5/31/2015,21:35:48,7,24.8,AH0,246,19.2054336,Night,F,L,A,MYSE
151.909,8443,6/3/2015,5/31/2015,21:36:03,7,24.8,AH0,244,19.2054336,Night,F,L,A,MYSE
151.909,8443,6/3/2015,5/31/2015,21:36:05,7,24.8,AH0,242,19.2054336,Night,F,L,A,MYSE
151.909,8443,6/3/2015,5/31/2015,21:36:08,7,24.8,AH0,240,19.2054336,Night,F,L,A,MYSE
151.909,8443,6/3/2015,5/31/2015,21:36:25,7,24.8,AH0,244,19.2054336,Night,F,L,A,MYSE
151.909,8443,6/3/2015,5/31/2015,21:36:27,7,24.8,AH0,244,19.2054336,Night,F,L,A,MYSE
151.909,8443,6/3/2015,5/31/2015,21:36:29,7,24.8,AH0,244,19.2054336,Night,F,L,A,MYSE
151.909,8443,6/3/2015,5/31/2015,21:36:44,7,24.8,AH0,243,19.2054336,Night,F,L,A,MYSE
151.909,8443,6/3/2015,5/31/2015,21:36:46,7,24.8,AH0,246,19.2054336,Night,F,L,A,MYSE
151.909,8443,6/3/2015,5/31/2015,21:36:49,7,24.8,AH0,245,19.2054336,Night,F,L,A,MYSE
151.909,8443,6/3/2015,5/31/2015,21:37:03,7,24.8,AH0,243,19.2054336,Night,F,L,A,MYSE
151.909,8443,6/3/2015,5/31/2015,21:37:06,7,24.8,AH0,246,19.2054336,Night,F,L,A,MYSE
151.909,8443,6/3/2015,5/31/2015,21:37:08,7,24.8,AH0,246,19.2054336,Night,F,L,A,MYSE
151.909,8443,6/3/2015,5/31/2015,21:37:23,7,24.8,AH0,243,19.2054336,Night,F,L,A,MYSE
151.909,8443,6/3/2015,5/31/2015,21:37:25,7,24.8,AH0,245,19.2054336,Night,F,L,A,MYSE
151.909,8443,6/3/2015,5/31/2015,21:37:27,7,24.8,AH0,246,19.2054336,Night,F,L,A,MYSE
151.909,8443,6/3/2015,5/31/2015,21:37:30,7,24.8,AH0,244,19.2054336,Night,F,L,A,MYSE
151.909,8443,6/3/2015,5/31/2015,21:37:44,7,24.8,AH0,245,19.2054336,Night,F,L,A,MYSE
151.909,8443,6/3/2015,5/31/2015,21:37:47,7,24.8,AH0,247,19.2054336,Night,F,L,A,MYSE
151.909,8443,6/3/2015,5/31/2015,21:37:49,7,24.8,AH0,244,19.2054336,Night,F,L,A,MYSE
151.909,8443,6/3/2015,5/31/2015,21:38:04,7,24.8,AH0,245,19.2054336,Night,F,L,A,MYSE
151.909,8443,6/3/2015,5/31/2015,21:38:06,7,24.8,AH0,241,19.2054336,Night,F,L,A,MYSE
151.909,8443,6/3/2015,5/31/2015,21:38:08,7,24.8,AH0,246,19.2054336,Night,F,L,A,MYSE
151.909,8443,6/3/2015,5/31/2015,21:38:23,7,24.8,AH0,246,19.2054336,Night,F,L,A,MYSE
151.909,8443,6/3/2015,5/31/2015,21:38:25,7,24.8,AH0,246,19.2054336,Night,F,L,A,MYSE
151.909,8443,6/3/2015,5/31/2015,21:38:28,7,24.8,AH0,245,19.2054336,Night,F,L,A,MYSE
151.909,8443,6/3/2015,5/31/2015,21:38:45,7,24.8,AH0,247,19.2054336,Night,F,L,A,MYSE
151.909,8443,6/3/2015,5/31/2015,21:38:47,7,24.8,AH0,244,19.2054336,Night,F,L,A,MYSE
151.909,8443,6/3/2015,5/31/2015,21:38:50,7,24.8,AH0,245,19.2054336,Night,F,L,A,MYSE
151.909,8443,6/3/2015,5/31/2015,21:39:04,7,24.8,AH0,243,19.2054336,Night,F,L,A,MYSE
151.909,8443,6/3/2015,5/31/2015,21:39:06,7,24.8,AH0,245,19.2054336,Night,F,L,A,MYSE
151.909,8443,6/3/2015,5/31/2015,21:39:09,7,24.8,AH0,245,19.2054336,Night,F,L,A,MYSE
151.909,8443,6/3/2015,5/31/2015,21:39:23,7,24.9,AH0,242,19.5458117,Night,F,L,A,MYSE
151.909,8443,6/3/2015,5/31/2015,21:39:26,7,24.8,AH0,241,19.2054336,Night,F,L,A,MYSE
151.909,8443,6/3/2015,5/31/2015,21:39:28,7,24.9,AH0,245,19.5458117,Night,F,L,A,MYSE
151.909,8443,6/3/2015,5/31/2015,21:39:43,7,24.8,AH0,243,19.2054336,Night,F,L,A,MYSE
151.909,8443,6/3/2015,5/31/2015,21:39:45,7,24.9,AH0,244,19.5458117,Night,F,L,A,MYSE
151.909,8443,6/3/2015,5/31/2015,21:39:47,7,24.9,AH0,244,19.5458117,Night,F,L,A,MYSE
151.909,8443,6/3/2015,5/31/2015,21:40:04,7,24.8,AH0,245,19.2054336,Night,F,L,A,MYSE
151.909,8443,6/3/2015,5/31/2015,21:40:07,7,24.8,AH0,245,19.2054336,Night,F,L,A,MYSE
151.909,8443,6/3/2015,5/31/2015,21:40:09,7,24.8,AH0,243,19.2054336,Night,F,L,A,MYSE
151.909,8443,6/3/2015,5/31/2015,21:40:24,7,24.8,AH0,246,19.2054336,Night,F,L,A,MYSE
151.909,8443,6/3/2015,5/31/2015,21:40:26,7,24.8,AH0,245,19.2054336,Night,F,L,A,MYSE
151.909,8443,6/3/2015,5/31/2015,21:40:29,7,24.8,AH0,245,19.2054336,Night,F,L,A,MYSE
151.909,8443,6/3/2015,5/31/2015,21:40:43,7,24.8,AH0,245,19.2054336,Night,F,L,A,MYSE
151.909,8443,6/3/2015,5/31/2015,21:40:45,7,24.9,AH0,247,19.5458117,Night,F,L,A,MYSE
151.909,8443,6/3/2015,5/31/2015,21:40:48,7,24.8,AH0,244,19.2054336,Night,F,L,A,MYSE
151.909,8443,6/3/2015,5/31/2015,21:41:02,7,24.8,AH0,246,19.2054336,Night,F,L,A,MYSE
151.909,8443,6/3/2015,5/31/2015,21:41:05,7,24.8,AH0,244,19.2054336,Night,F,L,A,MYSE
151.909,8443,6/3/2015,5/31/2015,21:41:07,7,24.8,AH0,245,19.2054336,Night,F,L,A,MYSE
151.909,8443,6/3/2015,5/31/2015,21:41:10,7,24.9,AH0,246,19.5458117,Night,F,L,A,MYSE
151.909,8443,6/3/2015,5/31/2015,21:41:24,7,24.8,AH0,244,19.2054336,Night,F,L,A,MYSE
151.909,8443,6/3/2015,5/31/2015,21:41:27,7,24.8,AH0,245,19.2054336,Night,F,L,A,MYSE
151.909,8443,6/3/2015,5/31/2015,21:41:29,7,24.8,AH0,246,19.2054336,Night,F,L,A,MYSE
151.909,8443,6/3/2015,5/31/2015,21:41:43,7,24.9,AH0,246,19.5458117,Night,F,L,A,MYSE
151.909,8443,6/3/2015,5/31/2015,21:41:46,7,24.8,AH0,245,19.2054336,Night,F,L,A,MYSE
151.909,8443,6/3/2015,5/31/2015,21:41:48,7,24.9,AH0,245,19.5458117,Night,F,L,A,MYSE
151.909,8443,6/3/2015,5/31/2015,21:42:03,7,24.8,AH0,244,19.2054336,Night,F,L,A,MYSE
151.909,8443,6/3/2015,5/31/2015,21:42:05,7,24.9,AH0,244,19.5458117,Night,F,L,A,MYSE
151.909,8443,6/3/2015,5/31/2015,21:42:08,7,24.8,AH0,243,19.2054336,Night,F,L,A,MYSE
151.909,8443,6/3/2015,5/31/2015,21:42:24,7,24.8,AH0,246,19.2054336,Night,F,L,A,MYSE
151.909,8443,6/3/2015,5/31/2015,21:42:27,7,24.8,AH0,243,19.2054336,Night,F,L,A,MYSE
151.909,8443,6/3/2015,5/31/2015,21:42:29,7,24.8,AH0,246,19.2054336,Night,F,L,A,MYSE
151.909,8443,6/3/2015,5/31/2015,21:42:44,7,24.8,AH0,245,19.2054336,Night,F,L,A,MYSE
151.909,8443,6/3/2015,5/31/2015,21:42:46,7,24.8,AH0,246,19.2054336,Night,F,L,A,MYSE
151.909,8443,6/3/2015,5/31/2015,21:42:49,7,24.8,AH0,244,19.2054336,Night,F,L,A,MYSE
151.909,8443,6/3/2015,5/31/2015,21:43:03,7,24.8,AH0,243,19.2054336,Night,F,L,A,MYSE
151.909,8443,6/3/2015,5/31/2015,21:43:06,7,24.8,AH0,245,19.2054336,Night,F,L,A,MYSE
151.909,8443,6/3/2015,5/31/2015,21:43:08,7,24.8,AH0,243,19.2054336,Night,F,L,A,MYSE
151.909,8443,6/3/2015,5/31/2015,21:43:22,7,24.8,AH0,239,19.2054336,Night,F,L,A,MYSE
151.909,8443,6/3/2015,5/31/2015,21:43:25,7,24.9,AH0,246,19.5458117,Night,F,L,A,MYSE
151.909,8443,6/3/2015,5/31/2015,21:43:27,7,24.8,AH0,244,19.2054336,Night,F,L,A,MYSE
151.909,8443,6/3/2015,5/31/2015,21:43:30,7,24.8,AH0,244,19.2054336,Night,F,L,A,MYSE
151.909,8443,6/3/2015,5/31/2015,21:43:44,7,24.9,AH0,246,19.5458117,Night,F,L,A,MYSE
151.909,8443,6/3/2015,5/31/2015,21:43:47,7,24.9,AH0,244,19.5458117,Night,F,L,A,MYSE
151.909,8443,6/3/2015,5/31/2015,21:43:49,7,24.9,AH0,243,19.5458117,Night,F,L,A,MYSE
151.909,8443,6/3/2015,5/31/2015,21:44:03,7,24.9,AH0,246,19.5458117,Night,F,L,A,MYSE
151.909,8443,6/3/2015,5/31/2015,21:44:06,7,24.8,AH0,243,19.2054336,Night,F,L,A,MYSE
151.909,8443,6/3/2015,5/31/2015,21:44:08,7,24.9,AH0,243,19.5458117,Night,F,L,A,MYSE
151.909,8443,6/3/2015,5/31/2015,21:44:23,7,24.9,AH0,245,19.5458117,Night,F,L,A,MYSE
151.909,8443,6/3/2015,5/31/2015,21:44:25,7,24.9,AH0,244,19.5458117,Night,F,L,A,MYSE
151.909,8443,6/3/2015,5/31/2015,21:44:28,7,24.9,AH0,246,19.5458117,Night,F,L,A,MYSE
151.909,8443,6/3/2015,5/31/2015,21:44:45,7,24.9,AH0,246,19.5458117,Night,F,L,A,MYSE
151.909,8443,6/3/2015,5/31/2015,21:44:47,7,24.9,AH0,243,19.5458117,Night,F,L,A,MYSE
151.909,8443,6/3/2015,5/31/2015,21:44:49,7,24.9,AH0,244,19.5458117,Night,F,L,A,MYSE
151.909,8443,6/3/2015,5/31/2015,21:45:04,7,24.9,AH0,245,19.5458117,Night,F,L,A,MYSE
151.909,8443,6/3/2015,5/31/2015,21:45:06,7,24.9,AH0,247,19.5458117,Night,F,L,A,MYSE
151.909,8443,6/3/2015,5/31/2015,21:45:09,7,24.9,AH0,244,19.5458117,Night,F,L,A,MYSE
151.909,8443,6/3/2015,5/31/2015,21:45:23,7,24.9,AH0,245,19.5458117,Night,F,L,A,MYSE
151.909,8443,6/3/2015,5/31/2015,21:45:26,7,24.9,AH0,244,19.5458117,Night,F,L,A,MYSE
151.909,8443,6/3/2015,5/31/2015,21:45:28,7,24.9,AH0,241,19.5458117,Night,F,L,A,MYSE
151.909,8443,6/3/2015,5/31/2015,21:45:42,7,24.9,AH0,246,19.5458117,Night,F,L,A,MYSE
151.909,8443,6/3/2015,5/31/2015,21:45:45,7,24.9,AH0,242,19.5458117,Night,F,L,A,MYSE
151.909,8443,6/3/2015,5/31/2015,21:45:47,7,24.9,AH0,244,19.5458117,Night,F,L,A,MYSE
151.909,8443,6/3/2015,5/31/2015,21:45:50,7,24.9,AH0,243,19.5458117,Night,F,L,A,MYSE
151.909,8443,6/3/2015,5/31/2015,21:46:04,7,24.9,AH0,243,19.5458117,Night,F,L,A,MYSE
151.909,8443,6/3/2015,5/31/2015,21:46:07,7,24.9,AH0,245,19.5458117,Night,F,L,A,MYSE
151.909,8443,6/3/2015,5/31/2015,21:46:09,7,24.9,AH0,244,19.5458117,Night,F,L,A,MYSE
151.909,8443,6/3/2015,5/31/2015,21:46:24,7,24.9,AH0,241,19.5458117,Night,F,L,A,MYSE
151.909,8443,6/3/2015,5/31/2015,21:46:26,7,24.9,AH0,244,19.5458117,Night,F,L,A,MYSE
151.909,8443,6/3/2015,5/31/2015,21:46:28,7,24.9,AH0,246,19.5458117,Night,F,L,A,MYSE
151.909,8443,6/3/2015,5/31/2015,21:46:43,7,24.9,AH0,245,19.5458117,Night,F,L,A,MYSE
151.909,8443,6/3/2015,5/31/2015,21:46:45,7,24.9,AH0,243,19.5458117,Night,F,L,A,MYSE
151.909,8443,6/3/2015,5/31/2015,21:46:48,7,24.9,AH0,247,19.5458117,Night,F,L,A,MYSE
151.909,8443,6/3/2015,5/31/2015,21:47:02,7,25,AH0,242,19.8825,Night,F,L,A,MYSE
151.909,8443,6/3/2015,5/31/2015,21:47:05,7,24.9,AH0,242,19.5458117,Night,F,L,A,MYSE
151.909,8443,6/3/2015,5/31/2015,21:47:07,7,24.9,AH0,243,19.5458117,Night,F,L,A,MYSE
151.909,8443,6/3/2015,5/31/2015,21:47:09,7,24.9,AH0,243,19.5458117,Night,F,L,A,MYSE
151.909,8443,6/3/2015,5/31/2015,21:47:24,7,24.9,AH0,244,19.5458117,Night,F,L,A,MYSE
151.909,8443,6/3/2015,5/31/2015,21:47:26,7,24.9,AH0,245,19.5458117,Night,F,L,A,MYSE
151.909,8443,6/3/2015,5/31/2015,21:47:29,7,24.9,AH0,246,19.5458117,Night,F,L,A,MYSE
151.909,8443,6/3/2015,5/31/2015,21:47:43,7,24.9,AH0,245,19.5458117,Night,F,L,A,MYSE
151.909,8443,6/3/2015,5/31/2015,21:47:46,7,24.9,AH0,243,19.5458117,Night,F,L,A,MYSE
151.909,8443,6/3/2015,5/31/2015,21:47:48,7,24.9,AH0,244,19.5458117,Night,F,L,A,MYSE
151.909,8443,6/3/2015,5/31/2015,21:48:02,7,24.9,AH0,243,19.5458117,Night,F,L,A,MYSE
151.909,8443,6/3/2015,5/31/2015,21:48:05,7,24.9,AH0,244,19.5458117,Night,F,L,A,MYSE
151.909,8443,6/3/2015,5/31/2015,21:48:07,7,24.9,AH0,245,19.5458117,Night,F,L,A,MYSE
151.909,8443,6/3/2015,5/31/2015,21:48:24,7,24.9,AH0,247,19.5458117,Night,F,L,A,MYSE
151.909,8443,6/3/2015,5/31/2015,21:48:27,7,24.9,AH0,247,19.5458117,Night,F,L,A,MYSE
151.909,8443,6/3/2015,5/31/2015,21:48:29,7,24.9,AH0,245,19.5458117,Night,F,L,A,MYSE
151.909,8443,6/3/2015,5/31/2015,21:48:44,7,24.9,AH0,243,19.5458117,Night,F,L,A,MYSE
151.909,8443,6/3/2015,5/31/2015,21:48:46,7,24.9,AH0,241,19.5458117,Night,F,L,A,MYSE
151.909,8443,6/3/2015,5/31/2015,21:48:48,7,24.9,AH0,245,19.5458117,Night,F,L,A,MYSE
151.909,8443,6/3/2015,5/31/2015,21:49:03,7,24.9,AH0,245,19.5458117,Night,F,L,A,MYSE
151.909,8443,6/3/2015,5/31/2015,21:49:05,7,24.9,AH0,245,19.5458117,Night,F,L,A,MYSE
151.909,8443,6/3/2015,5/31/2015,21:49:08,7,24.9,AH0,243,19.5458117,Night,F,L,A,MYSE
151.909,8443,6/3/2015,5/31/2015,21:49:22,7,24.9,AH0,245,19.5458117,Night,F,L,A,MYSE
151.909,8443,6/3/2015,5/31/2015,21:49:25,7,24.9,AH0,243,19.5458117,Night,F,L,A,MYSE
151.909,8443,6/3/2015,5/31/2015,21:49:27,7,24.9,AH0,246,19.5458117,Night,F,L,A,MYSE
151.909,8443,6/3/2015,5/31/2015,21:49:29,7,24.9,AH0,243,19.5458117,Night,F,L,A,MYSE
151.909,8443,6/3/2015,5/31/2015,21:49:44,7,24.9,AH0,244,19.5458117,Night,F,L,A,MYSE
151.909,8443,6/3/2015,5/31/2015,21:49:46,7,24.9,AH0,244,19.5458117,Night,F,L,A,MYSE
151.909,8443,6/3/2015,5/31/2015,21:49:49,7,24.9,AH0,243,19.5458117,Night,F,L,A,MYSE
151.909,8443,6/3/2015,5/31/2015,21:50:03,7,24.8,AH0,242,19.2054336,Night,F,L,A,MYSE
151.909,8443,6/3/2015,5/31/2015,21:50:06,7,24.8,AH0,242,19.2054336,Night,F,L,A,MYSE
151.909,8443,6/3/2015,5/31/2015,21:50:08,7,24.8,AH0,243,19.2054336,Night,F,L,A,MYSE
151.909,8443,6/3/2015,5/31/2015,21:50:23,7,24.8,AH0,244,19.2054336,Night,F,L,A,MYSE
151.909,8443,6/3/2015,5/31/2015,21:50:25,7,24.8,AH0,245,19.2054336,Night,F,L,A,MYSE
151.909,8443,6/3/2015,5/31/2015,21:50:27,7,24.8,AH0,244,19.2054336,Night,F,L,A,MYSE
151.909,8443,6/3/2015,5/31/2015,21:50:44,7,24.8,AH0,242,19.2054336,Night,F,L,A,MYSE
151.909,8443,6/3/2015,5/31/2015,21:50:47,7,24.8,AH0,242,19.2054336,Night,F,L,A,MYSE
151.909,8443,6/3/2015,5/31/2015,21:50:49,7,24.8,AH0,242,19.2054336,Night,F,L,A,MYSE
151.909,8443,6/3/2015,5/31/2015,21:51:04,7,24.8,AH0,243,19.2054336,Night,F,L,A,MYSE
151.909,8443,6/3/2015,5/31/2015,21:51:06,7,24.8,AH0,244,19.2054336,Night,F,L,A,MYSE
151.909,8443,6/3/2015,5/31/2015,21:51:08,7,24.8,AH0,245,19.2054336,Night,F,L,A,MYSE
151.909,8443,6/3/2015,5/31/2015,21:51:23,7,24.8,AH0,245,19.2054336,Night,F,L,A,MYSE
151.909,8443,6/3/2015,5/31/2015,21:51:25,7,24.8,AH0,245,19.2054336,Night,F,L,A,MYSE
151.909,8443,6/3/2015,5/31/2015,21:51:28,7,24.8,AH0,243,19.2054336,Night,F,L,A,MYSE
151.909,8443,6/3/2015,5/31/2015,21:51:42,7,24.8,AH0,245,19.2054336,Night,F,L,A,MYSE
151.909,8443,6/3/2015,5/31/2015,21:51:45,7,24.8,AH0,243,19.2054336,Night,F,L,A,MYSE
151.909,8443,6/3/2015,5/31/2015,21:51:47,7,24.8,AH0,243,19.2054336,Night,F,L,A,MYSE
151.909,8443,6/3/2015,5/31/2015,21:51:50,7,24.8,AH0,241,19.2054336,Night,F,L,A,MYSE
151.909,8443,6/3/2015,5/31/2015,21:52:04,7,24.8,AH0,244,19.2054336,Night,F,L,A,MYSE
151.909,8443,6/3/2015,5/31/2015,21:52:07,7,24.8,AH0,244,19.2054336,Night,F,L,A,MYSE
151.909,8443,6/3/2015,5/31/2015,21:52:09,7,24.8,AH0,243,19.2054336,Night,F,L,A,MYSE
151.909,8443,6/3/2015,5/31/2015,21:52:23,7,24.8,AH0,243,19.2054336,Night,F,L,A,MYSE
151.909,8443,6/3/2015,5/31/2015,21:52:26,7,24.8,AH0,245,19.2054336,Night,F,L,A,MYSE
151.909,8443,6/3/2015,5/31/2015,21:52:28,7,24.8,AH0,241,19.2054336,Night,F,L,A,MYSE
151.909,8443,6/3/2015,5/31/2015,21:52:43,7,24.8,AH0,244,19.2054336,Night,F,L,A,MYSE
151.909,8443,6/3/2015,5/31/2015,21:52:45,7,24.8,AH0,243,19.2054336,Night,F,L,A,MYSE
151.909,8443,6/3/2015,5/31/2015,21:52:48,7,24.8,AH0,244,19.2054336,Night,F,L,A,MYSE
151.909,8443,6/3/2015,5/31/2015,21:53:02,7,24.8,AH0,244,19.2054336,Night,F,L,A,MYSE
151.909,8443,6/3/2015,5/31/2015,21:53:05,7,24.8,AH0,244,19.2054336,Night,F,L,A,MYSE
151.909,8443,6/3/2015,5/31/2015,21:53:07,7,24.8,AH0,245,19.2054336,Night,F,L,A,MYSE
151.909,8443,6/3/2015,5/31/2015,21:53:09,7,24.8,AH0,243,19.2054336,Night,F,L,A,MYSE
151.909,8443,6/3/2015,5/31/2015,21:53:24,7,24.8,AH0,244,19.2054336,Night,F,L,A,MYSE
151.909,8443,6/3/2015,5/31/2015,21:53:26,7,24.8,AH0,243,19.2054336,Night,F,L,A,MYSE
151.909,8443,6/3/2015,5/31/2015,21:53:29,7,24.8,AH0,244,19.2054336,Night,F,L,A,MYSE
151.909,8443,6/3/2015,5/31/2015,21:53:43,7,24.8,AH0,244,19.2054336,Night,F,L,A,MYSE
151.909,8443,6/3/2015,5/31/2015,21:53:46,7,24.8,AH0,244,19.2054336,Night,F,L,A,MYSE
151.909,8443,6/3/2015,5/31/2015,21:53:48,7,24.8,AH0,242,19.2054336,Night,F,L,A,MYSE
151.909,8443,6/3/2015,5/31/2015,21:54:03,7,24.8,AH0,245,19.2054336,Night,F,L,A,MYSE
151.909,8443,6/3/2015,5/31/2015,21:54:05,7,24.8,AH0,244,19.2054336,Night,F,L,A,MYSE
151.909,8443,6/3/2015,5/31/2015,21:54:07,7,24.8,AH0,244,19.2054336,Night,F,L,A,MYSE
151.909,8443,6/3/2015,5/31/2015,21:54:24,7,24.8,AH0,242,19.2054336,Night,F,L,A,MYSE
151.909,8443,6/3/2015,5/31/2015,21:54:27,7,24.8,AH0,243,19.2054336,Night,F,L,A,MYSE
151.909,8443,6/3/2015,5/31/2015,21:54:29,7,24.8,AH0,246,19.2054336,Night,F,L,A,MYSE
151.909,8443,6/3/2015,5/31/2015,21:54:44,7,24.8,AH0,242,19.2054336,Night,F,L,A,MYSE
151.909,8443,6/3/2015,5/31/2015,21:54:46,7,24.8,AH0,243,19.2054336,Night,F,L,A,MYSE
151.909,8443,6/3/2015,5/31/2015,21:54:48,7,24.8,AH0,242,19.2054336,Night,F,L,A,MYSE
151.909,8443,6/3/2015,5/31/2015,21:55:03,7,24.8,AH0,242,19.2054336,Night,F,L,A,MYSE
151.909,8443,6/3/2015,5/31/2015,21:55:05,7,24.8,AH0,245,19.2054336,Night,F,L,A,MYSE
151.909,8443,6/3/2015,5/31/2015,21:55:08,7,24.8,AH0,246,19.2054336,Night,F,L,A,MYSE
151.909,8443,6/3/2015,5/31/2015,21:55:22,7,24.8,AH0,244,19.2054336,Night,F,L,A,MYSE
151.909,8443,6/3/2015,5/31/2015,21:55:25,7,24.8,AH0,244,19.2054336,Night,F,L,A,MYSE
151.909,8443,6/3/2015,5/31/2015,21:55:27,7,24.9,AH0,245,19.5458117,Night,F,L,A,MYSE
151.909,8443,6/3/2015,5/31/2015,21:55:29,7,24.9,AH0,244,19.5458117,Night,F,L,A,MYSE
151.909,8443,6/3/2015,5/31/2015,21:55:44,7,24.8,AH0,243,19.2054336,Night,F,L,A,MYSE
151.909,8443,6/3/2015,5/31/2015,21:55:46,7,24.8,AH0,242,19.2054336,Night,F,L,A,MYSE
151.909,8443,6/3/2015,5/31/2015,21:55:49,7,24.9,AH0,245,19.5458117,Night,F,L,A,MYSE
151.909,8443,6/3/2015,5/31/2015,21:56:03,7,24.8,AH0,246,19.2054336,Night,F,L,A,MYSE
151.909,8443,6/3/2015,5/31/2015,21:56:06,7,24.9,AH0,246,19.5458117,Night,F,L,A,MYSE
151.909,8443,6/3/2015,5/31/2015,21:56:08,7,24.9,AH0,245,19.5458117,Night,F,L,A,MYSE
151.909,8443,6/3/2015,5/31/2015,21:56:23,7,24.9,AH0,241,19.5458117,Night,F,L,A,MYSE
151.909,8443,6/3/2015,5/31/2015,21:56:25,7,24.9,AH0,244,19.5458117,Night,F,L,A,MYSE
151.909,8443,6/3/2015,5/31/2015,21:56:27,7,24.8,AH0,244,19.2054336,Night,F,L,A,MYSE
151.909,8443,6/3/2015,5/31/2015,21:56:44,7,24.9,AH0,244,19.5458117,Night,F,L,A,MYSE
151.909,8443,6/3/2015,5/31/2015,21:56:47,7,24.9,AH0,241,19.5458117,Night,F,L,A,MYSE
151.909,8443,6/3/2015,5/31/2015,21:56:49,7,24.9,AH0,245,19.5458117,Night,F,L,A,MYSE
151.909,8443,6/3/2015,5/31/2015,21:57:04,7,24.9,AH0,244,19.5458117,Night,F,L,A,MYSE
151.909,8443,6/3/2015,5/31/2015,21:57:06,7,24.9,AH0,245,19.5458117,Night,F,L,A,MYSE
151.909,8443,6/3/2015,5/31/2015,21:57:08,7,24.9,AH0,247,19.5458117,Night,F,L,A,MYSE
151.909,8443,6/3/2015,5/31/2015,21:57:23,7,24.9,AH0,246,19.5458117,Night,F,L,A,MYSE
151.909,8443,6/3/2015,5/31/2015,21:57:25,7,24.9,AH0,246,19.5458117,Night,F,L,A,MYSE
151.909,8443,6/3/2015,5/31/2015,21:57:28,7,24.9,AH0,244,19.5458117,Night,F,L,A,MYSE
151.909,8443,6/3/2015,5/31/2015,21:57:42,7,24.9,AH0,245,19.5458117,Night,F,L,A,MYSE
151.909,8443,6/3/2015,5/31/2015,21:57:45,7,24.9,AH0,246,19.5458117,Night,F,L,A,MYSE
151.909,8443,6/3/2015,5/31/2015,21:57:47,7,24.9,AH0,246,19.5458117,Night,F,L,A,MYSE
151.909,8443,6/3/2015,5/31/2015,21:57:50,7,24.9,AH0,246,19.5458117,Night,F,L,A,MYSE
151.909,8443,6/3/2015,5/31/2015,21:58:04,7,24.9,AH0,245,19.5458117,Night,F,L,A,MYSE
151.909,8443,6/3/2015,5/31/2015,21:58:06,7,24.9,AH0,246,19.5458117,Night,F,L,A,MYSE
151.909,8443,6/3/2015,5/31/2015,21:58:09,7,24.9,AH0,247,19.5458117,Night,F,L,A,MYSE
151.909,8443,6/3/2015,5/31/2015,21:58:23,7,24.9,AH0,245,19.5458117,Night,F,L,A,MYSE
151.909,8443,6/3/2015,5/31/2015,21:58:26,7,24.9,AH0,247,19.5458117,Night,F,L,A,MYSE
151.909,8443,6/3/2015,5/31/2015,21:58:28,7,24.9,AH0,243,19.5458117,Night,F,L,A,MYSE
151.909,8443,6/3/2015,5/31/2015,21:58:43,7,24.9,AH0,246,19.5458117,Night,F,L,A,MYSE
151.909,8443,6/3/2015,5/31/2015,21:58:45,7,24.9,AH0,246,19.5458117,Night,F,L,A,MYSE
151.909,8443,6/3/2015,5/31/2015,21:58:47,7,24.9,AH0,246,19.5458117,Night,F,L,A,MYSE
151.909,8443,6/3/2015,5/31/2015,21:59:04,7,24.9,AH0,245,19.5458117,Night,F,L,A,MYSE
151.909,8443,6/3/2015,5/31/2015,21:59:07,7,24.9,AH0,243,19.5458117,Night,F,L,A,MYSE
151.909,8443,6/3/2015,5/31/2015,21:59:09,7,24.9,AH0,245,19.5458117,Night,F,L,A,MYSE
151.909,8443,6/3/2015,5/31/2015,21:59:24,7,24.9,AH0,245,19.5458117,Night,F,L,A,MYSE
151.909,8443,6/3/2015,5/31/2015,21:59:26,7,24.9,AH0,244,19.5458117,Night,F,L,A,MYSE
151.909,8443,6/3/2015,5/31/2015,21:59:28,7,24.9,AH0,244,19.5458117,Night,F,L,A,MYSE
151.909,8443,6/3/2015,5/31/2015,21:59:43,7,24.9,AH0,247,19.5458117,Night,F,L,A,MYSE
151.909,8443,6/3/2015,5/31/2015,21:59:45,7,24.8,AH0,246,19.2054336,Night,F,L,A,MYSE
151.909,8443,6/3/2015,5/31/2015,21:59:48,7,24.9,AH0,244,19.5458117,Night,F,L,A,MYSE
151.909,8443,6/3/2015,5/31/2015,22:00:02,7,24.8,AH0,244,19.2054336,Night,F,L,A,MYSE
151.909,8443,6/3/2015,5/31/2015,22:00:05,7,24.8,AH0,246,19.2054336,Night,F,L,A,MYSE
151.909,8443,6/3/2015,5/31/2015,22:00:07,7,24.8,AH0,244,19.2054336,Night,F,L,A,MYSE
151.909,8443,6/3/2015,5/31/2015,22:00:24,7,24.8,AH0,243,19.2054336,Night,F,L,A,MYSE
151.909,8443,6/3/2015,5/31/2015,22:00:26,7,24.8,AH0,247,19.2054336,Night,F,L,A,MYSE
151.909,8443,6/3/2015,5/31/2015,22:00:29,7,24.8,AH0,245,19.2054336,Night,F,L,A,MYSE
151.909,8443,6/3/2015,5/31/2015,22:00:43,7,24.8,AH0,246,19.2054336,Night,F,L,A,MYSE
151.909,8443,6/3/2015,5/31/2015,22:00:46,7,24.8,AH0,246,19.2054336,Night,F,L,A,MYSE
151.909,8443,6/3/2015,5/31/2015,22:00:48,7,24.8,AH0,244,19.2054336,Night,F,L,A,MYSE
151.909,8443,6/3/2015,5/31/2015,22:01:03,7,24.8,AH0,244,19.2054336,Night,F,L,A,MYSE
151.909,8443,6/3/2015,5/31/2015,22:01:05,7,24.8,AH0,244,19.2054336,Night,F,L,A,MYSE
151.909,8443,6/3/2015,5/31/2015,22:01:08,7,24.8,AH0,246,19.2054336,Night,F,L,A,MYSE
151.909,8443,6/3/2015,5/31/2015,22:01:22,7,24.8,AH0,243,19.2054336,Night,F,L,A,MYSE
151.909,8443,6/3/2015,5/31/2015,22:01:24,7,24.8,AH0,247,19.2054336,Night,F,L,A,MYSE
151.909,8443,6/3/2015,5/31/2015,22:01:27,7,24.8,AH0,245,19.2054336,Night,F,L,A,MYSE
151.909,8443,6/3/2015,5/31/2015,22:01:29,7,24.8,AH0,245,19.2054336,Night,F,L,A,MYSE
151.909,8443,6/3/2015,5/31/2015,22:01:44,7,24.8,AH0,245,19.2054336,Night,F,L,A,MYSE
151.909,8443,6/3/2015,5/31/2015,22:01:46,7,24.8,AH0,245,19.2054336,Night,F,L,A,MYSE
151.909,8443,6/3/2015,5/31/2015,22:01:49,7,24.8,AH0,245,19.2054336,Night,F,L,A,MYSE
151.909,8443,6/3/2015,5/31/2015,22:02:03,7,24.8,AH0,246,19.2054336,Night,F,L,A,MYSE
151.909,8443,6/3/2015,5/31/2015,22:02:06,7,24.8,AH0,244,19.2054336,Night,F,L,A,MYSE
151.909,8443,6/3/2015,5/31/2015,22:02:08,7,24.8,AH0,243,19.2054336,Night,F,L,A,MYSE
151.909,8443,6/3/2015,5/31/2015,22:02:23,7,24.8,AH0,244,19.2054336,Night,F,L,A,MYSE
151.909,8443,6/3/2015,5/31/2015,22:02:25,7,24.8,AH0,243,19.2054336,Night,F,L,A,MYSE
151.909,8443,6/3/2015,5/31/2015,22:02:27,7,24.8,AH0,245,19.2054336,Night,F,L,A,MYSE
151.909,8443,6/3/2015,5/31/2015,22:02:45,7,24.8,AH0,245,19.2054336,Night,F,L,A,MYSE
151.909,8443,6/3/2015,5/31/2015,22:02:48,7,24.8,AH0,245,19.2054336,Night,F,L,A,MYSE
151.909,8443,6/3/2015,5/31/2015,22:02:50,7,24.8,AH0,246,19.2054336,Night,F,L,A,MYSE
151.909,8443,6/3/2015,5/31/2015,22:03:05,7,24.8,AH0,244,19.2054336,Night,F,L,A,MYSE
151.909,8443,6/3/2015,5/31/2015,22:03:07,7,24.8,AH0,244,19.2054336,Night,F,L,A,MYSE
151.909,8443,6/3/2015,5/31/2015,22:03:09,7,24.8,AH0,244,19.2054336,Night,F,L,A,MYSE
151.909,8443,6/3/2015,5/31/2015,22:03:24,7,24.8,AH0,246,19.2054336,Night,F,L,A,MYSE
151.909,8443,6/3/2015,5/31/2015,22:03:26,7,24.8,AH0,242,19.2054336,Night,F,L,A,MYSE
151.909,8443,6/3/2015,5/31/2015,22:03:29,7,24.8,AH0,245,19.2054336,Night,F,L,A,MYSE
151.909,8443,6/3/2015,5/31/2015,22:03:43,7,24.8,AH0,243,19.2054336,Night,F,L,A,MYSE
151.909,8443,6/3/2015,5/31/2015,22:03:46,7,24.8,AH0,246,19.2054336,Night,F,L,A,MYSE
151.909,8443,6/3/2015,5/31/2015,22:03:48,7,24.8,AH0,245,19.2054336,Night,F,L,A,MYSE
151.909,8443,6/3/2015,5/31/2015,22:04:05,7,24.8,AH0,244,19.2054336,Night,F,L,A,MYSE
151.909,8443,6/3/2015,5/31/2015,22:04:07,7,24.8,AH0,246,19.2054336,Night,F,L,A,MYSE
151.909,8443,6/3/2015,5/31/2015,22:04:10,7,24.8,AH0,244,19.2054336,Night,F,L,A,MYSE
151.909,8443,6/3/2015,5/31/2015,22:04:24,7,24.8,AH0,246,19.2054336,Night,F,L,A,MYSE
151.909,8443,6/3/2015,5/31/2015,22:04:27,7,24.8,AH0,244,19.2054336,Night,F,L,A,MYSE
151.909,8443,6/3/2015,5/31/2015,22:04:29,7,24.8,AH0,248,19.2054336,Night,F,L,A,MYSE
151.909,8443,6/3/2015,5/31/2015,22:04:44,7,24.8,AH0,246,19.2054336,Night,F,L,A,MYSE
151.909,8443,6/3/2015,5/31/2015,22:04:46,7,24.8,AH0,244,19.2054336,Night,F,L,A,MYSE
151.909,8443,6/3/2015,5/31/2015,22:04:48,7,24.8,AH0,246,19.2054336,Night,F,L,A,MYSE
151.909,8443,6/3/2015,5/31/2015,22:05:03,7,24.8,AH0,244,19.2054336,Night,F,L,A,MYSE
151.909,8443,6/3/2015,5/31/2015,22:05:05,7,24.8,AH0,244,19.2054336,Night,F,L,A,MYSE
151.909,8443,6/3/2015,5/31/2015,22:05:08,7,24.8,AH0,246,19.2054336,Night,F,L,A,MYSE
151.909,8443,6/3/2015,5/31/2015,22:05:10,7,24.8,AH0,245,19.2054336,Night,F,L,A,MYSE
151.909,8443,6/3/2015,5/31/2015,22:05:25,7,24.8,AH0,245,19.2054336,Night,F,L,A,MYSE
151.909,8443,6/3/2015,5/31/2015,22:05:27,7,24.8,AH0,244,19.2054336,Night,F,L,A,MYSE
151.909,8443,6/3/2015,5/31/2015,22:05:30,7,24.8,AH0,245,19.2054336,Night,F,L,A,MYSE
151.909,8443,6/3/2015,5/31/2015,22:05:44,7,24.9,AH0,245,19.5458117,Night,F,L,A,MYSE
151.909,8443,6/3/2015,5/31/2015,22:05:46,7,24.8,AH0,246,19.2054336,Night,F,L,A,MYSE
151.909,8443,6/3/2015,5/31/2015,22:05:49,7,24.8,AH0,244,19.2054336,Night,F,L,A,MYSE
151.909,8443,6/3/2015,5/31/2015,22:06:03,7,24.8,AH0,244,19.2054336,Night,F,L,A,MYSE
151.909,8443,6/3/2015,5/31/2015,22:06:06,7,24.9,AH0,242,19.5458117,Night,F,L,A,MYSE
151.909,8443,6/3/2015,5/31/2015,22:06:08,7,24.8,AH0,246,19.2054336,Night,F,L,A,MYSE
151.909,8443,6/3/2015,5/31/2015,22:06:25,7,24.8,AH0,246,19.2054336,Night,F,L,A,MYSE
151.909,8443,6/3/2015,5/31/2015,22:06:28,7,24.8,AH0,246,19.2054336,Night,F,L,A,MYSE
151.909,8443,6/3/2015,5/31/2015,22:06:30,7,24.9,AH0,244,19.5458117,Night,F,L,A,MYSE
151.909,8443,6/3/2015,5/31/2015,22:06:44,7,24.8,AH0,243,19.2054336,Night,F,L,A,MYSE
151.909,8443,6/3/2015,5/31/2015,22:06:47,7,24.9,AH0,247,19.5458117,Night,F,L,A,MYSE
151.909,8443,6/3/2015,5/31/2015,22:06:49,7,24.8,AH0,246,19.2054336,Night,F,L,A,MYSE
151.909,8443,6/3/2015,5/31/2015,22:07:04,7,24.8,AH0,246,19.2054336,Night,F,L,A,MYSE
151.909,8443,6/3/2015,5/31/2015,22:07:06,7,24.9,AH0,245,19.5458117,Night,F,L,A,MYSE
151.909,8443,6/3/2015,5/31/2015,22:07:09,7,24.8,AH0,244,19.2054336,Night,F,L,A,MYSE
151.909,8443,6/3/2015,5/31/2015,22:07:23,7,24.8,AH0,244,19.2054336,Night,F,L,A,MYSE
151.909,8443,6/3/2015,5/31/2015,22:07:25,7,24.8,AH0,244,19.2054336,Night,F,L,A,MYSE
151.909,8443,6/3/2015,5/31/2015,22:07:28,7,24.9,AH0,243,19.5458117,Night,F,L,A,MYSE
151.909,8443,6/3/2015,5/31/2015,22:07:30,7,24.8,AH0,242,19.2054336,Night,F,L,A,MYSE
151.909,8443,6/3/2015,5/31/2015,22:07:45,7,24.8,AH0,246,19.2054336,Night,F,L,A,MYSE
151.909,8443,6/3/2015,5/31/2015,22:07:47,7,24.9,AH0,245,19.5458117,Night,F,L,A,MYSE
151.909,8443,6/3/2015,5/31/2015,22:07:50,7,24.8,AH0,246,19.2054336,Night,F,L,A,MYSE
151.909,8443,6/3/2015,5/31/2015,22:08:04,7,24.8,AH0,246,19.2054336,Night,F,L,A,MYSE
151.909,8443,6/3/2015,5/31/2015,22:08:07,7,24.9,AH0,247,19.5458117,Night,F,L,A,MYSE
151.909,8443,6/3/2015,5/31/2015,22:08:09,7,24.8,AH0,244,19.2054336,Night,F,L,A,MYSE
151.909,8443,6/3/2015,5/31/2015,22:08:23,7,24.8,AH0,246,19.2054336,Night,F,L,A,MYSE
151.909,8443,6/3/2015,5/31/2015,22:08:26,7,24.8,AH0,247,19.2054336,Night,F,L,A,MYSE
151.909,8443,6/3/2015,5/31/2015,22:08:28,7,24.8,AH0,245,19.2054336,Night,F,L,A,MYSE
151.909,8443,6/3/2015,5/31/2015,22:08:45,7,24.9,AH0,243,19.5458117,Night,F,L,A,MYSE
151.909,8443,6/3/2015,5/31/2015,22:08:48,7,24.8,AH0,246,19.2054336,Night,F,L,A,MYSE
151.909,8443,6/3/2015,5/31/2015,22:08:50,7,24.9,AH0,247,19.5458117,Night,F,L,A,MYSE
151.909,8443,6/3/2015,5/31/2015,22:09:05,7,24.9,AH0,246,19.5458117,Night,F,L,A,MYSE
151.909,8443,6/3/2015,5/31/2015,22:09:07,7,24.8,AH0,246,19.2054336,Night,F,L,A,MYSE
151.909,8443,6/3/2015,5/31/2015,22:09:09,7,24.8,AH0,244,19.2054336,Night,F,L,A,MYSE
151.909,8443,6/3/2015,5/31/2015,22:09:24,7,24.8,AH0,245,19.2054336,Night,F,L,A,MYSE
151.909,8443,6/3/2015,5/31/2015,22:09:26,7,24.9,AH0,246,19.5458117,Night,F,L,A,MYSE
151.909,8443,6/3/2015,5/31/2015,22:09:29,7,24.9,AH0,245,19.5458117,Night,F,L,A,MYSE
151.909,8443,6/3/2015,5/31/2015,22:09:43,7,24.9,AH0,246,19.5458117,Night,F,L,A,MYSE
151.909,8443,6/3/2015,5/31/2015,22:09:46,7,24.8,AH0,245,19.2054336,Night,F,L,A,MYSE
151.909,8443,6/3/2015,5/31/2015,22:09:48,7,24.8,AH0,245,19.2054336,Night,F,L,A,MYSE
151.909,8443,6/3/2015,5/31/2015,22:10:05,7,24.8,AH0,243,19.2054336,Night,F,L,A,MYSE
151.909,8443,6/3/2015,5/31/2015,22:10:07,7,24.8,AH0,245,19.2054336,Night,F,L,A,MYSE
151.909,8443,6/3/2015,5/31/2015,22:10:10,7,24.8,AH0,245,19.2054336,Night,F,L,A,MYSE
151.909,8443,6/3/2015,5/31/2015,22:10:24,7,24.8,AH0,246,19.2054336,Night,F,L,A,MYSE
151.909,8443,6/3/2015,5/31/2015,22:10:27,7,24.8,AH0,243,19.2054336,Night,F,L,A,MYSE
151.909,8443,6/3/2015,5/31/2015,22:10:29,7,24.8,AH0,244,19.2054336,Night,F,L,A,MYSE
151.909,8443,6/3/2015,5/31/2015,22:10:44,7,24.8,AH0,246,19.2054336,Night,F,L,A,MYSE
151.909,8443,6/3/2015,5/31/2015,22:10:46,7,24.8,AH0,243,19.2054336,Night,F,L,A,MYSE
151.909,8443,6/3/2015,5/31/2015,22:10:48,7,24.9,AH0,244,19.5458117,Night,F,L,A,MYSE
151.909,8443,6/3/2015,5/31/2015,22:11:03,7,24.8,AH0,244,19.2054336,Night,F,L,A,MYSE
151.909,8443,6/3/2015,5/31/2015,22:11:05,7,24.8,AH0,243,19.2054336,Night,F,L,A,MYSE
151.909,8443,6/3/2015,5/31/2015,22:11:08,7,24.8,AH0,247,19.2054336,Night,F,L,A,MYSE
151.909,8443,6/3/2015,5/31/2015,22:11:10,7,24.8,AH0,247,19.2054336,Night,F,L,A,MYSE
151.909,8443,6/3/2015,5/31/2015,22:11:25,7,24.8,AH0,243,19.2054336,Night,F,L,A,MYSE
151.909,8443,6/3/2015,5/31/2015,22:11:27,7,24.8,AH0,246,19.2054336,Night,F,L,A,MYSE
151.909,8443,6/3/2015,5/31/2015,22:11:29,7,24.8,AH0,247,19.2054336,Night,F,L,A,MYSE
151.909,8443,6/3/2015,5/31/2015,22:11:44,7,24.8,AH0,244,19.2054336,Night,F,L,A,MYSE
151.909,8443,6/3/2015,5/31/2015,22:11:46,7,24.8,AH0,247,19.2054336,Night,F,L,A,MYSE
151.909,8443,6/3/2015,5/31/2015,22:11:49,7,24.8,AH0,246,19.2054336,Night,F,L,A,MYSE
151.909,8443,6/3/2015,5/31/2015,22:12:03,7,24.8,AH0,244,19.2054336,Night,F,L,A,MYSE
151.909,8443,6/3/2015,5/31/2015,22:12:06,7,24.8,AH0,246,19.2054336,Night,F,L,A,MYSE
151.909,8443,6/3/2015,5/31/2015,22:12:08,7,24.8,AH0,244,19.2054336,Night,F,L,A,MYSE
151.909,8443,6/3/2015,5/31/2015,22:12:25,7,24.8,AH0,246,19.2054336,Night,F,L,A,MYSE
151.909,8443,6/3/2015,5/31/2015,22:12:27,7,24.8,AH0,246,19.2054336,Night,F,L,A,MYSE
151.909,8443,6/3/2015,5/31/2015,22:12:30,7,24.8,AH0,245,19.2054336,Night,F,L,A,MYSE
151.909,8443,6/3/2015,5/31/2015,22:12:44,7,24.8,AH0,243,19.2054336,Night,F,L,A,MYSE
151.909,8443,6/3/2015,5/31/2015,22:12:47,7,24.8,AH0,243,19.2054336,Night,F,L,A,MYSE
151.909,8443,6/3/2015,5/31/2015,22:12:49,7,24.8,AH0,248,19.2054336,Night,F,L,A,MYSE
151.909,8443,6/3/2015,5/31/2015,22:13:04,7,24.8,AH0,245,19.2054336,Night,F,L,A,MYSE
151.909,8443,6/3/2015,5/31/2015,22:13:06,7,24.8,AH0,247,19.2054336,Night,F,L,A,MYSE
151.909,8443,6/3/2015,5/31/2015,22:13:09,7,24.8,AH0,246,19.2054336,Night,F,L,A,MYSE
151.909,8443,6/3/2015,5/31/2015,22:13:23,7,24.8,AH0,243,19.2054336,Night,F,L,A,MYSE
151.909,8443,6/3/2015,5/31/2015,22:13:25,7,24.8,AH0,243,19.2054336,Night,F,L,A,MYSE
151.909,8443,6/3/2015,5/31/2015,22:13:28,7,24.8,AH0,246,19.2054336,Night,F,L,A,MYSE
151.909,8443,6/3/2015,5/31/2015,22:13:45,7,24.8,AH0,247,19.2054336,Night,F,L,A,MYSE
151.909,8443,6/3/2015,5/31/2015,22:13:47,7,24.8,AH0,247,19.2054336,Night,F,L,A,MYSE
151.909,8443,6/3/2015,5/31/2015,22:13:50,7,24.8,AH0,245,19.2054336,Night,F,L,A,MYSE
151.909,8443,6/3/2015,5/31/2015,22:14:04,7,24.8,AH0,247,19.2054336,Night,F,L,A,MYSE
151.909,8443,6/3/2015,5/31/2015,22:14:07,7,24.8,AH0,244,19.2054336,Night,F,L,A,MYSE
151.909,8443,6/3/2015,5/31/2015,22:14:09,7,24.8,AH0,243,19.2054336,Night,F,L,A,MYSE
151.909,8443,6/3/2015,5/31/2015,22:14:24,7,24.8,AH0,245,19.2054336,Night,F,L,A,MYSE
151.909,8443,6/3/2015,5/31/2015,22:14:26,7,24.8,AH0,241,19.2054336,Night,F,L,A,MYSE
151.909,8443,6/3/2015,5/31/2015,22:14:28,7,24.8,AH0,245,19.2054336,Night,F,L,A,MYSE
151.909,8443,6/3/2015,5/31/2015,22:14:43,7,24.8,AH0,247,19.2054336,Night,F,L,A,MYSE
151.909,8443,6/3/2015,5/31/2015,22:14:45,7,24.8,AH0,244,19.2054336,Night,F,L,A,MYSE
151.909,8443,6/3/2015,5/31/2015,22:14:48,7,24.8,AH0,246,19.2054336,Night,F,L,A,MYSE
151.909,8443,6/3/2015,5/31/2015,22:14:50,7,24.8,AH0,245,19.2054336,Night,F,L,A,MYSE
151.909,8443,6/3/2015,5/31/2015,22:15:05,7,24.8,AH0,245,19.2054336,Night,F,L,A,MYSE
151.909,8443,6/3/2015,5/31/2015,22:15:07,7,24.8,AH0,244,19.2054336,Night,F,L,A,MYSE
151.909,8443,6/3/2015,5/31/2015,22:15:09,7,24.8,AH0,242,19.2054336,Night,F,L,A,MYSE
151.909,8443,6/3/2015,5/31/2015,22:15:23,7,24.8,AH0,244,19.2054336,Night,F,L,A,MYSE
151.909,8443,6/3/2015,5/31/2015,22:15:25,7,24.8,AH0,242,19.2054336,Night,F,L,A,MYSE
151.909,8443,6/3/2015,5/31/2015,22:15:28,7,24.8,AH0,244,19.2054336,Night,F,L,A,MYSE
151.909,8443,6/3/2015,5/31/2015,22:15:42,7,24.8,AH0,245,19.2054336,Night,F,L,A,MYSE
151.909,8443,6/3/2015,5/31/2015,22:15:45,7,24.8,AH0,245,19.2054336,Night,F,L,A,MYSE
151.909,8443,6/3/2015,5/31/2015,22:15:47,7,24.8,AH0,244,19.2054336,Night,F,L,A,MYSE
151.909,8443,6/3/2015,5/31/2015,22:16:02,7,24.8,AH0,244,19.2054336,Night,F,L,A,MYSE
151.909,8443,6/3/2015,5/31/2015,22:16:04,7,24.8,AH0,244,19.2054336,Night,F,L,A,MYSE
151.909,8443,6/3/2015,5/31/2015,22:16:07,7,24.8,AH0,245,19.2054336,Night,F,L,A,MYSE
151.909,8443,6/3/2015,5/31/2015,22:16:09,7,24.8,AH0,245,19.2054336,Night,F,L,A,MYSE
151.909,8443,6/3/2015,5/31/2015,22:16:23,7,24.8,AH0,245,19.2054336,Night,F,L,A,MYSE
151.909,8443,6/3/2015,5/31/2015,22:16:26,7,24.8,AH0,241,19.2054336,Night,F,L,A,MYSE
151.909,8443,6/3/2015,5/31/2015,22:16:28,7,24.8,AH0,242,19.2054336,Night,F,L,A,MYSE
151.909,8443,6/3/2015,5/31/2015,22:16:43,7,24.8,AH0,242,19.2054336,Night,F,L,A,MYSE
151.909,8443,6/3/2015,5/31/2015,22:16:45,7,24.8,AH0,244,19.2054336,Night,F,L,A,MYSE
151.909,8443,6/3/2015,5/31/2015,22:16:48,7,24.8,AH0,245,19.2054336,Night,F,L,A,MYSE
151.909,8443,6/3/2015,5/31/2015,22:17:02,7,24.8,AH0,245,19.2054336,Night,F,L,A,MYSE
151.909,8443,6/3/2015,5/31/2015,22:17:05,7,24.8,AH0,246,19.2054336,Night,F,L,A,MYSE
151.909,8443,6/3/2015,5/31/2015,22:17:07,7,24.8,AH0,244,19.2054336,Night,F,L,A,MYSE
151.909,8443,6/3/2015,5/31/2015,22:17:24,7,24.8,AH0,244,19.2054336,Night,F,L,A,MYSE
151.909,8443,6/3/2015,5/31/2015,22:17:26,7,24.8,AH0,244,19.2054336,Night,F,L,A,MYSE
151.909,8443,6/3/2015,5/31/2015,22:17:29,7,24.8,AH0,246,19.2054336,Night,F,L,A,MYSE
151.909,8443,6/3/2015,5/31/2015,22:17:43,7,24.8,AH0,247,19.2054336,Night,F,L,A,MYSE
151.909,8443,6/3/2015,5/31/2015,22:17:46,7,24.8,AH0,245,19.2054336,Night,F,L,A,MYSE
151.909,8443,6/3/2015,5/31/2015,22:17:48,7,24.8,AH0,244,19.2054336,Night,F,L,A,MYSE
151.909,8443,6/3/2015,5/31/2015,22:18:03,7,24.8,AH0,243,19.2054336,Night,F,L,A,MYSE
151.909,8443,6/3/2015,5/31/2015,22:18:05,7,24.8,AH0,247,19.2054336,Night,F,L,A,MYSE
151.909,8443,6/3/2015,5/31/2015,22:18:07,7,24.8,AH0,246,19.2054336,Night,F,L,A,MYSE
151.909,8443,6/3/2015,5/31/2015,22:18:22,7,24.8,AH0,244,19.2054336,Night,F,L,A,MYSE
151.909,8443,6/3/2015,5/31/2015,22:18:24,7,24.8,AH0,244,19.2054336,Night,F,L,A,MYSE
151.909,8443,6/3/2015,5/31/2015,22:18:27,7,24.8,AH0,241,19.2054336,Night,F,L,A,MYSE
151.909,8443,6/3/2015,5/31/2015,22:18:44,7,24.8,AH0,244,19.2054336,Night,F,L,A,MYSE
151.909,8443,6/3/2015,5/31/2015,22:18:46,7,24.8,AH0,246,19.2054336,Night,F,L,A,MYSE
151.909,8443,6/3/2015,5/31/2015,22:18:49,7,24.8,AH0,244,19.2054336,Night,F,L,A,MYSE
151.909,8443,6/3/2015,5/31/2015,22:19:03,7,24.8,AH0,246,19.2054336,Night,F,L,A,MYSE
151.909,8443,6/3/2015,5/31/2015,22:19:06,7,24.8,AH0,244,19.2054336,Night,F,L,A,MYSE
151.909,8443,6/3/2015,5/31/2015,22:19:08,7,24.8,AH0,243,19.2054336,Night,F,L,A,MYSE
151.909,8443,6/3/2015,5/31/2015,22:19:22,7,24.8,AH0,246,19.2054336,Night,F,L,A,MYSE
151.909,8443,6/3/2015,5/31/2015,22:19:25,7,24.8,AH0,244,19.2054336,Night,F,L,A,MYSE
151.909,8443,6/3/2015,5/31/2015,22:19:27,7,24.8,AH0,244,19.2054336,Night,F,L,A,MYSE
151.909,8443,6/3/2015,5/31/2015,22:19:42,7,24.8,AH0,240,19.2054336,Night,F,L,A,MYSE
151.909,8443,6/3/2015,5/31/2015,22:19:44,7,24.8,AH0,243,19.2054336,Night,F,L,A,MYSE
151.909,8443,6/3/2015,5/31/2015,22:19:47,7,24.8,AH0,246,19.2054336,Night,F,L,A,MYSE
151.909,8443,6/3/2015,5/31/2015,22:19:49,7,24.8,AH0,244,19.2054336,Night,F,L,A,MYSE
151.909,8443,6/3/2015,5/31/2015,22:20:04,7,24.8,AH0,247,19.2054336,Night,F,L,A,MYSE
151.909,8443,6/3/2015,5/31/2015,22:20:06,7,24.8,AH0,244,19.2054336,Night,F,L,A,MYSE
151.909,8443,6/3/2015,5/31/2015,22:20:08,7,24.8,AH0,247,19.2054336,Night,F,L,A,MYSE
151.909,8443,6/3/2015,5/31/2015,22:20:23,7,24.8,AH0,246,19.2054336,Night,F,L,A,MYSE
151.909,8443,6/3/2015,5/31/2015,22:20:25,7,24.8,AH0,243,19.2054336,Night,F,L,A,MYSE
151.909,8443,6/3/2015,5/31/2015,22:20:28,7,24.8,AH0,245,19.2054336,Night,F,L,A,MYSE
151.909,8443,6/3/2015,5/31/2015,22:20:42,7,24.8,AH0,245,19.2054336,Night,F,L,A,MYSE
151.909,8443,6/3/2015,5/31/2015,22:20:45,7,24.8,AH0,246,19.2054336,Night,F,L,A,MYSE
151.909,8443,6/3/2015,5/31/2015,22:20:47,7,24.8,AH0,245,19.2054336,Night,F,L,A,MYSE
151.909,8443,6/3/2015,5/31/2015,22:21:02,7,24.7,AH0,246,18.8613459,Night,F,L,A,MYSE
151.909,8443,6/3/2015,5/31/2015,22:21:04,7,24.7,AH0,246,18.8613459,Night,F,L,A,MYSE
151.909,8443,6/3/2015,5/31/2015,22:21:07,7,24.7,AH0,246,18.8613459,Night,F,L,A,MYSE
151.909,8443,6/3/2015,5/31/2015,22:21:09,7,24.7,AH0,246,18.8613459,Night,F,L,A,MYSE
151.909,8443,6/3/2015,5/31/2015,22:21:24,7,24.7,AH0,247,18.8613459,Night,F,L,A,MYSE
151.909,8443,6/3/2015,5/31/2015,22:21:26,7,24.7,AH0,245,18.8613459,Night,F,L,A,MYSE
151.909,8443,6/3/2015,5/31/2015,22:21:28,7,24.7,AH0,246,18.8613459,Night,F,L,A,MYSE
151.909,8443,6/3/2015,5/31/2015,22:21:43,7,24.7,AH0,244,18.8613459,Night,F,L,A,MYSE
151.909,8443,6/3/2015,5/31/2015,22:21:45,7,24.7,AH0,247,18.8613459,Night,F,L,A,MYSE
151.909,8443,6/3/2015,5/31/2015,22:21:48,7,24.7,AH0,245,18.8613459,Night,F,L,A,MYSE
151.909,8443,6/3/2015,5/31/2015,22:22:02,7,24.7,AH0,245,18.8613459,Night,F,L,A,MYSE
151.909,8443,6/3/2015,5/31/2015,22:22:05,7,24.7,AH0,248,18.8613459,Night,F,L,A,MYSE
151.909,8443,6/3/2015,5/31/2015,22:22:07,7,24.7,AH0,247,18.8613459,Night,F,L,A,MYSE
151.909,8443,6/3/2015,5/31/2015,22:22:22,7,24.7,AH0,244,18.8613459,Night,F,L,A,MYSE
151.909,8443,6/3/2015,5/31/2015,22:22:24,7,24.6,AH0,244,18.5135288,Night,F,L,A,MYSE
151.909,8443,6/3/2015,5/31/2015,22:22:27,7,24.7,AH0,247,18.8613459,Night,F,L,A,MYSE
151.909,8443,6/3/2015,5/31/2015,22:22:44,7,24.6,AH0,244,18.5135288,Night,F,L,A,MYSE
151.909,8443,6/3/2015,5/31/2015,22:22:46,7,24.6,AH0,245,18.5135288,Night,F,L,A,MYSE
151.909,8443,6/3/2015,5/31/2015,22:22:49,7,24.6,AH0,245,18.5135288,Night,F,L,A,MYSE
151.909,8443,6/3/2015,5/31/2015,22:23:03,7,24.6,AH0,245,18.5135288,Night,F,L,A,MYSE
151.909,8443,6/3/2015,5/31/2015,22:23:06,7,24.6,AH0,246,18.5135288,Night,F,L,A,MYSE
151.909,8443,6/3/2015,5/31/2015,22:23:08,7,24.6,AH0,247,18.5135288,Night,F,L,A,MYSE
151.909,8443,6/3/2015,5/31/2015,22:23:23,7,24.6,AH0,247,18.5135288,Night,F,L,A,MYSE
151.909,8443,6/3/2015,5/31/2015,22:23:25,7,24.6,AH0,246,18.5135288,Night,F,L,A,MYSE
151.909,8443,6/3/2015,5/31/2015,22:23:28,7,24.6,AH0,244,18.5135288,Night,F,L,A,MYSE
151.909,8443,6/3/2015,5/31/2015,22:23:42,7,24.6,AH0,245,18.5135288,Night,F,L,A,MYSE
151.909,8443,6/3/2015,5/29/2015,22:23:44,7,32.6,AH0,69,36.1807608,Night,F,L,A,MYSE
151.909,8443,6/3/2015,5/29/2015,22:23:45,7,32.4,AH0,65,35.9501792,Night,F,L,A,MYSE
151.909,8443,6/3/2015,5/31/2015,22:23:45,7,24.6,AH0,245,18.5135288,Night,F,L,A,MYSE
151.909,8443,6/3/2015,5/29/2015,22:23:47,7,32.2,AH0,64,35.7107784,Night,F,L,A,MYSE
151.909,8443,6/3/2015,5/31/2015,22:23:47,7,24.6,AH0,243,18.5135288,Night,F,L,A,MYSE
151.909,8443,6/3/2015,5/29/2015,22:23:49,7,32.2,AH0,64,35.7107784,Night,F,L,A,MYSE
151.909,8443,6/3/2015,5/31/2015,22:24:02,7,24.6,AH0,246,18.5135288,Night,F,L,A,MYSE
151.909,8443,6/3/2015,5/29/2015,22:24:04,7,31.9,AH0,59,35.3347947,Night,F,L,A,MYSE
151.909,8443,6/3/2015,5/31/2015,22:24:04,7,24.6,AH0,246,18.5135288,Night,F,L,A,MYSE
151.909,8443,6/3/2015,5/29/2015,22:24:06,7,31.8,AH0,59,35.2048856,Night,F,L,A,MYSE
151.909,8443,6/3/2015,5/31/2015,22:24:07,7,24.6,AH0,245,18.5135288,Night,F,L,A,MYSE
151.909,8443,6/3/2015,5/29/2015,22:24:08,7,31.8,AH0,60,35.2048856,Night,F,L,A,MYSE
151.909,8443,6/3/2015,5/31/2015,22:24:09,7,24.6,AH0,245,18.5135288,Night,F,L,A,MYSE
151.909,8443,6/3/2015,5/29/2015,22:24:10,7,31.8,AH0,60,35.2048856,Night,F,L,A,MYSE
151.909,8443,6/3/2015,5/29/2015,22:24:23,7,31.8,AH0,53,35.2048856,Night,F,L,A,MYSE
151.909,8443,6/3/2015,5/31/2015,22:24:24,7,24.6,AH0,246,18.5135288,Night,F,L,A,MYSE
151.909,8443,6/3/2015,5/29/2015,22:24:25,7,31.7,AH0,54,35.0726529,Night,F,L,A,MYSE
151.909,8443,6/3/2015,5/31/2015,22:24:26,7,24.6,AH0,245,18.5135288,Night,F,L,A,MYSE
151.909,8443,6/3/2015,5/29/2015,22:24:27,7,31.5,AH0,48,34.8011375,Night,F,L,A,MYSE
151.909,8443,6/3/2015,5/29/2015,22:24:29,7,31.6,AH0,51,34.9380768,Night,F,L,A,MYSE
151.909,8443,6/3/2015,5/31/2015,22:24:29,7,24.6,AH0,244,18.5135288,Night,F,L,A,MYSE
151.909,8443,6/3/2015,5/29/2015,22:24:31,7,31.7,AH0,52,35.0726529,Night,F,L,A,MYSE
151.909,8443,6/3/2015,5/31/2015,22:24:43,7,24.6,AH0,245,18.5135288,Night,F,L,A,MYSE
151.909,8443,6/3/2015,5/31/2015,22:24:46,7,24.6,AH0,244,18.5135288,Night,F,L,A,MYSE
151.909,8443,6/3/2015,5/31/2015,22:24:48,7,24.6,AH0,243,18.5135288,Night,F,L,A,MYSE
151.909,8443,6/3/2015,5/31/2015,22:25:03,7,24.6,AH0,245,18.5135288,Night,F,L,A,MYSE
151.909,8443,6/3/2015,5/31/2015,22:25:05,7,24.6,AH0,246,18.5135288,Night,F,L,A,MYSE
151.909,8443,6/3/2015,5/31/2015,22:25:08,7,24.6,AH0,244,18.5135288,Night,F,L,A,MYSE
151.909,8443,6/3/2015,5/31/2015,22:25:22,7,24.6,AH0,245,18.5135288,Night,F,L,A,MYSE
151.909,8443,6/3/2015,5/31/2015,22:25:25,7,24.6,AH0,247,18.5135288,Night,F,L,A,MYSE
151.909,8443,6/3/2015,5/31/2015,22:25:27,7,24.6,AH0,245,18.5135288,Night,F,L,A,MYSE
151.909,8443,6/3/2015,5/29/2015,22:25:30,7,31.3,AH0,50,34.5200901,Night,F,L,A,MYSE
151.909,8443,6/3/2015,5/31/2015,22:25:42,7,24.6,AH0,246,18.5135288,Night,F,L,A,MYSE
151.909,8443,6/3/2015,5/31/2015,22:25:44,7,24.6,AH0,243,18.5135288,Night,F,L,A,MYSE
151.909,8443,6/3/2015,5/31/2015,22:25:47,7,24.6,AH0,246,18.5135288,Night,F,L,A,MYSE
151.909,8443,6/3/2015,5/31/2015,22:25:49,7,24.6,AH0,244,18.5135288,Night,F,L,A,MYSE
151.909,8443,6/3/2015,5/31/2015,22:26:04,7,24.6,AH0,246,18.5135288,Night,F,L,A,MYSE
151.909,8443,6/3/2015,5/29/2015,22:26:05,7,30.8,AH0,48,33.7747296,Night,F,L,A,MYSE
151.909,8443,6/3/2015,5/31/2015,22:26:06,7,24.6,AH0,242,18.5135288,Night,F,L,A,MYSE
151.909,8443,6/3/2015,5/31/2015,22:26:08,7,24.6,AH0,246,18.5135288,Night,F,L,A,MYSE
151.909,8443,6/3/2015,5/31/2015,22:26:23,7,24.6,AH0,242,18.5135288,Night,F,L,A,MYSE
151.909,8443,6/3/2015,5/31/2015,22:26:26,7,24.6,AH0,244,18.5135288,Night,F,L,A,MYSE
151.909,8443,6/3/2015,5/31/2015,22:26:28,7,24.6,AH0,245,18.5135288,Night,F,L,A,MYSE
151.909,8443,6/3/2015,5/31/2015,22:26:43,7,24.6,AH0,243,18.5135288,Night,F,L,A,MYSE
151.909,8443,6/3/2015,5/29/2015,22:26:45,7,30.4,AH0,51,33.1331712,Night,F,L,A,MYSE
151.909,8443,6/3/2015,5/31/2015,22:26:45,7,24.6,AH0,242,18.5135288,Night,F,L,A,MYSE
151.909,8443,6/3/2015,5/29/2015,22:26:47,7,30.3,AH0,46,32.9663291,Night,F,L,A,MYSE
151.909,8443,6/3/2015,5/31/2015,22:26:47,7,24.6,AH0,244,18.5135288,Night,F,L,A,MYSE
151.909,8443,6/3/2015,5/29/2015,22:26:49,7,30.2,AH0,50,32.7968664,Night,F,L,A,MYSE
151.909,8443,6/3/2015,5/29/2015,22:26:51,7,30.4,AH0,48,33.1331712,Night,F,L,A,MYSE
151.909,8443,6/3/2015,5/31/2015,22:27:02,7,24.6,AH0,247,18.5135288,Night,F,L,A,MYSE
151.909,8443,6/3/2015,5/31/2015,22:27:05,7,24.6,AH0,245,18.5135288,Night,F,L,A,MYSE
151.909,8443,6/3/2015,5/31/2015,22:27:07,7,24.6,AH0,247,18.5135288,Night,F,L,A,MYSE
151.909,8443,6/3/2015,5/29/2015,22:27:09,7,10.1,AH0,42,-81.6652167,Night,F,L,A,MYSE
151.909,8443,6/3/2015,5/29/2015,22:27:11,7,30,AH0,47,32.45,Night,F,L,A,MYSE
151.909,8443,6/3/2015,5/31/2015,22:27:22,7,24.6,AH0,247,18.5135288,Night,F,L,A,MYSE
151.909,8443,6/3/2015,5/31/2015,22:27:24,7,24.6,AH0,246,18.5135288,Night,F,L,A,MYSE
151.909,8443,6/3/2015,5/31/2015,22:27:26,7,24.6,AH0,244,18.5135288,Night,F,L,A,MYSE
151.909,8443,6/3/2015,5/31/2015,22:27:29,7,24.6,AH0,245,18.5135288,Night,F,L,A,MYSE
151.909,8443,6/3/2015,5/31/2015,22:27:44,7,24.6,AH0,242,18.5135288,Night,F,L,A,MYSE
151.909,8443,6/3/2015,5/31/2015,22:27:46,7,24.6,AH0,243,18.5135288,Night,F,L,A,MYSE
151.909,8443,6/3/2015,5/31/2015,22:27:48,7,24.6,AH0,243,18.5135288,Night,F,L,A,MYSE
151.909,8443,6/3/2015,5/31/2015,22:28:03,7,24.7,AH0,246,18.8613459,Night,F,L,A,MYSE
151.909,8443,6/3/2015,5/31/2015,22:28:05,7,24.7,AH0,245,18.8613459,Night,F,L,A,MYSE
151.909,8443,6/3/2015,5/31/2015,22:28:08,7,24.7,AH0,243,18.8613459,Night,F,L,A,MYSE
151.909,8443,6/3/2015,5/31/2015,22:28:22,7,24.7,AH0,244,18.8613459,Night,F,L,A,MYSE
151.909,8443,6/3/2015,5/31/2015,22:28:25,7,24.6,AH0,246,18.5135288,Night,F,L,A,MYSE
151.909,8443,6/3/2015,5/31/2015,22:28:27,7,24.7,AH0,245,18.8613459,Night,F,L,A,MYSE
151.909,8443,6/3/2015,5/31/2015,22:28:42,7,24.6,AH0,246,18.5135288,Night,F,L,A,MYSE
151.909,8443,6/3/2015,5/31/2015,22:28:44,7,24.6,AH0,245,18.5135288,Night,F,L,A,MYSE
151.909,8443,6/3/2015,5/31/2015,22:28:47,7,24.6,AH0,242,18.5135288,Night,F,L,A,MYSE
151.909,8443,6/3/2015,5/31/2015,22:29:04,7,24.6,AH0,247,18.5135288,Night,F,L,A,MYSE
151.909,8443,6/3/2015,5/31/2015,22:29:06,7,24.6,AH0,244,18.5135288,Night,F,L,A,MYSE
151.909,8443,6/3/2015,5/31/2015,22:29:09,7,24.6,AH0,243,18.5135288,Night,F,L,A,MYSE
151.909,8443,6/3/2015,5/31/2015,22:29:23,7,24.7,AH0,243,18.8613459,Night,F,L,A,MYSE
151.909,8443,6/3/2015,5/31/2015,22:29:26,7,24.7,AH0,244,18.8613459,Night,F,L,A,MYSE
151.909,8443,6/3/2015,5/31/2015,22:29:28,7,24.6,AH0,245,18.5135288,Night,F,L,A,MYSE
151.909,8443,6/3/2015,5/31/2015,22:29:43,7,24.7,AH0,248,18.8613459,Night,F,L,A,MYSE
151.909,8443,6/3/2015,5/31/2015,22:29:45,7,24.7,AH0,244,18.8613459,Night,F,L,A,MYSE
151.909,8443,6/3/2015,5/31/2015,22:29:48,7,24.7,AH0,246,18.8613459,Night,F,L,A,MYSE
151.909,8443,6/3/2015,5/31/2015,22:30:02,7,24.7,AH0,246,18.8613459,Night,F,L,A,MYSE
151.909,8443,6/3/2015,5/31/2015,22:30:05,7,24.7,AH0,245,18.8613459,Night,F,L,A,MYSE
151.909,8443,6/3/2015,5/31/2015,22:30:07,7,24.7,AH0,246,18.8613459,Night,F,L,A,MYSE
151.909,8443,6/3/2015,5/31/2015,22:30:22,7,24.7,AH0,247,18.8613459,Night,F,L,A,MYSE
151.909,8443,6/3/2015,5/31/2015,22:30:24,7,24.7,AH0,246,18.8613459,Night,F,L,A,MYSE
151.909,8443,6/3/2015,5/31/2015,22:30:27,7,24.7,AH0,244,18.8613459,Night,F,L,A,MYSE
151.909,8443,6/3/2015,5/31/2015,22:30:29,7,24.7,AH0,244,18.8613459,Night,F,L,A,MYSE
151.909,8443,6/3/2015,5/31/2015,22:30:44,7,24.7,AH0,247,18.8613459,Night,F,L,A,MYSE
151.909,8443,6/3/2015,5/31/2015,22:30:46,7,24.7,AH0,247,18.8613459,Night,F,L,A,MYSE
151.909,8443,6/3/2015,5/31/2015,22:30:48,7,24.7,AH0,247,18.8613459,Night,F,L,A,MYSE
151.909,8443,6/3/2015,5/31/2015,22:31:03,7,24.7,AH0,244,18.8613459,Night,F,L,A,MYSE
151.909,8443,6/3/2015,5/31/2015,22:31:05,7,24.7,AH0,246,18.8613459,Night,F,L,A,MYSE
151.909,8443,6/3/2015,5/31/2015,22:31:08,7,24.7,AH0,244,18.8613459,Night,F,L,A,MYSE
151.909,8443,6/3/2015,5/31/2015,22:31:22,7,24.7,AH0,244,18.8613459,Night,F,L,A,MYSE
151.909,8443,6/3/2015,5/31/2015,22:31:25,7,24.7,AH0,245,18.8613459,Night,F,L,A,MYSE
151.909,8443,6/3/2015,5/31/2015,22:31:27,7,24.7,AH0,245,18.8613459,Night,F,L,A,MYSE
151.909,8443,6/3/2015,5/31/2015,22:31:42,7,24.7,AH0,246,18.8613459,Night,F,L,A,MYSE
151.909,8443,6/3/2015,5/31/2015,22:31:44,7,24.7,AH0,245,18.8613459,Night,F,L,A,MYSE
151.909,8443,6/3/2015,5/31/2015,22:31:47,7,24.7,AH0,242,18.8613459,Night,F,L,A,MYSE
151.909,8443,6/3/2015,5/31/2015,22:32:04,7,24.7,AH0,245,18.8613459,Night,F,L,A,MYSE
151.909,8443,6/3/2015,5/31/2015,22:32:06,7,24.7,AH0,243,18.8613459,Night,F,L,A,MYSE
151.909,8443,6/3/2015,5/31/2015,22:32:09,7,24.8,AH0,244,19.2054336,Night,F,L,A,MYSE
151.909,8443,6/3/2015,5/31/2015,22:32:23,7,24.8,AH0,244,19.2054336,Night,F,L,A,MYSE
151.909,8443,6/3/2015,5/31/2015,22:32:26,7,24.8,AH0,242,19.2054336,Night,F,L,A,MYSE
151.909,8443,6/3/2015,5/31/2015,22:32:28,7,24.8,AH0,244,19.2054336,Night,F,L,A,MYSE
151.909,8443,6/3/2015,5/31/2015,22:32:42,7,24.8,AH0,245,19.2054336,Night,F,L,A,MYSE
151.909,8443,6/3/2015,5/31/2015,22:32:45,7,24.8,AH0,243,19.2054336,Night,F,L,A,MYSE
151.909,8443,6/3/2015,5/31/2015,22:32:47,7,24.8,AH0,246,19.2054336,Night,F,L,A,MYSE
151.909,8443,6/3/2015,5/31/2015,22:33:02,7,24.8,AH0,245,19.2054336,Night,F,L,A,MYSE
151.909,8443,6/3/2015,5/31/2015,22:33:04,7,24.8,AH0,246,19.2054336,Night,F,L,A,MYSE
151.909,8443,6/3/2015,5/31/2015,22:33:07,7,24.8,AH0,244,19.2054336,Night,F,L,A,MYSE
151.909,8443,6/3/2015,5/31/2015,22:33:24,7,24.8,AH0,246,19.2054336,Night,F,L,A,MYSE
151.909,8443,6/3/2015,5/31/2015,22:33:26,7,24.8,AH0,247,19.2054336,Night,F,L,A,MYSE
151.909,8443,6/3/2015,5/31/2015,22:33:29,7,24.8,AH0,246,19.2054336,Night,F,L,A,MYSE
151.909,8443,6/3/2015,5/31/2015,22:33:43,7,24.8,AH0,246,19.2054336,Night,F,L,A,MYSE
151.909,8443,6/3/2015,5/31/2015,22:33:45,7,24.8,AH0,244,19.2054336,Night,F,L,A,MYSE
151.909,8443,6/3/2015,5/31/2015,22:33:48,7,24.8,AH0,245,19.2054336,Night,F,L,A,MYSE
151.909,8443,6/3/2015,5/31/2015,22:34:02,7,24.8,AH0,247,19.2054336,Night,F,L,A,MYSE
151.909,8443,6/3/2015,5/31/2015,22:34:05,7,24.8,AH0,244,19.2054336,Night,F,L,A,MYSE
151.909,8443,6/3/2015,5/31/2015,22:34:07,7,24.8,AH0,244,19.2054336,Night,F,L,A,MYSE
151.909,8443,6/3/2015,5/31/2015,22:34:22,7,24.8,AH0,245,19.2054336,Night,F,L,A,MYSE
151.909,8443,6/3/2015,5/31/2015,22:34:24,7,24.8,AH0,246,19.2054336,Night,F,L,A,MYSE
151.909,8443,6/3/2015,5/31/2015,22:34:27,7,24.8,AH0,246,19.2054336,Night,F,L,A,MYSE
151.909,8443,6/3/2015,5/31/2015,22:34:44,7,24.8,AH0,244,19.2054336,Night,F,L,A,MYSE
151.909,8443,6/3/2015,5/31/2015,22:34:46,7,24.8,AH0,247,19.2054336,Night,F,L,A,MYSE
151.909,8443,6/3/2015,5/31/2015,22:34:48,7,24.8,AH0,243,19.2054336,Night,F,L,A,MYSE
151.909,8443,6/3/2015,5/31/2015,22:35:03,7,24.8,AH0,243,19.2054336,Night,F,L,A,MYSE
151.909,8443,6/3/2015,5/31/2015,22:35:05,7,24.8,AH0,246,19.2054336,Night,F,L,A,MYSE
151.909,8443,6/3/2015,5/29/2015,22:35:07,7,14.3,AH0,35,-40.9980069,Night,F,L,A,MYSE
151.909,8443,6/3/2015,5/31/2015,22:35:08,7,24.8,AH0,244,19.2054336,Night,F,L,A,MYSE
151.909,8443,6/3/2015,5/31/2015,22:35:22,7,24.8,AH0,246,19.2054336,Night,F,L,A,MYSE
151.909,8443,6/3/2015,5/29/2015,22:35:24,7,28.8,AH0,35,30.1381376,Night,F,L,A,MYSE
151.909,8443,6/3/2015,5/31/2015,22:35:25,7,24.8,AH0,244,19.2054336,Night,F,L,A,MYSE
151.909,8443,6/3/2015,5/29/2015,22:35:26,7,28.9,AH0,46,30.3463677,Night,F,L,A,MYSE
151.909,8443,6/3/2015,5/31/2015,22:35:27,7,24.8,AH0,245,19.2054336,Night,F,L,A,MYSE
151.909,8443,6/3/2015,5/29/2015,22:35:28,7,28.9,AH0,36,30.3463677,Night,F,L,A,MYSE
151.909,8443,6/3/2015,5/29/2015,22:35:30,7,28.8,AH0,35,30.1381376,Night,F,L,A,MYSE
151.909,8443,6/3/2015,5/31/2015,22:35:42,7,24.8,AH0,246,19.2054336,Night,F,L,A,MYSE
151.909,8443,6/3/2015,5/31/2015,22:35:44,7,24.8,AH0,244,19.2054336,Night,F,L,A,MYSE
151.909,8443,6/3/2015,5/31/2015,22:35:47,7,24.8,AH0,246,19.2054336,Night,F,L,A,MYSE
151.909,8443,6/3/2015,5/31/2015,22:36:04,7,24.8,AH0,244,19.2054336,Night,F,L,A,MYSE
151.909,8443,6/3/2015,5/31/2015,22:36:06,7,24.8,AH0,244,19.2054336,Night,F,L,A,MYSE
151.909,8443,6/3/2015,5/31/2015,22:36:08,7,24.8,AH0,245,19.2054336,Night,F,L,A,MYSE
151.909,8443,6/3/2015,5/31/2015,22:36:23,7,24.8,AH0,241,19.2054336,Night,F,L,A,MYSE
151.909,8443,6/3/2015,5/31/2015,22:36:25,7,24.8,AH0,245,19.2054336,Night,F,L,A,MYSE
151.909,8443,6/3/2015,5/31/2015,22:36:28,7,24.8,AH0,245,19.2054336,Night,F,L,A,MYSE
151.909,8443,6/3/2015,5/31/2015,22:36:42,7,24.8,AH0,245,19.2054336,Night,F,L,A,MYSE
151.909,8443,6/3/2015,5/31/2015,22:36:45,7,24.8,AH0,245,19.2054336,Night,F,L,A,MYSE
151.909,8443,6/3/2015,5/31/2015,22:36:47,7,24.8,AH0,243,19.2054336,Night,F,L,A,MYSE
151.909,8443,6/3/2015,5/31/2015,22:37:02,7,24.8,AH0,244,19.2054336,Night,F,L,A,MYSE
151.909,8443,6/3/2015,5/31/2015,22:37:04,7,24.8,AH0,245,19.2054336,Night,F,L,A,MYSE
151.909,8443,6/3/2015,5/31/2015,22:37:06,7,24.8,AH0,242,19.2054336,Night,F,L,A,MYSE
151.909,8443,6/3/2015,5/31/2015,22:37:09,7,24.8,AH0,245,19.2054336,Night,F,L,A,MYSE
151.909,8443,6/3/2015,5/31/2015,22:37:23,7,24.8,AH0,244,19.2054336,Night,F,L,A,MYSE
151.909,8443,6/3/2015,5/31/2015,22:37:26,7,24.8,AH0,245,19.2054336,Night,F,L,A,MYSE
151.909,8443,6/3/2015,5/31/2015,22:37:28,7,24.8,AH0,244,19.2054336,Night,F,L,A,MYSE
151.909,8443,6/3/2015,5/31/2015,22:37:43,7,24.8,AH0,242,19.2054336,Night,F,L,A,MYSE
151.909,8443,6/3/2015,5/31/2015,22:37:45,7,24.8,AH0,244,19.2054336,Night,F,L,A,MYSE
151.909,8443,6/3/2015,5/31/2015,22:37:48,7,24.8,AH0,243,19.2054336,Night,F,L,A,MYSE
151.909,8443,6/3/2015,5/31/2015,22:38:02,7,24.8,AH0,245,19.2054336,Night,F,L,A,MYSE
151.909,8443,6/3/2015,5/31/2015,22:38:05,7,24.8,AH0,243,19.2054336,Night,F,L,A,MYSE
151.909,8443,6/3/2015,5/31/2015,22:38:07,7,24.8,AH0,245,19.2054336,Night,F,L,A,MYSE
151.909,8443,6/3/2015,5/31/2015,22:38:22,7,24.8,AH0,244,19.2054336,Night,F,L,A,MYSE
151.909,8443,6/3/2015,5/31/2015,22:38:24,7,24.8,AH0,244,19.2054336,Night,F,L,A,MYSE
151.909,8443,6/3/2015,5/31/2015,22:38:26,7,24.8,AH0,244,19.2054336,Night,F,L,A,MYSE
151.909,8443,6/3/2015,5/31/2015,22:38:29,7,24.8,AH0,245,19.2054336,Night,F,L,A,MYSE
151.909,8443,6/3/2015,5/31/2015,22:38:43,7,24.8,AH0,243,19.2054336,Night,F,L,A,MYSE
151.909,8443,6/3/2015,5/31/2015,22:38:46,7,24.8,AH0,246,19.2054336,Night,F,L,A,MYSE
151.909,8443,6/3/2015,5/31/2015,22:38:48,7,24.8,AH0,242,19.2054336,Night,F,L,A,MYSE
151.909,8443,6/3/2015,5/31/2015,22:39:03,7,24.8,AH0,246,19.2054336,Night,F,L,A,MYSE
151.909,8443,6/3/2015,5/29/2015,22:39:04,7,29.1,AH0,44,30.7541543,Night,F,L,A,MYSE
151.909,8443,6/3/2015,5/31/2015,22:39:05,7,24.8,AH0,246,19.2054336,Night,F,L,A,MYSE
151.909,8443,6/3/2015,5/31/2015,22:39:07,7,24.8,AH0,243,19.2054336,Night,F,L,A,MYSE
151.909,8443,6/3/2015,5/31/2015,22:39:22,7,24.8,AH0,246,19.2054336,Night,F,L,A,MYSE
151.909,8443,6/3/2015,5/31/2015,22:39:24,7,24.8,AH0,244,19.2054336,Night,F,L,A,MYSE
151.909,8443,6/3/2015,5/31/2015,22:39:27,7,24.8,AH0,244,19.2054336,Night,F,L,A,MYSE
151.909,8443,6/3/2015,5/31/2015,22:39:41,7,24.8,AH0,247,19.2054336,Night,F,L,A,MYSE
151.909,8443,6/3/2015,5/31/2015,22:39:44,7,24.8,AH0,245,19.2054336,Night,F,L,A,MYSE
151.909,8443,6/3/2015,5/31/2015,22:39:46,7,24.8,AH0,242,19.2054336,Night,F,L,A,MYSE
151.909,8443,6/3/2015,5/31/2015,22:39:49,7,24.8,AH0,245,19.2054336,Night,F,L,A,MYSE
151.909,8443,6/3/2015,5/31/2015,22:40:03,7,24.8,AH0,242,19.2054336,Night,F,L,A,MYSE
151.909,8443,6/3/2015,5/31/2015,22:40:06,7,24.8,AH0,246,19.2054336,Night,F,L,A,MYSE
151.909,8443,6/3/2015,5/31/2015,22:40:08,7,24.8,AH0,246,19.2054336,Night,F,L,A,MYSE
151.909,8443,6/3/2015,5/31/2015,22:40:22,7,24.8,AH0,244,19.2054336,Night,F,L,A,MYSE
151.909,8443,6/3/2015,5/31/2015,22:40:25,7,24.8,AH0,245,19.2054336,Night,F,L,A,MYSE
151.909,8443,6/3/2015,5/31/2015,22:40:27,7,24.8,AH0,242,19.2054336,Night,F,L,A,MYSE
151.909,8443,6/3/2015,5/31/2015,22:40:42,7,24.8,AH0,245,19.2054336,Night,F,L,A,MYSE
151.909,8443,6/3/2015,5/31/2015,22:40:44,7,24.8,AH0,245,19.2054336,Night,F,L,A,MYSE
151.909,8443,6/3/2015,5/31/2015,22:40:47,7,24.8,AH0,245,19.2054336,Night,F,L,A,MYSE
151.909,8443,6/3/2015,5/31/2015,22:41:04,7,24.8,AH0,247,19.2054336,Night,F,L,A,MYSE
151.909,8443,6/3/2015,5/31/2015,22:41:06,7,24.8,AH0,246,19.2054336,Night,F,L,A,MYSE
151.909,8443,6/3/2015,5/31/2015,22:41:08,7,24.8,AH0,245,19.2054336,Night,F,L,A,MYSE
151.909,8443,6/3/2015,5/31/2015,22:41:23,7,24.8,AH0,246,19.2054336,Night,F,L,A,MYSE
151.909,8443,6/3/2015,5/31/2015,22:41:25,7,24.8,AH0,247,19.2054336,Night,F,L,A,MYSE
151.909,8443,6/3/2015,5/31/2015,22:41:28,7,24.8,AH0,244,19.2054336,Night,F,L,A,MYSE
151.909,8443,6/3/2015,5/31/2015,22:41:42,7,24.8,AH0,247,19.2054336,Night,F,L,A,MYSE
151.909,8443,6/3/2015,5/31/2015,22:41:45,7,24.8,AH0,244,19.2054336,Night,F,L,A,MYSE
151.909,8443,6/3/2015,5/31/2015,22:41:47,7,24.8,AH0,243,19.2054336,Night,F,L,A,MYSE
151.909,8443,6/3/2015,5/31/2015,22:42:02,7,24.8,AH0,247,19.2054336,Night,F,L,A,MYSE
151.909,8443,6/3/2015,5/31/2015,22:42:04,7,24.8,AH0,246,19.2054336,Night,F,L,A,MYSE
151.909,8443,6/3/2015,5/31/2015,22:42:07,7,24.8,AH0,245,19.2054336,Night,F,L,A,MYSE
151.909,8443,6/3/2015,5/31/2015,22:42:23,7,24.8,AH0,247,19.2054336,Night,F,L,A,MYSE
151.909,8443,6/3/2015,5/31/2015,22:42:26,7,24.8,AH0,244,19.2054336,Night,F,L,A,MYSE
151.909,8443,6/3/2015,5/31/2015,22:42:28,7,24.8,AH0,246,19.2054336,Night,F,L,A,MYSE
151.909,8443,6/3/2015,5/31/2015,22:42:43,7,24.8,AH0,245,19.2054336,Night,F,L,A,MYSE
151.909,8443,6/3/2015,5/31/2015,22:42:45,7,24.8,AH0,243,19.2054336,Night,F,L,A,MYSE
151.909,8443,6/3/2015,5/31/2015,22:42:48,7,24.8,AH0,242,19.2054336,Night,F,L,A,MYSE
151.909,8443,6/3/2015,5/31/2015,22:43:02,7,24.8,AH0,246,19.2054336,Night,F,L,A,MYSE
151.909,8443,6/3/2015,5/31/2015,22:43:05,7,24.8,AH0,244,19.2054336,Night,F,L,A,MYSE
151.909,8443,6/3/2015,5/31/2015,22:43:07,7,24.8,AH0,246,19.2054336,Night,F,L,A,MYSE
151.909,8443,6/3/2015,5/31/2015,22:43:22,7,24.8,AH0,247,19.2054336,Night,F,L,A,MYSE
151.909,8443,6/3/2015,5/31/2015,22:43:24,7,24.8,AH0,245,19.2054336,Night,F,L,A,MYSE
151.909,8443,6/3/2015,5/31/2015,22:43:26,7,24.8,AH0,246,19.2054336,Night,F,L,A,MYSE
151.909,8443,6/3/2015,5/31/2015,22:43:29,7,24.8,AH0,245,19.2054336,Night,F,L,A,MYSE
151.909,8443,6/3/2015,5/31/2015,22:43:43,7,24.8,AH0,245,19.2054336,Night,F,L,A,MYSE
151.909,8443,6/3/2015,5/31/2015,22:43:46,7,24.8,AH0,242,19.2054336,Night,F,L,A,MYSE
151.909,8443,6/3/2015,5/31/2015,22:43:48,7,24.8,AH0,243,19.2054336,Night,F,L,A,MYSE
151.909,8443,6/3/2015,5/31/2015,22:44:03,7,24.8,AH0,243,19.2054336,Night,F,L,A,MYSE
151.909,8443,6/3/2015,5/31/2015,22:44:05,7,24.8,AH0,244,19.2054336,Night,F,L,A,MYSE
151.909,8443,6/3/2015,5/31/2015,22:44:08,7,24.8,AH0,244,19.2054336,Night,F,L,A,MYSE
151.909,8443,6/3/2015,5/31/2015,22:44:22,7,24.8,AH0,245,19.2054336,Night,F,L,A,MYSE
151.909,8443,6/3/2015,5/31/2015,22:44:24,7,24.8,AH0,246,19.2054336,Night,F,L,A,MYSE
151.909,8443,6/3/2015,5/31/2015,22:44:27,7,24.8,AH0,244,19.2054336,Night,F,L,A,MYSE
151.909,8443,6/3/2015,5/31/2015,22:44:41,7,24.8,AH0,245,19.2054336,Night,F,L,A,MYSE
151.909,8443,6/3/2015,5/31/2015,22:44:44,7,24.8,AH0,246,19.2054336,Night,F,L,A,MYSE
151.909,8443,6/3/2015,5/31/2015,22:44:46,7,24.8,AH0,245,19.2054336,Night,F,L,A,MYSE
151.909,8443,6/3/2015,5/31/2015,22:44:49,7,24.8,AH0,246,19.2054336,Night,F,L,A,MYSE
151.909,8443,6/3/2015,5/31/2015,22:45:03,7,24.8,AH0,245,19.2054336,Night,F,L,A,MYSE
151.909,8443,6/3/2015,5/31/2015,22:45:06,7,24.8,AH0,244,19.2054336,Night,F,L,A,MYSE
151.909,8443,6/3/2015,5/31/2015,22:45:08,7,24.8,AH0,245,19.2054336,Night,F,L,A,MYSE
151.909,8443,6/3/2015,5/31/2015,22:45:23,7,24.8,AH0,241,19.2054336,Night,F,L,A,MYSE
151.909,8443,6/3/2015,5/31/2015,22:45:25,7,24.8,AH0,245,19.2054336,Night,F,L,A,MYSE
151.909,8443,6/3/2015,5/31/2015,22:45:27,7,24.8,AH0,245,19.2054336,Night,F,L,A,MYSE
151.909,8443,6/3/2015,5/31/2015,22:45:42,7,24.8,AH0,244,19.2054336,Night,F,L,A,MYSE
151.909,8443,6/3/2015,5/31/2015,22:45:44,7,24.8,AH0,246,19.2054336,Night,F,L,A,MYSE
151.909,8443,6/3/2015,5/31/2015,22:45:47,7,24.8,AH0,246,19.2054336,Night,F,L,A,MYSE
151.909,8443,6/3/2015,5/31/2015,22:46:01,7,24.8,AH0,244,19.2054336,Night,F,L,A,MYSE
151.909,8443,6/3/2015,5/31/2015,22:46:04,7,24.8,AH0,245,19.2054336,Night,F,L,A,MYSE
151.909,8443,6/3/2015,5/31/2015,22:46:06,7,24.8,AH0,246,19.2054336,Night,F,L,A,MYSE
151.909,8443,6/3/2015,5/31/2015,22:46:09,7,24.8,AH0,246,19.2054336,Night,F,L,A,MYSE
151.909,8443,6/3/2015,5/31/2015,22:46:23,7,24.8,AH0,246,19.2054336,Night,F,L,A,MYSE
151.909,8443,6/3/2015,5/31/2015,22:46:25,7,24.8,AH0,243,19.2054336,Night,F,L,A,MYSE
151.909,8443,6/3/2015,5/31/2015,22:46:28,7,24.8,AH0,245,19.2054336,Night,F,L,A,MYSE
151.909,8443,6/3/2015,5/31/2015,22:46:42,7,24.8,AH0,244,19.2054336,Night,F,L,A,MYSE
151.909,8443,6/3/2015,5/31/2015,22:46:45,7,24.8,AH0,244,19.2054336,Night,F,L,A,MYSE
151.909,8443,6/3/2015,5/31/2015,22:46:47,7,24.8,AH0,244,19.2054336,Night,F,L,A,MYSE
151.909,8443,6/3/2015,5/31/2015,22:47:02,7,24.8,AH0,245,19.2054336,Night,F,L,A,MYSE
151.909,8443,6/3/2015,5/31/2015,22:47:04,7,24.8,AH0,247,19.2054336,Night,F,L,A,MYSE
151.909,8443,6/3/2015,5/31/2015,22:47:07,7,24.8,AH0,244,19.2054336,Night,F,L,A,MYSE
151.909,8443,6/3/2015,5/31/2015,22:47:24,7,24.8,AH0,246,19.2054336,Night,F,L,A,MYSE
151.909,8443,6/3/2015,5/31/2015,22:47:26,7,24.8,AH0,244,19.2054336,Night,F,L,A,MYSE
151.909,8443,6/3/2015,5/31/2015,22:47:28,7,24.8,AH0,242,19.2054336,Night,F,L,A,MYSE
151.909,8443,6/3/2015,5/31/2015,22:47:43,7,24.8,AH0,246,19.2054336,Night,F,L,A,MYSE
151.909,8443,6/3/2015,5/31/2015,22:47:45,7,24.8,AH0,244,19.2054336,Night,F,L,A,MYSE
151.909,8443,6/3/2015,5/31/2015,22:47:48,7,24.8,AH0,245,19.2054336,Night,F,L,A,MYSE
151.909,8443,6/3/2015,5/31/2015,22:48:02,7,24.8,AH0,246,19.2054336,Night,F,L,A,MYSE
151.909,8443,6/3/2015,5/31/2015,22:48:05,7,24.7,AH0,242,18.8613459,Night,F,L,A,MYSE
151.909,8443,6/3/2015,5/31/2015,22:48:07,7,24.8,AH0,246,19.2054336,Night,F,L,A,MYSE
151.909,8443,6/3/2015,5/31/2015,22:48:22,7,24.7,AH0,243,18.8613459,Night,F,L,A,MYSE
151.909,8443,6/3/2015,5/31/2015,22:48:24,7,24.7,AH0,241,18.8613459,Night,F,L,A,MYSE
151.909,8443,6/3/2015,5/31/2015,22:48:27,7,24.7,AH0,244,18.8613459,Night,F,L,A,MYSE
151.909,8443,6/3/2015,5/31/2015,22:48:44,7,24.7,AH0,244,18.8613459,Night,F,L,A,MYSE
151.909,8443,6/3/2015,5/31/2015,22:48:46,7,24.7,AH0,242,18.8613459,Night,F,L,A,MYSE
151.909,8443,6/3/2015,5/31/2015,22:48:48,7,24.7,AH0,243,18.8613459,Night,F,L,A,MYSE
151.909,8443,6/3/2015,5/31/2015,22:49:03,7,24.7,AH0,246,18.8613459,Night,F,L,A,MYSE
151.909,8443,6/3/2015,5/31/2015,22:49:05,7,24.7,AH0,244,18.8613459,Night,F,L,A,MYSE
151.909,8443,6/3/2015,5/31/2015,22:49:08,7,24.7,AH0,245,18.8613459,Night,F,L,A,MYSE
151.909,8443,6/3/2015,5/31/2015,22:49:22,7,24.7,AH0,244,18.8613459,Night,F,L,A,MYSE
151.909,8443,6/3/2015,5/31/2015,22:49:25,7,24.7,AH0,245,18.8613459,Night,F,L,A,MYSE
151.909,8443,6/3/2015,5/31/2015,22:49:27,7,24.7,AH0,244,18.8613459,Night,F,L,A,MYSE
151.909,8443,6/3/2015,5/31/2015,22:49:42,7,24.7,AH0,245,18.8613459,Night,F,L,A,MYSE
151.909,8443,6/3/2015,5/31/2015,22:49:44,7,24.7,AH0,244,18.8613459,Night,F,L,A,MYSE
151.909,8443,6/3/2015,5/31/2015,22:49:47,7,24.7,AH0,244,18.8613459,Night,F,L,A,MYSE
151.909,8443,6/3/2015,5/31/2015,22:50:01,7,24.7,AH0,245,18.8613459,Night,F,L,A,MYSE
151.909,8443,6/3/2015,5/31/2015,22:50:04,7,24.7,AH0,246,18.8613459,Night,F,L,A,MYSE
151.909,8443,6/3/2015,5/31/2015,22:50:06,7,24.7,AH0,244,18.8613459,Night,F,L,A,MYSE
151.909,8443,6/3/2015,5/31/2015,22:50:09,7,24.7,AH0,247,18.8613459,Night,F,L,A,MYSE
151.909,8443,6/3/2015,5/31/2015,22:50:23,7,24.7,AH0,246,18.8613459,Night,F,L,A,MYSE
151.909,8443,6/3/2015,5/31/2015,22:50:26,7,24.7,AH0,246,18.8613459,Night,F,L,A,MYSE
151.909,8443,6/3/2015,5/31/2015,22:50:28,7,24.7,AH0,248,18.8613459,Night,F,L,A,MYSE
151.909,8443,6/3/2015,5/31/2015,22:50:43,7,24.7,AH0,244,18.8613459,Night,F,L,A,MYSE
151.909,8443,6/3/2015,5/31/2015,22:50:45,7,24.7,AH0,242,18.8613459,Night,F,L,A,MYSE
151.909,8443,6/3/2015,5/31/2015,22:50:47,7,24.7,AH0,244,18.8613459,Night,F,L,A,MYSE
151.909,8443,6/3/2015,5/31/2015,22:51:02,7,24.7,AH0,243,18.8613459,Night,F,L,A,MYSE
151.909,8443,6/3/2015,5/31/2015,22:51:04,7,24.7,AH0,245,18.8613459,Night,F,L,A,MYSE
151.909,8443,6/3/2015,5/31/2015,22:51:07,7,24.7,AH0,242,18.8613459,Night,F,L,A,MYSE
151.909,8443,6/3/2015,5/31/2015,22:51:21,7,24.7,AH0,246,18.8613459,Night,F,L,A,MYSE
151.909,8443,6/3/2015,5/31/2015,22:51:24,7,24.7,AH0,243,18.8613459,Night,F,L,A,MYSE
151.909,8443,6/3/2015,5/31/2015,22:51:26,7,24.7,AH0,244,18.8613459,Night,F,L,A,MYSE
151.909,8443,6/3/2015,5/31/2015,22:51:29,7,24.7,AH0,243,18.8613459,Night,F,L,A,MYSE
151.909,8443,6/3/2015,5/31/2015,22:51:43,7,24.7,AH0,243,18.8613459,Night,F,L,A,MYSE
151.909,8443,6/3/2015,5/31/2015,22:51:46,7,24.7,AH0,242,18.8613459,Night,F,L,A,MYSE
151.909,8443,6/3/2015,5/31/2015,22:51:48,7,24.7,AH0,242,18.8613459,Night,F,L,A,MYSE
151.909,8443,6/3/2015,5/31/2015,22:52:03,7,24.7,AH0,243,18.8613459,Night,F,L,A,MYSE
151.909,8443,6/3/2015,5/31/2015,22:52:05,7,24.7,AH0,244,18.8613459,Night,F,L,A,MYSE
151.909,8443,6/3/2015,5/31/2015,22:52:08,7,24.7,AH0,246,18.8613459,Night,F,L,A,MYSE
151.909,8443,6/3/2015,5/31/2015,22:52:22,7,24.7,AH0,243,18.8613459,Night,F,L,A,MYSE
151.909,8443,6/3/2015,5/31/2015,22:52:25,7,24.7,AH0,244,18.8613459,Night,F,L,A,MYSE
151.909,8443,6/3/2015,5/31/2015,22:52:27,7,24.7,AH0,241,18.8613459,Night,F,L,A,MYSE
151.909,8443,6/3/2015,5/31/2015,22:52:42,7,24.7,AH0,245,18.8613459,Night,F,L,A,MYSE
151.909,8443,6/3/2015,5/31/2015,22:52:44,7,24.7,AH0,242,18.8613459,Night,F,L,A,MYSE
151.909,8443,6/3/2015,5/31/2015,22:52:46,7,24.7,AH0,243,18.8613459,Night,F,L,A,MYSE
151.909,8443,6/3/2015,5/31/2015,22:53:03,7,24.7,AH0,244,18.8613459,Night,F,L,A,MYSE
151.909,8443,6/3/2015,5/31/2015,22:53:06,7,24.7,AH0,246,18.8613459,Night,F,L,A,MYSE
151.909,8443,6/3/2015,5/31/2015,22:53:08,7,24.7,AH0,246,18.8613459,Night,F,L,A,MYSE
151.909,8443,6/3/2015,5/31/2015,22:53:23,7,24.7,AH0,242,18.8613459,Night,F,L,A,MYSE
151.909,8443,6/3/2015,5/31/2015,22:53:25,7,24.7,AH0,245,18.8613459,Night,F,L,A,MYSE
151.909,8443,6/3/2015,5/31/2015,22:53:28,7,24.7,AH0,241,18.8613459,Night,F,L,A,MYSE
151.909,8443,6/3/2015,5/31/2015,22:53:42,7,24.7,AH0,243,18.8613459,Night,F,L,A,MYSE
151.909,8443,6/3/2015,5/31/2015,22:53:45,7,24.7,AH0,243,18.8613459,Night,F,L,A,MYSE
151.909,8443,6/3/2015,5/31/2015,22:53:47,7,24.7,AH0,244,18.8613459,Night,F,L,A,MYSE
151.909,8443,6/3/2015,5/31/2015,22:54:02,7,24.7,AH0,246,18.8613459,Night,F,L,A,MYSE
151.909,8443,6/3/2015,5/31/2015,22:54:04,7,24.7,AH0,244,18.8613459,Night,F,L,A,MYSE
151.909,8443,6/3/2015,5/31/2015,22:54:07,7,24.7,AH0,246,18.8613459,Night,F,L,A,MYSE
151.909,8443,6/3/2015,5/31/2015,22:54:21,7,24.7,AH0,245,18.8613459,Night,F,L,A,MYSE
151.909,8443,6/3/2015,5/31/2015,22:54:24,7,24.7,AH0,245,18.8613459,Night,F,L,A,MYSE
151.909,8443,6/3/2015,5/31/2015,22:54:26,7,24.7,AH0,244,18.8613459,Night,F,L,A,MYSE
151.909,8443,6/3/2015,5/31/2015,22:54:28,7,24.7,AH0,244,18.8613459,Night,F,L,A,MYSE
151.909,8443,6/3/2015,5/31/2015,22:54:43,7,24.6,AH0,245,18.5135288,Night,F,L,A,MYSE
151.909,8443,6/3/2015,5/31/2015,22:54:46,7,24.6,AH0,247,18.5135288,Night,F,L,A,MYSE
151.909,8443,6/3/2015,5/31/2015,22:54:48,7,24.6,AH0,246,18.5135288,Night,F,L,A,MYSE
151.909,8443,6/3/2015,5/31/2015,22:55:03,7,24.6,AH0,247,18.5135288,Night,F,L,A,MYSE
151.909,8443,6/3/2015,5/31/2015,22:55:05,7,24.6,AH0,247,18.5135288,Night,F,L,A,MYSE
151.909,8443,6/3/2015,5/31/2015,22:55:07,7,24.6,AH0,243,18.5135288,Night,F,L,A,MYSE
151.909,8443,6/3/2015,5/31/2015,22:55:22,7,24.6,AH0,243,18.5135288,Night,F,L,A,MYSE
151.909,8443,6/3/2015,5/31/2015,22:55:25,7,24.6,AH0,244,18.5135288,Night,F,L,A,MYSE
151.909,8443,6/3/2015,5/31/2015,22:55:27,7,24.6,AH0,247,18.5135288,Night,F,L,A,MYSE
151.909,8443,6/3/2015,5/31/2015,22:55:42,7,24.6,AH0,244,18.5135288,Night,F,L,A,MYSE
151.909,8443,6/3/2015,5/31/2015,22:55:44,7,24.6,AH0,246,18.5135288,Night,F,L,A,MYSE
151.909,8443,6/3/2015,5/31/2015,22:55:47,7,24.6,AH0,245,18.5135288,Night,F,L,A,MYSE
151.909,8443,6/3/2015,5/31/2015,22:56:01,7,24.6,AH0,245,18.5135288,Night,F,L,A,MYSE
151.909,8443,6/3/2015,5/31/2015,22:56:04,7,24.6,AH0,245,18.5135288,Night,F,L,A,MYSE
151.909,8443,6/3/2015,5/31/2015,22:56:06,7,24.6,AH0,246,18.5135288,Night,F,L,A,MYSE
151.909,8443,6/3/2015,5/31/2015,22:56:09,7,24.6,AH0,244,18.5135288,Night,F,L,A,MYSE
151.909,8443,6/3/2015,5/31/2015,22:56:23,7,24.6,AH0,244,18.5135288,Night,F,L,A,MYSE
151.909,8443,6/3/2015,5/31/2015,22:56:26,7,24.5,AH0,246,18.1619625,Night,F,L,A,MYSE
151.909,8443,6/3/2015,5/31/2015,22:56:28,7,24.5,AH0,246,18.1619625,Night,F,L,A,MYSE
151.909,8443,6/3/2015,5/31/2015,22:56:43,7,24.6,AH0,246,18.5135288,Night,F,L,A,MYSE
151.909,8443,6/3/2015,5/31/2015,22:56:45,7,24.5,AH0,245,18.1619625,Night,F,L,A,MYSE
151.909,8443,6/3/2015,5/31/2015,22:56:48,7,24.6,AH0,247,18.5135288,Night,F,L,A,MYSE
151.909,8443,6/3/2015,5/31/2015,22:57:02,7,24.5,AH0,245,18.1619625,Night,F,L,A,MYSE
151.909,8443,6/3/2015,5/31/2015,22:57:05,7,24.5,AH0,245,18.1619625,Night,F,L,A,MYSE
151.909,8443,6/3/2015,5/31/2015,22:57:07,7,24.5,AH0,245,18.1619625,Night,F,L,A,MYSE
151.909,8443,6/3/2015,5/31/2015,22:57:22,7,24.5,AH0,244,18.1619625,Night,F,L,A,MYSE
151.909,8443,6/3/2015,5/31/2015,22:57:24,7,24.5,AH0,244,18.1619625,Night,F,L,A,MYSE
151.909,8443,6/3/2015,5/31/2015,22:57:27,7,24.5,AH0,245,18.1619625,Night,F,L,A,MYSE
151.909,8443,6/3/2015,5/31/2015,22:57:41,7,24.5,AH0,243,18.1619625,Night,F,L,A,MYSE
151.909,8443,6/3/2015,5/31/2015,22:57:44,7,24.5,AH0,245,18.1619625,Night,F,L,A,MYSE
151.909,8443,6/3/2015,5/31/2015,22:57:46,7,24.5,AH0,243,18.1619625,Night,F,L,A,MYSE
151.909,8443,6/3/2015,5/31/2015,22:58:03,7,24.5,AH0,244,18.1619625,Night,F,L,A,MYSE
151.909,8443,6/3/2015,5/31/2015,22:58:06,7,24.5,AH0,245,18.1619625,Night,F,L,A,MYSE
151.909,8443,6/3/2015,5/31/2015,22:58:08,7,24.5,AH0,242,18.1619625,Night,F,L,A,MYSE
151.909,8443,6/3/2015,5/31/2015,22:58:23,7,24.6,AH0,244,18.5135288,Night,F,L,A,MYSE
151.909,8443,6/3/2015,5/31/2015,22:58:25,7,24.6,AH0,244,18.5135288,Night,F,L,A,MYSE
151.909,8443,6/3/2015,5/31/2015,22:58:28,7,24.6,AH0,246,18.5135288,Night,F,L,A,MYSE
151.909,8443,6/3/2015,5/31/2015,22:58:43,7,24.6,AH0,243,18.5135288,Night,F,L,A,MYSE
151.909,8443,6/3/2015,5/31/2015,22:58:45,7,24.6,AH0,244,18.5135288,Night,F,L,A,MYSE
151.909,8443,6/3/2015,5/31/2015,22:58:47,7,24.6,AH0,245,18.5135288,Night,F,L,A,MYSE
151.909,8443,6/3/2015,5/31/2015,22:59:02,7,24.6,AH0,245,18.5135288,Night,F,L,A,MYSE
151.909,8443,6/3/2015,5/31/2015,22:59:04,7,24.6,AH0,246,18.5135288,Night,F,L,A,MYSE
151.909,8443,6/3/2015,5/31/2015,22:59:07,7,24.6,AH0,245,18.5135288,Night,F,L,A,MYSE
151.909,8443,6/3/2015,5/31/2015,22:59:22,7,24.6,AH0,243,18.5135288,Night,F,L,A,MYSE
151.909,8443,6/3/2015,5/31/2015,22:59:24,7,24.6,AH0,244,18.5135288,Night,F,L,A,MYSE
151.909,8443,6/3/2015,5/31/2015,22:59:26,7,24.6,AH0,242,18.5135288,Night,F,L,A,MYSE
151.909,8443,6/3/2015,5/31/2015,22:59:41,7,24.6,AH0,242,18.5135288,Night,F,L,A,MYSE
151.909,8443,6/3/2015,5/31/2015,22:59:44,7,24.6,AH0,244,18.5135288,Night,F,L,A,MYSE
151.909,8443,6/3/2015,5/31/2015,22:59:46,7,24.6,AH0,241,18.5135288,Night,F,L,A,MYSE
151.909,8443,6/3/2015,5/31/2015,22:59:48,7,24.6,AH0,239,18.5135288,Night,F,L,A,MYSE
151.909,8443,6/3/2015,5/31/2015,23:00:03,7,24.6,AH0,246,18.5135288,Night,F,L,A,MYSE
151.909,8443,6/3/2015,5/31/2015,23:00:06,7,24.6,AH0,246,18.5135288,Night,F,L,A,MYSE
151.909,8443,6/3/2015,5/31/2015,23:00:08,7,24.6,AH0,243,18.5135288,Night,F,L,A,MYSE
151.909,8443,6/3/2015,5/31/2015,23:00:23,7,24.6,AH0,246,18.5135288,Night,F,L,A,MYSE
151.909,8443,6/3/2015,5/31/2015,23:00:25,7,24.6,AH0,243,18.5135288,Night,F,L,A,MYSE
151.909,8443,6/3/2015,5/31/2015,23:00:28,7,24.6,AH0,246,18.5135288,Night,F,L,A,MYSE
151.909,8443,6/3/2015,5/31/2015,23:00:42,7,24.6,AH0,242,18.5135288,Night,F,L,A,MYSE
151.909,8443,6/3/2015,5/31/2015,23:00:45,7,24.6,AH0,244,18.5135288,Night,F,L,A,MYSE
151.909,8443,6/3/2015,5/31/2015,23:00:47,7,24.6,AH0,243,18.5135288,Night,F,L,A,MYSE
151.909,8443,6/3/2015,5/31/2015,23:01:02,7,24.6,AH0,242,18.5135288,Night,F,L,A,MYSE
151.909,8443,6/3/2015,5/31/2015,23:01:04,7,24.6,AH0,245,18.5135288,Night,F,L,A,MYSE
151.909,8443,6/3/2015,5/31/2015,23:01:07,7,24.6,AH0,244,18.5135288,Night,F,L,A,MYSE
151.909,8443,6/3/2015,5/31/2015,23:01:21,7,24.6,AH0,241,18.5135288,Night,F,L,A,MYSE
151.909,8443,6/3/2015,5/31/2015,23:01:24,7,24.6,AH0,245,18.5135288,Night,F,L,A,MYSE
151.909,8443,6/3/2015,5/31/2015,23:01:26,7,24.6,AH0,244,18.5135288,Night,F,L,A,MYSE
151.909,8443,6/3/2015,5/31/2015,23:01:43,7,24.6,AH0,245,18.5135288,Night,F,L,A,MYSE
151.909,8443,6/3/2015,5/31/2015,23:01:46,7,24.6,AH0,244,18.5135288,Night,F,L,A,MYSE
151.909,8443,6/3/2015,5/31/2015,23:01:48,7,24.6,AH0,243,18.5135288,Night,F,L,A,MYSE
151.909,8443,6/3/2015,5/31/2015,23:02:03,7,24.6,AH0,245,18.5135288,Night,F,L,A,MYSE
151.909,8443,6/3/2015,5/31/2015,23:02:05,7,24.6,AH0,244,18.5135288,Night,F,L,A,MYSE
151.909,8443,6/3/2015,5/31/2015,23:02:08,7,24.6,AH0,244,18.5135288,Night,F,L,A,MYSE
151.909,8443,6/3/2015,5/31/2015,23:02:22,7,24.6,AH0,245,18.5135288,Night,F,L,A,MYSE
151.909,8443,6/3/2015,5/31/2015,23:02:25,7,24.6,AH0,245,18.5135288,Night,F,L,A,MYSE
151.909,8443,6/3/2015,5/31/2015,23:02:27,7,24.6,AH0,245,18.5135288,Night,F,L,A,MYSE
151.909,8443,6/3/2015,5/31/2015,23:02:42,7,24.6,AH0,246,18.5135288,Night,F,L,A,MYSE
151.909,8443,6/3/2015,5/31/2015,23:02:44,7,24.6,AH0,245,18.5135288,Night,F,L,A,MYSE
151.909,8443,6/3/2015,5/31/2015,23:02:47,7,24.6,AH0,244,18.5135288,Night,F,L,A,MYSE
151.909,8443,6/3/2015,5/31/2015,23:03:01,7,24.6,AH0,244,18.5135288,Night,F,L,A,MYSE
151.909,8443,6/3/2015,5/31/2015,23:03:04,7,24.6,AH0,245,18.5135288,Night,F,L,A,MYSE
151.909,8443,6/3/2015,5/31/2015,23:03:06,7,24.6,AH0,245,18.5135288,Night,F,L,A,MYSE
151.909,8443,6/3/2015,5/31/2015,23:03:23,7,24.6,AH0,243,18.5135288,Night,F,L,A,MYSE
151.909,8443,6/3/2015,5/31/2015,23:03:26,7,24.6,AH0,242,18.5135288,Night,F,L,A,MYSE
151.909,8443,6/3/2015,5/31/2015,23:03:28,7,24.6,AH0,243,18.5135288,Night,F,L,A,MYSE
151.909,8443,6/3/2015,5/31/2015,23:03:43,7,24.6,AH0,246,18.5135288,Night,F,L,A,MYSE
151.909,8443,6/3/2015,5/31/2015,23:03:45,7,24.6,AH0,244,18.5135288,Night,F,L,A,MYSE
151.909,8443,6/3/2015,5/31/2015,23:03:48,7,24.6,AH0,244,18.5135288,Night,F,L,A,MYSE
151.909,8443,6/3/2015,5/31/2015,23:04:02,7,24.6,AH0,245,18.5135288,Night,F,L,A,MYSE
151.909,8443,6/3/2015,5/31/2015,23:04:05,7,24.6,AH0,242,18.5135288,Night,F,L,A,MYSE
151.909,8443,6/3/2015,5/31/2015,23:04:07,7,24.6,AH0,246,18.5135288,Night,F,L,A,MYSE
151.909,8443,6/3/2015,5/31/2015,23:04:22,7,24.6,AH0,244,18.5135288,Night,F,L,A,MYSE
151.909,8443,6/3/2015,5/31/2015,23:04:24,7,24.6,AH0,245,18.5135288,Night,F,L,A,MYSE
151.909,8443,6/3/2015,5/31/2015,23:04:27,7,24.6,AH0,246,18.5135288,Night,F,L,A,MYSE
151.909,8443,6/3/2015,5/31/2015,23:04:41,7,24.6,AH0,246,18.5135288,Night,F,L,A,MYSE
151.909,8443,6/3/2015,5/31/2015,23:04:44,7,24.6,AH0,244,18.5135288,Night,F,L,A,MYSE
151.909,8443,6/3/2015,5/31/2015,23:04:46,7,24.6,AH0,244,18.5135288,Night,F,L,A,MYSE
151.909,8443,6/3/2015,5/31/2015,23:05:03,7,24.6,AH0,243,18.5135288,Night,F,L,A,MYSE
151.909,8443,6/3/2015,5/31/2015,23:05:06,7,24.6,AH0,245,18.5135288,Night,F,L,A,MYSE
151.909,8443,6/3/2015,5/31/2015,23:05:08,7,24.6,AH0,242,18.5135288,Night,F,L,A,MYSE
151.909,8443,6/3/2015,5/31/2015,23:05:23,7,24.6,AH0,245,18.5135288,Night,F,L,A,MYSE
151.909,8443,6/3/2015,5/31/2015,23:05:25,7,24.6,AH0,244,18.5135288,Night,F,L,A,MYSE
151.909,8443,6/3/2015,5/31/2015,23:05:28,7,24.6,AH0,244,18.5135288,Night,F,L,A,MYSE
151.909,8443,6/3/2015,5/31/2015,23:05:42,7,24.6,AH0,245,18.5135288,Night,F,L,A,MYSE
151.909,8443,6/3/2015,5/31/2015,23:05:45,7,24.6,AH0,247,18.5135288,Night,F,L,A,MYSE
151.909,8443,6/3/2015,5/31/2015,23:05:47,7,24.6,AH0,245,18.5135288,Night,F,L,A,MYSE
151.909,8443,6/3/2015,5/31/2015,23:06:02,7,24.6,AH0,246,18.5135288,Night,F,L,A,MYSE
151.909,8443,6/3/2015,5/31/2015,23:06:04,7,24.6,AH0,245,18.5135288,Night,F,L,A,MYSE
151.909,8443,6/3/2015,5/31/2015,23:06:07,7,24.6,AH0,246,18.5135288,Night,F,L,A,MYSE
151.909,8443,6/3/2015,5/31/2015,23:06:22,7,24.6,AH0,244,18.5135288,Night,F,L,A,MYSE
151.909,8443,6/3/2015,5/31/2015,23:06:25,7,24.6,AH0,244,18.5135288,Night,F,L,A,MYSE
151.909,8443,6/3/2015,5/31/2015,23:06:27,7,24.6,AH0,243,18.5135288,Night,F,L,A,MYSE
151.909,8443,6/3/2015,5/31/2015,23:06:44,7,24.6,AH0,243,18.5135288,Night,F,L,A,MYSE
151.909,8443,6/3/2015,5/31/2015,23:06:47,7,24.6,AH0,244,18.5135288,Night,F,L,A,MYSE
151.909,8443,6/3/2015,5/31/2015,23:06:49,7,24.6,AH0,245,18.5135288,Night,F,L,A,MYSE
151.909,8443,6/3/2015,5/31/2015,23:07:04,7,24.6,AH0,242,18.5135288,Night,F,L,A,MYSE
151.909,8443,6/3/2015,5/31/2015,23:07:06,7,24.6,AH0,245,18.5135288,Night,F,L,A,MYSE
151.909,8443,6/3/2015,5/31/2015,23:07:09,7,24.6,AH0,244,18.5135288,Night,F,L,A,MYSE
151.909,8443,6/3/2015,5/31/2015,23:07:23,7,24.6,AH0,247,18.5135288,Night,F,L,A,MYSE
151.909,8443,6/3/2015,5/31/2015,23:07:26,7,24.6,AH0,246,18.5135288,Night,F,L,A,MYSE
151.909,8443,6/3/2015,5/31/2015,23:07:28,7,24.6,AH0,245,18.5135288,Night,F,L,A,MYSE
151.909,8443,6/3/2015,5/31/2015,23:07:43,7,24.6,AH0,245,18.5135288,Night,F,L,A,MYSE
151.909,8443,6/3/2015,5/31/2015,23:07:45,7,24.6,AH0,241,18.5135288,Night,F,L,A,MYSE
151.909,8443,6/3/2015,5/31/2015,23:07:48,7,24.6,AH0,244,18.5135288,Night,F,L,A,MYSE
151.909,8443,6/3/2015,5/31/2015,23:08:02,7,24.6,AH0,243,18.5135288,Night,F,L,A,MYSE
151.909,8443,6/3/2015,5/31/2015,23:08:05,7,24.6,AH0,245,18.5135288,Night,F,L,A,MYSE
151.909,8443,6/3/2015,5/31/2015,23:08:07,7,24.6,AH0,242,18.5135288,Night,F,L,A,MYSE
151.909,8443,6/3/2015,5/31/2015,23:08:24,7,24.7,AH0,245,18.8613459,Night,F,L,A,MYSE
151.909,8443,6/3/2015,5/31/2015,23:08:27,7,24.6,AH0,246,18.5135288,Night,F,L,A,MYSE
151.909,8443,6/3/2015,5/31/2015,23:08:29,7,24.7,AH0,245,18.8613459,Night,F,L,A,MYSE
151.909,8443,6/3/2015,5/31/2015,23:08:44,7,24.6,AH0,246,18.5135288,Night,F,L,A,MYSE
151.909,8443,6/3/2015,5/31/2015,23:08:46,7,24.7,AH0,245,18.8613459,Night,F,L,A,MYSE
151.909,8443,6/3/2015,5/31/2015,23:08:48,7,24.7,AH0,245,18.8613459,Night,F,L,A,MYSE
151.909,8443,6/3/2015,5/31/2015,23:09:03,7,24.7,AH0,244,18.8613459,Night,F,L,A,MYSE
151.909,8443,6/3/2015,5/31/2015,23:09:05,7,24.7,AH0,243,18.8613459,Night,F,L,A,MYSE
151.909,8443,6/3/2015,5/31/2015,23:09:08,7,24.7,AH0,245,18.8613459,Night,F,L,A,MYSE
151.909,8443,6/3/2015,5/31/2015,23:09:23,7,24.6,AH0,244,18.5135288,Night,F,L,A,MYSE
151.909,8443,6/3/2015,5/31/2015,23:09:25,7,24.6,AH0,245,18.5135288,Night,F,L,A,MYSE
151.909,8443,6/3/2015,5/31/2015,23:09:27,7,24.7,AH0,247,18.8613459,Night,F,L,A,MYSE
151.909,8443,6/3/2015,5/31/2015,23:09:42,7,24.7,AH0,246,18.8613459,Night,F,L,A,MYSE
151.909,8443,6/3/2015,5/31/2015,23:09:44,7,24.7,AH0,245,18.8613459,Night,F,L,A,MYSE
151.909,8443,6/3/2015,5/31/2015,23:09:47,7,24.7,AH0,246,18.8613459,Night,F,L,A,MYSE
151.909,8443,6/3/2015,5/31/2015,23:09:49,7,24.7,AH0,242,18.8613459,Night,F,L,A,MYSE
151.909,8443,6/3/2015,5/31/2015,23:10:04,7,24.6,AH0,245,18.5135288,Night,F,L,A,MYSE
151.909,8443,6/3/2015,5/31/2015,23:10:06,7,24.6,AH0,244,18.5135288,Night,F,L,A,MYSE
151.909,8443,6/3/2015,5/31/2015,23:10:09,7,24.6,AH0,244,18.5135288,Night,F,L,A,MYSE
151.909,8443,6/3/2015,5/31/2015,23:10:23,7,24.6,AH0,244,18.5135288,Night,F,L,A,MYSE
151.909,8443,6/3/2015,5/31/2015,23:10:26,7,24.6,AH0,245,18.5135288,Night,F,L,A,MYSE
151.909,8443,6/3/2015,5/31/2015,23:10:28,7,24.6,AH0,244,18.5135288,Night,F,L,A,MYSE
151.909,8443,6/3/2015,5/31/2015,23:10:43,7,24.6,AH0,244,18.5135288,Night,F,L,A,MYSE
151.909,8443,6/3/2015,5/31/2015,23:10:45,7,24.6,AH0,244,18.5135288,Night,F,L,A,MYSE
151.909,8443,6/3/2015,5/31/2015,23:10:48,7,24.6,AH0,245,18.5135288,Night,F,L,A,MYSE
151.909,8443,6/3/2015,5/31/2015,23:11:02,7,24.6,AH0,244,18.5135288,Night,F,L,A,MYSE
151.909,8443,6/3/2015,5/31/2015,23:11:05,7,24.6,AH0,244,18.5135288,Night,F,L,A,MYSE
151.909,8443,6/3/2015,5/31/2015,23:11:07,7,24.6,AH0,244,18.5135288,Night,F,L,A,MYSE
151.909,8443,6/3/2015,5/31/2015,23:11:22,7,24.6,AH0,246,18.5135288,Night,F,L,A,MYSE
151.909,8443,6/3/2015,5/31/2015,23:11:24,7,24.6,AH0,246,18.5135288,Night,F,L,A,MYSE
151.909,8443,6/3/2015,5/31/2015,23:11:27,7,24.6,AH0,245,18.5135288,Night,F,L,A,MYSE
151.909,8443,6/3/2015,5/31/2015,23:11:29,7,24.6,AH0,244,18.5135288,Night,F,L,A,MYSE
151.909,8443,6/3/2015,5/31/2015,23:11:44,7,24.6,AH0,244,18.5135288,Night,F,L,A,MYSE
151.909,8443,6/3/2015,5/31/2015,23:11:46,7,24.6,AH0,243,18.5135288,Night,F,L,A,MYSE
151.909,8443,6/3/2015,5/31/2015,23:11:49,7,24.6,AH0,244,18.5135288,Night,F,L,A,MYSE
151.909,8443,6/3/2015,5/31/2015,23:12:03,7,24.6,AH0,245,18.5135288,Night,F,L,A,MYSE
151.909,8443,6/3/2015,5/31/2015,23:12:06,7,24.6,AH0,246,18.5135288,Night,F,L,A,MYSE
151.909,8443,6/3/2015,5/31/2015,23:12:08,7,24.6,AH0,247,18.5135288,Night,F,L,A,MYSE
151.909,8443,6/3/2015,5/31/2015,23:12:23,7,24.6,AH0,244,18.5135288,Night,F,L,A,MYSE
151.909,8443,6/3/2015,5/31/2015,23:12:25,7,24.6,AH0,243,18.5135288,Night,F,L,A,MYSE
151.909,8443,6/3/2015,5/31/2015,23:12:28,7,24.6,AH0,245,18.5135288,Night,F,L,A,MYSE
151.909,8443,6/3/2015,5/31/2015,23:12:43,7,24.6,AH0,245,18.5135288,Night,F,L,A,MYSE
151.909,8443,6/3/2015,5/31/2015,23:12:45,7,24.6,AH0,246,18.5135288,Night,F,L,A,MYSE
151.909,8443,6/3/2015,5/31/2015,23:12:47,7,24.6,AH0,247,18.5135288,Night,F,L,A,MYSE
151.909,8443,6/3/2015,5/31/2015,23:13:02,7,24.6,AH0,244,18.5135288,Night,F,L,A,MYSE
151.909,8443,6/3/2015,5/31/2015,23:13:05,7,24.6,AH0,244,18.5135288,Night,F,L,A,MYSE
151.909,8443,6/3/2015,5/31/2015,23:13:07,7,24.5,AH0,246,18.1619625,Night,F,L,A,MYSE
151.909,8443,6/3/2015,5/31/2015,23:13:24,7,24.5,AH0,246,18.1619625,Night,F,L,A,MYSE
151.909,8443,6/3/2015,5/31/2015,23:13:27,7,24.5,AH0,246,18.1619625,Night,F,L,A,MYSE
151.909,8443,6/3/2015,5/31/2015,23:13:29,7,24.5,AH0,243,18.1619625,Night,F,L,A,MYSE
151.909,8443,6/3/2015,5/31/2015,23:13:44,7,24.5,AH0,247,18.1619625,Night,F,L,A,MYSE
151.909,8443,6/3/2015,5/31/2015,23:13:46,7,24.5,AH0,244,18.1619625,Night,F,L,A,MYSE
151.909,8443,6/3/2015,5/31/2015,23:13:49,7,24.5,AH0,246,18.1619625,Night,F,L,A,MYSE
151.909,8443,6/3/2015,5/31/2015,23:14:03,7,24.5,AH0,245,18.1619625,Night,F,L,A,MYSE
151.909,8443,6/3/2015,5/31/2015,23:14:06,7,24.5,AH0,247,18.1619625,Night,F,L,A,MYSE
151.909,8443,6/3/2015,5/31/2015,23:14:08,7,24.5,AH0,245,18.1619625,Night,F,L,A,MYSE
151.909,8443,6/3/2015,5/31/2015,23:14:23,7,24.5,AH0,245,18.1619625,Night,F,L,A,MYSE
151.909,8443,6/3/2015,5/31/2015,23:14:25,7,24.5,AH0,246,18.1619625,Night,F,L,A,MYSE
151.909,8443,6/3/2015,5/31/2015,23:14:28,7,24.5,AH0,247,18.1619625,Night,F,L,A,MYSE
151.909,8443,6/3/2015,5/31/2015,23:14:42,7,24.5,AH0,245,18.1619625,Night,F,L,A,MYSE
151.909,8443,6/3/2015,5/31/2015,23:14:45,7,24.5,AH0,243,18.1619625,Night,F,L,A,MYSE
151.909,8443,6/3/2015,5/31/2015,23:14:47,7,24.5,AH0,247,18.1619625,Night,F,L,A,MYSE
151.909,8443,6/3/2015,5/31/2015,23:15:02,7,24.5,AH0,245,18.1619625,Night,F,L,A,MYSE
151.909,8443,6/3/2015,5/31/2015,23:15:04,7,24.5,AH0,245,18.1619625,Night,F,L,A,MYSE
151.909,8443,6/3/2015,5/31/2015,23:15:07,7,24.5,AH0,244,18.1619625,Night,F,L,A,MYSE
151.909,8443,6/3/2015,5/31/2015,23:15:09,7,24.5,AH0,245,18.1619625,Night,F,L,A,MYSE
151.909,8443,6/3/2015,5/31/2015,23:15:24,7,24.5,AH0,246,18.1619625,Night,F,L,A,MYSE
151.909,8443,6/3/2015,5/31/2015,23:15:26,7,24.5,AH0,247,18.1619625,Night,F,L,A,MYSE
151.909,8443,6/3/2015,5/31/2015,23:15:29,7,24.5,AH0,246,18.1619625,Night,F,L,A,MYSE
151.909,8443,6/3/2015,5/31/2015,23:15:44,7,24.5,AH0,244,18.1619625,Night,F,L,A,MYSE
151.909,8443,6/3/2015,5/31/2015,23:15:46,7,24.5,AH0,244,18.1619625,Night,F,L,A,MYSE
151.909,8443,6/3/2015,5/31/2015,23:15:48,7,24.5,AH0,243,18.1619625,Night,F,L,A,MYSE
151.909,8443,6/3/2015,5/31/2015,23:16:03,7,24.5,AH0,244,18.1619625,Night,F,L,A,MYSE
151.909,8443,6/3/2015,5/31/2015,23:16:06,7,24.5,AH0,245,18.1619625,Night,F,L,A,MYSE
151.909,8443,6/3/2015,5/31/2015,23:16:08,7,24.5,AH0,246,18.1619625,Night,F,L,A,MYSE
151.909,8443,6/3/2015,5/31/2015,23:16:23,7,24.5,AH0,246,18.1619625,Night,F,L,A,MYSE
151.909,8443,6/3/2015,5/31/2015,23:16:25,7,24.5,AH0,245,18.1619625,Night,F,L,A,MYSE
151.909,8443,6/3/2015,5/31/2015,23:16:28,7,24.5,AH0,246,18.1619625,Night,F,L,A,MYSE
151.909,8443,6/3/2015,5/31/2015,23:16:42,7,24.5,AH0,245,18.1619625,Night,F,L,A,MYSE
151.909,8443,6/3/2015,5/31/2015,23:16:45,7,24.5,AH0,246,18.1619625,Night,F,L,A,MYSE
151.909,8443,6/3/2015,5/31/2015,23:16:47,7,24.5,AH0,247,18.1619625,Night,F,L,A,MYSE
151.909,8443,6/3/2015,5/31/2015,23:17:02,7,24.5,AH0,242,18.1619625,Night,F,L,A,MYSE
151.909,8443,6/3/2015,5/31/2015,23:17:04,7,24.5,AH0,245,18.1619625,Night,F,L,A,MYSE
151.909,8443,6/3/2015,5/31/2015,23:17:07,7,24.5,AH0,246,18.1619625,Night,F,L,A,MYSE
151.909,8443,6/3/2015,5/31/2015,23:17:09,7,24.5,AH0,244,18.1619625,Night,F,L,A,MYSE
151.909,8443,6/3/2015,5/31/2015,23:17:24,7,24.5,AH0,245,18.1619625,Night,F,L,A,MYSE
151.909,8443,6/3/2015,5/31/2015,23:17:26,7,24.5,AH0,246,18.1619625,Night,F,L,A,MYSE
151.909,8443,6/3/2015,5/31/2015,23:17:29,7,24.5,AH0,244,18.1619625,Night,F,L,A,MYSE
151.909,8443,6/3/2015,5/31/2015,23:17:43,7,24.6,AH0,246,18.5135288,Night,F,L,A,MYSE
151.909,8443,6/3/2015,5/31/2015,23:17:46,7,24.6,AH0,244,18.5135288,Night,F,L,A,MYSE
151.909,8443,6/3/2015,5/31/2015,23:17:48,7,24.6,AH0,246,18.5135288,Night,F,L,A,MYSE
151.909,8443,6/3/2015,5/31/2015,23:18:03,7,24.6,AH0,245,18.5135288,Night,F,L,A,MYSE
151.909,8443,6/3/2015,5/31/2015,23:18:05,7,24.6,AH0,247,18.5135288,Night,F,L,A,MYSE
151.909,8443,6/3/2015,5/31/2015,23:18:08,7,24.6,AH0,246,18.5135288,Night,F,L,A,MYSE
151.909,8443,6/3/2015,5/31/2015,23:18:23,7,24.6,AH0,243,18.5135288,Night,F,L,A,MYSE
151.909,8443,6/3/2015,5/31/2015,23:18:25,7,24.6,AH0,247,18.5135288,Night,F,L,A,MYSE
151.909,8443,6/3/2015,5/31/2015,23:18:27,7,24.6,AH0,244,18.5135288,Night,F,L,A,MYSE
151.909,8443,6/3/2015,5/31/2015,23:18:42,7,24.6,AH0,245,18.5135288,Night,F,L,A,MYSE
151.909,8443,6/3/2015,5/31/2015,23:18:44,7,24.6,AH0,246,18.5135288,Night,F,L,A,MYSE
151.909,8443,6/3/2015,5/31/2015,23:18:47,7,24.6,AH0,247,18.5135288,Night,F,L,A,MYSE
151.909,8443,6/3/2015,5/31/2015,23:19:04,7,24.6,AH0,242,18.5135288,Night,F,L,A,MYSE
151.909,8443,6/3/2015,5/31/2015,23:19:06,7,24.6,AH0,244,18.5135288,Night,F,L,A,MYSE
151.909,8443,6/3/2015,5/31/2015,23:19:09,7,24.6,AH0,245,18.5135288,Night,F,L,A,MYSE
151.909,8443,6/3/2015,5/31/2015,23:19:24,7,24.6,AH0,244,18.5135288,Night,F,L,A,MYSE
151.909,8443,6/3/2015,5/31/2015,23:19:26,7,24.6,AH0,247,18.5135288,Night,F,L,A,MYSE
151.909,8443,6/3/2015,5/31/2015,23:19:28,7,24.6,AH0,245,18.5135288,Night,F,L,A,MYSE
151.909,8443,6/3/2015,5/31/2015,23:19:43,7,24.6,AH0,245,18.5135288,Night,F,L,A,MYSE
151.909,8443,6/3/2015,5/31/2015,23:19:45,7,24.6,AH0,244,18.5135288,Night,F,L,A,MYSE
151.909,8443,6/3/2015,5/31/2015,23:19:48,7,24.6,AH0,246,18.5135288,Night,F,L,A,MYSE
151.909,8443,6/3/2015,5/31/2015,23:20:03,7,24.6,AH0,245,18.5135288,Night,F,L,A,MYSE
151.909,8443,6/3/2015,5/31/2015,23:20:05,7,24.6,AH0,242,18.5135288,Night,F,L,A,MYSE
151.909,8443,6/3/2015,5/31/2015,23:20:07,7,24.6,AH0,244,18.5135288,Night,F,L,A,MYSE
151.909,8443,6/3/2015,5/31/2015,23:20:22,7,24.6,AH0,245,18.5135288,Night,F,L,A,MYSE
151.909,8443,6/3/2015,5/31/2015,23:20:24,7,24.6,AH0,242,18.5135288,Night,F,L,A,MYSE
151.909,8443,6/3/2015,5/31/2015,23:20:27,7,24.6,AH0,246,18.5135288,Night,F,L,A,MYSE
151.909,8443,6/3/2015,5/31/2015,23:20:44,7,24.6,AH0,244,18.5135288,Night,F,L,A,MYSE
151.909,8443,6/3/2015,5/31/2015,23:20:46,7,24.6,AH0,243,18.5135288,Night,F,L,A,MYSE
151.909,8443,6/3/2015,5/31/2015,23:20:49,7,24.6,AH0,245,18.5135288,Night,F,L,A,MYSE
151.909,8443,6/3/2015,5/31/2015,23:21:03,7,24.6,AH0,246,18.5135288,Night,F,L,A,MYSE
151.909,8443,6/3/2015,5/31/2015,23:21:06,7,24.6,AH0,246,18.5135288,Night,F,L,A,MYSE
151.909,8443,6/3/2015,5/31/2015,23:21:08,7,24.7,AH0,244,18.8613459,Night,F,L,A,MYSE
151.909,8443,6/3/2015,5/31/2015,23:21:23,7,24.7,AH0,246,18.8613459,Night,F,L,A,MYSE
151.909,8443,6/3/2015,5/31/2015,23:21:25,7,24.6,AH0,244,18.5135288,Night,F,L,A,MYSE
151.909,8443,6/3/2015,5/31/2015,23:21:28,7,24.6,AH0,247,18.5135288,Night,F,L,A,MYSE
151.909,8443,6/3/2015,5/31/2015,23:21:42,7,24.7,AH0,244,18.8613459,Night,F,L,A,MYSE
151.909,8443,6/3/2015,5/31/2015,23:21:45,7,24.7,AH0,245,18.8613459,Night,F,L,A,MYSE
151.909,8443,6/3/2015,5/31/2015,23:21:47,7,24.7,AH0,244,18.8613459,Night,F,L,A,MYSE
151.909,8443,6/3/2015,5/31/2015,23:22:02,7,24.7,AH0,245,18.8613459,Night,F,L,A,MYSE
151.909,8443,6/3/2015,5/31/2015,23:22:04,7,24.7,AH0,245,18.8613459,Night,F,L,A,MYSE
151.909,8443,6/3/2015,5/31/2015,23:22:07,7,24.7,AH0,245,18.8613459,Night,F,L,A,MYSE
151.909,8443,6/3/2015,5/31/2015,23:22:09,7,24.7,AH0,245,18.8613459,Night,F,L,A,MYSE
151.909,8443,6/3/2015,5/31/2015,23:22:24,7,24.7,AH0,246,18.8613459,Night,F,L,A,MYSE
151.909,8443,6/3/2015,5/31/2015,23:22:26,7,24.7,AH0,244,18.8613459,Night,F,L,A,MYSE
151.909,8443,6/3/2015,5/31/2015,23:22:29,7,24.7,AH0,246,18.8613459,Night,F,L,A,MYSE
151.909,8443,6/3/2015,5/31/2015,23:22:43,7,24.7,AH0,242,18.8613459,Night,F,L,A,MYSE
151.909,8443,6/3/2015,5/31/2015,23:22:46,7,24.7,AH0,246,18.8613459,Night,F,L,A,MYSE
151.909,8443,6/3/2015,5/31/2015,23:22:48,7,24.7,AH0,243,18.8613459,Night,F,L,A,MYSE
151.909,8443,6/3/2015,5/31/2015,23:23:03,7,24.7,AH0,242,18.8613459,Night,F,L,A,MYSE
151.909,8443,6/3/2015,5/31/2015,23:23:05,7,24.7,AH0,244,18.8613459,Night,F,L,A,MYSE
151.909,8443,6/3/2015,5/31/2015,23:23:08,7,24.6,AH0,245,18.5135288,Night,F,L,A,MYSE
151.909,8443,6/3/2015,5/31/2015,23:23:21,7,24.7,AH0,245,18.8613459,Night,F,L,A,MYSE
151.909,8443,6/3/2015,5/31/2015,23:23:24,7,24.7,AH0,246,18.8613459,Night,F,L,A,MYSE
151.909,8443,6/3/2015,5/31/2015,23:23:26,7,24.7,AH0,245,18.8613459,Night,F,L,A,MYSE
151.909,8443,6/3/2015,5/31/2015,23:23:41,7,24.8,AH0,245,19.2054336,Night,F,L,A,MYSE
151.909,8443,6/3/2015,5/31/2015,23:23:43,7,24.6,AH0,246,18.5135288,Night,F,L,A,MYSE
151.909,8443,6/3/2015,5/31/2015,23:23:46,7,24.7,AH0,244,18.8613459,Night,F,L,A,MYSE
151.909,8443,6/3/2015,5/31/2015,23:23:48,7,24.7,AH0,243,18.8613459,Night,F,L,A,MYSE
151.909,8443,6/3/2015,5/31/2015,23:24:03,7,24.7,AH0,246,18.8613459,Night,F,L,A,MYSE
151.909,8443,6/3/2015,5/31/2015,23:24:05,7,24.6,AH0,242,18.5135288,Night,F,L,A,MYSE
151.909,8443,6/3/2015,5/31/2015,23:24:07,7,24.6,AH0,245,18.5135288,Night,F,L,A,MYSE
151.909,8443,6/3/2015,5/31/2015,23:24:22,7,24.6,AH0,246,18.5135288,Night,F,L,A,MYSE
151.909,8443,6/3/2015,5/31/2015,23:24:24,7,24.7,AH0,247,18.8613459,Night,F,L,A,MYSE
151.909,8443,6/3/2015,5/31/2015,23:24:27,7,24.7,AH0,245,18.8613459,Night,F,L,A,MYSE
151.909,8443,6/3/2015,5/31/2015,23:24:42,7,24.6,AH0,247,18.5135288,Night,F,L,A,MYSE
151.909,8443,6/3/2015,5/31/2015,23:24:44,7,24.7,AH0,247,18.8613459,Night,F,L,A,MYSE
151.909,8443,6/3/2015,5/31/2015,23:24:46,7,24.7,AH0,242,18.8613459,Night,F,L,A,MYSE
151.909,8443,6/3/2015,5/31/2015,23:25:01,7,24.7,AH0,242,18.8613459,Night,F,L,A,MYSE
151.909,8443,6/3/2015,5/31/2015,23:25:03,7,24.7,AH0,244,18.8613459,Night,F,L,A,MYSE
151.909,8443,6/3/2015,5/31/2015,23:25:06,7,24.7,AH0,246,18.8613459,Night,F,L,A,MYSE
151.909,8443,6/3/2015,5/31/2015,23:25:23,7,24.7,AH0,246,18.8613459,Night,F,L,A,MYSE
151.909,8443,6/3/2015,5/31/2015,23:25:25,7,24.7,AH0,243,18.8613459,Night,F,L,A,MYSE
151.909,8443,6/3/2015,5/31/2015,23:25:28,7,24.6,AH0,245,18.5135288,Night,F,L,A,MYSE
151.909,8443,6/3/2015,5/31/2015,23:25:42,7,24.7,AH0,244,18.8613459,Night,F,L,A,MYSE
151.909,8443,6/3/2015,5/31/2015,23:25:45,7,24.7,AH0,243,18.8613459,Night,F,L,A,MYSE
151.909,8443,6/3/2015,5/31/2015,23:25:47,7,24.6,AH0,245,18.5135288,Night,F,L,A,MYSE
151.909,8443,6/3/2015,5/31/2015,23:26:02,7,24.6,AH0,247,18.5135288,Night,F,L,A,MYSE
151.909,8443,6/3/2015,5/31/2015,23:26:04,7,24.6,AH0,245,18.5135288,Night,F,L,A,MYSE
151.909,8443,6/3/2015,5/31/2015,23:26:07,7,24.6,AH0,244,18.5135288,Night,F,L,A,MYSE
151.909,8443,6/3/2015,5/31/2015,23:26:21,7,24.6,AH0,245,18.5135288,Night,F,L,A,MYSE
151.909,8443,6/3/2015,5/31/2015,23:26:24,7,24.7,AH0,245,18.8613459,Night,F,L,A,MYSE
151.909,8443,6/3/2015,5/31/2015,23:26:26,7,24.7,AH0,247,18.8613459,Night,F,L,A,MYSE
151.909,8443,6/3/2015,5/31/2015,23:26:41,7,24.6,AH0,246,18.5135288,Night,F,L,A,MYSE
151.909,8443,6/3/2015,5/31/2015,23:26:43,7,24.6,AH0,247,18.5135288,Night,F,L,A,MYSE
151.909,8443,6/3/2015,5/31/2015,23:26:46,7,24.6,AH0,244,18.5135288,Night,F,L,A,MYSE
151.909,8443,6/3/2015,5/31/2015,23:26:48,7,24.6,AH0,243,18.5135288,Night,F,L,A,MYSE
151.909,8443,6/3/2015,5/31/2015,23:27:03,7,24.6,AH0,243,18.5135288,Night,F,L,A,MYSE
151.909,8443,6/3/2015,5/31/2015,23:27:05,7,24.6,AH0,245,18.5135288,Night,F,L,A,MYSE
151.909,8443,6/3/2015,5/31/2015,23:27:08,7,24.6,AH0,244,18.5135288,Night,F,L,A,MYSE
151.909,8443,6/3/2015,5/31/2015,23:27:22,7,24.6,AH0,242,18.5135288,Night,F,L,A,MYSE
151.909,8443,6/3/2015,5/31/2015,23:27:25,7,24.6,AH0,245,18.5135288,Night,F,L,A,MYSE
151.909,8443,6/3/2015,5/31/2015,23:27:27,7,24.6,AH0,246,18.5135288,Night,F,L,A,MYSE
151.909,8443,6/3/2015,5/31/2015,23:27:42,7,24.6,AH0,243,18.5135288,Night,F,L,A,MYSE
151.909,8443,6/3/2015,5/31/2015,23:27:44,7,24.6,AH0,244,18.5135288,Night,F,L,A,MYSE
151.909,8443,6/3/2015,5/31/2015,23:27:47,7,24.6,AH0,246,18.5135288,Night,F,L,A,MYSE
151.909,8443,6/3/2015,5/31/2015,23:28:01,7,24.6,AH0,246,18.5135288,Night,F,L,A,MYSE
151.909,8443,6/3/2015,5/31/2015,23:28:04,7,24.6,AH0,247,18.5135288,Night,F,L,A,MYSE
151.909,8443,6/3/2015,5/31/2015,23:28:06,7,24.6,AH0,245,18.5135288,Night,F,L,A,MYSE
151.909,8443,6/3/2015,5/31/2015,23:28:21,7,24.6,AH0,244,18.5135288,Night,F,L,A,MYSE
151.909,8443,6/3/2015,5/31/2015,23:28:23,7,24.6,AH0,244,18.5135288,Night,F,L,A,MYSE
151.909,8443,6/3/2015,5/31/2015,23:28:26,7,24.6,AH0,247,18.5135288,Night,F,L,A,MYSE
151.909,8443,6/3/2015,5/31/2015,23:28:28,7,24.6,AH0,244,18.5135288,Night,F,L,A,MYSE
151.909,8443,6/3/2015,5/31/2015,23:28:43,7,24.6,AH0,245,18.5135288,Night,F,L,A,MYSE
151.909,8443,6/3/2015,5/31/2015,23:28:45,7,24.6,AH0,247,18.5135288,Night,F,L,A,MYSE
151.909,8443,6/3/2015,5/31/2015,23:28:48,7,24.6,AH0,246,18.5135288,Night,F,L,A,MYSE
151.909,8443,6/3/2015,5/31/2015,23:29:02,7,24.6,AH0,246,18.5135288,Night,F,L,A,MYSE
151.909,8443,6/3/2015,5/31/2015,23:29:05,7,24.6,AH0,245,18.5135288,Night,F,L,A,MYSE
151.909,8443,6/3/2015,5/31/2015,23:29:07,7,24.6,AH0,244,18.5135288,Night,F,L,A,MYSE
151.909,8443,6/3/2015,5/31/2015,23:29:22,7,24.6,AH0,246,18.5135288,Night,F,L,A,MYSE
151.909,8443,6/3/2015,5/31/2015,23:29:24,7,24.6,AH0,242,18.5135288,Night,F,L,A,MYSE
151.909,8443,6/3/2015,5/31/2015,23:29:27,7,24.6,AH0,246,18.5135288,Night,F,L,A,MYSE
151.909,8443,6/3/2015,5/31/2015,23:29:41,7,24.6,AH0,246,18.5135288,Night,F,L,A,MYSE
151.909,8443,6/3/2015,5/31/2015,23:29:44,7,24.6,AH0,247,18.5135288,Night,F,L,A,MYSE
151.909,8443,6/3/2015,5/31/2015,23:29:46,7,24.6,AH0,243,18.5135288,Night,F,L,A,MYSE
151.909,8443,6/3/2015,5/31/2015,23:30:01,7,24.6,AH0,244,18.5135288,Night,F,L,A,MYSE
151.909,8443,6/3/2015,5/31/2015,23:30:03,7,24.6,AH0,245,18.5135288,Night,F,L,A,MYSE
151.909,8443,6/3/2015,5/31/2015,23:30:06,7,24.6,AH0,245,18.5135288,Night,F,L,A,MYSE
151.909,8443,6/3/2015,5/31/2015,23:30:08,7,24.6,AH0,244,18.5135288,Night,F,L,A,MYSE
151.909,8443,6/3/2015,5/31/2015,23:30:23,7,24.6,AH0,241,18.5135288,Night,F,L,A,MYSE
151.909,8443,6/3/2015,5/31/2015,23:30:25,7,24.6,AH0,245,18.5135288,Night,F,L,A,MYSE
151.909,8443,6/3/2015,5/31/2015,23:30:27,7,24.7,AH0,247,18.8613459,Night,F,L,A,MYSE
151.909,8443,6/3/2015,5/31/2015,23:30:42,7,24.6,AH0,246,18.5135288,Night,F,L,A,MYSE
151.909,8443,6/3/2015,5/31/2015,23:30:45,7,24.6,AH0,246,18.5135288,Night,F,L,A,MYSE
151.909,8443,6/3/2015,5/31/2015,23:30:47,7,24.6,AH0,245,18.5135288,Night,F,L,A,MYSE
151.909,8443,6/3/2015,5/31/2015,23:31:02,7,24.6,AH0,243,18.5135288,Night,F,L,A,MYSE
151.909,8443,6/3/2015,5/31/2015,23:31:04,7,24.7,AH0,243,18.8613459,Night,F,L,A,MYSE
151.909,8443,6/3/2015,5/31/2015,23:31:06,7,24.6,AH0,244,18.5135288,Night,F,L,A,MYSE
151.909,8443,6/3/2015,5/31/2015,23:31:21,7,24.6,AH0,245,18.5135288,Night,F,L,A,MYSE
151.909,8443,6/3/2015,5/31/2015,23:31:23,7,24.6,AH0,242,18.5135288,Night,F,L,A,MYSE
151.909,8443,6/3/2015,5/31/2015,23:31:26,7,24.6,AH0,247,18.5135288,Night,F,L,A,MYSE
151.909,8443,6/3/2015,5/31/2015,23:31:41,7,24.7,AH0,244,18.8613459,Night,F,L,A,MYSE
151.909,8443,6/3/2015,5/31/2015,23:31:43,7,24.6,AH0,246,18.5135288,Night,F,L,A,MYSE
151.909,8443,6/3/2015,5/31/2015,23:31:45,7,24.6,AH0,243,18.5135288,Night,F,L,A,MYSE
151.909,8443,6/3/2015,5/31/2015,23:31:48,7,24.6,AH0,245,18.5135288,Night,F,L,A,MYSE
151.909,8443,6/3/2015,5/31/2015,23:32:02,7,24.6,AH0,246,18.5135288,Night,F,L,A,MYSE
151.909,8443,6/3/2015,5/31/2015,23:32:05,7,24.6,AH0,246,18.5135288,Night,F,L,A,MYSE
151.909,8443,6/3/2015,5/31/2015,23:32:07,7,24.6,AH0,243,18.5135288,Night,F,L,A,MYSE
151.909,8443,6/3/2015,5/31/2015,23:32:22,7,24.6,AH0,244,18.5135288,Night,F,L,A,MYSE
151.909,8443,6/3/2015,5/31/2015,23:32:24,7,24.6,AH0,242,18.5135288,Night,F,L,A,MYSE
151.909,8443,6/3/2015,5/31/2015,23:32:27,7,24.6,AH0,245,18.5135288,Night,F,L,A,MYSE
151.909,8443,6/3/2015,5/31/2015,23:32:41,7,24.6,AH0,245,18.5135288,Night,F,L,A,MYSE
151.909,8443,6/3/2015,5/31/2015,23:32:44,7,24.6,AH0,246,18.5135288,Night,F,L,A,MYSE
151.909,8443,6/3/2015,5/31/2015,23:32:46,7,24.6,AH0,246,18.5135288,Night,F,L,A,MYSE
151.909,8443,6/3/2015,5/31/2015,23:33:01,7,24.6,AH0,246,18.5135288,Night,F,L,A,MYSE
151.909,8443,6/3/2015,5/31/2015,23:33:03,7,24.6,AH0,245,18.5135288,Night,F,L,A,MYSE
151.909,8443,6/3/2015,5/31/2015,23:33:06,7,24.6,AH0,247,18.5135288,Night,F,L,A,MYSE
151.909,8443,6/3/2015,5/31/2015,23:33:23,7,24.6,AH0,245,18.5135288,Night,F,L,A,MYSE
151.909,8443,6/3/2015,5/31/2015,23:33:25,7,24.6,AH0,245,18.5135288,Night,F,L,A,MYSE
151.909,8443,6/3/2015,5/31/2015,23:33:28,7,24.7,AH0,246,18.8613459,Night,F,L,A,MYSE
151.909,8443,6/3/2015,5/31/2015,23:33:42,7,24.6,AH0,246,18.5135288,Night,F,L,A,MYSE
151.909,8443,6/3/2015,5/29/2015,23:33:44,7,33.4,AH0,131,37.0180632,Night,F,L,A,MYSE
151.909,8443,6/3/2015,5/31/2015,23:33:45,7,24.6,AH0,244,18.5135288,Night,F,L,A,MYSE
151.909,8443,6/3/2015,5/31/2015,23:33:47,7,24.6,AH0,245,18.5135288,Night,F,L,A,MYSE
151.909,8443,6/3/2015,5/29/2015,23:33:48,7,16.7,AH0,147,-22.4382621,Night,F,L,A,MYSE
151.909,8443,6/3/2015,5/31/2015,23:34:02,7,24.6,AH0,245,18.5135288,Night,F,L,A,MYSE
151.909,8443,6/3/2015,5/29/2015,23:34:04,7,16.6,AH0,108,-23.1485832,Night,F,L,A,MYSE
151.909,8443,6/3/2015,5/31/2015,23:34:04,7,24.6,AH0,244,18.5135288,Night,F,L,A,MYSE
151.909,8443,6/3/2015,5/29/2015,23:34:06,7,33.3,AH0,162,36.9206321,Night,F,L,A,MYSE
151.909,8443,6/3/2015,5/31/2015,23:34:07,7,24.6,AH0,245,18.5135288,Night,F,L,A,MYSE
151.909,8443,6/3/2015,5/29/2015,23:34:10,7,16.7,AH0,115,-22.4382621,Night,F,L,A,MYSE
151.909,8443,6/3/2015,5/31/2015,23:34:21,7,24.6,AH0,246,18.5135288,Night,F,L,A,MYSE
151.909,8443,6/3/2015,5/31/2015,23:34:24,7,24.6,AH0,245,18.5135288,Night,F,L,A,MYSE
151.909,8443,6/3/2015,5/31/2015,23:34:26,7,24.6,AH0,246,18.5135288,Night,F,L,A,MYSE
151.909,8443,6/3/2015,5/31/2015,23:34:41,7,24.6,AH0,243,18.5135288,Night,F,L,A,MYSE
151.909,8443,6/3/2015,5/31/2015,23:34:43,7,24.6,AH0,245,18.5135288,Night,F,L,A,MYSE
151.909,8443,6/3/2015,5/31/2015,23:34:46,7,24.6,AH0,243,18.5135288,Night,F,L,A,MYSE
151.909,8443,6/3/2015,5/31/2015,23:35:03,7,24.6,AH0,246,18.5135288,Night,F,L,A,MYSE
151.909,8443,6/3/2015,5/31/2015,23:35:05,7,24.6,AH0,243,18.5135288,Night,F,L,A,MYSE
151.909,8443,6/3/2015,5/31/2015,23:35:08,7,24.6,AH0,244,18.5135288,Night,F,L,A,MYSE
151.909,8443,6/3/2015,5/31/2015,23:35:22,7,24.6,AH0,247,18.5135288,Night,F,L,A,MYSE
151.909,8443,6/3/2015,5/31/2015,23:35:25,7,24.6,AH0,245,18.5135288,Night,F,L,A,MYSE
151.909,8443,6/3/2015,5/31/2015,23:35:27,7,24.6,AH0,245,18.5135288,Night,F,L,A,MYSE
151.909,8443,6/3/2015,5/31/2015,23:35:42,7,24.6,AH0,242,18.5135288,Night,F,L,A,MYSE
151.909,8443,6/3/2015,5/31/2015,23:35:44,7,24.6,AH0,243,18.5135288,Night,F,L,A,MYSE
151.909,8443,6/3/2015,5/31/2015,23:35:47,7,24.7,AH0,243,18.8613459,Night,F,L,A,MYSE
151.909,8443,6/3/2015,5/31/2015,23:36:01,7,24.7,AH0,245,18.8613459,Night,F,L,A,MYSE
151.909,8443,6/3/2015,5/31/2015,23:36:04,7,24.7,AH0,245,18.8613459,Night,F,L,A,MYSE
151.909,8443,6/3/2015,5/31/2015,23:36:06,7,24.6,AH0,247,18.5135288,Night,F,L,A,MYSE
151.909,8443,6/3/2015,5/31/2015,23:36:21,7,24.6,AH0,246,18.5135288,Night,F,L,A,MYSE
151.909,8443,6/3/2015,5/31/2015,23:36:23,7,24.6,AH0,247,18.5135288,Night,F,L,A,MYSE
151.909,8443,6/3/2015,5/31/2015,23:36:26,7,24.7,AH0,245,18.8613459,Night,F,L,A,MYSE
151.909,8443,6/3/2015,5/31/2015,23:36:28,7,24.6,AH0,243,18.5135288,Night,F,L,A,MYSE
151.909,8443,6/3/2015,5/31/2015,23:36:43,7,24.6,AH0,247,18.5135288,Night,F,L,A,MYSE
151.909,8443,6/3/2015,5/31/2015,23:36:45,7,24.7,AH0,245,18.8613459,Night,F,L,A,MYSE
151.909,8443,6/3/2015,5/31/2015,23:36:47,7,24.6,AH0,245,18.5135288,Night,F,L,A,MYSE
151.909,8443,6/3/2015,5/31/2015,23:37:02,7,24.6,AH0,244,18.5135288,Night,F,L,A,MYSE
151.909,8443,6/3/2015,5/31/2015,23:37:04,7,24.6,AH0,246,18.5135288,Night,F,L,A,MYSE
151.909,8443,6/3/2015,5/31/2015,23:37:07,7,24.6,AH0,243,18.5135288,Night,F,L,A,MYSE
151.909,8443,6/3/2015,5/31/2015,23:37:22,7,24.6,AH0,245,18.5135288,Night,F,L,A,MYSE
151.909,8443,6/3/2015,5/31/2015,23:37:24,7,24.6,AH0,246,18.5135288,Night,F,L,A,MYSE
151.909,8443,6/3/2015,5/31/2015,23:37:26,7,24.7,AH0,245,18.8613459,Night,F,L,A,MYSE
151.909,8443,6/3/2015,5/31/2015,23:37:41,7,24.6,AH0,243,18.5135288,Night,F,L,A,MYSE
151.909,8443,6/3/2015,5/31/2015,23:37:43,7,24.6,AH0,244,18.5135288,Night,F,L,A,MYSE
151.909,8443,6/3/2015,5/31/2015,23:37:46,7,24.6,AH0,244,18.5135288,Night,F,L,A,MYSE
151.909,8443,6/3/2015,5/31/2015,23:38:01,7,24.6,AH0,244,18.5135288,Night,F,L,A,MYSE
151.909,8443,6/3/2015,5/31/2015,23:38:03,7,24.6,AH0,244,18.5135288,Night,F,L,A,MYSE
151.909,8443,6/3/2015,5/31/2015,23:38:05,7,24.6,AH0,243,18.5135288,Night,F,L,A,MYSE
151.909,8443,6/3/2015,5/31/2015,23:38:08,7,24.6,AH0,246,18.5135288,Night,F,L,A,MYSE
151.909,8443,6/3/2015,5/31/2015,23:38:22,7,24.6,AH0,244,18.5135288,Night,F,L,A,MYSE
151.909,8443,6/3/2015,5/31/2015,23:38:25,7,24.6,AH0,246,18.5135288,Night,F,L,A,MYSE
151.909,8443,6/3/2015,5/31/2015,23:38:27,7,24.6,AH0,243,18.5135288,Night,F,L,A,MYSE
151.909,8443,6/3/2015,5/31/2015,23:38:42,7,24.6,AH0,246,18.5135288,Night,F,L,A,MYSE
151.909,8443,6/3/2015,5/31/2015,23:38:44,7,24.6,AH0,244,18.5135288,Night,F,L,A,MYSE
151.909,8443,6/3/2015,5/31/2015,23:38:47,7,24.6,AH0,247,18.5135288,Night,F,L,A,MYSE
151.909,8443,6/3/2015,5/31/2015,23:39:01,7,24.6,AH0,243,18.5135288,Night,F,L,A,MYSE
151.909,8443,6/3/2015,5/31/2015,23:39:04,7,24.6,AH0,243,18.5135288,Night,F,L,A,MYSE
151.909,8443,6/3/2015,5/31/2015,23:39:06,7,24.6,AH0,244,18.5135288,Night,F,L,A,MYSE
151.909,8443,6/3/2015,5/31/2015,23:39:21,7,24.6,AH0,245,18.5135288,Night,F,L,A,MYSE
151.909,8443,6/3/2015,5/31/2015,23:39:23,7,24.6,AH0,243,18.5135288,Night,F,L,A,MYSE
151.909,8443,6/3/2015,5/31/2015,23:39:26,7,24.6,AH0,243,18.5135288,Night,F,L,A,MYSE
151.909,8443,6/3/2015,5/31/2015,23:39:43,7,24.6,AH0,246,18.5135288,Night,F,L,A,MYSE
151.909,8443,6/3/2015,5/31/2015,23:39:45,7,24.6,AH0,244,18.5135288,Night,F,L,A,MYSE
151.909,8443,6/3/2015,5/31/2015,23:39:48,7,24.6,AH0,245,18.5135288,Night,F,L,A,MYSE
151.909,8443,6/3/2015,5/31/2015,23:40:02,7,24.6,AH0,244,18.5135288,Night,F,L,A,MYSE
151.909,8443,6/3/2015,5/31/2015,23:40:05,7,24.6,AH0,246,18.5135288,Night,F,L,A,MYSE
151.909,8443,6/3/2015,5/31/2015,23:40:07,7,24.6,AH0,244,18.5135288,Night,F,L,A,MYSE
151.909,8443,6/3/2015,5/31/2015,23:40:22,7,24.6,AH0,246,18.5135288,Night,F,L,A,MYSE
151.909,8443,6/3/2015,5/31/2015,23:40:24,7,24.6,AH0,246,18.5135288,Night,F,L,A,MYSE
151.909,8443,6/3/2015,5/31/2015,23:40:27,7,24.6,AH0,244,18.5135288,Night,F,L,A,MYSE
151.909,8443,6/3/2015,5/31/2015,23:40:41,7,24.6,AH0,245,18.5135288,Night,F,L,A,MYSE
151.909,8443,6/3/2015,5/31/2015,23:40:44,7,24.6,AH0,243,18.5135288,Night,F,L,A,MYSE
151.909,8443,6/3/2015,5/31/2015,23:40:46,7,24.6,AH0,245,18.5135288,Night,F,L,A,MYSE
151.909,8443,6/3/2015,5/31/2015,23:41:01,7,24.6,AH0,245,18.5135288,Night,F,L,A,MYSE
151.909,8443,6/3/2015,5/31/2015,23:41:03,7,24.6,AH0,245,18.5135288,Night,F,L,A,MYSE
151.909,8443,6/3/2015,5/31/2015,23:41:06,7,24.6,AH0,243,18.5135288,Night,F,L,A,MYSE
151.909,8443,6/3/2015,5/31/2015,23:41:23,7,24.6,AH0,244,18.5135288,Night,F,L,A,MYSE
151.909,8443,6/3/2015,5/31/2015,23:41:25,7,24.6,AH0,242,18.5135288,Night,F,L,A,MYSE
151.909,8443,6/3/2015,5/31/2015,23:41:28,7,24.6,AH0,246,18.5135288,Night,F,L,A,MYSE
151.909,8443,6/3/2015,5/31/2015,23:41:42,7,24.6,AH0,244,18.5135288,Night,F,L,A,MYSE
151.909,8443,6/3/2015,5/31/2015,23:41:45,7,24.6,AH0,248,18.5135288,Night,F,L,A,MYSE
151.909,8443,6/3/2015,5/31/2015,23:41:47,7,24.6,AH0,246,18.5135288,Night,F,L,A,MYSE
151.909,8443,6/3/2015,5/31/2015,23:42:02,7,24.6,AH0,246,18.5135288,Night,F,L,A,MYSE
151.909,8443,6/3/2015,5/31/2015,23:42:04,7,24.6,AH0,246,18.5135288,Night,F,L,A,MYSE
151.909,8443,6/3/2015,5/31/2015,23:42:07,7,24.6,AH0,244,18.5135288,Night,F,L,A,MYSE
151.909,8443,6/3/2015,5/31/2015,23:42:21,7,24.6,AH0,244,18.5135288,Night,F,L,A,MYSE
151.909,8443,6/3/2015,5/31/2015,23:42:24,7,24.6,AH0,245,18.5135288,Night,F,L,A,MYSE
151.909,8443,6/3/2015,5/31/2015,23:42:26,7,24.6,AH0,243,18.5135288,Night,F,L,A,MYSE
151.909,8443,6/3/2015,5/31/2015,23:42:41,7,24.6,AH0,244,18.5135288,Night,F,L,A,MYSE
151.909,8443,6/3/2015,5/31/2015,23:42:43,7,24.6,AH0,247,18.5135288,Night,F,L,A,MYSE
151.909,8443,6/3/2015,5/31/2015,23:42:46,7,24.6,AH0,244,18.5135288,Night,F,L,A,MYSE
151.909,8443,6/3/2015,5/31/2015,23:43:03,7,24.6,AH0,245,18.5135288,Night,F,L,A,MYSE
151.909,8443,6/3/2015,5/31/2015,23:43:05,7,24.6,AH0,244,18.5135288,Night,F,L,A,MYSE
151.909,8443,6/3/2015,5/31/2015,23:43:08,7,24.6,AH0,243,18.5135288,Night,F,L,A,MYSE
151.909,8443,6/3/2015,5/31/2015,23:43:22,7,24.6,AH0,243,18.5135288,Night,F,L,A,MYSE
151.909,8443,6/3/2015,5/31/2015,23:43:25,7,24.6,AH0,247,18.5135288,Night,F,L,A,MYSE
151.909,8443,6/3/2015,5/31/2015,23:43:27,7,24.6,AH0,243,18.5135288,Night,F,L,A,MYSE
151.909,8443,6/3/2015,5/31/2015,23:43:42,7,24.6,AH0,246,18.5135288,Night,F,L,A,MYSE
151.909,8443,6/3/2015,5/31/2015,23:43:44,7,24.6,AH0,245,18.5135288,Night,F,L,A,MYSE
151.909,8443,6/3/2015,5/31/2015,23:43:47,7,24.6,AH0,246,18.5135288,Night,F,L,A,MYSE
151.909,8443,6/3/2015,5/31/2015,23:44:01,7,24.6,AH0,246,18.5135288,Night,F,L,A,MYSE
151.909,8443,6/3/2015,5/31/2015,23:44:04,7,24.6,AH0,245,18.5135288,Night,F,L,A,MYSE
151.909,8443,6/3/2015,5/31/2015,23:44:06,7,24.6,AH0,246,18.5135288,Night,F,L,A,MYSE
151.909,8443,6/3/2015,5/31/2015,23:44:21,7,24.6,AH0,246,18.5135288,Night,F,L,A,MYSE
151.909,8443,6/3/2015,5/31/2015,23:44:23,7,24.6,AH0,246,18.5135288,Night,F,L,A,MYSE
151.909,8443,6/3/2015,5/31/2015,23:44:26,7,24.6,AH0,246,18.5135288,Night,F,L,A,MYSE
151.909,8443,6/3/2015,5/31/2015,23:44:40,7,24.7,AH0,246,18.8613459,Night,F,L,A,MYSE
151.909,8443,6/3/2015,5/31/2015,23:44:43,7,24.6,AH0,245,18.5135288,Night,F,L,A,MYSE
151.909,8443,6/3/2015,5/31/2015,23:44:45,7,24.5,AH0,243,18.1619625,Night,F,L,A,MYSE
151.909,8443,6/3/2015,5/31/2015,23:44:48,7,24.6,AH0,246,18.5135288,Night,F,L,A,MYSE
151.909,8443,6/3/2015,5/31/2015,23:45:02,7,24.5,AH0,243,18.1619625,Night,F,L,A,MYSE
151.909,8443,6/3/2015,5/31/2015,23:45:05,7,24.6,AH0,243,18.5135288,Night,F,L,A,MYSE
151.909,8443,6/3/2015,5/31/2015,23:45:07,7,24.5,AH0,240,18.1619625,Night,F,L,A,MYSE
151.909,8443,6/3/2015,5/27/2015,23:45:22,7,32.2,AH0,64,35.7107784,Night,F,L,A,MYSE
151.909,8443,6/3/2015,5/31/2015,23:45:22,7,24.5,AH0,247,18.1619625,Night,F,L,A,MYSE
151.909,8443,6/3/2015,5/27/2015,23:45:24,7,32.2,AH0,73,35.7107784,Night,F,L,A,MYSE
151.909,8443,6/3/2015,5/31/2015,23:45:24,7,24.5,AH0,244,18.1619625,Night,F,L,A,MYSE
151.909,8443,6/3/2015,5/31/2015,23:45:27,7,24.5,AH0,246,18.1619625,Night,F,L,A,MYSE
151.909,8443,6/3/2015,5/31/2015,23:45:41,7,24.5,AH0,246,18.1619625,Night,F,L,A,MYSE
151.909,8443,6/3/2015,5/31/2015,23:45:44,7,24.5,AH0,244,18.1619625,Night,F,L,A,MYSE
151.909,8443,6/3/2015,5/31/2015,23:45:46,7,24.5,AH0,245,18.1619625,Night,F,L,A,MYSE
151.909,8443,6/3/2015,5/31/2015,23:46:01,7,24.5,AH0,245,18.1619625,Night,F,L,A,MYSE
151.909,8443,6/3/2015,5/31/2015,23:46:03,7,24.5,AH0,244,18.1619625,Night,F,L,A,MYSE
151.909,8443,6/3/2015,5/31/2015,23:46:06,7,24.5,AH0,241,18.1619625,Night,F,L,A,MYSE
151.909,8443,6/3/2015,5/31/2015,23:46:21,7,24.5,AH0,246,18.1619625,Night,F,L,A,MYSE
151.909,8443,6/3/2015,5/31/2015,23:46:23,7,24.5,AH0,245,18.1619625,Night,F,L,A,MYSE
151.909,8443,6/3/2015,5/31/2015,23:46:26,7,24.5,AH0,244,18.1619625,Night,F,L,A,MYSE
151.909,8443,6/3/2015,5/31/2015,23:46:43,7,24.5,AH0,242,18.1619625,Night,F,L,A,MYSE
151.909,8443,6/3/2015,5/31/2015,23:46:45,7,24.5,AH0,244,18.1619625,Night,F,L,A,MYSE
151.909,8443,6/3/2015,5/31/2015,23:46:48,7,24.5,AH0,244,18.1619625,Night,F,L,A,MYSE
151.909,8443,6/3/2015,5/27/2015,23:47:00,7,31.5,AH0,66,34.8011375,Night,F,L,A,MYSE
151.909,8443,6/3/2015,5/27/2015,23:47:02,7,31.5,AH0,71,34.8011375,Night,F,L,A,MYSE
151.909,8443,6/3/2015,5/31/2015,23:47:02,7,24.5,AH0,244,18.1619625,Night,F,L,A,MYSE
151.909,8443,6/3/2015,5/27/2015,23:47:04,7,31.5,AH0,67,34.8011375,Night,F,L,A,MYSE
151.909,8443,6/3/2015,5/31/2015,23:47:05,7,24.5,AH0,244,18.1619625,Night,F,L,A,MYSE
151.909,8443,6/3/2015,5/31/2015,23:47:07,7,24.5,AH0,244,18.1619625,Night,F,L,A,MYSE
151.909,8443,6/3/2015,5/27/2015,23:47:17,7,31.6,AH0,81,34.9380768,Night,F,L,A,MYSE
151.909,8443,6/3/2015,5/27/2015,23:47:19,7,31.6,AH0,78,34.9380768,Night,F,L,A,MYSE
151.909,8443,6/3/2015,5/27/2015,23:47:21,7,31.6,AH0,78,34.9380768,Night,F,L,A,MYSE
151.909,8443,6/3/2015,5/31/2015,23:47:22,7,24.5,AH0,244,18.1619625,Night,F,L,A,MYSE
151.909,8443,6/3/2015,5/27/2015,23:47:23,7,31.6,AH0,82,34.9380768,Night,F,L,A,MYSE
151.909,8443,6/3/2015,5/31/2015,23:47:24,7,24.4,AH0,246,17.8066272,Night,F,L,A,MYSE
151.909,8443,6/3/2015,5/31/2015,23:47:27,7,24.4,AH0,245,17.8066272,Night,F,L,A,MYSE
151.909,8443,6/3/2015,5/27/2015,23:47:38,7,32,AH0,104,35.4624,Night,F,L,A,MYSE
151.909,8443,6/3/2015,5/27/2015,23:47:40,7,31.8,AH0,66,35.2048856,Night,F,L,A,MYSE
151.909,8443,6/3/2015,5/27/2015,23:47:42,7,31.9,AH0,126,35.3347947,Night,F,L,A,MYSE
151.909,8443,6/3/2015,5/31/2015,23:47:42,7,24.4,AH0,243,17.8066272,Night,F,L,A,MYSE
151.909,8443,6/3/2015,5/31/2015,23:47:44,7,24.4,AH0,241,17.8066272,Night,F,L,A,MYSE
151.909,8443,6/3/2015,5/31/2015,23:47:47,7,24.4,AH0,243,17.8066272,Night,F,L,A,MYSE
151.909,8443,6/3/2015,5/27/2015,23:48:01,7,10.7,AH0,85,-75.1748481,Night,F,L,A,MYSE
151.909,8443,6/3/2015,5/31/2015,23:48:01,7,24.4,AH0,246,17.8066272,Night,F,L,A,MYSE
151.909,8443,6/3/2015,5/27/2015,23:48:03,7,32.1,AH0,90,35.5877213,Night,F,L,A,MYSE
151.909,8443,6/3/2015,5/27/2015,23:48:04,7,31.9,AH0,56,35.3347947,Night,F,L,A,MYSE
151.909,8443,6/3/2015,5/31/2015,23:48:04,7,24.4,AH0,244,17.8066272,Night,F,L,A,MYSE
151.909,8443,6/3/2015,5/31/2015,23:48:06,7,24.4,AH0,243,17.8066272,Night,F,L,A,MYSE
151.909,8443,6/3/2015,5/27/2015,23:48:18,7,32.4,AH0,97,35.9501792,Night,F,L,A,MYSE
151.909,8443,6/3/2015,5/27/2015,23:48:21,7,16.1,AH0,83,-26.7805827,Night,F,L,A,MYSE
151.909,8443,6/3/2015,5/31/2015,23:48:21,7,24.4,AH0,246,17.8066272,Night,F,L,A,MYSE
151.909,8443,6/3/2015,5/31/2015,23:48:23,7,24.4,AH0,243,17.8066272,Night,F,L,A,MYSE
151.909,8443,6/3/2015,5/31/2015,23:48:26,7,24.4,AH0,245,17.8066272,Night,F,L,A,MYSE
151.909,8443,6/3/2015,5/27/2015,23:48:38,7,32.2,AH0,116,35.7107784,Night,F,L,A,MYSE
151.909,8443,6/3/2015,5/27/2015,23:48:40,7,32.2,AH0,165,35.7107784,Night,F,L,A,MYSE
151.909,8443,6/3/2015,5/31/2015,23:48:41,7,24.4,AH0,244,17.8066272,Night,F,L,A,MYSE
151.909,8443,6/3/2015,5/27/2015,23:48:42,7,32.2,AH0,114,35.7107784,Night,F,L,A,MYSE
151.909,8443,6/3/2015,5/31/2015,23:48:43,7,24.4,AH0,246,17.8066272,Night,F,L,A,MYSE
151.909,8443,6/3/2015,5/27/2015,23:48:44,7,32.2,AH0,177,35.7107784,Night,F,L,A,MYSE
151.909,8443,6/3/2015,5/31/2015,23:48:45,7,24.4,AH0,246,17.8066272,Night,F,L,A,MYSE
151.909,8443,6/3/2015,5/27/2015,23:48:57,7,31.8,AH0,182,35.2048856,Night,F,L,A,MYSE
151.909,8443,6/3/2015,5/27/2015,23:48:59,7,31.8,AH0,181,35.2048856,Night,F,L,A,MYSE
151.909,8443,6/3/2015,5/27/2015,23:49:01,7,31.8,AH0,181,35.2048856,Night,F,L,A,MYSE
151.909,8443,6/3/2015,5/27/2015,23:49:02,7,31.8,AH0,185,35.2048856,Night,F,L,A,MYSE
151.909,8443,6/3/2015,5/31/2015,23:49:03,7,24.4,AH0,246,17.8066272,Night,F,L,A,MYSE
151.909,8443,6/3/2015,5/27/2015,23:49:04,7,31.8,AH0,183,35.2048856,Night,F,L,A,MYSE
151.909,8443,6/3/2015,5/31/2015,23:49:05,7,24.4,AH0,246,17.8066272,Night,F,L,A,MYSE
151.909,8443,6/3/2015,5/31/2015,23:49:08,7,24.4,AH0,243,17.8066272,Night,F,L,A,MYSE
151.909,8443,6/3/2015,5/27/2015,23:49:18,7,31.7,AH0,161,35.0726529,Night,F,L,A,MYSE
151.909,8443,6/3/2015,5/27/2015,23:49:19,7,31.7,AH0,159,35.0726529,Night,F,L,A,MYSE
151.909,8443,6/3/2015,5/27/2015,23:49:21,7,31.7,AH0,187,35.0726529,Night,F,L,A,MYSE
151.909,8443,6/3/2015,5/31/2015,23:49:22,7,24.4,AH0,245,17.8066272,Night,F,L,A,MYSE
151.909,8443,6/3/2015,5/27/2015,23:49:23,7,31.7,AH0,179,35.0726529,Night,F,L,A,MYSE
151.909,8443,6/3/2015,5/31/2015,23:49:25,7,24.4,AH0,244,17.8066272,Night,F,L,A,MYSE
151.909,8443,6/3/2015,5/31/2015,23:49:27,7,24.4,AH0,245,17.8066272,Night,F,L,A,MYSE
151.909,8443,6/3/2015,5/27/2015,23:49:38,7,31.6,AH0,170,34.9380768,Night,F,L,A,MYSE
151.909,8443,6/3/2015,5/27/2015,23:49:40,7,31.6,AH0,173,34.9380768,Night,F,L,A,MYSE
151.909,8443,6/3/2015,5/27/2015,23:49:42,7,31.5,AH0,170,34.8011375,Night,F,L,A,MYSE
151.909,8443,6/3/2015,5/31/2015,23:49:42,7,24.4,AH0,245,17.8066272,Night,F,L,A,MYSE
151.909,8443,6/3/2015,5/27/2015,23:49:44,7,31.5,AH0,177,34.8011375,Night,F,L,A,MYSE
151.909,8443,6/3/2015,5/31/2015,23:49:44,7,24.4,AH0,243,17.8066272,Night,F,L,A,MYSE
151.909,8443,6/3/2015,5/31/2015,23:49:47,7,24.4,AH0,244,17.8066272,Night,F,L,A,MYSE
151.909,8443,6/3/2015,5/27/2015,23:49:58,7,31.4,AH0,171,34.6618152,Night,F,L,A,MYSE
151.909,8443,6/3/2015,5/27/2015,23:49:59,7,31.4,AH0,169,34.6618152,Night,F,L,A,MYSE
151.909,8443,6/3/2015,5/27/2015,23:50:01,7,31.3,AH0,170,34.5200901,Night,F,L,A,MYSE
151.909,8443,6/3/2015,5/31/2015,23:50:02,7,24.4,AH0,244,17.8066272,Night,F,L,A,MYSE
151.909,8443,6/3/2015,5/27/2015,23:50:03,7,31.3,AH0,169,34.5200901,Night,F,L,A,MYSE
151.909,8443,6/3/2015,5/31/2015,23:50:04,7,24.4,AH0,245,17.8066272,Night,F,L,A,MYSE
151.909,8443,6/3/2015,5/31/2015,23:50:07,7,24.4,AH0,245,17.8066272,Night,F,L,A,MYSE
151.909,8443,6/3/2015,5/27/2015,23:50:19,7,31.2,AH0,170,34.3759424,Night,F,L,A,MYSE
151.909,8443,6/3/2015,5/27/2015,23:50:21,7,31.2,AH0,170,34.3759424,Night,F,L,A,MYSE
151.909,8443,6/3/2015,5/31/2015,23:50:21,7,24.4,AH0,245,17.8066272,Night,F,L,A,MYSE
151.909,8443,6/3/2015,5/27/2015,23:50:22,7,31.2,AH0,169,34.3759424,Night,F,L,A,MYSE
151.909,8443,6/3/2015,5/27/2015,23:50:24,7,31.2,AH0,171,34.3759424,Night,F,L,A,MYSE
151.909,8443,6/3/2015,5/31/2015,23:50:24,7,24.4,AH0,244,17.8066272,Night,F,L,A,MYSE
151.909,8443,6/3/2015,5/31/2015,23:50:26,7,24.4,AH0,247,17.8066272,Night,F,L,A,MYSE
151.909,8443,6/3/2015,5/27/2015,23:50:38,7,31.1,AH0,175,34.2293523,Night,F,L,A,MYSE
151.909,8443,6/3/2015,5/27/2015,23:50:40,7,31.1,AH0,179,34.2293523,Night,F,L,A,MYSE
151.909,8443,6/3/2015,5/31/2015,23:50:41,7,24.4,AH0,244,17.8066272,Night,F,L,A,MYSE
151.909,8443,6/3/2015,5/27/2015,23:50:42,7,31.1,AH0,176,34.2293523,Night,F,L,A,MYSE
151.909,8443,6/3/2015,5/31/2015,23:50:43,7,24.4,AH0,245,17.8066272,Night,F,L,A,MYSE
151.909,8443,6/3/2015,5/27/2015,23:50:44,7,31.1,AH0,178,34.2293523,Night,F,L,A,MYSE
151.909,8443,6/3/2015,5/31/2015,23:50:46,7,24.4,AH0,247,17.8066272,Night,F,L,A,MYSE
151.909,8443,6/3/2015,5/27/2015,23:50:57,7,31,AH0,176,34.0803,Night,F,L,A,MYSE
151.909,8443,6/3/2015,5/27/2015,23:50:59,7,31,AH0,176,34.0803,Night,F,L,A,MYSE
151.909,8443,6/3/2015,5/27/2015,23:51:01,7,31,AH0,175,34.0803,Night,F,L,A,MYSE
151.909,8443,6/3/2015,5/31/2015,23:51:01,7,24.4,AH0,243,17.8066272,Night,F,L,A,MYSE
151.909,8443,6/3/2015,5/27/2015,23:51:03,7,31,AH0,174,34.0803,Night,F,L,A,MYSE
151.909,8443,6/3/2015,5/31/2015,23:51:03,7,24.4,AH0,244,17.8066272,Night,F,L,A,MYSE
151.909,8443,6/3/2015,5/31/2015,23:51:06,7,24.4,AH0,244,17.8066272,Night,F,L,A,MYSE
151.909,8443,6/3/2015,5/27/2015,23:51:19,7,30.8,AH0,175,33.7747296,Night,F,L,A,MYSE
151.909,8443,6/3/2015,5/31/2015,23:51:20,7,24.4,AH0,244,17.8066272,Night,F,L,A,MYSE
151.909,8443,6/3/2015,5/27/2015,23:51:21,7,30.8,AH0,171,33.7747296,Night,F,L,A,MYSE
151.909,8443,6/3/2015,5/27/2015,23:51:22,7,30.8,AH0,176,33.7747296,Night,F,L,A,MYSE
151.909,8443,6/3/2015,5/31/2015,23:51:23,7,24.4,AH0,244,17.8066272,Night,F,L,A,MYSE
151.909,8443,6/3/2015,5/27/2015,23:51:24,7,30.8,AH0,176,33.7747296,Night,F,L,A,MYSE
151.909,8443,6/3/2015,5/31/2015,23:51:25,7,24.4,AH0,245,17.8066272,Night,F,L,A,MYSE
151.909,8443,6/3/2015,5/31/2015,23:51:28,7,24.4,AH0,244,17.8066272,Night,F,L,A,MYSE
151.909,8443,6/3/2015,5/27/2015,23:51:38,7,30.7,AH0,182,33.6181719,Night,F,L,A,MYSE
151.909,8443,6/3/2015,5/27/2015,23:51:40,7,30.6,AH0,182,33.4590728,Night,F,L,A,MYSE
151.909,8443,6/3/2015,5/27/2015,23:51:42,7,30.6,AH0,179,33.4590728,Night,F,L,A,MYSE
151.909,8443,6/3/2015,5/31/2015,23:51:43,7,24.4,AH0,245,17.8066272,Night,F,L,A,MYSE
151.909,8443,6/3/2015,5/27/2015,23:51:44,7,30.6,AH0,182,33.4590728,Night,F,L,A,MYSE
151.909,8443,6/3/2015,5/31/2015,23:51:45,7,24.4,AH0,246,17.8066272,Night,F,L,A,MYSE
151.909,8443,6/3/2015,5/31/2015,23:51:47,7,24.4,AH0,246,17.8066272,Night,F,L,A,MYSE
151.909,8443,6/3/2015,5/27/2015,23:51:58,7,30.5,AH0,182,33.2974125,Night,F,L,A,MYSE
151.909,8443,6/3/2015,5/27/2015,23:52:00,7,30.5,AH0,177,33.2974125,Night,F,L,A,MYSE
151.909,8443,6/3/2015,5/27/2015,23:52:02,7,30.5,AH0,181,33.2974125,Night,F,L,A,MYSE
151.909,8443,6/3/2015,5/31/2015,23:52:02,7,24.4,AH0,243,17.8066272,Night,F,L,A,MYSE
151.909,8443,6/3/2015,5/27/2015,23:52:04,7,30.5,AH0,181,33.2974125,Night,F,L,A,MYSE
151.909,8443,6/3/2015,5/31/2015,23:52:05,7,24.4,AH0,244,17.8066272,Night,F,L,A,MYSE
151.909,8443,6/3/2015,5/31/2015,23:52:07,7,24.4,AH0,246,17.8066272,Night,F,L,A,MYSE
151.909,8443,6/3/2015,5/27/2015,23:52:17,7,30.3,AH0,181,32.9663291,Night,F,L,A,MYSE
151.909,8443,6/3/2015,5/27/2015,23:52:19,7,30.4,AH0,179,33.1331712,Night,F,L,A,MYSE
151.909,8443,6/3/2015,5/27/2015,23:52:21,7,30.3,AH0,181,32.9663291,Night,F,L,A,MYSE
151.909,8443,6/3/2015,5/31/2015,23:52:22,7,24.4,AH0,245,17.8066272,Night,F,L,A,MYSE
151.909,8443,6/3/2015,5/27/2015,23:52:23,7,30.3,AH0,183,32.9663291,Night,F,L,A,MYSE
151.909,8443,6/3/2015,5/31/2015,23:52:24,7,24.4,AH0,245,17.8066272,Night,F,L,A,MYSE
151.909,8443,6/3/2015,5/31/2015,23:52:27,7,24.4,AH0,245,17.8066272,Night,F,L,A,MYSE
151.909,8443,6/3/2015,5/27/2015,23:52:37,7,30.2,AH0,177,32.7968664,Night,F,L,A,MYSE
151.909,8443,6/3/2015,5/27/2015,23:52:39,7,30.2,AH0,172,32.7968664,Night,F,L,A,MYSE
151.909,8443,6/3/2015,5/27/2015,23:52:41,7,30.2,AH0,175,32.7968664,Night,F,L,A,MYSE
151.909,8443,6/3/2015,5/31/2015,23:52:42,7,24.4,AH0,245,17.8066272,Night,F,L,A,MYSE
151.909,8443,6/3/2015,5/27/2015,23:52:43,7,30.2,AH0,175,32.7968664,Night,F,L,A,MYSE
151.909,8443,6/3/2015,5/31/2015,23:52:44,7,24.4,AH0,245,17.8066272,Night,F,L,A,MYSE
151.909,8443,6/3/2015,5/31/2015,23:52:46,7,24.4,AH0,246,17.8066272,Night,F,L,A,MYSE
151.909,8443,6/3/2015,5/27/2015,23:52:57,7,30.1,AH0,173,32.6247633,Night,F,L,A,MYSE
151.909,8443,6/3/2015,5/27/2015,23:52:59,7,30.1,AH0,171,32.6247633,Night,F,L,A,MYSE
151.909,8443,6/3/2015,5/27/2015,23:53:01,7,30.1,AH0,169,32.6247633,Night,F,L,A,MYSE
151.909,8443,6/3/2015,5/31/2015,23:53:01,7,24.4,AH0,245,17.8066272,Night,F,L,A,MYSE
151.909,8443,6/3/2015,5/27/2015,23:53:03,7,30.1,AH0,167,32.6247633,Night,F,L,A,MYSE
151.909,8443,6/3/2015,5/31/2015,23:53:04,7,24.4,AH0,245,17.8066272,Night,F,L,A,MYSE
151.909,8443,6/3/2015,5/31/2015,23:53:06,7,24.4,AH0,245,17.8066272,Night,F,L,A,MYSE
151.909,8443,6/3/2015,5/27/2015,23:53:17,7,30,AH0,174,32.45,Night,F,L,A,MYSE
151.909,8443,6/3/2015,5/27/2015,23:53:19,7,30,AH0,173,32.45,Night,F,L,A,MYSE
151.909,8443,6/3/2015,5/27/2015,23:53:21,7,30,AH0,171,32.45,Night,F,L,A,MYSE
151.909,8443,6/3/2015,5/31/2015,23:53:21,7,24.4,AH0,245,17.8066272,Night,F,L,A,MYSE
151.909,8443,6/3/2015,5/27/2015,23:53:23,7,30,AH0,175,32.45,Night,F,L,A,MYSE
151.909,8443,6/3/2015,5/31/2015,23:53:23,7,24.4,AH0,245,17.8066272,Night,F,L,A,MYSE
151.909,8443,6/3/2015,5/31/2015,23:53:26,7,24.4,AH0,244,17.8066272,Night,F,L,A,MYSE
151.909,8443,6/3/2015,5/27/2015,23:53:37,7,30,AH0,171,32.45,Night,F,L,A,MYSE
151.909,8443,6/3/2015,5/27/2015,23:53:39,7,30,AH0,171,32.45,Night,F,L,A,MYSE
151.909,8443,6/3/2015,5/31/2015,23:53:40,7,24.4,AH0,245,17.8066272,Night,F,L,A,MYSE
151.909,8443,6/3/2015,5/27/2015,23:53:41,7,30,AH0,170,32.45,Night,F,L,A,MYSE
151.909,8443,6/3/2015,5/27/2015,23:53:43,7,30,AH0,172,32.45,Night,F,L,A,MYSE
151.909,8443,6/3/2015,5/31/2015,23:53:43,7,24.5,AH0,243,18.1619625,Night,F,L,A,MYSE
151.909,8443,6/3/2015,5/31/2015,23:53:45,7,24.4,AH0,242,17.8066272,Night,F,L,A,MYSE
151.909,8443,6/3/2015,5/27/2015,23:53:57,7,30,AH0,174,32.45,Night,F,L,A,MYSE
151.909,8443,6/3/2015,5/27/2015,23:53:59,7,30,AH0,171,32.45,Night,F,L,A,MYSE
151.909,8443,6/3/2015,5/27/2015,23:54:01,7,30,AH0,174,32.45,Night,F,L,A,MYSE
151.909,8443,6/3/2015,5/27/2015,23:54:03,7,30,AH0,170,32.45,Night,F,L,A,MYSE
151.909,8443,6/3/2015,5/31/2015,23:54:03,7,24.5,AH0,243,18.1619625,Night,F,L,A,MYSE
151.909,8443,6/3/2015,5/31/2015,23:54:05,7,24.5,AH0,248,18.1619625,Night,F,L,A,MYSE
151.909,8443,6/3/2015,5/31/2015,23:54:07,7,24.5,AH0,246,18.1619625,Night,F,L,A,MYSE
151.909,8443,6/3/2015,5/27/2015,23:54:17,7,30,AH0,171,32.45,Night,F,L,A,MYSE
151.909,8443,6/3/2015,5/27/2015,23:54:19,7,30,AH0,176,32.45,Night,F,L,A,MYSE
151.909,8443,6/3/2015,5/27/2015,23:54:21,7,30,AH0,172,32.45,Night,F,L,A,MYSE
151.909,8443,6/3/2015,5/31/2015,23:54:22,7,24.5,AH0,246,18.1619625,Night,F,L,A,MYSE
151.909,8443,6/3/2015,5/27/2015,23:54:23,7,30,AH0,171,32.45,Night,F,L,A,MYSE
151.909,8443,6/3/2015,5/31/2015,23:54:25,7,24.5,AH0,244,18.1619625,Night,F,L,A,MYSE
151.909,8443,6/3/2015,5/31/2015,23:54:27,7,24.5,AH0,246,18.1619625,Night,F,L,A,MYSE
151.909,8443,6/3/2015,5/27/2015,23:54:37,7,30,AH0,172,32.45,Night,F,L,A,MYSE
151.909,8443,6/3/2015,5/27/2015,23:54:39,7,30,AH0,173,32.45,Night,F,L,A,MYSE
151.909,8443,6/3/2015,5/27/2015,23:54:41,7,30,AH0,174,32.45,Night,F,L,A,MYSE
151.909,8443,6/3/2015,5/31/2015,23:54:42,7,24.5,AH0,246,18.1619625,Night,F,L,A,MYSE
151.909,8443,6/3/2015,5/27/2015,23:54:43,7,30,AH0,171,32.45,Night,F,L,A,MYSE
151.909,8443,6/3/2015,5/31/2015,23:54:44,7,24.5,AH0,244,18.1619625,Night,F,L,A,MYSE
151.909,8443,6/3/2015,5/31/2015,23:54:47,7,24.5,AH0,245,18.1619625,Night,F,L,A,MYSE
151.909,8443,6/3/2015,5/27/2015,23:54:57,7,30,AH0,174,32.45,Night,F,L,A,MYSE
151.909,8443,6/3/2015,5/27/2015,23:54:59,7,30,AH0,175,32.45,Night,F,L,A,MYSE
151.909,8443,6/3/2015,5/27/2015,23:55:01,7,30,AH0,172,32.45,Night,F,L,A,MYSE
151.909,8443,6/3/2015,5/31/2015,23:55:01,7,24.5,AH0,244,18.1619625,Night,F,L,A,MYSE
151.909,8443,6/3/2015,5/27/2015,23:55:03,7,30,AH0,171,32.45,Night,F,L,A,MYSE
151.909,8443,6/3/2015,5/31/2015,23:55:04,7,24.5,AH0,247,18.1619625,Night,F,L,A,MYSE
151.909,8443,6/3/2015,5/31/2015,23:55:06,7,24.5,AH0,245,18.1619625,Night,F,L,A,MYSE
151.909,8443,6/3/2015,5/27/2015,23:55:17,7,30,AH0,174,32.45,Night,F,L,A,MYSE
151.909,8443,6/3/2015,5/27/2015,23:55:19,7,30,AH0,172,32.45,Night,F,L,A,MYSE
151.909,8443,6/3/2015,5/27/2015,23:55:21,7,30,AH0,170,32.45,Night,F,L,A,MYSE
151.909,8443,6/3/2015,5/31/2015,23:55:21,7,24.5,AH0,244,18.1619625,Night,F,L,A,MYSE
151.909,8443,6/3/2015,5/27/2015,23:55:23,7,30,AH0,171,32.45,Night,F,L,A,MYSE
151.909,8443,6/3/2015,5/31/2015,23:55:23,7,24.5,AH0,246,18.1619625,Night,F,L,A,MYSE
151.909,8443,6/3/2015,5/31/2015,23:55:26,7,24.5,AH0,242,18.1619625,Night,F,L,A,MYSE
151.909,8443,6/3/2015,5/27/2015,23:55:37,7,29.9,AH0,170,32.2725567,Night,F,L,A,MYSE
151.909,8443,6/3/2015,5/27/2015,23:55:39,7,30,AH0,172,32.45,Night,F,L,A,MYSE
151.909,8443,6/3/2015,5/27/2015,23:55:41,7,29.9,AH0,171,32.2725567,Night,F,L,A,MYSE
151.909,8443,6/3/2015,5/31/2015,23:55:41,7,24.5,AH0,246,18.1619625,Night,F,L,A,MYSE
151.909,8443,6/3/2015,5/27/2015,23:55:43,7,29.9,AH0,174,32.2725567,Night,F,L,A,MYSE
151.909,8443,6/3/2015,5/31/2015,23:55:43,7,24.5,AH0,246,18.1619625,Night,F,L,A,MYSE
151.909,8443,6/3/2015,5/31/2015,23:55:46,7,24.5,AH0,244,18.1619625,Night,F,L,A,MYSE
151.909,8443,6/3/2015,5/27/2015,23:55:57,7,29.9,AH0,169,32.2725567,Night,F,L,A,MYSE
151.909,8443,6/3/2015,5/27/2015,23:55:59,7,29.9,AH0,171,32.2725567,Night,F,L,A,MYSE
151.909,8443,6/3/2015,5/31/2015,23:56:00,7,24.5,AH0,245,18.1619625,Night,F,L,A,MYSE
151.909,8443,6/3/2015,5/27/2015,23:56:01,7,29.9,AH0,171,32.2725567,Night,F,L,A,MYSE
151.909,8443,6/3/2015,5/27/2015,23:56:03,7,29.9,AH0,173,32.2725567,Night,F,L,A,MYSE
151.909,8443,6/3/2015,5/31/2015,23:56:03,7,24.5,AH0,243,18.1619625,Night,F,L,A,MYSE
151.909,8443,6/3/2015,5/31/2015,23:56:05,7,24.5,AH0,244,18.1619625,Night,F,L,A,MYSE
151.909,8443,6/3/2015,5/31/2015,23:56:08,7,24.5,AH0,244,18.1619625,Night,F,L,A,MYSE
151.909,8443,6/3/2015,5/27/2015,23:56:17,7,29.8,AH0,169,32.0924136,Night,F,L,A,MYSE
151.909,8443,6/3/2015,5/27/2015,23:56:19,7,29.8,AH0,171,32.0924136,Night,F,L,A,MYSE
151.909,8443,6/3/2015,5/27/2015,23:56:21,7,29.8,AH0,169,32.0924136,Night,F,L,A,MYSE
151.909,8443,6/3/2015,5/31/2015,23:56:22,7,24.5,AH0,246,18.1619625,Night,F,L,A,MYSE
151.909,8443,6/3/2015,5/27/2015,23:56:23,7,29.8,AH0,172,32.0924136,Night,F,L,A,MYSE
151.909,8443,6/3/2015,5/31/2015,23:56:25,7,24.5,AH0,246,18.1619625,Night,F,L,A,MYSE
151.909,8443,6/3/2015,5/31/2015,23:56:27,7,24.5,AH0,243,18.1619625,Night,F,L,A,MYSE
151.909,8443,6/3/2015,5/27/2015,23:56:37,7,29.8,AH0,168,32.0924136,Night,F,L,A,MYSE
151.909,8443,6/3/2015,5/27/2015,23:56:39,7,29.8,AH0,170,32.0924136,Night,F,L,A,MYSE
151.909,8443,6/3/2015,5/27/2015,23:56:41,7,29.7,AH0,170,31.9095509,Night,F,L,A,MYSE
151.909,8443,6/3/2015,5/31/2015,23:56:42,7,24.5,AH0,246,18.1619625,Night,F,L,A,MYSE
151.909,8443,6/3/2015,5/27/2015,23:56:44,7,29.7,AH0,170,31.9095509,Night,F,L,A,MYSE
151.909,8443,6/3/2015,5/31/2015,23:56:44,7,24.5,AH0,244,18.1619625,Night,F,L,A,MYSE
151.909,8443,6/3/2015,5/31/2015,23:56:47,7,24.5,AH0,247,18.1619625,Night,F,L,A,MYSE
151.909,8443,6/3/2015,5/27/2015,23:56:58,7,29.7,AH0,167,31.9095509,Night,F,L,A,MYSE
151.909,8443,6/3/2015,5/27/2015,23:57:00,7,29.7,AH0,166,31.9095509,Night,F,L,A,MYSE
151.909,8443,6/3/2015,5/31/2015,23:57:01,7,24.5,AH0,247,18.1619625,Night,F,L,A,MYSE
151.909,8443,6/3/2015,5/27/2015,23:57:02,7,29.7,AH0,168,31.9095509,Night,F,L,A,MYSE
151.909,8443,6/3/2015,5/27/2015,23:57:04,7,29.7,AH0,168,31.9095509,Night,F,L,A,MYSE
151.909,8443,6/3/2015,5/31/2015,23:57:04,7,24.5,AH0,243,18.1619625,Night,F,L,A,MYSE
151.909,8443,6/3/2015,5/31/2015,23:57:06,7,24.5,AH0,246,18.1619625,Night,F,L,A,MYSE
151.909,8443,6/3/2015,5/27/2015,23:57:18,7,29.7,AH0,173,31.9095509,Night,F,L,A,MYSE
151.909,8443,6/3/2015,5/27/2015,23:57:20,7,29.7,AH0,170,31.9095509,Night,F,L,A,MYSE
151.909,8443,6/3/2015,5/31/2015,23:57:21,7,24.5,AH0,244,18.1619625,Night,F,L,A,MYSE
151.909,8443,6/3/2015,5/27/2015,23:57:22,7,29.7,AH0,174,31.9095509,Night,F,L,A,MYSE
151.909,8443,6/3/2015,5/27/2015,23:57:24,7,29.7,AH0,173,31.9095509,Night,F,L,A,MYSE
151.909,8443,6/3/2015,5/31/2015,23:57:24,7,24.5,AH0,244,18.1619625,Night,F,L,A,MYSE
151.909,8443,6/3/2015,5/31/2015,23:57:26,7,24.5,AH0,246,18.1619625,Night,F,L,A,MYSE
151.909,8443,6/3/2015,5/27/2015,23:57:38,7,29.6,AH0,170,31.7239488,Night,F,L,A,MYSE
151.909,8443,6/3/2015,5/27/2015,23:57:40,7,29.6,AH0,170,31.7239488,Night,F,L,A,MYSE
151.909,8443,6/3/2015,5/31/2015,23:57:41,7,24.5,AH0,242,18.1619625,Night,F,L,A,MYSE
151.909,8443,6/3/2015,5/27/2015,23:57:42,7,29.6,AH0,171,31.7239488,Night,F,L,A,MYSE
151.909,8443,6/3/2015,5/31/2015,23:57:43,7,24.5,AH0,246,18.1619625,Night,F,L,A,MYSE
151.909,8443,6/3/2015,5/27/2015,23:57:44,7,29.6,AH0,174,31.7239488,Night,F,L,A,MYSE
151.909,8443,6/3/2015,5/31/2015,23:57:46,7,24.5,AH0,247,18.1619625,Night,F,L,A,MYSE
151.909,8443,6/3/2015,5/27/2015,23:57:58,7,29.6,AH0,168,31.7239488,Night,F,L,A,MYSE
151.909,8443,6/3/2015,5/27/2015,23:58:00,7,29.6,AH0,170,31.7239488,Night,F,L,A,MYSE
151.909,8443,6/3/2015,5/31/2015,23:58:00,7,24.5,AH0,244,18.1619625,Night,F,L,A,MYSE
151.909,8443,6/3/2015,5/27/2015,23:58:02,7,29.6,AH0,172,31.7239488,Night,F,L,A,MYSE
151.909,8443,6/3/2015,5/31/2015,23:58:03,7,24.5,AH0,244,18.1619625,Night,F,L,A,MYSE
151.909,8443,6/3/2015,5/27/2015,23:58:04,7,29.5,AH0,167,31.5355875,Night,F,L,A,MYSE
151.909,8443,6/3/2015,5/31/2015,23:58:05,7,24.5,AH0,245,18.1619625,Night,F,L,A,MYSE
151.909,8443,6/3/2015,5/31/2015,23:58:08,7,24.5,AH0,247,18.1619625,Night,F,L,A,MYSE
151.909,8443,6/3/2015,5/27/2015,23:58:19,7,29.5,AH0,167,31.5355875,Night,F,L,A,MYSE
151.909,8443,6/3/2015,5/27/2015,23:58:21,7,29.5,AH0,172,31.5355875,Night,F,L,A,MYSE
151.909,8443,6/3/2015,5/31/2015,23:58:22,7,24.5,AH0,247,18.1619625,Night,F,L,A,MYSE
151.909,8443,6/3/2015,5/27/2015,23:58:23,7,29.5,AH0,166,31.5355875,Night,F,L,A,MYSE
151.909,8443,6/3/2015,5/31/2015,23:58:25,7,24.5,AH0,244,18.1619625,Night,F,L,A,MYSE
151.909,8443,6/3/2015,5/31/2015,23:58:27,7,24.5,AH0,246,18.1619625,Night,F,L,A,MYSE
151.909,8443,6/3/2015,5/27/2015,23:58:37,7,29.5,AH0,169,31.5355875,Night,F,L,A,MYSE
151.909,8443,6/3/2015,5/27/2015,23:58:39,7,29.5,AH0,167,31.5355875,Night,F,L,A,MYSE
151.909,8443,6/3/2015,5/27/2015,23:58:41,7,29.5,AH0,167,31.5355875,Night,F,L,A,MYSE
151.909,8443,6/3/2015,5/31/2015,23:58:42,7,24.5,AH0,245,18.1619625,Night,F,L,A,MYSE
151.909,8443,6/3/2015,5/27/2015,23:58:43,7,29.5,AH0,170,31.5355875,Night,F,L,A,MYSE
151.909,8443,6/3/2015,5/31/2015,23:58:44,7,24.5,AH0,243,18.1619625,Night,F,L,A,MYSE
151.909,8443,6/3/2015,5/31/2015,23:58:47,7,24.5,AH0,244,18.1619625,Night,F,L,A,MYSE
151.909,8443,6/3/2015,5/27/2015,23:58:57,7,29.5,AH0,171,31.5355875,Night,F,L,A,MYSE
151.909,8443,6/3/2015,5/27/2015,23:58:59,7,29.5,AH0,169,31.5355875,Night,F,L,A,MYSE
151.909,8443,6/3/2015,5/27/2015,23:59:01,7,29.5,AH0,169,31.5355875,Night,F,L,A,MYSE
151.909,8443,6/3/2015,5/31/2015,23:59:02,7,24.5,AH0,244,18.1619625,Night,F,L,A,MYSE
151.909,8443,6/3/2015,5/27/2015,23:59:03,7,29.5,AH0,168,31.5355875,Night,F,L,A,MYSE
151.909,8443,6/3/2015,5/31/2015,23:59:04,7,24.5,AH0,246,18.1619625,Night,F,L,A,MYSE
151.909,8443,6/3/2015,5/31/2015,23:59:06,7,24.5,AH0,247,18.1619625,Night,F,L,A,MYSE
151.909,8443,6/3/2015,5/27/2015,23:59:18,7,29.5,AH0,162,31.5355875,Night,F,L,A,MYSE
151.909,8443,6/3/2015,5/27/2015,23:59:20,7,29.5,AH0,164,31.5355875,Night,F,L,A,MYSE
151.909,8443,6/3/2015,5/31/2015,23:59:21,7,24.5,AH0,242,18.1619625,Night,F,L,A,MYSE
151.909,8443,6/3/2015,5/27/2015,23:59:22,7,29.5,AH0,160,31.5355875,Night,F,L,A,MYSE
151.909,8443,6/3/2015,5/27/2015,23:59:24,7,29.6,AH0,164,31.7239488,Night,F,L,A,MYSE
151.909,8443,6/3/2015,5/31/2015,23:59:24,7,24.5,AH0,243,18.1619625,Night,F,L,A,MYSE
151.909,8443,6/3/2015,5/31/2015,23:59:26,7,24.5,AH0,245,18.1619625,Night,F,L,A,MYSE
151.909,8443,6/3/2015,5/27/2015,23:59:38,7,29.6,AH0,166,31.7239488,Night,F,L,A,MYSE
151.909,8443,6/3/2015,5/27/2015,23:59:40,7,29.6,AH0,163,31.7239488,Night,F,L,A,MYSE
151.909,8443,6/3/2015,5/31/2015,23:59:41,7,24.5,AH0,245,18.1619625,Night,F,L,A,MYSE
151.909,8443,6/3/2015,5/27/2015,23:59:42,7,29.6,AH0,166,31.7239488,Night,F,L,A,MYSE
151.909,8443,6/3/2015,5/31/2015,23:59:43,7,24.5,AH0,245,18.1619625,Night,F,L,A,MYSE
151.909,8443,6/3/2015,5/27/2015,23:59:44,7,29.6,AH0,167,31.7239488,Night,F,L,A,MYSE
151.909,8443,6/3/2015,5/31/2015,23:59:46,7,24.5,AH0,246,18.1619625,Night,F,L,A,MYSE
151.909,8443,6/3/2015,5/27/2015,23:59:58,7,29.6,AH0,165,31.7239488,Night,F,L,A,MYSE
